ave_fitness	ave_genome_length	ave_tree_depth	ave_tree_nodes	ave_used_codons	best_fitness	gen	invalids	max_genome_length	max_tree_depth	max_tree_nodes	max_used_codons	min_genome_length	min_tree_depth	min_tree_nodes	min_used_codons	runtime_error	time_adjust	time_taken	total_inds	total_time	unique_inds	unused_search	
1.9448884337685434e+29	101.9	6.54	131.66	68.1	80.97103873193889	0	0	180	10	232	120	22	3	29	15	23	0	1.9217443466186523	50	1.9217443466186523	27	46.0	
3.3036218861515027e+37	47.44	4.119047619047619	61.45238095238095	31.785714285714285	77.6479142697239	1	8	90	6.0	116.0	60.0	22	3.0	29.0	15.0	29	0	0.03124713897705078	100	1.9529914855957031	62	38.0	
2.8630129729052913e+37	48.4	3.7777777777777777	51.55555555555556	26.666666666666668	77.64791426651809	2	14	90	6.0	116.0	60.0	22	3.0	29.0	15.0	33	0	0.015623331069946289	150	1.9686148166656494	93	38.0	
9.777641739159305e+21	52.04	3.82	52.78	27.3	73.55015171659574	3	14	67	6	116	60	45	3	29	15	38	0	0.015624284744262695	200	1.984239101409912	133	33.5	
686749532.618668	47.64	3.7708333333333335	51.354166666666664	26.5625	60.337404643833274	4	16	67	5.0	87.0	45.0	45	3.0	29.0	15.0	41	0	0.015623807907104492	250	1.9998629093170166	171	31.599999999999994	
49107.603038522604	48.52	3.9375	56.1875	29.0625	60.337402756992596	5	18	67	4.0	58.0	30.0	45	3.0	29.0	15.0	49	0	0.015624284744262695	300	2.0154871940612793	207	31.0	
21512.94132537649	47.64	3.979591836734694	57.40816326530612	29.693877551020407	59.3215790682655	6	19	67	5.0	87.0	45.0	45	3.0	29.0	15.0	58	0	0.015624284744262695	350	2.031111478805542	246	29.714285714285722	
649327844.5064601	46.32	3.836734693877551	53.265306122448976	27.551020408163264	59.32157717378887	7	20	67	4.0	58.0	30.0	45	3.0	29.0	15.0	66	0	0.031247854232788086	400	2.06235933303833	280	30.0	
165969071.89132482	46.32	3.82	52.78	27.3	59.32157717378887	8	20	67	4	58	30	45	3	29	15	71	0	0.03124713897705078	450	2.093606472015381	321	28.666666666666657	
309945753.9901721	45.0	3.836734693877551	53.265306122448976	27.551020408163264	58.832483744201475	9	21	45	4.0	58.0	30.0	45	3.0	29.0	15.0	78	0	0.03124856948852539	500	2.1248550415039062	361	27.799999999999997	
5987454296.7627735	45.0	3.979591836734694	57.40816326530612	29.693877551020407	50.28728603194257	10	22	45	5.0	87.0	45.0	45	3.0	29.0	15.0	81	0	0.031246423721313477	550	2.1561014652252197	403	26.72727272727272	
18259877544.17487	45.0	4.061224489795919	59.775510204081634	30.918367346938776	33.655871589643645	11	24	45	5.0	87.0	45.0	45	4.0	58.0	30.0	84	0	0.015624046325683594	600	2.1717255115509033	443	26.16666666666667	
136258.91279728906	45.0	3.94	56.26	29.1	28.2692102947164	12	24	45	5	87	45	45	3	29	15	88	0	0.0312497615814209	650	2.202975273132324	484	25.538461538461547	
162407896.90783745	45.0	4.04	59.16	30.6	28.2692102947164	13	24	45	5	87	45	45	4	58	30	94	0	0.031246185302734375	700	2.2342214584350586	526	24.85714285714286	
312664.5202437564	45.0	4.02	58.58	30.3	28.2692102947164	14	24	45	5	87	45	45	3	29	15	99	0	0.031248092651367188	750	2.265469551086426	571	23.866666666666674	
1.823009787247526e+21	45.0	4.06	59.74	30.9	25.85796025866996	15	24	45	5	87	45	45	3	29	15	105	0	0.031247615814208984	800	2.2967171669006348	611	23.625	
2227503574.9847302	45.0	3.96	56.84	29.4	25.77910815510929	16	24	45	5	87	45	45	3	29	15	112	0	0.015624046325683594	850	2.3123412132263184	650	23.529411764705884	
167969585.7133919	45.0	3.92	55.68	28.8	24.173499169975205	17	24	45	4	58	30	45	3	29	15	117	0	0.031248092651367188	900	2.3435893058776855	694	22.888888888888886	
4.64628749529784e+20	45.0	4.0	58.0	30.0	23.664269981671666	18	24	45	5	87	45	45	3	29	15	118	0	0.031247615814208984	950	2.3748369216918945	738	22.315789473684205	
1175854986104.7732	45.0	4.04	59.16	30.6	23.648268712016087	19	24	45	5	87	45	45	3	29	15	119	0	0.031249046325683594	1000	2.406085968017578	781	21.89999999999999	
2122838744870495.2	45.0	4.06	59.74	30.9	23.377306549225345	20	24	45	5	87	45	45	3	29	15	123	0	0.031247377395629883	1050	2.437333345413208	825	21.42857142857143	
90014.9829922036	45.0	4.020408163265306	58.59183673469388	30.306122448979593	22.76418521846152	21	25	45	5.0	87.0	45.0	45	3.0	29.0	15.0	128	0	0.03124713897705078	1100	2.468580484390259	866	21.27272727272728	
3.02606782405018e+16	45.0	4.22	64.38	33.3	21.814468650248564	22	26	45	5	87	45	45	3	29	15	133	0	0.031248092651367188	1150	2.499828577041626	908	21.043478260869563	
642144.5492772119	45.0	4.54	73.66	38.1	21.814468650248564	23	26	45	5	87	45	45	4	58	30	138	0	0.015624284744262695	1200	2.5154528617858887	953	20.58333333333333	
5595259.91178302	45.0	4.5625	74.3125	38.4375	21.814468650248564	24	28	45	5.0	87.0	45.0	45	3.0	29.0	15.0	141	0	0.03124833106994629	1250	2.546701192855835	998	20.159999999999997	
11585322.833024615	45.0	4.918367346938775	84.63265306122449	43.775510204081634	21.77628752582034	25	29	45	5.0	87.0	45.0	45	4.0	58.0	30.0	147	0	0.031247854232788086	1300	2.577949047088623	1041	19.92307692307692	
4.1774595277549214e+30	45.0	4.8	81.2	42.0	21.69262696079988	26	29	45	5	87	45	45	3	29	15	152	0	0.015623331069946289	1350	2.5935723781585693	1085	19.629629629629633	
1.7735673111510706e+23	45.0	4.666666666666667	77.33333333333333	40.0	21.69262696079988	27	31	45	5.0	87.0	45.0	45	3.0	29.0	15.0	155	0	0.031249046325683594	1400	2.624821424484253	1130	19.285714285714278	
2451752.417973342	45.0	4.959183673469388	85.81632653061224	44.38775510204081	21.619677345706997	28	32	45	5.0	87.0	45.0	45	4.0	58.0	30.0	162	0	0.04687023162841797	1450	2.671691656112671	1172	19.172413793103445	
2.162940697872194e+16	45.0	4.8936170212765955	83.91489361702128	43.40425531914894	21.619677345706997	29	36	45	5.0	87.0	45.0	45	3.0	29.0	15.0	166	0	0.0312497615814209	1500	2.702941417694092	1214	19.066666666666663	
3774631896.571903	45.0	4.958333333333333	85.79166666666667	44.375	21.60491982778928	30	38	45	5.0	87.0	45.0	45	4.0	58.0	30.0	174	0	0.04687070846557617	1550	2.749812126159668	1254	19.096774193548384	
612112593.8954501	45.0	4.869565217391305	83.21739130434783	43.04347826086956	21.537255226223543	31	43	45	5.0	87.0	45.0	45	3.0	29.0	15.0	179	0	0.04687190055847168	1600	2.7966840267181396	1294	19.125	
2774561.4303049156	45.0	4.804347826086956	81.32608695652173	42.06521739130435	21.476052119772472	32	48	45	5.0	87.0	45.0	45	3.0	29.0	15.0	185	0	0.03124833106994629	1650	2.827932357788086	1333	19.212121212121218	
777834.0051610533	45.0	4.826086956521739	81.95652173913044	42.391304347826086	21.476052119772472	33	52	45	5.0	87.0	45.0	45	3.0	29.0	15.0	187	0	0.031248092651367188	1700	2.859180450439453	1376	19.058823529411768	
873316.8246925873	45.0	4.76595744680851	80.2127659574468	41.48936170212766	21.337858361899773	34	55	45	5.0	87.0	45.0	45	3.0	29.0	15.0	194	0	0.03124856948852539	1750	2.8904290199279785	1414	19.19999999999999	
321357.2746874116	45.0	4.62	75.98	39.3	21.337858361899773	35	56	45	5	87	45	45	3	29	15	201	0	0.015622138977050781	1800	2.9060511589050293	1455	19.16666666666667	
449542944.79779005	45.0	4.64	76.56	39.6	21.337858361899773	36	57	45	5	87	45	45	3	29	15	204	0	0.04687190055847168	1850	2.952923059463501	1498	19.02702702702703	
30629854.00472085	45.0	4.62	75.98	39.3	21.337858361899773	37	58	45	5	87	45	45	3	29	15	206	0	0.031247615814208984	1900	2.98417067527771	1544	18.736842105263165	
4.4655478723916824e+30	45.0	4.729166666666667	79.14583333333333	40.9375	21.321714842532305	38	60	45	5.0	87.0	45.0	45	3.0	29.0	15.0	208	0	0.03124856948852539	1950	3.0154192447662354	1589	18.51282051282051	
389676.4825077678	45.0	4.833333333333333	82.16666666666667	42.5	21.161474118153915	39	62	45	5.0	87.0	45.0	45	3.0	29.0	15.0	214	0	0.015622854232788086	2000	3.0310420989990234	1630	18.5	
7.864238139556255e+18	45.0	4.84	82.36	42.6	21.161474116186703	40	62	45	5	87	45	45	3	29	15	222	0	0.031247615814208984	2050	3.0622897148132324	1672	18.4390243902439	
1412058629371.707	45.0	4.617021276595745	75.8936170212766	39.255319148936174	21.161474116186703	41	65	45	5.0	87.0	45.0	45	3.0	29.0	15.0	225	0	0.031249046325683594	2100	3.093538761138916	1716	18.285714285714278	
4.270291668250556e+38	45.0	4.666666666666667	77.33333333333333	40.0	21.161474116186703	42	67	45	5.0	87.0	45.0	45	3.0	29.0	15.0	229	0	0.03124856948852539	2150	3.1247873306274414	1758	18.232558139534888	
212829663.32629418	45.0	4.645833333333333	76.72916666666667	39.6875	21.161474116186703	43	69	45	5.0	87.0	45.0	45	3.0	29.0	15.0	232	0	0.04687094688415527	2200	3.1716582775115967	1802	18.090909090909093	
16972498.236176938	45.0	4.66	77.14	39.9	21.161474116186703	44	69	45	5	87	45	45	3	29	15	236	0	0.03124833106994629	2250	3.202906608581543	1843	18.08888888888889	
1716027584796539.2	45.0	4.833333333333333	82.16666666666667	42.5	21.161474116186703	45	71	45	5.0	87.0	45.0	45	3.0	29.0	15.0	242	0	0.031248092651367188	2300	3.23415470123291	1884	18.086956521739125	
7.388168002430947e+38	45.0	4.775510204081633	80.48979591836735	41.63265306122449	21.161474116186703	46	73	45	5.0	87.0	45.0	45	3.0	29.0	15.0	249	0	0.031248092651367188	2350	3.2654027938842773	1924	18.127659574468083	
1439867332753.3306	45.0	4.791666666666667	80.95833333333333	41.875	21.161473972608896	47	75	45	5.0	87.0	45.0	45	3.0	29.0	15.0	252	0	0.04687213897705078	2400	3.312274932861328	1967	18.04166666666667	
2.5161165217395495e+19	45.0	4.854166666666667	82.77083333333333	42.8125	21.161473972608896	48	77	45	5.0	87.0	45.0	45	3.0	29.0	15.0	255	0	0.015623331069946289	2450	3.3278982639312744	2012	17.877551020408163	
2.8229600002048586e+19	45.0	4.857142857142857	82.85714285714286	42.857142857142854	21.11488165452299	49	78	45	5.0	87.0	45.0	45	3.0	29.0	15.0	264	0	0.031247615814208984	2500	3.3591458797454834	2051	17.959999999999994	
29446430826666.62	45.0	4.92	84.68	43.8	21.11488165452299	50	79	45	5	87	45	45	3	29	15	267	0	0.03124856948852539	2550	3.390394449234009	2096	17.803921568627445	
1858624994.134642	45.0	4.836734693877551	82.26530612244898	42.55102040816327	21.11488165452299	51	81	45	5.0	87.0	45.0	45	3.0	29.0	15.0	267	0	0.0312497615814209	2600	3.4216442108154297	2143	17.57692307692308	
1.491905284436308e+16	45.0	4.875	83.375	43.125	20.880927285137037	52	83	45	5.0	87.0	45.0	45	3.0	29.0	15.0	271	0	0.031245708465576172	2650	3.452889919281006	2185	17.547169811320757	
1.30868667362603e+30	45.0	4.782608695652174	80.69565217391305	41.73913043478261	20.880927285137037	53	88	45	5.0	87.0	45.0	45	3.0	29.0	15.0	273	0	0.04687309265136719	2700	3.499763011932373	2227	17.51851851851852	
248894279915.10156	45.0	4.755102040816326	79.89795918367346	41.326530612244895	20.86261027394974	54	89	45	5.0	87.0	45.0	45	3.0	29.0	15.0	281	0	0.031244516372680664	2750	3.5310075283050537	2267	17.563636363636363	
1.574183522727274e+27	45.0	4.6875	77.9375	40.3125	20.86261027394974	55	91	45	5.0	87.0	45.0	45	3.0	29.0	15.0	286	0	0.031247854232788086	2800	3.562255382537842	2309	17.535714285714292	
30680074.786387313	45.0	4.58	74.82	38.7	20.86261027394974	56	91	45	5	87	45	45	3	29	15	289	0	0.031249046325683594	2850	3.5935044288635254	2353	17.438596491228083	
30304345405.00548	45.0	4.708333333333333	78.54166666666667	40.625	20.86261027394974	57	93	45	5.0	87.0	45.0	45	3.0	29.0	15.0	292	0	0.03124856948852539	2900	3.624752998352051	2395	17.41379310344827	
1090891.5776385725	45.0	4.8936170212765955	83.91489361702128	43.40425531914894	20.86261027394974	58	96	45	5.0	87.0	45.0	45	3.0	29.0	15.0	296	0	0.031247854232788086	2950	3.656000852584839	2436	17.423728813559322	
1.5810419692617334e+29	45.0	4.808510638297872	81.44680851063829	42.12765957446808	20.862610062817932	59	99	45	5.0	87.0	45.0	45	3.0	29.0	15.0	302	0	0.015623807907104492	3000	3.6716246604919434	2475	17.5	
27631997.765302498	45.0	4.75	79.75	41.25	20.862610062817932	60	101	45	5.0	87.0	45.0	45	3.0	29.0	15.0	306	0	0.031247854232788086	3050	3.7028725147247314	2516	17.508196721311478	
6442653.097528549	45.0	4.8125	81.5625	42.1875	20.862610062817932	61	103	45	5.0	87.0	45.0	45	3.0	29.0	15.0	310	0	0.031248092651367188	3100	3.7341206073760986	2560	17.41935483870968	
157507592.53084144	45.0	4.723404255319149	78.97872340425532	40.851063829787236	20.862610062817932	62	106	45	5.0	87.0	45.0	45	3.0	29.0	15.0	316	0	0.031247615814208984	3150	3.7653682231903076	2601	17.42857142857143	
116941181246.78506	45.0	4.770833333333333	80.35416666666667	41.5625	20.66280062882556	63	108	45	5.0	87.0	45.0	45	3.0	29.0	15.0	321	0	0.046872854232788086	3200	3.8122410774230957	2643	17.40625	
3462636.8341788556	45.0	4.875	83.375	43.125	20.66280062882556	64	111	45	5.0	87.0	45.0	45	3.0	29.0	15.0	325	0	0.031245946884155273	3250	3.843487024307251	2686	17.35384615384615	
1.8120795088624515e+17	45.0	4.625	76.125	39.375	20.66280062882556	65	113	45	5.0	87.0	45.0	45	3.0	29.0	15.0	330	0	0.04687142372131348	3300	3.8903584480285645	2729	17.303030303030297	
372893823.1353414	45.0	4.63265306122449	76.34693877551021	39.48979591836735	19.030982933284697	66	115	45	5.0	87.0	45.0	45	3.0	29.0	15.0	331	0	0.03124856948852539	3350	3.92160701751709	2776	17.134328358208947	
2418259.816061246	45.0	4.5625	74.3125	38.4375	18.396670881408458	67	117	45	5.0	87.0	45.0	45	3.0	29.0	15.0	334	0	0.031247377395629883	3400	3.9528543949127197	2821	17.029411764705884	
67671184.52303405	45.0	4.375	68.875	35.625	18.396670881408458	68	119	45	5.0	87.0	45.0	45	3.0	29.0	15.0	336	0	0.015625	3450	3.9684793949127197	2864	16.985507246376812	
5.699713044087314e+18	45.0	4.3061224489795915	66.87755102040816	34.59183673469388	18.396670881408458	69	120	45	5.0	87.0	45.0	45	3.0	29.0	15.0	340	0	0.04687047004699707	3500	4.015349864959717	2907	16.94285714285715	
31343403.31206141	45.0	4.16	62.64	32.4	18.14957797304825	70	120	45	5	87	45	45	3	29	15	344	0	0.015624761581420898	3550	4.030974626541138	2948	16.957746478873233	
490545257.6020861	45.0	4.18	63.22	32.7	17.847277792255102	71	120	45	5	87	45	45	3	29	15	347	0	0.015624284744262695	3600	4.0465989112854	2992	16.888888888888886	
280620.0472467338	45.0	4.22	64.38	33.3	16.784603226027293	72	120	45	5	87	45	45	3	29	15	351	0	0.01562356948852539	3650	4.062222480773926	3034	16.876712328767113	
146780339.956965	45.0	4.28	66.12	34.2	16.784603226027293	73	120	45	5	87	45	45	3	29	15	353	0	0.031247377395629883	3700	4.093469858169556	3080	16.756756756756758	
200315.99305324786	45.0	4.408163265306122	69.83673469387755	36.12244897959184	16.784603226027293	74	121	45	5.0	87.0	45.0	45	3.0	29.0	15.0	356	0	0.046872615814208984	3750	4.140342473983765	3123	16.72	
536176.6739769503	45.0	4.326086956521739	67.45652173913044	34.891304347826086	16.784603226027293	75	125	45	5.0	87.0	45.0	45	3.0	29.0	15.0	359	0	0.01562356948852539	3800	4.15596604347229	3164	16.736842105263165	
868662.4196990525	45.0	4.12	61.48	31.8	16.784603226027293	76	125	45	5	87	45	45	3	29	15	366	0	0.04687094688415527	3850	4.202836990356445	3202	16.831168831168824	
467799603.6905568	45.0	4.04	59.16	30.6	16.784603226027293	77	125	45	5	87	45	45	3	29	15	368	0	0.03124856948852539	3900	4.234085559844971	3246	16.769230769230774	
268301.3080525142	45.0	3.98	57.42	29.7	16.784603226027293	78	125	45	5	87	45	45	3	29	15	372	0	0.01562356948852539	3950	4.249709129333496	3289	16.734177215189874	
5048519.269690389	45.0	3.94	56.26	29.1	16.686850989790226	79	125	45	5	87	45	45	3	29	15	375	0	0.015624046325683594	4000	4.26533317565918	3334	16.64999999999999	
444887784.1571284	45.0	3.94	56.26	29.1	16.686850989790226	80	125	45	5	87	45	45	3	29	15	376	0	0.031247854232788086	4050	4.296581029891968	3378	16.592592592592595	
2.1951072453032636e+19	45.0	4.04	59.16	30.6	15.944693177028523	81	125	45	5	87	45	45	4	58	30	377	0	0.0312502384185791	4100	4.327831268310547	3422	16.536585365853668	
166247528.56215823	45.0	4.0	58.0	30.0	15.944693177028523	82	125	45	4	58	30	45	4	58	30	382	0	0.01562190055847168	4150	4.3434531688690186	3460	16.626506024096386	
472854071.95215935	45.0	4.06	59.74	30.9	15.944693177028523	83	125	45	5	87	45	45	3	29	15	383	0	0.031247615814208984	4200	4.3747007846832275	3508	16.47619047619048	
939074863.9441773	45.0	3.96	56.84	29.4	15.443885101509833	84	125	45	4	58	30	45	3	29	15	385	0	0.03124856948852539	4250	4.405949354171753	3552	16.423529411764704	
142904301.7293939	45.0	4.06	59.74	30.9	15.443885101509833	85	125	45	5	87	45	45	3	29	15	388	0	0.015625	4300	4.421574354171753	3598	16.32558139534885	
372859.2617694363	45.0	3.98	57.42	29.7	15.443885101509833	86	125	45	5	87	45	45	3	29	15	391	0	0.031246185302734375	4350	4.452820539474487	3642	16.275862068965523	
568133.8937831525	45.0	3.98	57.42	29.7	15.443885101509833	87	125	45	4	58	30	45	3	29	15	394	0	0.015623807907104492	4400	4.468444347381592	3684	16.272727272727266	
485911780.56851035	45.0	3.96	56.84	29.4	15.443885101509833	88	125	45	5	87	45	45	3	29	15	398	0	0.031248807907104492	4450	4.499693155288696	3729	16.20224719101124	
455051.55124069494	45.0	4.04	59.16	30.6	15.443885101509833	89	125	45	5	87	45	45	3	29	15	402	0	0.015623092651367188	4500	4.5153162479400635	3772	16.177777777777777	
709585.0190222544	45.0	3.98	57.42	29.7	15.443885101509833	90	125	45	5	87	45	45	3	29	15	405	0	0.031248092651367188	4550	4.546564340591431	3816	16.13186813186813	
5.895680007327497e+21	45.0	4.02	58.58	30.3	15.443885101509833	91	125	45	5	87	45	45	3	29	15	407	0	0.03124713897705078	4600	4.5778114795684814	3859	16.108695652173907	
88645315.50283635	45.0	4.04	59.16	30.6	15.443885101509833	92	125	45	5	87	45	45	3	29	15	407	0	0.03124856948852539	4650	4.609060049057007	3905	16.02150537634408	
4862259.824827988	45.0	4.06	59.74	30.9	15.443885101509833	93	125	45	5	87	45	45	3	29	15	408	0	0.031247377395629883	4700	4.640307426452637	3951	15.936170212765958	
1.4688705670854894e+34	45.0	3.96	56.84	29.4	15.443885101509833	94	125	45	5	87	45	45	3	29	15	414	0	0.031248092651367188	4750	4.671555519104004	3992	15.957894736842107	
273107.54985746555	45.0	4.0	58.0	30.0	15.40109809479391	95	125	45	5	87	45	45	3	29	15	423	0	0.031247377395629883	4800	4.702802896499634	4032	16.0	
632557.2238949501	45.0	4.04	59.16	30.6	15.40105579971242	96	125	45	5	87	45	45	3	29	15	426	0	0.015624284744262695	4850	4.7184271812438965	4078	15.917525773195877	
77054998.46985461	45.0	4.04	59.16	30.6	15.40105579971242	97	125	45	5	87	45	45	3	29	15	429	0	0.031247615814208984	4900	4.7496747970581055	4121	15.897959183673464	
10876286.830109682	45.0	4.04	59.16	30.6	15.40105579971242	98	125	45	5	87	45	45	3	29	15	430	0	0.015624523162841797	4950	4.765299320220947	4166	15.838383838383834	
878163002.6886923	45.0	3.98	57.42	29.7	15.40105579971242	99	125	45	5	87	45	45	3	29	15	432	0	0.031247377395629883	5000	4.796546697616577	4212	15.759999999999991	
369132.9488430787	45.0	4.0	58.0	30.0	15.40105579971242	100	125	45	5	87	45	45	3	29	15	433	0	0.015622615814208984	5050	4.812169313430786	4255	15.742574257425744	
585913.4626686317	45.0	4.02	58.58	30.3	15.40105579971242	101	125	45	5	87	45	45	3	29	15	434	0	0.03125	5100	4.843419313430786	4301	15.666666666666657	
523185.6986686532	45.0	4.02	58.58	30.3	15.395168750705592	102	125	45	5	87	45	45	3	29	15	435	0	0.031247615814208984	5150	4.874666929244995	4347	15.592233009708735	
295841.75077093625	45.0	4.0	58.0	30.0	15.353689089859401	103	125	45	5	87	45	45	3	29	15	436	0	0.015623807907104492	5200	4.8902907371521	4392	15.538461538461533	
366141.3906585284	45.0	3.96	56.84	29.4	15.338218216249874	104	125	45	4	58	30	45	3	29	15	438	0	0.03124690055847168	5250	4.921537637710571	4436	15.504761904761907	
871165.7188125968	45.0	3.96	56.84	29.4	15.338218216249874	105	125	45	5	87	45	45	3	29	15	438	0	0.03124856948852539	5300	4.952786207199097	4484	15.396226415094333	
764508.6309470624	45.0	4.02	58.58	30.3	15.338218216249874	106	125	45	5	87	45	45	3	29	15	439	0	0.015624046325683594	5350	4.96841025352478	4533	15.27102803738319	
335665.0982009074	45.0	4.02	58.58	30.3	15.338218216249874	107	125	45	5	87	45	45	3	29	15	439	0	0.031248807907104492	5400	4.999659061431885	4581	15.166666666666657	
100992860.98918487	45.0	4.06	59.74	30.9	15.338218216249874	108	125	45	5	87	45	45	3	29	15	441	0	0.031246423721313477	5450	5.030905485153198	4625	15.137614678899084	
434400.00847784075	45.0	4.08	60.32	31.2	15.338218216249874	109	125	45	5	87	45	45	3	29	15	443	0	0.03124856948852539	5500	5.062154054641724	4669	15.10909090909091	
866295698.4855461	45.0	4.163265306122449	62.734693877551024	32.44897959183673	15.253892899228191	110	126	45	5.0	87.0	45.0	45	3.0	29.0	15.0	447	0	0.015623807907104492	5550	5.077777862548828	4714	15.063063063063069	
21283645.184427083	45.0	4.2	63.8	33.0	15.253892899228191	111	126	45	5	87	45	45	3	29	15	449	0	0.031247377395629883	5600	5.109025239944458	4758	15.035714285714292	
1968488.8419349447	45.0	4.44	70.76	36.6	15.253892899217512	112	126	45	5	87	45	45	3	29	15	452	0	0.031249046325683594	5650	5.140274286270142	4804	14.973451327433622	
130030011.26833218	45.0	4.44	70.76	36.6	15.241337761886362	113	127	45	5	87	45	45	3	29	15	455	0	0.04687166213989258	5700	5.187145948410034	4849	14.929824561403507	
38640203.07108966	45.0	4.6	75.4	39.0	15.241337761886362	114	128	45	5	87	45	45	3	29	15	457	0	0.03124713897705078	5750	5.218393087387085	4895	14.869565217391298	
4747552.151599257	45.0	4.63265306122449	76.34693877551021	39.48979591836735	15.241336980849557	115	130	45	5.0	87.0	45.0	45	3.0	29.0	15.0	458	0	0.03124856948852539	5800	5.24964165687561	4941	14.810344827586206	
303816.0019430889	45.0	4.511111111111111	72.82222222222222	37.666666666666664	15.241336980849557	116	136	45	5.0	87.0	45.0	45	3.0	29.0	15.0	460	0	0.031247615814208984	5850	5.280889272689819	4979	14.888888888888886	
5669992.85622722	45.0	4.5625	74.3125	38.4375	15.241336980849557	117	138	45	5.0	87.0	45.0	45	3.0	29.0	15.0	462	0	0.031247615814208984	5900	5.312136888504028	5023	14.864406779661024	
11085596.274216386	45.0	4.872340425531915	83.29787234042553	43.08510638297872	15.241192804881354	118	141	45	5.0	87.0	45.0	45	3.0	29.0	15.0	465	0	0.031247615814208984	5950	5.343384504318237	5065	14.87394957983193	
13266501.255405689	45.0	4.836734693877551	82.26530612244898	42.55102040816327	15.241192804881354	119	143	45	5.0	87.0	45.0	45	3.0	29.0	15.0	470	0	0.031248092651367188	6000	5.3746325969696045	5106	14.900000000000006	
6.0750061974383485e+19	45.0	4.857142857142857	82.85714285714286	42.857142857142854	15.241192804881354	120	145	45	5.0	87.0	45.0	45	3.0	29.0	15.0	473	0	0.04687237739562988	6050	5.421504974365234	5150	14.876033057851231	
15586257.266680108	45.0	4.7	78.3	40.5	15.241192804881354	121	146	45	5	87	45	45	3	29	15	477	0	0.031246423721313477	6100	5.452751398086548	5193	14.868852459016395	
7.544900000000016e+34	45.0	4.64	76.56	39.6	15.241192804881354	122	146	45	5	87	45	45	3	29	15	478	0	0.031249046325683594	6150	5.4840004444122314	5240	14.796747967479675	
1033969888.3770849	45.0	4.714285714285714	78.71428571428571	40.714285714285715	15.241085363671528	123	148	45	5.0	87.0	45.0	45	3.0	29.0	15.0	482	0	0.031247854232788086	6200	5.5152482986450195	5283	14.790322580645167	
479624.7643246437	45.0	4.816326530612245	81.6734693877551	42.244897959183675	15.241085363671528	124	149	45	5.0	87.0	45.0	45	3.0	29.0	15.0	483	0	0.031246662139892578	6250	5.546494960784912	5329	14.736000000000004	
1123988.5770901374	45.0	4.8125	81.5625	42.1875	15.241085363671528	125	152	45	5.0	87.0	45.0	45	3.0	29.0	15.0	483	0	0.015624046325683594	6300	5.562119007110596	5373	14.714285714285708	
17882569.401773132	45.0	4.739130434782608	79.43478260869566	41.08695652173913	15.241085363671528	126	156	45	5.0	87.0	45.0	45	3.0	29.0	15.0	488	0	0.031247615814208984	6350	5.593366622924805	5414	14.740157480314963	
957341.774207889	45.0	4.84	82.36	42.6	15.241085363671528	127	157	45	5	87	45	45	3	29	15	494	0	0.031247615814208984	6400	5.624614238739014	5457	14.734375	
694347975.0132353	45.0	4.886363636363637	83.70454545454545	43.29545454545455	15.241085363671528	128	164	45	5.0	87.0	45.0	45	3.0	29.0	15.0	495	0	0.0156252384185791	6450	5.640239477157593	5499	14.74418604651163	
452136.6996712628	45.0	4.934782608695652	85.1086956521739	44.02173913043478	15.235324378222838	129	168	45	5.0	87.0	45.0	45	3.0	29.0	15.0	498	0	0.015623807907104492	6500	5.655863285064697	5541	14.753846153846155	
714148054.0060223	45.0	4.914893617021277	84.53191489361703	43.723404255319146	15.235324378222838	130	171	45	5.0	87.0	45.0	45	3.0	29.0	15.0	502	0	0.031248092651367188	6550	5.6871113777160645	5582	14.778625954198475	
9.00270608695654e+34	45.0	4.8125	81.5625	42.1875	15.097808891303352	131	173	45	5.0	87.0	45.0	45	3.0	29.0	15.0	505	0	0.015624046325683594	6600	5.702735424041748	5626	14.757575757575765	
18045849.165547196	45.0	4.836734693877551	82.26530612244898	42.55102040816327	15.097808891303352	132	175	45	5.0	87.0	45.0	45	3.0	29.0	15.0	506	0	0.031247615814208984	6650	5.733983039855957	5673	14.691729323308266	
435604.07571368926	45.0	4.857142857142857	82.85714285714286	42.857142857142854	15.097808891303352	133	176	45	5.0	87.0	45.0	45	3.0	29.0	15.0	508	0	0.015625	6700	5.749608039855957	5718	14.656716417910445	
618582.9004808624	45.0	4.73469387755102	79.3061224489796	41.02040816326531	15.097808891303352	134	177	45	5.0	87.0	45.0	45	3.0	29.0	15.0	512	0	0.062494516372680664	6750	5.812102556228638	5763	14.62222222222222	
239280.98404529973	45.0	4.729166666666667	79.14583333333333	40.9375	15.097808891303352	135	180	45	5.0	87.0	45.0	45	3.0	29.0	15.0	514	0	0.031247615814208984	6800	5.843350172042847	5806	14.617647058823522	
11415195.508751463	45.0	4.653061224489796	76.93877551020408	39.795918367346935	15.097808891303352	136	181	45	5.0	87.0	45.0	45	3.0	29.0	15.0	520	0	0.03124833106994629	6850	5.874598503112793	5849	14.613138686131393	
398588.5681377618	45.0	4.711111111111111	78.62222222222222	40.666666666666664	15.097808891303352	137	186	45	5.0	87.0	45.0	45	3.0	29.0	15.0	525	0	0.031247377395629883	6900	5.905845880508423	5888	14.666666666666657	
801615.0371107338	45.0	4.891304347826087	83.84782608695652	43.369565217391305	15.097808891303352	138	190	45	5.0	87.0	45.0	45	3.0	29.0	15.0	526	0	0.031247854232788086	6950	5.937093734741211	5932	14.647482014388487	
131844448551989.75	45.0	4.78	80.62	41.7	15.097808891303352	139	190	45	5	87	45	45	3	29	15	530	0	0.031248092651367188	7000	5.968341827392578	5978	14.600000000000009	
440473.38052164903	45.0	4.851063829787234	82.68085106382979	42.765957446808514	15.097808891303352	140	193	45	5.0	87.0	45.0	45	3.0	29.0	15.0	533	0	0.03124713897705078	7050	5.999588966369629	6021	14.59574468085107	
977129244.2047272	45.0	4.914893617021277	84.53191489361703	43.723404255319146	15.097808891303352	141	196	45	5.0	87.0	45.0	45	3.0	29.0	15.0	538	0	0.031249046325683594	7100	6.0308380126953125	6062	14.619718309859152	
9358131.177872049	45.0	4.857142857142857	82.85714285714286	42.857142857142854	15.097808891303352	142	197	45	5.0	87.0	45.0	45	3.0	29.0	15.0	541	0	0.031247615814208984	7150	6.0620856285095215	6108	14.573426573426573	
1.0140705341037341e+34	45.0	4.86	82.94	42.9	15.097808891303352	143	198	45	5	87	45	45	3	29	15	543	0	0.015623331069946289	7200	6.077708959579468	6153	14.541666666666657	
837806694.5858622	45.0	4.8125	81.5625	42.1875	15.097808891303352	144	201	45	5.0	87.0	45.0	45	3.0	29.0	15.0	544	0	0.031248092651367188	7250	6.108957052230835	6199	14.49655172413793	
591144.2134879746	45.0	4.888888888888889	83.77777777777777	43.333333333333336	15.097808891303352	145	207	45	5.0	87.0	45.0	45	3.0	29.0	15.0	547	0	0.031247854232788086	7300	6.140204906463623	6239	14.534246575342465	
1463040454.641186	45.0	4.818181818181818	81.72727272727273	42.27272727272727	15.097808891303352	146	213	45	5.0	87.0	45.0	45	3.0	29.0	15.0	551	0	0.015623807907104492	7350	6.1558287143707275	6278	14.585034013605451	
9674304.578907982	45.0	4.9	84.1	43.5	15.097808891303352	147	213	45	5	87	45	45	3	29	15	553	0	0.04687190055847168	7400	6.202700614929199	6326	14.513513513513516	
16453300.471328761	45.0	4.958333333333333	85.79166666666667	44.375	15.097808891303352	148	215	45	5.0	87.0	45.0	45	4.0	58.0	30.0	556	0	0.03124856948852539	7450	6.233949184417725	6371	14.483221476510067	
978488496.0648139	45.0	4.795918367346939	81.08163265306122	41.93877551020408	15.097808891303352	149	217	45	5.0	87.0	45.0	45	3.0	29.0	15.0	560	0	0.04687094688415527	7500	6.28082013130188	6413	14.49333333333334	
570104.1137603733	45.0	4.872340425531915	83.29787234042553	43.08510638297872	15.097808891303352	150	220	45	5.0	87.0	45.0	45	3.0	29.0	15.0	563	0	0.015624523162841797	7550	6.296444654464722	6456	14.490066225165563	
739778396.6421514	45.0	4.816326530612245	81.6734693877551	42.244897959183675	15.097808891303352	151	221	45	5.0	87.0	45.0	45	3.0	29.0	15.0	567	0	0.04687070846557617	7600	6.343315362930298	6501	14.46052631578948	
524974417.6914188	45.0	4.6938775510204085	78.12244897959184	40.40816326530612	15.097808891303352	152	223	45	5.0	87.0	45.0	45	3.0	29.0	15.0	569	0	0.03125405311584473	7650	6.374569416046143	6546	14.4313725490196	
733699.0319006718	45.0	4.84	82.36	42.6	15.097808891303352	153	223	45	5	87	45	45	3	29	15	571	0	0.03124547004699707	7700	6.40581488609314	6594	14.363636363636374	
3671771.155020352	45.0	4.787234042553192	80.82978723404256	41.808510638297875	15.097808891303352	154	227	45	5.0	87.0	45.0	45	3.0	29.0	15.0	574	0	0.031244516372680664	7750	6.43705940246582	6636	14.374193548387098	
7.658027173770501e+26	45.0	4.891304347826087	83.84782608695652	43.369565217391305	15.097808891303352	155	232	45	5.0	87.0	45.0	45	3.0	29.0	15.0	580	0	0.04687166213989258	7800	6.483931064605713	6674	14.43589743589743	
893631075.0957586	45.0	4.829787234042553	82.06382978723404	42.4468085106383	15.097808891303352	156	236	45	5.0	87.0	45.0	45	3.0	29.0	15.0	582	0	0.031247377395629883	7850	6.515178442001343	6717	14.43312101910827	
12014903.998550158	45.0	4.826086956521739	81.95652173913044	42.391304347826086	15.097808891303352	157	240	45	5.0	87.0	45.0	45	3.0	29.0	15.0	586	0	0.031248807907104492	7900	6.546427249908447	6757	14.468354430379748	
7539407.785240952	45.0	4.729166666666667	79.14583333333333	40.9375	15.097808891303352	158	242	45	5.0	87.0	45.0	45	3.0	29.0	15.0	588	0	0.01562356948852539	7950	6.562050819396973	6803	14.427672955974842	
24008614.110785056	45.0	4.723404255319149	78.97872340425532	40.851063829787236	15.097808891303352	159	246	45	5.0	87.0	45.0	45	3.0	29.0	15.0	589	0	0.031247615814208984	8000	6.593298435211182	6846	14.424999999999997	
339376274.91350377	45.0	4.8979591836734695	84.04081632653062	43.46938775510204	15.097808891303352	160	248	45	5.0	87.0	45.0	45	3.0	29.0	15.0	591	0	0.03124713897705078	8050	6.624545574188232	6891	14.397515527950304	
962008980.9905477	45.0	4.877551020408164	83.44897959183673	43.16326530612245	15.097808891303352	161	249	45	5.0	87.0	45.0	45	3.0	29.0	15.0	595	0	0.04687237739562988	8100	6.671417951583862	6936	14.370370370370367	
9.53236244444447e+34	45.0	4.75	79.75	41.25	15.097808891303352	162	251	45	5.0	87.0	45.0	45	3.0	29.0	15.0	599	0	0.031247615814208984	8150	6.702665567398071	6979	14.368098159509202	
4.050000000000005e+24	45.0	4.708333333333333	78.54166666666667	40.625	15.097808891303352	163	253	45	5.0	87.0	45.0	45	3.0	29.0	15.0	600	0	0.03124833106994629	8200	6.733913898468018	7024	14.341463414634148	
700391.9076917503	45.0	4.82	81.78	42.3	15.097808891303352	164	254	45	5	87	45	45	3	29	15	604	0	0.03124856948852539	8250	6.765162467956543	7068	14.327272727272728	
93393374.62466154	45.0	4.74468085106383	79.59574468085107	41.170212765957444	15.097808891303352	165	257	45	5.0	87.0	45.0	45	3.0	29.0	15.0	610	0	0.031246423721313477	8300	6.7964088916778564	7107	14.373493975903614	
7.071975038354621e+34	45.0	4.775510204081633	80.48979591836735	41.63265306122449	14.978475484203395	166	259	45	5.0	87.0	45.0	45	3.0	29.0	15.0	612	0	0.04687213897705078	8350	6.843281030654907	7149	14.383233532934142	
99309033584.19574	45.0	4.82	81.78	42.3	14.978475484203395	167	259	45	5	87	45	45	3	29	15	615	0	0.031247854232788086	8400	6.874528884887695	7195	14.345238095238102	
4.824178622591854e+23	45.0	4.979166666666667	86.39583333333333	44.6875	14.978475484203395	168	261	45	5.0	87.0	45.0	45	4.0	58.0	30.0	618	0	0.031248092651367188	8450	6.9057769775390625	7238	14.34319526627219	
1721105028.21329	45.0	4.836734693877551	82.26530612244898	42.55102040816327	14.978475484203395	169	262	45	5.0	87.0	45.0	45	3.0	29.0	15.0	621	0	0.04687166213989258	8500	6.952648639678955	7284	14.305882352941182	
9703884.03235431	45.0	4.608695652173913	75.65217391304348	39.130434782608695	14.97806433666251	170	267	45	5.0	87.0	45.0	45	3.0	29.0	15.0	625	0	0.031247854232788086	8550	6.983896493911743	7325	14.327485380116954	
599510.0057699123	45.0	4.875	83.375	43.125	14.975323353056584	171	269	45	5.0	87.0	45.0	45	3.0	29.0	15.0	631	0	0.031247615814208984	8600	7.015144109725952	7366	14.348837209302317	
765028483.1637489	45.0	4.877551020408164	83.44897959183673	43.16326530612245	14.975323353056584	172	271	45	5.0	87.0	45.0	45	3.0	29.0	15.0	632	0	0.015624761581420898	8650	7.030768871307373	7411	14.323699421965316	
55388715.1494711	45.0	4.63265306122449	76.34693877551021	39.48979591836735	14.975323353056584	173	272	45	5.0	87.0	45.0	45	3.0	29.0	15.0	638	0	0.031247377395629883	8700	7.062016248703003	7451	14.35632183908045	
297942.9767030503	45.0	4.551020408163265	73.9795918367347	38.265306122448976	14.975323353056584	174	274	45	5.0	87.0	45.0	45	3.0	29.0	15.0	642	0	0.031248092651367188	8750	7.09326434135437	7491	14.388571428571424	
5.405867288596336e+28	45.0	4.408163265306122	69.83673469387755	36.12244897959184	14.975323353056584	175	275	45	5.0	87.0	45.0	45	3.0	29.0	15.0	649	0	0.031248807907104492	8800	7.124513149261475	7533	14.397727272727266	
942103.3472669937	45.0	4.48	71.92	37.2	14.975323353056584	176	275	45	5	87	45	45	4	58	30	654	0	0.03124713897705078	8850	7.155760288238525	7574	14.418079096045204	
14289680.485835379	45.0	4.6875	77.9375	40.3125	14.975323353056584	177	278	45	5.0	87.0	45.0	45	3.0	29.0	15.0	655	0	0.01562356948852539	8900	7.171383857727051	7619	14.393258426966298	
5.51794382978725e+34	45.0	4.63265306122449	76.34693877551021	39.48979591836735	14.975323353056584	178	280	45	5.0	87.0	45.0	45	3.0	29.0	15.0	657	0	0.031247854232788086	8950	7.202631711959839	7664	14.368715083798875	
878295939.1500739	45.0	4.75	79.75	41.25	14.524027635521573	179	282	45	5.0	87.0	45.0	45	3.0	29.0	15.0	662	0	0.031247377395629883	9000	7.233879089355469	7707	14.366666666666674	
353240.435553594	45.0	4.714285714285714	78.71428571428571	40.714285714285715	14.524027635521573	180	283	45	5.0	87.0	45.0	45	3.0	29.0	15.0	665	0	0.03124856948852539	9050	7.265127658843994	7751	14.353591160220986	
514584.43191433325	45.0	4.6875	77.9375	40.3125	14.524027635521573	181	285	45	5.0	87.0	45.0	45	3.0	29.0	15.0	667	0	0.04687166213989258	9100	7.311999320983887	7796	14.329670329670336	
521257.47638168326	45.0	4.9375	85.1875	44.0625	14.524027635521573	182	287	45	5.0	87.0	45.0	45	3.0	29.0	15.0	670	0	0.031247615814208984	9150	7.343246936798096	7841	14.30601092896174	
4.75972129158035e+16	45.0	4.857142857142857	82.85714285714286	42.857142857142854	14.524027635521573	183	289	45	5.0	87.0	45.0	45	3.0	29.0	15.0	673	0	0.031249046325683594	9200	7.374495983123779	7883	14.315217391304344	
135581171.0619356	45.0	4.895833333333333	83.97916666666667	43.4375	14.524027635521573	184	291	45	5.0	87.0	45.0	45	3.0	29.0	15.0	676	0	0.04687166213989258	9250	7.421367645263672	7926	14.313513513513513	
1233832.5097353084	45.0	4.75	79.75	41.25	14.524027635521573	185	294	45	5.0	87.0	45.0	45	3.0	29.0	15.0	678	0	0.046872854232788086	9300	7.46824049949646	7971	14.290322580645167	
121907911.38590984	45.0	4.78	80.62	41.7	14.524027635521573	186	294	45	5	87	45	45	3	29	15	680	0	0.03124713897705078	9350	7.499487638473511	8018	14.245989304812838	
87532610.09448098	45.0	4.833333333333333	82.16666666666667	42.5	14.524027635521573	187	297	45	5.0	87.0	45.0	45	3.0	29.0	15.0	681	0	0.046872854232788086	9400	7.546360492706299	8064	14.212765957446805	
282043.52101174556	45.0	4.791666666666667	80.95833333333333	41.875	14.524027635521573	188	299	45	5.0	87.0	45.0	45	3.0	29.0	15.0	684	0	0.031246423721313477	9450	7.577606916427612	8108	14.201058201058203	
57088435147718.35	45.0	4.795918367346939	81.08163265306122	41.93877551020408	14.524027635521573	189	300	45	5.0	87.0	45.0	45	3.0	29.0	15.0	691	0	0.03124833106994629	9500	7.608855247497559	8149	14.221052631578942	
720737319612635.6	45.0	4.74468085106383	79.59574468085107	41.170212765957444	14.524027635521573	190	303	45	5.0	87.0	45.0	45	3.0	29.0	15.0	692	0	0.03124713897705078	9550	7.640102386474609	8194	14.198952879581157	
1246383240.7994616	45.0	4.872340425531915	83.29787234042553	43.08510638297872	14.524027635521573	191	306	45	5.0	87.0	45.0	45	3.0	29.0	15.0	696	0	0.031247854232788086	9600	7.6713502407073975	8236	14.208333333333329	
575795.0485596859	45.0	4.73469387755102	79.3061224489796	41.02040816326531	14.524027635521573	192	308	45	5.0	87.0	45.0	45	3.0	29.0	15.0	698	0	0.031248092651367188	9650	7.702598333358765	8281	14.186528497409327	
108259470985691.02	45.0	4.76	80.04	41.4	14.524027635521573	193	308	45	5	87	45	45	3	29	15	698	0	0.04687094688415527	9700	7.74946928024292	8329	14.134020618556704	
693247.6281324709	45.0	4.729166666666667	79.14583333333333	40.9375	14.524027635521573	194	310	45	5.0	87.0	45.0	45	3.0	29.0	15.0	700	0	0.031247377395629883	9750	7.78071665763855	8372	14.133333333333326	
423457.98473850207	45.0	4.875	83.375	43.125	14.524027635521573	195	312	45	5.0	87.0	45.0	45	3.0	29.0	15.0	704	0	0.03125166893005371	9800	7.8119683265686035	8412	14.163265306122454	
533532.5673263745	45.0	4.92	84.68	43.8	14.524027635521573	196	313	45	5	87	45	45	3	29	15	707	0	0.031246185302734375	9850	7.843214511871338	8457	14.14213197969542	
489452.2984147292	45.0	4.680851063829787	77.74468085106383	40.212765957446805	14.524027635521573	197	317	45	5.0	87.0	45.0	45	3.0	29.0	15.0	708	0	0.031247854232788086	9900	7.874462366104126	8502	14.121212121212125	
4.4559092514823886e+26	45.0	4.75	79.75	41.25	14.524027635521573	198	319	45	5.0	87.0	45.0	45	3.0	29.0	15.0	710	0	0.031247615814208984	9950	7.905709981918335	8547	14.100502512562812	
494742.1868227265	45.0	4.957446808510638	85.76595744680851	44.361702127659576	14.524027635521573	199	322	45	5.0	87.0	45.0	45	3.0	29.0	15.0	713	0	0.04687213897705078	10000	7.952582120895386	8590	14.099999999999994	
361371.7380650806	45.0	4.877551020408164	83.44897959183673	43.16326530612245	14.523542914210251	200	323	45	5.0	87.0	45.0	45	3.0	29.0	15.0	714	0	0.031248807907104492	10050	7.98383092880249	8638	14.049751243781088	
1930625740.5351796	45.0	4.775510204081633	80.48979591836735	41.63265306122449	14.523542914210251	201	324	45	5.0	87.0	45.0	45	3.0	29.0	15.0	717	0	0.031248092651367188	10100	8.015079021453857	8684	14.019801980198025	
659737657.0738064	45.0	4.8	81.2	42.0	14.523542914210251	202	324	45	5	87	45	45	3	29	15	722	0	0.031247377395629883	10150	8.046326398849487	8727	14.019704433497537	
3.907648936176361e+19	45.0	4.959183673469388	85.81632653061224	44.38775510204081	14.523542914210251	203	325	45	5.0	87.0	45.0	45	4.0	58.0	30.0	725	0	0.03124547004699707	10200	8.077571868896484	8773	13.990196078431367	
745273.4189065327	45.0	4.84	82.36	42.6	14.523542914210251	204	326	45	5	87	45	45	3	29	15	727	0	0.03124856948852539	10250	8.10882043838501	8816	13.990243902439019	
4.5854667132062236e+32	45.0	4.9375	85.1875	44.0625	14.523542914210251	205	329	45	5.0	87.0	45.0	45	4.0	58.0	30.0	730	0	0.031248092651367188	10300	8.140068531036377	8857	14.009708737864074	
839769707.4591221	45.0	4.755102040816326	79.89795918367346	41.326530612244895	14.523542914210251	206	331	45	5.0	87.0	45.0	45	3.0	29.0	15.0	731	0	0.015625	10350	8.155693531036377	8904	13.971014492753625	
2819131.3813535143	45.0	4.833333333333333	82.16666666666667	42.5	14.523542914210251	207	334	45	5.0	87.0	45.0	45	3.0	29.0	15.0	735	0	0.03124547004699707	10400	8.186939001083374	8947	13.971153846153854	
795279110.6361222	45.0	4.918367346938775	84.63265306122449	43.775510204081634	14.522988946997309	208	335	45	5.0	87.0	45.0	45	3.0	29.0	15.0	738	0	0.046872615814208984	10450	8.233811616897583	8991	13.961722488038276	
1572336080.148592	45.0	4.854166666666667	82.77083333333333	42.8125	14.522988946997309	209	337	45	5.0	87.0	45.0	45	3.0	29.0	15.0	744	0	0.03124856948852539	10500	8.265060186386108	9032	13.980952380952388	
8290361.056327697	45.0	4.8936170212765955	83.91489361702128	43.40425531914894	14.522988946997309	210	340	45	5.0	87.0	45.0	45	3.0	29.0	15.0	749	0	0.03124713897705078	10550	8.29630732536316	9073	14.0	
837404.1843756528	45.0	4.6938775510204085	78.12244897959184	40.40816326530612	14.522988946997309	211	342	45	5.0	87.0	45.0	45	3.0	29.0	15.0	751	0	0.0312497615814209	10600	8.32755708694458	9116	14.0	
934741213.982995	45.0	4.816326530612245	81.6734693877551	42.244897959183675	14.522988946997309	212	343	45	5.0	87.0	45.0	45	3.0	29.0	15.0	755	0	0.015622854232788086	10650	8.343179941177368	9159	14.0	
635445.0675510657	45.0	4.8125	81.5625	42.1875	14.522988946997309	213	345	45	5.0	87.0	45.0	45	3.0	29.0	15.0	758	0	0.031247615814208984	10700	8.374427556991577	9201	14.00934579439253	
10450714.02320876	45.0	4.854166666666667	82.77083333333333	42.8125	14.522988946997309	214	347	45	5.0	87.0	45.0	45	3.0	29.0	15.0	760	0	0.04687213897705078	10750	8.421299695968628	9247	13.98139534883721	
5128442.968444488	45.0	4.8478260869565215	82.58695652173913	42.71739130434783	14.522988946997309	215	351	45	5.0	87.0	45.0	45	3.0	29.0	15.0	764	0	0.015623092651367188	10800	8.436922788619995	9288	14.0	
55134716.05371796	45.0	4.8	81.2	42.0	14.522988946997309	216	352	45	5	87	45	45	3	29	15	768	0	0.04687094688415527	10850	8.48379373550415	9332	13.990783410138249	
729677735.2905252	45.0	4.829787234042553	82.06382978723404	42.4468085106383	14.522988946997309	217	355	45	5.0	87.0	45.0	45	3.0	29.0	15.0	771	0	0.031249046325683594	10900	8.515042781829834	9376	13.981651376146786	
5.300598660208813e+26	45.0	4.869565217391305	83.21739130434783	43.04347826086956	14.522988946997309	218	359	45	5.0	87.0	45.0	45	3.0	29.0	15.0	774	0	0.04687213897705078	10950	8.561914920806885	9418	13.990867579908667	
35656919.1631704	45.0	4.73469387755102	79.3061224489796	41.02040816326531	14.522988946997309	219	361	45	5.0	87.0	45.0	45	3.0	29.0	15.0	774	0	0.03124833106994629	11000	8.593163251876831	9465	13.954545454545453	
476180954415.45746	45.0	4.775510204081633	80.48979591836735	41.63265306122449	14.522988946997309	220	363	45	5.0	87.0	45.0	45	3.0	29.0	15.0	775	0	0.031246185302734375	11050	8.624409437179565	9512	13.918552036199088	
10851374.109799374	45.0	4.836734693877551	82.26530612244898	42.55102040816327	14.522988946997309	221	365	45	5.0	87.0	45.0	45	3.0	29.0	15.0	776	0	0.031249284744262695	11100	8.655658721923828	9557	13.900900900900908	
173574059.74425644	45.0	4.770833333333333	80.35416666666667	41.5625	14.522988946997309	222	367	45	5.0	87.0	45.0	45	3.0	29.0	15.0	780	0	0.01562356948852539	11150	8.671282291412354	9599	13.91031390134529	
85108437.96635944	45.0	4.775510204081633	80.48979591836735	41.63265306122449	13.824172118991319	223	369	45	5.0	87.0	45.0	45	3.0	29.0	15.0	782	0	0.03124713897705078	11200	8.702529430389404	9643	13.901785714285722	
65673200.28840259	45.0	4.795918367346939	81.08163265306122	41.93877551020408	13.824172118991319	224	370	45	5.0	87.0	45.0	45	3.0	29.0	15.0	786	0	0.031247854232788086	11250	8.733777284622192	9686	13.902222222222221	
4.7597212459016434e+26	45.0	4.770833333333333	80.35416666666667	41.5625	12.525955008236533	225	373	45	5.0	87.0	45.0	45	3.0	29.0	15.0	790	0	0.046872615814208984	11300	8.780649900436401	9727	13.920353982300881	
433684454.0403334	45.0	4.833333333333333	82.16666666666667	42.5	12.525955008236533	226	376	45	5.0	87.0	45.0	45	3.0	29.0	15.0	793	0	0.03124713897705078	11350	8.811897039413452	9770	13.920704845814981	
6.328948077496278e+26	45.0	4.836734693877551	82.26530612244898	42.55102040816327	12.32220297799574	227	377	45	5.0	87.0	45.0	45	3.0	29.0	15.0	799	0	0.031248807907104492	11400	8.843145847320557	9813	13.921052631578945	
758232652.2899184	45.0	4.957446808510638	85.76595744680851	44.361702127659576	12.068571698344282	228	380	45	5.0	87.0	45.0	45	3.0	29.0	15.0	800	0	0.04687190055847168	11450	8.890017747879028	9857	13.91266375545851	
464280.92406384373	45.0	4.851063829787234	82.68085106382979	42.765957446808514	12.068571698344282	229	383	45	5.0	87.0	45.0	45	3.0	29.0	15.0	802	0	0.031246423721313477	11500	8.921264171600342	9901	13.904347826086962	
1273629.774594249	45.0	4.86	82.94	42.9	11.77868967691881	230	384	45	5	87	45	45	3	29	15	804	0	0.0312497615814209	11550	8.952513933181763	9948	13.870129870129873	
188525496.6029323	45.0	4.78	80.62	41.7	11.77868967691881	231	384	45	5	87	45	45	3	29	15	807	0	0.031248092651367188	11600	8.98376202583313	9993	13.853448275862064	
403380.90951300954	45.0	4.775510204081633	80.48979591836735	41.63265306122449	11.77868967691881	232	386	45	5.0	87.0	45.0	45	3.0	29.0	15.0	809	0	0.031246185302734375	11650	9.015008211135864	10038	13.836909871244643	
1.1576250000000778e+33	45.0	4.7	78.3	40.5	11.77868967691881	233	386	45	5	87	45	45	3	29	15	812	0	0.031247854232788086	11700	9.046256065368652	10085	13.803418803418793	
1586582425.6892037	45.0	4.775510204081633	80.48979591836735	41.63265306122449	11.77868967691881	234	388	45	5.0	87.0	45.0	45	3.0	29.0	15.0	814	0	0.031248092651367188	11750	9.07750415802002	10126	13.821276595744678	
1543482771.8831048	45.0	4.86	82.94	42.9	11.77868967691881	235	388	45	5	87	45	45	3	29	15	822	0	0.031247615814208984	11800	9.108751773834229	10168	13.830508474576277	
4.1388880409072695e+26	45.0	4.816326530612245	81.6734693877551	42.244897959183675	11.657272204220583	236	390	45	5.0	87.0	45.0	45	3.0	29.0	15.0	825	0	0.01562356948852539	11850	9.124375343322754	10212	13.822784810126592	
915964589.2599137	45.0	4.75	79.75	41.25	11.657272204220583	237	393	45	5.0	87.0	45.0	45	3.0	29.0	15.0	826	0	0.046872615814208984	11900	9.171247959136963	10258	13.798319327731093	
1397262955.4666355	45.0	4.833333333333333	82.16666666666667	42.5	11.425047038020384	238	395	45	5.0	87.0	45.0	45	3.0	29.0	15.0	828	0	0.031248092651367188	11950	9.20249605178833	10303	13.78242677824268	
1170721.7727342718	45.0	4.638297872340425	76.51063829787235	39.57446808510638	11.425047038020384	239	399	45	5.0	87.0	45.0	45	3.0	29.0	15.0	830	0	0.046871185302734375	12000	9.249367237091064	10344	13.799999999999997	
6.8527278381287275e+22	45.0	4.872340425531915	83.29787234042553	43.08510638297872	11.425047038020384	240	402	45	5.0	87.0	45.0	45	3.0	29.0	15.0	833	0	0.015624761581420898	12050	9.264991998672485	10388	13.792531120331958	
310533254747669.3	45.0	4.836734693877551	82.26530612244898	42.55102040816327	11.425047038020384	241	404	45	5.0	87.0	45.0	45	3.0	29.0	15.0	834	0	0.03124713897705078	12100	9.296239137649536	10435	13.760330578512395	
22480478.586569786	45.0	4.708333333333333	78.54166666666667	40.625	11.425047038020384	242	407	45	5.0	87.0	45.0	45	3.0	29.0	15.0	837	0	0.031247377395629883	12150	9.327486515045166	10478	13.761316872427983	
2512318630765254.0	45.0	4.319148936170213	67.25531914893617	34.787234042553195	11.425047038020384	243	410	45	5.0	87.0	45.0	45	3.0	29.0	15.0	840	0	0.03124833106994629	12200	9.358734846115112	10522	13.754098360655746	
357415.5108423722	45.0	4.591836734693878	75.16326530612245	38.87755102040816	11.425047038020384	244	412	45	5.0	87.0	45.0	45	3.0	29.0	15.0	842	0	0.015624046325683594	12250	9.374358892440796	10566	13.746938775510216	
168267639380444.84	45.0	4.488888888888889	72.17777777777778	37.333333333333336	11.371016268114003	245	417	45	5.0	87.0	45.0	45	3.0	29.0	15.0	845	0	0.031247615814208984	12300	9.405606508255005	10606	13.77235772357723	
2355298675999181.5	45.0	4.44	70.76	36.6	11.371016268114003	246	417	45	5	87	45	45	3	29	15	848	0	0.03124856948852539	12350	9.43685507774353	10648	13.781376518218622	
107123220615718.84	45.0	4.48	71.92	37.2	11.371016268114003	247	417	45	5	87	45	45	3	29	15	848	0	0.03124713897705078	12400	9.468102216720581	10697	13.733870967741936	
1452123.0272564525	45.0	4.479166666666667	71.89583333333333	37.1875	11.294059563187307	248	419	45	5.0	87.0	45.0	45	3.0	29.0	15.0	852	0	0.031247615814208984	12450	9.49934983253479	10739	13.742971887550198	
7.688924719345448e+20	45.0	4.541666666666667	73.70833333333333	38.125	11.294059563187307	249	421	45	5.0	87.0	45.0	45	3.0	29.0	15.0	857	0	0.031248092651367188	12500	9.530597925186157	10779	13.768	
18879262.76496318	45.0	4.46	71.34	36.9	11.294059563187307	250	421	45	5	87	45	45	3	29	15	859	0	0.031247377395629883	12550	9.561845302581787	10826	13.73705179282868	
525922281.2868108	45.0	4.24	64.96	33.6	11.294059563187307	251	421	45	5	87	45	45	3	29	15	860	0	0.031247854232788086	12600	9.593093156814575	10872	13.714285714285708	
168154552.88986808	45.0	4.163265306122449	62.734693877551024	32.44897959183673	11.294059506962562	252	422	45	5.0	87.0	45.0	45	3.0	29.0	15.0	864	0	0.03124833106994629	12650	9.624341487884521	10915	13.715415019762844	
4750364631038669.0	45.0	4.3125	67.0625	34.6875	11.246769491360556	253	424	45	5.0	87.0	45.0	45	3.0	29.0	15.0	867	0	0.03124833106994629	12700	9.655589818954468	10958	13.71653543307086	
4439951499083662.5	45.0	4.5	72.5	37.5	11.246769491360556	254	424	45	5	87	45	45	3	29	15	874	0	0.031248092651367188	12750	9.686837911605835	11000	13.725490196078425	
492740991154397.25	45.0	4.541666666666667	73.70833333333333	38.125	11.165595195088745	255	426	45	5.0	87.0	45.0	45	3.0	29.0	15.0	876	0	0.03124713897705078	12800	9.718085050582886	11043	13.7265625	
1.6788400003451e+16	45.0	4.469387755102041	71.61224489795919	37.04081632653061	11.165595195088745	256	427	45	5.0	87.0	45.0	45	3.0	29.0	15.0	879	0	0.031247615814208984	12850	9.749332666397095	11087	13.719844357976655	
21511514.124208737	45.0	4.34	67.86	35.1	11.165595195088745	257	428	45	5	87	45	45	3	29	15	883	0	0.03124856948852539	12900	9.78058123588562	11129	13.72868217054264	
4.711482025664125e+21	45.0	4.54	73.66	38.1	11.165595195088745	258	428	45	5	87	45	45	3	29	15	886	0	0.031247615814208984	12950	9.811828851699829	11176	13.698841698841704	
4.34822917419406e+16	45.0	4.448979591836735	71.0204081632653	36.734693877551024	11.165595195088745	259	429	45	5.0	87.0	45.0	45	3.0	29.0	15.0	888	0	0.015624046325683594	13000	9.827452898025513	11217	13.715384615384622	
43058122752649.96	45.0	4.5	72.5	37.5	11.165595195088745	260	430	45	5	87	45	45	3	29	15	889	0	0.031248092651367188	13050	9.85870099067688	11263	13.693486590038319	
3.892967620703463e+23	45.0	4.441860465116279	70.81395348837209	36.627906976744185	11.165595195088745	261	437	45	5.0	87.0	45.0	45	3.0	29.0	15.0	891	0	0.04687142372131348	13100	9.905572414398193	11301	13.73282442748092	
1569403069.4086525	45.0	4.520833333333333	73.10416666666667	37.8125	11.165595195088745	262	440	45	5.0	87.0	45.0	45	3.0	29.0	15.0	893	0	0.031248092651367188	13150	9.93682050704956	11344	13.733840304182507	
9.028086977607673e+26	45.0	4.458333333333333	71.29166666666667	36.875	11.165595195088745	263	443	45	5.0	87.0	45.0	45	3.0	29.0	15.0	895	0	0.031248807907104492	13200	9.968069314956665	11384	13.75757575757575	
611127344.2471167	45.0	4.63265306122449	76.34693877551021	39.48979591836735	11.120295733466165	264	445	45	5.0	87.0	45.0	45	3.0	29.0	15.0	898	0	0.031246185302734375	13250	9.9993155002594	11427	13.758490566037736	
1.0928757923851491e+17	45.0	4.857142857142857	82.85714285714286	42.857142857142854	11.120295733466165	265	446	45	5.0	87.0	45.0	45	3.0	29.0	15.0	901	0	0.046872615814208984	13300	10.046188116073608	11470	13.759398496240607	
3.930234132857655e+22	45.0	4.708333333333333	78.54166666666667	40.625	11.120295733466165	266	448	45	5.0	87.0	45.0	45	3.0	29.0	15.0	903	0	0.031248092651367188	13350	10.077436208724976	11515	13.745318352059925	
5.509923144467622e+27	45.0	4.72	78.88	40.8	11.120295733466103	267	449	45	5	87	45	45	3	29	15	904	0	0.031247854232788086	13400	10.108684062957764	11563	13.708955223880594	
2.537119658808982e+22	45.0	4.673469387755102	77.53061224489795	40.10204081632653	11.120295733466103	268	451	45	5.0	87.0	45.0	45	3.0	29.0	15.0	906	0	0.04687190055847168	13450	10.155555963516235	11604	13.724907063197023	
6.375177020157919e+23	45.0	4.64	76.56	39.6	11.111433518923683	269	451	45	5	87	45	45	3	29	15	911	0	0.04687070846557617	13500	10.202426671981812	11649	13.711111111111109	
4.337494222641566e+34	45.0	4.612244897959184	75.75510204081633	39.183673469387756	11.064484322639087	270	452	45	5.0	87.0	45.0	45	3.0	29.0	15.0	916	0	0.031248807907104492	13550	10.233675479888916	11693	13.704797047970487	
119279308750612.33	45.0	4.5	72.5	37.5	11.064169568541313	271	452	45	5	87	45	45	3	29	15	922	0	0.031247377395629883	13600	10.264922857284546	11737	13.69852941176471	
391612434057271.06	45.0	4.448979591836735	71.0204081632653	36.734693877551024	11.064169568541313	272	454	45	5.0	87.0	45.0	45	3.0	29.0	15.0	925	0	0.031247854232788086	13650	10.296170711517334	11781	13.692307692307693	
888730.277645672	45.0	4.32	67.28	34.8	11.064169568541313	273	454	45	5	87	45	45	3	29	15	930	0	0.03124856948852539	13700	10.32741928100586	11825	13.686131386861305	
2.8723812244907247e+30	45.0	4.44	70.76	36.6	11.064169568541313	274	454	45	5	87	45	45	3	29	15	932	0	0.015622615814208984	13750	10.343041896820068	11872	13.658181818181816	
79716215555753.39	45.0	4.38	69.02	35.7	11.064169568541313	275	454	45	5	87	45	45	3	29	15	935	0	0.046872854232788086	13800	10.389914751052856	11917	13.64492753623189	
1.0100623501744711e+33	45.0	4.387755102040816	69.24489795918367	35.816326530612244	11.064169568541313	276	456	45	5.0	87.0	45.0	45	3.0	29.0	15.0	938	0	0.04687094688415527	13850	10.436785697937012	11958	13.66064981949458	
12296214872.138826	45.0	4.326530612244898	67.46938775510205	34.89795918367347	11.064169568541313	277	457	45	5.0	87.0	45.0	45	3.0	29.0	15.0	940	0	0.04687166213989258	13900	10.483657360076904	12003	13.647482014388487	
9.701759717095139e+21	45.0	4.24	64.96	33.6	10.947437428464541	278	458	45	5	87	45	45	3	29	15	942	0	0.015624523162841797	13950	10.499281883239746	12048	13.634408602150543	
1625556.6288560333	45.0	3.98	57.42	29.7	10.947437428464541	279	458	45	5	87	45	45	3	29	15	948	0	0.031247377395629883	14000	10.530529260635376	12085	13.67857142857143	
1167520.5486291228	45.0	3.96	56.84	29.4	10.79862609308956	280	458	45	5	87	45	45	3	29	15	949	0	0.015623807907104492	14050	10.54615306854248	12128	13.679715302491104	
12052227.720181752	45.0	4.06	59.74	30.9	10.79862609308956	281	458	45	5	87	45	45	3	29	15	953	0	0.015624284744262695	14100	10.561777353286743	12174	13.659574468085111	
172524440438560.94	45.0	4.16	62.64	32.4	10.79862609308956	282	458	45	5	87	45	45	3	29	15	954	0	0.015624046325683594	14150	10.577401399612427	12220	13.639575971731446	
1160880702.5040743	45.0	4.16	62.64	32.4	10.79862609308956	283	458	45	5	87	45	45	3	29	15	955	0	0.031247854232788086	14200	10.608649253845215	12264	13.633802816901408	
3.251202279102608e+20	45.0	4.08	60.32	31.2	10.79862609308956	284	459	45	5	87	45	45	3	29	15	955	0	0.015624284744262695	14250	10.624273538589478	12310	13.614035087719301	
1732993255.9225326	45.0	3.92	55.68	28.8	10.79862609308956	285	459	45	5	87	45	45	3	29	15	956	0	0.031247615814208984	14300	10.655521154403687	12353	13.615384615384613	
6639623.10872476	45.0	4.1	60.9	31.5	10.79862609308956	286	460	45	5	87	45	45	3	29	15	957	0	0.015624761581420898	14350	10.671145915985107	12397	13.609756097560975	
13043205757.9802	45.0	4.06	59.74	30.9	10.79862609308956	287	460	45	5	87	45	45	3	29	15	958	0	0.03124690055847168	14400	10.702392816543579	12443	13.590277777777786	
1519802.6266478598	45.0	4.06	59.74	30.9	10.79862609308956	288	460	45	5	87	45	45	3	29	15	959	0	0.015624046325683594	14450	10.718016862869263	12490	13.564013840830441	
1470467.0625473505	45.0	4.02	58.58	30.3	10.79862609308956	289	460	45	5	87	45	45	3	29	15	959	0	0.01562356948852539	14500	10.733640432357788	12538	13.531034482758614	
356996.12829983584	45.0	4.1	60.9	31.5	10.79862609308956	290	461	45	5	87	45	45	3	29	15	960	0	0.031249046325683594	14550	10.764889478683472	12584	13.512027491408944	
678169836.4816812	45.0	4.104166666666667	61.020833333333336	31.5625	10.79862609308956	291	463	45	5.0	87.0	45.0	45	3.0	29.0	15.0	962	0	0.01562356948852539	14600	10.780513048171997	12629	13.5	
3.38666724360126e+20	45.0	4.183673469387755	63.326530612244895	32.755102040816325	10.79862609308956	292	464	45	5.0	87.0	45.0	45	3.0	29.0	15.0	964	0	0.03124690055847168	14650	10.811759948730469	12672	13.501706484641645	
3147184.2864040234	45.0	4.183673469387755	63.326530612244895	32.755102040816325	10.79862609308956	293	465	45	5.0	87.0	45.0	45	3.0	29.0	15.0	968	0	0.0156252384185791	14700	10.827385187149048	12715	13.503401360544217	
1808261375.605795	45.0	4.08	60.32	31.2	10.79862609308956	294	465	45	5	87	45	45	3	29	15	968	0	0.031247377395629883	14750	10.858632564544678	12760	13.491525423728817	
423603.34376843466	45.0	3.92	55.68	28.8	10.79862609308956	295	465	45	5	87	45	45	3	29	15	972	0	0.015623331069946289	14800	10.874255895614624	12803	13.493243243243242	
453652.0775812415	45.0	4.04	59.16	30.6	10.79862609308956	296	465	45	5	87	45	45	3	29	15	975	0	0.015624284744262695	14850	10.889880180358887	12845	13.501683501683502	
3815753.7834722404	45.0	4.04	59.16	30.6	10.79862609308956	297	465	45	5	87	45	45	3	29	15	979	0	0.015624284744262695	14900	10.90550446510315	12888	13.50335570469798	
1297176.3315348679	45.0	3.98	57.42	29.7	10.79862609308956	298	465	45	5	87	45	45	3	29	15	980	0	0.031247377395629883	14950	10.93675184249878	12934	13.48494983277591	
100175850.51816294	45.0	4.02	58.58	30.3	10.79862609308956	299	465	45	5	87	45	45	3	29	15	984	0	0.03125119209289551	15000	10.968003034591675	12978	13.480000000000004	
1042863.3765986337	45.0	3.92	55.68	28.8	10.795835273419426	300	465	45	5	87	45	45	3	29	15	986	0	0.03124523162841797	15050	10.999248266220093	13023	13.468438538205987	
87137129.52498613	45.0	4.0	58.0	30.0	10.795835273419426	301	465	45	5	87	45	45	3	29	15	990	0	0.015622615814208984	15100	11.014870882034302	13066	13.47019867549669	
2403850882.445891	45.0	4.0	58.0	30.0	10.795835273419426	302	465	45	5	87	45	45	3	29	15	992	0	0.031249046325683594	15150	11.046119928359985	13109	13.471947194719462	
59758789.9880018	45.0	4.0	58.0	30.0	10.216105417922162	303	465	45	5	87	45	45	3	29	15	993	0	0.031246662139892578	15200	11.077366590499878	13155	13.453947368421055	
861436786.240548	45.0	3.96	56.84	29.4	10.216105417922162	304	465	45	5	87	45	45	3	29	15	999	0	0.015623807907104492	15250	11.092990398406982	13193	13.488524590163934	
43944069.80918298	45.0	3.98	57.42	29.7	10.216105417922162	305	465	45	5	87	45	45	3	29	15	1004	0	0.031247854232788086	15300	11.12423825263977	13233	13.509803921568633	
935373282.1200309	45.0	4.02	58.58	30.3	10.214843778579057	306	465	45	5	87	45	45	3	29	15	1006	0	0.03124833106994629	15350	11.155486583709717	13277	13.504885993485345	
202508142008239.7	45.0	4.04	59.16	30.6	10.163953267806848	307	465	45	5	87	45	45	3	29	15	1010	0	0.031247615814208984	15400	11.186734199523926	13318	13.519480519480524	
1.4310372700988533e+19	45.0	4.12	61.48	31.8	10.163953267806848	308	465	45	5	87	45	45	3	29	15	1017	0	0.015624046325683594	15450	11.20235824584961	13360	13.527508090614887	
4.598520491835436e+22	45.0	4.04	59.16	30.6	10.154609109251137	309	465	45	5	87	45	45	3	29	15	1020	0	0.031247615814208984	15500	11.233605861663818	13404	13.522580645161284	
1376471.515292636	45.0	3.96	56.84	29.4	10.154609109251137	310	465	45	5	87	45	45	3	29	15	1022	0	0.031248092651367188	15550	11.264853954315186	13447	13.524115755627008	
2146631107.4784865	45.0	4.142857142857143	62.142857142857146	32.142857142857146	10.154609109251137	311	466	45	5.0	87.0	45.0	45	3.0	29.0	15.0	1028	0	0.03124833106994629	15600	11.296102285385132	13484	13.56410256410257	
51392207.358693406	45.0	4.1	60.9	31.5	10.154609109251137	312	466	45	5	87	45	45	3	29	15	1035	0	0.03124690055847168	15650	11.327349185943604	13526	13.571884984025559	
2.7184213334274335e+24	45.0	4.1	60.9	31.5	10.136224143957142	313	466	45	5	87	45	45	3	29	15	1041	0	0.015623807907104492	15700	11.342972993850708	13565	13.59872611464968	
2.7100953192360997e+24	45.0	4.285714285714286	66.28571428571429	34.285714285714285	10.061320867442136	314	467	45	5.0	87.0	45.0	45	3.0	29.0	15.0	1044	0	0.031247615814208984	15750	11.374220609664917	13609	13.593650793650795	
5.078344271139746e+24	45.0	4.285714285714286	66.28571428571429	34.285714285714285	10.061320867442136	315	468	45	5.0	87.0	45.0	45	3.0	29.0	15.0	1048	0	0.031249523162841797	15800	11.405470132827759	13653	13.588607594936704	
193461355.4392294	45.0	4.08	60.32	31.2	10.061320867442136	316	469	45	5	87	45	45	4	58	30	1050	0	0.03124690055847168	15850	11.43671703338623	13699	13.570977917981082	
1.0845369372835962e+34	45.0	4.12	61.48	31.8	10.061320867442136	317	469	45	5	87	45	45	3	29	15	1053	0	0.015624046325683594	15900	11.452341079711914	13744	13.559748427672957	
4.598520491810701e+22	45.0	3.96	56.84	29.4	10.061320867442136	318	469	45	5	87	45	45	3	29	15	1056	0	0.03124833106994629	15950	11.48358941078186	13785	13.573667711598745	
179712304557482.34	45.0	4.1	60.9	31.5	10.061320867442136	319	469	45	5	87	45	45	3	29	15	1059	0	0.031247615814208984	16000	11.51483702659607	13826	13.587499999999991	
16567034.081995727	45.0	4.02	58.58	30.3	10.061320867442136	320	469	45	5	87	45	45	3	29	15	1064	0	0.031247377395629883	16050	11.5460844039917	13869	13.588785046728972	
1453692702.2348118	45.0	4.14	62.06	32.1	10.061320867442136	321	469	45	5	87	45	45	3	29	15	1069	0	0.015623807907104492	16100	11.561708211898804	13912	13.590062111801231	
8056066.636475648	45.0	3.98	57.42	29.7	10.061320867442136	322	469	45	5	87	45	45	3	29	15	1070	0	0.03124856948852539	16150	11.592956781387329	13955	13.591331269349851	
1365545.3344639437	45.0	3.96	56.84	29.4	10.061320867442136	323	469	45	5	87	45	45	3	29	15	1077	0	0.031247615814208984	16200	11.624204397201538	13996	13.604938271604937	
3.428803627499411e+20	45.0	3.98	57.42	29.7	10.061320867442136	324	469	45	5	87	45	45	3	29	15	1081	0	0.015624046325683594	16250	11.639828443527222	14038	13.612307692307695	
8308798.904569976	45.0	3.98	57.42	29.7	10.061320867442136	325	469	45	5	87	45	45	3	29	15	1084	0	0.031249046325683594	16300	11.671077489852905	14080	13.619631901840492	
537076.3814157363	45.0	3.82	52.78	27.3	10.061320867442136	326	469	45	5	87	45	45	3	29	15	1086	0	0.015622377395629883	16350	11.686699867248535	14124	13.614678899082563	
20162240.510594323	45.0	3.96	56.84	29.4	10.061320867442136	327	469	45	5	87	45	45	3	29	15	1091	0	0.031248092651367188	16400	11.717947959899902	14166	13.621951219512198	
484235.36575410987	45.0	4.0	58.0	30.0	10.061320867442136	328	469	45	5	87	45	45	3	29	15	1098	0	0.03124713897705078	16450	11.749195098876953	14208	13.629179331307	
749913545.0250267	45.0	4.08	60.32	31.2	10.061320867442136	329	469	45	5	87	45	45	3	29	15	1106	0	0.015625	16500	11.764820098876953	14243	13.678787878787873	
9548565.82282518	45.0	3.94	56.26	29.1	10.061320867442136	330	469	45	5	87	45	45	3	29	15	1110	0	0.031247377395629883	16550	11.796067476272583	14288	13.66767371601209	
2959618.8453983995	45.0	3.96	56.84	29.4	10.061320867442136	331	469	45	5	87	45	45	3	29	15	1114	0	0.0	16600	11.796067476272583	14331	13.668674698795186	
1506243741.5015347	45.0	3.92	55.68	28.8	10.061320867442136	332	469	45	5	87	45	45	3	29	15	1121	0	0.031247615814208984	16650	11.827315092086792	14371	13.687687687687685	
24392505.997850016	45.0	3.92	55.68	28.8	10.061320867442136	333	469	45	5	87	45	45	3	29	15	1122	0	0.031247615814208984	16700	11.858562707901001	14413	13.69461077844312	
378277.8077455145	45.0	4.0	58.0	30.0	10.061320867442136	334	469	45	5	87	45	45	3	29	15	1128	0	0.03124833106994629	16750	11.889811038970947	14456	13.6955223880597	
807141840.263462	45.0	4.06	59.74	30.9	10.061320867442136	335	469	45	5	87	45	45	3	29	15	1134	0	0.015623807907104492	16800	11.905434846878052	14498	13.702380952380949	
445832889.78535163	45.0	3.86	53.94	27.9	10.061320867442136	336	469	45	5	87	45	45	3	29	15	1139	0	0.031249046325683594	16850	11.936683893203735	14535	13.738872403560833	
14421771.5298856	45.0	3.86	53.94	27.9	10.06122906416353	337	469	45	5	87	45	45	3	29	15	1143	0	0.031247854232788086	16900	11.967931747436523	14575	13.757396449704146	
13893647.699088903	45.0	3.8	52.2	27.0	10.06122906416353	338	469	45	5	87	45	45	3	29	15	1146	0	0.031248092651367188	16950	11.99917984008789	14617	13.764011799410028	
59728515.343097866	45.0	3.94	56.26	29.1	10.06122906416353	339	469	45	5	87	45	45	3	29	15	1149	0	0.015623092651367188	17000	12.014802932739258	14662	13.752941176470586	
385152491.1253478	45.0	3.88	54.52	28.2	10.06122906416353	340	469	45	5	87	45	45	3	29	15	1153	0	0.015623331069946289	17050	12.030426263809204	14703	13.765395894428153	
663338.673232884	45.0	3.92	55.68	28.8	10.06122906416353	341	469	45	5	87	45	45	3	29	15	1156	0	0.015623807907104492	17100	12.046050071716309	14748	13.754385964912288	
10032379.476443173	45.0	4.0	58.0	30.0	10.06122906416353	342	469	45	5	87	45	45	3	29	15	1160	0	0.015624523162841797	17150	12.06167459487915	14789	13.766763848396508	
1.2516796556398729e+30	45.0	4.14	62.06	32.1	10.0508370684451	343	470	45	5	87	45	45	3	29	15	1161	0	0.03124856948852539	17200	12.092923164367676	14834	13.75581395348837	
85890059.64433037	45.0	4.0	58.0	30.0	10.0508370684451	344	470	45	5	87	45	45	3	29	15	1165	0	0.03124690055847168	17250	12.124170064926147	14879	13.744927536231884	
6.210000176412176e+16	45.0	4.02	58.58	30.3	10.0508370684451	345	470	45	5	87	45	45	3	29	15	1168	0	0.015623807907104492	17300	12.139793872833252	14924	13.734104046242777	
5.651663360978969e+27	45.0	4.02	58.58	30.3	10.0508370684451	346	470	45	5	87	45	45	3	29	15	1173	0	0.015624284744262695	17350	12.155418157577515	14965	13.74639769452449	
507892.3642831274	45.0	4.0	58.0	30.0	10.0508370684451	347	470	45	5	87	45	45	3	29	15	1183	0	0.015623331069946289	17400	12.171041488647461	15002	13.781609195402297	
928744.6252555354	45.0	3.96	56.84	29.4	10.0508370684451	348	470	45	4	58	30	45	3	29	15	1191	0	0.015624046325683594	17450	12.186665534973145	15040	13.810888252148999	
1424107.3203748644	45.0	4.0	58.0	30.0	10.05005018319903	349	470	45	5	87	45	45	3	29	15	1197	0	0.015623331069946289	17500	12.20228886604309	15083	13.811428571428578	
1336713422506.5708	45.0	3.96	56.84	29.4	10.05005018319903	350	470	45	5	87	45	45	3	29	15	1201	0	0.0312497615814209	17550	12.233538627624512	15126	13.811965811965806	
4823654.239916837	45.0	4.04	59.16	30.6	10.05005018319903	351	470	45	5	87	45	45	3	29	15	1205	0	0.015624046325683594	17600	12.249162673950195	15167	13.823863636363626	
905569638.725883	45.0	3.96	56.84	29.4	10.05005018319903	352	470	45	5	87	45	45	3	29	15	1212	0	0.03124690055847168	17650	12.280409574508667	15207	13.84135977337111	
8858410.817895047	45.0	3.96	56.84	29.4	10.05005018319903	353	470	45	5	87	45	45	3	29	15	1218	0	0.031247615814208984	17700	12.311657190322876	15249	13.847457627118644	
9.835196419774464e+33	45.0	4.06	59.74	30.9	10.05005018319903	354	470	45	5	87	45	45	3	29	15	1220	0	0.031247615814208984	17750	12.342904806137085	15292	13.847887323943667	
872234.843339745	45.0	4.0	58.0	30.0	10.05005018319903	355	470	45	5	87	45	45	3	29	15	1225	0	0.015624046325683594	17800	12.358528852462769	15334	13.853932584269671	
928681239.3353885	45.0	3.92	55.68	28.8	10.043278096492122	356	470	45	5	87	45	45	3	29	15	1229	0	0.031247615814208984	17850	12.389776468276978	15376	13.859943977591044	
757842891.4331788	45.0	4.0	58.0	30.0	10.043278096492122	357	470	45	5	87	45	45	3	29	15	1234	0	0.03124833106994629	17900	12.421024799346924	15418	13.865921787709496	
796040.2136622879	45.0	4.02	58.58	30.3	10.043278096492122	358	471	45	5	87	45	45	3	29	15	1239	0	0.015624523162841797	17950	12.436649322509766	15460	13.871866295264624	
603370.6096560028	45.0	4.06	59.74	30.9	10.043278096492122	359	471	45	5	87	45	45	3	29	15	1244	0	0.031247377395629883	18000	12.467896699905396	15502	13.87777777777778	
1099504878815.1305	45.0	4.0	58.0	30.0	10.042884653870725	360	471	45	5	87	45	45	3	29	15	1252	0	0.031247377395629883	18050	12.499144077301025	15543	13.88919667590028	
199382530.0964823	45.0	4.0	58.0	30.0	10.042884653870725	361	471	45	5	87	45	45	3	29	15	1257	0	0.031248092651367188	18100	12.530392169952393	15587	13.883977900552495	
9.74178723483961e+22	45.0	4.1	60.9	31.5	10.042884653870725	362	471	45	5	87	45	45	3	29	15	1261	0	0.031247615814208984	18150	12.561639785766602	15626	13.906336088154276	
872369652.5836127	45.0	3.96	56.84	29.4	10.042884653870725	363	471	45	5	87	45	45	3	29	15	1265	0	0.031249046325683594	18200	12.592888832092285	15667	13.917582417582423	
11939392.97361541	45.0	3.98	57.42	29.7	10.042884653870725	364	471	45	5	87	45	45	3	29	15	1275	0	0.015624523162841797	18250	12.608513355255127	15704	13.950684931506856	
2.7490514285714478e+23	45.0	3.96	56.84	29.4	10.042884653870725	365	471	45	5	87	45	45	3	29	15	1277	0	0.031246662139892578	18300	12.63976001739502	15748	13.945355191256823	
886166.1361093167	45.0	3.98	57.42	29.7	10.042884653870725	366	471	45	5	87	45	45	3	29	15	1283	0	0.031247615814208984	18350	12.671007633209229	15791	13.945504087193456	
1.2716577083338732e+28	45.0	3.98	57.42	29.7	10.042884653870725	367	471	45	5	87	45	45	3	29	15	1286	0	0.015624046325683594	18400	12.686631679534912	15834	13.945652173913047	
1.2404737858785078e+38	45.0	4.0	58.0	30.0	10.042884653870725	368	471	45	5	87	45	45	3	29	15	1291	0	0.03124833106994629	18450	12.717880010604858	15876	13.951219512195124	
2.9026508852462463e+24	45.0	4.02	58.58	30.3	10.032670730567567	369	471	45	5	87	45	45	3	29	15	1297	0	0.015623807907104492	18500	12.733503818511963	15915	13.972972972972968	
5.623673469490045e+22	45.0	4.02	58.58	30.3	10.032670730567567	370	471	45	5	87	45	45	3	29	15	1299	0	0.03124713897705078	18550	12.764750957489014	15956	13.983827493261458	
294782.0404629685	45.0	3.96	56.84	29.4	10.028295721270739	371	471	45	5	87	45	45	3	29	15	1308	0	0.015624284744262695	18600	12.780375242233276	15990	14.032258064516128	
65132557049207.52	45.0	3.96	56.84	29.4	10.028295721270739	372	471	45	5	87	45	45	3	29	15	1312	0	0.015624046325683594	18650	12.79599928855896	16033	14.032171581769433	
1.9107744682199482e+19	45.0	3.98	57.42	29.7	10.028295721270739	373	471	45	5	87	45	45	3	29	15	1316	0	0.03124713897705078	18700	12.82724642753601	16077	14.026737967914443	
699078425973.9022	45.0	3.98	57.42	29.7	10.02827604913959	374	471	45	5	87	45	45	3	29	15	1324	0	0.031248092651367188	18750	12.858494520187378	16112	14.069333333333333	
68056558892083.26	45.0	4.02	58.58	30.3	10.02827604913959	375	471	45	5	87	45	45	3	29	15	1327	0	0.015625	18800	12.874119520187378	16158	14.053191489361708	
16596952344262.66	45.0	4.06	59.74	30.9	10.02827604913959	376	471	45	5	87	45	45	3	29	15	1331	0	0.015623331069946289	18850	12.889742851257324	16203	14.042440318302383	
204022223820440.84	45.0	3.98	57.42	29.7	10.015015737691245	377	471	45	5	87	45	45	3	29	15	1337	0	0.031247854232788086	18900	12.920990705490112	16245	14.047619047619037	
1.321696794916216e+26	45.0	3.98	57.42	29.7	10.015015737691245	378	471	45	5	87	45	45	3	29	15	1339	0	0.01562356948852539	18950	12.936614274978638	16290	14.036939313984163	
91041263139684.05	45.0	4.02	58.58	30.3	10.015015737691245	379	471	45	5	87	45	45	3	29	15	1342	0	0.0156252384185791	19000	12.952239513397217	16337	14.015789473684208	
61684480228632.63	45.0	4.04	59.16	30.6	10.015015737691245	380	471	45	5	87	45	45	3	29	15	1343	0	0.031247615814208984	19050	12.983487129211426	16383	14.0	
2619181189837.7456	45.0	4.12	61.48	31.8	10.015015737691245	381	471	45	5	87	45	45	3	29	15	1349	0	0.015622854232788086	19100	12.999109983444214	16425	14.005235602094245	
1205226190768592.0	45.0	4.08	60.32	31.2	10.015015737691245	382	471	45	5	87	45	45	3	29	15	1354	0	0.015624284744262695	19150	13.014734268188477	16466	14.01566579634465	
37777060276827.984	45.0	3.96	56.84	29.4	10.015015737691245	383	471	45	5	87	45	45	3	29	15	1360	0	0.015624046325683594	19200	13.03035831451416	16505	14.036458333333329	
131501107852056.47	45.0	4.08	60.32	31.2	10.015015737691245	384	471	45	5	87	45	45	3	29	15	1362	0	0.031247377395629883	19250	13.06160569190979	16549	14.031168831168827	
4.337800123756058e+22	45.0	4.0	58.0	30.0	10.015015737691245	385	471	45	5	87	45	45	3	29	15	1368	0	0.031247854232788086	19300	13.092853546142578	16590	14.041450777202073	
138126274191227.52	45.0	3.92	55.68	28.8	10.014307540969934	386	471	45	5	87	45	45	3	29	15	1372	0	0.031249284744262695	19350	13.12410283088684	16635	14.031007751937992	
65454701931607.53	45.0	3.98	57.42	29.7	10.014307540969934	387	471	45	5	87	45	45	3	29	15	1374	0	0.03124690055847168	19400	13.155349731445312	16683	14.00515463917526	
577641499705111.2	45.0	4.02	58.58	30.3	10.014307540969934	388	471	45	5	87	45	45	3	29	15	1375	0	0.01562356948852539	19450	13.170973300933838	16728	13.994858611825194	
1.0730899225169406e+28	45.0	4.02	58.58	30.3	10.014307540969934	389	471	45	5	87	45	45	3	29	15	1376	0	0.031248092651367188	19500	13.202221393585205	16773	13.984615384615381	
142664392262718.8	45.0	4.06	59.74	30.9	10.014307540969934	390	471	45	5	87	45	45	4	58	30	1379	0	0.031247615814208984	19550	13.233469009399414	16817	13.979539641943745	
1.0468359657626392e+16	45.0	4.02	58.58	30.3	10.014307540969934	391	471	45	5	87	45	45	3	29	15	1382	0	0.031248092651367188	19600	13.264717102050781	16860	13.979591836734699	
43339190217184.836	45.0	4.04	59.16	30.6	10.014307540969934	392	471	45	5	87	45	45	3	29	15	1387	0	0.031247615814208984	19650	13.29596471786499	16903	13.979643765903305	
243582785292198.12	45.0	4.02	58.58	30.3	10.014307540969934	393	471	45	5	87	45	45	3	29	15	1390	0	0.015624046325683594	19700	13.311588764190674	16948	13.969543147208114	
3431083933731.21	45.0	4.04	59.16	30.6	10.014307540969934	394	471	45	5	87	45	45	3	29	15	1390	0	0.031247854232788086	19750	13.342836618423462	16997	13.939240506329114	
730384412407.2316	45.0	4.08	60.32	31.2	10.014307540969934	395	471	45	5	87	45	45	3	29	15	1390	0	0.03124833106994629	19800	13.374084949493408	17044	13.919191919191917	
7.680000004083526e+22	45.0	3.92	55.68	28.8	10.014307540969934	396	471	45	5	87	45	45	3	29	15	1393	0	0.015623807907104492	19850	13.389708757400513	17087	13.919395465994967	
1.5306142300787526e+34	45.0	3.96	56.84	29.4	10.014307540969934	397	471	45	5	87	45	45	3	29	15	1396	0	0.031247615814208984	19900	13.420956373214722	17131	13.914572864321599	
151273648311365.47	45.0	4.02	58.58	30.3	10.014307540969934	398	471	45	5	87	45	45	3	29	15	1399	0	0.015624046325683594	19950	13.436580419540405	17173	13.919799498746869	
1.3349132190179167e+22	45.0	4.08	60.32	31.2	10.014307540969934	399	471	45	5	87	45	45	3	29	15	1402	0	0.015623807907104492	20000	13.45220422744751	17214	13.929999999999993	
4.798456202749059e+22	45.0	4.22	64.38	33.3	10.014307540969934	400	471	45	5	87	45	45	3	29	15	1407	0	0.031247854232788086	20050	13.483452081680298	17256	13.935162094763086	
16437357478021.205	45.0	4.1	60.9	31.5	10.014307540969934	401	471	45	5	87	45	45	3	29	15	1410	0	0.03124856948852539	20100	13.514700651168823	17301	13.925373134328353	
4.170317756246275e+16	45.0	4.08	60.32	31.2	10.014307540701573	402	471	45	5	87	45	45	3	29	15	1414	0	0.015623092651367188	20150	13.53032374382019	17345	13.920595533498755	
4.90508852947832e+22	45.0	4.163265306122449	62.734693877551024	32.44897959183673	10.014307540701573	403	472	45	5.0	87.0	45.0	45	3.0	29.0	15.0	1419	0	0.04687213897705078	20200	13.577195882797241	17385	13.93564356435644	
41168878755746.08	45.0	3.98	57.42	29.7	10.014307540701573	404	472	45	5	87	45	45	3	29	15	1421	0	0.031248092651367188	20250	13.608443975448608	17428	13.935802469135808	
984972971727.3849	45.0	3.98	57.42	29.7	10.014307540701573	405	472	45	5	87	45	45	3	29	15	1424	0	0.031247854232788086	20300	13.639691829681396	17470	13.940886699507388	
836927393.8970228	45.0	4.02	58.58	30.3	10.014307540701573	406	472	45	5	87	45	45	3	29	15	1427	0	0.015624284744262695	20350	13.65531611442566	17511	13.95085995085995	
4.696395395890874e+18	45.0	4.08	60.32	31.2	10.014307540701573	407	472	45	5	87	45	45	3	29	15	1431	0	0.031247377395629883	20400	13.686563491821289	17551	13.965686274509807	
7.214731072674789e+33	45.0	3.979591836734694	57.40816326530612	29.693877551020407	10.014307540701573	408	473	45	5.0	87.0	45.0	45	3.0	29.0	15.0	1435	0	0.015624761581420898	20450	13.70218825340271	17589	13.990220048899758	
1128390375.9200776	45.0	3.8	52.2	27.0	10.014307540701573	409	473	45	5	87	45	45	3	29	15	1440	0	0.015623092651367188	20500	13.717811346054077	17629	14.004878048780483	
1356638815.8447545	45.0	3.78	51.62	26.7	10.014307540701573	410	473	45	5	87	45	45	3	29	15	1443	0	0.015624046325683594	20550	13.73343539237976	17669	14.019464720194648	
2193362.060253653	45.0	3.82	52.78	27.3	10.014307540701573	411	473	45	5	87	45	45	3	29	15	1451	0	0.015624046325683594	20600	13.749059438705444	17705	14.053398058252426	
460973.05857512396	45.0	4.0	58.0	30.0	10.014307540701573	412	473	45	5	87	45	45	3	29	15	1457	0	0.031248092651367188	20650	13.780307531356812	17746	14.062953995157386	
6760244.232946584	45.0	4.06	59.74	30.9	10.014307540701573	413	473	45	5	87	45	45	3	29	15	1461	0	0.031248092651367188	20700	13.811555624008179	17784	14.08695652173914	
3.449217888396782e+33	45.0	4.04	59.16	30.6	10.014307540701573	414	473	45	5	87	45	45	3	29	15	1466	0	0.031247377395629883	20750	13.842803001403809	17823	14.10602409638554	
698506.7030907507	45.0	4.0	58.0	30.0	10.014307540701573	415	473	45	5	87	45	45	3	29	15	1474	0	0.031246662139892578	20800	13.874049663543701	17861	14.129807692307693	
81143152.00301129	45.0	3.94	56.26	29.1	10.014307540701573	416	473	45	5	87	45	45	3	29	15	1482	0	0.015626907348632812	20850	13.889676570892334	17899	14.153477218225419	
118315100.34510432	45.0	4.061224489795919	59.775510204081634	30.918367346938776	10.014307540701573	417	474	45	5.0	87.0	45.0	45	3.0	29.0	15.0	1485	0	0.031247615814208984	20900	13.920924186706543	17944	14.143540669856463	
1.7324658597117952e+23	45.0	4.145833333333333	62.229166666666664	32.1875	10.014307540701573	418	476	45	5.0	87.0	45.0	45	4.0	58.0	30.0	1491	0	0.015621662139892578	20950	13.936545848846436	17984	14.157517899761345	
1468682.871808749	45.0	4.02	58.58	30.3	10.014307540701573	419	476	45	5	87	45	45	3	29	15	1497	0	0.03125119209289551	21000	13.967797040939331	18025	14.166666666666671	
1736532094.2854745	45.0	4.02	58.58	30.3	9.94006939424018	420	476	45	5	87	45	45	3	29	15	1503	0	0.031246662139892578	21050	13.999043703079224	18067	14.171021377672204	
201145.92942927947	45.0	4.06	59.74	30.9	9.94006939424018	421	476	45	5	87	45	45	3	29	15	1511	0	0.015623092651367188	21100	14.01466679573059	18106	14.189573459715646	
3.57946099077486e+29	45.0	4.0	58.0	30.0	9.94006939424018	422	476	45	5	87	45	45	3	29	15	1517	0	0.0312497615814209	21150	14.045916557312012	18143	14.217494089834517	
60870854.65186535	45.0	4.02	58.58	30.3	9.94006939424018	423	476	45	5	87	45	45	3	29	15	1522	0	0.015624284744262695	21200	14.061540842056274	18182	14.235849056603783	
1918416443.4046872	45.0	4.06	59.74	30.9	9.94006939424018	424	476	45	5	87	45	45	4	58	30	1528	0	0.031246185302734375	21250	14.092787027359009	18222	14.249411764705883	
73503623.15486234	45.0	4.04	59.16	30.6	9.94006939424018	425	476	45	5	87	45	45	3	29	15	1536	0	0.03125	21300	14.124037027359009	18259	14.27699530516432	
66080945.11296304	45.0	3.94	56.26	29.1	9.94006939424018	426	476	45	4	58	30	45	3	29	15	1541	0	0.015622854232788086	21350	14.139659881591797	18299	14.2903981264637	
5.722553191489437e+22	45.0	3.98	57.42	29.7	9.94006939424018	427	476	45	5	87	45	45	3	29	15	1545	0	0.031247615814208984	21400	14.170907497406006	18343	14.285046728971963	
500282.69799598446	45.0	4.1	60.9	31.5	9.94006939424018	428	476	45	5	87	45	45	3	29	15	1550	0	0.015622854232788086	21450	14.186530351638794	18386	14.284382284382275	
8653836.991582513	45.0	4.0	58.0	30.0	9.94006939424018	429	476	45	5	87	45	45	3	29	15	1555	0	0.0156252384185791	21500	14.202155590057373	18426	14.297674418604657	
1332148.749862239	45.0	4.0	58.0	30.0	9.94006939424018	430	476	45	5	87	45	45	3	29	15	1558	0	0.04686927795410156	21550	14.249024868011475	18470	14.292343387470993	
169462022.46490094	45.0	4.06	59.74	30.9	9.94006939424018	431	476	45	5	87	45	45	3	29	15	1563	0	0.031249523162841797	21600	14.280274391174316	18511	14.300925925925924	
73804609111779.83	45.0	4.04	59.16	30.6	9.94006939424018	432	476	45	5	87	45	45	3	29	15	1569	0	0.015622377395629883	21650	14.295896768569946	18548	14.327944572748265	
8004475.84582118	45.0	4.1	60.9	31.5	9.925321787909915	433	476	45	5	87	45	45	3	29	15	1572	0	0.031248092651367188	21700	14.327144861221313	18591	14.327188940092157	
1022994.2868630151	45.0	4.08	60.32	31.2	9.925164410860226	434	476	45	5	87	45	45	3	29	15	1582	0	0.03124690055847168	21750	14.358391761779785	18624	14.372413793103448	
104585.56871053575	45.0	3.98	57.42	29.7	9.925164410860226	435	476	45	5	87	45	45	3	29	15	1586	0	0.0312497615814209	21800	14.389641523361206	18662	14.394495412844037	
73518643625.03317	45.0	4.0	58.0	30.0	9.925164410860226	436	476	45	5	87	45	45	3	29	15	1593	0	0.031246662139892578	21850	14.420888185501099	18700	14.416475972540042	
351447.0530370501	45.0	3.98	57.42	29.7	9.925164410860226	437	476	45	5	87	45	45	3	29	15	1596	0	0.03124833106994629	21900	14.452136516571045	18741	14.424657534246577	
384262.3072323728	45.0	4.04	59.16	30.6	9.925164410860226	438	476	45	5	87	45	45	3	29	15	1602	0	0.031247615814208984	21950	14.483384132385254	18783	14.428246013667419	
716551505.8077152	45.0	3.96	56.84	29.4	9.925164410860226	439	476	45	5	87	45	45	3	29	15	1606	0	0.015624284744262695	22000	14.499008417129517	18825	14.431818181818173	
2908409.3152373782	45.0	3.98	57.42	29.7	9.925164410860226	440	476	45	5	87	45	45	3	29	15	1612	0	0.031247615814208984	22050	14.530256032943726	18865	14.444444444444443	
681140.9441583686	45.0	3.86	53.94	27.9	9.925164410860226	441	476	45	5	87	45	45	3	29	15	1618	0	0.03124833106994629	22100	14.561504364013672	18906	14.452488687782804	
108471.83519673067	45.0	3.88	54.52	28.2	9.925164410860226	442	476	45	5	87	45	45	3	29	15	1624	0	0.031247854232788086	22150	14.59275221824646	18943	14.47855530474041	
426037.1681485835	45.0	3.96	56.84	29.4	9.925164410860226	443	476	45	5	87	45	45	3	29	15	1630	0	0.015623807907104492	22200	14.608376026153564	18984	14.486486486486484	
19981534.70323784	45.0	4.0	58.0	30.0	9.925164410860226	444	476	45	5	87	45	45	3	29	15	1635	0	0.031247377395629883	22250	14.639623403549194	19025	14.49438202247191	
90315787.13316159	45.0	4.06	59.74	30.9	9.925164410860226	445	476	45	5	87	45	45	3	29	15	1640	0	0.015624523162841797	22300	14.655247926712036	19066	14.502242152466366	
870159172.4041018	45.0	4.04	59.16	30.6	9.925164410860226	446	476	45	5	87	45	45	3	29	15	1645	0	0.031247854232788086	22350	14.686495780944824	19109	14.50111856823267	
2.5375611532420624e+16	45.0	3.94	56.26	29.1	9.925164410860226	447	476	45	4	58	30	45	3	29	15	1655	0	0.015624046325683594	22400	14.702119827270508	19144	14.535714285714292	
533981.0677443505	45.0	3.98	57.42	29.7	9.925164410860226	448	476	45	5	87	45	45	3	29	15	1659	0	0.015623092651367188	22450	14.717742919921875	19183	14.552338530066805	
476415.90970953245	45.0	3.98	57.42	29.7	9.925164410860226	449	476	45	5	87	45	45	3	29	15	1665	0	0.031247615814208984	22500	14.748990535736084	19217	14.591111111111104	
2.5645860000920233e+24	45.0	4.204081632653061	63.91836734693877	33.06122448979592	9.925164410860226	450	477	45	5.0	87.0	45.0	45	4.0	58.0	30.0	1670	0	0.031248807907104492	22550	14.780239343643188	19256	14.607538802660756	
675905.6970509579	45.0	4.166666666666667	62.833333333333336	32.5	9.912934741952544	451	479	45	5.0	87.0	45.0	45	4.0	58.0	30.0	1677	0	0.031247377395629883	22600	14.811486721038818	19296	14.619469026548671	
1129708.7729266214	45.0	4.08	60.32	31.2	9.912934741952544	452	479	45	5	87	45	45	3	29	15	1682	0	0.015624046325683594	22650	14.827110767364502	19339	14.618101545253865	
2.464200000001038e+19	45.0	4.3061224489795915	66.87755102040816	34.59183673469388	9.912934741952544	453	480	45	5.0	87.0	45.0	45	3.0	29.0	15.0	1691	0	0.015623807907104492	22700	14.842734575271606	19378	14.634361233480178	
9.197040986886643e+22	45.0	4.326530612244898	67.46938775510205	34.89795918367347	9.912934741952544	454	481	45	5.0	87.0	45.0	45	3.0	29.0	15.0	1693	0	0.03124856948852539	22750	14.873983144760132	19422	14.62857142857142	
1.742316521739191e+33	45.0	4.551020408163265	73.9795918367347	38.265306122448976	9.912934741952544	455	482	45	5.0	87.0	45.0	45	3.0	29.0	15.0	1697	0	0.04687237739562988	22800	14.920855522155762	19465	14.627192982456137	
2.9651673890444864e+33	45.0	4.6	75.4	39.0	9.912934741952544	456	482	45	5	87	45	45	4	58	30	1707	0	0.031248092651367188	22850	14.952103614807129	19505	14.638949671772423	
1.9608059485772014e+24	45.0	4.3125	67.0625	34.6875	9.912934741952544	457	485	45	5.0	87.0	45.0	45	3.0	29.0	15.0	1713	0	0.031246423721313477	22900	14.983350038528442	19544	14.655021834061131	
1.0498835508523998e+27	45.0	4.42	70.18	36.3	9.912934741952544	458	485	45	5	87	45	45	3	29	15	1715	0	0.015623807907104492	22950	14.998973846435547	19592	14.631808278867098	
2.381727347023133e+21	45.0	4.448979591836735	71.0204081632653	36.734693877551024	9.912934741952544	459	486	45	5.0	87.0	45.0	45	3.0	29.0	15.0	1716	0	0.03124833106994629	23000	15.030222177505493	19638	14.61739130434782	
4.696361353363875e+22	45.0	4.408163265306122	69.83673469387755	36.12244897959184	9.912934741952544	460	488	45	5.0	87.0	45.0	45	3.0	29.0	15.0	1718	0	0.031247854232788086	23050	15.061470031738281	19683	14.607375271149664	
4.504673179905934e+22	45.0	4.12	61.48	31.8	9.912934741952544	461	488	45	5	87	45	45	3	29	15	1720	0	0.031247615814208984	23100	15.09271764755249	19728	14.597402597402592	
8.985623739713743e+27	45.0	4.204081632653061	63.91836734693877	33.06122448979592	9.912934741952544	462	490	45	5.0	87.0	45.0	45	3.0	29.0	15.0	1721	0	0.03124833106994629	23150	15.123965978622437	19771	14.59611231101512	
635164.7470116412	45.0	4.270833333333333	65.85416666666667	34.0625	9.912934741952544	463	493	45	5.0	87.0	45.0	45	3.0	29.0	15.0	1723	0	0.01562356948852539	23200	15.139589548110962	19813	14.599137931034477	
1413641.3958783897	45.0	4.020408163265306	58.59183673469388	30.306122448979593	9.912934741952544	464	494	45	5.0	87.0	45.0	45	3.0	29.0	15.0	1725	0	0.031247854232788086	23250	15.17083740234375	19855	14.602150537634401	
12930508725054.912	45.0	4.04	59.16	30.6	9.912934741952544	465	494	45	5	87	45	45	3	29	15	1730	0	0.031248092651367188	23300	15.202085494995117	19894	14.618025751072963	
2.6027438298778325e+24	45.0	4.2	63.8	33.0	9.912934741952544	466	494	45	5	87	45	45	3	29	15	1734	0	0.031247615814208984	23350	15.233333110809326	19937	14.61670235546039	
1068064.408015799	45.0	4.26	65.54	33.9	9.912934741952544	467	494	45	5	87	45	45	3	29	15	1737	0	0.031247854232788086	23400	15.264580965042114	19981	14.611111111111114	
2.5415561191901114e+24	45.0	4.18	63.22	32.7	9.912934741952544	468	494	45	5	87	45	45	3	29	15	1739	0	0.031247854232788086	23450	15.295828819274902	20026	14.60127931769722	
2.0785530434782687e+26	45.0	4.26	65.54	33.9	9.91293419772777	469	494	45	5	87	45	45	3	29	15	1744	0	0.015622854232788086	23500	15.31145167350769	20070	14.59574468085107	
393904.1453107796	45.0	4.36	68.44	35.4	9.91293419772777	470	494	45	5	87	45	45	3	29	15	1746	0	0.031249046325683594	23550	15.342700719833374	20114	14.590233545647564	
13470645783803.693	45.0	4.479166666666667	71.89583333333333	37.1875	9.91293419772777	471	496	45	5.0	87.0	45.0	45	4.0	58.0	30.0	1751	0	0.03124690055847168	23600	15.373947620391846	20156	14.593220338983045	
4.6963625734489604e+22	45.0	4.673469387755102	77.53061224489795	40.10204081632653	9.91293419772777	472	497	45	5.0	87.0	45.0	45	3.0	29.0	15.0	1754	0	0.03124833106994629	23650	15.405195951461792	20199	14.591966173361527	
8.584965338032794e+37	45.0	4.551020408163265	73.9795918367347	38.265306122448976	9.912934197727768	473	498	45	5.0	87.0	45.0	45	3.0	29.0	15.0	1758	0	0.031247854232788086	23700	15.43644380569458	20237	14.611814345991561	
7.314938078852463e+34	45.0	4.52	73.08	37.8	9.912934197727768	474	498	45	5	87	45	45	3	29	15	1759	0	0.031248092651367188	23750	15.467691898345947	20283	14.597894736842107	
5441408462053442.0	45.0	4.591836734693878	75.16326530612245	38.87755102040816	9.912934197727768	475	499	45	5.0	87.0	45.0	45	3.0	29.0	15.0	1760	0	0.04687333106994629	23800	15.514565229415894	20328	14.588235294117652	
184418631763690.44	45.0	4.659574468085107	77.12765957446808	39.8936170212766	9.912934197727768	476	502	45	5.0	87.0	45.0	45	3.0	29.0	15.0	1765	0	0.015622138977050781	23850	15.530187368392944	20370	14.591194968553452	
2.6578125000000118e+26	45.0	4.6938775510204085	78.12244897959184	40.40816326530612	9.912934197727765	477	504	45	5.0	87.0	45.0	45	3.0	29.0	15.0	1766	0	0.04687309265136719	23900	15.577060461044312	20416	14.577405857740587	
1009934.2454446286	45.0	4.56	74.24	38.4	9.912934197727765	478	504	45	5	87	45	45	3	29	15	1771	0	0.01562356948852539	23950	15.592684030532837	20460	14.57202505219206	
1.34696782609023e+27	45.0	4.395833333333333	69.47916666666667	35.9375	9.912934197727765	479	506	45	5.0	87.0	45.0	45	3.0	29.0	15.0	1774	0	0.03124713897705078	24000	15.623931169509888	20504	14.566666666666677	
994442.2464814873	45.0	4.244897959183674	65.10204081632654	33.673469387755105	9.912934197727765	480	507	45	5.0	87.0	45.0	45	3.0	29.0	15.0	1778	0	0.03124833106994629	24050	15.655179500579834	20548	14.561330561330564	
8.149520837035302e+21	45.0	4.42	70.18	36.3	9.912934197727765	481	507	45	5	87	45	45	3	29	15	1779	0	0.03124690055847168	24100	15.686426401138306	20595	14.5435684647303	
4746654190.489082	45.0	4.408163265306122	69.83673469387755	36.12244897959184	9.912934197727765	482	508	45	5.0	87.0	45.0	45	3.0	29.0	15.0	1781	0	0.031248807907104492	24150	15.71767520904541	20640	14.534161490683232	
2598913.033257279	45.0	4.22	64.38	33.3	9.912934197727765	483	508	45	5	87	45	45	3	29	15	1784	0	0.031247377395629883	24200	15.74892258644104	20681	14.54132231404958	
71134368349.22	45.0	4.16	62.64	32.4	9.912934197727765	484	508	45	5	87	45	45	3	29	15	1788	0	0.015624046325683594	24250	15.764546632766724	20723	14.544329896907215	
557150.6642195776	45.0	4.14	62.06	32.1	9.912934197727765	485	508	45	5	87	45	45	3	29	15	1789	0	0.04687094688415527	24300	15.811417579650879	20767	14.539094650205769	
81058332.48795241	45.0	4.06	59.74	30.9	9.912934197727765	486	508	45	5	87	45	45	3	29	15	1791	0	0.031249046325683594	24350	15.842666625976562	20812	14.529774127310063	
644858.083915594	45.0	3.96	56.84	29.4	9.912934197727765	487	508	45	5	87	45	45	3	29	15	1794	0	0.015623092651367188	24400	15.85828971862793	20854	14.532786885245898	
5.3191489361705185e+39	45.0	4.02	58.58	30.3	9.912934197727765	488	508	45	5	87	45	45	3	29	15	1798	0	0.03124833106994629	24450	15.889538049697876	20895	14.539877300613497	
4886623.901946107	45.0	3.98	57.42	29.7	9.912934197727765	489	508	45	5	87	45	45	3	29	15	1802	0	0.031248092651367188	24500	15.920786142349243	20935	14.551020408163268	
1.7961280000001196e+19	45.0	4.02	58.58	30.3	9.912934197727765	490	508	45	5	87	45	45	3	29	15	1803	0	0.015623807907104492	24550	15.936409950256348	20981	14.537678207739319	
9438862.898137452	45.0	3.96	56.84	29.4	9.911819443632297	491	508	45	4	58	30	45	3	29	15	1804	0	0.015624046325683594	24600	15.952033996582031	21027	14.524390243902445	
84646779.33072409	45.0	3.98	57.42	29.7	9.911819443632297	492	508	45	5	87	45	45	3	29	15	1807	0	0.031247377395629883	24650	15.983281373977661	21068	14.531440162271807	
1681020637288.0881	45.0	3.96	56.84	29.4	9.911819443632297	493	508	45	5	87	45	45	3	29	15	1813	0	0.015624523162841797	24700	15.998905897140503	21110	14.534412955465598	
122071335.01224586	45.0	3.94	56.26	29.1	9.911819443632297	494	508	45	5	87	45	45	3	29	15	1815	0	0.031247377395629883	24750	16.030153274536133	21156	14.52121212121213	
1918640578.43179	45.0	3.84	53.36	27.6	9.911819443632297	495	508	45	5	87	45	45	3	29	15	1817	0	0.015624284744262695	24800	16.045777559280396	21203	14.504032258064512	
13803234.27534566	45.0	4.0	58.0	30.0	9.911819443632297	496	508	45	5	87	45	45	3	29	15	1818	0	0.0312504768371582	24850	16.077028036117554	21246	14.503018108651915	
897041.8254039763	45.0	4.02	58.58	30.3	9.911819443632297	497	508	45	5	87	45	45	3	29	15	1821	0	0.031245708465576172	24900	16.10827374458313	21291	14.493975903614455	
1819259.3507829397	45.0	4.02	58.58	30.3	9.911819443632297	498	508	45	5	87	45	45	3	29	15	1823	0	0.015622854232788086	24950	16.123896598815918	21337	14.480961923847687	
8636065.254088078	45.0	4.0	58.0	30.0	9.911819443632297	499	509	45	5.0	87.0	45.0	45	3.0	29.0	15.0	1826	0	0.015623807907104492	25000	16.139520406723022	21379	14.483999999999995	
472084.78672960406	45.0	4.0	58.0	30.0	9.911819443632297	500	509	45	5	87	45	45	3	29	15	1831	0	0.031248092651367188	25050	16.17076849937439	21420	14.491017964071858	
663494.8902813934	45.0	4.1	60.9	31.5	9.911819443632297	501	509	45	5	87	45	45	3	29	15	1831	0	0.031248807907104492	25100	16.202017307281494	21465	14.48207171314742	
413966.1967062017	45.0	3.96	56.84	29.4	9.911819443632297	502	509	45	5	87	45	45	3	29	15	1833	0	0.031247377395629883	25150	16.233264684677124	21507	14.485089463220675	
951609.378232593	45.0	3.98	57.42	29.7	9.911819443632297	503	509	45	5	87	45	45	3	29	15	1837	0	0.03124856948852539	25200	16.26451325416565	21548	14.492063492063494	
6268919.860298086	45.0	4.0	58.0	30.0	9.911819443632297	504	509	45	5	87	45	45	3	29	15	1838	0	0.015623092651367188	25250	16.280136346817017	21594	14.479207920792078	
2.4108000000081846e+17	45.0	4.02	58.58	30.3	9.911819443632297	505	509	45	5	87	45	45	3	29	15	1841	0	0.031247854232788086	25300	16.311384201049805	21636	14.482213438735187	
204725075.2222905	45.0	4.04	59.16	30.6	9.911819443632297	506	509	45	5	87	45	45	3	29	15	1846	0	0.03124833106994629	25350	16.34263253211975	21679	14.481262327416175	
496830.206262722	45.0	4.0	58.0	30.0	9.911819443632297	507	509	45	5	87	45	45	3	29	15	1852	0	0.03124713897705078	25400	16.3738796710968	21719	14.49212598425197	
424029.73960638687	45.0	4.0	58.0	30.0	9.911819443632297	508	509	45	5	87	45	45	3	29	15	1854	0	0.03125	25450	16.4051296710968	21761	14.495088408644392	
606149.0244495058	45.0	3.88	54.52	28.2	9.911819443632297	509	509	45	4	58	30	45	3	29	15	1860	0	0.015622377395629883	25500	16.42075204849243	21800	14.509803921568633	
1.8327836734699775e+21	45.0	3.94	56.26	29.1	9.90110584006897	510	509	45	5	87	45	45	3	29	15	1862	0	0.031248092651367188	25550	16.4520001411438	21843	14.50880626223092	
700033.3574285237	45.0	3.9	55.1	28.5	9.90110584006897	511	509	45	5	87	45	45	3	29	15	1865	0	0.015624523162841797	25600	16.46762466430664	21886	14.5078125	
7.069583351238707e+16	45.0	3.74	50.46	26.1	9.90110584006897	512	509	45	5	87	45	45	3	29	15	1868	0	0.031247615814208984	25650	16.49887228012085	21930	14.502923976608187	
2.006313191489408e+19	45.0	3.82	52.78	27.3	9.90110584006897	513	509	45	5	87	45	45	3	29	15	1872	0	0.015622615814208984	25700	16.51449489593506	21972	14.505836575875492	
5936889.644868941	45.0	3.76	51.04	26.4	9.90110584006897	514	509	45	5	87	45	45	3	29	15	1877	0	0.03124856948852539	25750	16.545743465423584	22012	14.516504854368932	
572047615.5006685	45.0	3.92	55.68	28.8	9.90110584006897	515	509	45	5	87	45	45	3	29	15	1879	0	0.015623807907104492	25800	16.56136727333069	22055	14.515503875968989	
61743418.67254096	45.0	3.96	56.84	29.4	9.90110584006897	516	509	45	5	87	45	45	3	29	15	1884	0	0.015623807907104492	25850	16.576991081237793	22098	14.514506769825914	
298607.09896324604	45.0	3.9	55.1	28.5	9.90110584006897	517	509	45	5	87	45	45	3	29	15	1887	0	0.031247377395629883	25900	16.608238458633423	22140	14.51737451737452	
288020.2108258875	45.0	3.94	56.26	29.1	9.90110584006897	518	509	45	5	87	45	45	3	29	15	1893	0	0.015624523162841797	25950	16.623862981796265	22175	14.547206165703273	
6124429.157429838	45.0	3.88	54.52	28.2	9.90110584006897	519	509	45	5	87	45	45	3	29	15	1897	0	0.015623092651367188	26000	16.639486074447632	22218	14.546153846153842	
54812690.03437736	45.0	3.96	56.84	29.4	9.90110584006897	520	509	45	5	87	45	45	3	29	15	1899	0	0.015624284744262695	26050	16.655110359191895	22261	14.545105566218808	
1183010.5680531592	45.0	4.06	59.74	30.9	9.90110584006897	521	509	45	5	87	45	45	3	29	15	1904	0	0.031248807907104492	26100	16.686359167099	22300	14.559386973180082	
460410.1657880821	45.0	3.92	55.68	28.8	9.90110584006897	522	509	45	5	87	45	45	3	29	15	1910	0	0.015624046325683594	26150	16.701983213424683	22342	14.562141491395792	
6.416448572880036e+33	45.0	4.0	58.0	30.0	9.90110584006897	523	509	45	5	87	45	45	3	29	15	1917	0	0.015623092651367188	26200	16.71760630607605	22383	14.568702290076345	
591139.6023366689	45.0	4.02	58.58	30.3	9.90110584006897	524	509	45	5	87	45	45	4	58	30	1919	0	0.031248807907104492	26250	16.748855113983154	22427	14.563809523809525	
349486.4460720492	45.0	3.98	57.42	29.7	9.885578483681325	525	509	45	5	87	45	45	3	29	15	1920	0	0.03124713897705078	26300	16.780102252960205	22472	14.555133079847906	
9915472230.003061	45.0	4.1	60.9	31.5	9.885578483681325	526	509	45	5	87	45	45	3	29	15	1921	0	0.015624761581420898	26350	16.795727014541626	22520	14.535104364326372	
55817486.62588526	45.0	4.06	59.74	30.9	9.885578483681325	527	509	45	5	87	45	45	3	29	15	1923	0	0.031246423721313477	26400	16.82697343826294	22567	14.518939393939391	
1.6757437502136452e+23	45.0	4.1	60.9	31.5	9.885578483681325	528	510	45	5	87	45	45	3	29	15	1925	0	0.031247615814208984	26450	16.85822105407715	22612	14.510396975425337	
2729428.01347605	45.0	3.94	56.26	29.1	9.885578483681325	529	510	45	5	87	45	45	3	29	15	1925	0	0.031249046325683594	26500	16.889470100402832	22656	14.505660377358481	
1077900813.5494373	45.0	3.96	56.84	29.4	9.885578483681325	530	510	45	5	87	45	45	3	29	15	1926	0	0.01562356948852539	26550	16.905093669891357	22701	14.497175141242934	
4248039531152920.5	45.0	4.08	60.32	31.2	9.885578483681325	531	510	45	5	87	45	45	3	29	15	1930	0	0.031248092651367188	26600	16.936341762542725	22744	14.496240601503757	
1236699.4796467675	45.0	3.98	57.42	29.7	9.885578483681325	532	510	45	4	58	30	45	3	29	15	1932	0	0.031248092651367188	26650	16.967589855194092	22789	14.487804878048777	
1840436.509417326	45.0	4.08	60.32	31.2	9.885578483681325	533	510	45	5	87	45	45	4	58	30	1934	0	0.031250953674316406	26700	16.998840808868408	22834	14.479400749063672	
395365.7698312485	45.0	4.0	58.0	30.0	9.885578483681325	534	510	45	5	87	45	45	3	29	15	1935	0	0.015619993209838867	26750	17.014460802078247	22880	14.467289719626166	
537548929.5745189	45.0	4.06	59.74	30.9	9.885578483681325	535	510	45	5	87	45	45	4	58	30	1937	0	0.031247377395629883	26800	17.045708179473877	22926	14.455223880597018	
17046176.497420214	45.0	3.96	56.84	29.4	9.885578483681325	536	510	45	4	58	30	45	3	29	15	1940	0	0.015624284744262695	26850	17.06133246421814	22964	14.472998137802605	
1640510690.2153168	45.0	3.98	57.42	29.7	9.885578483681325	537	510	45	5	87	45	45	3	29	15	1943	0	0.015624046325683594	26900	17.076956510543823	23010	14.460966542750924	
650390.7334489804	45.0	4.06	59.74	30.9	9.885578483681325	538	510	45	5	87	45	45	3	29	15	1948	0	0.03124833106994629	26950	17.10820484161377	23051	14.467532467532465	
511445.07375827583	45.0	4.04	59.16	30.6	9.885578483681325	539	510	45	5	87	45	45	3	29	15	1948	0	0.015623331069946289	27000	17.123828172683716	23100	14.444444444444443	
49565885229520.01	45.0	3.96	56.84	29.4	9.885578483681325	540	510	45	5	87	45	45	3	29	15	1953	0	0.015623807907104492	27050	17.13945198059082	23141	14.451016635859517	
2516485044786.24	45.0	3.96	56.84	29.4	9.885578483681325	541	510	45	5	87	45	45	3	29	15	1957	0	0.015623331069946289	27100	17.155075311660767	23181	14.461254612546128	
48880000281965.55	45.0	3.96	56.84	29.4	9.885578483681325	542	510	45	5	87	45	45	3	29	15	1958	0	0.015624284744262695	27150	17.17069959640503	23226	14.453038674033152	
651885.5495372098	45.0	4.0	58.0	30.0	9.885578483681325	543	510	45	5	87	45	45	3	29	15	1959	0	0.031249046325683594	27200	17.201948642730713	23271	14.444852941176464	
212070.80023187073	45.0	4.02	58.58	30.3	9.885578483681325	544	510	45	5	87	45	45	3	29	15	1963	0	0.03124690055847168	27250	17.233195543289185	23313	14.447706422018342	
1.1170371562615889e+33	45.0	3.96	56.84	29.4	9.885578483681325	545	510	45	4	58	30	45	3	29	15	1965	0	0.01562356948852539	27300	17.24881911277771	23358	14.439560439560438	
40912262.500598736	45.0	4.02	58.58	30.3	9.885578483681325	546	510	45	5	87	45	45	3	29	15	1971	0	0.015623807907104492	27350	17.264442920684814	23397	14.453382084095068	
10200167019281.08	45.0	4.12	61.48	31.8	9.885578483681325	547	510	45	5	87	45	45	3	29	15	1973	0	0.031249523162841797	27400	17.295692443847656	23442	14.445255474452551	
457579.8713492716	45.0	4.02	58.58	30.3	9.885578483681325	548	510	45	5	87	45	45	3	29	15	1977	0	0.03124713897705078	27450	17.326939582824707	23485	14.444444444444443	
661108.09240799	45.0	3.94	56.26	29.1	9.885578483681325	549	510	45	5	87	45	45	3	29	15	1979	0	0.03124690055847168	27500	17.35818648338318	23530	14.436363636363637	
541583.083188048	45.0	3.98	57.42	29.7	9.885578483681325	550	510	45	5	87	45	45	3	29	15	1985	0	0.015624046325683594	27550	17.373810529708862	23570	14.446460980036306	
2.0499286956522234e+19	45.0	3.94	56.26	29.1	9.885578483681325	551	510	45	5	87	45	45	3	29	15	1990	0	0.031247854232788086	27600	17.40505838394165	23611	14.45289855072464	
373819007170.6418	45.0	3.96	56.84	29.4	9.885578483681325	552	510	45	5	87	45	45	3	29	15	1996	0	0.031247854232788086	27650	17.43630623817444	23651	14.4629294755877	
2.0160906158583767e+19	45.0	3.9	55.1	28.5	9.885578483681325	553	510	45	5	87	45	45	3	29	15	1998	0	0.031249523162841797	27700	17.46755576133728	23690	14.476534296028873	
394071.9948820469	45.0	3.8	52.2	27.0	9.885578483681325	554	510	45	4	58	30	45	3	29	15	2002	0	0.015622615814208984	27750	17.48317837715149	23729	14.490090090090092	
230723.53455118905	45.0	3.74	50.46	26.1	9.885578483681325	555	510	45	5	87	45	45	3	29	15	2005	0	0.031247854232788086	27800	17.514426231384277	23768	14.503597122302153	
173906804.28406224	45.0	3.82	52.78	27.3	9.885578483681325	556	510	45	5	87	45	45	3	29	15	2008	0	0.015624523162841797	27850	17.53005075454712	23807	14.517055655296232	
262253.3472485949	45.0	3.74	50.46	26.1	9.885578483681325	557	510	45	5	87	45	45	3	29	15	2012	0	0.03124713897705078	27900	17.56129789352417	23847	14.526881720430111	
5.805918549918525e+29	45.0	3.94	56.26	29.1	9.885578483681325	558	510	45	5	87	45	45	3	29	15	2014	0	0.015624046325683594	27950	17.576921939849854	23892	14.518783542039358	
6.0529789137448455e+29	45.0	4.0	58.0	30.0	9.885578483681325	559	511	45	5.0	87.0	45.0	45	3.0	29.0	15.0	2017	0	0.031248807907104492	28000	17.608170747756958	23934	14.521428571428572	
545774.0573599503	45.0	4.26	65.54	33.9	9.885578483681325	560	511	45	5	87	45	45	3	29	15	2022	0	0.031247615814208984	28050	17.639418363571167	23976	14.524064171123001	
4914893816801.366	45.0	4.229166666666667	64.64583333333333	33.4375	9.885578483681325	561	513	45	5.0	87.0	45.0	45	3.0	29.0	15.0	2024	0	0.015623331069946289	28100	17.655041694641113	24019	14.52313167259787	
7.550367582241374e+23	45.0	4.416666666666667	70.08333333333333	36.25	9.885578483681325	562	515	45	5.0	87.0	45.0	45	3.0	29.0	15.0	2029	0	0.03124713897705078	28150	17.686288833618164	24059	14.53285968028419	
1.6421346402838536e+19	45.0	4.24	64.96	33.6	9.885578483681325	563	515	45	5	87	45	45	4	58	30	2031	0	0.015623807907104492	28200	17.70191264152527	24103	14.52836879432624	
339096.5130327915	45.0	4.24	64.96	33.6	9.885578483681325	564	515	45	5	87	45	45	3	29	15	2034	0	0.031248807907104492	28250	17.733161449432373	24144	14.534513274336277	
8237878.818023076	45.0	4.14	62.06	32.1	9.885578483681325	565	516	45	5	87	45	45	3	29	15	2034	0	0.015623807907104492	28300	17.748785257339478	24188	14.53003533568905	
1.583534409428711e+24	45.0	4.26	65.54	33.9	9.885578483681325	566	517	45	5	87	45	45	3	29	15	2040	0	0.031249284744262695	28350	17.78003454208374	24228	14.539682539682545	
350649.41123839427	45.0	4.14	62.06	32.1	9.885578483681325	567	517	45	5	87	45	45	3	29	15	2045	0	0.031246423721313477	28400	17.811280965805054	24267	14.552816901408448	
1459100.7631435217	45.0	4.06	59.74	30.9	9.885578483681325	568	517	45	5	87	45	45	4	58	30	2047	0	0.015623807907104492	28450	17.826904773712158	24311	14.548330404217921	
334568.28275328845	45.0	4.0	58.0	30.0	9.885578483681325	569	517	45	5	87	45	45	3	29	15	2050	0	0.015624761581420898	28500	17.84252953529358	24351	14.557894736842101	
805369.6648760268	45.0	4.08	60.32	31.2	9.885578483681325	570	517	45	5	87	45	45	3	29	15	2051	0	0.01562356948852539	28550	17.858153104782104	24395	14.553415061295965	
19017222.135935124	45.0	4.04	59.16	30.6	9.885578483681325	571	517	45	5	87	45	45	3	29	15	2051	0	0.031247854232788086	28600	17.889400959014893	24435	14.562937062937067	
1067094809.2961788	45.0	4.02	58.58	30.3	9.885578483681325	572	517	45	5	87	45	45	3	29	15	2053	0	0.031247615814208984	28650	17.9206485748291	24479	14.558464223385698	
1.4571938775510859e+40	45.0	4.08	60.32	31.2	9.885578483681325	573	517	45	5	87	45	45	3	29	15	2055	0	0.015623807907104492	28700	17.936272382736206	24523	14.554006968641119	
124469149232552.84	45.0	4.18	63.22	32.7	9.885578483681325	574	517	45	5	87	45	45	4	58	30	2059	0	0.031248092651367188	28750	17.967520475387573	24563	14.563478260869573	
458333333561475.2	45.0	3.96	56.84	29.4	9.885578483681325	575	517	45	5	87	45	45	3	29	15	2062	0	0.015624046325683594	28800	17.983144521713257	24605	14.565972222222229	
115040436.01206124	45.0	3.98	57.42	29.7	9.885578483681325	576	517	45	5	87	45	45	3	29	15	2066	0	0.015624284744262695	28850	17.99876880645752	24647	14.568457538994807	
641070.176079801	45.0	3.98	57.42	29.7	9.885578483681325	577	517	45	5	87	45	45	3	29	15	2068	0	0.015623092651367188	28900	18.014391899108887	24691	14.564013840830441	
1229282.2195417075	45.0	3.96	56.84	29.4	9.885578483681325	578	517	45	4	58	30	45	3	29	15	2070	0	0.015624046325683594	28950	18.03001594543457	24736	14.556131260794473	
3954881831944.175	45.0	3.96	56.84	29.4	9.885578483681325	579	517	45	5	87	45	45	3	29	15	2077	0	0.031248092651367188	29000	18.061264038085938	24777	14.562068965517241	
5020781.758630226	45.0	3.96	56.84	29.4	9.885578483681325	580	517	45	5	87	45	45	3	29	15	2080	0	0.031247615814208984	29050	18.092511653900146	24821	14.557659208261626	
603761359.7902217	45.0	4.06	59.74	30.9	9.885578483681325	581	517	45	5	87	45	45	3	29	15	2086	0	0.031248092651367188	29100	18.123759746551514	24864	14.556701030927826	
553034.5760212459	45.0	4.02	58.58	30.3	9.885578483681325	582	517	45	5	87	45	45	3	29	15	2086	0	0.015624284744262695	29150	18.139384031295776	24911	14.542024013722127	
1.3935118874025523e+21	45.0	4.02	58.58	30.3	9.885578483681325	583	517	45	5	87	45	45	3	29	15	2087	0	0.015623331069946289	29200	18.155007362365723	24956	14.534246575342465	
902141.5801850819	45.0	4.04	59.16	30.6	9.885578483681325	584	517	45	5	87	45	45	3	29	15	2093	0	0.015623807907104492	29250	18.170631170272827	24999	14.533333333333331	
2775053975530.6445	45.0	3.88	54.52	28.2	9.885578483681325	585	517	45	5	87	45	45	3	29	15	2098	0	0.031248092651367188	29300	18.201879262924194	25039	14.542662116040958	
96979168072129.44	45.0	3.88	54.52	28.2	9.885578483681325	586	517	45	5	87	45	45	3	29	15	2101	0	0.031248092651367188	29350	18.23312735557556	25081	14.54514480408858	
1988004297893246.2	45.0	3.94	56.26	29.1	9.885578483681325	587	517	45	5	87	45	45	3	29	15	2105	0	0.01562356948852539	29400	18.248750925064087	25119	14.561224489795919	
57513884.244018674	45.0	3.96	56.84	29.4	9.885578483681325	588	517	45	5	87	45	45	3	29	15	2107	0	0.031247615814208984	29450	18.279998540878296	25162	14.560271646859078	
1868724055586517.0	45.0	4.02	58.58	30.3	9.885578483681325	589	517	45	5	87	45	45	3	29	15	2108	0	0.031247854232788086	29500	18.311246395111084	25205	14.559322033898297	
3893175917098701.5	45.0	4.02	58.58	30.3	9.885578483681325	590	517	45	5	87	45	45	3	29	15	2111	0	0.015624284744262695	29550	18.326870679855347	25249	14.554991539763122	
6570270.39739939	45.0	4.0	58.0	30.0	9.885578483681325	591	517	45	5	87	45	45	3	29	15	2116	0	0.04687237739562988	29600	18.373743057250977	25292	14.554054054054049	
1047994878.7797531	45.0	4.02	58.58	30.3	9.885578483681325	592	517	45	5	87	45	45	3	29	15	2121	0	0.015623807907104492	29650	18.38936686515808	25333	14.559865092748737	
440777042.588879	45.0	4.0	58.0	30.0	9.885578483681325	593	517	45	5	87	45	45	3	29	15	2122	0	0.031247377395629883	29700	18.42061424255371	25381	14.542087542087543	
855928691.8815756	45.0	3.98	57.42	29.7	9.885578483681325	594	517	45	5	87	45	45	3	29	15	2123	0	0.03124833106994629	29750	18.451862573623657	25430	14.52100840336135	
5141994690478.528	45.0	4.0	58.0	30.0	9.885578483681325	595	517	45	5	87	45	45	3	29	15	2128	0	0.03124856948852539	29800	18.483111143112183	25473	14.520134228187914	
1608715566366456.8	45.0	4.08	60.32	31.2	9.885578483681325	596	517	45	5	87	45	45	3	29	15	2129	0	0.015623092651367188	29850	18.49873423576355	25518	14.51256281407035	
2.598007000596765e+21	45.0	4.1	60.9	31.5	9.885578483681325	597	517	45	5	87	45	45	3	29	15	2130	0	0.031247615814208984	29900	18.52998185157776	25567	14.491638795986617	
31527471273.670666	45.0	4.122448979591836	61.55102040816327	31.836734693877553	9.885578483681325	598	518	45	5.0	87.0	45.0	45	3.0	29.0	15.0	2133	0	0.03124833106994629	29950	18.561230182647705	25611	14.487479131886488	
9.252953017643363e+21	45.0	4.12	61.48	31.8	9.885578483681325	599	518	45	5	87	45	45	3	29	15	2135	0	0.015623807907104492	30000	18.57685399055481	25654	14.486666666666665	
1.4515732069672429e+29	45.0	4.166666666666667	62.833333333333336	32.5	9.885578483681325	600	520	45	5.0	87.0	45.0	45	3.0	29.0	15.0	2136	0	0.031247615814208984	30050	18.60810160636902	25693	14.499168053244588	
548889.4553346991	45.0	4.04	59.16	30.6	9.885578483681325	601	520	45	5	87	45	45	3	29	15	2137	0	0.03124833106994629	30100	18.639349937438965	25732	14.511627906976742	
1012454.1140282999	45.0	3.94	56.26	29.1	9.885578483681325	602	520	45	5	87	45	45	3	29	15	2142	0	0.015623092651367188	30150	18.654973030090332	25766	14.54063018242124	
46200000590430.97	45.0	4.0	58.0	30.0	9.885578483681325	603	520	45	5	87	45	45	3	29	15	2143	0	0.015624761581420898	30200	18.670597791671753	25805	14.55298013245033	
204056.31578379494	45.0	3.98	57.42	29.7	9.885578483681325	604	520	45	4	58	30	45	3	29	15	2144	0	0.031247854232788086	30250	18.70184564590454	25843	14.568595041322325	
6400014.128985741	45.0	4.06	59.74	30.9	9.885578483681325	605	520	45	5	87	45	45	4	58	30	2150	0	0.01562786102294922	30300	18.71747350692749	25883	14.577557755775587	
1.641546539504102e+23	45.0	4.22	64.38	33.3	9.885578483681325	606	520	45	5	87	45	45	3	29	15	2152	0	0.015619754791259766	30350	18.73309326171875	25926	14.576606260296543	
1.4515732619672423e+21	45.0	4.081632653061225	60.36734693877551	31.224489795918366	9.885578483681325	607	521	45	5.0	87.0	45.0	45	3.0	29.0	15.0	2154	0	0.031247615814208984	30400	18.76434087753296	25965	14.588815789473685	
67500870164580.22	45.0	4.081632653061225	60.36734693877551	31.224489795918366	9.885578483681325	608	522	45	5.0	87.0	45.0	45	3.0	29.0	15.0	2158	0	0.031247615814208984	30450	18.795588493347168	26008	14.587848932676522	
334839.2925334736	45.0	4.22	64.38	33.3	9.885578483681325	609	522	45	5	87	45	45	3	29	15	2160	0	0.03124833106994629	30500	18.826836824417114	26053	14.580327868852464	
44897959650098.13	45.0	4.12	61.48	31.8	9.885578483681325	610	522	45	5	87	45	45	3	29	15	2162	0	0.01562356948852539	30550	18.84246039390564	26097	14.576104746317512	
1.4257311373185114e+16	45.0	4.224489795918367	64.51020408163265	33.36734693877551	9.885578483681325	611	523	45	5.0	87.0	45.0	45	3.0	29.0	15.0	2168	0	0.031248092651367188	30600	18.873708486557007	26137	14.584967320261427	
42739444.89682243	45.0	3.94	56.26	29.1	9.885578483681325	612	523	45	5	87	45	45	3	29	15	2171	0	0.031247854232788086	30650	18.904956340789795	26178	14.590538336052205	
1674515.7585475892	45.0	4.06	59.74	30.9	9.885578483681325	613	523	45	5	87	45	45	3	29	15	2172	0	0.03124856948852539	30700	18.93620491027832	26220	14.592833876221505	
420812912.81787926	45.0	4.02	58.58	30.3	9.885578483681325	614	523	45	5	87	45	45	3	29	15	2174	0	0.01562356948852539	30750	18.951828479766846	26261	14.598373983739833	
816792925.101715	45.0	4.0	58.0	30.0	9.885578483681325	615	523	45	5	87	45	45	3	29	15	2176	0	0.03124713897705078	30800	18.983075618743896	26302	14.603896103896105	
10178565.037835697	45.0	3.98	57.42	29.7	9.885578483681325	616	523	45	5	87	45	45	3	29	15	2182	0	0.031248092651367188	30850	19.014323711395264	26340	14.619124797406798	
1180056536.6654937	45.0	4.02	58.58	30.3	9.885578483681325	617	523	45	5	87	45	45	4	58	30	2183	0	0.015624284744262695	30900	19.029947996139526	26380	14.627831715210363	
50416677512595.6	45.0	4.0	58.0	30.0	9.885578483681325	618	523	45	5	87	45	45	3	29	15	2186	0	0.03124833106994629	30950	19.061196327209473	26421	14.633279483037157	
5848167.660081391	45.0	3.96	56.84	29.4	9.885578483681325	619	523	45	5	87	45	45	3	29	15	2189	0	0.015623331069946289	31000	19.07681965827942	26462	14.638709677419357	
587242705.9169091	45.0	3.9	55.1	28.5	9.885578483681325	620	523	45	4	58	30	45	3	29	15	2190	0	0.015623807907104492	31050	19.092443466186523	26501	14.650563607085346	
1786033.341896976	45.0	3.96	56.84	29.4	9.885578483681325	621	523	45	5	87	45	45	3	29	15	2195	0	0.031247854232788086	31100	19.12369132041931	26539	14.665594855305457	
77391304546164.36	45.0	3.94	56.26	29.1	9.885578483681325	622	523	45	5	87	45	45	3	29	15	2200	0	0.031247854232788086	31150	19.1549391746521	26581	14.667736757624397	
508723404394170.2	45.0	4.04	59.16	30.6	9.885578483681325	623	523	45	5	87	45	45	3	29	15	2204	0	0.015624046325683594	31200	19.170563220977783	26624	14.666666666666657	
9.414968208314698e+33	45.0	4.0	58.0	30.0	9.885578483681325	624	523	45	5	87	45	45	3	29	15	2208	0	0.031248092651367188	31250	19.20181131362915	26665	14.671999999999997	
5.254849381634128e+21	45.0	3.94	56.26	29.1	9.885578483681325	625	523	45	5	87	45	45	3	29	15	2210	0	0.015624523162841797	31300	19.217435836791992	26705	14.680511182108631	
1641544900335004.5	45.0	3.98	57.42	29.7	9.885578483681325	626	524	45	5	87	45	45	3	29	15	2211	0	0.03124690055847168	31350	19.248682737350464	26749	14.676236044657102	
6.560000000000347e+21	45.0	3.98	57.42	29.7	9.885578483681325	627	524	45	5	87	45	45	3	29	15	2213	0	0.031248092651367188	31400	19.27993083000183	26789	14.684713375796179	
438909.64983085473	45.0	3.98	57.42	29.7	9.885578483681325	628	524	45	4	58	30	45	3	29	15	2217	0	0.015623807907104492	31450	19.295554637908936	26829	14.693163751987285	
46809407933246.805	45.0	4.04	59.16	30.6	9.885578483681325	629	524	45	5	87	45	45	3	29	15	2221	0	0.015624761581420898	31500	19.311179399490356	26868	14.70476190476191	
431758.94536484627	45.0	4.16	62.64	32.4	9.885578483681325	630	524	45	5	87	45	45	3	29	15	2225	0	0.03124713897705078	31550	19.342426538467407	26911	14.703645007923924	
3682326197587499.0	45.0	4.2	63.8	33.0	9.885578483681325	631	524	45	5	87	45	45	3	29	15	2226	0	0.03124833106994629	31600	19.373674869537354	26953	14.705696202531655	
8.552344712847619e+35	45.0	4.244897959183674	65.10204081632654	33.673469387755105	9.885578483681325	632	525	45	5.0	87.0	45.0	45	3.0	29.0	15.0	2227	0	0.031247377395629883	31650	19.404922246932983	26994	14.710900473933648	
1.7486945983606644e+23	45.0	4.285714285714286	66.28571428571429	34.285714285714285	9.885578483681325	633	526	45	5.0	87.0	45.0	45	3.0	29.0	15.0	2230	0	0.03124833106994629	31700	19.43617057800293	27038	14.706624605678229	
2858417559495960.5	45.0	4.26	65.54	33.9	9.885578483681325	634	526	45	5	87	45	45	3	29	15	2232	0	0.015623331069946289	31750	19.451793909072876	27081	14.705511811023626	
1.4291238526688403e+22	45.0	4.1	60.9	31.5	9.885578483681325	635	526	45	5	87	45	45	3	29	15	2236	0	0.015624523162841797	31800	19.467418432235718	27124	14.704402515723274	
1.37079226813507e+22	45.0	4.1	60.9	31.5	9.885578483681325	636	526	45	5	87	45	45	3	29	15	2238	0	0.015624046325683594	31850	19.4830424785614	27169	14.697017268445848	
1.0150257472827645e+34	45.0	4.163265306122449	62.734693877551024	32.44897959183673	9.885578483681325	637	528	45	5.0	87.0	45.0	45	3.0	29.0	15.0	2241	0	0.031247377395629883	31900	19.51428985595703	27211	14.699059561128522	
884457688.4090673	45.0	4.12	61.48	31.8	9.885578483681325	638	528	45	5	87	45	45	3	29	15	2242	0	0.031247854232788086	31950	19.54553771018982	27255	14.694835680751169	
1.040197229422889e+23	45.0	4.183673469387755	63.326530612244895	32.755102040816325	9.885578483681325	639	529	45	5.0	87.0	45.0	45	3.0	29.0	15.0	2244	0	0.031247615814208984	32000	19.57678532600403	27299	14.690624999999997	
3.885486731343185e+26	45.0	4.14	62.06	32.1	9.885578483681325	640	529	45	5	87	45	45	4	58	30	2246	0	0.031248092651367188	32050	19.608033418655396	27343	14.68642745709829	
1.370792266644378e+21	45.0	4.14	62.06	32.1	9.885578483681325	641	530	45	5	87	45	45	3	29	15	2247	0	0.01562356948852539	32100	19.62365698814392	27388	14.679127725856702	
44000000477044.27	45.0	4.06	59.74	30.9	9.885578483681325	642	530	45	5	87	45	45	3	29	15	2248	0	0.015624284744262695	32150	19.639281272888184	27432	14.67496111975116	
8259876.808648358	45.0	4.142857142857143	62.142857142857146	32.142857142857146	9.885578483681325	643	532	45	5.0	87.0	45.0	45	3.0	29.0	15.0	2251	0	0.031247377395629883	32200	19.670528650283813	27472	14.683229813664596	
940655913.5027224	45.0	4.183673469387755	63.326530612244895	32.755102040816325	9.885578483681325	644	533	45	5.0	87.0	45.0	45	4.0	58.0	30.0	2254	0	0.03124856948852539	32250	19.70177721977234	27512	14.691472868217062	
1161149357.187814	45.0	4.2	63.8	33.0	9.885578483681325	645	533	45	5	87	45	45	4	58	30	2257	0	0.031247615814208984	32300	19.733024835586548	27557	14.684210526315795	
52433781823500.47	45.0	4.104166666666667	61.020833333333336	31.5625	9.885578483681325	646	536	45	5.0	87.0	45.0	45	3.0	29.0	15.0	2261	0	0.031247377395629883	32350	19.764272212982178	27599	14.68624420401855	
1168054095947.5042	45.0	4.16	62.64	32.4	9.885578483681325	647	536	45	5	87	45	45	3	29	15	2266	0	0.031248092651367188	32400	19.795520305633545	27640	14.691358024691354	
1870597676084265.0	45.0	4.22	64.38	33.3	9.885578483681325	648	536	45	5	87	45	45	3	29	15	2274	0	0.03124833106994629	32450	19.82676863670349	27681	14.696456086286588	
7.2266217464592045e+28	45.0	4.34	67.86	35.1	9.885578483681325	649	536	45	5	87	45	45	4	58	30	2275	0	0.03124690055847168	32500	19.858015537261963	27725	14.692307692307693	
67911551.8498165	45.0	4.08	60.32	31.2	9.885578483681325	650	536	45	5	87	45	45	3	29	15	2277	0	0.03124856948852539	32550	19.88926410675049	27768	14.691244239631345	
3.6555783462449968e+37	45.0	4.06	59.74	30.9	9.885578483681325	651	537	45	5	87	45	45	3	29	15	2278	0	0.015624523162841797	32600	19.90488862991333	27810	14.693251533742341	
666265.406649582	45.0	4.1	60.9	31.5	9.885578483681325	652	537	45	5	87	45	45	3	29	15	2284	0	0.031247377395629883	32650	19.93613600730896	27852	14.695252679938747	
736431341830.3817	45.0	3.94	56.26	29.1	9.885578483681325	653	537	45	5	87	45	45	3	29	15	2285	0	0.01562356948852539	32700	19.951759576797485	27896	14.691131498470938	
2192492112026.3892	45.0	4.02	58.58	30.3	9.885578483681325	654	537	45	5	87	45	45	3	29	15	2286	0	0.031247615814208984	32750	19.983007192611694	27940	14.687022900763353	
44000001217506.56	45.0	4.12	61.48	31.8	9.885578483681325	655	537	45	5	87	45	45	3	29	15	2287	0	0.031247854232788086	32800	20.014255046844482	27982	14.689024390243901	
2.7675531966294845e+22	45.0	4.183673469387755	63.326530612244895	32.755102040816325	9.885578483681325	656	538	45	5.0	87.0	45.0	45	3.0	29.0	15.0	2290	0	0.015624761581420898	32850	20.029879808425903	28024	14.691019786910203	
6.762764766850057e+19	45.0	4.24	64.96	33.6	9.885578483681325	657	539	45	5	87	45	45	3	29	15	2293	0	0.031247615814208984	32900	20.061127424240112	28069	14.683890577507597	
101081632966476.06	45.0	4.12	61.48	31.8	9.885578483681325	658	540	45	5	87	45	45	3	29	15	2294	0	0.0468747615814209	32950	20.108002185821533	28115	14.67374810318664	
1061359519891.9889	45.0	4.24	64.96	33.6	9.885578483681325	659	540	45	5	87	45	45	3	29	15	2296	0	0.015620946884155273	33000	20.12362313270569	28159	14.669696969696972	
1641546963915373.5	45.0	4.2	63.8	33.0	9.885578483681325	660	540	45	5	87	45	45	3	29	15	2298	0	0.015624046325683594	33050	20.139247179031372	28203	14.665658093797276	
2928105070228.175	45.0	4.04	59.16	30.6	9.885578483681325	661	540	45	5	87	45	45	3	29	15	2305	0	0.031247377395629883	33100	20.170494556427002	28243	14.673716012084597	
1.421949253563366e+21	45.0	4.02	58.58	30.3	9.885578483681325	662	540	45	5	87	45	45	3	29	15	2307	0	0.015624284744262695	33150	20.186118841171265	28282	14.684766214177984	
79112042.71079193	45.0	3.94	56.26	29.1	9.885578483681325	663	540	45	5	87	45	45	3	29	15	2308	0	0.015623807907104492	33200	20.20174264907837	28322	14.692771084337352	
20845000466644.457	45.0	4.08	60.32	31.2	9.885578483681325	664	540	45	5	87	45	45	3	29	15	2309	0	0.03124833106994629	33250	20.232990980148315	28367	14.685714285714297	
43404255650793.66	45.0	4.16	62.64	32.4	9.885578483681325	665	540	45	5	87	45	45	3	29	15	2313	0	0.031247854232788086	33300	20.264238834381104	28411	14.681681681681681	
261980.6097876595	45.0	4.24	64.96	33.6	9.885578483681325	666	540	45	5	87	45	45	3	29	15	2315	0	0.031247377395629883	33350	20.295486211776733	28456	14.674662668665675	
744720840446.5878	45.0	4.2	63.8	33.0	9.885578483681325	667	540	45	5	87	45	45	3	29	15	2316	0	0.031248092651367188	33400	20.3267343044281	28500	14.670658682634723	
1.7737454545455188e+31	45.0	4.0625	59.8125	30.9375	9.885578483681325	668	542	45	5.0	87.0	45.0	45	3.0	29.0	15.0	2321	0	0.031247377395629883	33450	20.35798168182373	28538	14.68460388639761	
10136580.63705988	45.0	3.94	56.26	29.1	9.885578483681325	669	542	45	5	87	45	45	3	29	15	2325	0	0.015624284744262695	33500	20.373605966567993	28578	14.692537313432837	
1560735307.215281	45.0	3.84	53.36	27.6	9.885578483681325	670	542	45	5	87	45	45	3	29	15	2329	0	0.031248092651367188	33550	20.40485405921936	28620	14.694485842026822	
1261817658.1927967	45.0	3.7	49.3	25.5	9.885578483681325	671	542	45	4	58	30	45	3	29	15	2330	0	0.031247854232788086	33600	20.43610191345215	28661	14.69940476190476	
1239388.2373252774	45.0	3.9	55.1	28.5	9.885578483681325	672	542	45	5	87	45	45	3	29	15	2334	0	0.015624761581420898	33650	20.45172667503357	28697	14.719167904903415	
302369.64461694343	45.0	3.76	51.04	26.4	9.885578483681325	673	542	45	4	58	30	45	3	29	15	2336	0	0.031246662139892578	33700	20.482973337173462	28738	14.724035608308611	
526710.2951674074	45.0	3.88	54.52	28.2	9.885578483681325	674	542	45	5	87	45	45	3	29	15	2338	0	0.03124833106994629	33750	20.514221668243408	28779	14.72888888888889	
150793440.26218557	45.0	3.84	53.36	27.6	9.885578483681325	675	542	45	5	87	45	45	3	29	15	2342	0	0.015623807907104492	33800	20.529845476150513	28819	14.736686390532554	
60638303060807.51	45.0	4.0	58.0	30.0	9.885578483681325	676	542	45	5	87	45	45	3	29	15	2346	0	0.031247615814208984	33850	20.56109309196472	28863	14.732644017725264	
1.4219493825092282e+24	45.0	3.98	57.42	29.7	9.885578483681325	677	542	45	5	87	45	45	3	29	15	2348	0	0.03124690055847168	33900	20.592339992523193	28906	14.731563421828909	
750898.2280605799	45.0	3.94	56.26	29.1	9.885578483681325	678	542	45	5	87	45	45	3	29	15	2352	0	0.03124833106994629	33950	20.62358832359314	28947	14.736377025036816	
480841.3249586687	45.0	3.96	56.84	29.4	9.885578483681325	679	542	45	5	87	45	45	3	29	15	2352	0	0.015623807907104492	34000	20.639212131500244	28990	14.735294117647058	
7016417569.995082	45.0	4.04	59.16	30.6	9.885578483681325	680	542	45	5	87	45	45	3	29	15	2355	0	0.031248092651367188	34050	20.67046022415161	29029	14.74596182085169	
772928.8671650353	45.0	3.96	56.84	29.4	9.885578483681325	681	542	45	5	87	45	45	3	29	15	2361	0	0.015625476837158203	34100	20.68608570098877	29066	14.762463343108507	
48380729522107.945	45.0	4.02	58.58	30.3	9.885578483681325	682	542	45	5	87	45	45	3	29	15	2363	0	0.031246423721313477	34150	20.717332124710083	29105	14.773060029282576	
48333417765939.76	45.0	4.06	59.74	30.9	9.885578483681325	683	542	45	5	87	45	45	3	29	15	2366	0	0.03124833106994629	34200	20.74858045578003	29144	14.78362573099416	
8816350.086354202	45.0	3.92	55.68	28.8	9.885578483681325	684	542	45	5	87	45	45	3	29	15	2370	0	0.015623807907104492	34250	20.764204263687134	29187	14.782481751824818	
2.727250808897252e+25	45.0	4.04	59.16	30.6	9.885578483681325	685	542	45	5	87	45	45	3	29	15	2372	0	0.031247854232788086	34300	20.795452117919922	29231	14.778425655976676	
193804770038.07108	45.0	3.96	56.84	29.4	9.885578483681325	686	542	45	5	87	45	45	3	29	15	2374	0	0.031248092651367188	34350	20.82670021057129	29275	14.774381368267825	
552422.9325102221	45.0	4.08	60.32	31.2	9.885578483681325	687	542	45	5	87	45	45	3	29	15	2378	0	0.031247377395629883	34400	20.85794758796692	29315	14.78197674418604	
462113.25023069396	45.0	4.04	59.16	30.6	9.885578483681325	688	542	45	5	87	45	45	3	29	15	2379	0	0.031248807907104492	34450	20.889196395874023	29358	14.78084179970972	
244325.05352710016	45.0	4.0	58.0	30.0	9.885578483681325	689	542	45	5	87	45	45	3	29	15	2380	0	0.01562356948852539	34500	20.90481996536255	29404	14.771014492753622	
1.4824577444928094e+21	45.0	4.08	60.32	31.2	9.885578483681325	690	542	45	5	87	45	45	3	29	15	2384	0	0.03124713897705078	34550	20.9360671043396	29440	14.790159189580322	
1.3935102786885551e+21	45.0	4.14	62.06	32.1	9.885578483681325	691	542	45	5	87	45	45	3	29	15	2385	0	0.03124856948852539	34600	20.967315673828125	29481	14.794797687861276	
1052968912.4364277	45.0	4.16	62.64	32.4	9.885578483681325	692	542	45	5	87	45	45	3	29	15	2388	0	0.03124833106994629	34650	20.99856400489807	29526	14.787878787878782	
7.006965333333446e+39	45.0	4.448979591836735	71.0204081632653	36.734693877551024	9.885578483681325	693	544	45	5.0	87.0	45.0	45	4.0	58.0	30.0	2389	0	0.031247377395629883	34700	21.0298113822937	29570	14.78386167146975	
697447.7410335959	45.0	4.2	63.8	33.0	9.885578483681325	694	544	45	5	87	45	45	3	29	15	2391	0	0.031247615814208984	34750	21.06105899810791	29613	14.782733812949644	
1.449656844911242e+21	45.0	4.26	65.54	33.9	9.885578483681325	695	544	45	5	87	45	45	3	29	15	2393	0	0.015623092651367188	34800	21.076682090759277	29654	14.787356321839084	
767589.0159284556	45.0	4.06	59.74	30.9	9.885578483681325	696	544	45	5	87	45	45	3	29	15	2394	0	0.031248092651367188	34850	21.107930183410645	29695	14.791965566714495	
1202610806.0945513	45.0	3.98	57.42	29.7	9.885578483681325	697	544	45	5	87	45	45	3	29	15	2396	0	0.031247854232788086	34900	21.139178037643433	29739	14.787965616045852	
602279.1838746212	45.0	4.04	59.16	30.6	9.885578483681325	698	544	45	5	87	45	45	3	29	15	2399	0	0.031247854232788086	34950	21.17042589187622	29777	14.801144492131613	
488453.619913662	45.0	3.94	56.26	29.1	9.885578483681325	699	544	45	4	58	30	45	3	29	15	2402	0	0.015624523162841797	35000	21.186050415039062	29819	14.802857142857135	
971335.9808013734	45.0	4.0	58.0	30.0	9.885578483681325	700	544	45	5	87	45	45	3	29	15	2408	0	0.031247615814208984	35050	21.21729803085327	29858	14.81312410841656	
348820.8042535636	45.0	3.96	56.84	29.4	9.885578483681325	701	544	45	5	87	45	45	3	29	15	2409	0	0.031247854232788086	35100	21.24854588508606	29899	14.817663817663814	
97056.05781340925	45.0	4.04	59.16	30.6	9.885578483681325	702	544	45	5	87	45	45	3	29	15	2412	0	0.031247854232788086	35150	21.279793739318848	29937	14.8307254623044	
63831168719369.59	45.0	3.94	56.26	29.1	9.885578483681325	703	544	45	5	87	45	45	3	29	15	2416	0	0.015624046325683594	35200	21.29541778564453	29973	14.849431818181813	
1358770.5162731642	45.0	4.06	59.74	30.9	9.885578483681325	704	544	45	5	87	45	45	3	29	15	2418	0	0.031247377395629883	35250	21.32666516304016	30011	14.862411347517735	
9119959.50262093	45.0	4.02	58.58	30.3	9.885578483681325	705	544	45	5	87	45	45	3	29	15	2422	0	0.03124856948852539	35300	21.357913732528687	30052	14.866855524079327	
523877.3863111576	45.0	4.08	60.32	31.2	9.885578483681325	706	544	45	5	87	45	45	3	29	15	2426	0	0.031247854232788086	35350	21.389161586761475	30092	14.874115983026869	
1135757.842934985	45.0	3.92	55.68	28.8	9.885578483681325	707	544	45	5	87	45	45	3	29	15	2427	0	0.031247615814208984	35400	21.420409202575684	30130	14.887005649717509	
639461.3176861001	45.0	4.1	60.9	31.5	9.885578483681325	708	544	45	5	87	45	45	4	58	30	2430	0	0.031247854232788086	35450	21.45165705680847	30170	14.894217207334265	
368869.92285828176	45.0	4.06	59.74	30.9	9.885578483681325	709	544	45	5	87	45	45	3	29	15	2437	0	0.015624284744262695	35500	21.467281341552734	30207	14.909859154929578	
2306974253605064.5	45.0	4.08	60.32	31.2	9.885578483681325	710	544	45	5	87	45	45	3	29	15	2442	0	0.015623092651367188	35550	21.4829044342041	30242	14.931082981715889	
2089682.794676014	45.0	4.16	62.64	32.4	9.885578483681325	711	544	45	5	87	45	45	3	29	15	2445	0	0.031248807907104492	35600	21.514153242111206	30284	14.932584269662925	
100160557.70097254	45.0	4.170212765957447	62.93617021276596	32.5531914893617	9.885578483681325	712	547	45	5.0	87.0	45.0	45	3.0	29.0	15.0	2449	0	0.015624523162841797	35650	21.529777765274048	30324	14.939691444600271	
1.7486043737711736e+23	45.0	4.24	64.96	33.6	9.885578483681325	713	548	45	5	87	45	45	3	29	15	2453	0	0.03124690055847168	35700	21.56102466583252	30364	14.946778711484598	
78847749.33693942	45.0	4.06	59.74	30.9	9.885578483681325	714	548	45	5	87	45	45	3	29	15	2454	0	0.031247377395629883	35750	21.59227204322815	30408	14.942657342657341	
52699706431211.26	45.0	4.28	66.12	34.2	9.885578483681325	715	548	45	5	87	45	45	4	58	30	2455	0	0.03124833106994629	35800	21.623520374298096	30450	14.944134078212286	
193773.26302083186	45.0	4.22	64.38	33.3	9.885578483681325	716	548	45	5	87	45	45	3	29	15	2460	0	0.015623807907104492	35850	21.6391441822052	30483	14.97071129707112	
55893404.84712096	45.0	4.224489795918367	64.51020408163265	33.36734693877551	9.885578483681325	717	549	45	5.0	87.0	45.0	45	3.0	29.0	15.0	2461	0	0.031247854232788086	35900	21.67039203643799	30525	14.972144846796652	
1711397872908821.0	45.0	4.18	63.22	32.7	9.885578483681325	718	550	45	5	87	45	45	3	29	15	2464	0	0.031247854232788086	35950	21.701639890670776	30563	14.984700973574405	
1250027.4733027078	45.0	4.183673469387755	63.326530612244895	32.755102040816325	9.885578483681325	719	551	45	5.0	87.0	45.0	45	4.0	58.0	30.0	2470	0	0.031247854232788086	36000	21.732887744903564	30603	14.991666666666674	
998391984.4337392	45.0	4.12	61.48	31.8	9.885578483681325	720	551	45	5	87	45	45	3	29	15	2475	0	0.031247854232788086	36050	21.764135599136353	30644	14.995839112343972	
330724.12273302	45.0	4.02	58.58	30.3	9.885578483681325	721	551	45	5	87	45	45	3	29	15	2482	0	0.015623807907104492	36100	21.779759407043457	30687	14.99445983379502	
157847274.62866816	45.0	4.12	61.48	31.8	9.885578483681325	722	551	45	5	87	45	45	3	29	15	2485	0	0.031247615814208984	36150	21.811007022857666	30730	14.993084370677735	
410335.2790906724	45.0	4.08	60.32	31.2	9.885578483681325	723	551	45	5	87	45	45	3	29	15	2491	0	0.03124856948852539	36200	21.84225559234619	30771	14.997237569060772	
6412305.226029953	45.0	4.06	59.74	30.9	9.885578483681325	724	551	45	5	87	45	45	3	29	15	2495	0	0.015624284744262695	36250	21.857879877090454	30813	14.99862068965517	
3.604274250208405e+16	45.0	4.08	60.32	31.2	9.885578483681325	725	551	45	5	87	45	45	3	29	15	2500	0	0.03124713897705078	36300	21.889127016067505	30854	15.00275482093663	
1711397964385852.5	45.0	3.96	56.84	29.4	9.885578483681325	726	551	45	5	87	45	45	3	29	15	2504	0	0.03124856948852539	36350	21.92037558555603	30898	14.998624484181562	
14203264.092969267	45.0	3.9	55.1	28.5	9.885578483681325	727	551	45	5	87	45	45	3	29	15	2511	0	0.031247377395629883	36400	21.95162296295166	30939	15.002747252747255	
922075884.4682465	45.0	4.04	59.16	30.6	9.885578483681325	728	551	45	5	87	45	45	3	29	15	2516	0	0.015624046325683594	36450	21.967247009277344	30980	15.006858710562412	
43266290582226.805	45.0	4.14	62.06	32.1	9.885578483681325	729	551	45	5	87	45	45	3	29	15	2518	0	0.031247854232788086	36500	21.998494863510132	31023	15.0054794520548	
7187536109068.79	45.0	4.16	62.64	32.4	9.885578483681325	730	551	45	5	87	45	45	3	29	15	2521	0	0.031247615814208984	36550	22.02974247932434	31064	15.009575923392617	
6.1845654118697346e+29	45.0	4.08	60.32	31.2	9.885578483681325	731	551	45	5	87	45	45	3	29	15	2526	0	0.031247377395629883	36600	22.06098985671997	31101	15.02459016393442	
187006.46204507956	45.0	4.122448979591836	61.55102040816327	31.836734693877553	9.885578483681325	732	552	45	5.0	87.0	45.0	45	3.0	29.0	15.0	2527	0	0.031248092651367188	36650	22.092237949371338	31145	15.020463847203274	
2.333373885216031e+31	45.0	4.36	68.44	35.4	9.885578483681325	733	552	45	5	87	45	45	3	29	15	2533	0	0.031248092651367188	36700	22.123486042022705	31185	15.027247956403272	
1.393510278688552e+29	45.0	4.1	60.9	31.5	9.885578483681325	734	552	45	5	87	45	45	3	29	15	2534	0	0.031248807907104492	36750	22.15473484992981	31229	15.02312925170068	
788699.948974741	45.0	4.04	59.16	30.6	9.885578483681325	735	552	45	5	87	45	45	3	29	15	2539	0	0.031246662139892578	36800	22.185981512069702	31268	15.032608695652172	
1356659887.7035158	45.0	4.06	59.74	30.9	9.885578483681325	736	552	45	5	87	45	45	4	58	30	2540	0	0.015624046325683594	36850	22.201605558395386	31312	15.028493894165535	
10536501154001.975	45.0	4.04	59.16	30.6	9.885578483681325	737	552	45	5	87	45	45	4	58	30	2541	0	0.03124856948852539	36900	22.23285412788391	31353	15.03252032520325	
446165.44242033095	45.0	4.04	59.16	30.6	9.885578483681325	738	552	45	5	87	45	45	3	29	15	2545	0	0.03124690055847168	36950	22.264101028442383	31393	15.039242219215154	
565116.6965055168	45.0	4.081632653061225	60.36734693877551	31.224489795918366	9.885578483681325	739	553	45	5.0	87.0	45.0	45	3.0	29.0	15.0	2549	0	0.03124833106994629	37000	22.29534935951233	31432	15.048648648648637	
1092158163856.3226	45.0	4.163265306122449	62.734693877551024	32.44897959183673	9.885578483681325	740	554	45	5.0	87.0	45.0	45	3.0	29.0	15.0	2552	0	0.031247615814208984	37050	22.326596975326538	31470	15.060728744939269	
4230986.224515957	45.0	3.98	57.42	29.7	9.885578483681325	741	554	45	5	87	45	45	3	29	15	2555	0	0.015624761581420898	37100	22.34222173690796	31510	15.067385444743934	
336508.0364225521	45.0	3.96	56.84	29.4	9.885578483681325	742	554	45	5	87	45	45	3	29	15	2556	0	0.03124713897705078	37150	22.37346887588501	31551	15.07133243606998	
833869367.6385933	45.0	4.0	58.0	30.0	9.885578483681325	743	554	45	5	87	45	45	3	29	15	2559	0	0.031247854232788086	37200	22.404716730117798	31593	15.072580645161295	
1064193.403588538	45.0	4.04	59.16	30.6	9.885578483681325	744	554	45	5	87	45	45	3	29	15	2560	0	0.031247854232788086	37250	22.435964584350586	31639	15.063087248322148	
319617.8350922252	45.0	3.96	56.84	29.4	9.885578483681325	745	554	45	5	87	45	45	3	29	15	2561	0	0.015623807907104492	37300	22.45158839225769	31680	15.067024128686327	
471669.9126661507	45.0	3.96	56.84	29.4	9.885578483681325	746	554	45	5	87	45	45	3	29	15	2566	0	0.03124833106994629	37350	22.482836723327637	31717	15.081659973226238	
353333.1469686089	45.0	4.12	61.48	31.8	9.885578483681325	747	554	45	5	87	45	45	3	29	15	2566	0	0.01562356948852539	37400	22.498460292816162	31761	15.077540106951872	
40228873.54680894	45.0	4.16	62.64	32.4	9.885578483681325	748	555	45	5	87	45	45	3	29	15	2567	0	0.015623092651367188	37450	22.51408338546753	31802	15.081441922563414	
651489.3086055665	45.0	4.16	62.64	32.4	9.885578483681325	749	555	45	5	87	45	45	3	29	15	2569	0	0.0312497615814209	37500	22.54533314704895	31844	15.082666666666668	
1.393510278688552e+29	45.0	4.12	61.48	31.8	9.885578483681325	750	555	45	5	87	45	45	3	29	15	2570	0	0.015622854232788086	37550	22.56095600128174	31887	15.081225033288945	
421114.509984142	45.0	4.04	59.16	30.6	9.885578483681325	751	555	45	5	87	45	45	3	29	15	2571	0	0.031247854232788086	37600	22.592203855514526	31927	15.087765957446805	
5.261530220780444e+24	45.0	4.208333333333333	64.04166666666667	33.125	9.885578483681325	752	557	45	5.0	87.0	45.0	45	3.0	29.0	15.0	2574	0	0.015624284744262695	37650	22.60782814025879	31967	15.094289508632144	
1829266672833780.2	45.0	4.224489795918367	64.51020408163265	33.36734693877551	9.885578483681325	753	558	45	5.0	87.0	45.0	45	3.0	29.0	15.0	2580	0	0.031247377395629883	37700	22.63907551765442	32006	15.103448275862064	
1.7404607213117613e+26	45.0	4.1	60.9	31.5	9.885578483681325	754	558	45	5	87	45	45	3	29	15	2581	0	0.015624761581420898	37750	22.65470027923584	32050	15.099337748344368	
508421.4892018038	45.0	4.122448979591836	61.55102040816327	31.836734693877553	9.885578483681325	755	559	45	5.0	87.0	45.0	45	3.0	29.0	15.0	2586	0	0.031247615814208984	37800	22.68594789505005	32089	15.108465608465607	
726102.7431863692	45.0	4.02	58.58	30.3	9.885578483681325	756	560	45	5	87	45	45	3	29	15	2587	0	0.015624046325683594	37850	22.701571941375732	32129	15.114927344782032	
410423.95037362026	45.0	4.14	62.06	32.1	9.885578483681325	757	560	45	5	87	45	45	3	29	15	2591	0	0.03124713897705078	37900	22.732819080352783	32170	15.11873350923483	
1.5146850860092678e+21	45.0	4.040816326530612	59.183673469387756	30.612244897959183	9.885578483681325	758	561	45	5.0	87.0	45.0	45	3.0	29.0	15.0	2595	0	0.015624284744262695	37950	22.748443365097046	32212	15.119894598155469	
2.0339104474603516e+29	45.0	4.061224489795919	59.775510204081634	30.918367346938776	9.885578483681325	759	562	45	5.0	87.0	45.0	45	3.0	29.0	15.0	2597	0	0.015624046325683594	38000	22.76406741142273	32250	15.131578947368425	
1416329.2278946685	45.0	4.02	58.58	30.3	9.885578483681325	760	562	45	5	87	45	45	3	29	15	2600	0	0.031247615814208984	38050	22.79531502723694	32284	15.153745072273324	
1.2484444444444474e+24	45.0	3.98	57.42	29.7	9.885578483681325	761	562	45	5	87	45	45	3	29	15	2606	0	0.015624046325683594	38100	22.810939073562622	32319	15.173228346456696	
458790.8667367902	45.0	4.0	58.0	30.0	9.885578483681325	762	562	45	5	87	45	45	3	29	15	2607	0	0.031248092651367188	38150	22.84218716621399	32359	15.179554390563567	
1063080449.6436901	45.0	4.06	59.74	30.9	9.885578483681325	763	562	45	5	87	45	45	3	29	15	2610	0	0.01562356948852539	38200	22.857810735702515	32393	15.20157068062828	
576927187.5958542	45.0	4.02	58.58	30.3	9.885578483681325	764	562	45	5	87	45	45	3	29	15	2614	0	0.015624046325683594	38250	22.8734347820282	32430	15.215686274509792	
454982.2751674325	45.0	3.92	55.68	28.8	9.885578483681325	765	562	45	4	58	30	45	3	29	15	2614	0	0.01562356948852539	38300	22.889058351516724	32471	15.21932114882506	
525608341.71906495	45.0	4.0	58.0	30.0	9.885578483681325	766	562	45	4	58	30	45	4	58	30	2615	0	0.031247377395629883	38350	22.920305728912354	32509	15.230769230769226	
544242.2434231015	45.0	3.96	56.84	29.4	9.885578483681325	767	562	45	5	87	45	45	3	29	15	2617	0	0.015625	38400	22.935930728912354	32549	15.236979166666657	
301291.8640144381	45.0	3.92	55.68	28.8	9.885578483681325	768	562	45	5	87	45	45	3	29	15	2617	0	0.015623807907104492	38450	22.951554536819458	32593	15.232769830949294	
1828102398259891.8	45.0	3.98	57.42	29.7	9.885578483681325	769	562	45	5	87	45	45	3	29	15	2624	0	0.01562356948852539	38500	22.967178106307983	32631	15.244155844155856	
1480512559.8075507	45.0	4.08	60.32	31.2	9.885578483681325	770	562	45	5	87	45	45	4	58	30	2628	0	0.03124856948852539	38550	22.99842667579651	32674	15.242542153047992	
655780.696471394	45.0	4.12	61.48	31.8	9.885578483681325	771	562	45	5	87	45	45	4	58	30	2633	0	0.01562356948852539	38600	23.014050245285034	32716	15.24352331606218	
1.0752394125683381e+21	45.0	4.1875	63.4375	32.8125	9.885578483681325	772	564	45	5.0	87.0	45.0	45	3.0	29.0	15.0	2634	0	0.031248092651367188	38650	23.0452983379364	32760	15.23932729624839	
5.006314704918207e+21	45.0	4.06	59.74	30.9	9.885578483681325	773	564	45	5	87	45	45	3	29	15	2635	0	0.031247615814208984	38700	23.07654595375061	32805	15.232558139534873	
1343902.4032020192	45.0	4.02	58.58	30.3	9.885578483681325	774	564	45	5	87	45	45	3	29	15	2639	0	0.015623092651367188	38750	23.092169046401978	32847	15.233548387096775	
232894365.77961954	45.0	4.04	59.16	30.6	9.885578483681325	775	564	45	5	87	45	45	3	29	15	2650	0	0.031248807907104492	38800	23.123417854309082	32883	15.25	
886758702.251442	45.0	4.0	58.0	30.0	9.885578483681325	776	564	45	5	87	45	45	3	29	15	2650	0	0.03124713897705078	38850	23.154664993286133	32927	15.24581724581725	
1283281.9185362684	45.0	4.06	59.74	30.9	9.885578483681325	777	564	45	5	87	45	45	3	29	15	2659	0	0.03124833106994629	38900	23.18591332435608	32960	15.269922879177372	
1383046.8074783955	45.0	4.04	59.16	30.6	9.885578483681325	778	564	45	5	87	45	45	3	29	15	2663	0	0.015624046325683594	38950	23.201537370681763	33001	15.273427471116818	
806697.8238142041	45.0	4.2	63.8	33.0	9.885578483681325	779	564	45	5	87	45	45	3	29	15	2666	0	0.031247615814208984	39000	23.23278498649597	33041	15.279487179487177	
2.823922004869547e+21	45.0	4.28	66.12	34.2	9.885578483681325	780	565	45	5	87	45	45	4	58	30	2670	0	0.031247615814208984	39050	23.26403260231018	33083	15.280409731113949	
4.3548870000001664e+21	45.0	4.26	65.54	33.9	9.885578483681325	781	566	45	5	87	45	45	3	29	15	2670	0	0.03124833106994629	39100	23.295280933380127	33130	15.268542199488493	
538949.2924849079	45.0	4.08	60.32	31.2	9.885578483681325	782	566	45	5	87	45	45	3	29	15	2672	0	0.031247615814208984	39150	23.326528549194336	33174	15.264367816091948	
1.1458089312553715e+24	45.0	4.326530612244898	67.46938775510205	34.89795918367347	9.885578483681325	783	567	45	5.0	87.0	45.0	45	3.0	29.0	15.0	2675	0	0.031247615814208984	39200	23.357776165008545	33215	15.267857142857139	
1.451575050167243e+21	45.0	4.510204081632653	72.79591836734694	37.6530612244898	9.885578483681325	784	568	45	5.0	87.0	45.0	45	3.0	29.0	15.0	2677	0	0.031248807907104492	39250	23.38902497291565	33258	15.26624203821656	
1157927829966.4155	45.0	4.469387755102041	71.61224489795919	37.04081632653061	9.885578483681325	785	569	45	5.0	87.0	45.0	45	3.0	29.0	15.0	2678	0	0.031247615814208984	39300	23.42027258872986	33302	15.262086513994916	
3.890442155661533e+22	45.0	4.444444444444445	70.88888888888889	36.666666666666664	9.885578483681325	786	575	45	5.0	87.0	45.0	45	3.0	29.0	15.0	2680	0	0.031247854232788086	39350	23.451520442962646	33343	15.26556543837357	
636794634.6661763	45.0	4.36	68.44	35.4	9.885578483681325	787	575	45	5	87	45	45	3	29	15	2687	0	0.031248092651367188	39400	23.482768535614014	33384	15.26903553299492	
3.6400295490982406e+17	45.0	4.42	70.18	36.3	9.885578483681325	788	575	45	5	87	45	45	3	29	15	2694	0	0.03124690055847168	39450	23.514015436172485	33426	15.269961977186313	
520795.2398049664	45.0	4.24	64.96	33.6	9.885578483681325	789	575	45	5	87	45	45	3	29	15	2699	0	0.03124833106994629	39500	23.54526376724243	33468	15.270886075949363	
1068028.441819452	45.0	4.0	58.0	30.0	9.885578483681325	790	575	45	5	87	45	45	3	29	15	2702	0	0.015624284744262695	39550	23.560888051986694	33513	15.264222503160553	
50789000745230.055	45.0	3.94	56.26	29.1	9.885578483681325	791	575	45	5	87	45	45	3	29	15	2706	0	0.031247615814208984	39600	23.592135667800903	33555	15.265151515151516	
491755.63049899234	45.0	4.06	59.74	30.9	9.885578483681325	792	575	45	5	87	45	45	3	29	15	2708	0	0.031248092651367188	39650	23.62338376045227	33596	15.26860025220681	
56394229.679809734	45.0	4.163265306122449	62.734693877551024	32.44897959183673	9.885578483681325	793	576	45	5.0	87.0	45.0	45	3.0	29.0	15.0	2715	0	0.015624523162841797	39700	23.639008283615112	33634	15.279596977329973	
2.0647092725410047e+30	45.0	4.12	61.48	31.8	9.885578483681325	794	576	45	5	87	45	45	3	29	15	2718	0	0.03124856948852539	39750	23.670256853103638	33672	15.290566037735857	
47940545579154.43	45.0	4.06	59.74	30.9	9.885578483681325	795	576	45	5	87	45	45	3	29	15	2719	0	0.031247615814208984	39800	23.701504468917847	33718	15.281407035175874	
1.4515732069672422e+21	45.0	4.08	60.32	31.2	9.885578483681325	796	576	45	5	87	45	45	3	29	15	2722	0	0.031247377395629883	39850	23.732751846313477	33759	15.284818067754074	
607056.9227561146	45.0	4.163265306122449	62.734693877551024	32.44897959183673	9.885578483681325	797	577	45	5.0	87.0	45.0	45	3.0	29.0	15.0	2724	0	0.015624284744262695	39900	23.74837613105774	33799	15.29072681704261	
691256.3669511786	45.0	4.22	64.38	33.3	9.885578483681325	798	577	45	5	87	45	45	3	29	15	2727	0	0.031246662139892578	39950	23.779622793197632	33838	15.2991239048811	
3.7204358887674506e+23	45.0	4.14	62.06	32.1	9.885578483681325	799	577	45	5	87	45	45	3	29	15	2731	0	0.031247615814208984	40000	23.81087040901184	33878	15.305000000000007	
357976.398756937	45.0	4.02	58.58	30.3	9.885574515350235	800	577	45	5	87	45	45	3	29	15	2736	0	0.015625	40050	23.82649540901184	33916	15.315855181023721	
2173059086206.908	45.0	4.26530612244898	65.6938775510204	33.97959183673469	9.885573627935246	801	578	45	5.0	87.0	45.0	45	3.0	29.0	15.0	2740	0	0.031247615814208984	40100	23.85774302482605	33956	15.321695760598502	
411851.38843039214	45.0	4.1	60.9	31.5	9.885573627935246	802	578	45	5	87	45	45	3	29	15	2743	0	0.01562356948852539	40150	23.873366594314575	33999	15.320049813200498	
455899.17704422487	45.0	4.0	58.0	30.0	9.885573627935246	803	578	45	5	87	45	45	3	29	15	2743	0	0.031248092651367188	40200	23.904614686965942	34043	15.31592039800995	
45958702880626.21	45.0	4.333333333333333	67.66666666666667	35.0	9.885573627935246	804	580	45	5.0	87.0	45.0	45	3.0	29.0	15.0	2745	0	0.03124856948852539	40250	23.935863256454468	34085	15.316770186335404	
402222.138917393	45.0	4.26	65.54	33.9	9.885573627935246	805	580	45	5	87	45	45	3	29	15	2752	0	0.015623807907104492	40300	23.951487064361572	34126	15.32009925558313	
129017144389153.72	45.0	4.34	67.86	35.1	9.885570978996197	806	580	45	5	87	45	45	3	29	15	2754	0	0.04687142372131348	40350	23.998358488082886	34171	15.313506815365557	
119069767953187.16	45.0	4.46	71.34	36.9	9.885570978996197	807	580	45	5	87	45	45	3	29	15	2762	0	0.015624284744262695	40400	24.01398277282715	34210	15.32178217821783	
36303922396716.71	45.0	4.333333333333333	67.66666666666667	35.0	9.885570978996197	808	583	45	5.0	87.0	45.0	45	4.0	58.0	30.0	2764	0	0.046874046325683594	40450	24.060856819152832	34255	15.315203955500621	
3.129633013603224e+21	45.0	4.18	63.22	32.7	9.885570978996197	809	583	45	5	87	45	45	3	29	15	2768	0	0.031247854232788086	40500	24.09210467338562	34301	15.306172839506175	
1453007.8023295891	45.0	4.18	63.22	32.7	9.885570978996197	810	584	45	5	87	45	45	3	29	15	2768	0	0.015624284744262695	40550	24.107728958129883	34346	15.2996300863132	
1641544898320837.0	45.0	4.32	67.28	34.8	9.885570978996197	811	584	45	5	87	45	45	3	29	15	2770	0	0.031246423721313477	40600	24.138975381851196	34393	15.28817733990148	
22753847.94671178	45.0	4.326530612244898	67.46938775510205	34.89795918367347	9.885570978996197	812	585	45	5.0	87.0	45.0	45	3.0	29.0	15.0	2775	0	0.031245708465576172	40650	24.170221090316772	34437	15.284132841328415	
96001560085899.9	45.0	4.395833333333333	69.47916666666667	35.9375	9.885570978996197	813	587	45	5.0	87.0	45.0	45	3.0	29.0	15.0	2779	0	0.031249523162841797	40700	24.201470613479614	34480	15.282555282555293	
50189084810167.52	45.0	4.673469387755102	77.53061224489795	40.10204081632653	9.885570978996197	814	589	45	5.0	87.0	45.0	45	3.0	29.0	15.0	2780	0	0.03124713897705078	40750	24.232717752456665	34524	15.278527607361951	
4.476325149598005e+17	45.0	4.6	75.4	39.0	9.885570978996197	815	589	45	5	87	45	45	3	29	15	2783	0	0.0312502384185791	40800	24.263967990875244	34570	15.269607843137251	
7.016731279031624e+21	45.0	4.38	69.02	35.7	9.885570978996197	816	589	45	5	87	45	45	3	29	15	2787	0	0.03124523162841797	40850	24.295213222503662	34613	15.26805385556915	
63418776272115.695	45.0	4.428571428571429	70.42857142857143	36.42857142857143	9.885570978996197	817	591	45	5.0	87.0	45.0	45	3.0	29.0	15.0	2787	0	0.03124856948852539	40900	24.326461791992188	34657	15.264058679706608	
1480613490379.6956	45.0	4.387755102040816	69.24489795918367	35.816326530612244	9.885570978996197	818	592	45	5.0	87.0	45.0	45	3.0	29.0	15.0	2791	0	0.0312497615814209	40950	24.35771155357361	34697	15.269841269841265	
6466315428967.527	45.0	4.36	68.44	35.4	9.885570978996197	819	592	45	5	87	45	45	3	29	15	2796	0	0.031244993209838867	41000	24.388956546783447	34738	15.273170731707324	
70122666998750.57	45.0	4.56	74.24	38.4	9.885570978996197	820	593	45	5	87	45	45	3	29	15	2801	0	0.031247854232788086	41050	24.420204401016235	34776	15.283800243605356	
1.747907579906981e+31	45.0	4.387755102040816	69.24489795918367	35.816326530612244	9.885570978996197	821	594	45	5.0	87.0	45.0	45	3.0	29.0	15.0	2804	0	0.03124833106994629	41100	24.45145273208618	34813	15.296836982968358	
123234043469367.45	45.0	4.32	67.28	34.8	9.885570978996197	822	595	45	5	87	45	45	3	29	15	2807	0	0.03124713897705078	41150	24.482699871063232	34850	15.309842041312265	
3.6561860465355e+24	45.0	4.3125	67.0625	34.6875	9.885570978996197	823	598	45	5.0	87.0	45.0	45	3.0	29.0	15.0	2812	0	0.015625953674316406	41200	24.49832582473755	34887	15.322815533980588	
233619135901895.12	45.0	4.64	76.56	39.6	9.885570978996197	824	599	45	5	87	45	45	3	29	15	2812	0	0.04687333106994629	41250	24.545199155807495	34936	15.306666666666672	
51326019046917.11	45.0	4.6	75.4	39.0	9.885570978996197	825	600	45	5	87	45	45	3	29	15	2817	0	0.03124523162841797	41300	24.576444387435913	34977	15.309927360774822	
6.540692199864667e+21	45.0	4.770833333333333	80.35416666666667	41.5625	9.885570978996197	826	602	45	5.0	87.0	45.0	45	3.0	29.0	15.0	2820	0	0.031247615814208984	41350	24.607692003250122	35018	15.313180169286582	
46181272363107.07	45.0	4.653061224489796	76.93877551020408	39.795918367346935	9.885570978996197	827	604	45	5.0	87.0	45.0	45	3.0	29.0	15.0	2821	0	0.031247854232788086	41400	24.63893985748291	35063	15.306763285024147	
1311301397669.2212	45.0	4.68	77.72	40.2	9.885570978996197	828	605	45	5	87	45	45	3	29	15	2824	0	0.015624046325683594	41450	24.654563903808594	35108	15.300361881785278	
78763939585830.95	45.0	4.6875	77.9375	40.3125	9.885570978996197	829	608	45	5.0	87.0	45.0	45	3.0	29.0	15.0	2824	0	0.031247615814208984	41500	24.685811519622803	35154	15.29156626506024	
4.605867181587332e+43	45.0	4.56	74.24	38.4	9.885570978996197	830	609	45	5	87	45	45	3	29	15	2826	0	0.015623807907104492	41550	24.701435327529907	35199	15.285198555956683	
640314207950603.4	45.0	4.48	71.92	37.2	9.885570978996197	831	610	45	5	87	45	45	4	58	30	2828	0	0.031247854232788086	41600	24.732683181762695	35243	15.28125	
1516858276865.2495	45.0	4.595744680851064	75.27659574468085	38.93617021276596	9.885570978996197	832	613	45	5.0	87.0	45.0	45	3.0	29.0	15.0	2834	0	0.031248092651367188	41650	24.763931274414062	35284	15.28451380552221	
1020109154730.2406	45.0	4.74	79.46	41.1	9.885570978996197	833	613	45	5	87	45	45	3	29	15	2836	0	0.031248092651367188	41700	24.79517936706543	35332	15.270983213429261	
13887974179.187681	45.0	4.680851063829787	77.74468085106383	40.212765957446805	9.885570978996197	834	616	45	5.0	87.0	45.0	45	3.0	29.0	15.0	2838	0	0.015624046325683594	41750	24.810803413391113	35376	15.267065868263472	
67418634170719.13	45.0	4.916666666666667	84.58333333333333	43.75	9.885570978996197	835	619	45	5.0	87.0	45.0	45	3.0	29.0	15.0	2845	0	0.03124713897705078	41800	24.842050552368164	35415	15.275119617224874	
1.340119148936229e+31	45.0	4.583333333333333	74.91666666666667	38.75	9.885570978996197	836	621	45	5.0	87.0	45.0	45	3.0	29.0	15.0	2847	0	0.015624761581420898	41850	24.857675313949585	35459	15.271206690561527	
93333334011610.27	45.0	4.714285714285714	78.71428571428571	40.714285714285715	9.885570978996197	837	623	45	5.0	87.0	45.0	45	3.0	29.0	15.0	2848	0	0.03124713897705078	41900	24.888922452926636	35502	15.269689737470173	
4869361703987513.0	45.0	4.787234042553192	80.82978723404256	41.808510638297875	9.885570967952303	838	627	45	5.0	87.0	45.0	45	3.0	29.0	15.0	2848	0	0.01562356948852539	41950	24.90454602241516	35545	15.268176400476762	
1556096773951.276	45.0	4.808510638297872	81.44680851063829	42.12765957446808	9.885570967952303	839	631	45	5.0	87.0	45.0	45	3.0	29.0	15.0	2849	0	0.046872854232788086	42000	24.95141887664795	35588	15.266666666666666	
1.3401191489362251e+31	45.0	4.673469387755102	77.53061224489795	40.10204081632653	9.885570967952303	840	633	45	5.0	87.0	45.0	45	3.0	29.0	15.0	2851	0	0.031247615814208984	42050	24.982666492462158	35632	15.262782401902498	
4012330314.8321466	45.0	4.591836734693878	75.16326530612245	38.87755102040816	9.885570967952303	841	634	45	5.0	87.0	45.0	45	3.0	29.0	15.0	2856	0	0.031249523162841797	42100	25.013916015625	35675	15.26128266033254	
8.163267818365139e+20	45.0	4.76	80.04	41.4	9.885570967952303	842	635	45	5	87	45	45	3	29	15	2857	0	0.03124523162841797	42150	25.045161247253418	35722	15.250296559905095	
213566933449147.72	45.0	4.66	77.14	39.9	9.885570967952303	843	636	45	5	87	45	45	3	29	15	2859	0	0.031248092651367188	42200	25.076409339904785	35766	15.246445497630333	
4457712456567.737	45.0	4.64	76.56	39.6	9.885570967952303	844	636	45	5	87	45	45	3	29	15	2860	0	0.03124833106994629	42250	25.10765767097473	35814	15.233136094674563	
9.662563636364152e+41	45.0	4.680851063829787	77.74468085106383	40.212765957446805	9.885570967952303	845	639	45	5.0	87.0	45.0	45	3.0	29.0	15.0	2864	0	0.031247377395629883	42300	25.13890504837036	35854	15.238770685579198	
190033568768989.06	45.0	4.795918367346939	81.08163265306122	41.93877551020408	9.885570202945532	846	640	45	5.0	87.0	45.0	45	3.0	29.0	15.0	2867	0	0.04687190055847168	42350	25.185776948928833	35899	15.232585596221952	
1249508248904.1433	45.0	4.644444444444445	76.68888888888888	39.666666666666664	9.885570202945532	847	645	45	5.0	87.0	45.0	45	3.0	29.0	15.0	2873	0	0.031247377395629883	42400	25.217024326324463	35937	15.242924528301884	
1.6776721323181816e+19	45.0	4.458333333333333	71.29166666666667	36.875	9.885570202945532	848	647	45	5.0	87.0	45.0	45	3.0	29.0	15.0	2876	0	0.031247854232788086	42450	25.24827218055725	35979	15.24381625441697	
115011261158478.02	45.0	4.48	71.92	37.2	9.885570202945532	849	648	45	5	87	45	45	3	29	15	2878	0	0.031249046325683594	42500	25.279521226882935	36022	15.242352941176478	
48000000212220.51	45.0	4.46	71.34	36.9	9.885570202945532	850	648	45	5	87	45	45	3	29	15	2884	0	0.03124713897705078	42550	25.310768365859985	36062	15.247943595769684	
5477490564.449082	45.0	4.583333333333333	74.91666666666667	38.75	9.885570202945532	851	651	45	5.0	87.0	45.0	45	3.0	29.0	15.0	2888	0	0.031248092651367188	42600	25.342016458511353	36103	15.251173708920192	
657777861349601.4	45.0	4.5625	74.3125	38.4375	9.885570202945532	852	653	45	5.0	87.0	45.0	45	3.0	29.0	15.0	2892	0	0.031247377395629883	42650	25.373263835906982	36145	15.252051582649472	
563541257427985.6	45.0	4.775510204081633	80.48979591836735	41.63265306122449	9.885570202945532	853	654	45	5.0	87.0	45.0	45	3.0	29.0	15.0	2894	0	0.031248092651367188	42700	25.40451192855835	36191	15.24355971896955	
627499445084849.0	45.0	4.62	75.98	39.3	9.885570202945532	854	655	45	5	87	45	45	3	29	15	2898	0	0.031247615814208984	42750	25.43575954437256	36236	15.237426900584794	
60095734316341.57	45.0	4.63265306122449	76.34693877551021	39.48979591836735	9.885570202945532	855	656	45	5.0	87.0	45.0	45	3.0	29.0	15.0	2903	0	0.031247615814208984	42800	25.467007160186768	36278	15.23831775700934	
156546096649795.47	45.0	4.755102040816326	79.89795918367346	41.326530612244895	9.885570201842159	856	657	45	5.0	87.0	45.0	45	3.0	29.0	15.0	2905	0	0.031248807907104492	42850	25.498255968093872	36325	15.227537922987167	
1.2291764049742366e+34	45.0	4.6938775510204085	78.12244897959184	40.40816326530612	9.885570201842159	857	658	45	5.0	87.0	45.0	45	3.0	29.0	15.0	2910	0	0.031248092651367188	42900	25.52950406074524	36364	15.235431235431236	
1.1419039656929352e+34	45.0	4.56	74.24	38.4	9.885570201842159	858	658	45	5	87	45	45	3	29	15	2915	0	0.031247377395629883	42950	25.56075143814087	36407	15.233993015133876	
2.6953268645939075e+25	45.0	4.510204081632653	72.79591836734694	37.6530612244898	9.885570201842159	859	659	45	5.0	87.0	45.0	45	3.0	29.0	15.0	2921	0	0.031247854232788086	43000	25.591999292373657	36448	15.237209302325581	
8.951698369565268e+43	45.0	4.7	78.3	40.5	9.885570201842159	860	659	45	5	87	45	45	3	29	15	2926	0	0.031249284744262695	43050	25.62324857711792	36493	15.23112659698026	
6.250000005436334e+23	45.0	4.5	72.5	37.5	9.885570201842159	861	659	45	5	87	45	45	3	29	15	2932	0	0.015623807907104492	43100	25.638872385025024	36534	15.23433874709977	
9.619641430233155e+33	45.0	4.34	67.86	35.1	9.885570201842159	862	659	45	5	87	45	45	3	29	15	2937	0	0.015622138977050781	43150	25.654494524002075	36577	15.23290845886443	
106769814.39364588	45.0	4.5	72.5	37.5	9.885570201842159	863	661	45	5.0	87.0	45.0	45	3.0	29.0	15.0	2948	0	0.031247854232788086	43200	25.685742378234863	36610	15.254629629629633	
15388032777.618015	45.0	4.38	69.02	35.7	9.885570201842159	864	662	45	5	87	45	45	3	29	15	2951	0	0.031247854232788086	43250	25.71699023246765	36653	15.253179190751439	
534055046499.1551	45.0	4.25	65.25	33.75	9.885570201842159	865	664	45	5.0	87.0	45.0	45	3.0	29.0	15.0	2957	0	0.03124833106994629	43300	25.748238563537598	36689	15.26789838337183	
6.289242224832278e+37	45.0	4.416666666666667	70.08333333333333	36.25	9.885570201842159	866	666	45	5.0	87.0	45.0	45	3.0	29.0	15.0	2963	0	0.031247854232788086	43350	25.779486417770386	36727	15.277970011534023	
1071853115334.9202	45.0	4.24	64.96	33.6	9.885570201842159	867	666	45	5	87	45	45	3	29	15	2968	0	0.0156252384185791	43400	25.795111656188965	36767	15.28341013824884	
80041060383067.88	45.0	4.333333333333333	67.66666666666667	35.0	9.885570201842159	868	669	45	5.0	87.0	45.0	45	3.0	29.0	15.0	2970	0	0.031246423721313477	43450	25.82635807991028	36810	15.281933256616796	
3.5941248721201287e+19	45.0	4.6875	77.9375	40.3125	9.885570201842159	869	671	45	5.0	87.0	45.0	45	3.0	29.0	15.0	2971	0	0.01562356948852539	43500	25.841981649398804	36856	15.273563218390805	
6.561000000000287e+30	45.0	4.66	77.14	39.9	9.885570201842159	870	671	45	5	87	45	45	3	29	15	2974	0	0.031247615814208984	43550	25.873229265213013	36902	15.265212399540758	
50354593205582.695	45.0	4.770833333333333	80.35416666666667	41.5625	9.885570201842159	871	673	45	5.0	87.0	45.0	45	3.0	29.0	15.0	2980	0	0.031247615814208984	43600	25.90447688102722	36942	15.27064220183486	
1.183083850366517e+24	45.0	4.62	75.98	39.3	9.885570201842159	872	674	45	5	87	45	45	3	29	15	2984	0	0.015624284744262695	43650	25.920101165771484	36987	15.264604810996559	
101032154394204.98	45.0	4.428571428571429	70.42857142857143	36.42857142857143	9.885570201842159	873	675	45	5.0	87.0	45.0	45	3.0	29.0	15.0	2988	0	0.031249523162841797	43700	25.951350688934326	37029	15.265446224256294	
98303921667400.94	45.0	4.591836734693878	75.16326530612245	38.87755102040816	9.885570201842159	874	676	45	5.0	87.0	45.0	45	3.0	29.0	15.0	2992	0	0.031247615814208984	43750	25.982598304748535	37074	15.259428571428572	
14485866424951.014	45.0	4.571428571428571	74.57142857142857	38.57142857142857	9.885570201842159	875	677	45	5.0	87.0	45.0	45	3.0	29.0	15.0	2996	0	0.031247615814208984	43800	26.013845920562744	37119	15.25342465753424	
1.0781100000000095e+39	45.0	4.76	80.04	41.4	9.885570201842159	876	678	45	5	87	45	45	3	29	15	3002	0	0.031250953674316406	43850	26.04509687423706	37161	15.254275940706947	
1299458764886.0964	45.0	4.625	76.125	39.375	9.885570201842159	877	681	45	5.0	87.0	45.0	45	3.0	29.0	15.0	3005	0	0.031244754791259766	43900	26.07634162902832	37202	15.257403189066054	
7.143116841037146e+21	45.0	4.72	78.88	40.8	9.885570201842159	878	681	45	5	87	45	45	3	29	15	3011	0	0.04687094688415527	43950	26.123212575912476	37244	15.258248009101251	
1118615504126921.2	45.0	4.541666666666667	73.70833333333333	38.125	9.885570201842159	879	683	45	5.0	87.0	45.0	45	3.0	29.0	15.0	3013	0	0.015623807907104492	44000	26.13883638381958	37288	15.25454545454545	
1.342318386057042e+36	45.0	4.591836734693878	75.16326530612245	38.87755102040816	9.885570201842159	880	684	45	5.0	87.0	45.0	45	3.0	29.0	15.0	3016	0	0.031248092651367188	44050	26.170084476470947	37332	15.250851305334848	
48928636333868.12	45.0	4.6875	77.9375	40.3125	9.885570201842159	881	687	45	5.0	87.0	45.0	45	3.0	29.0	15.0	3016	0	0.031247615814208984	44100	26.201332092285156	37378	15.24263038548753	
93135585665972.11	45.0	4.808510638297872	81.44680851063829	42.12765957446808	9.885570201842159	882	690	45	5.0	87.0	45.0	45	3.0	29.0	15.0	3021	0	0.031247854232788086	44150	26.232579946517944	37419	15.245753114382794	
15378608771297.709	45.0	4.895833333333333	83.97916666666667	43.4375	9.885570201842159	883	692	45	5.0	87.0	45.0	45	3.0	29.0	15.0	3031	0	0.031248092651367188	44200	26.26382803916931	37457	15.255656108597279	
3.721032173913045e+31	45.0	4.723404255319149	78.97872340425532	40.851063829787236	9.885570201842159	884	695	45	5.0	87.0	45.0	45	3.0	29.0	15.0	3033	0	0.031247377395629883	44250	26.29507541656494	37501	15.251977401129949	
52771162007318.05	45.0	4.6938775510204085	78.12244897959184	40.40816326530612	9.885570201842159	885	696	45	5.0	87.0	45.0	45	3.0	29.0	15.0	3037	0	0.031249523162841797	44300	26.326324939727783	37544	15.25056433408578	
46765837664344.61	45.0	4.708333333333333	78.54166666666667	40.625	9.885570201842159	886	699	45	5.0	87.0	45.0	45	3.0	29.0	15.0	3038	0	0.04687166213989258	44350	26.373196601867676	37586	15.251409244644876	
136340007462779.11	45.0	4.673469387755102	77.53061224489795	40.10204081632653	9.885570201842159	887	701	45	5.0	87.0	45.0	45	3.0	29.0	15.0	3040	0	0.031247377395629883	44400	26.404443979263306	37631	15.245495495495504	
86690460418110.98	45.0	4.7	78.3	40.5	9.885570201842159	888	702	45	5	87	45	45	3	29	15	3041	0	0.031247377395629883	44450	26.435691356658936	37676	15.239595050618675	
3.542940000000194e+39	45.0	4.653061224489796	76.93877551020408	39.795918367346935	9.885570201842159	889	703	45	5.0	87.0	45.0	45	3.0	29.0	15.0	3043	0	0.04687190055847168	44500	26.482563257217407	37719	15.238202247191012	
6.134021013993426e+39	45.0	4.836734693877551	82.26530612244898	42.55102040816327	9.885567544125925	890	704	45	5.0	87.0	45.0	45	3.0	29.0	15.0	3046	0	0.04687213897705078	44550	26.529435396194458	37763	15.23456790123457	
8.96244039493528e+19	45.0	4.8	81.2	42.0	9.885567544125925	891	705	45	5	87	45	45	3	29	15	3048	0	0.04687142372131348	44600	26.57630681991577	37809	15.22645739910314	
3190501909619.6855	45.0	4.74	79.46	41.1	9.885567544125925	892	706	45	5	87	45	45	3	29	15	3051	0	0.031247377395629883	44650	26.6075541973114	37853	15.222844344904814	
8.604015738816579e+21	45.0	4.7	78.3	40.5	9.885567544125925	893	706	45	5	87	45	45	3	29	15	3052	0	0.04687237739562988	44700	26.65442657470703	37900	15.212527964205819	
1.0792768694117858e+34	45.0	4.739130434782608	79.43478260869566	41.08695652173913	9.885567544125925	894	710	45	5.0	87.0	45.0	45	3.0	29.0	15.0	3058	0	0.031247377395629883	44750	26.68567395210266	37937	15.224581005586586	
482374635913.4763	45.0	4.851063829787234	82.68085106382979	42.765957446808514	9.885567544125925	895	713	45	5.0	87.0	45.0	45	3.0	29.0	15.0	3060	0	0.04687237739562988	44800	26.73254632949829	37982	15.21875	
1.0535797756922814e+34	45.0	4.583333333333333	74.91666666666667	38.75	9.885567544125925	896	715	45	5.0	87.0	45.0	45	3.0	29.0	15.0	3067	0	0.03124713897705078	44850	26.763793468475342	38020	15.228539576365662	
1438006.682514123	45.0	4.702127659574468	78.36170212765957	40.53191489361702	9.885567544125925	897	718	45	5.0	87.0	45.0	45	3.0	29.0	15.0	3071	0	0.031249523162841797	44900	26.795042991638184	38061	15.231625835189305	
2.0581558408873407e+34	45.0	4.708333333333333	78.54166666666667	40.625	9.885567544125925	898	720	45	5.0	87.0	45.0	45	3.0	29.0	15.0	3077	0	0.046871185302734375	44950	26.841914176940918	38101	15.236929922135715	
158723404513309.38	45.0	4.63265306122449	76.34693877551021	39.48979591836735	9.885567544125925	899	721	45	5.0	87.0	45.0	45	3.0	29.0	15.0	3080	0	0.015624046325683594	45000	26.8575382232666	38146	15.231111111111105	
97464709445645.02	45.0	4.625	76.125	39.375	9.885567544125925	900	723	45	5.0	87.0	45.0	45	3.0	29.0	15.0	3081	0	0.03124713897705078	45050	26.888785362243652	38190	15.22752497225305	
8.879901695467363e+26	45.0	4.918367346938775	84.63265306122449	43.775510204081634	9.885567544125925	901	725	45	5.0	87.0	45.0	45	3.0	29.0	15.0	3082	0	0.04687213897705078	45100	26.935657501220703	38234	15.22394678492239	
2.814501160465654e+33	45.0	4.702127659574468	78.36170212765957	40.53191489361702	9.885567544125925	902	728	45	5.0	87.0	45.0	45	3.0	29.0	15.0	3087	0	0.03124856948852539	45150	26.96690607070923	38273	15.231450719822817	
60668249508379.445	45.0	4.565217391304348	74.3913043478261	38.47826086956522	9.885567544125925	903	732	45	5.0	87.0	45.0	45	3.0	29.0	15.0	3090	0	0.031247377395629883	45200	26.99815344810486	38314	15.23451327433628	
59256830808831.1	45.0	4.5	72.5	37.5	9.885567544125925	904	737	45	5.0	87.0	45.0	45	3.0	29.0	15.0	3091	0	0.015624284744262695	45250	27.01377773284912	38356	15.235359116022096	
50830564905669.66	45.0	4.775510204081633	80.48979591836735	41.63265306122449	9.885567544125925	905	739	45	5.0	87.0	45.0	45	3.0	29.0	15.0	3095	0	0.04687213897705078	45300	27.060649871826172	38399	15.23399558498896	
1.0070902518045322e+27	45.0	4.8125	81.5625	42.1875	9.885567540853256	906	741	45	5.0	87.0	45.0	45	3.0	29.0	15.0	3098	0	0.04687047004699707	45350	27.10752034187317	38442	15.232635060639467	
65449223468759.49	45.0	4.76	80.04	41.4	9.885567540853256	907	741	45	5	87	45	45	3	29	15	3098	0	0.031249046325683594	45400	27.138769388198853	38490	15.220264317180622	
51489164118644.06	45.0	4.851063829787234	82.68085106382979	42.765957446808514	9.885567540853256	908	744	45	5.0	87.0	45.0	45	3.0	29.0	15.0	3099	0	0.04687047004699707	45450	27.18563985824585	38533	15.218921892189215	
1.463466667246827e+31	45.0	4.63265306122449	76.34693877551021	39.48979591836735	9.885567540853256	909	745	45	5.0	87.0	45.0	45	3.0	29.0	15.0	3101	0	0.0156252384185791	45500	27.20126509666443	38578	15.213186813186823	
4595744684125379.0	45.0	4.285714285714286	66.28571428571429	34.285714285714285	9.885567540853256	910	747	45	5.0	87.0	45.0	45	3.0	29.0	15.0	3103	0	0.031246423721313477	45550	27.232511520385742	38619	15.216245883644348	
36148112492862.44	45.0	4.297872340425532	66.63829787234043	34.46808510638298	9.885567540853256	911	751	45	5.0	87.0	45.0	45	3.0	29.0	15.0	3104	0	0.031247615814208984	45600	27.26375913619995	38660	15.219298245614027	
246653334.49456725	45.0	4.16	62.64	32.4	9.885567540853256	912	751	45	5	87	45	45	3	29	15	3106	0	0.03124833106994629	45650	27.295007467269897	38701	15.2223439211391	
1.1666667365085986e+17	45.0	4.06	59.74	30.9	9.885567540853256	913	752	45	5	87	45	45	3	29	15	3108	0	0.046871185302734375	45700	27.341878652572632	38743	15.223194748358864	
48405972.24671203	45.0	4.04	59.16	30.6	9.885567540853256	914	752	45	5	87	45	45	3	29	15	3111	0	0.015624046325683594	45750	27.357502698898315	38788	15.217486338797812	
1041260207314.4155	45.0	4.28	66.12	34.2	9.885567540853256	915	752	45	5	87	45	45	3	29	15	3114	0	0.04687166213989258	45800	27.404374361038208	38828	15.222707423580786	
1.0991884991265423e+32	45.0	4.36	68.44	35.4	9.885567540853256	916	753	45	5	87	45	45	4	58	30	3118	0	0.03124833106994629	45850	27.435622692108154	38872	15.219193020719729	
1476484147906.8984	45.0	4.304347826086956	66.82608695652173	34.56521739130435	9.885567540853256	917	757	45	5.0	87.0	45.0	45	3.0	29.0	15.0	3122	0	0.031248092651367188	45900	27.46687078475952	38913	15.222222222222229	
45957475488528.27	45.0	4.163265306122449	62.734693877551024	32.44897959183673	9.885567540853256	918	759	45	5.0	87.0	45.0	45	3.0	29.0	15.0	3124	0	0.015624284744262695	45950	27.482495069503784	38956	15.220892274211096	
1086529139946.8616	45.0	4.244897959183674	65.10204081632654	33.673469387755105	9.885567540853256	919	761	45	5.0	87.0	45.0	45	3.0	29.0	15.0	3127	0	0.03124713897705078	46000	27.513742208480835	38998	15.221739130434784	
101129560.84703527	45.0	4.285714285714286	66.28571428571429	34.285714285714285	9.885567540853256	920	762	45	5.0	87.0	45.0	45	3.0	29.0	15.0	3133	0	0.03124856948852539	46050	27.54499077796936	39039	15.22475570032573	
789654.3739807343	45.0	4.122448979591836	61.55102040816327	31.836734693877553	9.885567540853256	921	764	45	5.0	87.0	45.0	45	3.0	29.0	15.0	3135	0	0.01562356948852539	46100	27.560614347457886	39081	15.225596529284175	
586046332.3345675	45.0	4.326530612244898	67.46938775510205	34.89795918367347	9.885567540853256	922	766	45	5.0	87.0	45.0	45	3.0	29.0	15.0	3137	0	0.03124713897705078	46150	27.591861486434937	39124	15.224268689057425	
47615388815.00315	45.0	4.36734693877551	68.65306122448979	35.51020408163265	9.885567540853256	923	767	45	5.0	87.0	45.0	45	3.0	29.0	15.0	3140	0	0.031248807907104492	46200	27.62311029434204	39167	15.222943722943725	
14090756215198.957	45.0	4.36734693877551	68.65306122448979	35.51020408163265	9.885567540853256	924	768	45	5.0	87.0	45.0	45	3.0	29.0	15.0	3144	0	0.031247854232788086	46250	27.65435814857483	39208	15.225945945945952	
1.0570917717407898e+34	45.0	4.574468085106383	74.65957446808511	38.61702127659574	9.885567540853256	925	771	45	5.0	87.0	45.0	45	3.0	29.0	15.0	3147	0	0.031247377395629883	46300	27.68560552597046	39250	15.2267818574514	
195615697738876.5	45.0	4.51063829787234	72.80851063829788	37.659574468085104	9.885567540853256	926	774	45	5.0	87.0	45.0	45	3.0	29.0	15.0	3152	0	0.031247854232788086	46350	27.716853380203247	39291	15.229773462783172	
142210432902903.9	45.0	4.666666666666667	77.33333333333333	40.0	9.885567540853256	927	777	45	5.0	87.0	45.0	45	3.0	29.0	15.0	3156	0	0.031247854232788086	46400	27.748101234436035	39334	15.228448275862078	
4.037794954654094e+26	45.0	4.854166666666667	82.77083333333333	42.8125	9.885567540853256	928	780	45	5.0	87.0	45.0	45	4.0	58.0	30.0	3158	0	0.031248092651367188	46450	27.779349327087402	39378	15.22497308934338	
8.021515638355757e+36	45.0	4.666666666666667	77.33333333333333	40.0	9.885567540853256	929	782	45	5.0	87.0	45.0	45	3.0	29.0	15.0	3159	0	0.031247615814208984	46500	27.81059694290161	39422	15.221505376344098	
45454344989971.26	45.0	4.7	78.3	40.5	9.885567540853256	930	782	45	5	87	45	45	3	29	15	3160	0	0.04687190055847168	46550	27.857468843460083	39466	15.218045112781951	
964589453521.8475	45.0	4.489795918367347	72.20408163265306	37.3469387755102	9.885567540853256	931	783	45	5.0	87.0	45.0	45	3.0	29.0	15.0	3165	0	0.031247615814208984	46600	27.888716459274292	39506	15.223175965665234	
6422897.0521232495	45.0	4.469387755102041	71.61224489795919	37.04081632653061	9.885567540853256	932	784	45	5.0	87.0	45.0	45	3.0	29.0	15.0	3171	0	0.031248092651367188	46650	27.91996455192566	39546	15.228295819935695	
5.8532467600521447e+26	45.0	4.625	76.125	39.375	9.885567540853256	933	786	45	5.0	87.0	45.0	45	3.0	29.0	15.0	3176	0	0.031247615814208984	46700	27.951212167739868	39585	15.235546038543902	
63715764665978.82	45.0	4.62	75.98	39.3	9.885567540853256	934	786	45	5	87	45	45	3	29	15	3180	0	0.031248092651367188	46750	27.982460260391235	39626	15.238502673796788	
189174785174394.9	45.0	4.48936170212766	72.19148936170212	37.340425531914896	9.885567540853256	935	789	45	5.0	87.0	45.0	45	3.0	29.0	15.0	3182	0	0.03124833106994629	46800	28.01370859146118	39669	15.237179487179489	
949021949821.4032	45.0	4.673469387755102	77.53061224489795	40.10204081632653	9.885567540853256	936	791	45	5.0	87.0	45.0	45	3.0	29.0	15.0	3184	0	0.031247615814208984	46850	28.04495620727539	39714	15.231590181430093	
1740099543587.3203	45.0	4.66	77.14	39.9	9.885567540853256	937	791	45	5	87	45	45	3	29	15	3187	0	0.03124713897705078	46900	28.07620334625244	39760	15.223880597014926	
225917.90851501553	45.0	4.733333333333333	79.26666666666667	41.0	9.885567540853256	938	797	45	5.0	87.0	45.0	45	3.0	29.0	15.0	3188	0	0.03124833106994629	46950	28.107451677322388	39803	15.222577209797663	
1135917049595.5518	45.0	4.808510638297872	81.44680851063829	42.12765957446808	9.885567540853256	939	800	45	5.0	87.0	45.0	45	3.0	29.0	15.0	3192	0	0.03124833106994629	47000	28.138700008392334	39845	15.223404255319153	
75545531952405.33	45.0	4.836734693877551	82.26530612244898	42.55102040816327	9.885567540853256	940	801	45	5.0	87.0	45.0	45	3.0	29.0	15.0	3196	0	0.04687142372131348	47050	28.185571432113647	39889	15.219978746014874	
47020866926451.67	45.0	4.795918367346939	81.08163265306122	41.93877551020408	9.885567540853256	941	803	45	5.0	87.0	45.0	45	3.0	29.0	15.0	3198	0	0.031247854232788086	47100	28.216819286346436	39932	15.218683651804682	
2615677264108.8823	45.0	4.979591836734694	86.40816326530613	44.69387755102041	9.885567540853256	942	804	45	5.0	87.0	45.0	45	4.0	58.0	30.0	3199	0	0.015623807907104492	47150	28.23244309425354	39979	15.208907741251323	
5.40737710572609e+16	45.0	4.729166666666667	79.14583333333333	40.9375	9.885567540853256	943	806	45	5.0	87.0	45.0	45	3.0	29.0	15.0	3203	0	0.03124856948852539	47200	28.263691663742065	40021	15.209745762711862	
7.393961739130813e+39	45.0	4.73469387755102	79.3061224489796	41.02040816326531	9.885567540853256	944	808	45	5.0	87.0	45.0	45	3.0	29.0	15.0	3206	0	0.031248092651367188	47250	28.294939756393433	40063	15.210582010582002	
2.5243787765957453e+40	45.0	4.755102040816326	79.89795918367346	41.326530612244895	9.885567540853256	945	810	45	5.0	87.0	45.0	45	3.0	29.0	15.0	3208	0	0.015623092651367188	47300	28.3105628490448	40107	15.207188160676537	
342391430342067.9	45.0	4.74468085106383	79.59574468085107	41.170212765957444	9.885567540853256	946	813	45	5.0	87.0	45.0	45	3.0	29.0	15.0	3210	0	0.04687213897705078	47350	28.35743498802185	40151	15.203801478352702	
5843964784808.693	45.0	4.6938775510204085	78.12244897959184	40.40816326530612	9.885567540853256	947	815	45	5.0	87.0	45.0	45	4.0	58.0	30.0	3214	0	0.031247854232788086	47400	28.38868284225464	40193	15.204641350210963	
50608363174027.1	45.0	4.836734693877551	82.26530612244898	42.55102040816327	9.885567540853256	948	817	45	5.0	87.0	45.0	45	3.0	29.0	15.0	3217	0	0.04687190055847168	47450	28.43555474281311	40235	15.205479452054789	
23406666.363998014	45.0	4.479166666666667	71.89583333333333	37.1875	9.885567540853256	949	819	45	5.0	87.0	45.0	45	3.0	29.0	15.0	3220	0	0.031249284744262695	47500	28.466804027557373	40278	15.20421052631579	
1.952313043485312e+19	45.0	4.408163265306122	69.83673469387755	36.12244897959184	9.885567540853256	950	821	45	5.0	87.0	45.0	45	3.0	29.0	15.0	3223	0	0.031247615814208984	47550	28.498051643371582	40322	15.200841219768662	
81547386848098.58	45.0	4.625	76.125	39.375	9.885567540853256	951	824	45	5.0	87.0	45.0	45	3.0	29.0	15.0	3229	0	0.031246423721313477	47600	28.529298067092896	40363	15.203781512605048	
305342.45011385204	45.0	4.46	71.34	36.9	9.885567540853256	952	824	45	5	87	45	45	3	29	15	3231	0	0.03124856948852539	47650	28.56054663658142	40409	15.196222455403984	
590278.28349099	45.0	4.479166666666667	71.89583333333333	37.1875	9.885567540853256	953	826	45	5.0	87.0	45.0	45	3.0	29.0	15.0	3234	0	0.031247377395629883	47700	28.59179401397705	40451	15.197064989517813	
45000000292593.8	45.0	4.408163265306122	69.83673469387755	36.12244897959184	9.885567540853256	954	828	45	5.0	87.0	45.0	45	3.0	29.0	15.0	3235	0	0.031247377395629883	47750	28.62304139137268	40496	15.191623036649219	
2550859738404.8867	45.0	4.22	64.38	33.3	9.885567540853256	955	828	45	5	87	45	45	3	29	15	3237	0	0.031247615814208984	47800	28.65428900718689	40538	15.192468619246853	
2.4958044225180054e+33	45.0	4.08	60.32	31.2	9.885567540853256	956	828	45	5	87	45	45	3	29	15	3242	0	0.015625476837158203	47850	28.669914484024048	40578	15.1974921630094	
491738712.69792974	45.0	4.3	66.7	34.5	9.885567540853256	957	828	45	5	87	45	45	3	29	15	3249	0	0.031246662139892578	47900	28.70116114616394	40617	15.204592901878911	
639957792.2465137	45.0	4.346938775510204	68.06122448979592	35.204081632653065	9.885567540853256	958	829	45	5.0	87.0	45.0	45	3.0	29.0	15.0	3251	0	0.031247854232788086	47950	28.73240900039673	40662	15.199165797705945	
47264734085398.59	45.0	4.510204081632653	72.79591836734694	37.6530612244898	9.885567540853256	959	831	45	5.0	87.0	45.0	45	3.0	29.0	15.0	3252	0	0.031248092651367188	48000	28.763657093048096	40707	15.193749999999994	
1110863482880.7688	45.0	4.76595744680851	80.2127659574468	41.48936170212766	9.885567540853256	960	834	45	5.0	87.0	45.0	45	3.0	29.0	15.0	3255	0	0.04687190055847168	48050	28.810528993606567	40749	15.194588969823101	
1902128189197.7961	45.0	4.666666666666667	77.33333333333333	40.0	9.885567540853256	961	836	45	5.0	87.0	45.0	45	3.0	29.0	15.0	3260	0	0.031247377395629883	48100	28.841776371002197	40788	15.201663201663209	
354610.1296583616	45.0	4.625	76.125	39.375	9.885567540853256	962	838	45	5.0	87.0	45.0	45	3.0	29.0	15.0	3264	0	0.015624284744262695	48150	28.85740065574646	40831	15.200415368639668	
24000000942235.137	45.0	4.8478260869565215	82.58695652173913	42.71739130434783	9.885567540853256	963	843	45	5.0	87.0	45.0	45	3.0	29.0	15.0	3265	0	0.031247615814208984	48200	28.88864827156067	40872	15.203319502074692	
82915208930237.78	45.0	4.836734693877551	82.26530612244898	42.55102040816327	9.885567540853256	964	845	45	5.0	87.0	45.0	45	3.0	29.0	15.0	3267	0	0.031248807907104492	48250	28.919897079467773	40916	15.200000000000003	
328252028239.81085	45.0	4.708333333333333	78.54166666666667	40.625	9.885567540853256	965	847	45	5.0	87.0	45.0	45	3.0	29.0	15.0	3269	0	0.03124833106994629	48300	28.95114541053772	40962	15.192546583850927	
833019429482.8796	45.0	4.857142857142857	82.85714285714286	42.857142857142854	9.885567540853256	966	848	45	5.0	87.0	45.0	45	3.0	29.0	15.0	3274	0	0.031246185302734375	48350	28.982391595840454	41006	15.18924508790073	
117113663120180.77	45.0	4.755102040816326	79.89795918367346	41.326530612244895	9.885567539602047	967	849	45	5.0	87.0	45.0	45	3.0	29.0	15.0	3278	0	0.03124856948852539	48400	29.01364016532898	41049	15.188016528925615	
53913909632713.61	45.0	4.673469387755102	77.53061224489795	40.10204081632653	9.885567539602047	968	850	45	5.0	87.0	45.0	45	3.0	29.0	15.0	3283	0	0.031247377395629883	48450	29.04488754272461	41091	15.188854489164086	
78750000438675.98	45.0	4.63265306122449	76.34693877551021	39.48979591836735	9.885567539602047	969	852	45	5.0	87.0	45.0	45	3.0	29.0	15.0	3284	0	0.031247854232788086	48500	29.076135396957397	41135	15.18556701030927	
9.787267553232853e+16	45.0	4.571428571428571	74.57142857142857	38.57142857142857	9.885567539602047	970	853	45	5.0	87.0	45.0	45	3.0	29.0	15.0	3287	0	0.031247854232788086	48550	29.107383251190186	41180	15.180226570545827	
8010506.118952693	45.0	4.6875	77.9375	40.3125	9.885567539602047	971	855	45	5.0	87.0	45.0	45	3.0	29.0	15.0	3295	0	0.031248092651367188	48600	29.138631343841553	41219	15.187242798353907	
627111695.5793712	45.0	4.54	73.66	38.1	9.885567539602047	972	856	45	5	87	45	45	3	29	15	3298	0	0.031247615814208984	48650	29.16987895965576	41264	15.181911613566285	
2916000119541068.5	45.0	4.6521739130434785	76.91304347826087	39.78260869565217	9.885567539602047	973	861	45	5.0	87.0	45.0	45	3.0	29.0	15.0	3300	0	0.031247615814208984	48700	29.20112657546997	41305	15.184804928131413	
1233357293178.3625	45.0	4.666666666666667	77.33333333333333	40.0	9.885567539602047	974	863	45	5.0	87.0	45.0	45	3.0	29.0	15.0	3303	0	0.031248807907104492	48750	29.232375383377075	41346	15.187692307692316	
328403.41876564006	45.0	4.625	76.125	39.375	9.885567539602047	975	865	45	5.0	87.0	45.0	45	3.0	29.0	15.0	3307	0	0.031247377395629883	48800	29.263622760772705	41388	15.188524590163937	
704752062711.0272	45.0	4.851063829787234	82.68085106382979	42.765957446808514	9.885567539602047	976	868	45	5.0	87.0	45.0	45	4.0	58.0	30.0	3312	0	0.031247854232788086	48850	29.294870615005493	41429	15.191402251791203	
9.11833750954518e+39	45.0	4.836734693877551	82.26530612244898	42.55102040816327	9.885567539602047	977	869	45	5.0	87.0	45.0	45	3.0	29.0	15.0	3320	0	0.03124713897705078	48900	29.326117753982544	41467	15.200408997955009	
813624.8633742742	45.0	4.782608695652174	80.69565217391305	41.73913043478261	9.885567539602047	978	873	45	5.0	87.0	45.0	45	3.0	29.0	15.0	3325	0	0.031249284744262695	48950	29.357367038726807	41508	15.203268641470885	
8.1603720957098e+28	45.0	4.82	81.78	42.3	9.885567539602047	979	874	45	5	87	45	45	3	29	15	3328	0	0.04687094688415527	49000	29.404237985610962	41553	15.197959183673476	
2477130433299.0635	45.0	4.770833333333333	80.35416666666667	41.5625	9.885567539602047	980	876	45	5.0	87.0	45.0	45	3.0	29.0	15.0	3332	0	0.031247854232788086	49050	29.43548583984375	41596	15.19673802242609	
1302679628467.5784	45.0	4.551020408163265	73.9795918367347	38.265306122448976	9.885567539602047	981	877	45	5.0	87.0	45.0	45	3.0	29.0	15.0	3335	0	0.031248092651367188	49100	29.466733932495117	41641	15.19144602851324	
4251328.469409805	45.0	4.75	79.75	41.25	9.885567539602047	982	879	45	5.0	87.0	45.0	45	3.0	29.0	15.0	3337	0	0.03124713897705078	49150	29.497981071472168	41686	15.186164801627669	
678378.0022798087	45.0	4.74	79.46	41.1	9.885567539602047	983	880	45	5	87	45	45	3	29	15	3339	0	0.03124833106994629	49200	29.529229402542114	41731	15.180894308943095	
1900540.7665855968	45.0	4.586956521739131	75.02173913043478	38.80434782608695	9.885567539602047	984	885	45	5.0	87.0	45.0	45	3.0	29.0	15.0	3342	0	0.031247854232788086	49250	29.560477256774902	41770	15.187817258883257	
133188.4167414368	45.0	4.5625	74.3125	38.4375	9.885561025514669	985	887	45	5.0	87.0	45.0	45	3.0	29.0	15.0	3346	0	0.04687237739562988	49300	29.607349634170532	41810	15.19269776876267	
1162333731301.3591	45.0	4.795918367346939	81.08163265306122	41.93877551020408	9.885541481474764	986	888	45	5.0	87.0	45.0	45	3.0	29.0	15.0	3353	0	0.03124690055847168	49350	29.638596534729004	41850	15.19756838905775	
224041.35779541498	45.0	4.729166666666667	79.14583333333333	40.9375	9.885541481474764	987	890	45	5.0	87.0	45.0	45	3.0	29.0	15.0	3355	0	0.031247854232788086	49400	29.669844388961792	41895	15.192307692307693	
459421.02444232686	45.0	4.804347826086956	81.32608695652173	42.06521739130435	9.885500270887201	988	895	45	5.0	87.0	45.0	45	3.0	29.0	15.0	3356	0	0.031248092651367188	49450	29.70109248161316	41939	15.189079878665325	
6199554990958.318	45.0	4.854166666666667	82.77083333333333	42.8125	9.885500270887201	989	897	45	5.0	87.0	45.0	45	3.0	29.0	15.0	3359	0	0.046872615814208984	49500	29.747965097427368	41984	15.183838383838392	
1.2555640006588496e+23	45.0	4.836734693877551	82.26530612244898	42.55102040816327	9.885500270887201	990	899	45	5.0	87.0	45.0	45	3.0	29.0	15.0	3360	0	0.031247854232788086	49550	29.779212951660156	42030	15.176589303733607	
491794687850150.06	45.0	4.729166666666667	79.14583333333333	40.9375	9.885500270887201	991	901	45	5.0	87.0	45.0	45	3.0	29.0	15.0	3364	0	0.03124713897705078	49600	29.810460090637207	42069	15.183467741935488	
5173516100157750.0	45.0	4.791666666666667	80.95833333333333	41.875	9.885500270887201	992	903	45	5.0	87.0	45.0	45	3.0	29.0	15.0	3366	0	0.046872615814208984	49650	29.857332706451416	42113	15.180261832829814	
2470579.1960917395	45.0	4.8125	81.5625	42.1875	9.885500270887201	993	906	45	5.0	87.0	45.0	45	3.0	29.0	15.0	3370	0	0.031247377395629883	49700	29.888580083847046	42155	15.181086519114686	
1289030384215816.2	45.0	4.770833333333333	80.35416666666667	41.5625	9.885500270887201	994	908	45	5.0	87.0	45.0	45	3.0	29.0	15.0	3373	0	0.031249046325683594	49750	29.91982913017273	42200	15.175879396984925	
1420514532190.9153	45.0	4.66	77.14	39.9	9.885500270887201	995	909	45	5	87	45	45	3	29	15	3374	0	0.015622377395629883	49800	29.93545150756836	42246	15.168674698795186	
24715958368068.84	45.0	4.795918367346939	81.08163265306122	41.93877551020408	9.885500270887201	996	911	45	5.0	87.0	45.0	45	3.0	29.0	15.0	3379	0	0.03124833106994629	49850	29.966699838638306	42289	15.16750250752257	
52009029907795.79	45.0	4.8979591836734695	84.04081632653062	43.46938775510204	9.885500270887201	997	912	45	5.0	87.0	45.0	45	3.0	29.0	15.0	3387	0	0.031247377395629883	49900	29.997947216033936	42330	15.170340681362731	
1.0367290646199103e+24	45.0	4.775510204081633	80.48979591836735	41.63265306122449	9.885500270887201	998	914	45	5.0	87.0	45.0	45	3.0	29.0	15.0	3391	0	0.031248092651367188	49950	30.029195308685303	42373	15.169169169169166	
1.077648377817159e+18	45.0	4.791666666666667	80.95833333333333	41.875	9.885500270887201	999	917	45	5.0	87.0	45.0	45	3.0	29.0	15.0	3394	0	0.03124833106994629	50000	30.06044363975525	42414	15.171999999999997	
9.926129354592255e+20	45.0	4.795918367346939	81.08163265306122	41.93877551020408	9.885500270887201	1000	919	45	5.0	87.0	45.0	45	3.0	29.0	15.0	3396	0	0.03124713897705078	50050	30.0916907787323	42457	15.170829170829165	
