ave_fitness	ave_genome_length	ave_tree_depth	ave_tree_nodes	ave_used_codons	best_fitness	gen	invalids	max_genome_length	max_tree_depth	max_tree_nodes	max_used_codons	min_genome_length	min_tree_depth	min_tree_nodes	min_used_codons	runtime_error	time_adjust	time_taken	total_inds	total_time	unique_inds	unused_search	
1.9109568009617953e+45	100.864	6.494	130.326	67.41	44.96674677254748	0	0	180	10	232	120	22	3	29	15	315	0	6.8401288986206055	500	6.8401288986206055	185	63.0	
5.842048178876317e+46	43.02	3.6770833333333335	48.635416666666664	25.15625	44.96674677254748	1	116	90	8.0	174.0	90.0	22	3.0	29.0	15.0	396	0	0.218733549118042	1000	7.0588624477386475	480	52.0	
2.8610335789714366e+39	37.052	3.156862745098039	33.549019607843135	17.352941176470587	44.96674677254748	2	158	90	6.0	116.0	60.0	22	3.0	29.0	15.0	428	0	0.18122649192810059	1500	7.240088939666748	871	41.93333333333334	
1.9150912137845503e+29	35.838	3.062639821029083	30.8165548098434	15.939597315436242	31.910702302959137	3	211	90	5.0	87.0	45.0	22	3.0	29.0	15.0	459	0	0.12499070167541504	2000	7.365079641342163	1235	38.24999999999999	
2.8153876514947754e+28	36.698	3.07725321888412	31.240343347639485	16.158798283261802	31.9107004950134	4	245	90	5.0	87.0	45.0	22	3.0	29.0	15.0	482	0	0.15623950958251953	2500	7.521319150924683	1614	35.44	
1.2499918850375484e+25	37.21	3.141304347826087	33.09782608695652	17.119565217391305	30.34198172526203	5	285	90	6.0	116.0	60.0	22	3.0	29.0	15.0	516	0	0.12499165534973145	3000	7.646310806274414	1989	33.7	
4.568738969503711e+28	35.622	3.094713656387665	31.74669603524229	16.420704845814978	29.127995432806124	6	331	90	6.0	116.0	60.0	22	3.0	29.0	15.0	539	0	0.12499189376831055	3500	7.771302700042725	2365	32.42857142857143	
4.546268849161299e+24	37.574	3.125	32.625	16.875	28.891316264378926	7	368	90	6.0	116.0	60.0	22	3.0	29.0	15.0	568	0	0.1874861717224121	4000	7.958788871765137	2748	31.299999999999997	
7.869221273663076e+32	40.502	3.123110151187905	32.570194384449245	16.846652267818573	27.949744052798415	8	406	90	6.0	116.0	60.0	22	3.0	29.0	15.0	591	0	0.14061594009399414	4500	8.09940481185913	3142	30.177777777777777	
1.0712914305609097e+32	42.904	3.1365546218487395	32.96008403361345	17.048319327731093	24.998120400592995	9	431	90	6.0	116.0	60.0	22	3.0	29.0	15.0	623	0	0.17186355590820312	5000	8.271268367767334	3546	29.08	
4.797801981986139e+34	42.504	3.1341719077568135	32.890985324947586	17.0125786163522	24.988908455567877	10	454	90	6.0	116.0	60.0	22	3.0	29.0	15.0	645	0	0.15623855590820312	5500	8.427506923675537	3963	27.945454545454538	
1.2969231139730162e+39	43.758	3.1389473684210527	33.02947368421053	17.08421052631579	24.988908455567877	11	480	90	6.0	116.0	60.0	22	3.0	29.0	15.0	662	0	0.14061760902404785	6000	8.568124532699585	4378	27.03333333333333	
2.351893970555676e+37	41.57	3.106060606060606	32.07575757575758	16.59090909090909	24.988908455567877	12	519	90	7.0	145.0	75.0	22	3.0	29.0	15.0	689	0	0.17186188697814941	6500	8.739986419677734	4773	26.56923076923077	
2.746845893660997e+37	42.83	3.0911016949152543	31.641949152542374	16.366525423728813	23.544125836171926	13	548	90	5.0	87.0	45.0	22	3.0	29.0	15.0	710	0	0.187485933303833	7000	8.927472352981567	5186	25.91428571428571	
1.6882412585018314e+37	43.518	3.094736842105263	31.74736842105263	16.42105263157895	23.381412700653577	14	574	90	6.0	116.0	60.0	22	3.0	29.0	15.0	728	0	0.14061570167541504	7500	9.068088054656982	5603	25.293333333333337	
2.4405292935735397e+30	46.53	3.1152263374485596	32.34156378600823	16.728395061728396	23.381412700653577	15	588	90	7.0	145.0	75.0	22	3.0	29.0	15.0	748	0	0.17186379432678223	8000	9.239951848983765	6017	24.787499999999994	
1.2316388630972935e+40	47.414	3.176470588235294	34.11764705882353	17.647058823529413	18.365395551747415	16	613	90	6.0	116.0	60.0	22	3.0	29.0	15.0	773	0	0.18748784065246582	8500	9.42743968963623	6427	24.38823529411765	
1.200640005681998e+39	51.484	3.2325581395348837	35.74418604651163	18.488372093023255	18.365395551747415	17	641	90	6.0	116.0	60.0	22	3.0	29.0	15.0	797	0	0.15623831748962402	9000	9.583678007125854	6830	24.111111111111114	
1.432860797469843e+32	48.31	3.1390041493775933	33.031120331950206	17.085062240663902	18.365395551747415	18	659	90	6.0	116.0	60.0	22	3.0	29.0	15.0	811	0	0.18748879432678223	9500	9.771166801452637	7249	23.69473684210527	
7.319626968528985e+30	48.06	3.1515789473684213	33.39578947368421	17.273684210526316	17.163239503957563	19	684	90	5.0	87.0	45.0	22	3.0	29.0	15.0	829	0	0.1718616485595703	10000	9.943028450012207	7651	23.489999999999995	
4.924670082972041e+29	48.634	3.2242798353909463	35.50411522633745	18.364197530864196	17.163239503957563	20	698	90	6.0	116.0	60.0	22	3.0	29.0	15.0	851	0	0.2031106948852539	10500	10.146139144897461	8062	23.219047619047615	
8.804761420674059e+29	52.026	3.2016632016632016	34.84823284823285	18.024948024948024	13.522230937173287	21	718	90	6.0	116.0	60.0	22	3.0	29.0	15.0	873	0	0.15624022483825684	11000	10.302379369735718	8486	22.854545454545445	
1.0867578705107014e+40	53.416	3.2315573770491803	35.71516393442623	18.473360655737704	13.522230937173287	22	730	90	5.0	87.0	45.0	22	3.0	29.0	15.0	897	0	0.15623903274536133	11500	10.458618402481079	8898	22.626086956521746	
6.749408017744061e+39	54.418	3.243298969072165	36.05567010309279	18.649484536082475	13.522230937173287	23	746	90	6.0	116.0	60.0	22	3.0	29.0	15.0	907	0	0.15623879432678223	12000	10.614857196807861	9325	22.29166666666667	
9.062022915272163e+24	58.958	3.230769230769231	35.69230769230769	18.46153846153846	13.522230937173287	24	766	90	6.0	116.0	60.0	22	3.0	29.0	15.0	920	0	0.17186856269836426	12500	10.786725759506226	9759	21.927999999999997	
5.886676893737586e+35	60.414	3.2704918032786887	36.84426229508197	19.057377049180328	13.522230937173287	25	778	90	6.0	116.0	60.0	22	3.0	29.0	15.0	932	0	0.20310711860656738	13000	10.989832878112793	10202	21.52307692307693	
8.144012338539463e+38	62.444	3.3069105691056913	37.90040650406504	19.603658536585368	13.522230937173287	26	786	90	6.0	116.0	60.0	22	3.0	29.0	15.0	956	0	0.18748736381530762	13500	11.1773202419281	10618	21.348148148148155	
7.029043945295392e+28	61.652	3.3008130081300813	37.72357723577236	19.51219512195122	13.522230937173287	27	795	90	5.0	87.0	45.0	22	3.0	29.0	15.0	977	0	0.17186331748962402	14000	11.349183559417725	11041	21.135714285714286	
5.9020776964761284e+23	60.554	3.2889344262295084	37.37909836065574	19.334016393442624	13.522230937173287	28	807	90	6.0	116.0	60.0	22	3.0	29.0	15.0	990	0	0.1874861717224121	14500	11.536669731140137	11473	20.875862068965517	
3.129840343978851e+31	61.518	3.3457556935817805	39.02691511387164	20.18633540372671	13.522230937173287	29	824	90	6.0	116.0	60.0	22	3.0	29.0	15.0	1010	0	0.14061522483825684	15000	11.677284955978394	11889	20.74000000000001	
2.9204451380253717e+35	63.862	3.380658436213992	40.03909465020576	20.709876543209877	13.522230937173287	30	839	90	6.0	116.0	60.0	22	3.0	29.0	15.0	1032	0	0.203110933303833	15500	11.880395889282227	12311	20.5741935483871	
1.9862896177563365e+25	66.608	3.402439024390244	40.670731707317074	21.036585365853657	13.507012934574867	31	847	90	6.0	116.0	60.0	22	3.0	29.0	15.0	1052	0	0.2343602180480957	16000	12.114756107330322	12739	20.381249999999994	
1.0616788994016302e+21	64.222	3.303901437371663	37.813141683778234	19.55852156057495	13.507012934574867	32	860	90	5.0	87.0	45.0	22	3.0	29.0	15.0	1071	0	0.1874864101409912	16500	12.302242517471313	13156	20.266666666666666	
1.1894902437827707e+38	67.372	3.3118712273641853	38.04426559356137	19.678068410462778	13.507012934574867	33	863	90	5.0	87.0	45.0	22	3.0	29.0	15.0	1089	0	0.17186236381530762	17000	12.474104881286621	13602	19.988235294117658	
1.236190746434544e+31	67.792	3.3052208835341363	37.85140562248996	19.57831325301205	13.507012934574867	34	865	90	6.0	116.0	60.0	22	3.0	29.0	15.0	1103	0	0.18748784065246582	17500	12.661592721939087	14038	19.782857142857154	
4.358151420896335e+40	68.626	3.313131313131313	38.08080808080808	19.696969696969695	13.507012934574867	35	871	90	5.0	87.0	45.0	22	3.0	29.0	15.0	1122	0	0.2031104564666748	18000	12.864703178405762	14470	19.611111111111114	
2.4093258138403778e+35	71.318	3.3682092555331993	39.67806841046278	20.523138832997986	13.507012934574867	36	874	90	6.0	116.0	60.0	22	3.0	29.0	15.0	1140	0	0.20311546325683594	18500	13.067818641662598	14909	19.4108108108108	
5.796448138661481e+22	71.536	3.32064128256513	38.298597194388776	19.809619238476955	13.507012934574867	37	875	90	6.0	116.0	60.0	22	3.0	29.0	15.0	1167	0	0.156235933303833	19000	13.22405457496643	15334	19.294736842105266	
2.0757064184899345e+40	72.42	3.3024193548387095	37.770161290322584	19.536290322580644	13.507012934574867	38	879	90	5.0	87.0	45.0	22	3.0	29.0	15.0	1186	0	0.2031102180480957	19500	13.427164793014526	15765	19.15384615384616	
124943754702972.8	72.026	3.3346774193548385	38.70564516129032	20.02016129032258	13.507012934574867	39	883	90	5.0	87.0	45.0	22	3.0	29.0	15.0	1206	0	0.15623927116394043	20000	13.583404064178467	16191	19.045	
5725286028.401269	75.554	3.218436873747495	35.33466933867736	18.276553106212425	13.507012934574867	40	884	90	6.0	116.0	60.0	22	3.0	29.0	15.0	1220	0	0.15624165534973145	20500	13.739645719528198	16623	18.912195121951214	
1.4300046674084403e+19	79.2	3.31062124248497	38.00801603206413	19.65931863727455	13.507012934574867	41	885	90	6.0	116.0	60.0	22	3.0	29.0	15.0	1238	0	0.19915270805358887	21000	13.938798427581787	17052	18.799999999999997	
1132144113.1248653	81.336	3.276	37.004	19.14	13.342115005464896	42	885	90	5	87	45	45	3	29	15	1255	0	0.17186236381530762	21500	14.110660791397095	17489	18.655813953488376	
2.002155553045019e+29	81.428	3.3627254509018036	39.519038076152306	20.440881763527056	13.342115005464896	43	886	90	6.0	116.0	60.0	45	3.0	29.0	15.0	1286	0	0.18748903274536133	22000	14.298149824142456	17913	18.577272727272728	
1.8960931317213e+20	81.416	3.340681362725451	38.879759519038075	20.110220440881765	13.342115005464896	44	887	90	6.0	116.0	60.0	45	3.0	29.0	15.0	1310	0	0.1874854564666748	22500	14.48563528060913	18348	18.453333333333333	
6.892165647728971e+39	81.068	3.276	37.004	19.14	13.342115005464896	45	887	90	5	87	45	45	3	29	15	1327	0	0.18749022483825684	23000	14.673125505447388	18793	18.291304347826085	
6662104085.37413	83.844	3.302	37.758	19.53	13.342115005464896	46	887	90	5	87	45	45	3	29	15	1349	0	0.2031080722808838	23500	14.876233577728271	19227	18.182978723404247	
4.384989295373389e+26	82.048	3.348790322580645	39.11491935483871	20.231854838709676	13.189404737338165	47	891	90	5.0	87.0	45.0	45	3.0	29.0	15.0	1368	0	0.20311236381530762	24000	15.079345941543579	19660	18.08333333333333	
580168322.8044313	83.798	3.3601609657947686	39.44466800804829	20.40241448692153	13.189404737338165	48	894	90	5.0	87.0	45.0	45	3.0	29.0	15.0	1388	0	0.2187347412109375	24500	15.298080682754517	20093	17.987755102040808	
3.426852476750339e+18	83.972	3.2665330661322645	36.72945891783567	18.997995991983966	12.939037646461557	49	896	90	6.0	116.0	60.0	45	3.0	29.0	15.0	1400	0	0.20311188697814941	25000	15.501192569732666	20533	17.867999999999995	
3.938199220096687e+25	84.824	3.256	36.424	18.84	12.939037646461557	50	896	90	5	87	45	45	3	29	15	1415	0	0.1874854564666748	25500	15.68867802619934	20970	17.764705882352942	
1.9624224804911533e+26	83.506	3.2745490981963927	36.96192384769539	19.118236472945892	12.939037646461557	51	897	90	6.0	116.0	60.0	45	3.0	29.0	15.0	1436	0	0.18748760223388672	26000	15.876165628433228	21405	17.67307692307692	
885109852.9547906	86.592	3.246	36.134	18.69	12.939037646461557	52	897	90	5	87	45	45	3	29	15	1462	0	0.17186355590820312	26500	16.04802918434143	21834	17.607547169811326	
4.745114845399945e+18	85.694	3.2284569138276553	35.62525050100201	18.42685370741483	12.939037646461557	53	898	90	5.0	87.0	45.0	45	3.0	29.0	15.0	1480	0	0.1874866485595703	27000	16.235515832901	22264	17.540740740740745	
9167702716714158.0	86.252	3.278	37.062	19.17	12.939037646461557	54	898	90	5	87	45	45	3	29	15	1498	0	0.15623998641967773	27500	16.39175581932068	22694	17.47636363636363	
1.2810025281817582e+27	87.33	3.3246492985971945	38.414829659318634	19.869739478957914	12.939037641285122	55	899	90	6.0	116.0	60.0	45	3.0	29.0	15.0	1516	0	0.18748855590820312	28000	16.579244375228882	23121	17.424999999999997	
1.4565789474145447e+23	87.966	3.298	37.642	19.47	12.939037641285122	56	899	90	5	87	45	45	3	29	15	1542	0	0.1874852180480957	28500	16.766729593276978	23547	17.378947368421052	
1.878879638812873e+32	85.04	3.302	37.758	19.53	12.939037641285122	57	899	90	6	116	60	45	3	29	15	1564	0	0.203110933303833	29000	16.96984052658081	23978	17.317241379310346	
2.3421075678759016e+24	84.5	3.32	38.28	19.8	12.939037641285122	58	899	90	6	116	60	45	3	29	15	1590	0	0.14061641693115234	29500	17.110456943511963	24401	17.284745762711864	
6.236890831542615e+45	85.942	3.264	36.656	18.96	12.939037641285122	59	899	90	5	87	45	45	3	29	15	1610	0	0.15623831748962402	30000	17.266695261001587	24846	17.179999999999993	
5.379413932330552e+38	86.98	3.2865731462925853	37.31062124248497	19.298597194388776	12.939037641285122	60	900	90	5.0	87.0	45.0	45	3.0	29.0	15.0	1634	0	0.17186355590820312	30500	17.43855881690979	25282	17.108196721311472	
4.327989505690935e+34	87.112	3.264	36.656	18.96	12.939037641285122	61	900	90	5	87	45	45	3	29	15	1664	0	0.17186307907104492	31000	17.610421895980835	25701	17.093548387096774	
1.8470443511854245e+25	87.84	3.294	37.526	19.41	12.93903759210899	62	900	90	6	116	60	45	3	29	15	1685	0	0.18748712539672852	31500	17.797909021377563	26127	17.057142857142864	
6.591818893950135e+37	88.29	3.336	38.744	20.04	12.938204537752274	63	900	90	5	87	45	45	3	29	15	1707	0	0.15623950958251953	32000	17.954148530960083	26564	16.987499999999997	
6.703786484703193e+33	89.01	3.402	40.658	21.03	12.938204537752274	64	900	90	5	87	45	45	3	29	15	1737	0	0.2187347412109375	32500	18.17288327217102	26992	16.947692307692307	
5.856588643769164e+33	89.55	3.374	39.846	20.61	12.938204537752274	65	900	90	5	87	45	45	3	29	15	1764	0	0.18748712539672852	33000	18.36037039756775	27427	16.88787878787879	
5.326246507824455e+26	89.55	3.436	41.644	21.54	12.585905180989169	66	900	90	5	87	45	45	3	29	15	1791	0	0.18748855590820312	33500	18.547858953475952	27852	16.85970149253731	
1.0124956525116226e+19	89.46	3.388	40.252	20.82	12.585905180989169	67	900	90	5	87	45	45	3	29	15	1809	0	0.203110933303833	34000	18.750969886779785	28301	16.761764705882356	
1.2924660701473164e+33	89.37	3.470941883767535	42.657314629258515	22.064128256513026	12.585905180989169	68	901	90	5.0	87.0	45.0	45	3.0	29.0	15.0	1843	0	0.2031099796295166	34500	18.9540798664093	28729	16.72753623188406	
9.537722105470677e+27	89.55	3.324	38.396	19.86	12.585905180989169	69	901	90	5	87	45	45	3	29	15	1862	0	0.16697049140930176	35000	19.121050357818604	29171	16.654285714285706	
1.7861717548303172e+19	89.37	3.322	38.338	19.83	12.585905180989169	70	901	90	5	87	45	45	3	29	15	1878	0	0.18748736381530762	35500	19.30853772163391	29610	16.59154929577464	
8.558118210486686e+24	89.46	3.336	38.744	20.04	12.585905180989169	71	901	90	5	87	45	45	3	29	15	1903	0	0.18748784065246582	36000	19.496025562286377	30039	16.558333333333337	
1.7148621803235956e+43	90.0	3.292	37.468	19.38	12.585905180989169	72	901	90	5	87	45	90	3	29	15	1925	0	0.17186284065246582	36500	19.667888402938843	30484	16.48219178082192	
1.6221763885772383e+30	90.0	3.24	35.96	18.6	12.585905180989169	73	901	90	5	87	45	90	3	29	15	1949	0	0.1874864101409912	37000	19.855374813079834	30913	16.45135135135135	
4.421311082879115e+27	90.0	3.28	37.12	19.2	12.585905180989169	74	901	90	5	87	45	90	3	29	15	1965	0	0.2031114101409912	37500	20.058486223220825	31359	16.376000000000005	
8.840101035087464e+27	90.0	3.326	38.454	19.89	12.585905180989169	75	901	90	5	87	45	90	3	29	15	1982	0	0.17186403274536133	38000	20.230350255966187	31795	16.328947368421055	
1.4426526319936237e+26	90.0	3.416	41.064	21.24	12.585905180989169	76	901	90	5	87	45	90	3	29	15	2008	0	0.15623855590820312	38500	20.38658881187439	32229	16.28831168831168	
59117296073974.68	90.0	3.412	40.948	21.18	12.585905180989169	77	901	90	5	87	45	90	3	29	15	2031	0	0.17186307907104492	39000	20.558451890945435	32661	16.253846153846155	
1.9406220403781022e+24	90.0	3.28	37.12	19.2	12.585905180989169	78	901	90	5	87	45	90	3	29	15	2050	0	0.15624022483825684	39500	20.71469211578369	33097	16.210126582278477	
1.707703984463128e+29	90.0	3.33	38.57	19.95	12.582764574730597	79	901	90	5	87	45	90	3	29	15	2064	0	0.2031114101409912	40000	20.917803525924683	33543	16.1425	
4.904151094515644e+16	90.0	3.42	41.18	21.3	12.565700486681271	80	901	90	5	87	45	90	3	29	15	2088	0	0.2031102180480957	40500	21.12091374397278	33991	16.071604938271605	
4.34465200754179e+34	90.0	3.536	44.544	23.04	12.565700486681271	81	901	90	5	87	45	90	3	29	15	2119	0	0.15624022483825684	41000	21.277153968811035	34418	16.053658536585374	
4.052005386417119e+19	90.0	3.458	42.282	21.87	12.565700486681271	82	901	90	5	87	45	90	3	29	15	2148	0	0.17186307907104492	41500	21.44901704788208	34845	16.036144578313255	
4.4340017211529236e+18	90.0	3.436	41.644	21.54	12.565700486681271	83	901	90	5	87	45	90	3	29	15	2179	0	0.2031102180480957	42000	21.652127265930176	35283	15.992857142857147	
8.385232199249409e+22	90.0	3.32	38.28	19.8	12.565700486681271	84	901	90	5	87	45	90	3	29	15	2205	0	0.2187345027923584	42500	21.870861768722534	35720	15.952941176470588	
5.1640313640301805e+36	90.0	3.35	39.15	20.25	12.565700486681271	85	901	90	5	87	45	90	3	29	15	2221	0	0.12499237060546875	43000	21.995854139328003	36159	15.909302325581393	
3.771129540960287e+41	90.0	3.372	39.788	20.58	12.565700486681271	86	901	90	5	87	45	90	3	29	15	2244	0	0.17186284065246582	43500	22.16771697998047	36601	15.859770114942535	
1.7362265226559444e+18	90.0	3.298	37.642	19.47	12.565633286681274	87	901	90	5	87	45	90	3	29	15	2266	0	0.1874866485595703	44000	22.35520362854004	37030	15.840909090909093	
1.8857802061856304e+24	90.0	3.312	38.048	19.68	12.565633286681274	88	901	90	5	87	45	90	3	29	15	2282	0	0.14061570167541504	44500	22.495819330215454	37473	15.791011235955054	
2.2937272324156197e+26	90.0	3.342	38.918	20.13	12.565633286681274	89	901	90	5	87	45	90	3	29	15	2295	0	0.18748807907104492	45000	22.6833074092865	37916	15.742222222222225	
4.5487533031512615e+21	90.0	3.34	38.86	20.1	12.565633286681274	90	901	90	5	87	45	90	3	29	15	2311	0	0.18748807907104492	45500	22.870795488357544	38362	15.687912087912096	
6.230326140139793e+38	90.0	3.342	38.918	20.13	12.565633286681274	91	901	90	5	87	45	90	3	29	15	2328	0	0.2031099796295166	46000	23.07390546798706	38804	15.643478260869571	
1.4859018868022598e+20	90.0	3.352	39.208	20.28	12.565633286681274	92	901	90	5	87	45	90	3	29	15	2352	0	0.15623879432678223	46500	23.230144262313843	39233	15.62795698924731	
7.504615480857928e+16	90.0	3.314	38.106	19.71	12.565633286681274	93	901	90	5	87	45	90	3	29	15	2373	0	0.15623903274536133	47000	23.386383295059204	39663	15.610638297872342	
5.206975506431043e+32	90.0	3.256	36.424	18.84	12.565633286681274	94	901	90	5	87	45	90	3	29	15	2393	0	0.218735933303833	47500	23.605119228363037	40103	15.572631578947366	
1.4576929720358144e+25	90.0	3.274	36.946	19.11	12.565633286681274	95	901	90	5	87	45	90	3	29	15	2411	0	0.17186236381530762	48000	23.776981592178345	40543	15.535416666666663	
2.3849926735362185e+25	90.0	3.268	36.772	19.02	12.565633286681274	96	901	90	5	87	45	90	3	29	15	2427	0	0.17186427116394043	48500	23.948845863342285	40974	15.517525773195871	
3.8164481950164746e+28	90.0	3.268	36.772	19.02	12.565633286681274	97	901	90	5	87	45	90	3	29	15	2439	0	0.17186355590820312	49000	24.12070941925049	41416	15.477551020408171	
4.9581868385547454e+29	90.0	3.302	37.758	19.53	12.565633286681274	98	901	90	5	87	45	90	3	29	15	2459	0	0.1874864101409912	49500	24.30819582939148	41849	15.456565656565658	
36662815008.1753	90.0	3.298	37.642	19.47	12.565633286681274	99	901	90	5	87	45	90	3	29	15	2486	0	0.15624070167541504	50000	24.464436531066895	42281	15.438000000000002	
7.309113489399926e+37	90.0	3.338	38.802	20.07	12.529875614649928	100	901	90	5	87	45	90	3	29	15	2509	0	0.15623736381530762	50500	24.620673894882202	42728	15.390099009900993	
3.9394791275825954e+23	90.0	3.364	39.556	20.46	12.529875614649928	101	901	90	5	87	45	90	3	29	15	2538	0	0.17186379432678223	51000	24.792537689208984	43155	15.382352941176464	
3.600267809355534e+32	90.0	3.3	37.7	19.5	12.529875614649928	102	901	90	5	87	45	90	3	29	15	2556	0	0.15624070167541504	51500	24.9487783908844	43595	15.349514563106794	
4.773230167193129e+18	90.0	3.288	37.352	19.32	12.509452426084941	103	901	90	5	87	45	90	3	29	15	2576	0	0.1874864101409912	52000	25.13626480102539	44024	15.33846153846153	
1.2082796553190824e+21	90.0	3.288	37.352	19.32	12.509452426084941	104	901	90	5	87	45	90	3	29	15	2597	0	0.17186236381530762	52500	25.3081271648407	44454	15.325714285714284	
1.6801123862214947e+31	90.0	3.306	37.874	19.59	12.509452426084941	105	901	90	5	87	45	90	3	29	15	2614	0	0.18748712539672852	53000	25.495614290237427	44897	15.28867924528302	
2.049405877582561e+29	90.0	3.294	37.526	19.41	12.509452426084941	106	901	90	5	87	45	90	3	29	15	2637	0	0.18360257148742676	53500	25.679216861724854	45330	15.27102803738319	
55618507450677.984	90.0	3.31	37.99	19.65	12.509452426084941	107	901	90	5	87	45	90	3	29	15	2654	0	0.18748712539672852	54000	25.866703987121582	45764	15.251851851851853	
6.207080082135533e+23	90.0	3.314	38.106	19.71	12.509452426084941	108	901	90	5	87	45	90	3	29	15	2668	0	0.18748760223388672	54500	26.05419158935547	46211	15.209174311926603	
1.717653103933723e+26	90.0	3.396	40.484	20.94	12.509452426084941	109	901	90	5	87	45	90	3	29	15	2696	0	0.17186260223388672	55000	26.226054191589355	46644	15.192727272727268	
3.149219053692303e+28	90.0	3.394	40.426	20.91	12.509452426084941	110	901	90	5	87	45	90	3	29	15	2727	0	0.17186474800109863	55500	26.397918939590454	47078	15.174774774774775	
4.462613406645463e+36	90.0	3.366	39.614	20.49	12.509452426084941	111	901	90	5	87	45	90	3	29	15	2756	0	0.17186284065246582	56000	26.56978178024292	47507	15.166071428571428	
5.4456660269314105e+35	90.0	3.268	36.772	19.02	12.509150765928956	112	901	90	5	87	45	90	3	29	15	2771	0	0.17186212539672852	56500	26.74164390563965	47958	15.118584070796459	
7.090322769578825e+20	90.0	3.254	36.366	18.81	12.509150765928956	113	901	90	5	87	45	90	3	29	15	2792	0	0.14061665534973145	57000	26.88226056098938	48394	15.098245614035093	
5.0498964121338926e+39	90.0	3.302	37.758	19.53	12.509150765928956	114	901	90	5	87	45	90	3	29	15	2815	0	0.2031111717224121	57500	27.085371732711792	48823	15.090434782608696	
5.158827361535814e+34	90.0	3.298	37.642	19.47	12.509150765928956	115	901	90	5	87	45	90	3	29	15	2835	0	0.2031099796295166	58000	27.28848171234131	49243	15.09827586206896	
3.0223536256620544e+18	90.0	3.336	38.744	20.04	12.508872211406276	116	901	90	5	87	45	90	3	29	15	2853	0	0.2031106948852539	58500	27.491592407226562	49681	15.075213675213675	
2.170761874333858e+36	90.0	3.274	36.946	19.11	12.508872211406276	117	901	90	5	87	45	90	3	29	15	2867	0	0.17186522483825684	59000	27.66345763206482	50133	15.028813559322032	
1.201925299903061e+18	90.0	3.288	37.352	19.32	12.508872211406276	118	901	90	5	87	45	90	3	29	15	2885	0	0.1874861717224121	59500	27.85094380378723	50569	15.010084033613452	
5.474829363000395e+19	90.0	3.346	39.034	20.19	12.508872211406276	119	901	90	5	87	45	90	3	29	15	2913	0	0.14061546325683594	60000	27.991559267044067	51002	14.99666666666667	
8.676150631995555e+18	90.0	3.368	39.672	20.52	12.508872211406276	120	901	90	5	87	45	90	3	29	15	2936	0	0.17186379432678223	60500	28.16342306137085	51444	14.968595041322317	
7.959915614134095e+27	90.0	3.344	38.976	20.16	12.508872211406276	121	901	90	5	87	45	90	3	29	15	2963	0	0.1718616485595703	61000	28.33528470993042	51877	14.955737704918036	
7.910272566251534e+26	90.0	3.366	39.614	20.49	12.508872211406276	122	901	90	5	87	45	90	3	29	15	2996	0	0.15623950958251953	61500	28.49152421951294	52302	14.956097560975607	
10171201533.491013	90.0	3.314	38.106	19.71	12.508872211406276	123	901	90	5	87	45	90	3	29	15	3009	0	0.18748760223388672	62000	28.679011821746826	52742	14.93225806451612	
5.0338385191224e+25	90.0	3.312	38.048	19.68	12.508872211406276	124	901	90	5	87	45	90	3	29	15	3027	0	0.18748855590820312	62500	28.86650037765503	53180	14.912000000000006	
2.130376909438691e+24	90.0	3.292	37.468	19.38	12.508872211406276	125	901	90	5	87	45	90	3	29	15	3043	0	0.2187337875366211	63000	29.08523416519165	53616	14.8952380952381	
181165377928001.75	90.0	3.308	37.932	19.62	12.508872211406276	126	901	90	5	87	45	90	3	29	15	3069	0	0.18130278587341309	63500	29.266536951065063	54048	14.885039370078744	
3.442017449906763e+23	90.0	3.282	37.178	19.23	12.501467273399344	127	901	90	5	87	45	90	3	29	15	3094	0	0.20311260223388672	64000	29.46964955329895	54490	14.859375	
1.3706944466663993e+45	90.0	3.342	38.918	20.13	12.501467273399344	128	901	90	5	87	45	90	3	29	15	3117	0	0.2031114101409912	64500	29.67276096343994	54919	14.854263565891472	
7.0050387690444e+23	90.0	3.284	37.236	19.26	12.501467273399344	129	901	90	5	87	45	90	3	29	15	3133	0	0.2031102180480957	65000	29.875871181488037	55360	14.830769230769235	
1.997056803278689e+38	90.0	3.226	35.554	18.39	12.501467273399344	130	901	90	5	87	45	90	3	29	15	3146	0	0.17186331748962402	65500	30.04773449897766	55799	14.810687022900765	
5.319581275369909e+28	90.0	3.27	36.83	19.05	12.501467273399344	131	901	90	5	87	45	90	3	29	15	3168	0	0.18748736381530762	66000	30.23522186279297	56230	14.803030303030312	
9.134769600001538e+35	90.0	3.252	36.308	18.78	12.501467273399344	132	901	90	5	87	45	90	3	29	15	3177	0	0.17186355590820312	66500	30.407085418701172	56671	14.780451127819546	
2.088928229622805e+45	90.0	3.3	37.7	19.5	12.501467273399344	133	901	90	5	87	45	90	3	29	15	3198	0	0.15623855590820312	67000	30.563323974609375	57115	14.753731343283576	
9.034794001902221e+22	90.0	3.298	37.642	19.47	12.501467273399344	134	901	90	5	87	45	90	3	29	15	3214	0	0.15623927116394043	67500	30.719563245773315	57554	14.734814814814811	
3.6825435774553765e+45	90.0	3.292	37.468	19.38	12.501467273399344	135	901	90	5	87	45	90	3	29	15	3230	0	0.2343590259552002	68000	30.953922271728516	57999	14.707352941176467	
1830576987.333451	90.0	3.292	37.468	19.38	12.501467273399344	136	901	90	5	87	45	90	3	29	15	3252	0	0.203110933303833	68500	31.15703320503235	58429	14.7021897810219	
2.6058901013664615e+45	90.0	3.296	37.584	19.44	12.501467273399344	137	901	90	5	87	45	90	3	29	15	3270	0	0.17186403274536133	69000	31.32889723777771	58862	14.692753623188409	
2.080260477010185e+42	90.0	3.3	37.7	19.5	12.501467273399344	138	901	90	5	87	45	90	3	29	15	3289	0	0.17186379432678223	69500	31.500761032104492	59302	14.673381294964031	
9.8624705105726e+28	90.0	3.322	38.338	19.83	12.501467273399344	139	901	90	5	87	45	90	3	29	15	3303	0	0.1718616485595703	70000	31.672622680664062	59730	14.671428571428564	
2.367904764499162e+27	90.0	3.342	38.918	20.13	12.501467273399344	140	901	90	5	87	45	90	3	29	15	3321	0	0.2031116485595703	70500	31.875734329223633	60163	14.662411347517732	
2.7043981308768143e+35	90.0	3.284	37.236	19.26	12.501467273399344	141	901	90	5	87	45	90	3	29	15	3333	0	0.14061617851257324	71000	32.016350507736206	60604	14.642253521126761	
1.2414430443974712e+38	90.0	3.312	38.048	19.68	12.501467273399344	142	901	90	6	116	60	90	3	29	15	3361	0	0.20311188697814941	71500	32.219462394714355	61031	14.641958041958034	
3.796101605565243e+45	90.0	3.288	37.352	19.32	12.501467273399344	143	901	90	5	87	45	90	3	29	15	3375	0	0.2031104564666748	72000	32.42257285118103	61476	14.61666666666666	
1.8250596331677167e+33	90.0	3.312	38.048	19.68	12.501467273399344	144	901	90	5	87	45	90	3	29	15	3395	0	0.17186284065246582	72500	32.594435691833496	61919	14.594482758620686	
3.550366403523588e+31	90.0	3.364	39.556	20.46	12.501467273399344	145	901	90	6	116	60	90	3	29	15	3415	0	0.15623903274536133	73000	32.75067472457886	62356	14.580821917808223	
7.39572476867836e+29	90.0	3.362	39.498	20.43	12.501467273399344	146	901	90	5	87	45	90	3	29	15	3442	0	0.17186450958251953	73500	32.92253923416138	62790	14.57142857142857	
1.1383396660565766e+30	90.0	3.368	39.672	20.52	12.501467273399344	147	901	90	5	87	45	90	3	29	15	3464	0	0.1874856948852539	74000	33.11002492904663	63230	14.554054054054049	
9.835242610676579e+27	90.0	3.342	38.918	20.13	12.501467273399344	148	901	90	5	87	45	90	3	29	15	3482	0	0.2187347412109375	74500	33.32875967025757	63678	14.526174496644302	
1.2289023327556303e+19	90.0	3.28	37.12	19.2	12.501467273399344	149	901	90	5	87	45	90	3	29	15	3497	0	0.17186355590820312	75000	33.50062322616577	64124	14.501333333333335	
3.5184834394635614e+23	90.0	3.264	36.656	18.96	12.501467273399344	150	901	90	5	87	45	90	3	29	15	3516	0	0.2031111717224121	75500	33.703734397888184	64552	14.500662251655626	
1.0430401336463487e+22	90.0	3.298	37.642	19.47	12.501467273399344	151	901	90	5	87	45	90	3	29	15	3531	0	0.21233296394348145	76000	33.916067361831665	65000	14.473684210526315	
3.0583022279538406e+17	90.0	3.324	38.396	19.86	12.501467273399344	152	901	90	5	87	45	90	3	29	15	3553	0	0.18748688697814941	76500	34.103554248809814	65439	14.458823529411774	
3.1439604643008728e+22	90.0	3.334	38.686	20.01	12.501467273399344	153	901	90	5	87	45	90	3	29	15	3583	0	0.18748760223388672	77000	34.2910418510437	65862	14.464935064935077	
1.4252759959033883e+34	90.0	3.34	38.86	20.1	12.489304982863436	154	901	90	5	87	45	90	3	29	15	3604	0	0.17186331748962402	77500	34.462905168533325	66296	14.456774193548384	
7.232344338983082e+28	90.0	3.354	39.266	20.31	12.489304982863436	155	901	90	5	87	45	90	3	29	15	3633	0	0.15623879432678223	78000	34.61914396286011	66730	14.448717948717942	
11131117288265.975	90.0	3.27	36.83	19.05	12.489304982863436	156	901	90	5	87	45	90	3	29	15	3654	0	0.14061546325683594	78500	34.75975942611694	67166	14.43821656050956	
2.001807253956246e+30	90.0	3.272	36.888	19.08	12.489304982863436	157	901	90	5	87	45	90	3	29	15	3671	0	0.17186427116394043	79000	34.931623697280884	67603	14.426582278481021	
7.710117647060324e+29	90.0	3.408	40.832	21.12	12.489304982863436	158	901	90	5	87	45	90	3	29	15	3696	0	0.1874866485595703	79500	35.119110345840454	68042	14.412578616352206	
1.014699454041517e+38	90.0	3.412	40.948	21.18	12.489304982863436	159	901	90	5	87	45	90	3	29	15	3719	0	0.17186498641967773	80000	35.29097533226013	68484	14.394999999999996	
4.957110917624922e+30	90.0	3.398	40.542	20.97	12.489304982863436	160	901	90	5	87	45	90	3	29	15	3741	0	0.17186355590820312	80500	35.462838888168335	68929	14.373913043478254	
2.0833333333333335e+43	90.0	3.372	39.788	20.58	12.489304982863436	161	901	90	5	87	45	90	3	29	15	3756	0	0.2187333106994629	81000	35.6815721988678	69375	14.351851851851848	
1.2341416308047964e+19	90.0	3.404	40.716	21.06	12.488357728058245	162	901	90	5	87	45	90	3	29	15	3789	0	0.2031106948852539	81500	35.88468289375305	69808	14.34601226993864	
4.01311891557372e+17	90.0	3.424	41.296	21.36	12.488357728058245	163	901	90	5	87	45	90	3	29	15	3819	0	0.18748712539672852	82000	36.07217001914978	70237	14.345121951219511	
5.487200599570126e+43	90.0	3.45	42.05	21.75	12.488357728058245	164	901	90	6	116	60	90	3	29	15	3845	0	0.18748807907104492	82500	36.259658098220825	70674	14.334545454545449	
1.2526939663690735e+38	90.0	3.408	40.832	21.12	12.488357728058245	165	901	90	6	116	60	90	3	29	15	3882	0	0.1406252384185791	83000	36.400283336639404	71098	14.339759036144585	
1.9485825769944313e+21	90.0	3.406	40.774	21.09	12.488357728058245	166	901	90	5	87	45	90	3	29	15	3906	0	0.14060521125793457	83500	36.54088854789734	71539	14.324550898203597	
2.3935044849984607e+35	90.0	3.402	40.658	21.03	12.488357728058245	167	901	90	5	87	45	90	3	29	15	3930	0	0.2187347412109375	84000	36.759623289108276	71975	14.31547619047619	
4.164863591664425e+44	90.0	3.398	40.542	20.97	12.488357728058245	168	901	90	5	87	45	90	3	29	15	3951	0	0.18748736381530762	84500	36.947110652923584	72419	14.297041420118333	
9.915802630821708e+38	90.0	3.416	41.064	21.24	12.488357728058245	169	901	90	6	116	60	90	3	29	15	3967	0	0.17186260223388672	85000	37.11897325515747	72872	14.268235294117645	
1.6402754240627858e+35	90.0	3.49	43.21	22.35	12.488357728058245	170	901	90	5	87	45	90	3	29	15	3997	0	0.15624070167541504	85500	37.275213956832886	73307	14.260818713450291	
5.003597112320998e+26	90.0	3.402	40.658	21.03	12.488357728058245	171	901	90	5	87	45	90	3	29	15	4018	0	0.17186212539672852	86000	37.447076082229614	73752	14.241860465116275	
5.68645988620671e+18	90.0	3.424	41.296	21.36	12.488357728058245	172	901	90	5	87	45	90	3	29	15	4043	0	0.21216773986816406	86500	37.65924382209778	74199	14.220809248554914	
6.4402632056865915e+35	90.0	3.384	40.136	20.76	12.488357728058245	173	901	90	5	87	45	90	3	29	15	4067	0	0.2187361717224121	87000	37.87797999382019	74644	14.202298850574707	
3.95043611388485e+23	90.0	3.372	39.788	20.58	12.488357728058245	174	901	90	5	87	45	90	3	29	15	4085	0	0.187485933303833	87500	38.06546592712402	75082	14.192000000000007	
3.826412066487381e+33	90.0	3.33	38.57	19.95	12.488357728058245	175	901	90	5	87	45	90	3	29	15	4106	0	0.17186450958251953	88000	38.23733043670654	75511	14.19204545454545	
8.108875381190981e+18	90.0	3.332	38.628	19.98	12.488357728058245	176	901	90	5	87	45	90	3	29	15	4131	0	0.2031097412109375	88500	38.44044017791748	75942	14.189830508474572	
1.0760841461479351e+28	90.0	3.32	38.28	19.8	12.488357728058245	177	901	90	5	87	45	90	3	29	15	4149	0	0.18748712539672852	89000	38.62792730331421	76374	14.186516853932588	
3493646277329199.5	90.0	3.322	38.338	19.83	12.488357728058245	178	901	90	5	87	45	90	3	29	15	4174	0	0.18748784065246582	89500	38.815415143966675	76809	14.179888268156432	
50195736223.34334	90.0	3.25	36.25	18.75	12.488357728058245	179	901	90	5	87	45	90	3	29	15	4180	0	0.2031102180480957	90000	39.01852536201477	77250	14.166666666666671	
2.3782548050370537e+24	90.0	3.308	37.932	19.62	12.488357728058245	180	901	90	5	87	45	90	3	29	15	4200	0	0.18748879432678223	90500	39.20601415634155	77678	14.167955801104966	
1.3156650390671048e+16	90.0	3.354	39.266	20.31	12.488357728058245	181	901	90	5	87	45	90	3	29	15	4221	0	0.218733549118042	91000	39.424747705459595	78113	14.161538461538456	
2.5927329748986975e+31	90.0	3.318	38.222	19.77	12.487889678877947	182	901	90	5	87	45	90	3	29	15	4239	0	0.1833786964416504	91500	39.608126401901245	78547	14.156284153005458	
2.426704418814913e+33	90.0	3.364	39.556	20.46	12.487889678877947	183	901	90	5	87	45	90	3	29	15	4265	0	0.18748688697814941	92000	39.795613288879395	78976	14.15652173913044	
12171640212498.896	90.0	3.414	41.006	21.21	12.487889678877947	184	901	90	6	116	60	90	3	29	15	4296	0	0.15623903274536133	92500	39.951852321624756	79405	14.156756756756764	
2.0973787096729988e+32	90.0	3.41	40.89	21.15	12.487889678877947	185	901	90	5	87	45	90	3	29	15	4319	0	0.21873712539672852	93000	40.170589447021484	79837	14.153763440860217	
1.4601144246411083e+32	90.0	3.406	40.774	21.09	12.487889678877947	186	901	90	5	87	45	90	3	29	15	4350	0	0.20311880111694336	93500	40.37370824813843	80276	14.143315508021388	
4.20638063132213e+30	90.0	3.378	39.962	20.67	12.487889678877947	187	901	90	5	87	45	90	3	29	15	4382	0	0.14060592651367188	94000	40.5143141746521	80709	14.139361702127658	
1.529046046491371e+36	90.0	3.388	40.252	20.82	12.487889678877947	188	901	90	5	87	45	90	3	29	15	4395	0	0.17186331748962402	94500	40.686177492141724	81156	14.120634920634927	
1.731607524809681e+18	90.0	3.39	40.31	20.85	12.487889678877947	189	901	90	5	87	45	90	3	29	15	4417	0	0.2031106948852539	95000	40.88928818702698	81597	14.108421052631584	
2120554433.9860113	90.0	3.4	40.6	21.0	12.487889678877947	190	901	90	5	87	45	90	3	29	15	4442	0	0.15624427795410156	95500	41.04553246498108	82021	14.114136125654454	
5.947144117926577e+21	90.0	3.366	39.614	20.49	12.487889678877947	191	901	90	5	87	45	90	3	29	15	4468	0	0.19718313217163086	96000	41.24271559715271	82469	14.094791666666666	
1166768058.1471593	90.0	3.374	39.846	20.61	12.487468434615678	192	901	90	5	87	45	90	3	29	15	4490	0	0.15623784065246582	96500	41.398953437805176	82905	14.088082901554401	
1.9525770863756979e+30	90.0	3.37	39.73	20.55	12.487468434615678	193	901	90	5	87	45	90	3	29	15	4514	0	0.2031099796295166	97000	41.60206341743469	83346	14.076288659793818	
4.744880595295505e+34	90.0	3.328	38.512	19.92	12.487468434615678	194	901	90	5	87	45	90	3	29	15	4539	0	0.15623927116394043	97500	41.75830268859863	83787	14.064615384615394	
1.5483751837433008e+44	90.0	3.382	40.078	20.73	12.487468434615678	195	901	90	5	87	45	90	3	29	15	4573	0	0.2187354564666748	98000	41.97703814506531	84220	14.061224489795919	
2.7245283892218286e+18	90.0	3.38	40.02	20.7	12.487468434615678	196	901	90	5	87	45	90	3	29	15	4597	0	0.18081450462341309	98500	42.15785264968872	84655	14.055837563451774	
3.815129698146822e+16	90.0	3.414	41.006	21.21	12.487468434615678	197	901	90	5	87	45	90	3	29	15	4626	0	0.2031114101409912	99000	42.36096405982971	85088	14.052525252525243	
1.490023330269649e+26	90.0	3.406	40.774	21.09	12.487468434615678	198	901	90	5	87	45	90	3	29	15	4650	0	0.15623927116394043	99500	42.51720333099365	85515	14.055276381909536	
3.3214927284601108e+16	90.0	3.36	39.44	20.4	12.487468434615678	199	901	90	5	87	45	90	3	29	15	4670	0	0.14061498641967773	100000	42.65781831741333	85953	14.046999999999997	
4.391179811004168e+34	90.0	3.358	39.382	20.37	12.487468434615678	200	901	90	5	87	45	90	3	29	15	4694	0	0.14061522483825684	100500	42.79843354225159	86378	14.051741293532345	
3.5541728048943335e+23	90.0	3.36	39.44	20.4	12.487468434615678	201	901	90	5	87	45	90	3	29	15	4712	0	0.1874866485595703	101000	42.98592019081116	86820	14.039603960396036	
3262451629568319.5	90.0	3.288	37.352	19.32	12.487468434615678	202	901	90	5	87	45	90	3	29	15	4729	0	0.18293547630310059	101500	43.16885566711426	87256	14.033497536945816	
3.0197561391154044e+24	90.0	3.312	38.048	19.68	12.487468434615678	203	901	90	5	87	45	90	3	29	15	4743	0	0.17186403274536133	102000	43.34071969985962	87702	14.017647058823542	
467771904.2233086	90.0	3.368	39.672	20.52	12.487468434615678	204	901	90	5	87	45	90	3	29	15	4763	0	0.1874866485595703	102500	43.52820634841919	88141	14.00878048780487	
1.463466760791644e+16	90.0	3.406	40.774	21.09	12.487468434615678	205	901	90	5	87	45	90	3	29	15	4784	0	0.18748736381530762	103000	43.7156937122345	88577	14.002912621359215	
3.616848938558627e+24	90.0	3.412	40.948	21.18	12.487468434615678	206	901	90	5	87	45	90	3	29	15	4814	0	0.17186284065246582	103500	43.88755655288696	89007	14.002898550724638	
3.8625586791982406e+17	90.0	3.374	39.846	20.61	12.487468434615678	207	901	90	5	87	45	90	3	29	15	4838	0	0.2031111717224121	104000	44.090667724609375	89448	13.99230769230769	
2.414198661631677e+30	90.0	3.36	39.44	20.4	12.487468434615678	208	901	90	6	116	60	90	3	29	15	4859	0	0.18748760223388672	104500	44.27815532684326	89890	13.980861244019138	
1.7279763439042715e+32	90.0	3.364	39.556	20.46	12.487468434615678	209	901	90	5	87	45	90	3	29	15	4880	0	0.12499094009399414	105000	44.403146266937256	90317	13.983809523809526	
4.837779829750551e+17	90.0	3.352	39.208	20.28	12.487468434615678	210	901	90	5	87	45	90	3	29	15	4902	0	0.15623927116394043	105500	44.559385538101196	90754	13.977251184834131	
4.857718338105552e+26	90.0	3.448	41.992	21.72	12.487468434615678	211	901	90	5	87	45	90	3	29	15	4931	0	0.17186355590820312	106000	44.7312490940094	91188	13.973584905660374	
2.1136335523571983e+41	90.0	3.454	42.166	21.81	12.487468434615678	212	901	90	5	87	45	90	3	29	15	4965	0	0.18749046325683594	106500	44.918739557266235	91619	13.972769953051639	
1.378697817333622e+32	90.0	3.464	42.456	21.96	12.487468434615678	213	901	90	5	87	45	90	3	29	15	4991	0	0.1718597412109375	107000	45.09059929847717	92051	13.971028037383178	
3.9740726845500214e+37	90.0	3.432	41.528	21.48	12.487468434615678	214	901	90	5	87	45	90	3	29	15	5011	0	0.21330952644348145	107500	45.303908824920654	92494	13.95906976744186	
8.274388085447608e+33	90.0	3.436	41.644	21.54	12.487468434615678	215	901	90	5	87	45	90	3	29	15	5038	0	0.15623831748962402	108000	45.46014714241028	92931	13.952777777777783	
6.027004405539725e+26	90.0	3.43	41.47	21.45	12.487468434615678	216	901	90	5	87	45	90	3	29	15	5066	0	0.15623927116394043	108500	45.61638641357422	93372	13.94285714285715	
3.4948597463867656e+25	90.0	3.408	40.832	21.12	12.487468434615678	217	901	90	5	87	45	90	3	29	15	5094	0	0.17186355590820312	109000	45.78824996948242	93801	13.94403669724771	
6.334071655014907e+38	90.0	3.386	40.194	20.79	12.487468434615678	218	901	90	5	87	45	90	3	29	15	5117	0	0.18748736381530762	109500	45.97573733329773	94232	13.94337899543379	
8.071165386064876e+19	90.0	3.414	41.006	21.21	12.487468434615678	219	901	90	6	116	60	90	3	29	15	5150	0	0.203110933303833	110000	46.17884826660156	94659	13.946363636363628	
1.680875307163469e+33	90.0	3.412	40.948	21.18	12.487468434615678	220	901	90	5	87	45	90	3	29	15	5172	0	0.2031111717224121	110500	46.381959438323975	95104	13.933031674208138	
129368916161430.61	90.0	3.45	42.05	21.75	12.487468434615678	221	901	90	5	87	45	90	3	29	15	5211	0	0.18748688697814941	111000	46.569446325302124	95530	13.936936936936945	
1.3541837535072722e+26	90.0	3.388	40.252	20.82	12.487468434615678	222	901	90	5	87	45	90	3	29	15	5247	0	0.15624070167541504	111500	46.72568702697754	95962	13.935426008968605	
899835961.0242605	90.0	3.366	39.614	20.49	12.487468434615678	223	901	90	5	87	45	90	3	29	15	5267	0	0.2031104564666748	112000	46.928797483444214	96399	13.929464285714289	
1.6203474875536022e+35	90.0	3.356	39.324	20.34	12.487468434615678	224	901	90	5	87	45	90	3	29	15	5291	0	0.18748688697814941	112500	47.11628437042236	96835	13.924444444444433	
4.327698474260638e+37	90.0	3.29	37.41	19.35	12.487468434615678	225	901	90	5	87	45	90	3	29	15	5307	0	0.203110933303833	113000	47.319395303726196	97283	13.908849557522132	
1.3936327081923731e+17	90.0	3.316	38.164	19.74	12.487468434615678	226	901	90	5	87	45	90	3	29	15	5327	0	0.17186546325683594	113500	47.49126076698303	97711	13.911013215859043	
7.151178979089251e+32	90.0	3.348	39.092	20.22	12.487468434615678	227	901	90	5	87	45	90	3	29	15	5350	0	0.1874856948852539	114000	47.678746461868286	98145	13.90789473684211	
2.120067356745254e+21	90.0	3.374	39.846	20.61	12.487468434615678	228	901	90	5	87	45	90	3	29	15	5375	0	0.20311188697814941	114500	47.881858348846436	98569	13.913537117903928	
551709030.1959424	90.0	3.374	39.846	20.61	12.487468434615678	229	901	90	5	87	45	90	3	29	15	5397	0	0.17186188697814941	115000	48.053720235824585	99007	13.906956521739133	
1.1933063044989632e+39	90.0	3.318	38.222	19.77	12.487468434615678	230	901	90	5	87	45	90	3	29	15	5417	0	0.18748855590820312	115500	48.24120879173279	99444	13.9012987012987	
2.7832910232808116e+32	90.0	3.372	39.788	20.58	12.487468434615678	231	901	90	5	87	45	90	3	29	15	5447	0	0.2031106948852539	116000	48.44431948661804	99876	13.900000000000006	
3.788754400616404e+29	90.0	3.4	40.6	21.0	12.487468434615678	232	901	90	5	87	45	90	3	29	15	5471	0	0.2187340259552002	116500	48.66305351257324	100317	13.890987124463521	
7.103246491951299e+34	90.0	3.444	41.876	21.66	12.487468434615678	233	901	90	5	87	45	90	3	29	15	5499	0	0.2187354564666748	117000	48.88178896903992	100756	13.883760683760684	
6.978838936489873e+33	90.0	3.454	42.166	21.81	12.487468434615678	234	901	90	5	87	45	90	3	29	15	5525	0	0.20311260223388672	117500	49.084901571273804	101194	13.87744680851064	
1.1352534415635323e+23	90.0	3.366	39.614	20.49	12.487468434615678	235	901	90	5	87	45	90	3	29	15	5546	0	0.2031099796295166	118000	49.28801155090332	101639	13.865254237288141	
1.4477948996562465e+36	90.0	3.406	40.774	21.09	12.487468434615678	236	901	90	5	87	45	90	3	29	15	5573	0	0.18748831748962402	118500	49.475499868392944	102067	13.867510548523214	
1.0186727847727718e+34	90.0	3.438	41.702	21.57	12.487468434615678	237	901	90	6	116	60	90	3	29	15	5605	0	0.203108549118042	119000	49.678608417510986	102497	13.868067226890759	
5.8627081179547414e+23	90.0	3.414	41.006	21.21	12.487468434615678	238	901	90	5	87	45	90	3	29	15	5627	0	0.18748784065246582	119500	49.86609625816345	102937	13.860251046025112	
1.9434948767028607e+29	90.0	3.416	41.064	21.24	12.487468434615678	239	901	90	5	87	45	90	3	29	15	5653	0	0.2031102180480957	120000	50.06920647621155	103380	13.849999999999994	
1.9810299697154584e+29	90.0	3.494	43.326	22.41	12.487468434615678	240	901	90	5	87	45	90	3	29	15	5688	0	0.20311212539672852	120500	50.272318601608276	103816	13.845643153526979	
4.686292649579979e+33	90.0	3.406	40.774	21.09	12.487468434615678	241	901	90	5	87	45	90	3	29	15	5710	0	0.18748736381530762	121000	50.459805965423584	104251	13.842148760330574	
907054785.1952298	90.0	3.374	39.846	20.61	12.487468434615678	242	901	90	5	87	45	90	3	29	15	5733	0	0.2031104564666748	121500	50.66291642189026	104689	13.836213991769554	
5.88583798589782e+28	90.0	3.332	38.628	19.98	12.487468434615678	243	901	90	5	87	45	90	3	29	15	5753	0	0.17186427116394043	122000	50.8347806930542	105123	13.833606557377053	
3.778188032247709e+19	90.0	3.306	37.874	19.59	12.487468434615678	244	901	90	5	87	45	90	3	29	15	5767	0	0.20311260223388672	122500	51.037893295288086	105565	13.824489795918367	
9998505885251.637	90.0	3.354	39.266	20.31	12.487468434615678	245	901	90	5	87	45	90	3	29	15	5780	0	0.171860933303833	123000	51.20975422859192	106005	13.817073170731703	
8.827021731831817e+23	90.0	3.328	38.512	19.92	12.487468434615678	246	901	90	5	87	45	90	3	29	15	5802	0	0.17186808586120605	123500	51.381622314453125	106439	13.814574898785423	
919064197.7418066	90.0	3.328	38.512	19.92	12.487468434615678	247	901	90	5	87	45	90	3	29	15	5825	0	0.1718604564666748	124000	51.5534827709198	106866	13.81774193548388	
556037163.1386603	90.0	3.382	40.078	20.73	12.487468434615678	248	901	90	5	87	45	90	3	29	15	5854	0	0.203108549118042	124500	51.75659132003784	107302	13.81365461847389	
8.043875227118377e+25	90.0	3.432	41.528	21.48	12.487468434615678	249	901	90	5	87	45	90	3	29	15	5886	0	0.2187366485595703	125000	51.97532796859741	107734	13.81280000000001	
3.535477673789113e+23	90.0	3.416	41.064	21.24	12.487468434615678	250	901	90	5	87	45	90	3	29	15	5918	0	0.15623950958251953	125500	52.13156747817993	108164	13.813545816733068	
1.127482677351334e+16	90.0	3.362	39.498	20.43	12.487468434615678	251	901	90	5	87	45	90	3	29	15	5943	0	0.24998259544372559	126000	52.38155007362366	108596	13.81269841269841	
1.2322885527909148e+27	90.0	3.42	41.18	21.3	12.487468434615678	252	901	90	5	87	45	90	3	29	15	5971	0	0.249983549118042	126500	52.6315336227417	109036	13.805533596837947	
4.365000406505318e+28	90.0	3.356	39.324	20.34	12.487468434615678	253	901	90	5	87	45	90	3	29	15	5992	0	0.2187337875366211	127000	52.85026741027832	109473	13.800787401574794	
2.3256958593791687e+22	90.0	3.344	38.976	20.16	12.487468434615678	254	901	90	5	87	45	90	3	29	15	6018	0	0.20311522483825684	127500	53.05338263511658	109916	13.791372549019613	
9.91060450833533e+29	90.0	3.402	40.658	21.03	12.487468434615678	255	901	90	5	87	45	90	3	29	15	6044	0	0.21873188018798828	128000	53.272114515304565	110354	13.785937500000003	
1.7775661943435313e+34	90.0	3.416	41.064	21.24	12.487468434615678	256	901	90	5	87	45	90	3	29	15	6071	0	0.2343580722808838	128500	53.50647258758545	110791	13.78132295719844	
6.539144020983966e+26	90.0	3.416	41.064	21.24	12.487468434615678	257	901	90	6	116	60	90	3	29	15	6093	0	0.15623974800109863	129000	53.66271233558655	111229	13.775968992248067	
4.410947369964885e+35	90.0	3.364	39.556	20.46	12.487468434615678	258	901	90	5	87	45	90	3	29	15	6119	0	0.2187352180480957	129500	53.881447553634644	111654	13.780694980694989	
5.997231195409513e+24	90.0	3.344	38.976	20.16	12.487468434615678	259	901	90	5	87	45	90	3	29	15	6139	0	0.17186236381530762	130000	54.05330991744995	112099	13.77000000000001	
4.5853826737488113e+21	90.0	3.264	36.656	18.96	12.487468434615678	260	901	90	5	87	45	90	3	29	15	6153	0	0.2187356948852539	130500	54.272045612335205	112539	13.763218390804596	
3.652613116181739e+28	90.0	3.296	37.584	19.44	12.487468434615678	261	901	90	5	87	45	90	3	29	15	6166	0	0.1874861717224121	131000	54.45953178405762	112990	13.748091603053439	
8.173777077104468e+20	90.0	3.306	37.874	19.59	12.487468434615678	262	901	90	5	87	45	90	3	29	15	6185	0	0.34372758865356445	131500	54.80325937271118	113426	13.744486692015215	
4.465235029812882e+17	90.0	3.304	37.816	19.56	12.487468434615678	263	901	90	5	87	45	90	3	29	15	6205	0	0.19950294494628906	132000	55.00276231765747	113851	13.749242424242425	
4.796654120035138e+34	90.0	3.308	37.932	19.62	12.487468434615678	264	901	90	5	87	45	90	3	29	15	6223	0	0.18749189376831055	132500	55.19025421142578	114286	13.746415094339625	
8.009021471291966e+16	90.0	3.34	38.86	20.1	12.487468434615678	265	901	90	5	87	45	90	3	29	15	6248	0	0.20310711860656738	133000	55.39336133003235	114708	13.753383458646624	
2.099798222523037e+40	90.0	3.304	37.816	19.56	12.487468434615678	266	901	90	5	87	45	90	3	29	15	6275	0	0.18748831748962402	133500	55.58084964752197	115133	13.758052434456928	
8.004657000708114e+34	90.0	3.312	38.048	19.68	12.487468434615678	267	901	90	5	87	45	90	3	29	15	6295	0	0.2187349796295166	134000	55.79958462715149	115562	13.759701492537317	
625474200179586.4	90.0	3.378	39.962	20.67	12.487468434615678	268	901	90	5	87	45	90	3	29	15	6310	0	0.17186212539672852	134500	55.97144675254822	116009	13.747955390334582	
1.8286462094385178e+17	90.0	3.356	39.324	20.34	12.487468434615678	269	901	90	5	87	45	90	3	29	15	6335	0	0.16553640365600586	135000	56.136983156204224	116444	13.745185185185179	
4.156024875293889e+16	90.0	3.354	39.266	20.31	12.487468434615678	270	901	90	5	87	45	90	3	29	15	6353	0	0.12498998641967773	135500	56.2619731426239	116882	13.740221402214019	
2.4775551570288466e+26	90.0	3.36	39.44	20.4	12.487468434615678	271	901	90	5	87	45	90	3	29	15	6381	0	0.20312190055847168	136000	56.46509504318237	117304	13.747058823529414	
549754270.8066808	90.0	3.394	40.426	20.91	12.487468434615678	272	901	90	5	87	45	90	3	29	15	6403	0	0.18747758865356445	136500	56.65257263183594	117743	13.741391941391939	
1003478636.6939261	90.0	3.32	38.28	19.8	12.487468434615678	273	901	90	5	87	45	90	3	29	15	6423	0	0.187485933303833	137000	56.84005856513977	118190	13.729927007299267	
1.3860912689748496e+27	90.0	3.366	39.614	20.49	12.487468434615678	274	901	90	5	87	45	90	3	29	15	6451	0	0.14061570167541504	137500	56.980674266815186	118624	13.727999999999994	
1.764524799745898e+34	90.0	3.386	40.194	20.79	12.487468434615678	275	901	90	5	87	45	90	3	29	15	6475	0	0.1874866485595703	138000	57.168160915374756	119053	13.729710144927537	
3.3490895657734e+24	90.0	3.384	40.136	20.76	12.487468434615678	276	901	90	5	87	45	90	3	29	15	6499	0	0.2187352180480957	138500	57.38689613342285	119487	13.727797833935014	
77932480118650.52	90.0	3.408	40.832	21.12	12.487468434615678	277	901	90	5	87	45	90	3	29	15	6525	0	0.15624165534973145	139000	57.54313778877258	119922	13.725179856115105	
1.1351166668094715e+29	90.0	3.344	38.976	20.16	12.487468434615678	278	901	90	5	87	45	90	3	29	15	6546	0	0.2031095027923584	139500	57.74624729156494	120363	13.718279569892474	
4.310016866952102e+20	90.0	3.334	38.686	20.01	12.487468434615678	279	901	90	5	87	45	90	3	29	15	6567	0	0.218735933303833	140000	57.964983224868774	120793	13.719285714285718	
1.9565306321940924e+24	90.0	3.292	37.468	19.38	12.487468434615678	280	901	90	5	87	45	90	3	29	15	6587	0	0.1874854564666748	140500	58.15246868133545	121230	13.715302491103202	
9.156217660151267e+19	90.0	3.29	37.41	19.35	12.487468434615678	281	901	90	5	87	45	90	3	29	15	6601	0	0.15624022483825684	141000	58.308708906173706	121659	13.717021276595744	
1.79627645951587e+22	90.0	3.318	38.222	19.77	12.487468434615678	282	901	90	5	87	45	90	3	29	15	6621	0	0.15623831748962402	141500	58.46494722366333	122099	13.710954063604248	
2.071942345855559e+38	90.0	3.304	37.816	19.56	12.487468434615678	283	901	90	5	87	45	90	3	29	15	6638	0	0.203110933303833	142000	58.66805815696716	122541	13.703521126760563	
2.296008756461284e+40	90.0	3.386	40.194	20.79	12.487468434615678	284	901	90	5	87	45	90	3	29	15	6662	0	0.218735933303833	142500	58.886794090270996	122973	13.703157894736833	
1.4549688587330306e+23	90.0	3.414	41.006	21.21	12.487468434615678	285	901	90	6	116	60	90	3	29	15	6682	0	0.2031102180480957	143000	59.08990430831909	123418	13.693706293706299	
5.665841996046899e+24	90.0	3.378	39.962	20.67	12.487468434615678	286	901	90	5	87	45	90	3	29	15	6702	0	0.18748784065246582	143500	59.27739214897156	123852	13.69198606271776	
1.3282556725070223e+36	90.0	3.34	38.86	20.1	12.487468434615678	287	901	90	5	87	45	90	3	29	15	6718	0	0.17186355590820312	144000	59.44925570487976	124296	13.683333333333337	
1.0330411500039707e+30	90.0	3.322	38.338	19.83	12.487468434615678	288	901	90	5	87	45	90	3	29	15	6737	0	0.203110933303833	144500	59.652366638183594	124732	13.680276816608995	
1.7929427818930055e+34	90.0	3.316	38.164	19.74	12.487468434615678	289	901	90	5	87	45	90	3	29	15	6752	0	0.17186307907104492	145000	59.82422971725464	125170	13.675862068965515	
884756522.5122441	90.0	3.332	38.628	19.98	12.487468434615678	290	901	90	5	87	45	90	3	29	15	6773	0	0.17186713218688965	145500	59.99609684944153	125618	13.664604810996565	
79394502223985.86	90.0	3.378	39.962	20.67	12.487468434615678	291	901	90	5	87	45	90	3	29	15	6799	0	0.20310735702514648	146000	60.199204206466675	126054	13.661643835616445	
4.210242156065654e+33	90.0	3.382	40.078	20.73	12.487468434615678	292	901	90	5	87	45	90	3	29	15	6823	0	0.15623927116394043	146500	60.355443477630615	126496	13.654607508532422	
1.6097392122265146e+16	90.0	3.382	40.078	20.73	12.487468434615678	293	901	90	5	87	45	90	3	29	15	6845	0	0.17186474800109863	147000	60.527308225631714	126936	13.648979591836735	
3384921543976.3315	90.0	3.394	40.426	20.91	12.487468434615678	294	901	90	5	87	45	90	3	29	15	6871	0	0.17186212539672852	147500	60.69917035102844	127372	13.64610169491526	
9.698720621041264e+25	90.0	3.424	41.296	21.36	12.487468434615678	295	901	90	5	87	45	90	3	29	15	6892	0	0.18748712539672852	148000	60.88665747642517	127820	13.63513513513513	
1.7355575889848255e+28	90.0	3.358	39.382	20.37	12.487468434615678	296	901	90	5	87	45	90	3	29	15	6912	0	0.15624022483825684	148500	61.04289770126343	128261	13.628956228956227	
7.9063438796003085e+34	90.0	3.398	40.542	20.97	12.487468434615678	297	901	90	5	87	45	90	3	29	15	6927	0	0.17186236381530762	149000	61.214760065078735	128712	13.61610738255034	
3.222039579940619e+24	90.0	3.39	40.31	20.85	12.487468434615678	298	901	90	5	87	45	90	3	29	15	6952	0	0.1874866485595703	149500	61.402246713638306	129151	13.611371237458187	
2.183901706429862e+45	90.0	3.362	39.498	20.43	12.487468434615678	299	901	90	5	87	45	90	3	29	15	6980	0	0.2031114101409912	150000	61.6053581237793	129586	13.609333333333325	
2.865935553296389e+16	90.0	3.332	38.628	19.98	12.487468434615678	300	901	90	5	87	45	90	3	29	15	7001	0	0.18748736381530762	150500	61.792845487594604	130016	13.610631229235878	
5.194315100018142e+23	90.0	3.264	36.656	18.96	12.487468434615678	301	901	90	5	87	45	90	3	29	15	7015	0	0.20311212539672852	151000	61.99595761299133	130455	13.60596026490066	
5.248846982713591e+21	90.0	3.33	38.57	19.95	12.487468434615678	302	901	90	5	87	45	90	3	29	15	7034	0	0.15623784065246582	151500	62.1521954536438	130889	13.6046204620462	
9.348228821844389e+39	90.0	3.34	38.86	20.1	12.487468434615678	303	901	90	5	87	45	90	3	29	15	7051	0	0.2187352180480957	152000	62.370930671691895	131327	13.600657894736841	
1.1157190139826478e+36	90.0	3.35	39.15	20.25	12.487468434615678	304	901	90	5	87	45	90	3	29	15	7076	0	0.1719808578491211	152500	62.542911529541016	131762	13.598688524590159	
1.3722953036257937e+30	90.0	3.362	39.498	20.43	12.487468434615678	305	901	90	5	87	45	90	3	29	15	7100	0	0.1874864101409912	153000	62.73039793968201	132197	13.596732026143783	
5.4381147099352145e+42	90.0	3.334	38.686	20.01	12.487468434615678	306	901	90	5	87	45	90	3	29	15	7119	0	0.203110933303833	153500	62.93350887298584	132643	13.58762214983713	
2.1326923284880705e+28	90.0	3.354	39.266	20.31	12.487468434615678	307	901	90	5	87	45	90	3	29	15	7139	0	0.2187349796295166	154000	63.152243852615356	133082	13.583116883116887	
4.008236908054096e+37	90.0	3.334	38.686	20.01	12.487468434615678	308	901	90	5	87	45	90	3	29	15	7151	0	0.18748712539672852	154500	63.339730978012085	133520	13.579288025889966	
6.782518938456882e+26	90.0	3.312	38.048	19.68	12.487468434615678	309	901	90	5	87	45	90	3	29	15	7170	0	0.2187347412109375	155000	63.55846571922302	133958	13.575483870967744	
2.6447502017445658e+25	90.0	3.342	38.918	20.13	12.487468434615678	310	901	90	5	87	45	90	3	29	15	7196	0	0.17186546325683594	155500	63.73033118247986	134384	13.579421221864948	
1.8620187581449376e+17	90.0	3.37	39.73	20.55	12.487468434615678	311	901	90	5	87	45	90	3	29	15	7215	0	0.15623855590820312	156000	63.88656973838806	134825	13.573717948717942	
6.3648159335394364e+32	90.0	3.406	40.774	21.09	12.487468434615678	312	901	90	6	116	60	90	3	29	15	7235	0	0.17186284065246582	156500	64.05843257904053	135266	13.56805111821086	
1206133215911296.5	90.0	3.408	40.832	21.12	12.487468434615678	313	901	90	5	87	45	90	3	29	15	7257	0	0.15623831748962402	157000	64.21467089653015	135709	13.561146496815297	
2.7987055197173165e+39	90.0	3.406	40.774	21.09	12.487468434615678	314	901	90	5	87	45	90	3	29	15	7277	0	0.17186379432678223	157500	64.38653469085693	136150	13.555555555555557	
1.7368042912246874e+34	90.0	3.402	40.658	21.03	12.487468434615678	315	901	90	5	87	45	90	3	29	15	7302	0	0.18748688697814941	158000	64.57402157783508	136577	13.558860759493669	
6.891585225622182e+36	90.0	3.376	39.904	20.64	12.487468434615678	316	901	90	5	87	45	90	3	29	15	7329	0	0.15623903274536133	158500	64.73026061058044	136999	13.56529968454258	
1.2718105278279548e+30	90.0	3.34	38.86	20.1	12.487468434615678	317	901	90	6	116	60	90	3	29	15	7349	0	0.1961352825164795	159000	64.92639589309692	137429	13.566666666666677	
2.682381311079212e+46	90.0	3.35	39.15	20.25	12.487468434615678	318	901	90	5	87	45	90	3	29	15	7369	0	0.17186307907104492	159500	65.09825897216797	137863	13.565517241379311	
3.031642919142785e+40	90.0	3.286	37.294	19.29	12.487468434615678	319	901	90	5	87	45	90	3	29	15	7386	0	0.18411731719970703	160000	65.28237628936768	138296	13.564999999999998	
7.580290188609106e+24	90.0	3.312	38.048	19.68	12.487468434615678	320	901	90	5	87	45	90	3	29	15	7404	0	0.17186379432678223	160500	65.45424008369446	138722	13.568847352024932	
6.783822727272782e+41	90.0	3.288	37.352	19.32	12.487468434615678	321	901	90	5	87	45	90	3	29	15	7421	0	0.15623903274536133	161000	65.61047911643982	139155	13.56832298136645	
1.595193429158112e+44	90.0	3.276	37.004	19.14	12.487468434615678	322	901	90	5	87	45	90	3	29	15	7435	0	0.17186284065246582	161500	65.78234195709229	139584	13.570278637770897	
1053706598.3759317	90.0	3.262	36.598	18.93	12.487468434615678	323	901	90	5	87	45	90	3	29	15	7455	0	0.18748807907104492	162000	65.96983003616333	140008	13.575308641975298	
58812476687217.83	90.0	3.236	35.844	18.54	12.487468434615678	324	901	90	5	87	45	90	3	29	15	7468	0	0.17186284065246582	162500	66.1416928768158	140456	13.565538461538466	
4.209645317539421e+31	90.0	3.272	36.888	19.08	12.487468434615678	325	901	90	5	87	45	90	3	29	15	7487	0	0.12499141693115234	163000	66.26668429374695	140879	13.571165644171785	
4.6363922033102946e+21	90.0	3.304	37.816	19.56	12.487468434615678	326	901	90	5	87	45	90	3	29	15	7501	0	0.2187356948852539	163500	66.4854199886322	141330	13.559633027522935	
3.1952563664395495e+28	90.0	3.366	39.614	20.49	12.487468434615678	327	901	90	5	87	45	90	3	29	15	7523	0	0.15623998641967773	164000	66.64165997505188	141773	13.553048780487813	
3.06276881986377e+25	90.0	3.346	39.034	20.19	12.487468434615678	328	901	90	5	87	45	90	3	29	15	7545	0	0.2031106948852539	164500	66.84477066993713	142206	13.552583586626142	
43026646757.64989	90.0	3.398	40.542	20.97	12.487468434615678	329	901	90	5	87	45	90	3	29	15	7570	0	0.1874861717224121	165000	67.03225684165955	142630	13.557575757575762	
1.4908805345466494e+30	90.0	3.342	38.918	20.13	12.487468434615678	330	901	90	5	87	45	90	3	29	15	7592	0	0.2031116485595703	165500	67.23536849021912	143066	13.555287009063449	
118684142513753.7	90.0	3.33	38.57	19.95	12.487468434615678	331	901	90	5	87	45	90	3	29	15	7624	0	0.1874864101409912	166000	67.42285490036011	143486	13.562650602409647	
7.39888755165699e+18	90.0	3.32	38.28	19.8	12.487468434615678	332	901	90	5	87	45	90	3	29	15	7652	0	0.14061522483825684	166500	67.56347012519836	143914	13.565165165165155	
6.977052067272337e+29	90.0	3.236	35.844	18.54	12.487468434615678	333	901	90	5	87	45	90	3	29	15	7666	0	0.14061546325683594	167000	67.7040855884552	144355	13.559880239520965	
2.637004736414894e+16	90.0	3.29	37.41	19.35	12.487468434615678	334	901	90	5	87	45	90	3	29	15	7684	0	0.17186355590820312	167500	67.8759491443634	144792	13.557014925373139	
305731318782.23224	90.0	3.294	37.526	19.41	12.487468434615678	335	901	90	5	87	45	90	3	29	15	7706	0	0.18748736381530762	168000	68.06343650817871	145218	13.560714285714283	
1.076651459338751e+37	90.0	3.34	38.86	20.1	12.487468434615678	336	901	90	5	87	45	90	3	29	15	7726	0	0.15623855590820312	168500	68.21967506408691	145635	13.569732937685458	
2.108773027207509e+22	90.0	3.404	40.716	21.06	12.487468434615678	337	901	90	5	87	45	90	3	29	15	7746	0	0.21873903274536133	169000	68.43841409683228	146085	13.559171597633139	
4.012235650920049e+27	90.0	3.37	39.73	20.55	12.487468434615678	338	901	90	5	87	45	90	3	29	15	7771	0	0.1874847412109375	169500	68.62589883804321	146511	13.56283185840708	
2.9764463048036935e+41	90.0	3.36	39.44	20.4	12.487468434615678	339	901	90	5	87	45	90	3	29	15	7788	0	0.15623855590820312	170000	68.78213739395142	146959	13.553529411764714	
273270697202.1295	90.0	3.374	39.846	20.61	12.487468434615678	340	901	90	5	87	45	90	3	29	15	7814	0	0.203110933303833	170500	68.98524832725525	147395	13.551319648093838	
1078398099101003.2	90.0	3.264	36.656	18.96	12.487468434615678	341	901	90	5	87	45	90	3	29	15	7836	0	0.17186379432678223	171000	69.15711212158203	147829	13.550292397660826	
2800952739.569371	90.0	3.306	37.874	19.59	12.487468434615678	342	901	90	5	87	45	90	3	29	15	7857	0	0.1874866485595703	171500	69.3445987701416	148260	13.551020408163268	
1.7423299539192842e+25	90.0	3.298	37.642	19.47	12.487468434615678	343	901	90	5	87	45	90	3	29	15	7871	0	0.14061784744262695	172000	69.48521661758423	148709	13.541279069767441	
2.9145193752859388e+23	90.0	3.34	38.86	20.1	12.487468434615678	344	901	90	5	87	45	90	3	29	15	7902	0	0.17186689376831055	172500	69.65708351135254	149143	13.540289855072459	
3.0760800379566752e+26	90.0	3.326	38.454	19.89	12.487468434615678	345	901	90	5	87	45	90	3	29	15	7922	0	0.1406097412109375	173000	69.79769325256348	149585	13.534682080924853	
2.8275053166114516e+26	90.0	3.334	38.686	20.01	12.487468434615678	346	901	90	5	87	45	90	3	29	15	7932	0	0.18748998641967773	173500	69.98518323898315	150026	13.529682997118158	
2.0445770095737055e+31	90.0	3.392	40.368	20.88	12.487468434615678	347	901	90	5	87	45	90	3	29	15	7957	0	0.24998021125793457	174000	70.23516345024109	150456	13.531034482758614	
1.1083717800947923e+19	90.0	3.312	38.048	19.68	12.487468434615678	348	901	90	5	87	45	90	3	29	15	7979	0	0.2025146484375	174500	70.43767809867859	150887	13.531805157593126	
9.786591872383948e+23	90.0	3.412	40.948	21.18	12.487468434615678	349	901	90	5	87	45	90	3	29	15	8007	0	0.2343595027923584	175000	70.67203760147095	151316	13.533714285714282	
5.11888879065477e+25	90.0	3.466	42.514	21.99	12.487468434615678	350	901	90	5	87	45	90	3	29	15	8033	0	0.17186403274536133	175500	70.84390163421631	151748	13.533903133903138	
3.304129503171893e+29	90.0	3.44	41.76	21.6	12.487468434615678	351	901	90	5	87	45	90	3	29	15	8065	0	0.2031106948852539	176000	71.04701232910156	152178	13.535227272727269	
6.82964966766644e+30	90.0	3.408	40.832	21.12	12.487468434615678	352	901	90	5	87	45	90	3	29	15	8084	0	0.2031106948852539	176500	71.25012302398682	152622	13.52861189801699	
5.19828001714492e+40	90.0	3.494	43.326	22.41	12.487125655232234	353	901	90	5	87	45	90	3	29	15	8118	0	0.2343590259552002	177000	71.48448204994202	153069	13.520338983050848	
8.983744768107026e+23	90.0	3.558	45.182	23.37	12.487125655232234	354	901	90	5	87	45	90	3	29	15	8159	0	0.17186307907104492	177500	71.65634512901306	153495	13.523943661971828	
1.623156479377751e+32	90.0	3.528	44.312	22.92	12.487125655232234	355	901	90	5	87	45	90	3	29	15	8198	0	0.2031111717224121	178000	71.85945630073547	153920	13.528089887640448	
8.187231291407857e+25	90.0	3.448	41.992	21.72	12.487125655232234	356	901	90	6	116	60	90	3	29	15	8225	0	0.17186379432678223	178500	72.03132009506226	154344	13.532773109243706	
3.706877427002077e+23	90.0	3.44	41.76	21.6	12.487125655232234	357	901	90	5	87	45	90	3	29	15	8253	0	0.2031104564666748	179000	72.23443055152893	154790	13.52513966480447	
1.4532148984245544e+41	90.0	3.434	41.586	21.51	12.487125655232234	358	901	90	5	87	45	90	3	29	15	8285	0	0.2031106948852539	179500	72.43754124641418	155222	13.525348189415041	
1.6953005600202571e+44	90.0	3.43	41.47	21.45	12.487125655232234	359	901	90	5	87	45	90	3	29	15	8312	0	0.2031116485595703	180000	72.64065289497375	155650	13.527777777777786	
4.104570897934687e+24	90.0	3.454	42.166	21.81	12.487125655232234	360	901	90	5	87	45	90	3	29	15	8337	0	0.2187349796295166	180500	72.85938787460327	156088	13.52465373961219	
3.877413223455442e+28	90.0	3.5	43.5	22.5	12.487125655232234	361	901	90	5	87	45	90	3	29	15	8370	0	0.15624022483825684	181000	73.01562809944153	156525	13.52209944751381	
7.075494571802396e+20	90.0	3.418	41.122	21.27	12.487125655232234	362	901	90	5	87	45	90	3	29	15	8399	0	0.17186594009399414	181500	73.18749403953552	156960	13.52066115702479	
1.8131793206881645e+17	90.0	3.398	40.542	20.97	12.487125655232234	363	901	90	5	87	45	90	3	29	15	8426	0	0.21873164176940918	182000	73.40622568130493	157390	13.521978021978015	
1.3825895995516924e+34	90.0	3.37	39.73	20.55	12.487125655232234	364	901	90	5	87	45	90	3	29	15	8456	0	0.15623903274536133	182500	73.5624647140503	157814	13.526575342465748	
2.623060662393481e+24	90.0	3.346	39.034	20.19	12.487125655232234	365	901	90	5	87	45	90	3	29	15	8481	0	0.17186260223388672	183000	73.73432731628418	158245	13.527322404371589	
4.1001685450981593e+27	90.0	3.39	40.31	20.85	12.487125655232234	366	901	90	5	87	45	90	3	29	15	8506	0	0.15623927116394043	183500	73.89056658744812	158677	13.527520435967304	
3.738906214854995e+23	90.0	3.406	40.774	21.09	12.487125655232234	367	901	90	5	87	45	90	3	29	15	8532	0	0.20311236381530762	184000	74.09367895126343	159107	13.528804347826082	
9.606508483228929e+23	90.0	3.42	41.18	21.3	12.487125655232234	368	901	90	5	87	45	90	3	29	15	8561	0	0.18748784065246582	184500	74.2811667919159	159542	13.527371273712745	
3.683236693061448e+34	90.0	3.436	41.644	21.54	12.487125655232234	369	901	90	6	116	60	90	3	29	15	8588	0	0.1874866485595703	185000	74.46865344047546	159979	13.524864864864867	
2.7013697466508644e+16	90.0	3.408	40.832	21.12	12.487125655232234	370	901	90	6	116	60	90	3	29	15	8614	0	0.17186641693115234	185500	74.64051985740662	160418	13.521293800539084	
2.6890144092259723e+24	90.0	3.396	40.484	20.94	12.487125655232234	371	901	90	5	87	45	90	3	29	15	8654	0	0.1874837875366211	186000	74.82800364494324	160837	13.528494623655916	
1514853349834147.0	90.0	3.398	40.542	20.97	12.487125655232234	372	901	90	5	87	45	90	3	29	15	8681	0	0.17186331748962402	186500	74.99986696243286	161264	13.531367292225198	
3.96952371173528e+19	90.0	3.334	38.686	20.01	12.487125655232234	373	901	90	6	116	60	90	3	29	15	8701	0	0.17186498641967773	187000	75.17173194885254	161693	13.533155080213902	
4.207366708595407e+42	90.0	3.39	40.31	20.85	12.487125655232234	374	901	90	5	87	45	90	3	29	15	8725	0	0.2031090259552002	187500	75.37484097480774	162131	13.530133333333339	
1.6220839605181866e+24	90.0	3.362	39.498	20.43	12.487125655232234	375	901	90	5	87	45	90	3	29	15	8743	0	0.18748688697814941	188000	75.56232786178589	162573	13.524999999999991	
1.4079424408861922e+20	90.0	3.354	39.266	20.31	12.487125655232234	376	901	90	5	87	45	90	3	29	15	8778	0	0.17186355590820312	188500	75.73419141769409	162999	13.528381962864728	
16821292630095.18	90.0	3.394	40.426	20.91	12.487125655232234	377	901	90	5	87	45	90	3	29	15	8807	0	0.20312070846557617	189000	75.93731212615967	163432	13.528042328042332	
770666461086467.5	90.0	3.374	39.846	20.61	12.487125655232234	378	901	90	5	87	45	90	3	29	15	8835	0	0.17185425758361816	189500	76.10916638374329	163858	13.531398416886546	
2.5240812392839468e+16	90.0	3.364	39.556	20.46	12.487125655232234	379	901	90	5	87	45	90	3	29	15	8863	0	0.1874861717224121	190000	76.2966525554657	164278	13.537894736842105	
5.0591588957119686e+17	90.0	3.342	38.918	20.13	12.487125655232234	380	901	90	5	87	45	90	3	29	15	8892	0	0.17186307907104492	190500	76.46851563453674	164693	13.546981627296589	
59322880782.34183	90.0	3.34	38.86	20.1	12.487125655232234	381	901	90	5	87	45	90	3	29	15	8922	0	0.17186379432678223	191000	76.64037942886353	165126	13.54659685863875	
3.838013318579645e+26	90.0	3.338	38.802	20.07	12.487125655232234	382	901	90	5	87	45	90	3	29	15	8942	0	0.18748807907104492	191500	76.82786750793457	165557	13.547258485639688	
2.2919485581917945e+38	90.0	3.374	39.846	20.61	12.487125655232234	383	901	90	6	116	60	90	3	29	15	8969	0	0.12499141693115234	192000	76.95285892486572	165991	13.54635416666666	
1.1819048187233068e+34	90.0	3.364	39.556	20.46	12.487125655232234	384	901	90	5	87	45	90	3	29	15	8992	0	0.17186188697814941	192500	77.12472081184387	166432	13.541818181818172	
5.176448014293806e+35	90.0	3.398	40.542	20.97	12.479764729886647	385	901	90	6	116	60	90	3	29	15	9026	0	0.18748784065246582	193000	77.31220865249634	166861	13.543523316062178	
3.9404655029634205e+36	90.0	3.372	39.788	20.58	12.479764729886647	386	901	90	5	87	45	90	3	29	15	9055	0	0.18748807907104492	193500	77.49969673156738	167276	13.552454780361757	
1.1576854471220153e+38	90.0	3.326	38.454	19.89	12.479764729886647	387	901	90	5	87	45	90	3	29	15	9068	0	0.17186188697814941	194000	77.67155861854553	167713	13.549999999999997	
2.9856727598176045e+34	90.0	3.378	39.962	20.67	12.479764729886647	388	901	90	5	87	45	90	3	29	15	9086	0	0.18748736381530762	194500	77.85904598236084	168158	13.543444730077127	
1.1841730235400261e+22	90.0	3.398	40.542	20.97	12.479764729886647	389	901	90	5	87	45	90	3	29	15	9115	0	0.18748712539672852	195000	78.04653310775757	168594	13.541538461538465	
4.2217328317867306e+40	90.0	3.384	40.136	20.76	12.479764729886647	390	901	90	5	87	45	90	3	29	15	9139	0	0.2031111717224121	195500	78.24964427947998	169026	13.541687979539645	
1.12856420840874e+36	90.0	3.374	39.846	20.61	12.479764729886647	391	901	90	5	87	45	90	3	29	15	9165	0	0.17186307907104492	196000	78.42150735855103	169454	13.543877551020415	
5.441217509516817e+37	90.0	3.33	38.57	19.95	12.479764729886647	392	901	90	5	87	45	90	3	29	15	9178	0	0.18748760223388672	196500	78.60899496078491	169900	13.536895674300254	
1.173513247463052e+28	90.0	3.316	38.164	19.74	12.479764729886647	393	901	90	5	87	45	90	3	29	15	9202	0	0.15263795852661133	197000	78.76163291931152	170341	13.532487309644665	
1.5517533892729038e+34	90.0	3.326	38.454	19.89	12.479764729886647	394	901	90	5	87	45	90	3	29	15	9222	0	0.2031114101409912	197500	78.96474432945251	170772	13.533164556962035	
7.456798690308158e+26	90.0	3.37	39.73	20.55	12.479764729886647	395	901	90	5	87	45	90	3	29	15	9252	0	0.15623903274536133	198000	79.12098336219788	171197	13.536868686868686	
2.46856885177458e+41	90.0	3.376	39.904	20.64	12.479764729886647	396	901	90	5	87	45	90	3	29	15	9274	0	0.2031106948852539	198500	79.32409405708313	171629	13.537027707808562	
2.510647776535014e+30	90.0	3.386	40.194	20.79	12.479764729886647	397	901	90	5	87	45	90	3	29	15	9300	0	0.20311260223388672	199000	79.52720665931702	172059	13.538190954773867	
1.3502787200806943e+26	90.0	3.348	39.092	20.22	12.479764729886647	398	901	90	5	87	45	90	3	29	15	9328	0	0.1874866485595703	199500	79.71469330787659	172490	13.53884711779449	
3.339548583430072e+38	90.0	3.324	38.396	19.86	12.479764729886647	399	901	90	5	87	45	90	3	29	15	9352	0	0.2031106948852539	200000	79.91780400276184	172918	13.540999999999997	
523679242961.29645	90.0	3.306	37.874	19.59	12.479764729886647	400	901	90	5	87	45	90	3	29	15	9366	0	0.17186355590820312	200500	80.08966755867004	173359	13.53665835411472	
4.16227606164034e+25	90.0	3.332	38.628	19.98	12.479764729886647	401	901	90	5	87	45	90	3	29	15	9389	0	0.18748712539672852	201000	80.27715468406677	173787	13.538805970149255	
2.646564108473548e+21	90.0	3.284	37.236	19.26	12.479764729886647	402	901	90	5	87	45	90	3	29	15	9405	0	0.1874866485595703	201500	80.46464133262634	174225	13.535980148883368	
2.4382822100844367e+39	90.0	3.276	37.004	19.14	12.479764729886647	403	901	90	5	87	45	90	3	29	15	9417	0	0.17186331748962402	202000	80.63650465011597	174665	13.53217821782178	
2.5387595229727863e+37	90.0	3.332	38.628	19.98	12.479764729886647	404	901	90	5	87	45	90	3	29	15	9439	0	0.2343597412109375	202500	80.8708643913269	175094	13.533827160493829	
991777148.9801857	90.0	3.322	38.338	19.83	12.479764729886647	405	901	90	5	87	45	90	3	29	15	9460	0	0.14061474800109863	203000	81.011479139328	175527	13.533497536945816	
4.734438214721112e+37	90.0	3.374	39.846	20.61	12.479764729886647	406	901	90	5	87	45	90	3	29	15	9486	0	0.17186331748962402	203500	81.18334245681763	175959	13.533660933660926	
2.571482046121166e+29	90.0	3.334	38.686	20.01	12.479764729886647	407	901	90	5	87	45	90	3	29	15	9502	0	0.2187347412109375	204000	81.40207719802856	176399	13.529901960784315	
2.4202081572916054e+35	90.0	3.346	39.034	20.19	12.479764729886647	408	901	90	5	87	45	90	3	29	15	9520	0	0.15623903274536133	204500	81.55831623077393	176826	13.53251833740832	
1203334501.4495962	90.0	3.39	40.31	20.85	12.479764729886647	409	901	90	5	87	45	90	3	29	15	9543	0	0.20311212539672852	205000	81.76142835617065	177260	13.53170731707317	
1.131392822055247e+32	90.0	3.394	40.426	20.91	12.479764729886647	410	901	90	5	87	45	90	3	29	15	9567	0	0.15624046325683594	205500	81.91766881942749	177699	13.52846715328468	
2.134530689720938e+42	90.0	3.44	41.76	21.6	12.479764729886647	411	901	90	5	87	45	90	3	29	15	9595	0	0.2187342643737793	206000	82.13640308380127	178140	13.524271844660191	
2.0611661658960047e+23	90.0	3.402	40.658	21.03	12.479764729886647	412	901	90	5	87	45	90	3	29	15	9628	0	0.20311236381530762	206500	82.33951544761658	178577	13.522033898305082	
2.5158393191489865e+37	90.0	3.432	41.528	21.48	12.479764729886647	413	901	90	5	87	45	90	3	29	15	9659	0	0.2031087875366211	207000	82.5426242351532	179019	13.517391304347825	
2.6521580513765297e+35	90.0	3.398	40.542	20.97	12.479764729886647	414	901	90	5	87	45	90	3	29	15	9682	0	0.20311260223388672	207500	82.74573683738708	179457	13.51469879518072	
3.1373066674966626e+27	90.0	3.382	40.078	20.73	12.479764729886647	415	901	90	5	87	45	90	3	29	15	9703	0	0.187485933303833	208000	82.93322277069092	179896	13.511538461538464	
4.709586795693575e+24	90.0	3.378	39.962	20.67	12.46818579238821	416	901	90	5	87	45	90	3	29	15	9727	0	0.18748712539672852	208500	83.12070989608765	180323	13.514148681055161	
1.9339947393321355e+30	90.0	3.378	39.962	20.67	12.46818579238821	417	901	90	5	87	45	90	3	29	15	9750	0	0.18748688697814941	209000	83.3081967830658	180755	13.514354066985646	
1.1211342946831626e+19	90.0	3.312	38.048	19.68	12.46818579238821	418	901	90	5	87	45	90	3	29	15	9774	0	0.17186331748962402	209500	83.48006010055542	181190	13.513126491646773	
1.3706790748510064e+30	90.0	3.298	37.642	19.47	12.46818579238821	419	901	90	5	87	45	90	3	29	15	9791	0	0.17186331748962402	210000	83.65192341804504	181631	13.509047619047621	
1.286096618403712e+30	90.0	3.392	40.368	20.88	12.46818579238821	420	901	90	5	87	45	90	3	29	15	9824	0	0.2031111717224121	210500	83.85503458976746	182054	13.513539192399051	
8.593763978271301e+18	90.0	3.386	40.194	20.79	12.46818579238821	421	901	90	5	87	45	90	3	29	15	9845	0	0.203110933303833	211000	84.05814552307129	182497	13.5085308056872	
1.234681978494702e+22	90.0	3.406	40.774	21.09	12.46818579238821	422	901	90	5	87	45	90	3	29	15	9881	0	0.218735933303833	211500	84.27688145637512	182923	13.511583924349878	
7.503097139564763e+26	90.0	3.342	38.918	20.13	12.46818579238821	423	901	90	5	87	45	90	3	29	15	9907	0	0.18748688697814941	212000	84.46436834335327	183361	13.508962264150952	
2.613169166676794e+41	90.0	3.378	39.962	20.67	12.46818579238821	424	901	90	5	87	45	90	3	29	15	9928	0	0.2187354564666748	212500	84.68310379981995	183798	13.506823529411761	
5.717809396394907e+37	90.0	3.354	39.266	20.31	12.46818579238821	425	901	90	5	87	45	90	3	29	15	9950	0	0.18748736381530762	213000	84.87059116363525	184233	13.505633802816902	
7.890978081406361e+31	90.0	3.372	39.788	20.58	12.46818579238821	426	901	90	5	87	45	90	3	29	15	9968	0	0.17186212539672852	213500	85.04245328903198	184667	13.50491803278689	
2.438522242982655e+37	90.0	3.326	38.454	19.89	12.46818579238821	427	901	90	5	87	45	90	3	29	15	9984	0	0.17186331748962402	214000	85.2143166065216	185100	13.504672897196258	
8.301226666667306e+36	90.0	3.336	38.744	20.04	12.46818579238821	428	901	90	5	87	45	90	3	29	15	10005	0	0.15624141693115234	214500	85.37055802345276	185535	13.503496503496507	
6.401999289354243e+19	90.0	3.364	39.556	20.46	12.46818579238821	429	901	90	5	87	45	90	3	29	15	10029	0	0.14061450958251953	215000	85.51117253303528	185959	13.507441860465121	
8.284690155396723e+37	90.0	3.312	38.048	19.68	12.46818579238821	430	901	90	5	87	45	90	3	29	15	10049	0	0.2031097412109375	215500	85.71428227424622	186391	13.507656612529004	
6.447065708245377e+37	90.0	3.346	39.034	20.19	12.46818579238821	431	901	90	6	116	60	90	3	29	15	10077	0	0.2031116485595703	216000	85.91739392280579	186822	13.50833333333334	
2.1668953379021996e+30	90.0	3.424	41.296	21.36	12.46818579238821	432	901	90	5	87	45	90	3	29	15	10108	0	0.17186307907104492	216500	86.08925700187683	187257	13.507159353348726	
1.2217618595030613e+17	90.0	3.396	40.484	20.94	12.46818579238821	433	901	90	5	87	45	90	3	29	15	10133	0	0.17186307907104492	217000	86.26112008094788	187691	13.50645161290322	
2.8704005882360515e+33	90.0	3.358	39.382	20.37	12.46818579238821	434	901	90	5	87	45	90	3	29	15	10158	0	0.18748736381530762	217500	86.44860744476318	188129	13.503908045977013	
2.494608607595034e+27	90.0	3.388	40.252	20.82	12.46818579238821	435	901	90	5	87	45	90	3	29	15	10185	0	0.17186474800109863	218000	86.62047219276428	188550	13.509174311926614	
7.1186840145925224e+16	90.0	3.358	39.382	20.37	12.462514240997338	436	901	90	5	87	45	90	3	29	15	10210	0	0.1874866485595703	218500	86.80795884132385	188984	13.508466819221965	
5.992667679366451e+40	90.0	3.276	37.004	19.14	12.462514240997338	437	901	90	5	87	45	90	3	29	15	10232	0	0.19952058792114258	219000	87.007479429245	189413	13.510045662100453	
9.275127341722759e+41	90.0	3.282	37.178	19.23	12.462514240997338	438	901	90	5	87	45	90	3	29	15	10254	0	0.18748831748962402	219500	87.19496774673462	189840	13.512528473804096	
1.5973389132324037e+34	90.0	3.292	37.468	19.38	12.462514240997338	439	901	90	5	87	45	90	3	29	15	10274	0	0.17186236381530762	220000	87.36683011054993	190270	13.513636363636365	
2.0676614406784181e+37	90.0	3.444	41.876	21.66	12.462514240997338	440	901	90	5	87	45	90	3	29	15	10303	0	0.15623903274536133	220500	87.52306914329529	190702	13.513832199546485	
3.8912249302345865e+26	90.0	3.396	40.484	20.94	12.462514240997338	441	901	90	5	87	45	90	3	29	15	10331	0	0.18748784065246582	221000	87.71055698394775	191140	13.511312217194572	
2.6709011320761615e+33	90.0	3.39	40.31	20.85	12.462514240997338	442	901	90	5	87	45	90	3	29	15	10355	0	0.15623879432678223	221500	87.86679577827454	191571	13.511963882618502	
2.4807423285199242e+37	90.0	3.418	41.122	21.27	12.462514240997338	443	901	90	5	87	45	90	3	29	15	10379	0	0.15624094009399414	222000	88.02303671836853	192013	13.50765765765766	
5.001133473583819e+18	90.0	3.356	39.324	20.34	12.462514240997338	444	901	90	5	87	45	90	3	29	15	10400	0	0.2031095027923584	222500	88.22614622116089	192451	13.505168539325837	
1.3952803867834693e+39	90.0	3.31	37.99	19.65	12.462514240997338	445	901	90	5	87	45	90	3	29	15	10418	0	0.14061570167541504	223000	88.3667619228363	192878	13.507623318385654	
2.126749871648165e+28	90.0	3.36	39.44	20.4	12.462514240997338	446	901	90	5	87	45	90	3	29	15	10444	0	0.18748688697814941	223500	88.55424880981445	193309	13.5082774049217	
4187369319161336.5	90.0	3.394	40.426	20.91	12.462514240997338	447	901	90	5	87	45	90	3	29	15	10470	0	0.2031114101409912	224000	88.75736021995544	193745	13.50669642857143	
1.71105526380553e+26	90.0	3.394	40.426	20.91	12.462514240997338	448	901	90	5	87	45	90	3	29	15	10482	0	0.15623903274536133	224500	88.9135992527008	194186	13.502895322939864	
2.3438872437219645e+42	90.0	3.404	40.716	21.06	12.462514240997338	449	901	90	5	87	45	90	3	29	15	10516	0	0.17186450958251953	225000	89.08546376228333	194607	13.507999999999996	
76225100816551.6	90.0	3.392	40.368	20.88	12.462514240997338	450	901	90	5	87	45	90	3	29	15	10540	0	0.203110933303833	225500	89.28857469558716	195049	13.503769401330374	
3.643320251421229e+37	90.0	3.44	41.76	21.6	12.462514240997338	451	901	90	5	87	45	90	3	29	15	10570	0	0.15623974800109863	226000	89.44481444358826	195483	13.503097345132744	
2.3268070358311647e+29	90.0	3.37	39.73	20.55	12.462514240997338	452	901	90	5	87	45	90	3	29	15	10597	0	0.15623784065246582	226500	89.60105228424072	195917	13.502428256070644	
2.394700850477009e+41	90.0	3.354	39.266	20.31	12.462514240997338	453	901	90	5	87	45	90	3	29	15	10620	0	0.18748736381530762	227000	89.78853964805603	196337	13.50792951541851	
6.406432941176469e+37	90.0	3.398	40.542	20.97	12.462514240997338	454	901	90	5	87	45	90	3	29	15	10645	0	0.20311284065246582	227500	89.9916524887085	196769	13.50813186813187	
1.7266790252388837e+28	90.0	3.416	41.064	21.24	12.462514240997338	455	901	90	5	87	45	90	3	29	15	10670	0	0.1874847412109375	228000	90.17913722991943	197201	13.50833333333334	
2.3619766358528897e+32	90.0	3.412	40.948	21.18	12.462514240997338	456	901	90	5	87	45	90	3	29	15	10696	0	0.18748736381530762	228500	90.36662459373474	197642	13.504595185995626	
6.095848101354247e+27	90.0	3.436	41.644	21.54	12.462514240997338	457	901	90	5	87	45	90	3	29	15	10723	0	0.18748760223388672	229000	90.55411219596863	198077	13.503493449781658	
835740233.6980453	90.0	3.464	42.456	21.96	12.462514240997338	458	901	90	5	87	45	90	3	29	15	10749	0	0.2031111717224121	229500	90.75722336769104	198515	13.501089324618732	
1.607926457112486e+23	90.0	3.494	43.326	22.41	12.462514240997338	459	901	90	5	87	45	90	3	29	15	10779	0	0.18749737739562988	230000	90.94472074508667	198949	13.500434782608693	
9.308495643306786e+32	90.0	3.472	42.688	22.08	12.462514240997338	460	901	90	5	87	45	90	3	29	15	10812	0	0.18747663497924805	230500	91.13219738006592	199386	13.498481561822132	
4.7960426056577224e+38	90.0	3.494	43.326	22.41	12.462514240997338	461	901	90	5	87	45	90	3	29	15	10839	0	0.18748831748962402	231000	91.31968569755554	199819	13.498268398268394	
1.2189443577020377e+21	90.0	3.446	41.934	21.69	12.462514240997338	462	901	90	5	87	45	90	3	29	15	10874	0	0.14061403274536133	231500	91.4602997303009	200252	13.498056155507555	
48518407961404.13	90.0	3.406	40.774	21.09	12.462514240997338	463	901	90	5	87	45	90	3	29	15	10893	0	0.2187354564666748	232000	91.67903518676758	200696	13.49310344827586	
1.322916890625063e+33	90.0	3.33	38.57	19.95	12.462514240997338	464	901	90	5	87	45	90	3	29	15	10914	0	0.12499094009399414	232500	91.80402612686157	201124	13.49505376344085	
2.2976658227848108e+37	90.0	3.364	39.556	20.46	12.462514240997338	465	901	90	5	87	45	90	3	29	15	10941	0	0.15623927116394043	233000	91.96026539802551	201556	13.495278969957084	
1.095606842304957e+33	90.0	3.36	39.44	20.4	12.462514240997338	466	901	90	5	87	45	90	3	29	15	10969	0	0.20311236381530762	233500	92.16337776184082	201979	13.499357601713058	
1.0346218487459218e+34	90.0	3.316	38.164	19.74	12.462514240997338	467	901	90	5	87	45	90	3	29	15	10994	0	0.24998211860656738	234000	92.41335988044739	202408	13.500854700854703	
2.806912904365923e+46	90.0	3.314	38.106	19.71	12.462514240997338	468	901	90	5	87	45	90	3	29	15	11014	0	0.2031111717224121	234500	92.6164710521698	202838	13.501918976545852	
1.2061892972661742e+42	90.0	3.344	38.976	20.16	12.462514240997338	469	901	90	5	87	45	90	3	29	15	11035	0	0.15623879432678223	235000	92.77270984649658	203276	13.4995744680851	
1.4936785188717095e+34	90.0	3.356	39.324	20.34	12.462514240997338	470	901	90	5	87	45	90	3	29	15	11053	0	0.15624141693115234	235500	92.92895126342773	203713	13.497664543524408	
2.9910200657379596e+29	90.0	3.374	39.846	20.61	12.462514240997338	471	901	90	5	87	45	90	3	29	15	11066	0	0.2187333106994629	236000	93.1476845741272	204175	13.485169491525426	
2.1761342759776997e+37	90.0	3.47	42.63	22.05	12.462514240997338	472	901	90	5	87	45	90	3	29	15	11100	0	0.2187349796295166	236500	93.36641955375671	204608	13.48498942917547	
2.1064138553194778e+39	90.0	3.478	42.862	22.17	12.462514240997338	473	901	90	5	87	45	90	3	29	15	11131	0	0.2187347412109375	237000	93.58515429496765	205044	13.483544303797473	
6.92570040367973e+39	90.0	3.49	43.21	22.35	12.460094307749246	474	901	90	5	87	45	90	3	29	15	11171	0	0.20061373710632324	237500	93.78576803207397	205470	13.486315789473679	
1.0731523875704043e+26	90.0	3.446	41.934	21.69	12.459763776601726	475	901	90	5	87	45	90	3	29	15	11192	0	0.18748712539672852	238000	93.9732551574707	205909	13.483613445378154	
7.723559868024348e+23	90.0	3.432	41.528	21.48	12.459763776601726	476	901	90	5	87	45	90	3	29	15	11218	0	0.18748736381530762	238500	94.16074252128601	206336	13.485953878406704	
1.0902497905715254e+36	90.0	3.378	39.962	20.67	12.459763776601726	477	901	90	5	87	45	90	3	29	15	11236	0	0.14061498641967773	239000	94.30135750770569	206775	13.48326359832636	
1.8377470759936246e+21	90.0	3.41	40.89	21.15	12.459763776601726	478	901	90	5	87	45	90	3	29	15	11262	0	0.14061546325683594	239500	94.44197297096252	207213	13.481002087682668	
2.20367029383923e+34	90.0	3.368	39.672	20.52	12.459763776601726	479	901	90	5	87	45	90	3	29	15	11283	0	0.18748712539672852	240000	94.62946009635925	207659	13.47541666666666	
1.49268597126591e+21	90.0	3.334	38.686	20.01	12.459763776601726	480	901	90	5	87	45	90	3	29	15	11307	0	0.17186379432678223	240500	94.80132389068604	208085	13.478170478170483	
1.6688704257770814e+28	90.0	3.398	40.542	20.97	12.459763776601726	481	901	90	5	87	45	90	3	29	15	11336	0	0.17186284065246582	241000	94.9731867313385	208516	13.47883817427386	
2.564075548642469e+27	90.0	3.324	38.396	19.86	12.459763776601726	482	901	90	5	87	45	90	3	29	15	11351	0	0.17186284065246582	241500	95.14504957199097	208944	13.480745341614906	
4.128574600751182e+28	90.0	3.34	38.86	20.1	12.459763776601726	483	901	90	5	87	45	90	3	29	15	11376	0	0.17186355590820312	242000	95.31691312789917	209385	13.47727272727272	
1.6886619772556153e+30	90.0	3.37	39.73	20.55	12.459763776601726	484	901	90	5	87	45	90	3	29	15	11397	0	0.2187356948852539	242500	95.53564882278442	209822	13.475463917525772	
5.873467939996333e+25	90.0	3.388	40.252	20.82	12.459763776601726	485	901	90	5	87	45	90	3	29	15	11421	0	0.2187345027923584	243000	95.75438332557678	210251	13.476954732510293	
3.5020556476778984e+29	90.0	3.418	41.122	21.27	12.459763776601726	486	901	90	5	87	45	90	3	29	15	11442	0	0.18748974800109863	243500	95.94187307357788	210690	13.474332648870629	
1.652100471762473e+31	90.0	3.412	40.948	21.18	12.459763776601726	487	901	90	5	87	45	90	3	29	15	11474	0	0.12499094009399414	244000	96.06686401367188	211115	13.47745901639344	
6.246297722503228e+25	90.0	3.374	39.846	20.61	12.459763776601726	488	901	90	5	87	45	90	3	29	15	11509	0	0.12498903274536133	244500	96.19185304641724	211546	13.478118609406948	
7.119274147942956e+35	90.0	3.318	38.222	19.77	12.459763776601726	489	901	90	5	87	45	90	3	29	15	11527	0	0.2187354564666748	245000	96.41058850288391	211981	13.477142857142852	
1.2325832136456088e+37	90.0	3.278	37.062	19.17	12.459763776601726	490	901	90	5	87	45	90	3	29	15	11545	0	0.20311212539672852	245500	96.61370062828064	212419	13.474949083503049	
5.031678675316092e+24	90.0	3.342	38.918	20.13	12.459763776601726	491	901	90	5	87	45	90	3	29	15	11563	0	0.2031116485595703	246000	96.81681227684021	212840	13.479674796747958	
1.0617440234625968e+19	90.0	3.36	39.44	20.4	12.459763776601726	492	901	90	5	87	45	90	3	29	15	11590	0	0.2187333106994629	246500	97.03554558753967	213270	13.480730223123729	
3.8359075897090575e+28	90.0	3.334	38.686	20.01	12.459763776601726	493	901	90	5	87	45	90	3	29	15	11611	0	0.17186522483825684	247000	97.20741081237793	213695	13.483805668016188	
3.571767675749847e+26	90.0	3.338	38.802	20.07	12.459763776601726	494	901	90	5	87	45	90	3	29	15	11626	0	0.2031097412109375	247500	97.41052055358887	214126	13.48444444444445	
3.9997680492813326e+34	90.0	3.286	37.294	19.29	12.459763776601726	495	901	90	5	87	45	90	3	29	15	11640	0	0.20311188697814941	248000	97.61363244056702	214564	13.482258064516131	
6.291020730816632e+18	90.0	3.338	38.802	20.07	12.459763776601726	496	901	90	5	87	45	90	3	29	15	11665	0	0.15623784065246582	248500	97.76987028121948	214988	13.485714285714295	
124731844010903.25	90.0	3.372	39.788	20.58	12.459763776601726	497	901	90	5	87	45	90	3	29	15	11688	0	0.20311284065246582	249000	97.97298312187195	215419	13.486345381526093	
7.042712875817916e+29	90.0	3.404	40.716	21.06	12.459763776601726	498	901	90	5	87	45	90	3	29	15	11712	0	0.17186331748962402	249500	98.14484643936157	215861	13.482565130260525	
2.4337817308963495e+38	90.0	3.426	41.354	21.39	12.459763776601726	499	901	90	5	87	45	90	3	29	15	11730	0	0.1874856948852539	250000	98.33233213424683	216302	13.479200000000006	
1.0925040190073719e+28	90.0	3.36	39.44	20.4	12.459763776601726	500	901	90	5	87	45	90	3	29	15	11747	0	0.18748688697814941	250500	98.51981902122498	216752	13.472255489021961	
1.0153051765720706e+38	90.0	3.406	40.774	21.09	12.459763776601726	501	901	90	5	87	45	90	3	29	15	11777	0	0.18748831748962402	251000	98.7073073387146	217183	13.472908366533858	
198981625046385.38	90.0	3.362	39.498	20.43	12.459763776601726	502	901	90	5	87	45	90	3	29	15	11803	0	0.1842057704925537	251500	98.89151310920715	217614	13.473558648111322	
1.026656809030936e+26	90.0	3.34	38.86	20.1	12.459763776601726	503	901	90	5	87	45	90	3	29	15	11825	0	0.18748712539672852	252000	99.07900023460388	218049	13.472619047619048	
2.5466221434358226e+37	90.0	3.344	38.976	20.16	12.459763776601726	504	901	90	5	87	45	90	3	29	15	11859	0	0.17186307907104492	252500	99.25086331367493	218473	13.476039603960402	
2.024793416778441e+31	90.0	3.348	39.092	20.22	12.459763776601726	505	901	90	5	87	45	90	3	29	15	11876	0	0.2187352180480957	253000	99.46959853172302	218909	13.474703557312253	
4.0503440813558274e+35	90.0	3.384	40.136	20.76	12.459763776601726	506	901	90	6	116	60	90	3	29	15	11906	0	0.2031114101409912	253500	99.67270994186401	219328	13.480078895463507	
1.0577064510814389e+40	90.0	3.392	40.368	20.88	12.459763776601726	507	901	90	5	87	45	90	3	29	15	11938	0	0.2343592643737793	254000	99.9070692062378	219758	13.481102362204723	
1.990589552170642e+20	90.0	3.372	39.788	20.58	12.459763776601726	508	901	90	5	87	45	90	3	29	15	11958	0	0.187485933303833	254500	100.09455513954163	220203	13.476227897838896	
8.473668204205901e+28	90.0	3.368	39.672	20.52	12.459763776601726	509	901	90	5	87	45	90	3	29	15	11973	0	0.18748760223388672	255000	100.28204274177551	220651	13.470196078431371	
4.674213715121309e+27	90.0	3.334	38.686	20.01	12.459763776601726	510	901	90	5	87	45	90	3	29	15	11993	0	0.1874866485595703	255500	100.46952939033508	221082	13.470841487279841	
6.202988711534195e+25	90.0	3.394	40.426	20.91	12.459763776601726	511	901	90	5	87	45	90	3	29	15	12022	0	0.21874618530273438	256000	100.68827557563782	221506	13.474218750000006	
7.509955538251777e+38	90.0	3.368	39.672	20.52	12.459763776601726	512	901	90	5	87	45	90	3	29	15	12051	0	0.17185306549072266	256500	100.86012864112854	221926	13.479142300194937	
1.937594538333337e+41	90.0	3.39	40.31	20.85	12.459763776601726	513	901	90	5	87	45	90	3	29	15	12076	0	0.2031102180480957	257000	101.06323885917664	222355	13.480544747081709	
2.225791891891905e+28	90.0	3.372	39.788	20.58	12.459763776601726	514	901	90	5	87	45	90	3	29	15	12096	0	0.18748760223388672	257500	101.25072646141052	222791	13.479223300970872	
750006330.1832967	90.0	3.402	40.658	21.03	12.438566731245688	515	901	90	5	87	45	90	3	29	15	12126	0	0.2031111717224121	258000	101.45383763313293	223219	13.48100775193798	
2.906830940546628e+24	90.0	3.422	41.238	21.33	12.438566731245688	516	901	90	5	87	45	90	3	29	15	12150	0	0.203110933303833	258500	101.65694856643677	223661	13.477369439071566	
1.2871003820242765e+34	90.0	3.438	41.702	21.57	12.438566731245688	517	901	90	5	87	45	90	3	29	15	12183	0	0.20311284065246582	259000	101.86006140708923	224093	13.477606177606177	
1.8130294876359335e+24	90.0	3.386	40.194	20.79	12.438566731245688	518	901	90	5	87	45	90	3	29	15	12204	0	0.1718614101409912	259500	102.03192281723022	224521	13.479383429672438	
9.137658597832533e+36	90.0	3.384	40.136	20.76	12.438566731245688	519	901	90	5	87	45	90	3	29	15	12228	0	0.15624046325683594	260000	102.18816328048706	224962	13.47615384615385	
3.7010130818173343e+27	90.0	3.392	40.368	20.88	12.438566731245688	520	901	90	5	87	45	90	3	29	15	12257	0	0.2031106948852539	260500	102.39127397537231	225405	13.472168905950099	
9.87118647364932e+28	90.0	3.39	40.31	20.85	12.438566731245688	521	901	90	5	87	45	90	3	29	15	12286	0	0.14061474800109863	261000	102.53188872337341	225825	13.477011494252878	
8015571107302730.0	90.0	3.376	39.904	20.64	12.438566731245688	522	901	90	5	87	45	90	3	29	15	12314	0	0.2031114101409912	261500	102.7350001335144	226261	13.47571701720841	
1.879576412339548e+36	90.0	3.338	38.802	20.07	12.438566731245688	523	901	90	5	87	45	90	3	29	15	12335	0	0.2031106948852539	262000	102.93811082839966	226687	13.478244274809157	
2.9971997789614395e+32	90.0	3.368	39.672	20.52	12.438566731245688	524	901	90	5	87	45	90	3	29	15	12352	0	0.18748760223388672	262500	103.12559843063354	227123	13.476952380952383	
9.570423023996796e+22	90.0	3.374	39.846	20.61	12.438566731245688	525	901	90	5	87	45	90	3	29	15	12373	0	0.1874861717224121	263000	103.31308460235596	227573	13.470342205323192	
1.0539127020305269e+17	90.0	3.354	39.266	20.31	12.438566731245688	526	901	90	5	87	45	90	3	29	15	12400	0	0.18748879432678223	263500	103.50057339668274	228009	13.469070208728652	
5.670653312656e+22	90.0	3.37	39.73	20.55	12.438566731245688	527	901	90	5	87	45	90	3	29	15	12432	0	0.15623927116394043	264000	103.65681266784668	228430	13.473484848484844	
5.1068690586564954e+17	90.0	3.37	39.73	20.55	12.438566731245688	528	901	90	5	87	45	90	3	29	15	12457	0	0.2031104564666748	264500	103.85992312431335	228860	13.474480151228732	
1.4868118486900933e+37	90.0	3.362	39.498	20.43	12.438566731245688	529	901	90	5	87	45	90	3	29	15	12487	0	0.1522989273071289	265000	104.01222205162048	229296	13.473207547169807	
5.105215603678556e+22	90.0	3.374	39.846	20.61	12.438566731245688	530	901	90	5	87	45	90	3	29	15	12506	0	0.18748807907104492	265500	104.19971013069153	229742	13.468173258003773	
8.935215724208832e+20	90.0	3.354	39.266	20.31	12.438566731245688	531	901	90	5	87	45	90	3	29	15	12525	0	0.15623855590820312	266000	104.35594868659973	230183	13.46503759398496	
6.124694747774416e+23	90.0	3.38	40.02	20.7	12.438566731245688	532	901	90	5	87	45	90	3	29	15	12550	0	0.2031114101409912	266500	104.55906009674072	230631	13.459287054409003	
2.674623546060105e+17	90.0	3.374	39.846	20.61	12.438566731245688	533	901	90	5	87	45	90	3	29	15	12576	0	0.17186379432678223	267000	104.7309238910675	231053	13.463295880149815	
2.3333148886976436e+37	90.0	3.416	41.064	21.24	12.438566731245688	534	901	90	5	87	45	90	3	29	15	12599	0	0.1718616485595703	267500	104.90278553962708	231496	13.459439252336452	
1.0318471348722722e+37	90.0	3.418	41.122	21.27	12.438566731245688	535	901	90	5	87	45	90	3	29	15	12629	0	0.17186355590820312	268000	105.07464909553528	231922	13.461940298507457	
2.2553147480124883e+44	90.0	3.476	42.804	22.14	12.438566731245688	536	901	90	5	87	45	90	3	29	15	12654	0	0.18748807907104492	268500	105.26213717460632	232361	13.459590316573554	
5.26669064974714e+24	90.0	3.442	41.818	21.63	12.438566731245688	537	901	90	5	87	45	90	3	29	15	12680	0	0.17186236381530762	269000	105.43399953842163	232804	13.455762081784385	
1.2373614845514766e+36	90.0	3.49	43.21	22.35	12.438566731245688	538	901	90	5	87	45	90	3	29	15	12717	0	0.2187349796295166	269500	105.65273451805115	233225	13.460111317254174	
4.903151951489515e+31	90.0	3.466	42.514	21.99	12.438566731245688	539	901	90	5	87	45	90	3	29	15	12740	0	0.18748712539672852	270000	105.84022164344788	233659	13.459629629629632	
1.1977236844865938e+39	90.0	3.448	41.992	21.72	12.438566731245688	540	901	90	5	87	45	90	3	29	15	12774	0	0.15624022483825684	270500	105.99646186828613	234081	13.463585951940843	
5.522483003390257e+36	90.0	3.444	41.876	21.66	12.438566731245688	541	901	90	5	87	45	90	3	29	15	12806	0	0.1874864101409912	271000	106.18394827842712	234501	13.46826568265682	
5.49719769743077e+16	90.0	3.43	41.47	21.45	12.438566731245688	542	901	90	5	87	45	90	3	29	15	12832	0	0.18748712539672852	271500	106.37143540382385	234941	13.465561694290969	
4.518967824136919e+27	90.0	3.462	42.398	21.93	12.438566731245688	543	901	90	5	87	45	90	3	29	15	12860	0	0.2031111717224121	272000	106.57454657554626	235365	13.46875	
2.7118105356803034e+38	90.0	3.376	39.904	20.64	12.438566731245688	544	901	90	5	87	45	90	3	29	15	12888	0	0.2187349796295166	272500	106.79328155517578	235795	13.469724770642202	
1.4794651885495827e+38	90.0	3.36	39.44	20.4	12.438566731245688	545	901	90	5	87	45	90	3	29	15	12909	0	0.20312070846557617	273000	106.99640226364136	236233	13.467765567765568	
6.794802185340879e+26	90.0	3.312	38.048	19.68	12.438566731245688	546	901	90	5	87	45	90	3	29	15	12926	0	0.17185449600219727	273500	107.16825675964355	236666	13.46764168190127	
1.7052338483978296e+25	90.0	3.28	37.12	19.2	12.438566731245688	547	901	90	5	87	45	90	3	29	15	12948	0	0.17186260223388672	274000	107.34011936187744	237098	13.467883211678839	
1.113009938417557e+31	90.0	3.338	38.802	20.07	12.438566731245688	548	901	90	5	87	45	90	3	29	15	12966	0	0.17186307907104492	274500	107.51198244094849	237518	13.472495446265938	
7.250976596917972e+29	90.0	3.376	39.904	20.64	12.438566731245688	549	901	90	5	87	45	90	3	29	15	12987	0	0.17186307907104492	275000	107.68384552001953	237946	13.474181818181819	
7.507293297705034e+24	90.0	3.316	38.164	19.74	12.438566731245688	550	901	90	5	87	45	90	3	29	15	13001	0	0.18748712539672852	275500	107.87133264541626	238386	13.471506352087118	
2.237835435433437e+22	90.0	3.318	38.222	19.77	12.438566731245688	551	901	90	5	87	45	90	3	29	15	13034	0	0.2031116485595703	276000	108.07444429397583	238802	13.47753623188406	
8.452946616558814e+31	90.0	3.318	38.222	19.77	12.438566731245688	552	901	90	5	87	45	90	3	29	15	13051	0	0.24998259544372559	276500	108.32442688941956	239234	13.477757685352614	
3.209995656213067e+38	90.0	3.398	40.542	20.97	12.438566731245688	553	901	90	5	87	45	90	3	29	15	13077	0	0.2031104564666748	277000	108.52753734588623	239679	13.473285198555956	
8.750152069682895e+44	90.0	3.434	41.586	21.51	12.438566731245688	554	901	90	5	87	45	90	3	29	15	13114	0	0.17186522483825684	277500	108.69940257072449	240102	13.476756756756757	
857901918.7330412	90.0	3.394	40.426	20.91	12.438566731245688	555	901	90	5	87	45	90	3	29	15	13139	0	0.14061546325683594	278000	108.84001803398132	240535	13.476618705035975	
5.684564202408667e+20	90.0	3.412	40.948	21.18	12.438566731245688	556	901	90	5	87	45	90	3	29	15	13165	0	0.17186188697814941	278500	109.01187992095947	240972	13.475044883303411	
3.619844790824096e+36	90.0	3.384	40.136	20.76	12.438566731245688	557	901	90	5	87	45	90	3	29	15	13192	0	0.15624403953552246	279000	109.168123960495	241400	13.476702508960571	
1.306678272804136e+25	90.0	3.342	38.918	20.13	12.438566731245688	558	901	90	5	87	45	90	3	29	15	13216	0	0.1874828338623047	279500	109.3556067943573	241828	13.478354203935595	
8.865089208936054e+35	90.0	3.336	38.744	20.04	12.438566731245688	559	901	90	5	87	45	90	3	29	15	13233	0	0.15623855590820312	280000	109.5118453502655	242269	13.475357142857149	
1.4696452948776142e+16	90.0	3.294	37.526	19.41	12.438566731245688	560	901	90	5	87	45	90	3	29	15	13252	0	0.18748903274536133	280500	109.69933438301086	242705	13.474153297682705	
1.4166448859994992e+30	90.0	3.366	39.614	20.49	12.438566731245688	561	901	90	5	87	45	90	3	29	15	13285	0	0.2031095027923584	281000	109.90244388580322	243126	13.478291814946616	
1.7845402917076505e+22	90.0	3.37	39.73	20.55	12.438566731245688	562	901	90	5	87	45	90	3	29	15	13306	0	0.18748736381530762	281500	110.08993124961853	243561	13.477442273534635	
7.143415146505761e+22	90.0	3.364	39.556	20.46	12.438566731245688	563	901	90	5	87	45	90	3	29	15	13326	0	0.17186284065246582	282000	110.261794090271	243994	13.477304964539002	
6.007466677871186e+24	90.0	3.348	39.092	20.22	12.438566731245688	564	901	90	5	87	45	90	3	29	15	13341	0	0.17186355590820312	282500	110.4336576461792	244435	13.474336283185835	
7.205666216216229e+33	90.0	3.332	38.628	19.98	12.438566731245688	565	901	90	5	87	45	90	3	29	15	13361	0	0.17186331748962402	283000	110.60552096366882	244866	13.474911660777394	
1.0124226625008746e+29	90.0	3.292	37.468	19.38	12.438566731245688	566	901	90	5	87	45	90	3	29	15	13381	0	0.18471121788024902	283500	110.79023218154907	245300	13.474426807760139	
33969979569890.04	90.0	3.264	36.656	18.96	12.438566731245688	567	901	90	5	87	45	90	3	29	15	13397	0	0.15623903274536133	284000	110.94647121429443	245736	13.473239436619721	
1.4201628967919921e+23	90.0	3.304	37.816	19.56	12.438566731245688	568	901	90	5	87	45	90	3	29	15	13413	0	0.17186331748962402	284500	111.11833453178406	246176	13.470650263620385	
1.1161409840390922e+19	90.0	3.302	37.758	19.53	12.438566731245688	569	901	90	5	87	45	90	3	29	15	13426	0	0.17186331748962402	285000	111.29019784927368	246614	13.46877192982457	
1.643606289733067e+21	90.0	3.342	38.918	20.13	12.438566731245688	570	901	90	5	87	45	90	3	29	15	13450	0	0.12499117851257324	285500	111.41518902778625	247042	13.470402802101574	
6.545922377894381e+17	90.0	3.302	37.758	19.53	12.438566731245688	571	901	90	5	87	45	90	3	29	15	13473	0	0.17186331748962402	286000	111.58705234527588	247473	13.47097902097903	
4.817161894500644e+40	90.0	3.288	37.352	19.32	12.438566731245688	572	901	90	5	87	45	90	3	29	15	13499	0	0.1812427043914795	286500	111.76829504966736	247910	13.469458987783597	
2.2304831179851805e+29	90.0	3.296	37.584	19.44	12.438566731245688	573	901	90	5	87	45	90	3	29	15	13518	0	0.15623950958251953	287000	111.92453455924988	248339	13.470731707317071	
6.894534295500486e+20	90.0	3.304	37.816	19.56	12.438566731245688	574	901	90	5	87	45	90	3	29	15	13542	0	0.2031099796295166	287500	112.1276445388794	248775	13.469565217391306	
3.3347490531805904e+16	90.0	3.33	38.57	19.95	12.438566731245688	575	901	90	5	87	45	90	3	29	15	13560	0	0.15624022483825684	288000	112.28388476371765	249215	13.467013888888886	
1.2665781539561253e+24	90.0	3.352	39.208	20.28	12.438566731245688	576	901	90	5	87	45	90	3	29	15	13585	0	0.1874861717224121	288500	112.47137093544006	249656	13.464124783362223	
5.673092653155253e+31	90.0	3.348	39.092	20.22	12.438566731245688	577	901	90	5	87	45	90	3	29	15	13614	0	0.15623927116394043	289000	112.627610206604	250081	13.466782006920425	
1.0004002899110003e+40	90.0	3.358	39.382	20.37	12.438566731245688	578	901	90	5	87	45	90	3	29	15	13641	0	0.17186450958251953	289500	112.79947471618652	250501	13.471157167530222	
1.9709507268322468e+19	90.0	3.34	38.86	20.1	12.438566731245688	579	901	90	5	87	45	90	3	29	15	13663	0	0.1874861717224121	290000	112.98696088790894	250933	13.471379310344815	
79727782970353.17	90.0	3.302	37.758	19.53	12.438566731245688	580	901	90	5	87	45	90	3	29	15	13683	0	0.21221184730529785	290500	113.19917273521423	251378	13.467125645438898	
1.907441082799962e+19	90.0	3.258	36.482	18.87	12.438566731245688	581	901	90	5	87	45	90	3	29	15	13701	0	0.14061665534973145	291000	113.33978939056396	251814	13.46597938144329	
1.630255439071298e+29	90.0	3.328	38.512	19.92	12.438566731245688	582	901	90	5	87	45	90	3	29	15	13724	0	0.14061474800109863	291500	113.48040413856506	252244	13.466895368782161	
4.268101502318915e+28	90.0	3.296	37.584	19.44	12.438566731245688	583	901	90	5	87	45	90	3	29	15	13749	0	0.17186307907104492	292000	113.65226721763611	252675	13.467465753424662	
1.058751909027731e+28	90.0	3.328	38.512	19.92	12.438566731245688	584	901	90	5	87	45	90	3	29	15	13768	0	0.17186355590820312	292500	113.82413077354431	253112	13.465982905982912	
8.055226017679573e+27	90.0	3.316	38.164	19.74	12.438566731245688	585	901	90	5	87	45	90	3	29	15	13787	0	0.2031116485595703	293000	114.02724242210388	253557	13.461774744027295	
3.1392405301873423e+32	90.0	3.372	39.788	20.58	12.438566731245688	586	901	90	5	87	45	90	3	29	15	13814	0	0.19752812385559082	293500	114.22477054595947	253988	13.462350936967638	
1.459905022775335e+17	90.0	3.386	40.194	20.79	12.438566731245688	587	901	90	5	87	45	90	3	29	15	13836	0	0.18748831748962402	294000	114.4122588634491	254417	13.46360544217687	
8.208456110520263e+29	90.0	3.368	39.672	20.52	12.438566731245688	588	901	90	5	87	45	90	3	29	15	13856	0	0.17186284065246582	294500	114.58412170410156	254836	13.468251273344663	
4.112752980401116e+32	90.0	3.414	41.006	21.21	12.438566731245688	589	901	90	5	87	45	90	3	29	15	13886	0	0.18748712539672852	295000	114.77160882949829	255271	13.467457627118634	
182322014470363.97	90.0	3.39	40.31	20.85	12.438566731245688	590	901	90	5	87	45	90	3	29	15	13908	0	0.2031114101409912	295500	114.97472023963928	255709	13.465651438240272	
1.2126887416092982e+22	90.0	3.366	39.614	20.49	12.438566731245688	591	901	90	5	87	45	90	3	29	15	13932	0	0.2187347412109375	296000	115.19345498085022	256146	13.464189189189185	
1.414562000448758e+37	90.0	3.294	37.526	19.41	12.438566731245688	592	901	90	5	87	45	90	3	29	15	13953	0	0.1815781593322754	296500	115.3750331401825	256579	13.464080944350755	
1.4695938261980039e+23	90.0	3.292	37.468	19.38	12.438566731245688	593	901	90	5	87	45	90	3	29	15	13976	0	0.18748879432678223	297000	115.56252193450928	257011	13.464309764309775	
2.3039224765592924e+18	90.0	3.348	39.092	20.22	12.438566731245688	594	901	90	5	87	45	90	3	29	15	13992	0	0.1874852180480957	297500	115.75000715255737	257460	13.458823529411774	
1.4293987471902744e+39	90.0	3.412	40.948	21.18	12.438566731245688	595	901	90	5	87	45	90	3	29	15	14022	0	0.15623950958251953	298000	115.90624666213989	257889	13.46006711409396	
3.5550145397122736e+21	90.0	3.402	40.658	21.03	12.438566731245688	596	901	90	5	87	45	90	3	29	15	14052	0	0.17186284065246582	298500	116.07810950279236	258317	13.461641541038531	
1.8086541015954393e+27	90.0	3.324	38.396	19.86	12.438566731245688	597	901	90	5	87	45	90	3	29	15	14075	0	0.17186546325683594	299000	116.2499749660492	258750	13.461538461538453	
7.52248094132925e+21	90.0	3.326	38.454	19.89	12.438566731245688	598	901	90	5	87	45	90	3	29	15	14105	0	0.1874852180480957	299500	116.43746018409729	259174	13.464440734557598	
1.5611374392914582e+29	90.0	3.322	38.338	19.83	12.438566731245688	599	901	90	5	87	45	90	3	29	15	14126	0	0.18748736381530762	300000	116.6249475479126	259603	13.465666666666664	
5.607413781240476e+34	90.0	3.318	38.222	19.77	12.438566731245688	600	901	90	5	87	45	90	3	29	15	14147	0	0.2031114101409912	300500	116.82805895805359	260034	13.466222961730452	
1.1292412840178577e+28	90.0	3.386	40.194	20.79	12.438566731245688	601	901	90	5	87	45	90	3	29	15	14170	0	0.1874866485595703	301000	117.01554560661316	260466	13.466445182724257	
1020704167082422.0	90.0	3.324	38.396	19.86	12.438566731245688	602	901	90	5	87	45	90	3	29	15	14190	0	0.18748688697814941	301500	117.20303249359131	260902	13.465339966832502	
1.0551318209242959e+28	90.0	3.336	38.744	20.04	12.438566731245688	603	901	90	5	87	45	90	3	29	15	14216	0	0.17186355590820312	302000	117.37489604949951	261330	13.466887417218544	
6.2804108788008665e+19	90.0	3.364	39.556	20.46	12.438566731245688	604	901	90	5	87	45	90	3	29	15	14239	0	0.17186355590820312	302500	117.54675960540771	261766	13.465785123966938	
4.679577290316435e+19	90.0	3.396	40.484	20.94	12.438566731245688	605	901	90	5	87	45	90	3	29	15	14262	0	0.15623950958251953	303000	117.70299911499023	262191	13.468316831683168	
452295864404.69653	90.0	3.336	38.744	20.04	12.438566731245688	606	901	90	5	87	45	90	3	29	15	14278	0	0.196807861328125	303500	117.89980697631836	262620	13.469522240527183	
2.5847281355607586e+27	90.0	3.328	38.512	19.92	12.438566731245688	607	901	90	5	87	45	90	3	29	15	14300	0	0.18748760223388672	304000	118.08729457855225	263047	13.471381578947373	
1.7079065030107867e+19	90.0	3.344	38.976	20.16	12.438566731245688	608	901	90	5	87	45	90	3	29	15	14330	0	0.2031104564666748	304500	118.29040503501892	263461	13.477504105090304	
43580079640.80068	90.0	3.302	37.758	19.53	12.438566731245688	609	901	90	5	87	45	90	3	29	15	14346	0	0.18748736381530762	305000	118.47789239883423	263903	13.474426229508197	
4.9865909269437936e+29	90.0	3.37	39.73	20.55	12.438566731245688	610	901	90	5	87	45	90	3	29	15	14367	0	0.2187361717224121	305500	118.69662857055664	264341	13.472667757774133	
1.7552668240752395e+28	90.0	3.324	38.396	19.86	12.438566731245688	611	901	90	5	87	45	90	3	29	15	14385	0	0.2031111717224121	306000	118.89973974227905	264776	13.471895424836603	
4.8624330169278954e+36	90.0	3.346	39.034	20.19	12.438566731245688	612	901	90	5	87	45	90	3	29	15	14408	0	0.15623784065246582	306500	119.05597758293152	265206	13.472756933115832	
1.1583069960884423e+24	90.0	3.318	38.222	19.77	12.438566731245688	613	901	90	5	87	45	90	3	29	15	14435	0	0.17186379432678223	307000	119.2278413772583	265624	13.477524429967431	
124472780542982.5	90.0	3.302	37.758	19.53	12.438566731245688	614	901	90	5	87	45	90	3	29	15	14449	0	0.2031111717224121	307500	119.43095254898071	266062	13.475772357723585	
1.6891410016591027e+29	90.0	3.328	38.512	19.92	12.438566731245688	615	901	90	5	87	45	90	3	29	15	14469	0	0.18748736381530762	308000	119.61843991279602	266491	13.476948051948057	
38604005932242.64	90.0	3.38	40.02	20.7	12.438566731245688	616	901	90	5	87	45	90	3	29	15	14498	0	0.15623831748962402	308500	119.77467823028564	266914	13.480064829821714	
6.745466915336778e+38	90.0	3.338	38.802	20.07	12.438566731245688	617	901	90	5	87	45	90	3	29	15	14514	0	0.20311474800109863	309000	119.97779297828674	267358	13.476375404530756	
1.0188736711786784e+16	90.0	3.34	38.86	20.1	12.438566731245688	618	901	90	5	87	45	90	3	29	15	14534	0	0.14061379432678223	309500	120.11840677261353	267789	13.476898222940221	
1.436938244308252e+32	90.0	3.394	40.426	20.91	12.438566731245688	619	901	90	6	116	60	90	3	29	15	14552	0	0.17186212539672852	310000	120.29026889801025	268227	13.475161290322575	
5.63143182448763e+25	90.0	3.482	42.978	22.23	12.438566731245688	620	901	90	5	87	45	90	3	29	15	14575	0	0.2187354564666748	310500	120.50900435447693	268676	13.469887278582931	
3.5760574728668356e+24	90.0	3.462	42.398	21.93	12.438566731245688	621	901	90	5	87	45	90	3	29	15	14607	0	0.17186355590820312	311000	120.68086791038513	269103	13.471704180064307	
2.807539920969887e+38	90.0	3.44	41.76	21.6	12.438566731245688	622	901	90	5	87	45	90	3	29	15	14639	0	0.17186331748962402	311500	120.85273122787476	269524	13.475441412520055	
1.5045084226221907e+27	90.0	3.48	42.92	22.2	12.438566731245688	623	901	90	5	87	45	90	3	29	15	14662	0	0.2031099796295166	312000	121.05584120750427	269963	13.47339743589744	
1.1366171351647179e+26	90.0	3.436	41.644	21.54	12.438566731245688	624	901	90	5	87	45	90	3	29	15	14689	0	0.20311236381530762	312500	121.25895357131958	270399	13.47232000000001	
9.192244382844848e+26	90.0	3.442	41.818	21.63	12.438566731245688	625	901	90	5	87	45	90	3	29	15	14715	0	0.17186236381530762	313000	121.43081593513489	270831	13.472523961661338	
4.7439091253929536e+24	90.0	3.43	41.47	21.45	12.438566731245688	626	901	90	5	87	45	90	3	29	15	14736	0	0.18748736381530762	313500	121.6183032989502	271262	13.473046251993622	
5.030590153186113e+44	90.0	3.374	39.846	20.61	12.438566731245688	627	901	90	5	87	45	90	3	29	15	14761	0	0.2031114101409912	314000	121.82141470909119	271702	13.47070063694268	
4.988668568708927e+44	90.0	3.356	39.324	20.34	12.438566731245688	628	901	90	5	87	45	90	3	29	15	14782	0	0.18748688697814941	314500	122.00890159606934	272140	13.468998410174876	
4.261917150274009e+31	90.0	3.374	39.846	20.61	12.438566731245688	629	901	90	5	87	45	90	3	29	15	14806	0	0.14061617851257324	315000	122.14951777458191	272577	13.467619047619053	
5.232750723901414e+34	90.0	3.436	41.644	21.54	12.438566731245688	630	901	90	5	87	45	90	3	29	15	14833	0	0.17186260223388672	315500	122.3213803768158	273006	13.468779714738517	
6.317786523261406e+44	90.0	3.494	43.326	22.41	12.438566731245688	631	901	90	5	87	45	90	3	29	15	14867	0	0.2187356948852539	316000	122.54011607170105	273431	13.47120253164556	
2.141879848918005e+43	90.0	3.368	39.672	20.52	12.438566731245688	632	901	90	5	87	45	90	3	29	15	14880	0	0.15623927116394043	316500	122.69635534286499	273878	13.466666666666669	
1.9733171225837858e+33	90.0	3.366	39.614	20.49	12.438566731245688	633	901	90	5	87	45	90	3	29	15	14903	0	0.2031097412109375	317000	122.89946508407593	274317	13.464668769716098	
1.9787275335477739e+40	90.0	3.352	39.208	20.28	12.438566731245688	634	901	90	5	87	45	90	3	29	15	14923	0	0.19731545448303223	317500	123.09678053855896	274753	13.463622047244101	
8.20650346052831e+16	90.0	3.388	40.252	20.82	12.438566731245688	635	901	90	5	87	45	90	3	29	15	14957	0	0.15623998641967773	318000	123.25302052497864	275175	13.466981132075475	
9.306433049839863e+37	90.0	3.37	39.73	20.55	12.438566731245688	636	901	90	5	87	45	90	3	29	15	14981	0	0.18749666213989258	318500	123.44051718711853	275605	13.46781789638932	
4.933639512475319e+34	90.0	3.362	39.498	20.43	12.438566731245688	637	901	90	5	87	45	90	3	29	15	15004	0	0.18747687339782715	319000	123.62799406051636	276035	13.46865203761756	
2.9449466297246794e+29	90.0	3.334	38.686	20.01	12.438566731245688	638	901	90	5	87	45	90	3	29	15	15027	0	0.2187361717224121	319500	123.84673023223877	276465	13.46948356807512	
3.6609790944020096e+37	90.0	3.334	38.686	20.01	12.438566731245688	639	901	90	5	87	45	90	3	29	15	15046	0	0.2187342643737793	320000	124.06546449661255	276907	13.466562499999995	
3.4956405366137065e+45	90.0	3.278	37.062	19.17	12.438566731245688	640	901	90	5	87	45	90	3	29	15	15068	0	0.18748712539672852	320500	124.25295162200928	277328	13.470202808112319	
4.162148933038045e+31	90.0	3.274	36.946	19.11	12.438566731245688	641	901	90	5	87	45	90	3	29	15	15089	0	0.2031114101409912	321000	124.45606303215027	277739	13.476947040498445	
3.260541753726209e+17	90.0	3.35	39.15	20.25	12.438566731245688	642	901	90	5	87	45	90	3	29	15	15109	0	0.17186498641967773	321500	124.62792801856995	278171	13.47713841368585	
1.0807570191046314e+17	90.0	3.37	39.73	20.55	12.438566731245688	643	901	90	5	87	45	90	3	29	15	15136	0	0.1874854564666748	322000	124.81541347503662	278589	13.481677018633548	
153104605004507.47	90.0	3.356	39.324	20.34	12.438566731245688	644	901	90	5	87	45	90	3	29	15	15160	0	0.2031106948852539	322500	125.01852416992188	279024	13.480930232558137	
55675461301905.87	90.0	3.392	40.368	20.88	12.438566731245688	645	901	90	5	87	45	90	3	29	15	15185	0	0.15624022483825684	323000	125.17476439476013	279450	13.482972136222912	
3.575296172591258e+31	90.0	3.294	37.526	19.41	12.438566731245688	646	901	90	5	87	45	90	3	29	15	15205	0	0.14061498641967773	323500	125.31537938117981	279878	13.484389489953628	
2.254758958353209e+33	90.0	3.304	37.816	19.56	12.438566731245688	647	901	90	5	87	45	90	3	29	15	15222	0	0.14061474800109863	324000	125.45599412918091	280309	13.484876543209879	
4.926616211219519e+35	90.0	3.304	37.816	19.56	12.438566731245688	648	901	90	6	116	60	90	3	29	15	15247	0	0.1655879020690918	324500	125.62158203125	280742	13.484745762711867	
3.4956405342613516e+25	90.0	3.314	38.106	19.71	12.438566731245688	649	901	90	5	87	45	90	3	29	15	15269	0	0.20311307907104492	325000	125.82469511032104	281177	13.483999999999995	
5.723909020253166e+21	90.0	3.348	39.092	20.22	12.438566731245688	650	901	90	5	87	45	90	3	29	15	15298	0	0.1562364101409912	325500	125.98093152046204	281603	13.486021505376343	
8.026492852570284e+28	90.0	3.332	38.628	19.98	12.438566731245688	651	901	90	5	87	45	90	3	29	15	15314	0	0.20311784744262695	326000	126.18404936790466	282034	13.486503067484662	
3.3358639462293742e+34	90.0	3.35	39.15	20.25	12.438566731245688	652	901	90	5	87	45	90	3	29	15	15345	0	0.1406099796295166	326500	126.32465934753418	282459	13.488820826952534	
1877188030035.0344	90.0	3.364	39.556	20.46	12.438566731245688	653	901	90	5	87	45	90	3	29	15	15370	0	0.15623831748962402	327000	126.4808976650238	282891	13.488990825688077	
3.820213974354488e+25	90.0	3.374	39.846	20.61	12.438566731245688	654	901	90	5	87	45	90	3	29	15	15398	0	0.1994175910949707	327500	126.68031525611877	283320	13.490076335877859	
4.017282659388835e+28	90.0	3.382	40.078	20.73	12.438566731245688	655	901	90	6	116	60	90	3	29	15	15425	0	0.15623784065246582	328000	126.83655309677124	283749	13.491158536585374	
4.929192905482231e+30	90.0	3.388	40.252	20.82	12.438566731245688	656	901	90	5	87	45	90	3	29	15	15443	0	0.17186307907104492	328500	127.00841617584229	284191	13.4882800608828	
1.630908608575428e+43	90.0	3.492	43.268	22.38	12.438566731245688	657	901	90	5	87	45	90	3	29	15	15487	0	0.17186331748962402	329000	127.18027949333191	284610	13.492401215805472	
48028241742160.68	90.0	3.496	43.384	22.44	12.438566731245688	658	901	90	5	87	45	90	3	29	15	15523	0	0.2187364101409912	329500	127.3990159034729	285036	13.49438543247345	
3.7971932014896018e+34	90.0	3.43	41.47	21.45	12.438566731245688	659	901	90	6	116	60	90	3	29	15	15547	0	0.2187345027923584	330000	127.61775040626526	285467	13.49484848484849	
7.916970116425005e+34	90.0	3.484	43.036	22.26	12.438566731245688	660	901	90	5	87	45	90	3	29	15	15584	0	0.2031106948852539	330500	127.82086110115051	285888	13.498335854765514	
166648176867939.6	90.0	3.468	42.572	22.02	12.438566731245688	661	901	90	6	116	60	90	3	29	15	15613	0	0.15623950958251953	331000	127.97710061073303	286320	13.498489425981873	
4.923484569355414e+43	90.0	3.47	42.63	22.05	12.438566731245688	662	901	90	5	87	45	90	3	29	15	15643	0	0.20311260223388672	331500	128.18021321296692	286767	13.494117647058829	
1.2301221386643369e+35	90.0	3.38	40.02	20.7	12.438566731245688	663	901	90	6	116	60	90	3	29	15	15672	0	0.15623784065246582	332000	128.33645105361938	287192	13.496385542168682	
1.9883971382579622e+40	90.0	3.384	40.136	20.76	12.438566731245688	664	901	90	5	87	45	90	3	29	15	15696	0	0.2031106948852539	332500	128.53956174850464	287628	13.495338345864667	
4.104430472350376e+40	90.0	3.362	39.498	20.43	12.438566731245688	665	901	90	5	87	45	90	3	29	15	15725	0	0.17186355590820312	333000	128.71142530441284	288066	13.4936936936937	
4.863852874165052e+18	90.0	3.398	40.542	20.97	12.438566731245688	666	901	90	6	116	60	90	3	29	15	15753	0	0.17186307907104492	333500	128.8832883834839	288500	13.493253373313337	
4.619722642980813e+24	90.0	3.39	40.31	20.85	12.438566731245688	667	901	90	5	87	45	90	3	29	15	15775	0	0.21873712539672852	334000	129.10202550888062	288930	13.4940119760479	
1.3092433572549119e+24	90.0	3.302	37.758	19.53	12.438566731245688	668	901	90	5	87	45	90	3	29	15	15797	0	0.1874861717224121	334500	129.28951168060303	289363	13.493871449925265	
4.116052459427454e+20	90.0	3.308	37.932	19.62	12.438566731245688	669	901	90	5	87	45	90	3	29	15	15820	0	0.14061450958251953	335000	129.43012619018555	289793	13.494626865671648	
230142165993.58804	90.0	3.344	38.976	20.16	12.438566731245688	670	901	90	5	87	45	90	3	29	15	15837	0	0.15623927116394043	335500	129.5863654613495	290230	13.493293591654236	
5.203212762760779e+33	90.0	3.354	39.266	20.31	12.438566731245688	671	901	90	5	87	45	90	3	29	15	15860	0	0.203110933303833	336000	129.78947639465332	290666	13.492261904761904	
326224639.7578919	90.0	3.368	39.672	20.52	12.438566731245688	672	901	90	5	87	45	90	3	29	15	15885	0	0.18748712539672852	336500	129.97696352005005	291103	13.490936106983654	
3.3856567323930164e+33	90.0	3.386	40.194	20.79	12.438566731245688	673	901	90	5	87	45	90	3	29	15	15919	0	0.20311236381530762	337000	130.18007588386536	291528	13.493175074183966	
1.6044546588950348e+19	90.0	3.366	39.614	20.49	12.438566731245688	674	901	90	5	87	45	90	3	29	15	15943	0	0.1874866485595703	337500	130.36756253242493	291958	13.493925925925936	
1350247571368.5696	90.0	3.368	39.672	20.52	12.438566731245688	675	901	90	6	116	60	90	3	29	15	15964	0	0.17186355590820312	338000	130.53942608833313	292388	13.494674556213013	
3.984605767122037e+24	90.0	3.362	39.498	20.43	12.438566731245688	676	901	90	5	87	45	90	3	29	15	15989	0	0.203110933303833	338500	130.74253702163696	292814	13.496602658788774	
4.963250374311711e+28	90.0	3.338	38.802	20.07	12.438566731245688	677	901	90	5	87	45	90	3	29	15	16006	0	0.2031102180480957	339000	130.94564723968506	293251	13.495280235988204	
2.5489280391833587e+29	90.0	3.306	37.874	19.59	12.438566731245688	678	901	90	5	87	45	90	3	29	15	16022	0	0.218735933303833	339500	131.1643831729889	293678	13.496907216494847	
6.744539106976157e+26	90.0	3.282	37.178	19.23	12.438566731245688	679	901	90	5	87	45	90	3	29	15	16033	0	0.1874866485595703	340000	131.35186982154846	294113	13.496176470588239	
1.788272012238289e+30	90.0	3.292	37.468	19.38	12.438566731245688	680	901	90	5	87	45	90	3	29	15	16053	0	0.20311713218688965	340500	131.55498695373535	294551	13.49456681350955	
2.9188777631257952e+35	90.0	3.34	38.86	20.1	12.438566731245688	681	901	90	5	87	45	90	3	29	15	16072	0	0.19765043258666992	341000	131.75263738632202	294992	13.492082111436957	
1.8274879918442756e+43	90.0	3.342	38.918	20.13	12.438566731245688	682	901	90	5	87	45	90	3	29	15	16098	0	0.15623974800109863	341500	131.90887713432312	295411	13.496046852122987	
2.520725991867523e+38	90.0	3.406	40.774	21.09	12.438566731245688	683	901	90	5	87	45	90	3	29	15	16128	0	0.15623950958251953	342000	132.06511664390564	295839	13.497368421052641	
125362455179782.31	90.0	3.364	39.556	20.46	12.438566731245688	684	901	90	5	87	45	90	3	29	15	16146	0	0.15623855590820312	342500	132.22135519981384	296284	13.493722627737228	
1.35371138284825e+31	90.0	3.348	39.092	20.22	12.438566731245688	685	901	90	5	87	45	90	3	29	15	16172	0	0.1972208023071289	343000	132.41857600212097	296721	13.492419825072886	
4.447167620239964e+28	90.0	3.378	39.962	20.67	12.438566731245688	686	901	90	5	87	45	90	3	29	15	16197	0	0.17186260223388672	343500	132.59043860435486	297152	13.49286754002911	
6.572161783491539e+23	90.0	3.334	38.686	20.01	12.438566731245688	687	901	90	5	87	45	90	3	29	15	16217	0	0.17186474800109863	344000	132.76230335235596	297582	13.493604651162798	
7.045077597869903e+21	90.0	3.404	40.716	21.06	12.438566731245688	688	901	90	5	87	45	90	3	29	15	16239	0	0.187485933303833	344500	132.9497892856598	298028	13.489695210449923	
2.404187315261664e+38	90.0	3.422	41.238	21.33	12.433848405013334	689	901	90	5	87	45	90	3	29	15	16262	0	0.203110933303833	345000	133.15290021896362	298458	13.490434782608702	
2.6670794116006186e+20	90.0	3.502	43.558	22.53	12.433848405013334	690	901	90	5	87	45	90	3	29	15	16292	0	0.1975257396697998	345500	133.35042595863342	298893	13.48972503617945	
2.5543693936340434e+45	90.0	3.59	46.11	23.85	12.433848405013334	691	901	90	5	87	45	90	3	29	15	16323	0	0.2031116485595703	346000	133.553537607193	299331	13.48815028901734	
6.393042816497016e+24	90.0	3.454	42.166	21.81	12.433848405013334	692	901	90	5	87	45	90	3	29	15	16346	0	0.18748688697814941	346500	133.74102449417114	299765	13.4877344877345	
1.3006183740144171e+17	90.0	3.418	41.122	21.27	12.433848405013334	693	901	90	5	87	45	90	3	29	15	16376	0	0.2343590259552002	347000	133.97538352012634	300191	13.489625360230548	
3.5516508403504108e+19	90.0	3.378	39.962	20.67	12.433848405013334	694	901	90	5	87	45	90	3	29	15	16401	0	0.18748927116394043	347500	134.16287279129028	300621	13.490359712230216	
1.7147575096294945e+19	90.0	3.318	38.222	19.77	12.433848405013334	695	901	90	5	87	45	90	3	29	15	16420	0	0.18131542205810547	348000	134.3441882133484	301058	13.489080459770122	
1.7969557554616923e+32	90.0	3.338	38.802	20.07	12.433848405013334	696	901	90	5	87	45	90	3	29	15	16433	0	0.2031106948852539	348500	134.54729890823364	301495	13.487804878048777	
600843551.3921976	90.0	3.35	39.15	20.25	12.433848405013334	697	901	90	5	87	45	90	3	29	15	16451	0	0.2031111717224121	349000	134.75041007995605	301926	13.488252148997134	
1.223485773471868e+35	90.0	3.302	37.758	19.53	12.433848405013334	698	901	90	5	87	45	90	3	29	15	16466	0	0.18749380111694336	349500	134.937903881073	302376	13.483261802575115	
1.9974996894973594e+30	90.0	3.414	41.006	21.21	12.433848405013334	699	901	90	5	87	45	90	3	29	15	16490	0	0.21873044967651367	350000	135.1566343307495	302814	13.48171428571429	
2.134991392405597e+30	90.0	3.428	41.412	21.42	12.433848405013334	700	901	90	5	87	45	90	3	29	15	16517	0	0.19863200187683105	350500	135.35526633262634	303237	13.484450784593434	
1.1815541136177598e+16	90.0	3.436	41.644	21.54	12.433848405013334	701	901	90	5	87	45	90	3	29	15	16550	0	0.18748760223388672	351000	135.54275393486023	303660	13.487179487179489	
2.7705459638929342e+32	90.0	3.422	41.238	21.33	12.433848405013334	702	901	90	5	87	45	90	3	29	15	16577	0	0.15623903274536133	351500	135.6989929676056	304096	13.486201991465151	
2.864187545169849e+37	90.0	3.34	38.86	20.1	12.433848405013334	703	901	90	5	87	45	90	3	29	15	16603	0	0.15623950958251953	352000	135.8552324771881	304527	13.486647727272725	
1.250000000094034e+46	90.0	3.388	40.252	20.82	12.433848405013334	704	901	90	5	87	45	90	3	29	15	16624	0	0.2031111717224121	352500	136.05834364891052	304960	13.486524822695031	
1.3228217518642137e+27	90.0	3.49	43.21	22.35	12.433848405013334	705	901	90	5	87	45	90	3	29	15	16655	0	0.2031111717224121	353000	136.26145482063293	305394	13.486118980169977	
646095423635.2627	90.0	3.402	40.658	21.03	12.433848405013334	706	901	90	5	87	45	90	3	29	15	16683	0	0.17186403274536133	353500	136.4333188533783	305835	13.483734087694486	
7.245235445632217e+30	90.0	3.448	41.992	21.72	12.433848405013334	707	901	90	5	87	45	90	3	29	15	16715	0	0.12499165534973145	354000	136.55831050872803	306272	13.482485875706217	
9.077439330566963e+17	90.0	3.436	41.644	21.54	12.433848405013334	708	901	90	5	87	45	90	3	29	15	16744	0	0.17186307907104492	354500	136.73017358779907	306707	13.481805359661493	
8.043249029371465e+33	90.0	3.446	41.934	21.69	12.433848405013334	709	901	90	5	87	45	90	3	29	15	16771	0	0.2031116485595703	355000	136.93328523635864	307137	13.482535211267617	
2.7888977712389163e+28	90.0	3.374	39.846	20.61	12.433848405013334	710	901	90	6	116	60	90	3	29	15	16800	0	0.15623807907104492	355500	137.0895233154297	307561	13.484950773558367	
8.5537692644421e+31	90.0	3.35	39.15	20.25	12.433848405013334	711	901	90	6	116	60	90	3	29	15	16831	0	0.15623974800109863	356000	137.2457630634308	307985	13.487359550561791	
3.713180961800589e+26	90.0	3.326	38.454	19.89	12.433848405013334	712	901	90	6	116	60	90	3	29	15	16856	0	0.19679951667785645	356500	137.44256258010864	308418	13.487237026647975	
2.176991370929512e+32	90.0	3.288	37.352	19.32	12.433848405013334	713	901	90	6	116	60	90	3	29	15	16885	0	0.12499094009399414	357000	137.56755352020264	308838	13.490756302521007	
7.27062683297591e+17	90.0	3.26	36.54	18.9	12.433848405013334	714	901	90	5	87	45	90	3	29	15	16906	0	0.17186236381530762	357500	137.73941588401794	309260	13.493706293706296	
1954140423776.7507	90.0	3.222	35.438	18.33	12.433848405013334	715	901	90	6	116	60	90	3	29	15	16921	0	0.12499237060546875	358000	137.8644082546234	309695	13.493016759776538	
1.1933992262187436e+19	90.0	3.27	36.83	19.05	12.433848405013334	716	901	90	5	87	45	90	3	29	15	16935	0	0.17186379432678223	358500	138.0362720489502	310138	13.490097629009767	
1.2143151444099659e+26	90.0	3.35	39.15	20.25	12.433848405013334	717	901	90	5	87	45	90	3	29	15	16953	0	0.17186260223388672	359000	138.20813465118408	310576	13.488579387186633	
1.3736997932997958e+24	90.0	3.344	38.976	20.16	12.433848405013334	718	901	90	5	87	45	90	3	29	15	16977	0	0.15623974800109863	359500	138.36437439918518	311000	13.490959666203068	
7438160133624046.0	90.0	3.406	40.774	21.09	12.433848405013334	719	901	90	5	87	45	90	3	29	15	16997	0	0.2187342643737793	360000	138.58310866355896	311440	13.48888888888888	
1.698422460075829e+36	90.0	3.36	39.44	20.4	12.433848405013334	720	901	90	5	87	45	90	3	29	15	17016	0	0.1874864101409912	360500	138.77059507369995	311880	13.486823855755887	
3.8955888461976237e+17	90.0	3.41	40.89	21.15	12.433848405013334	721	901	90	5	87	45	90	3	29	15	17038	0	0.2031114101409912	361000	138.97370648384094	312310	13.48753462603878	
1.3110123510877866e+29	90.0	3.344	38.976	20.16	12.433848405013334	722	901	90	5	87	45	90	3	29	15	17055	0	0.18748712539672852	361500	139.16119360923767	312755	13.484094052558788	
7.973582596701065e+32	90.0	3.364	39.556	20.46	12.433848405013334	723	901	90	5	87	45	90	3	29	15	17071	0	0.17186498641967773	362000	139.33305859565735	313199	13.48093922651934	
2.722483220802081e+28	90.0	3.402	40.658	21.03	12.433848405013334	724	901	90	5	87	45	90	3	29	15	17090	0	0.18748688697814941	362500	139.5205454826355	313639	13.478896551724134	
7.301546445388932e+34	90.0	3.424	41.296	21.36	12.433848405013334	725	901	90	5	87	45	90	3	29	15	17127	0	0.15623831748962402	363000	139.67678380012512	314061	13.481818181818184	
8.38294684635856e+26	90.0	3.396	40.484	20.94	12.433848405013334	726	901	90	6	116	60	90	3	29	15	17152	0	0.203110933303833	363500	139.87989473342896	314490	13.48280605226961	
4.7755268254024743e+33	90.0	3.472	42.688	22.08	12.433848405013334	727	901	90	5	87	45	90	3	29	15	17180	0	0.2187356948852539	364000	140.0986304283142	314918	13.484065934065939	
2.150925130813125e+37	90.0	3.472	42.688	22.08	12.433848405013334	728	901	90	5	87	45	90	3	29	15	17213	0	0.15623927116394043	364500	140.25486969947815	315344	13.485871056241422	
2.4398329920874775e+25	90.0	3.404	40.716	21.06	12.433848405013334	729	901	90	5	87	45	90	3	29	15	17244	0	0.17186236381530762	365000	140.42673206329346	315767	13.488493150684931	
1023876788.2658061	90.0	3.35	39.15	20.25	12.433848405013334	730	901	90	5	87	45	90	3	29	15	17272	0	0.2187352180480957	365500	140.64546728134155	316189	13.491381668946644	
3.2666679115492915e+28	90.0	3.35	39.15	20.25	12.433848405013334	731	901	90	5	87	45	90	3	29	15	17293	0	0.18748688697814941	366000	140.8329541683197	316632	13.488524590163934	
2059298185.4219816	90.0	3.334	38.686	20.01	12.433848405013334	732	901	90	5	87	45	90	3	29	15	17310	0	0.2187349796295166	366500	141.05168914794922	317073	13.486221009549794	
2.0687039866372233e+38	90.0	3.354	39.266	20.31	12.433848405013334	733	901	90	5	87	45	90	3	29	15	17332	0	0.18748736381530762	367000	141.23917651176453	317510	13.485013623978205	
6.705376528688099e+24	90.0	3.324	38.396	19.86	12.433848405013334	734	901	90	5	87	45	90	3	29	15	17358	0	0.15624046325683594	367500	141.39541697502136	317946	13.484081632653073	
493666347.8053799	90.0	3.322	38.338	19.83	12.433848405013334	735	901	90	5	87	45	90	3	29	15	17377	0	0.17186307907104492	368000	141.5672800540924	318384	13.482608695652175	
6.913837413562534e+20	90.0	3.312	38.048	19.68	12.433848405013334	736	901	90	5	87	45	90	3	29	15	17395	0	0.1874861717224121	368500	141.75476622581482	318821	13.481411126187254	
7.480607401250733e+29	90.0	3.288	37.352	19.32	12.433848405013334	737	901	90	5	87	45	90	3	29	15	17415	0	0.17186307907104492	369000	141.92662930488586	319254	13.481300813008133	
7993759527336271.0	90.0	3.288	37.352	19.32	12.433848405013334	738	901	90	5	87	45	90	3	29	15	17432	0	0.15623998641967773	369500	142.08286929130554	319673	13.484979702300407	
4.6895094503882664e+26	90.0	3.336	38.744	20.04	12.433848405013334	739	901	90	5	87	45	90	3	29	15	17458	0	0.18748807907104492	370000	142.2703573703766	320093	13.488378378378371	
8.542197515528292e+22	90.0	3.338	38.802	20.07	12.433848405013334	740	901	90	6	116	60	90	3	29	15	17478	0	0.2031102180480957	370500	142.47346758842468	320532	13.48663967611337	
5.111640864006183e+26	90.0	3.312	38.048	19.68	12.433848405013334	741	901	90	5	87	45	90	3	29	15	17499	0	0.2187356948852539	371000	142.69220328330994	320967	13.485983827493271	
1.6388159707724558e+37	90.0	3.306	37.874	19.59	12.433848405013334	742	901	90	5	87	45	90	3	29	15	17521	0	0.2031106948852539	371500	142.8953139781952	321394	13.487483176312239	
2.8942191063822746e+19	90.0	3.322	38.338	19.83	12.433848405013334	743	901	90	6	116	60	90	3	29	15	17546	0	0.15623950958251953	372000	143.0515534877777	321824	13.48817204301075	
7.746941731443245e+17	90.0	3.258	36.482	18.87	12.433848405013334	744	901	90	5	87	45	90	3	29	15	17557	0	0.18749380111694336	372500	143.23904728889465	322277	13.482684563758383	
7.38430008928354e+17	90.0	3.336	38.744	20.04	12.433848405013334	745	901	90	5	87	45	90	3	29	15	17577	0	0.20310330390930176	373000	143.44215059280396	322703	13.484450402144773	
5.555287331778361e+21	90.0	3.408	40.832	21.12	12.433848405013334	746	901	90	6	116	60	90	3	29	15	17604	0	0.18748807907104492	373500	143.629638671875	323129	13.486211512717546	
4.153448029472452e+18	90.0	3.386	40.194	20.79	12.433848405013334	747	901	90	5	87	45	90	3	29	15	17633	0	0.17186331748962402	374000	143.80150198936462	323562	13.48609625668449	
3.3655571072847437e+30	90.0	3.396	40.484	20.94	12.433848405013334	748	901	90	5	87	45	90	3	29	15	17654	0	0.20311331748962402	374500	144.00461530685425	323993	13.486515353805075	
1.463181553415339e+27	90.0	3.322	38.338	19.83	12.433848405013334	749	901	90	5	87	45	90	3	29	15	17679	0	0.24998164176940918	375000	144.25459694862366	324426	13.486400000000003	
1.2785882564419458e+32	90.0	3.342	38.918	20.13	12.433848405013334	750	901	90	5	87	45	90	3	29	15	17701	0	0.1874866485595703	375500	144.44208359718323	324854	13.487616511318251	
1.2263971643997223e+26	90.0	3.388	40.252	20.82	12.433848405013334	751	901	90	5	87	45	90	3	29	15	17730	0	0.2031102180480957	376000	144.64519381523132	325286	13.487765957446811	
3.188062733104214e+22	90.0	3.386	40.194	20.79	12.433848405013334	752	901	90	5	87	45	90	3	29	15	17749	0	0.17186307907104492	376500	144.81705689430237	325719	13.487649402390431	
4.763749397859859e+18	90.0	3.336	38.744	20.04	12.433848405013334	753	901	90	5	87	45	90	3	29	15	17770	0	0.2187366485595703	377000	145.03579354286194	326151	13.48779840848806	
2129956666.2184339	90.0	3.35	39.15	20.25	12.433848405013334	754	901	90	5	87	45	90	3	29	15	17793	0	0.20352697372436523	377500	145.2393205165863	326581	13.488476821192052	
3.385089916014102e+24	90.0	3.342	38.918	20.13	12.433848405013334	755	901	90	5	87	45	90	3	29	15	17818	0	0.2343595027923584	378000	145.47368001937866	327019	13.487037037037041	
2.2747177979426346e+30	90.0	3.302	37.758	19.53	12.433848405013334	756	901	90	5	87	45	90	3	29	15	17833	0	0.17186307907104492	378500	145.6455430984497	327448	13.48797886393659	
3.751900643224448e+33	90.0	3.32	38.28	19.8	12.433848405013334	757	901	90	5	87	45	90	3	29	15	17850	0	0.2343583106994629	379000	145.87990140914917	327878	13.488654353561998	
1.3525259439571188e+27	90.0	3.356	39.324	20.34	12.433848405013334	758	901	90	5	87	45	90	3	29	15	17871	0	0.2187361717224121	379500	146.09863758087158	328310	13.488801054018438	
506585860.17363447	90.0	3.326	38.454	19.89	12.433848405013334	759	901	90	5	87	45	90	3	29	15	17890	0	0.17186331748962402	380000	146.2705008983612	328745	13.488157894736844	
4.796538387061071e+25	90.0	3.318	38.222	19.77	12.433848405013334	760	901	90	5	87	45	90	3	29	15	17914	0	0.21873259544372559	380500	146.48923349380493	329177	13.488304862023654	
3256521258051.344	90.0	3.276	37.004	19.14	12.433848405013334	761	901	90	5	87	45	90	3	29	15	17930	0	0.18748736381530762	381000	146.67672085762024	329622	13.485039370078738	
3.2759680074224787e+28	90.0	3.266	36.714	18.99	12.433848405013334	762	901	90	5	87	45	90	3	29	15	17950	0	0.18749117851257324	381500	146.8642120361328	330054	13.485190039318482	
7.175973686357738e+28	90.0	3.264	36.656	18.96	12.433848405013334	763	901	90	5	87	45	90	3	29	15	17966	0	0.1562352180480957	382000	147.0204472541809	330486	13.485340314136124	
3548771768.364364	90.0	3.29	37.41	19.35	12.433848405013334	764	901	90	5	87	45	90	3	29	15	17982	0	0.17186355590820312	382500	147.1923108100891	330932	13.481830065359475	
6.8402120787452845e+40	90.0	3.312	38.048	19.68	12.433848405013334	765	901	90	5	87	45	90	3	29	15	17996	0	0.15623950958251953	383000	147.34855031967163	331369	13.480678851174929	
8.865688468909923e+26	90.0	3.306	37.874	19.59	12.433848405013334	766	901	90	5	87	45	90	3	29	15	18018	0	0.1874866485595703	383500	147.5360369682312	331800	13.481095176010427	
6.282200650376423e+24	90.0	3.29	37.41	19.35	12.433848405013334	767	901	90	5	87	45	90	3	29	15	18033	0	0.1658167839050293	384000	147.70185375213623	332237	13.479947916666674	
5.3164289102267176e+23	90.0	3.334	38.686	20.01	12.433848405013334	768	901	90	5	87	45	90	3	29	15	18052	0	0.18749022483825684	384500	147.8893439769745	332668	13.480364109232767	
1.0269121364121752e+27	90.0	3.356	39.324	20.34	12.433848405013334	769	901	90	5	87	45	90	3	29	15	18076	0	0.1718604564666748	385000	148.06120443344116	333091	13.482857142857142	
1.6157071398940071e+22	90.0	3.336	38.744	20.04	12.433848405013334	770	901	90	5	87	45	90	3	29	15	18099	0	0.203110933303833	385500	148.264315366745	333526	13.482230869001299	
1.615241152865464e+26	90.0	3.382	40.078	20.73	12.433848405013334	771	901	90	5	87	45	90	3	29	15	18121	0	0.12499117851257324	386000	148.38930654525757	333953	13.483678756476678	
2.634447760429147e+18	90.0	3.444	41.876	21.66	12.433848405013334	772	901	90	5	87	45	90	3	29	15	18152	0	0.20311260223388672	386500	148.59241914749146	334381	13.484864165588618	
178742050109992.12	90.0	3.454	42.166	21.81	12.433848405013334	773	901	90	6	116	60	90	3	29	15	18183	0	0.2031097412109375	387000	148.7955288887024	334817	13.483979328165375	
1.1924348430341007e+40	90.0	3.472	42.688	22.08	12.433848405013334	774	901	90	5	87	45	90	3	29	15	18221	0	0.2187349796295166	387500	149.0142638683319	335240	13.486451612903224	
8.077849813677962e+33	90.0	3.472	42.688	22.08	12.433848405013334	775	901	90	5	87	45	90	3	29	15	18254	0	0.19693756103515625	388000	149.21120142936707	335667	13.487886597938143	
6.723276177191666e+28	90.0	3.506	43.674	22.59	12.433848405013334	776	901	90	5	87	45	90	3	29	15	18292	0	0.18748688697814941	388500	149.39868831634521	336093	13.489575289575285	
1.8772222735520285e+35	90.0	3.48	42.92	22.2	12.433848405013334	777	901	90	5	87	45	90	3	29	15	18321	0	0.2031106948852539	389000	149.60179901123047	336532	13.487917737789203	
18902258200919.4	90.0	3.496	43.384	22.44	12.433848405013334	778	901	90	5	87	45	90	3	29	15	18356	0	0.17186331748962402	389500	149.7736623287201	336958	13.489602053915277	
9.195946905927472e+34	90.0	3.514	43.906	22.71	12.433848405013334	779	901	90	5	87	45	90	3	29	15	18392	0	0.2031116485595703	390000	149.97677397727966	337381	13.492051282051293	
1.8261879723861145e+42	90.0	3.508	43.732	22.62	12.433848405013334	780	901	90	5	87	45	90	3	29	15	18420	0	0.17186236381530762	390500	150.14863634109497	337810	13.49295774647888	
1.9367538393111544e+18	90.0	3.478	42.862	22.17	12.433848405013334	781	901	90	5	87	45	90	3	29	15	18453	0	0.2031111717224121	391000	150.35174751281738	338232	13.495652173913044	
5.946632202303895e+30	90.0	3.424	41.296	21.36	12.433848405013334	782	901	90	5	87	45	90	3	29	15	18478	0	0.18748760223388672	391500	150.53923511505127	338664	13.495785440613034	
2.7608172697374595e+36	90.0	3.404	40.716	21.06	12.433848405013334	783	901	90	5	87	45	90	3	29	15	18504	0	0.18748688697814941	392000	150.72672200202942	339095	13.496173469387756	
1.075783405972006e+33	90.0	3.406	40.774	21.09	12.433848405013334	784	901	90	5	87	45	90	3	29	15	18523	0	0.19711065292358398	392500	150.923832654953	339520	13.498089171974527	
6.516079147487371e+20	90.0	3.384	40.136	20.76	12.433848405013334	785	901	90	5	87	45	90	3	29	15	18544	0	0.17186284065246582	393000	151.09569549560547	339951	13.498473282442745	
2.0632112560988288e+21	90.0	3.382	40.078	20.73	12.433848405013334	786	901	90	5	87	45	90	3	29	15	18568	0	0.20311212539672852	393500	151.2988076210022	340379	13.499618805590856	
3.45952854503014e+24	90.0	3.396	40.484	20.94	12.433848405013334	787	901	90	5	87	45	90	3	29	15	18585	0	0.2187340259552002	394000	151.5175416469574	340816	13.498477157360412	
2.697066510404198e+21	90.0	3.462	42.398	21.93	12.433848405013334	788	901	90	5	87	45	90	3	29	15	18611	0	0.2187356948852539	394500	151.73627734184265	341262	13.495057034220537	
4.600168959866351e+26	90.0	3.498	43.442	22.47	12.433848405013334	789	901	90	5	87	45	90	3	29	15	18649	0	0.2187352180480957	395000	151.95501255989075	341689	13.496455696202531	
30459146240350.01	90.0	3.37	39.73	20.55	12.433848405013334	790	901	90	5	87	45	90	3	29	15	18667	0	0.2187349796295166	395500	152.17374753952026	342130	13.494310998735784	
1.47302253551172e+21	90.0	3.364	39.556	20.46	12.433848405013334	791	901	90	5	87	45	90	3	29	15	18685	0	0.2343587875366211	396000	152.40810632705688	342572	13.491919191919195	
2.366072199398039e+26	90.0	3.358	39.382	20.37	12.433848405013334	792	901	90	5	87	45	90	3	29	15	18712	0	0.18748784065246582	396500	152.59559416770935	343002	13.492559899117268	
4.686357348850565e+35	90.0	3.366	39.614	20.49	12.433848405013334	793	901	90	5	87	45	90	3	29	15	18737	0	0.18748688697814941	397000	152.7830810546875	343431	13.493450881612091	
5.126616478719511e+19	90.0	3.336	38.744	20.04	12.433848405013334	794	901	90	5	87	45	90	3	29	15	18772	0	0.2031111717224121	397500	152.9861922264099	343851	13.496603773584908	
2.282774257686789e+34	90.0	3.316	38.164	19.74	12.433848405013334	795	901	90	5	87	45	90	3	29	15	18794	0	0.2031111717224121	398000	153.18930339813232	344287	13.495728643216083	
1.6130863205627034e+33	90.0	3.418	41.122	21.27	12.433848405013334	796	901	90	6	116	60	90	3	29	15	18832	0	0.24998164176940918	398500	153.43928503990173	344708	13.49861982434129	
1.6339611188786542e+18	90.0	3.396	40.484	20.94	12.433848405013334	797	901	90	5	87	45	90	3	29	15	18859	0	0.20311355590820312	399000	153.64239859580994	345128	13.501754385964915	
1.0237079401110587e+32	90.0	3.434	41.586	21.51	12.433848405013334	798	901	90	5	87	45	90	3	29	15	18892	0	0.1874866485595703	399500	153.8298852443695	345553	13.503629536921153	
1740749449802389.2	90.0	3.41	40.89	21.15	12.433848405013334	799	901	90	5	87	45	90	3	29	15	18929	0	0.24998211860656738	400000	154.07986736297607	345969	13.507750000000001	
6.707341709002439e+33	90.0	3.338	38.802	20.07	12.433848405013334	800	901	90	5	87	45	90	3	29	15	18950	0	0.2031111717224121	400500	154.2829785346985	346409	13.505867665418222	
5.989080189928577e+34	90.0	3.374	39.846	20.61	12.433848405013334	801	901	90	5	87	45	90	3	29	15	18977	0	0.21710920333862305	401000	154.5000877380371	346828	13.509226932668327	
6.036825826677453e+21	90.0	3.398	40.542	20.97	12.433848405013334	802	901	90	5	87	45	90	3	29	15	19008	0	0.2343604564666748	401500	154.73444819450378	347252	13.511332503113323	
1.2787962302182074e+20	90.0	3.412	40.948	21.18	12.433848405013334	803	901	90	5	87	45	90	3	29	15	19036	0	0.24998188018798828	402000	154.98443007469177	347687	13.510696517412939	
732536547198.6051	90.0	3.46	42.34	21.9	12.433848405013334	804	901	90	5	87	45	90	3	29	15	19065	0	0.2187340259552002	402500	155.20316410064697	348123	13.509813664596265	
3.24528832758664e+30	90.0	3.474	42.746	22.11	12.433848405013334	805	901	90	5	87	45	90	3	29	15	19102	0	0.2031114101409912	403000	155.40627551078796	348553	13.51042183622829	
9.900047504482948e+20	90.0	3.446	41.934	21.69	12.433848405013334	806	901	90	5	87	45	90	3	29	15	19134	0	0.18748831748962402	403500	155.5937638282776	348979	13.512019826517957	
3.617241030106154e+33	90.0	3.444	41.876	21.66	12.433848405013334	807	901	90	5	87	45	90	3	29	15	19173	0	0.24998259544372559	404000	155.8437464237213	349391	13.517079207920787	
7.047064585055069e+22	90.0	3.418	41.122	21.27	12.433848405013334	808	901	90	5	87	45	90	3	29	15	19203	0	0.2343599796295166	404500	156.07810640335083	349827	13.516192830655129	
7.779935624793847e+34	90.0	3.442	41.818	21.63	12.433848405013334	809	901	90	5	87	45	90	3	29	15	19232	0	0.23435735702514648	405000	156.31246376037598	350247	13.519259259259258	
5.774232561108353e+28	90.0	3.47	42.63	22.05	12.433848405013334	810	901	90	6	116	60	90	3	29	15	19260	0	0.18748712539672852	405500	156.4999508857727	350677	13.519852034525286	
2.4191739189106053e+18	90.0	3.48	42.92	22.2	12.433848405013334	811	901	90	5	87	45	90	3	29	15	19291	0	0.2343592643737793	406000	156.73431015014648	351105	13.520935960591132	
1.6206290504775003e+38	90.0	3.462	42.398	21.93	12.433848405013334	812	901	90	5	87	45	90	3	29	15	19329	0	0.2187342643737793	406500	156.95304441452026	351530	13.522755227552281	
8.803350251864837e+35	90.0	3.366	39.614	20.49	12.433848405013334	813	901	90	6	116	60	90	3	29	15	19357	0	0.20311188697814941	407000	157.1561563014984	351964	13.522358722358717	
6.143882810420779e+37	90.0	3.368	39.672	20.52	12.433848405013334	814	901	90	5	87	45	90	3	29	15	19375	0	0.2031102180480957	407500	157.3592665195465	352406	13.519999999999996	
2.0747175575852198e+18	90.0	3.408	40.832	21.12	12.433848405013334	815	901	90	5	87	45	90	3	29	15	19403	0	0.2031116485595703	408000	157.56237816810608	352826	13.523039215686268	
2.7435822355381198e+37	90.0	3.418	41.122	21.27	12.433848405013334	816	901	90	5	87	45	90	3	29	15	19443	0	0.20311307907104492	408500	157.76549124717712	353256	13.523623011015914	
1.2673794984571803e+40	90.0	3.428	41.412	21.42	12.433848405013334	817	901	90	5	87	45	90	3	29	15	19473	0	0.21873235702514648	409000	157.98422360420227	353691	13.522982885085582	
2.0012445988153962e+47	90.0	3.464	42.456	21.96	12.433848405013334	818	901	90	5	87	45	90	3	29	15	19504	0	0.203110933303833	409500	158.1873345375061	354121	13.523565323565322	
8.646670663609785e+33	90.0	3.464	42.456	21.96	12.433848405013334	819	901	90	5	87	45	90	3	29	15	19535	0	0.2031111717224121	410000	158.39044570922852	354555	13.52317073170731	
3.454851609125996e+42	90.0	3.444	41.876	21.66	12.433848405013334	820	901	90	6	116	60	90	3	29	15	19565	0	0.17186307907104492	410500	158.56230878829956	354991	13.522289890377593	
2.281394972129576e+35	90.0	3.414	41.006	21.21	12.433848405013334	821	901	90	6	116	60	90	3	29	15	19593	0	0.14061665534973145	411000	158.7029254436493	355410	13.52554744525547	
9.200340432903526e+25	90.0	3.418	41.122	21.27	12.433848405013334	822	901	90	5	87	45	90	3	29	15	19624	0	0.2187340259552002	411500	158.9216594696045	355826	13.529526123936819	
2.525861653528326e+35	90.0	3.39	40.31	20.85	12.433848405013334	823	901	90	5	87	45	90	3	29	15	19644	0	0.15623879432678223	412000	159.07789826393127	356256	13.53009708737865	
3.7756807585218336e+23	90.0	3.414	41.006	21.21	12.433848405013334	824	901	90	5	87	45	90	3	29	15	19674	0	0.2187352180480957	412500	159.29663348197937	356679	13.532363636363627	
1.2187588603233425e+32	90.0	3.364	39.556	20.46	12.433848405013334	825	901	90	5	87	45	90	3	29	15	19696	0	0.15623950958251953	413000	159.4528729915619	357103	13.534382566585961	
1.4585507899705713e+36	90.0	3.37	39.73	20.55	12.433848405013334	826	901	90	5	87	45	90	3	29	15	19723	0	0.16732430458068848	413500	159.62019729614258	357537	13.533978234582833	
1.9110383897854993e+39	90.0	3.318	38.222	19.77	12.433848405013334	827	901	90	5	87	45	90	3	29	15	19751	0	0.18748760223388672	414000	159.80768489837646	357959	13.536473429951684	
1.0728280079501294e+22	90.0	3.306	37.874	19.59	12.433848405013334	828	901	90	5	87	45	90	3	29	15	19774	0	0.20311188697814941	414500	160.01079678535461	358395	13.535585042219537	
7.651416661595786e+19	90.0	3.302	37.758	19.53	12.433848405013334	829	901	90	6	116	60	90	3	29	15	19795	0	0.2031102180480957	415000	160.2139070034027	358831	13.534698795180717	
1.9350615961177027e+20	90.0	3.334	38.686	20.01	12.433848405013334	830	901	90	5	87	45	90	3	29	15	19816	0	0.18748831748962402	415500	160.40139532089233	359263	13.534777376654631	
2.0166651076731993e+39	90.0	3.328	38.512	19.92	12.433848405013334	831	901	90	5	87	45	90	3	29	15	19829	0	0.18748807907104492	416000	160.58888339996338	359702	13.533173076923077	
8.8016419566636e+40	90.0	3.394	40.426	20.91	12.433848405013334	832	901	90	5	87	45	90	3	29	15	19852	0	0.2187340259552002	416500	160.80761742591858	360135	13.533013205282117	
1.2381896645426366e+20	90.0	3.466	42.514	21.99	12.433848405013334	833	901	90	5	87	45	90	3	29	15	19879	0	0.20311307907104492	417000	161.01073050498962	360573	13.531654676258995	
3403636394379.227	90.0	3.41	40.89	21.15	12.433848405013334	834	901	90	5	87	45	90	3	29	15	19907	0	0.21873188018798828	417500	161.2294623851776	360996	13.53389221556887	
5.399422483007306e+24	90.0	3.314	38.106	19.71	12.433848405013334	835	901	90	5	87	45	90	3	29	15	19926	0	0.18748784065246582	418000	161.41695022583008	361408	13.53875598086124	
5.053635619356241e+32	90.0	3.39	40.31	20.85	12.433848405013334	836	901	90	6	116	60	90	3	29	15	19951	0	0.203110933303833	418500	161.6200611591339	361829	13.541457586618876	
13982972808424.977	90.0	3.376	39.904	20.64	12.433848405013334	837	901	90	5	87	45	90	3	29	15	19978	0	0.14061546325683594	419000	161.76067662239075	362255	13.542959427207634	
3.736062773201428e+29	90.0	3.34	38.86	20.1	12.433848405013334	838	901	90	5	87	45	90	3	29	15	20004	0	0.18748688697814941	419500	161.9481635093689	362672	13.546603098927292	
1.7731497515574653e+18	90.0	3.286	37.294	19.29	12.433848405013334	839	901	90	5	87	45	90	3	29	15	20028	0	0.18748712539672852	420000	162.13565063476562	363096	13.548571428571435	
331479787176.3753	90.0	3.372	39.788	20.58	12.433848405013334	840	901	90	5	87	45	90	3	29	15	20045	0	0.17186522483825684	420500	162.30751585960388	363533	13.547443519619492	
4.642977978947368e+39	90.0	3.426	41.354	21.39	12.433848405013334	841	901	90	5	87	45	90	3	29	15	20071	0	0.1718616485595703	421000	162.47937750816345	363963	13.547980997624691	
6.045566610401475e+22	90.0	3.498	43.442	22.47	12.433848405013334	842	901	90	5	87	45	90	3	29	15	20100	0	0.1958603858947754	421500	162.67523789405823	364394	13.548279952550416	
9.068059090026802e+17	90.0	3.514	43.906	22.71	12.433848405013334	843	901	90	5	87	45	90	3	29	15	20131	0	0.2187364101409912	422000	162.89397430419922	364826	13.548341232227486	
5.176680902652321e+39	90.0	3.466	42.514	21.99	12.433795501734647	844	901	90	5	87	45	90	3	29	15	20158	0	0.2282564640045166	422500	163.12223076820374	365262	13.54745562130178	
2.3225928970651002e+20	90.0	3.536	44.544	23.04	12.433795501734647	845	901	90	6	116	60	90	3	29	15	20186	0	0.2343583106994629	423000	163.3565890789032	365701	13.545862884160755	
1.1241265822784857e+23	90.0	3.526	44.254	22.89	12.433795501734647	846	901	90	5	87	45	90	3	29	15	20213	0	0.23435664176940918	423500	163.5909457206726	366141	13.544037780401425	
6.518570747956075e+31	90.0	3.416	41.064	21.24	12.433795501734647	847	901	90	5	87	45	90	3	29	15	20243	0	0.18748784065246582	424000	163.77843356132507	366565	13.54599056603773	
5.031409008589007e+30	90.0	3.322	38.338	19.83	12.433795501734647	848	901	90	5	87	45	90	3	29	15	20270	0	0.18748807907104492	424500	163.96592164039612	366992	13.547232037691401	
79134077412460.92	90.0	3.348	39.092	20.22	12.433795501734647	849	901	90	5	87	45	90	3	29	15	20293	0	0.2187340259552002	425000	164.18465566635132	367423	13.5475294117647	
1.0067677086434575e+25	90.0	3.298	37.642	19.47	12.433795501734647	850	901	90	5	87	45	90	3	29	15	20311	0	0.18748688697814941	425500	164.37214255332947	367864	13.545475910693312	
4.0296641286339935e+26	90.0	3.268	36.772	19.02	12.433795501734647	851	901	90	5	87	45	90	3	29	15	20326	0	0.17186331748962402	426000	164.5440058708191	368300	13.544600938967136	
2.8421056700711756e+19	90.0	3.304	37.816	19.56	12.433795501734647	852	901	90	5	87	45	90	3	29	15	20352	0	0.18748712539672852	426500	164.73149299621582	368724	13.546541617819457	
2.9331205992851587e+19	90.0	3.4	40.6	21.0	12.433795501734647	853	901	90	5	87	45	90	3	29	15	20370	0	0.20311188697814941	427000	164.93460488319397	369151	13.547775175644034	
1.9816789634878266e+20	90.0	3.354	39.266	20.31	12.433795501734647	854	901	90	5	87	45	90	3	29	15	20391	0	0.2031104564666748	427500	165.13771533966064	369588	13.546666666666667	
7.864646154828345e+19	90.0	3.322	38.338	19.83	12.433795501734647	855	901	90	5	87	45	90	3	29	15	20416	0	0.18021512031555176	428000	165.3179304599762	370011	13.548831775700933	
1824564154182941.0	90.0	3.256	36.424	18.84	12.433795501734647	856	901	90	5	87	45	90	3	29	15	20426	0	0.15624117851257324	428500	165.47417163848877	370445	13.548424737456244	
6.242185120203034e+18	90.0	3.35	39.15	20.25	12.433795501734647	857	901	90	6	116	60	90	3	29	15	20451	0	0.2187337875366211	429000	165.6929054260254	370868	13.550582750582748	
3.905814551289773e+38	90.0	3.372	39.788	20.58	12.433795501734647	858	901	90	5	87	45	90	3	29	15	20476	0	0.18748950958251953	429500	165.8803949356079	371288	13.553434225844	
33351906359064.023	90.0	3.344	38.976	20.16	12.433795501734647	859	901	90	5	87	45	90	3	29	15	20501	0	0.2031083106994629	430000	166.08350324630737	371712	13.555348837209308	
2341451579.4783554	90.0	3.31	37.99	19.65	12.433795501734647	860	901	90	5	87	45	90	3	29	15	20517	0	0.15623998641967773	430500	166.23974323272705	372140	13.55632984901277	
8.663092381904932e+29	90.0	3.412	40.948	21.18	12.433795501734647	861	901	90	6	116	60	90	3	29	15	20540	0	0.15623950958251953	431000	166.39598274230957	372570	13.556844547563813	
6.409249357564737e+18	90.0	3.344	38.976	20.16	12.433795501734647	862	901	90	6	116	60	90	3	29	15	20554	0	0.18748712539672852	431500	166.5834698677063	372993	13.55898030127463	
6.42480042922673e+32	90.0	3.28	37.12	19.2	12.433795501734647	863	901	90	5	87	45	90	3	29	15	20569	0	0.1874866485595703	432000	166.77095651626587	373410	13.5625	
1.6959709565217413e+31	90.0	3.302	37.758	19.53	12.433795501734647	864	901	90	6	116	60	90	3	29	15	20587	0	0.203110933303833	432500	166.9740674495697	373832	13.564855491329482	
9.452700686019711e+25	90.0	3.298	37.642	19.47	12.433795501734647	865	901	90	5	87	45	90	3	29	15	20601	0	0.1874866485595703	433000	167.16155409812927	374257	13.566512702078526	
7.237390818931559e+34	90.0	3.33	38.57	19.95	12.433795501734647	866	901	90	6	116	60	90	3	29	15	20626	0	0.15624046325683594	433500	167.3177945613861	374678	13.569088811995385	
1599313540.5870042	90.0	3.304	37.816	19.56	12.433795501734647	867	901	90	5	87	45	90	3	29	15	20650	0	0.17186284065246582	434000	167.48965740203857	375102	13.570967741935476	
1.1947746325906837e+27	90.0	3.348	39.092	20.22	12.433795501734647	868	901	90	6	116	60	90	3	29	15	20668	0	0.17186450958251953	434500	167.6615219116211	375526	13.572842347525892	
18197661341.154854	90.0	3.412	40.948	21.18	12.433795501734647	869	901	90	5	87	45	90	3	29	15	20698	0	0.2031095027923584	435000	167.86463141441345	375952	13.574252873563225	
3.0929738544563945e+31	90.0	3.366	39.614	20.49	12.433795501734647	870	901	90	5	87	45	90	3	29	15	20712	0	0.21873688697814941	435500	168.0833683013916	376385	13.574052812858781	
1129430864.434748	90.0	3.386	40.194	20.79	12.433795501734647	871	901	90	5	87	45	90	3	29	15	20739	0	0.1669933795928955	436000	168.2503616809845	376807	13.576376146788988	
1.9089548165908547e+40	90.0	3.322	38.338	19.83	12.433795501734647	872	901	90	6	116	60	90	3	29	15	20757	0	0.18748784065246582	436500	168.43784952163696	377250	13.573883161512029	
3.0163856968157764e+36	90.0	3.282	37.178	19.23	12.433795501734647	873	901	90	5	87	45	90	3	29	15	20775	0	0.2031099796295166	437000	168.64095950126648	377675	13.575514874141874	
2.5967063394936876e+23	90.0	3.342	38.918	20.13	12.433795501734647	874	901	90	5	87	45	90	3	29	15	20800	0	0.18748760223388672	437500	168.82844710350037	378107	13.57554285714285	
8.294308125843889e+29	90.0	3.338	38.802	20.07	12.433795501734647	875	901	90	5	87	45	90	3	29	15	20820	0	0.15623855590820312	438000	168.98468565940857	378534	13.57671232876713	
1000918607813.3667	90.0	3.346	39.034	20.19	12.433795501734647	876	901	90	5	87	45	90	3	29	15	20844	0	0.14061594009399414	438500	169.12530159950256	378959	13.578335233751432	
9629007396.49506	90.0	3.374	39.846	20.61	12.433795501734647	877	901	90	5	87	45	90	3	29	15	20864	0	0.2343587875366211	439000	169.35966038703918	379386	13.579498861047838	
1167991056311039.2	90.0	3.388	40.252	20.82	12.433795501734647	878	901	90	5	87	45	90	3	29	15	20884	0	0.20311188697814941	439500	169.56277227401733	379819	13.579294653014784	
1646879146.5948708	90.0	3.368	39.672	20.52	12.433795501734647	879	901	90	5	87	45	90	3	29	15	20912	0	0.15624046325683594	440000	169.71901273727417	380240	13.581818181818178	
1263153294.452446	90.0	3.29	37.41	19.35	12.433795501734647	880	901	90	5	87	45	90	3	29	15	20931	0	0.21874260902404785	440500	169.93775534629822	380681	13.579795686719649	
1181067344.1658945	90.0	3.34	38.86	20.1	12.433795501734647	881	901	90	5	87	45	90	3	29	15	20960	0	0.18747758865356445	441000	170.12523293495178	381108	13.580952380952382	
2.1791805234029557e+32	90.0	3.372	39.788	20.58	12.433795501734647	882	901	90	5	87	45	90	3	29	15	20989	0	0.17186403274536133	441500	170.29709696769714	381530	13.583238958097397	
1.9328711262188237e+36	90.0	3.37	39.73	20.55	12.433795501734647	883	901	90	5	87	45	90	3	29	15	21003	0	0.18748688697814941	442000	170.4845838546753	381957	13.584389140271497	
6.590192483901891e+22	90.0	3.35	39.15	20.25	12.433795501734647	884	901	90	5	87	45	90	3	29	15	21026	0	0.14061498641967773	442500	170.62519884109497	382391	13.583954802259896	
3.8795136335992863e+18	90.0	3.338	38.802	20.07	12.433795501734647	885	901	90	5	87	45	90	3	29	15	21053	0	0.17186498641967773	443000	170.79706382751465	382826	13.583295711060956	
6.5526762859976175e+25	90.0	3.35	39.15	20.25	12.433795501734647	886	901	90	5	87	45	90	3	29	15	21078	0	0.2031097412109375	443500	171.0001735687256	383258	13.58331454340474	
2.2680242517427917e+38	90.0	3.402	40.658	21.03	12.433795501734647	887	901	90	5	87	45	90	3	29	15	21100	0	0.2187347412109375	444000	171.21890830993652	383695	13.582207207207205	
1.1102381914648933e+18	90.0	3.406	40.774	21.09	12.433795501734647	888	901	90	5	87	45	90	3	29	15	21124	0	0.2031114101409912	444500	171.42201972007751	384131	13.581327334083241	
5.572004250387458e+28	90.0	3.39	40.31	20.85	12.433795501734647	889	901	90	5	87	45	90	3	29	15	21156	0	0.17186307907104492	445000	171.59388279914856	384542	13.58606741573034	
4.579320048118538e+20	90.0	3.4	40.6	21.0	12.433795501734647	890	901	90	5	87	45	90	3	29	15	21182	0	0.18748736381530762	445500	171.78137016296387	384969	13.587205387205387	
8.089025807928657e+30	90.0	3.452	42.108	21.78	12.433795501734647	891	901	90	5	87	45	90	3	29	15	21217	0	0.2187347412109375	446000	172.0001049041748	385393	13.589013452914799	
2.4812359602928883e+40	90.0	3.408	40.832	21.12	12.433795501734647	892	901	90	5	87	45	90	3	29	15	21240	0	0.17186307907104492	446500	172.17196798324585	385819	13.590369540873454	
1.2998995647019264e+28	90.0	3.342	38.918	20.13	12.433795501734647	893	901	90	5	87	45	90	3	29	15	21261	0	0.2031116485595703	447000	172.37507963180542	386241	13.59261744966443	
9.149657621205753e+31	90.0	3.318	38.222	19.77	12.433795501734647	894	901	90	5	87	45	90	3	29	15	21274	0	0.14061450958251953	447500	172.51569414138794	386678	13.591508379888268	
1.998707966735666e+37	90.0	3.352	39.208	20.28	12.433795501734647	895	901	90	5	87	45	90	3	29	15	21290	0	0.18748807907104492	448000	172.70318222045898	387120	13.589285714285708	
3.607377238450384e+31	90.0	3.356	39.324	20.34	12.433795501734647	896	901	90	5	87	45	90	3	29	15	21313	0	0.14061522483825684	448500	172.84379744529724	387559	13.587736900780385	
371634650.1251341	90.0	3.294	37.526	19.41	12.433795501734647	897	901	90	5	87	45	90	3	29	15	21329	0	0.203110933303833	449000	173.04690837860107	387993	13.587305122494428	
1.4879470234964648e+32	90.0	3.274	36.946	19.11	12.433795501734647	898	901	90	5	87	45	90	3	29	15	21348	0	0.17186498641967773	449500	173.21877336502075	388411	13.590433815350394	
8.768649918353861e+23	90.0	3.322	38.338	19.83	12.433795501734647	899	901	90	5	87	45	90	3	29	15	21369	0	0.1999366283416748	450000	173.41870999336243	388841	13.590888888888884	
56020394901658.47	90.0	3.316	38.164	19.74	12.433795501734647	900	901	90	5	87	45	90	3	29	15	21385	0	0.18748736381530762	450500	173.60619735717773	389274	13.590677025527185	
6.512470755637596e+21	90.0	3.326	38.454	19.89	12.433795501734647	901	901	90	5	87	45	90	3	29	15	21408	0	0.15623927116394043	451000	173.76243662834167	389706	13.590687361419072	
1.7866945595548677e+24	90.0	3.288	37.352	19.32	12.433795501734647	902	901	90	5	87	45	90	3	29	15	21429	0	0.18748760223388672	451500	173.94992423057556	390138	13.590697674418607	
1.34334742684403e+21	90.0	3.304	37.816	19.56	12.433795501734647	903	901	90	5	87	45	90	3	29	15	21449	0	0.17186403274536133	452000	174.12178826332092	390553	13.594469026548666	
5.95687661114875e+41	90.0	3.262	36.598	18.93	12.433795501734647	904	901	90	5	87	45	90	3	29	15	21462	0	0.1874856948852539	452500	174.30927395820618	390988	13.593812154696124	
19092327618627.53	90.0	3.27	36.83	19.05	12.433795501734647	905	901	90	5	87	45	90	3	29	15	21484	0	0.14061546325683594	453000	174.449889421463	391419	13.594039735099344	
3.8633987636371193e+27	90.0	3.316	38.164	19.74	12.433795501734647	906	901	90	5	87	45	90	3	29	15	21501	0	0.18748760223388672	453500	174.6373770236969	391855	13.593164277839037	
2.0777326009877532e+24	90.0	3.288	37.352	19.32	12.433795501734647	907	901	90	5	87	45	90	3	29	15	21527	0	0.17186307907104492	454000	174.80924010276794	392267	13.597577092511017	
4.256802178494272e+29	90.0	3.28	37.12	19.2	12.433795501734647	908	901	90	5	87	45	90	3	29	15	21542	0	0.14061522483825684	454500	174.9498553276062	392705	13.596259625962588	
2.299825749617502e+30	90.0	3.3	37.7	19.5	12.433795501734647	909	901	90	5	87	45	90	3	29	15	21553	0	0.1874866485595703	455000	175.13734197616577	393131	13.597582417582416	
417898036222708.25	90.0	3.35	39.15	20.25	12.433795501734647	910	901	90	5	87	45	90	3	29	15	21568	0	0.17186331748962402	455500	175.3092052936554	393557	13.598902305159172	
6.264645283018943e+34	90.0	3.37	39.73	20.55	12.433795501734647	911	901	90	5	87	45	90	3	29	15	21592	0	0.15623950958251953	456000	175.46544480323792	393991	13.598464912280704	
9.744957365533735e+25	90.0	3.33	38.57	19.95	12.433795501734647	912	901	90	5	87	45	90	3	29	15	21610	0	0.18748784065246582	456500	175.65293264389038	394428	13.597371303395406	
1.9528464117781413e+34	90.0	3.33	38.57	19.95	12.433795501734647	913	901	90	5	87	45	90	3	29	15	21627	0	0.15623903274536133	457000	175.80917167663574	394875	13.594091903719914	
2.3508620665884597e+30	90.0	3.378	39.962	20.67	12.433795501734647	914	901	90	5	87	45	90	3	29	15	21649	0	0.2187349796295166	457500	176.02790665626526	395311	13.59322404371585	
3.4047109262261946e+32	90.0	3.35	39.15	20.25	12.433795501734647	915	901	90	5	87	45	90	3	29	15	21667	0	0.15623998641967773	458000	176.18414664268494	395743	13.593231441048033	
6.059787534684939e+30	90.0	3.334	38.686	20.01	12.433795501734647	916	901	90	5	87	45	90	3	29	15	21688	0	0.15623831748962402	458500	176.34038496017456	396172	13.59389312977099	
1.0623754693457245e+27	90.0	3.358	39.382	20.37	12.433795501734647	917	901	90	5	87	45	90	3	29	15	21705	0	0.18178296089172363	459000	176.52216792106628	396608	13.593028322440077	
4.135081398250008e+29	90.0	3.326	38.454	19.89	12.433795501734647	918	901	90	5	87	45	90	3	29	15	21732	0	0.17186403274536133	459500	176.69403195381165	397022	13.59695321001088	
1.5395146002002627e+19	90.0	3.326	38.454	19.89	12.433795501734647	919	901	90	5	87	45	90	3	29	15	21756	0	0.17186427116394043	460000	176.8658962249756	397442	13.599565217391302	
2.595456328451933e+36	90.0	3.338	38.802	20.07	12.433795501734647	920	901	90	5	87	45	90	3	29	15	21777	0	0.2031087875366211	460500	177.0690050125122	397880	13.598262757871879	
1.5026967434470687e+35	90.0	3.34	38.86	20.1	12.433795501734647	921	901	90	5	87	45	90	3	29	15	21800	0	0.12499642372131348	461000	177.19400143623352	398308	13.599132321041225	
3.979192913413955e+34	90.0	3.43	41.47	21.45	12.433795501734647	922	901	90	5	87	45	90	3	29	15	21828	0	0.171858549118042	461500	177.36585998535156	398733	13.600650054171183	
5.2582280256208145e+23	90.0	3.438	41.702	21.57	12.433795501734647	923	901	90	5	87	45	90	3	29	15	21857	0	0.18748760223388672	462000	177.55334758758545	399156	13.60259740259741	
2.769508257437865e+30	90.0	3.46	42.34	21.9	12.433795501734647	924	901	90	5	87	45	90	3	29	15	21882	0	0.18748688697814941	462500	177.7408344745636	399591	13.601945945945943	
3.236824111128113e+21	90.0	3.408	40.832	21.12	12.433795501734647	925	901	90	5	87	45	90	3	29	15	21913	0	0.17186307907104492	463000	177.91269755363464	400015	13.603671706263498	
9.581996180327028e+31	90.0	3.438	41.702	21.57	12.433795501734647	926	901	90	5	87	45	90	3	29	15	21936	0	0.18164968490600586	463500	178.09434723854065	400444	13.604314994606256	
6.521460259323151e+24	90.0	3.438	41.702	21.57	12.433795501734647	927	901	90	5	87	45	90	3	29	15	21966	0	0.2187354564666748	464000	178.31308269500732	400861	13.607543103448279	
1.9628099173554434e+35	90.0	3.364	39.556	20.46	12.433795501734647	928	901	90	5	87	45	90	3	29	15	21983	0	0.17186284065246582	464500	178.4849455356598	401296	13.606889128094721	
1.4362444859089729e+26	90.0	3.334	38.686	20.01	12.433795501734647	929	901	90	5	87	45	90	3	29	15	22002	0	0.2031099796295166	465000	178.6880555152893	401731	13.606236559139788	
4.104000000011081e+35	90.0	3.32	38.28	19.8	12.433795501734647	930	901	90	5	87	45	90	3	29	15	22023	0	0.14061594009399414	465500	178.8286714553833	402160	13.606874328678842	
4.421897217146072e+34	90.0	3.418	41.122	21.27	12.433795501734647	931	901	90	6	116	60	90	3	29	15	22054	0	0.2283327579498291	466000	179.05700421333313	402589	13.607510729613736	
1.868237687048749e+30	90.0	3.338	38.802	20.07	12.433795501734647	932	901	90	5	87	45	90	3	29	15	22072	0	0.2343592643737793	466500	179.2913634777069	403014	13.609003215434086	
4.770323110834648e+21	90.0	3.346	39.034	20.19	12.433795501734647	933	901	90	5	87	45	90	3	29	15	22097	0	0.1874866485595703	467000	179.47885012626648	403441	13.610064239828688	
1.3357612298667924e+21	90.0	3.334	38.686	20.01	12.433795501734647	934	901	90	5	87	45	90	3	29	15	22127	0	0.19571161270141602	467500	179.6745617389679	403860	13.612834224598942	
7.887260026165957e+19	90.0	3.304	37.816	19.56	12.433795501734647	935	901	90	5	87	45	90	3	29	15	22154	0	0.15623950958251953	468000	179.83080124855042	404277	13.616025641025644	
1.2917536586116908e+34	90.0	3.342	38.918	20.13	12.433795501734647	936	901	90	5	87	45	90	3	29	15	22176	0	0.203110933303833	468500	180.03391218185425	404701	13.617716115261473	
3.6251695086643072e+22	90.0	3.446	41.934	21.69	12.433795501734647	937	901	90	5	87	45	90	3	29	15	22205	0	0.203110933303833	469000	180.23702311515808	405115	13.62153518123668	
7657340863179502.0	90.0	3.448	41.992	21.72	12.433795501734647	938	901	90	6	116	60	90	3	29	15	22226	0	0.20311260223388672	469500	180.44013571739197	405548	13.621299254526093	
1.034159409895191e+23	90.0	3.49	43.21	22.35	12.433795501734647	939	901	90	6	116	60	90	3	29	15	22257	0	0.2187337875366211	470000	180.6588695049286	405985	13.620212765957447	
8.521219767102867e+24	90.0	3.472	42.688	22.08	12.433795501734647	940	901	90	6	116	60	90	3	29	15	22292	0	0.2187347412109375	470500	180.87760424613953	406416	13.620403825717318	
6.07090759920213e+32	90.0	3.42	41.18	21.3	12.433795501734647	941	901	90	6	116	60	90	3	29	15	22316	0	0.20311188697814941	471000	181.08071613311768	406848	13.620382165605093	
5.1267760853793056e+33	90.0	3.376	39.904	20.64	12.433795501734647	942	901	90	6	116	60	90	3	29	15	22344	0	0.1874866485595703	471500	181.26820278167725	407285	13.619300106044534	
8.804955906449062e+29	90.0	3.384	40.136	20.76	12.433795501734647	943	901	90	6	116	60	90	3	29	15	22367	0	0.17186307907104492	472000	181.4400658607483	407720	13.618644067796609	
1.8314335506867265e+28	90.0	3.408	40.832	21.12	12.433795501734647	944	901	90	5	87	45	90	3	29	15	22394	0	0.17186403274536133	472500	181.61192989349365	408138	13.621587301587297	
7.601481100918382e+27	90.0	3.346	39.034	20.19	12.433795501734647	945	901	90	6	116	60	90	3	29	15	22411	0	0.17186570167541504	473000	181.78379559516907	408576	13.620295983086677	
3.1440421133867405e+32	90.0	3.368	39.672	20.52	12.433795501734647	946	901	90	5	87	45	90	3	29	15	22431	0	0.2031102180480957	473500	181.98690581321716	409002	13.62154171066527	
4.3866964645036434e+29	90.0	3.408	40.832	21.12	12.433795501734647	947	901	90	5	87	45	90	3	29	15	22451	0	0.17186188697814941	474000	182.1587677001953	409449	13.618354430379739	
2.916215297692473e+16	90.0	3.482	42.978	22.23	12.433795501734647	948	901	90	5	87	45	90	3	29	15	22483	0	0.15624094009399414	474500	182.3150086402893	409879	13.61875658587988	
4.4703422580888053e+23	90.0	3.426	41.354	21.39	12.433795501734647	949	901	90	5	87	45	90	3	29	15	22512	0	0.24998140335083008	475000	182.56499004364014	410308	13.619368421052641	
1.3290915076572736e+18	90.0	3.386	40.194	20.79	12.433795501734647	950	901	90	5	87	45	90	3	29	15	22538	0	0.15624332427978516	475500	182.72123336791992	410742	13.618927444794949	
8.11078251302512e+31	90.0	3.396	40.484	20.94	12.433795501734647	951	901	90	5	87	45	90	3	29	15	22565	0	0.2187337875366211	476000	182.93996715545654	411173	13.619117647058815	
3.5902877758783614e+23	90.0	3.342	38.918	20.13	12.433795501734647	952	901	90	5	87	45	90	3	29	15	22589	0	0.14061379432678223	476500	183.08058094978333	411601	13.619937040923404	
1.1804145816699692e+30	90.0	3.35	39.15	20.25	12.433795501734647	953	901	90	6	116	60	90	3	29	15	22606	0	0.15623974800109863	477000	183.23682069778442	412031	13.620335429769398	
2.0654032924645315e+33	90.0	3.376	39.904	20.64	12.433795501734647	954	901	90	5	87	45	90	3	29	15	22631	0	0.2031090259552002	477500	183.43992972373962	412459	13.621151832460725	
5.428133491871908e+22	90.0	3.324	38.396	19.86	12.433795501734647	955	901	90	5	87	45	90	3	29	15	22657	0	0.2343587875366211	478000	183.67428851127625	412882	13.623012552301248	
7.867406740909788e+23	90.0	3.356	39.324	20.34	12.433795501734647	956	901	90	5	87	45	90	3	29	15	22677	0	0.20311212539672852	478500	183.87740063667297	413303	13.625287356321834	
9.33537951475415e+29	90.0	3.378	39.962	20.67	12.433795501734647	957	901	90	5	87	45	90	3	29	15	22703	0	0.2187342643737793	479000	184.09613490104675	413724	13.627557411273486	
1.6317543024284105e+34	90.0	3.386	40.194	20.79	12.433795501734647	958	901	90	5	87	45	90	3	29	15	22722	0	0.2031111717224121	479500	184.29924607276917	414152	13.628362877997915	
4.582023938706578e+23	90.0	3.332	38.628	19.98	12.433795501734647	959	901	90	5	87	45	90	3	29	15	22743	0	0.18748807907104492	480000	184.4867341518402	414596	13.625833333333333	
1.896633249063928e+40	90.0	3.294	37.526	19.41	12.433795501734647	960	901	90	5	87	45	90	3	29	15	22758	0	0.2031116485595703	480500	184.68984580039978	415041	13.623100936524452	
6.689039735730294e+17	90.0	3.348	39.092	20.22	12.433795501734647	961	901	90	5	87	45	90	3	29	15	22780	0	0.2187337875366211	481000	184.9085795879364	415477	13.62224532224532	
546711494.6902198	90.0	3.296	37.584	19.44	12.433795501734647	962	901	90	5	87	45	90	3	29	15	22801	0	0.2343578338623047	481500	185.1429374217987	415908	13.622429906542052	
1.5526931747481983e+37	90.0	3.298	37.642	19.47	12.433795501734647	963	901	90	5	87	45	90	3	29	15	22820	0	0.17186236381530762	482000	185.314799785614	416340	13.622406639004154	
8.731886069303403e+20	90.0	3.306	37.874	19.59	12.433795501734647	964	901	90	5	87	45	90	3	29	15	22839	0	0.18748784065246582	482500	185.50228762626648	416774	13.621968911917108	
3.8201112317327943e+42	90.0	3.396	40.484	20.94	12.433795501734647	965	901	90	5	87	45	90	3	29	15	22861	0	0.18748760223388672	483000	185.68977522850037	417202	13.622774327122158	
4.179421252011992e+30	90.0	3.428	41.412	21.42	12.433795501734647	966	901	90	5	87	45	90	3	29	15	22892	0	0.17186331748962402	483500	185.86163854599	417632	13.623164426059972	
4.049118015511454e+46	90.0	3.392	40.368	20.88	12.433795501734647	967	901	90	5	87	45	90	3	29	15	22918	0	0.15623879432678223	484000	186.01787734031677	418067	13.622520661157026	
1.2468417978492582e+20	90.0	3.414	41.006	21.21	12.433795501734647	968	901	90	5	87	45	90	3	29	15	22946	0	0.15624094009399414	484500	186.17411828041077	418498	13.622703818369459	
1257562618.6817007	90.0	3.404	40.716	21.06	12.433795501734647	969	901	90	5	87	45	90	3	29	15	22971	0	0.1874856948852539	485000	186.36160397529602	418928	13.623092783505157	
2.088842165143359e+47	90.0	3.44	41.76	21.6	12.433795501734647	970	901	90	5	87	45	90	3	29	15	22998	0	0.2187349796295166	485500	186.58033895492554	419373	13.620391349124617	
1.0063357806384445e+31	90.0	3.476	42.804	22.14	12.433795501734647	971	901	90	5	87	45	90	3	29	15	23029	0	0.2031116485595703	486000	186.7834506034851	419807	13.619958847736626	
1.4102683544609304e+35	90.0	3.49	43.21	22.35	12.433795501734647	972	901	90	5	87	45	90	3	29	15	23056	0	0.15623879432678223	486500	186.9396893978119	420243	13.619116135662907	
1.1437038154980526e+38	90.0	3.456	42.224	21.84	12.433795501734647	973	901	90	6	116	60	90	3	29	15	23088	0	0.17186331748962402	487000	187.1115527153015	420676	13.618891170431212	
2.223021176584209e+29	90.0	3.416	41.064	21.24	12.433795501734647	974	901	90	5	87	45	90	3	29	15	23113	0	0.1978449821472168	487500	187.30939769744873	421111	13.618256410256407	
2.323396005565899e+33	90.0	3.442	41.818	21.63	12.433795501734647	975	901	90	5	87	45	90	3	29	15	23140	0	0.18748855590820312	488000	187.49688625335693	421544	13.618032786885252	
6.1516821990053545e+25	90.0	3.43	41.47	21.45	12.433795501734647	976	901	90	5	87	45	90	3	29	15	23165	0	0.14061403274536133	488500	187.6375002861023	421977	13.617809621289666	
2.1591387391533052e+30	90.0	3.382	40.078	20.73	12.433795501734647	977	901	90	5	87	45	90	3	29	15	23187	0	0.17186284065246582	489000	187.80936312675476	422414	13.616768916155422	
2.0413248104341117e+37	90.0	3.378	39.962	20.67	12.433795501734647	978	901	90	5	87	45	90	3	29	15	23219	0	0.2031111717224121	489500	188.01247429847717	422837	13.618590398365683	
3.1783615526070612e+16	90.0	3.38	40.02	20.7	12.433795501734647	979	901	90	5	87	45	90	3	29	15	23244	0	0.18748736381530762	490000	188.19996166229248	423273	13.617755102040817	
2.805160879377716e+30	90.0	3.354	39.266	20.31	12.433795501734647	980	901	90	5	87	45	90	3	29	15	23269	0	0.2031106948852539	490500	188.40307235717773	423698	13.619164118246687	
3.263167931557433e+36	90.0	3.358	39.382	20.37	12.433795501734647	981	901	90	5	87	45	90	3	29	15	23300	0	0.17186307907104492	491000	188.57493543624878	424121	13.62097759674134	
5.326281019073873e+29	90.0	3.438	41.702	21.57	12.433795501734647	982	901	90	5	87	45	90	3	29	15	23340	0	0.15623998641967773	491500	188.73117542266846	424527	13.626246185147508	
2.627206163577407e+35	90.0	3.42	41.18	21.3	12.433795501734647	983	901	90	5	87	45	90	3	29	15	23361	0	0.19723963737487793	492000	188.92841506004333	424951	13.627845528455282	
1.2085524022292434e+30	90.0	3.332	38.628	19.98	12.433795501734647	984	901	90	5	87	45	90	3	29	15	23386	0	0.2031111717224121	492500	189.13152623176575	425373	13.629847715736048	
1.935933611181372e+37	90.0	3.346	39.034	20.19	12.433795501734647	985	901	90	5	87	45	90	3	29	15	23405	0	0.20311236381530762	493000	189.33463859558105	425798	13.631237322515204	
3.090630967398304e+35	90.0	3.334	38.686	20.01	12.433795501734647	986	901	90	5	87	45	90	3	29	15	23426	0	0.1874861717224121	493500	189.52212476730347	426235	13.630192502532921	
7.446243548333804e+42	90.0	3.338	38.802	20.07	12.433795501734647	987	901	90	5	87	45	90	3	29	15	23451	0	0.17186236381530762	494000	189.69398713111877	426661	13.631376518218616	
7.841993931634594e+35	90.0	3.386	40.194	20.79	12.433795501734647	988	901	90	5	87	45	90	3	29	15	23484	0	0.18748879432678223	494500	189.88147592544556	427086	13.632760364004042	
1.1546890021946218e+35	90.0	3.4	40.6	21.0	12.433795501734647	989	901	90	5	87	45	90	3	29	15	23506	0	0.17186188697814941	495000	190.0533378124237	427519	13.632525252525255	
8.324413903656323e+18	90.0	3.414	41.006	21.21	12.433795501734647	990	901	90	5	87	45	90	3	29	15	23543	0	0.20311236381530762	495500	190.256450176239	427940	13.634712411705351	
1.2698654671792604e+30	90.0	3.426	41.354	21.39	12.433795501734647	991	901	90	5	87	45	90	3	29	15	23578	0	0.17186236381530762	496000	190.42831254005432	428365	13.636088709677423	
8.437177849097626e+23	90.0	3.436	41.644	21.54	12.433795501734647	992	901	90	5	87	45	90	3	29	15	23606	0	0.2187352180480957	496500	190.64704775810242	428795	13.636455186304133	
5.6462838741988565e+19	90.0	3.446	41.934	21.69	12.433795501734647	993	901	90	5	87	45	90	3	29	15	23636	0	0.18748688697814941	497000	190.83453464508057	429221	13.637625754527164	
5.351539879686306e+39	90.0	3.46	42.34	21.9	12.433795501734647	994	901	90	5	87	45	90	3	29	15	23657	0	0.18748903274536133	497500	191.02202367782593	429656	13.636984924623121	
1.8717809318119792e+29	90.0	3.452	42.108	21.78	12.433795501734647	995	901	90	5	87	45	90	3	29	15	23681	0	0.2031095027923584	498000	191.2251331806183	430082	13.638152610441765	
6.87796395762483e+35	90.0	3.436	41.644	21.54	12.433795501734647	996	901	90	5	87	45	90	3	29	15	23712	0	0.20311331748962402	498500	191.4282464981079	430515	13.63791374122367	
1.7357133223975417e+25	90.0	3.452	42.108	21.78	12.433795501734647	997	901	90	5	87	45	90	3	29	15	23748	0	0.1874845027923584	499000	191.61573100090027	430931	13.641082164328651	
3.0385325884708317e+28	90.0	3.424	41.296	21.36	12.433795501734647	998	901	90	5	87	45	90	3	29	15	23778	0	0.15624141693115234	499500	191.77197241783142	431351	13.643443443443445	
3.0467154730969564e+35	90.0	3.408	40.832	21.12	12.433795501734647	999	901	90	5	87	45	90	3	29	15	23807	0	0.20311260223388672	500000	191.9750850200653	431784	13.643199999999993	
2.529978723716724e+24	90.0	3.33	38.57	19.95	12.433795501734647	1000	901	90	5	87	45	90	3	29	15	23831	0	0.1718597412109375	500500	192.14694476127625	432204	13.645554445554438	
