ave_fitness	ave_genome_length	ave_tree_depth	ave_tree_nodes	ave_used_codons	best_fitness	gen	invalids	max_genome_length	max_tree_depth	max_tree_nodes	max_used_codons	min_genome_length	min_tree_depth	min_tree_nodes	min_used_codons	runtime_error	time_adjust	time_taken	total_inds	total_time	unique_inds	unused_search	
2.0327618250046044e+45	101.44	6.52	131.08	67.8	79.83078440621092	0	0	180	10	232	120	22	3	29	15	32	0	1.984239101409912	50	1.984239101409912	18	64.0	
429816747748.6652	41.04	3.5384615384615383	44.61538461538461	23.076923076923077	61.87806501364188	1	12	90	7.0	145.0	75.0	22	3.0	29.0	15.0	33	0	0.015625	100	1.999864101409912	29	71.0	
2102.1777262627033	42.8	3.148936170212766	33.319148936170215	17.23404255319149	61.87806501364188	2	15	67	6.0	116.0	60.0	22	3.0	29.0	15.0	35	0	0.015623807907104492	150	2.0154879093170166	29	80.66666666666667	
148.74832277694452	44.6	3.32	38.28	19.8	61.87806501364188	3	16	67	6	116	60	22	3	29	15	35	0	0.01562356948852539	200	2.031111478805542	30	85.0	
5816334971.477013	56.68	3.8979591836734695	55.04081632653061	28.46938775510204	61.87806501364188	4	18	67	6.0	116.0	60.0	22	3.0	29.0	15.0	35	0	0.015624046325683594	250	2.0467355251312256	33	86.8	
4042570703.6976137	60.7	4.617021276595745	75.8936170212766	39.255319148936174	61.87806501364188	5	22	67	6.0	116.0	60.0	22	3.0	29.0	15.0	35	0	0.03124690055847168	300	2.0779824256896973	33	89.0	
64.2897134593963	66.1	5.64	105.56	54.6	61.87806501364188	6	23	67	6	116	60	22	3	29	15	35	0	0.031249046325683594	350	2.109231472015381	33	90.57142857142857	
61.87806501364188	67.0	6.0	116.0	60.0	61.87806501364188	7	23	67	6	116	60	67	6	116	60	35	0	0.03124713897705078	400	2.1404786109924316	33	91.75	
61.87806501364188	67.0	6.0	116.0	60.0	61.87806501364188	8	23	67	6	116	60	67	6	116	60	35	0	0.031247615814208984	450	2.1717262268066406	33	92.66666666666667	
61.87806501364188	67.0	6.0	116.0	60.0	61.87806501364188	9	23	67	6	116	60	67	6	116	60	35	0	0.01562356948852539	500	2.187349796295166	33	93.4	
61.87806501364188	67.0	6.0	116.0	60.0	61.87806501364188	10	23	67	6	116	60	67	6	116	60	35	0	0.03124833106994629	550	2.2185981273651123	33	94.0	
61.87806501364188	67.0	6.0	116.0	60.0	61.87806501364188	11	23	67	6	116	60	67	6	116	60	35	0	0.04687237739562988	600	2.265470504760742	33	94.5	
61.87806501364188	67.0	6.0	116.0	60.0	61.87806501364188	12	23	67	6	116	60	67	6	116	60	35	0	0.04687213897705078	650	2.312342643737793	33	94.92307692307692	
61.87806501364188	67.0	6.0	116.0	60.0	61.87806501364188	13	23	67	6	116	60	67	6	116	60	35	0	0.031247377395629883	700	2.343590021133423	33	95.28571428571429	
61.87806501364188	67.0	6.0	116.0	60.0	61.87806501364188	14	23	67	6	116	60	67	6	116	60	35	0	0.06249642372131348	750	2.4060864448547363	33	95.6	
61.87806501364188	67.0	6.0	116.0	60.0	61.87806501364188	15	23	67	6	116	60	67	6	116	60	35	0	0.04687070846557617	800	2.4529571533203125	33	95.875	
61.87806501364188	67.0	6.0	116.0	60.0	61.87806501364188	16	23	67	6	116	60	67	6	116	60	35	0	0.03124856948852539	850	2.484205722808838	33	96.11764705882354	
61.87806501364188	67.0	6.0	116.0	60.0	61.87806501364188	17	23	67	6	116	60	67	6	116	60	35	0	0.031248807907104492	900	2.5154545307159424	33	96.33333333333333	
61.87806501364188	67.0	6.0	116.0	60.0	61.87806501364188	18	23	67	6	116	60	67	6	116	60	35	0	0.04687190055847168	950	2.562326431274414	33	96.52631578947368	
61.87806501364188	67.0	6.0	116.0	60.0	61.87806501364188	19	23	67	6	116	60	67	6	116	60	35	0	0.04687237739562988	1000	2.609198808670044	33	96.7	
61.87806501364188	67.0	6.0	116.0	60.0	61.87806501364188	20	23	67	6	116	60	67	6	116	60	35	0	0.04687094688415527	1050	2.656069755554199	33	96.85714285714286	
61.87806501364188	67.0	6.0	116.0	60.0	61.87806501364188	21	23	67	6	116	60	67	6	116	60	35	0	0.04687070846557617	1100	2.7029404640197754	33	97.0	
61.87806501364188	67.0	6.0	116.0	60.0	61.87806501364188	22	23	67	6	116	60	67	6	116	60	35	0	0.031248092651367188	1150	2.7341885566711426	33	97.1304347826087	
61.87806501364188	67.0	6.0	116.0	60.0	61.87806501364188	23	23	67	6	116	60	67	6	116	60	35	0	0.015623807907104492	1200	2.749812364578247	33	97.25	
61.87806501364188	67.0	6.0	116.0	60.0	61.87806501364188	24	23	67	6	116	60	67	6	116	60	35	0	0.06249570846557617	1250	2.8123080730438232	33	97.36	
61.87806501364188	67.0	6.0	116.0	60.0	61.87806501364188	25	23	67	6	116	60	67	6	116	60	35	0	0.031247854232788086	1300	2.8435559272766113	33	97.46153846153847	
61.87806501364188	67.0	6.0	116.0	60.0	61.87806501364188	26	23	67	6	116	60	67	6	116	60	35	0	0.031247854232788086	1350	2.8748037815093994	33	97.55555555555556	
61.87806501364188	67.0	6.0	116.0	60.0	61.87806501364188	27	23	67	6	116	60	67	6	116	60	35	0	0.04687166213989258	1400	2.921675443649292	33	97.64285714285714	
61.87806501364188	67.0	6.0	116.0	60.0	61.87806501364188	28	23	67	6	116	60	67	6	116	60	35	0	0.04687237739562988	1450	2.968547821044922	33	97.72413793103448	
61.87806501364188	67.0	6.0	116.0	60.0	61.87806501364188	29	23	67	6	116	60	67	6	116	60	35	0	0.031247615814208984	1500	2.999795436859131	33	97.8	
61.87806501364188	67.0	6.0	116.0	60.0	61.87806501364188	30	23	67	6	116	60	67	6	116	60	35	0	0.04687190055847168	1550	3.0466673374176025	33	97.87096774193549	
61.87806501364188	67.0	6.0	116.0	60.0	61.87806501364188	31	23	67	6	116	60	67	6	116	60	35	0	0.046872615814208984	1600	3.0935399532318115	33	97.9375	
61.87806501364188	67.0	6.0	116.0	60.0	61.87806501364188	32	23	67	6	116	60	67	6	116	60	35	0	0.015623092651367188	1650	3.1091630458831787	33	98.0	
61.87806501364188	67.0	6.0	116.0	60.0	61.87806501364188	33	23	67	6	116	60	67	6	116	60	35	0	0.03124833106994629	1700	3.140411376953125	33	98.05882352941177	
61.87806501364188	67.0	6.0	116.0	60.0	61.87806501364188	34	23	67	6	116	60	67	6	116	60	35	0	0.031246423721313477	1750	3.1716578006744385	33	98.11428571428571	
61.87806501364188	67.0	6.0	116.0	60.0	61.87806501364188	35	23	67	6	116	60	67	6	116	60	35	0	0.04687213897705078	1800	3.2185299396514893	33	98.16666666666667	
61.87806501364188	67.0	6.0	116.0	60.0	61.87806501364188	36	23	67	6	116	60	67	6	116	60	35	0	0.04687213897705078	1850	3.26540207862854	33	98.21621621621621	
61.87806501364188	67.0	6.0	116.0	60.0	61.87806501364188	37	23	67	6	116	60	67	6	116	60	35	0	0.04687237739562988	1900	3.31227445602417	33	98.26315789473684	
61.87806501364188	67.0	6.0	116.0	60.0	61.87806501364188	38	23	67	6	116	60	67	6	116	60	35	0	0.04687190055847168	1950	3.3591463565826416	33	98.3076923076923	
61.87806501364188	67.0	6.0	116.0	60.0	61.87806501364188	39	23	67	6	116	60	67	6	116	60	35	0	0.046871185302734375	2000	3.406017541885376	33	98.35	
61.87806501364188	67.0	6.0	116.0	60.0	61.87806501364188	40	23	67	6	116	60	67	6	116	60	35	0	0.031248092651367188	2050	3.437265634536743	33	98.39024390243902	
61.87806501364188	67.0	6.0	116.0	60.0	61.87806501364188	41	23	67	6	116	60	67	6	116	60	35	0	0.04687190055847168	2100	3.484137535095215	33	98.42857142857143	
61.87806501364188	67.0	6.0	116.0	60.0	61.87806501364188	42	23	67	6	116	60	67	6	116	60	35	0	0.04687070846557617	2150	3.531008243560791	33	98.46511627906976	
61.87806501364188	67.0	6.0	116.0	60.0	61.87806501364188	43	23	67	6	116	60	67	6	116	60	35	0	0.04687213897705078	2200	3.577880382537842	33	98.5	
61.87806501364188	67.0	6.0	116.0	60.0	61.87806501364188	44	23	67	6	116	60	67	6	116	60	35	0	0.015624284744262695	2250	3.5935046672821045	33	98.53333333333333	
61.87806501364188	67.0	6.0	116.0	60.0	61.87806501364188	45	23	67	6	116	60	67	6	116	60	35	0	0.04687166213989258	2300	3.640376329421997	33	98.56521739130434	
61.87806501364188	67.0	6.0	116.0	60.0	61.87806501364188	46	23	67	6	116	60	67	6	116	60	35	0	0.046871185302734375	2350	3.6872475147247314	33	98.59574468085107	
61.87806501364188	67.0	6.0	116.0	60.0	61.87806501364188	47	23	67	6	116	60	67	6	116	60	35	0	0.04687142372131348	2400	3.734118938446045	33	98.625	
61.87806501364188	67.0	6.0	116.0	60.0	61.87806501364188	48	23	67	6	116	60	67	6	116	60	35	0	0.031248092651367188	2450	3.765367031097412	33	98.65306122448979	
61.87806501364188	67.0	6.0	116.0	60.0	61.87806501364188	49	23	67	6	116	60	67	6	116	60	35	0	0.031247615814208984	2500	3.796614646911621	33	98.68	
61.87806501364188	67.0	6.0	116.0	60.0	61.87806501364188	50	23	67	6	116	60	67	6	116	60	35	0	0.04687309265136719	2550	3.8434877395629883	33	98.70588235294117	
61.87806501364188	67.0	6.0	116.0	60.0	61.87806501364188	51	23	67	6	116	60	67	6	116	60	35	0	0.03124690055847168	2600	3.87473464012146	33	98.73076923076923	
61.87806501364188	67.0	6.0	116.0	60.0	61.87806501364188	52	23	67	6	116	60	67	6	116	60	35	0	0.031247615814208984	2650	3.905982255935669	33	98.75471698113208	
61.87806501364188	67.0	6.0	116.0	60.0	61.87806501364188	53	23	67	6	116	60	67	6	116	60	35	0	0.046872854232788086	2700	3.952855110168457	33	98.77777777777777	
61.87806501364188	67.0	6.0	116.0	60.0	61.87806501364188	54	23	67	6	116	60	67	6	116	60	35	0	0.015623092651367188	2750	3.968478202819824	33	98.8	
61.87806501364188	67.0	6.0	116.0	60.0	61.87806501364188	55	23	67	6	116	60	67	6	116	60	35	0	0.031247377395629883	2800	3.999725580215454	33	98.82142857142857	
61.87806501364188	67.0	6.0	116.0	60.0	61.87806501364188	56	23	67	6	116	60	67	6	116	60	35	0	0.04687237739562988	2850	4.046597957611084	33	98.84210526315789	
61.87806501364188	67.0	6.0	116.0	60.0	61.87806501364188	57	23	67	6	116	60	67	6	116	60	35	0	0.031247377395629883	2900	4.077845335006714	33	98.86206896551724	
61.87806501364188	67.0	6.0	116.0	60.0	61.87806501364188	58	23	67	6	116	60	67	6	116	60	35	0	0.04687237739562988	2950	4.124717712402344	33	98.88135593220339	
61.87806501364188	67.0	6.0	116.0	60.0	61.87806501364188	59	23	67	6	116	60	67	6	116	60	35	0	0.031249046325683594	3000	4.155966758728027	33	98.9	
61.87806501364188	67.0	6.0	116.0	60.0	61.87806501364188	60	23	67	6	116	60	67	6	116	60	35	0	0.031246423721313477	3050	4.187213182449341	33	98.91803278688525	
61.87806501364188	67.0	6.0	116.0	60.0	61.87806501364188	61	23	67	6	116	60	67	6	116	60	35	0	0.04687166213989258	3100	4.234084844589233	33	98.93548387096774	
61.87806501364188	67.0	6.0	116.0	60.0	61.87806501364188	62	23	67	6	116	60	67	6	116	60	35	0	0.03124833106994629	3150	4.26533317565918	33	98.95238095238095	
61.87806501364188	67.0	6.0	116.0	60.0	61.87806501364188	63	23	67	6	116	60	67	6	116	60	35	0	0.031247615814208984	3200	4.296580791473389	33	98.96875	
61.87806501364188	67.0	6.0	116.0	60.0	61.87806501364188	64	23	67	6	116	60	67	6	116	60	35	0	0.04687213897705078	3250	4.3434529304504395	33	98.98461538461538	
61.87806501364188	67.0	6.0	116.0	60.0	61.87806501364188	65	23	67	6	116	60	67	6	116	60	35	0	0.04687142372131348	3300	4.390324354171753	33	99.0	
61.87806501364188	67.0	6.0	116.0	60.0	61.87806501364188	66	23	67	6	116	60	67	6	116	60	35	0	0.04687166213989258	3350	4.4371960163116455	33	99.01492537313433	
61.87806501364188	67.0	6.0	116.0	60.0	61.87806501364188	67	23	67	6	116	60	67	6	116	60	35	0	0.031247615814208984	3400	4.4684436321258545	33	99.02941176470588	
61.87806501364188	67.0	6.0	116.0	60.0	61.87806501364188	68	23	67	6	116	60	67	6	116	60	35	0	0.04687213897705078	3450	4.515315771102905	33	99.04347826086956	
61.87806501364188	67.0	6.0	116.0	60.0	61.87806501364188	69	23	67	6	116	60	67	6	116	60	35	0	0.04687190055847168	3500	4.562187671661377	33	99.05714285714286	
61.87806501364188	67.0	6.0	116.0	60.0	61.87806501364188	70	23	67	6	116	60	67	6	116	60	35	0	0.03124856948852539	3550	4.593436241149902	33	99.07042253521126	
61.87806501364188	67.0	6.0	116.0	60.0	61.87806501364188	71	23	67	6	116	60	67	6	116	60	35	0	0.015623092651367188	3600	4.6090593338012695	33	99.08333333333333	
61.87806501364188	67.0	6.0	116.0	60.0	61.87806501364188	72	23	67	6	116	60	67	6	116	60	35	0	0.04687190055847168	3650	4.655931234359741	33	99.0958904109589	
61.87806501364188	67.0	6.0	116.0	60.0	61.87806501364188	73	23	67	6	116	60	67	6	116	60	35	0	0.031248092651367188	3700	4.687179327011108	33	99.10810810810811	
61.87806501364188	67.0	6.0	116.0	60.0	61.87806501364188	74	23	67	6	116	60	67	6	116	60	35	0	0.031247615814208984	3750	4.718426942825317	33	99.12	
61.87806501364188	67.0	6.0	116.0	60.0	61.87806501364188	75	23	67	6	116	60	67	6	116	60	35	0	0.04687166213989258	3800	4.76529860496521	33	99.13157894736842	
61.87806501364188	67.0	6.0	116.0	60.0	61.87806501364188	76	23	67	6	116	60	67	6	116	60	35	0	0.031247854232788086	3850	4.796546459197998	33	99.14285714285714	
61.87806501364188	67.0	6.0	116.0	60.0	61.87806501364188	77	23	67	6	116	60	67	6	116	60	35	0	0.04687190055847168	3900	4.84341835975647	33	99.15384615384616	
61.87806501364188	67.0	6.0	116.0	60.0	61.87806501364188	78	23	67	6	116	60	67	6	116	60	35	0	0.031247854232788086	3950	4.874666213989258	33	99.16455696202532	
61.87806501364188	67.0	6.0	116.0	60.0	61.87806501364188	79	23	67	6	116	60	67	6	116	60	35	0	0.04687190055847168	4000	4.9215381145477295	33	99.175	
61.87806501364188	67.0	6.0	116.0	60.0	61.87806501364188	80	23	67	6	116	60	67	6	116	60	35	0	0.031247615814208984	4050	4.9527857303619385	33	99.18518518518519	
61.87806501364188	67.0	6.0	116.0	60.0	61.87806501364188	81	23	67	6	116	60	67	6	116	60	35	0	0.015624284744262695	4100	4.968410015106201	33	99.1951219512195	
61.87806501364188	67.0	6.0	116.0	60.0	61.87806501364188	82	23	67	6	116	60	67	6	116	60	35	0	0.04687142372131348	4150	5.015281438827515	33	99.20481927710843	
61.87806501364188	67.0	6.0	116.0	60.0	61.87806501364188	83	23	67	6	116	60	67	6	116	60	35	0	0.031247615814208984	4200	5.046529054641724	33	99.21428571428571	
61.87806501364188	67.0	6.0	116.0	60.0	61.87806501364188	84	23	67	6	116	60	67	6	116	60	35	0	0.03124833106994629	4250	5.07777738571167	33	99.2235294117647	
61.87806501364188	67.0	6.0	116.0	60.0	61.87806501364188	85	23	67	6	116	60	67	6	116	60	35	0	0.031247377395629883	4300	5.1090247631073	33	99.23255813953489	
61.87806501364188	67.0	6.0	116.0	60.0	61.87806501364188	86	23	67	6	116	60	67	6	116	60	35	0	0.031248092651367188	4350	5.140272855758667	33	99.24137931034483	
61.87806501364188	67.0	6.0	116.0	60.0	61.87806501364188	87	23	67	6	116	60	67	6	116	60	35	0	0.04687237739562988	4400	5.187145233154297	33	99.25	
61.87806501364188	67.0	6.0	116.0	60.0	61.87806501364188	88	23	67	6	116	60	67	6	116	60	35	0	0.031247377395629883	4450	5.218392610549927	33	99.25842696629213	
61.87806501364188	67.0	6.0	116.0	60.0	61.87806501364188	89	23	67	6	116	60	67	6	116	60	35	0	0.031247854232788086	4500	5.249640464782715	33	99.26666666666667	
61.87806501364188	67.0	6.0	116.0	60.0	61.87806501364188	90	23	67	6	116	60	67	6	116	60	35	0	0.031247854232788086	4550	5.280888319015503	33	99.27472527472527	
61.87806501364188	67.0	6.0	116.0	60.0	61.87806501364188	91	23	67	6	116	60	67	6	116	60	35	0	0.031247854232788086	4600	5.312136173248291	33	99.28260869565217	
61.87806501364188	67.0	6.0	116.0	60.0	61.87806501364188	92	23	67	6	116	60	67	6	116	60	35	0	0.03124833106994629	4650	5.343384504318237	33	99.29032258064517	
61.87806501364188	67.0	6.0	116.0	60.0	61.87806501364188	93	23	67	6	116	60	67	6	116	60	35	0	0.031248807907104492	4700	5.374633312225342	33	99.29787234042553	
61.87806501364188	67.0	6.0	116.0	60.0	61.87806501364188	94	23	67	6	116	60	67	6	116	60	35	0	0.04687023162841797	4750	5.42150354385376	33	99.30526315789474	
61.87806501364188	67.0	6.0	116.0	60.0	61.87806501364188	95	23	67	6	116	60	67	6	116	60	35	0	0.031248092651367188	4800	5.452751636505127	33	99.3125	
61.87806501364188	67.0	6.0	116.0	60.0	61.87806501364188	96	23	67	6	116	60	67	6	116	60	35	0	0.04687166213989258	4850	5.4996232986450195	33	99.31958762886597	
61.87806501364188	67.0	6.0	116.0	60.0	61.87806501364188	97	23	67	6	116	60	67	6	116	60	35	0	0.04687166213989258	4900	5.546494960784912	33	99.3265306122449	
61.87806501364188	67.0	6.0	116.0	60.0	61.87806501364188	98	23	67	6	116	60	67	6	116	60	35	0	0.03124833106994629	4950	5.577743291854858	33	99.33333333333333	
61.87806501364188	67.0	6.0	116.0	60.0	61.87806501364188	99	23	67	6	116	60	67	6	116	60	35	0	0.031247854232788086	5000	5.6089911460876465	33	99.34	
61.87806501364188	67.0	6.0	116.0	60.0	61.87806501364188	100	23	67	6	116	60	67	6	116	60	35	0	0.031247854232788086	5050	5.640239000320435	33	99.34653465346534	
61.87806501364188	67.0	6.0	116.0	60.0	61.87806501364188	101	23	67	6	116	60	67	6	116	60	35	0	0.031247377395629883	5100	5.6714863777160645	33	99.3529411764706	
61.87806501364188	67.0	6.0	116.0	60.0	61.87806501364188	102	23	67	6	116	60	67	6	116	60	35	0	0.04687213897705078	5150	5.718358516693115	33	99.35922330097087	
61.87806501364188	67.0	6.0	116.0	60.0	61.87806501364188	103	23	67	6	116	60	67	6	116	60	35	0	0.04687190055847168	5200	5.765230417251587	33	99.36538461538461	
61.87806501364188	67.0	6.0	116.0	60.0	61.87806501364188	104	23	67	6	116	60	67	6	116	60	35	0	0.031247854232788086	5250	5.796478271484375	33	99.37142857142857	
61.87806501364188	67.0	6.0	116.0	60.0	61.87806501364188	105	23	67	6	116	60	67	6	116	60	35	0	0.04687190055847168	5300	5.843350172042847	33	99.37735849056604	
61.87806501364188	67.0	6.0	116.0	60.0	61.87806501364188	106	23	67	6	116	60	67	6	116	60	35	0	0.04687142372131348	5350	5.89022159576416	33	99.38317757009345	
61.87806501364188	67.0	6.0	116.0	60.0	61.87806501364188	107	23	67	6	116	60	67	6	116	60	35	0	0.031247854232788086	5400	5.921469449996948	33	99.38888888888889	
61.87806501364188	67.0	6.0	116.0	60.0	61.87806501364188	108	23	67	6	116	60	67	6	116	60	35	0	0.04687190055847168	5450	5.96834135055542	33	99.39449541284404	
61.87806501364188	67.0	6.0	116.0	60.0	61.87806501364188	109	23	67	6	116	60	67	6	116	60	35	0	0.031247854232788086	5500	5.999589204788208	33	99.4	
61.87806501364188	67.0	6.0	116.0	60.0	61.87806501364188	110	23	67	6	116	60	67	6	116	60	35	0	0.031247615814208984	5550	6.030836820602417	33	99.4054054054054	
61.87806501364188	67.0	6.0	116.0	60.0	61.87806501364188	111	23	67	6	116	60	67	6	116	60	35	0	0.031248092651367188	5600	6.062084913253784	33	99.41071428571429	
61.87806501364188	67.0	6.0	116.0	60.0	61.87806501364188	112	23	67	6	116	60	67	6	116	60	35	0	0.031247854232788086	5650	6.093332767486572	33	99.41592920353982	
61.87806501364188	67.0	6.0	116.0	60.0	61.87806501364188	113	23	67	6	116	60	67	6	116	60	35	0	0.031247615814208984	5700	6.124580383300781	33	99.42105263157895	
61.87806501364188	67.0	6.0	116.0	60.0	61.87806501364188	114	23	67	6	116	60	67	6	116	60	35	0	0.03124833106994629	5750	6.1558287143707275	33	99.42608695652174	
61.87806501364188	67.0	6.0	116.0	60.0	61.87806501364188	115	23	67	6	116	60	67	6	116	60	35	0	0.015623807907104492	5800	6.171452522277832	33	99.43103448275862	
61.87806501364188	67.0	6.0	116.0	60.0	61.87806501364188	116	23	67	6	116	60	67	6	116	60	35	0	0.04687094688415527	5850	6.218323469161987	33	99.43589743589743	
61.87806501364188	67.0	6.0	116.0	60.0	61.87806501364188	117	23	67	6	116	60	67	6	116	60	35	0	0.031249284744262695	5900	6.24957275390625	33	99.44067796610169	
61.87806501364188	67.0	6.0	116.0	60.0	61.87806501364188	118	23	67	6	116	60	67	6	116	60	35	0	0.031247854232788086	5950	6.280820608139038	33	99.4453781512605	
61.87806501364188	67.0	6.0	116.0	60.0	61.87806501364188	119	23	67	6	116	60	67	6	116	60	35	0	0.031247377395629883	6000	6.312067985534668	33	99.45	
61.87806501364188	67.0	6.0	116.0	60.0	61.87806501364188	120	23	67	6	116	60	67	6	116	60	35	0	0.04687190055847168	6050	6.35893988609314	33	99.45454545454545	
61.87806501364188	67.0	6.0	116.0	60.0	61.87806501364188	121	23	67	6	116	60	67	6	116	60	35	0	0.031248807907104492	6100	6.390188694000244	33	99.45901639344262	
61.87806501364188	67.0	6.0	116.0	60.0	61.87806501364188	122	23	67	6	116	60	67	6	116	60	35	0	0.04687070846557617	6150	6.43705940246582	33	99.46341463414635	
61.87806501364188	67.0	6.0	116.0	60.0	61.87806501364188	123	23	67	6	116	60	67	6	116	60	35	0	0.031248092651367188	6200	6.4683074951171875	33	99.46774193548387	
61.87806501364188	67.0	6.0	116.0	60.0	61.87806501364188	124	23	67	6	116	60	67	6	116	60	35	0	0.06249594688415527	6250	6.530803442001343	33	99.472	
61.87806501364188	67.0	6.0	116.0	60.0	61.87806501364188	125	23	67	6	116	60	67	6	116	60	35	0	0.03124856948852539	6300	6.562052011489868	33	99.47619047619048	
61.87806501364188	67.0	6.0	116.0	60.0	61.87806501364188	126	23	67	6	116	60	67	6	116	60	35	0	0.04687142372131348	6350	6.608923435211182	33	99.48031496062993	
61.87806501364188	67.0	6.0	116.0	60.0	61.87806501364188	127	23	67	6	116	60	67	6	116	60	35	0	0.04687070846557617	6400	6.655794143676758	33	99.484375	
61.87806501364188	67.0	6.0	116.0	60.0	61.87806501364188	128	23	67	6	116	60	67	6	116	60	35	0	0.031249284744262695	6450	6.6870434284210205	33	99.48837209302326	
61.87806501364188	67.0	6.0	116.0	60.0	61.87806501364188	129	23	67	6	116	60	67	6	116	60	35	0	0.031249046325683594	6500	6.718292474746704	33	99.49230769230769	
61.87806501364188	67.0	6.0	116.0	60.0	61.87806501364188	130	23	67	6	116	60	67	6	116	60	35	0	0.046872854232788086	6550	6.765165328979492	33	99.49618320610686	
61.87806501364188	67.0	6.0	116.0	60.0	61.87806501364188	131	23	67	6	116	60	67	6	116	60	35	0	0.04686999320983887	6600	6.812035322189331	33	99.5	
61.87806501364188	67.0	6.0	116.0	60.0	61.87806501364188	132	23	67	6	116	60	67	6	116	60	35	0	0.046871185302734375	6650	6.858906507492065	33	99.50375939849624	
61.87806501364188	67.0	6.0	116.0	60.0	61.87806501364188	133	23	67	6	116	60	67	6	116	60	35	0	0.031248807907104492	6700	6.89015531539917	33	99.50746268656717	
61.87806501364188	67.0	6.0	116.0	60.0	61.87806501364188	134	23	67	6	116	60	67	6	116	60	35	0	0.031247854232788086	6750	6.921403169631958	33	99.5111111111111	
61.87806501364188	67.0	6.0	116.0	60.0	61.87806501364188	135	23	67	6	116	60	67	6	116	60	35	0	0.04687047004699707	6800	6.968273639678955	33	99.51470588235294	
61.87806501364188	67.0	6.0	116.0	60.0	61.87806501364188	136	23	67	6	116	60	67	6	116	60	35	0	0.03124713897705078	6850	6.999520778656006	33	99.51824817518248	
61.87806501364188	67.0	6.0	116.0	60.0	61.87806501364188	137	23	67	6	116	60	67	6	116	60	35	0	0.03124833106994629	6900	7.030769109725952	33	99.52173913043478	
61.87806501364188	67.0	6.0	116.0	60.0	61.87806501364188	138	23	67	6	116	60	67	6	116	60	35	0	0.04687237739562988	6950	7.077641487121582	33	99.5251798561151	
61.87806501364188	67.0	6.0	116.0	60.0	61.87806501364188	139	23	67	6	116	60	67	6	116	60	35	0	0.03124833106994629	7000	7.108889818191528	33	99.52857142857142	
61.87806501364188	67.0	6.0	116.0	60.0	61.87806501364188	140	23	67	6	116	60	67	6	116	60	35	0	0.031249523162841797	7050	7.14013934135437	33	99.53191489361703	
61.87806501364188	67.0	6.0	116.0	60.0	61.87806501364188	141	23	67	6	116	60	67	6	116	60	35	0	0.031247854232788086	7100	7.171387195587158	33	99.53521126760563	
61.87806501364188	67.0	6.0	116.0	60.0	61.87806501364188	142	23	67	6	116	60	67	6	116	60	35	0	0.04687213897705078	7150	7.218259334564209	33	99.53846153846153	
61.87806501364188	67.0	6.0	116.0	60.0	61.87806501364188	143	23	67	6	116	60	67	6	116	60	35	0	0.046869754791259766	7200	7.265129089355469	33	99.54166666666667	
61.87806501364188	67.0	6.0	116.0	60.0	61.87806501364188	144	23	67	6	116	60	67	6	116	60	35	0	0.03124713897705078	7250	7.2963762283325195	33	99.54482758620689	
61.87806501364188	67.0	6.0	116.0	60.0	61.87806501364188	145	23	67	6	116	60	67	6	116	60	35	0	0.04687190055847168	7300	7.343248128890991	33	99.54794520547945	
61.87806501364188	67.0	6.0	116.0	60.0	61.87806501364188	146	23	67	6	116	60	67	6	116	60	35	0	0.031249046325683594	7350	7.374497175216675	33	99.55102040816327	
61.87806501364188	67.0	6.0	116.0	60.0	61.87806501364188	147	23	67	6	116	60	67	6	116	60	35	0	0.031246185302734375	7400	7.405743360519409	33	99.55405405405405	
61.87806501364188	67.0	6.0	116.0	60.0	61.87806501364188	148	23	67	6	116	60	67	6	116	60	35	0	0.046874046325683594	7450	7.452617406845093	33	99.55704697986577	
61.87806501364188	67.0	6.0	116.0	60.0	61.87806501364188	149	23	67	6	116	60	67	6	116	60	35	0	0.031246185302734375	7500	7.483863592147827	33	99.56	
61.87806501364188	67.0	6.0	116.0	60.0	61.87806501364188	150	23	67	6	116	60	67	6	116	60	35	0	0.046872854232788086	7550	7.530736446380615	33	99.56291390728477	
61.87806501364188	67.0	6.0	116.0	60.0	61.87806501364188	151	23	67	6	116	60	67	6	116	60	35	0	0.04687190055847168	7600	7.577608346939087	33	99.5657894736842	
61.87806501364188	67.0	6.0	116.0	60.0	61.87806501364188	152	23	67	6	116	60	67	6	116	60	35	0	0.03124713897705078	7650	7.608855485916138	33	99.56862745098039	
61.87806501364188	67.0	6.0	116.0	60.0	61.87806501364188	153	23	67	6	116	60	67	6	116	60	35	0	0.031248807907104492	7700	7.640104293823242	33	99.57142857142857	
61.87806501364188	67.0	6.0	116.0	60.0	61.87806501364188	154	23	67	6	116	60	67	6	116	60	35	0	0.031247854232788086	7750	7.67135214805603	33	99.5741935483871	
61.87806501364188	67.0	6.0	116.0	60.0	61.87806501364188	155	23	67	6	116	60	67	6	116	60	35	0	0.04687047004699707	7800	7.718222618103027	33	99.57692307692308	
61.87806501364188	67.0	6.0	116.0	60.0	61.87806501364188	156	23	67	6	116	60	67	6	116	60	35	0	0.04687309265136719	7850	7.7650957107543945	33	99.57961783439491	
61.87806501364188	67.0	6.0	116.0	60.0	61.87806501364188	157	23	67	6	116	60	67	6	116	60	35	0	0.031247854232788086	7900	7.796343564987183	33	99.58227848101266	
61.87806501364188	67.0	6.0	116.0	60.0	61.87806501364188	158	23	67	6	116	60	67	6	116	60	35	0	0.031245708465576172	7950	7.827589273452759	33	99.58490566037736	
61.87806501364188	67.0	6.0	116.0	60.0	61.87806501364188	159	23	67	6	116	60	67	6	116	60	35	0	0.015625	8000	7.843214273452759	33	99.5875	
61.87806501364188	67.0	6.0	116.0	60.0	61.87806501364188	160	23	67	6	116	60	67	6	116	60	35	0	0.03124713897705078	8050	7.87446141242981	33	99.59006211180125	
61.87806501364188	67.0	6.0	116.0	60.0	61.87806501364188	161	23	67	6	116	60	67	6	116	60	35	0	0.04687190055847168	8100	7.921333312988281	33	99.5925925925926	
61.87806501364188	67.0	6.0	116.0	60.0	61.87806501364188	162	23	67	6	116	60	67	6	116	60	35	0	0.031248092651367188	8150	7.952581405639648	33	99.59509202453988	
61.87806501364188	67.0	6.0	116.0	60.0	61.87806501364188	163	23	67	6	116	60	67	6	116	60	35	0	0.04687237739562988	8200	7.999453783035278	33	99.59756097560975	
61.87806501364188	67.0	6.0	116.0	60.0	61.87806501364188	164	23	67	6	116	60	67	6	116	60	35	0	0.031247377395629883	8250	8.030701160430908	33	99.6	
61.87806501364188	67.0	6.0	116.0	60.0	61.87806501364188	165	23	67	6	116	60	67	6	116	60	35	0	0.031247615814208984	8300	8.061948776245117	33	99.60240963855422	
61.87806501364188	67.0	6.0	116.0	60.0	61.87806501364188	166	23	67	6	116	60	67	6	116	60	35	0	0.04687142372131348	8350	8.10882019996643	33	99.60479041916167	
61.87806501364188	67.0	6.0	116.0	60.0	61.87806501364188	167	23	67	6	116	60	67	6	116	60	35	0	0.04687333106994629	8400	8.155693531036377	33	99.60714285714286	
61.87806501364188	67.0	6.0	116.0	60.0	61.87806501364188	168	23	67	6	116	60	67	6	116	60	35	0	0.03124690055847168	8450	8.186940431594849	33	99.6094674556213	
61.87806501364188	67.0	6.0	116.0	60.0	61.87806501364188	169	23	67	6	116	60	67	6	116	60	35	0	0.031249523162841797	8500	8.21818995475769	33	99.61176470588235	
61.87806501364188	67.0	6.0	116.0	60.0	61.87806501364188	170	23	67	6	116	60	67	6	116	60	35	0	0.046869754791259766	8550	8.26505970954895	33	99.6140350877193	
61.87806501364188	67.0	6.0	116.0	60.0	61.87806501364188	171	23	67	6	116	60	67	6	116	60	35	0	0.04687333106994629	8600	8.311933040618896	33	99.61627906976744	
61.87806501364188	67.0	6.0	116.0	60.0	61.87806501364188	172	23	67	6	116	60	67	6	116	60	35	0	0.015623331069946289	8650	8.327556371688843	33	99.61849710982659	
61.87806501364188	67.0	6.0	116.0	60.0	61.87806501364188	173	23	67	6	116	60	67	6	116	60	35	0	0.046872615814208984	8700	8.374428987503052	33	99.62068965517241	
61.87806501364188	67.0	6.0	116.0	60.0	61.87806501364188	174	23	67	6	116	60	67	6	116	60	35	0	0.031247854232788086	8750	8.40567684173584	33	99.62285714285714	
61.87806501364188	67.0	6.0	116.0	60.0	61.87806501364188	175	23	67	6	116	60	67	6	116	60	35	0	0.04687166213989258	8800	8.452548503875732	33	99.625	
61.87806501364188	67.0	6.0	116.0	60.0	61.87806501364188	176	23	67	6	116	60	67	6	116	60	35	0	0.03124713897705078	8850	8.483795642852783	33	99.62711864406779	
61.87806501364188	67.0	6.0	116.0	60.0	61.87806501364188	177	23	67	6	116	60	67	6	116	60	35	0	0.03124833106994629	8900	8.51504397392273	33	99.62921348314607	
61.87806501364188	67.0	6.0	116.0	60.0	61.87806501364188	178	23	67	6	116	60	67	6	116	60	35	0	0.031248807907104492	8950	8.546292781829834	33	99.63128491620111	
61.87806501364188	67.0	6.0	116.0	60.0	61.87806501364188	179	23	67	6	116	60	67	6	116	60	35	0	0.031249523162841797	9000	8.577542304992676	33	99.63333333333334	
61.87806501364188	67.0	6.0	116.0	60.0	61.87806501364188	180	23	67	6	116	60	67	6	116	60	35	0	0.031245946884155273	9050	8.608788251876831	33	99.6353591160221	
61.87806501364188	67.0	6.0	116.0	60.0	61.87806501364188	181	23	67	6	116	60	67	6	116	60	35	0	0.04687237739562988	9100	8.655660629272461	33	99.63736263736264	
61.87806501364188	67.0	6.0	116.0	60.0	61.87806501364188	182	23	67	6	116	60	67	6	116	60	35	0	0.031246423721313477	9150	8.686907052993774	33	99.63934426229508	
61.87806501364188	67.0	6.0	116.0	60.0	61.87806501364188	183	23	67	6	116	60	67	6	116	60	35	0	0.031246423721313477	9200	8.718153476715088	33	99.6413043478261	
61.87806501364188	67.0	6.0	116.0	60.0	61.87806501364188	184	23	67	6	116	60	67	6	116	60	35	0	0.06249547004699707	9250	8.780648946762085	33	99.64324324324325	
61.87806501364188	67.0	6.0	116.0	60.0	61.87806501364188	185	23	67	6	116	60	67	6	116	60	35	0	0.03124856948852539	9300	8.81189751625061	33	99.64516129032258	
61.87806501364188	67.0	6.0	116.0	60.0	61.87806501364188	186	23	67	6	116	60	67	6	116	60	35	0	0.04687356948852539	9350	8.858771085739136	33	99.6470588235294	
61.87806501364188	67.0	6.0	116.0	60.0	61.87806501364188	187	23	67	6	116	60	67	6	116	60	35	0	0.04687047004699707	9400	8.905641555786133	33	99.64893617021276	
61.87806501364188	67.0	6.0	116.0	60.0	61.87806501364188	188	23	67	6	116	60	67	6	116	60	35	0	0.04687094688415527	9450	8.952512502670288	33	99.65079365079364	
61.87806501364188	67.0	6.0	116.0	60.0	61.87806501364188	189	23	67	6	116	60	67	6	116	60	35	0	0.04687333106994629	9500	8.999385833740234	33	99.65263157894736	
61.87806501364188	67.0	6.0	116.0	60.0	61.87806501364188	190	23	67	6	116	60	67	6	116	60	35	0	0.04687047004699707	9550	9.046256303787231	33	99.6544502617801	
61.87806501364188	67.0	6.0	116.0	60.0	61.87806501364188	191	23	67	6	116	60	67	6	116	60	35	0	0.04687333106994629	9600	9.093129634857178	33	99.65625	
61.87806501364188	67.0	6.0	116.0	60.0	61.87806501364188	192	23	67	6	116	60	67	6	116	60	35	0	0.04686999320983887	9650	9.139999628067017	33	99.65803108808291	
61.87806501364188	67.0	6.0	116.0	60.0	61.87806501364188	193	23	67	6	116	60	67	6	116	60	35	0	0.046874284744262695	9700	9.18687391281128	33	99.65979381443299	
61.87806501364188	67.0	6.0	116.0	60.0	61.87806501364188	194	23	67	6	116	60	67	6	116	60	35	0	0.04686999320983887	9750	9.233743906021118	33	99.66153846153846	
61.87806501364188	67.0	6.0	116.0	60.0	61.87806501364188	195	23	67	6	116	60	67	6	116	60	35	0	0.015623807907104492	9800	9.249367713928223	33	99.66326530612245	
61.87806501364188	67.0	6.0	116.0	60.0	61.87806501364188	196	23	67	6	116	60	67	6	116	60	35	0	0.04687166213989258	9850	9.296239376068115	33	99.66497461928934	
61.87806501364188	67.0	6.0	116.0	60.0	61.87806501364188	197	23	67	6	116	60	67	6	116	60	35	0	0.04687333106994629	9900	9.343112707138062	33	99.66666666666667	
61.87806501364188	67.0	6.0	116.0	60.0	61.87806501364188	198	23	67	6	116	60	67	6	116	60	35	0	0.06249523162841797	9950	9.40560793876648	33	99.66834170854271	
61.87806501364188	67.0	6.0	116.0	60.0	61.87806501364188	199	23	67	6	116	60	67	6	116	60	35	0	0.04687166213989258	10000	9.452479600906372	33	99.67	
61.87806501364188	67.0	6.0	116.0	60.0	61.87806501364188	200	23	67	6	116	60	67	6	116	60	35	0	0.04687070846557617	10050	9.499350309371948	33	99.67164179104478	
61.87806501364188	67.0	6.0	116.0	60.0	61.87806501364188	201	23	67	6	116	60	67	6	116	60	35	0	0.04687380790710449	10100	9.546224117279053	33	99.67326732673267	
61.87806501364188	67.0	6.0	116.0	60.0	61.87806501364188	202	23	67	6	116	60	67	6	116	60	35	0	0.046874284744262695	10150	9.593098402023315	33	99.67487684729063	
61.87806501364188	67.0	6.0	116.0	60.0	61.87806501364188	203	23	67	6	116	60	67	6	116	60	35	0	0.046869754791259766	10200	9.639968156814575	33	99.67647058823529	
61.87806501364188	67.0	6.0	116.0	60.0	61.87806501364188	204	23	67	6	116	60	67	6	116	60	35	0	0.031245708465576172	10250	9.671213865280151	33	99.6780487804878	
61.87806501364188	67.0	6.0	116.0	60.0	61.87806501364188	205	23	67	6	116	60	67	6	116	60	35	0	0.04687190055847168	10300	9.718085765838623	33	99.67961165048544	
61.87806501364188	67.0	6.0	116.0	60.0	61.87806501364188	206	23	67	6	116	60	67	6	116	60	35	0	0.031247854232788086	10350	9.749333620071411	33	99.68115942028986	
61.87806501364188	67.0	6.0	116.0	60.0	61.87806501364188	207	23	67	6	116	60	67	6	116	60	35	0	0.046872854232788086	10400	9.7962064743042	33	99.6826923076923	
61.87806501364188	67.0	6.0	116.0	60.0	61.87806501364188	208	23	67	6	116	60	67	6	116	60	35	0	0.0468745231628418	10450	9.843080997467041	33	99.6842105263158	
61.87806501364188	67.0	6.0	116.0	60.0	61.87806501364188	209	23	67	6	116	60	67	6	116	60	35	0	0.04686784744262695	10500	9.889948844909668	33	99.68571428571428	
61.87806501364188	67.0	6.0	116.0	60.0	61.87806501364188	210	23	67	6	116	60	67	6	116	60	35	0	0.04687142372131348	10550	9.936820268630981	33	99.68720379146919	
61.87806501364188	67.0	6.0	116.0	60.0	61.87806501364188	211	23	67	6	116	60	67	6	116	60	35	0	0.04687190055847168	10600	9.983692169189453	33	99.68867924528301	
61.87806501364188	67.0	6.0	116.0	60.0	61.87806501364188	212	23	67	6	116	60	67	6	116	60	35	0	0.0468747615814209	10650	10.030566930770874	33	99.69014084507042	
61.87806501364188	67.0	6.0	116.0	60.0	61.87806501364188	213	23	67	6	116	60	67	6	116	60	35	0	0.04687023162841797	10700	10.077437162399292	33	99.69158878504673	
61.87806501364188	67.0	6.0	116.0	60.0	61.87806501364188	214	23	67	6	116	60	67	6	116	60	35	0	0.031247377395629883	10750	10.108684539794922	33	99.69302325581396	
61.87806501364188	67.0	6.0	116.0	60.0	61.87806501364188	215	23	67	6	116	60	67	6	116	60	35	0	0.04687666893005371	10800	10.155561208724976	33	99.69444444444444	
61.87806501364188	67.0	6.0	116.0	60.0	61.87806501364188	216	23	67	6	116	60	67	6	116	60	35	0	0.046872854232788086	10850	10.202434062957764	33	99.6958525345622	
61.87806501364188	67.0	6.0	116.0	60.0	61.87806501364188	217	23	67	6	116	60	67	6	116	60	35	0	0.046868085861206055	10900	10.24930214881897	33	99.69724770642202	
61.87806501364188	67.0	6.0	116.0	60.0	61.87806501364188	218	23	67	6	116	60	67	6	116	60	35	0	0.031244516372680664	10950	10.28054666519165	33	99.6986301369863	
61.87806501364188	67.0	6.0	116.0	60.0	61.87806501364188	219	23	67	6	116	60	67	6	116	60	35	0	0.046872615814208984	11000	10.32741928100586	33	99.7	
61.87806501364188	67.0	6.0	116.0	60.0	61.87806501364188	220	23	67	6	116	60	67	6	116	60	35	0	0.031247377395629883	11050	10.35866665840149	33	99.70135746606334	
61.87806501364188	67.0	6.0	116.0	60.0	61.87806501364188	221	23	67	6	116	60	67	6	116	60	35	0	0.04687142372131348	11100	10.405538082122803	33	99.70270270270271	
61.87806501364188	67.0	6.0	116.0	60.0	61.87806501364188	222	23	67	6	116	60	67	6	116	60	35	0	0.04687237739562988	11150	10.452410459518433	33	99.70403587443946	
61.87806501364188	67.0	6.0	116.0	60.0	61.87806501364188	223	23	67	6	116	60	67	6	116	60	35	0	0.046872854232788086	11200	10.49928331375122	33	99.70535714285714	
61.87806501364188	67.0	6.0	116.0	60.0	61.87806501364188	224	23	67	6	116	60	67	6	116	60	35	0	0.04687142372131348	11250	10.546154737472534	33	99.70666666666666	
61.87806501364188	67.0	6.0	116.0	60.0	61.87806501364188	225	23	67	6	116	60	67	6	116	60	35	0	0.031248807907104492	11300	10.577403545379639	33	99.70796460176992	
61.87806501364188	67.0	6.0	116.0	60.0	61.87806501364188	226	23	67	6	116	60	67	6	116	60	35	0	0.031247615814208984	11350	10.608651161193848	33	99.70925110132158	
61.87806501364188	67.0	6.0	116.0	60.0	61.87806501364188	227	23	67	6	116	60	67	6	116	60	35	0	0.046869754791259766	11400	10.655520915985107	33	99.71052631578948	
61.87806501364188	67.0	6.0	116.0	60.0	61.87806501364188	228	23	67	6	116	60	67	6	116	60	35	0	0.046872615814208984	11450	10.702393531799316	33	99.7117903930131	
61.87806501364188	67.0	6.0	116.0	60.0	61.87806501364188	229	23	67	6	116	60	67	6	116	60	35	0	0.04687142372131348	11500	10.74926495552063	33	99.71304347826087	
61.87806501364188	67.0	6.0	116.0	60.0	61.87806501364188	230	23	67	6	116	60	67	6	116	60	35	0	0.04687333106994629	11550	10.796138286590576	33	99.71428571428571	
61.87806501364188	67.0	6.0	116.0	60.0	61.87806501364188	231	23	67	6	116	60	67	6	116	60	35	0	0.046871185302734375	11600	10.84300947189331	33	99.71551724137932	
61.87806501364188	67.0	6.0	116.0	60.0	61.87806501364188	232	23	67	6	116	60	67	6	116	60	35	0	0.04687190055847168	11650	10.889881372451782	33	99.71673819742489	
61.87806501364188	67.0	6.0	116.0	60.0	61.87806501364188	233	23	67	6	116	60	67	6	116	60	35	0	0.046872615814208984	11700	10.936753988265991	33	99.71794871794872	
61.87806501364188	67.0	6.0	116.0	60.0	61.87806501364188	234	23	67	6	116	60	67	6	116	60	35	0	0.031247377395629883	11750	10.968001365661621	33	99.71914893617021	
61.87806501364188	67.0	6.0	116.0	60.0	61.87806501364188	235	23	67	6	116	60	67	6	116	60	35	0	0.04687094688415527	11800	11.014872312545776	33	99.72033898305085	
61.87806501364188	67.0	6.0	116.0	60.0	61.87806501364188	236	23	67	6	116	60	67	6	116	60	35	0	0.04687142372131348	11850	11.06174373626709	33	99.72151898734177	
61.87806501364188	67.0	6.0	116.0	60.0	61.87806501364188	237	23	67	6	116	60	67	6	116	60	35	0	0.031247615814208984	11900	11.092991352081299	33	99.72268907563026	
61.87806501364188	67.0	6.0	116.0	60.0	61.87806501364188	238	23	67	6	116	60	67	6	116	60	35	0	0.031247854232788086	11950	11.124239206314087	33	99.72384937238493	
61.87806501364188	67.0	6.0	116.0	60.0	61.87806501364188	239	23	67	6	116	60	67	6	116	60	35	0	0.031247854232788086	12000	11.155487060546875	33	99.725	
61.87806501364188	67.0	6.0	116.0	60.0	61.87806501364188	240	23	67	6	116	60	67	6	116	60	35	0	0.04687213897705078	12050	11.202359199523926	33	99.72614107883817	
61.87806501364188	67.0	6.0	116.0	60.0	61.87806501364188	241	23	67	6	116	60	67	6	116	60	35	0	0.04687213897705078	12100	11.249231338500977	33	99.72727272727273	
61.87806501364188	67.0	6.0	116.0	60.0	61.87806501364188	242	23	67	6	116	60	67	6	116	60	35	0	0.062496185302734375	12150	11.311727523803711	33	99.72839506172839	
61.87806501364188	67.0	6.0	116.0	60.0	61.87806501364188	243	23	67	6	116	60	67	6	116	60	35	0	0.031247615814208984	12200	11.34297513961792	33	99.72950819672131	
61.87806501364188	67.0	6.0	116.0	60.0	61.87806501364188	244	23	67	6	116	60	67	6	116	60	35	0	0.031246662139892578	12250	11.374221801757812	33	99.73061224489796	
61.87806501364188	67.0	6.0	116.0	60.0	61.87806501364188	245	23	67	6	116	60	67	6	116	60	35	0	0.04687166213989258	12300	11.421093463897705	33	99.73170731707317	
61.87806501364188	67.0	6.0	116.0	60.0	61.87806501364188	246	23	67	6	116	60	67	6	116	60	35	0	0.04687380790710449	12350	11.46796727180481	33	99.7327935222672	
61.87806501364188	67.0	6.0	116.0	60.0	61.87806501364188	247	23	67	6	116	60	67	6	116	60	35	0	0.03124713897705078	12400	11.49921441078186	33	99.73387096774194	
61.87806501364188	67.0	6.0	116.0	60.0	61.87806501364188	248	23	67	6	116	60	67	6	116	60	35	0	0.04687166213989258	12450	11.546086072921753	33	99.73493975903614	
61.87806501364188	67.0	6.0	116.0	60.0	61.87806501364188	249	23	67	6	116	60	67	6	116	60	35	0	0.0312497615814209	12500	11.577335834503174	33	99.736	
61.87806501364188	67.0	6.0	116.0	60.0	61.87806501364188	250	23	67	6	116	60	67	6	116	60	35	0	0.031246662139892578	12550	11.608582496643066	33	99.73705179282868	
61.87806501364188	67.0	6.0	116.0	60.0	61.87806501364188	251	23	67	6	116	60	67	6	116	60	35	0	0.04687070846557617	12600	11.655453205108643	33	99.73809523809524	
61.87806501364188	67.0	6.0	116.0	60.0	61.87806501364188	252	23	67	6	116	60	67	6	116	60	35	0	0.04687213897705078	12650	11.702325344085693	33	99.73913043478261	
61.87806501364188	67.0	6.0	116.0	60.0	61.87806501364188	253	23	67	6	116	60	67	6	116	60	35	0	0.031247377395629883	12700	11.733572721481323	33	99.74015748031496	
61.87806501364188	67.0	6.0	116.0	60.0	61.87806501364188	254	23	67	6	116	60	67	6	116	60	35	0	0.04687213897705078	12750	11.780444860458374	33	99.74117647058823	
61.87806501364188	67.0	6.0	116.0	60.0	61.87806501364188	255	23	67	6	116	60	67	6	116	60	35	0	0.03124713897705078	12800	11.811691999435425	33	99.7421875	
61.87806501364188	67.0	6.0	116.0	60.0	61.87806501364188	256	23	67	6	116	60	67	6	116	60	35	0	0.031248092651367188	12850	11.842940092086792	33	99.7431906614786	
61.87806501364188	67.0	6.0	116.0	60.0	61.87806501364188	257	23	67	6	116	60	67	6	116	60	35	0	0.031249284744262695	12900	11.874189376831055	33	99.74418604651163	
61.87806501364188	67.0	6.0	116.0	60.0	61.87806501364188	258	23	67	6	116	60	67	6	116	60	35	0	0.031247377395629883	12950	11.905436754226685	33	99.74517374517374	
61.87806501364188	67.0	6.0	116.0	60.0	61.87806501364188	259	23	67	6	116	60	67	6	116	60	35	0	0.031247377395629883	13000	11.936684131622314	33	99.74615384615385	
61.87806501364188	67.0	6.0	116.0	60.0	61.87806501364188	260	23	67	6	116	60	67	6	116	60	35	0	0.03124833106994629	13050	11.96793246269226	33	99.74712643678161	
61.87806501364188	67.0	6.0	116.0	60.0	61.87806501364188	261	23	67	6	116	60	67	6	116	60	35	0	0.015622854232788086	13100	11.983555316925049	33	99.74809160305344	
61.87806501364188	67.0	6.0	116.0	60.0	61.87806501364188	262	23	67	6	116	60	67	6	116	60	35	0	0.03124856948852539	13150	12.014803886413574	33	99.74904942965779	
61.87806501364188	67.0	6.0	116.0	60.0	61.87806501364188	263	23	67	6	116	60	67	6	116	60	35	0	0.015623331069946289	13200	12.03042721748352	33	99.75	
61.87806501364188	67.0	6.0	116.0	60.0	61.87806501364188	264	23	67	6	116	60	67	6	116	60	35	0	0.031247615814208984	13250	12.06167483329773	33	99.75094339622642	
61.87806501364188	67.0	6.0	116.0	60.0	61.87806501364188	265	23	67	6	116	60	67	6	116	60	35	0	0.03124833106994629	13300	12.092923164367676	33	99.75187969924812	
61.87806501364188	67.0	6.0	116.0	60.0	61.87806501364188	266	23	67	6	116	60	67	6	116	60	35	0	0.031249284744262695	13350	12.124172449111938	33	99.75280898876404	
61.87806501364188	67.0	6.0	116.0	60.0	61.87806501364188	267	23	67	6	116	60	67	6	116	60	35	0	0.03124547004699707	13400	12.155417919158936	33	99.75373134328358	
61.87806501364188	67.0	6.0	116.0	60.0	61.87806501364188	268	23	67	6	116	60	67	6	116	60	35	0	0.031249523162841797	13450	12.186667442321777	33	99.7546468401487	
61.87806501364188	67.0	6.0	116.0	60.0	61.87806501364188	269	23	67	6	116	60	67	6	116	60	35	0	0.04687094688415527	13500	12.233538389205933	33	99.75555555555556	
61.87806501364188	67.0	6.0	116.0	60.0	61.87806501364188	270	23	67	6	116	60	67	6	116	60	35	0	0.03124856948852539	13550	12.264786958694458	33	99.75645756457564	
61.87806501364188	67.0	6.0	116.0	60.0	61.87806501364188	271	23	67	6	116	60	67	6	116	60	35	0	0.04687166213989258	13600	12.31165862083435	33	99.75735294117646	
61.87806501364188	67.0	6.0	116.0	60.0	61.87806501364188	272	23	67	6	116	60	67	6	116	60	35	0	0.04687094688415527	13650	12.358529567718506	33	99.75824175824175	
61.87806501364188	67.0	6.0	116.0	60.0	61.87806501364188	273	23	67	6	116	60	67	6	116	60	35	0	0.03124713897705078	13700	12.389776706695557	33	99.75912408759125	
61.87806501364188	67.0	6.0	116.0	60.0	61.87806501364188	274	23	67	6	116	60	67	6	116	60	35	0	0.04687237739562988	13750	12.436649084091187	33	99.76	
61.87806501364188	67.0	6.0	116.0	60.0	61.87806501364188	275	23	67	6	116	60	67	6	116	60	35	0	0.031247854232788086	13800	12.467896938323975	33	99.76086956521739	
61.87806501364188	67.0	6.0	116.0	60.0	61.87806501364188	276	23	67	6	116	60	67	6	116	60	35	0	0.015623807907104492	13850	12.483520746231079	33	99.76173285198556	
61.87806501364188	67.0	6.0	116.0	60.0	61.87806501364188	277	23	67	6	116	60	67	6	116	60	35	0	0.031247854232788086	13900	12.514768600463867	33	99.76258992805755	
61.87806501364188	67.0	6.0	116.0	60.0	61.87806501364188	278	23	67	6	116	60	67	6	116	60	35	0	0.06249642372131348	13950	12.57726502418518	33	99.76344086021506	
61.87806501364188	67.0	6.0	116.0	60.0	61.87806501364188	279	23	67	6	116	60	67	6	116	60	35	0	0.031249046325683594	14000	12.608514070510864	33	99.76428571428572	
61.87806501364188	67.0	6.0	116.0	60.0	61.87806501364188	280	23	67	6	116	60	67	6	116	60	35	0	0.015622138977050781	14050	12.624136209487915	33	99.76512455516014	
61.87806501364188	67.0	6.0	116.0	60.0	61.87806501364188	281	23	67	6	116	60	67	6	116	60	35	0	0.031247854232788086	14100	12.655384063720703	33	99.76595744680851	
61.87806501364188	67.0	6.0	116.0	60.0	61.87806501364188	282	23	67	6	116	60	67	6	116	60	35	0	0.031247854232788086	14150	12.686631917953491	33	99.76678445229682	
61.87806501364188	67.0	6.0	116.0	60.0	61.87806501364188	283	23	67	6	116	60	67	6	116	60	35	0	0.03124833106994629	14200	12.717880249023438	33	99.76760563380282	
61.87806501364188	67.0	6.0	116.0	60.0	61.87806501364188	284	23	67	6	116	60	67	6	116	60	35	0	0.046871185302734375	14250	12.764751434326172	33	99.76842105263158	
61.87806501364188	67.0	6.0	116.0	60.0	61.87806501364188	285	23	67	6	116	60	67	6	116	60	35	0	0.015625	14300	12.780376434326172	33	99.76923076923077	
61.87806501364188	67.0	6.0	116.0	60.0	61.87806501364188	286	23	67	6	116	60	67	6	116	60	35	0	0.04687166213989258	14350	12.827248096466064	33	99.77003484320558	
61.87806501364188	67.0	6.0	116.0	60.0	61.87806501364188	287	23	67	6	116	60	67	6	116	60	35	0	0.031248092651367188	14400	12.858496189117432	33	99.77083333333333	
61.87806501364188	67.0	6.0	116.0	60.0	61.87806501364188	288	23	67	6	116	60	67	6	116	60	35	0	0.046872615814208984	14450	12.90536880493164	33	99.77162629757785	
61.87806501364188	67.0	6.0	116.0	60.0	61.87806501364188	289	23	67	6	116	60	67	6	116	60	35	0	0.03124690055847168	14500	12.936615705490112	33	99.77241379310345	
61.87806501364188	67.0	6.0	116.0	60.0	61.87806501364188	290	23	67	6	116	60	67	6	116	60	35	0	0.04687166213989258	14550	12.983487367630005	33	99.77319587628865	
61.87806501364188	67.0	6.0	116.0	60.0	61.87806501364188	291	23	67	6	116	60	67	6	116	60	35	0	0.04687166213989258	14600	13.030359029769897	33	99.77397260273973	
61.87806501364188	67.0	6.0	116.0	60.0	61.87806501364188	292	23	67	6	116	60	67	6	116	60	35	0	0.04687142372131348	14650	13.077230453491211	33	99.77474402730375	
61.87806501364188	67.0	6.0	116.0	60.0	61.87806501364188	293	23	67	6	116	60	67	6	116	60	35	0	0.04687333106994629	14700	13.124103784561157	33	99.77551020408163	
61.87806501364188	67.0	6.0	116.0	60.0	61.87806501364188	294	23	67	6	116	60	67	6	116	60	35	0	0.04686999320983887	14750	13.170973777770996	33	99.77627118644068	
61.87806501364188	67.0	6.0	116.0	60.0	61.87806501364188	295	23	67	6	116	60	67	6	116	60	35	0	0.031247854232788086	14800	13.202221632003784	33	99.77702702702703	
61.87806501364188	67.0	6.0	116.0	60.0	61.87806501364188	296	23	67	6	116	60	67	6	116	60	35	0	0.04687309265136719	14850	13.249094724655151	33	99.77777777777777	
61.87806501364188	67.0	6.0	116.0	60.0	61.87806501364188	297	23	67	6	116	60	67	6	116	60	35	0	0.04687023162841797	14900	13.29596495628357	33	99.77852348993288	
61.87806501364188	67.0	6.0	116.0	60.0	61.87806501364188	298	23	67	6	116	60	67	6	116	60	35	0	0.046872615814208984	14950	13.342837572097778	33	99.77926421404682	
61.87806501364188	67.0	6.0	116.0	60.0	61.87806501364188	299	23	67	6	116	60	67	6	116	60	35	0	0.031248092651367188	15000	13.374085664749146	33	99.78	
61.87806501364188	67.0	6.0	116.0	60.0	61.87806501364188	300	23	67	6	116	60	67	6	116	60	35	0	0.046871185302734375	15050	13.42095685005188	33	99.78073089700996	
61.87806501364188	67.0	6.0	116.0	60.0	61.87806501364188	301	23	67	6	116	60	67	6	116	60	35	0	0.046871185302734375	15100	13.467828035354614	33	99.78145695364239	
61.87806501364188	67.0	6.0	116.0	60.0	61.87806501364188	302	23	67	6	116	60	67	6	116	60	35	0	0.04687213897705078	15150	13.514700174331665	33	99.78217821782178	
61.87806501364188	67.0	6.0	116.0	60.0	61.87806501364188	303	23	67	6	116	60	67	6	116	60	35	0	0.04687166213989258	15200	13.561571836471558	33	99.78289473684211	
61.87806501364188	67.0	6.0	116.0	60.0	61.87806501364188	304	23	67	6	116	60	67	6	116	60	35	0	0.031248092651367188	15250	13.592819929122925	33	99.78360655737706	
61.87806501364188	67.0	6.0	116.0	60.0	61.87806501364188	305	23	67	6	116	60	67	6	116	60	35	0	0.04687166213989258	15300	13.639691591262817	33	99.7843137254902	
61.87806501364188	67.0	6.0	116.0	60.0	61.87806501364188	306	23	67	6	116	60	67	6	116	60	35	0	0.031247615814208984	15350	13.670939207077026	33	99.78501628664495	
61.87806501364188	67.0	6.0	116.0	60.0	61.87806501364188	307	23	67	6	116	60	67	6	116	60	35	0	0.04687237739562988	15400	13.717811584472656	33	99.78571428571429	
61.87806501364188	67.0	6.0	116.0	60.0	61.87806501364188	308	23	67	6	116	60	67	6	116	60	35	0	0.046871185302734375	15450	13.76468276977539	33	99.7864077669903	
61.87806501364188	67.0	6.0	116.0	60.0	61.87806501364188	309	23	67	6	116	60	67	6	116	60	35	0	0.031248092651367188	15500	13.795930862426758	33	99.78709677419354	
61.87806501364188	67.0	6.0	116.0	60.0	61.87806501364188	310	23	67	6	116	60	67	6	116	60	35	0	0.04687309265136719	15550	13.842803955078125	33	99.78778135048232	
61.87806501364188	67.0	6.0	116.0	60.0	61.87806501364188	311	23	67	6	116	60	67	6	116	60	35	0	0.015623331069946289	15600	13.858427286148071	33	99.78846153846153	
61.87806501364188	67.0	6.0	116.0	60.0	61.87806501364188	312	23	67	6	116	60	67	6	116	60	35	0	0.031247377395629883	15650	13.889674663543701	33	99.78913738019169	
61.87806501364188	67.0	6.0	116.0	60.0	61.87806501364188	313	23	67	6	116	60	67	6	116	60	35	0	0.031247854232788086	15700	13.92092251777649	33	99.78980891719745	
61.87806501364188	67.0	6.0	116.0	60.0	61.87806501364188	314	23	67	6	116	60	67	6	116	60	35	0	0.015624046325683594	15750	13.936546564102173	33	99.79047619047618	
61.87806501364188	67.0	6.0	116.0	60.0	61.87806501364188	315	23	67	6	116	60	67	6	116	60	35	0	0.031247377395629883	15800	13.967793941497803	33	99.79113924050633	
61.87806501364188	67.0	6.0	116.0	60.0	61.87806501364188	316	23	67	6	116	60	67	6	116	60	35	0	0.04687190055847168	15850	14.014665842056274	33	99.79179810725552	
61.87806501364188	67.0	6.0	116.0	60.0	61.87806501364188	317	23	67	6	116	60	67	6	116	60	35	0	0.015624046325683594	15900	14.030289888381958	33	99.79245283018868	
61.87806501364188	67.0	6.0	116.0	60.0	61.87806501364188	318	23	67	6	116	60	67	6	116	60	35	0	0.031247377395629883	15950	14.061537265777588	33	99.79310344827586	
61.87806501364188	67.0	6.0	116.0	60.0	61.87806501364188	319	23	67	6	116	60	67	6	116	60	35	0	0.03124833106994629	16000	14.092785596847534	33	99.79375	
61.87806501364188	67.0	6.0	116.0	60.0	61.87806501364188	320	23	67	6	116	60	67	6	116	60	35	0	0.046872615814208984	16050	14.139658212661743	33	99.79439252336448	
61.87806501364188	67.0	6.0	116.0	60.0	61.87806501364188	321	23	67	6	116	60	67	6	116	60	35	0	0.03124690055847168	16100	14.170905113220215	33	99.79503105590062	
61.87806501364188	67.0	6.0	116.0	60.0	61.87806501364188	322	23	67	6	116	60	67	6	116	60	35	0	0.015624284744262695	16150	14.186529397964478	33	99.79566563467492	
61.87806501364188	67.0	6.0	116.0	60.0	61.87806501364188	323	23	67	6	116	60	67	6	116	60	35	0	0.031247854232788086	16200	14.217777252197266	33	99.79629629629629	
61.87806501364188	67.0	6.0	116.0	60.0	61.87806501364188	324	23	67	6	116	60	67	6	116	60	35	0	0.031247615814208984	16250	14.249024868011475	33	99.79692307692308	
61.87806501364188	67.0	6.0	116.0	60.0	61.87806501364188	325	23	67	6	116	60	67	6	116	60	35	0	0.04687213897705078	16300	14.295897006988525	33	99.79754601226993	
61.87806501364188	67.0	6.0	116.0	60.0	61.87806501364188	326	23	67	6	116	60	67	6	116	60	35	0	0.04687166213989258	16350	14.342768669128418	33	99.79816513761467	
61.87806501364188	67.0	6.0	116.0	60.0	61.87806501364188	327	23	67	6	116	60	67	6	116	60	35	0	0.015624761581420898	16400	14.358393430709839	33	99.79878048780488	
61.87806501364188	67.0	6.0	116.0	60.0	61.87806501364188	328	23	67	6	116	60	67	6	116	60	35	0	0.03124690055847168	16450	14.38964033126831	33	99.79939209726444	
61.87806501364188	67.0	6.0	116.0	60.0	61.87806501364188	329	23	67	6	116	60	67	6	116	60	35	0	0.031248092651367188	16500	14.420888423919678	33	99.8	
61.87806501364188	67.0	6.0	116.0	60.0	61.87806501364188	330	23	67	6	116	60	67	6	116	60	35	0	0.031247615814208984	16550	14.452136039733887	33	99.80060422960725	
61.87806501364188	67.0	6.0	116.0	60.0	61.87806501364188	331	23	67	6	116	60	67	6	116	60	35	0	0.031247854232788086	16600	14.483383893966675	33	99.8012048192771	
61.87806501364188	67.0	6.0	116.0	60.0	61.87806501364188	332	23	67	6	116	60	67	6	116	60	35	0	0.04687213897705078	16650	14.530256032943726	33	99.8018018018018	
61.87806501364188	67.0	6.0	116.0	60.0	61.87806501364188	333	23	67	6	116	60	67	6	116	60	35	0	0.031247615814208984	16700	14.561503648757935	33	99.80239520958084	
61.87806501364188	67.0	6.0	116.0	60.0	61.87806501364188	334	23	67	6	116	60	67	6	116	60	35	0	0.03124856948852539	16750	14.59275221824646	33	99.80298507462686	
61.87806501364188	67.0	6.0	116.0	60.0	61.87806501364188	335	23	67	6	116	60	67	6	116	60	35	0	0.03124713897705078	16800	14.62399935722351	33	99.80357142857143	
61.87806501364188	67.0	6.0	116.0	60.0	61.87806501364188	336	23	67	6	116	60	67	6	116	60	35	0	0.04687190055847168	16850	14.670871257781982	33	99.80415430267063	
61.87806501364188	67.0	6.0	116.0	60.0	61.87806501364188	337	23	67	6	116	60	67	6	116	60	35	0	0.031247615814208984	16900	14.702118873596191	33	99.80473372781066	
61.87806501364188	67.0	6.0	116.0	60.0	61.87806501364188	338	23	67	6	116	60	67	6	116	60	35	0	0.031247615814208984	16950	14.7333664894104	33	99.80530973451327	
61.87806501364188	67.0	6.0	116.0	60.0	61.87806501364188	339	23	67	6	116	60	67	6	116	60	35	0	0.04687213897705078	17000	14.780238628387451	33	99.80588235294118	
61.87806501364188	67.0	6.0	116.0	60.0	61.87806501364188	340	23	67	6	116	60	67	6	116	60	35	0	0.04687213897705078	17050	14.827110767364502	33	99.80645161290323	
61.87806501364188	67.0	6.0	116.0	60.0	61.87806501364188	341	23	67	6	116	60	67	6	116	60	35	0	0.01562356948852539	17100	14.842734336853027	33	99.80701754385964	
61.87806501364188	67.0	6.0	116.0	60.0	61.87806501364188	342	23	67	6	116	60	67	6	116	60	35	0	0.04687237739562988	17150	14.889606714248657	33	99.80758017492711	
61.87806501364188	67.0	6.0	116.0	60.0	61.87806501364188	343	23	67	6	116	60	67	6	116	60	35	0	0.04687142372131348	17200	14.93647813796997	33	99.80813953488372	
61.87806501364188	67.0	6.0	116.0	60.0	61.87806501364188	344	23	67	6	116	60	67	6	116	60	35	0	0.031247854232788086	17250	14.967725992202759	33	99.80869565217391	
61.87806501364188	67.0	6.0	116.0	60.0	61.87806501364188	345	23	67	6	116	60	67	6	116	60	35	0	0.031247854232788086	17300	14.998973846435547	33	99.8092485549133	
61.87806501364188	67.0	6.0	116.0	60.0	61.87806501364188	346	23	67	6	116	60	67	6	116	60	35	0	0.046872854232788086	17350	15.045846700668335	33	99.80979827089337	
61.87806501364188	67.0	6.0	116.0	60.0	61.87806501364188	347	23	67	6	116	60	67	6	116	60	35	0	0.031246423721313477	17400	15.077093124389648	33	99.8103448275862	
61.87806501364188	67.0	6.0	116.0	60.0	61.87806501364188	348	23	67	6	116	60	67	6	116	60	35	0	0.015624046325683594	17450	15.092717170715332	33	99.810888252149	
61.87806501364188	67.0	6.0	116.0	60.0	61.87806501364188	349	23	67	6	116	60	67	6	116	60	35	0	0.031247854232788086	17500	15.12396502494812	33	99.81142857142858	
61.87806501364188	67.0	6.0	116.0	60.0	61.87806501364188	350	23	67	6	116	60	67	6	116	60	35	0	0.04687142372131348	17550	15.170836448669434	33	99.8119658119658	
61.87806501364188	67.0	6.0	116.0	60.0	61.87806501364188	351	23	67	6	116	60	67	6	116	60	35	0	0.03124833106994629	17600	15.20208477973938	33	99.8125	
61.87806501364188	67.0	6.0	116.0	60.0	61.87806501364188	352	23	67	6	116	60	67	6	116	60	35	0	0.031247854232788086	17650	15.233332633972168	33	99.81303116147309	
61.87806501364188	67.0	6.0	116.0	60.0	61.87806501364188	353	23	67	6	116	60	67	6	116	60	35	0	0.015625	17700	15.248957633972168	33	99.8135593220339	
61.87806501364188	67.0	6.0	116.0	60.0	61.87806501364188	354	23	67	6	116	60	67	6	116	60	35	0	0.04687070846557617	17750	15.295828342437744	33	99.81408450704225	
61.87806501364188	67.0	6.0	116.0	60.0	61.87806501364188	355	23	67	6	116	60	67	6	116	60	35	0	0.04687142372131348	17800	15.342699766159058	33	99.81460674157303	
61.87806501364188	67.0	6.0	116.0	60.0	61.87806501364188	356	23	67	6	116	60	67	6	116	60	35	0	0.031249523162841797	17850	15.3739492893219	33	99.81512605042016	
61.87806501364188	67.0	6.0	116.0	60.0	61.87806501364188	357	23	67	6	116	60	67	6	116	60	35	0	0.04687070846557617	17900	15.420819997787476	33	99.81564245810056	
61.87806501364188	67.0	6.0	116.0	60.0	61.87806501364188	358	23	67	6	116	60	67	6	116	60	35	0	0.031247377395629883	17950	15.452067375183105	33	99.81615598885794	
61.87806501364188	67.0	6.0	116.0	60.0	61.87806501364188	359	23	67	6	116	60	67	6	116	60	35	0	0.031247615814208984	18000	15.483314990997314	33	99.81666666666666	
61.87806501364188	67.0	6.0	116.0	60.0	61.87806501364188	360	23	67	6	116	60	67	6	116	60	35	0	0.046872615814208984	18050	15.530187606811523	33	99.81717451523545	
61.87806501364188	67.0	6.0	116.0	60.0	61.87806501364188	361	23	67	6	116	60	67	6	116	60	35	0	0.031247615814208984	18100	15.561435222625732	33	99.81767955801105	
61.87806501364188	67.0	6.0	116.0	60.0	61.87806501364188	362	23	67	6	116	60	67	6	116	60	35	0	0.04687142372131348	18150	15.608306646347046	33	99.81818181818181	
61.87806501364188	67.0	6.0	116.0	60.0	61.87806501364188	363	23	67	6	116	60	67	6	116	60	35	0	0.03124856948852539	18200	15.639555215835571	33	99.81868131868131	
61.87806501364188	67.0	6.0	116.0	60.0	61.87806501364188	364	23	67	6	116	60	67	6	116	60	35	0	0.03124833106994629	18250	15.670803546905518	33	99.81917808219178	
61.87806501364188	67.0	6.0	116.0	60.0	61.87806501364188	365	23	67	6	116	60	67	6	116	60	35	0	0.03124713897705078	18300	15.702050685882568	33	99.81967213114754	
61.87806501364188	67.0	6.0	116.0	60.0	61.87806501364188	366	23	67	6	116	60	67	6	116	60	35	0	0.04687190055847168	18350	15.74892258644104	33	99.82016348773843	
61.87806501364188	67.0	6.0	116.0	60.0	61.87806501364188	367	23	67	6	116	60	67	6	116	60	35	0	0.04687142372131348	18400	15.795794010162354	33	99.82065217391305	
61.87806501364188	67.0	6.0	116.0	60.0	61.87806501364188	368	23	67	6	116	60	67	6	116	60	35	0	0.04687213897705078	18450	15.842666149139404	33	99.82113821138212	
61.87806501364188	67.0	6.0	116.0	60.0	61.87806501364188	369	23	67	6	116	60	67	6	116	60	35	0	0.031247854232788086	18500	15.873914003372192	33	99.82162162162162	
61.87806501364188	67.0	6.0	116.0	60.0	61.87806501364188	370	23	67	6	116	60	67	6	116	60	35	0	0.04687166213989258	18550	15.920785665512085	33	99.82210242587601	
61.87806501364188	67.0	6.0	116.0	60.0	61.87806501364188	371	23	67	6	116	60	67	6	116	60	35	0	0.031247615814208984	18600	15.952033281326294	33	99.8225806451613	
61.87806501364188	67.0	6.0	116.0	60.0	61.87806501364188	372	23	67	6	116	60	67	6	116	60	35	0	0.031247854232788086	18650	15.983281135559082	33	99.82305630026809	
61.87806501364188	67.0	6.0	116.0	60.0	61.87806501364188	373	23	67	6	116	60	67	6	116	60	35	0	0.031247854232788086	18700	16.01452898979187	33	99.82352941176471	
61.87806501364188	67.0	6.0	116.0	60.0	61.87806501364188	374	23	67	6	116	60	67	6	116	60	35	0	0.015624284744262695	18750	16.030153274536133	33	99.824	
61.87806501364188	67.0	6.0	116.0	60.0	61.87806501364188	375	23	67	6	116	60	67	6	116	60	35	0	0.031247615814208984	18800	16.061400890350342	33	99.82446808510639	
61.87806501364188	67.0	6.0	116.0	60.0	61.87806501364188	376	23	67	6	116	60	67	6	116	60	35	0	0.031248092651367188	18850	16.09264898300171	33	99.82493368700266	
61.87806501364188	67.0	6.0	116.0	60.0	61.87806501364188	377	23	67	6	116	60	67	6	116	60	35	0	0.04687142372131348	18900	16.139520406723022	33	99.82539682539682	
61.87806501364188	67.0	6.0	116.0	60.0	61.87806501364188	378	23	67	6	116	60	67	6	116	60	35	0	0.04687213897705078	18950	16.186392545700073	33	99.82585751978891	
61.87806501364188	67.0	6.0	116.0	60.0	61.87806501364188	379	23	67	6	116	60	67	6	116	60	35	0	0.015624523162841797	19000	16.202017068862915	33	99.82631578947368	
61.87806501364188	67.0	6.0	116.0	60.0	61.87806501364188	380	23	67	6	116	60	67	6	116	60	35	0	0.046871185302734375	19050	16.24888825416565	33	99.8267716535433	
61.87806501364188	67.0	6.0	116.0	60.0	61.87806501364188	381	23	67	6	116	60	67	6	116	60	35	0	0.04687166213989258	19100	16.295759916305542	33	99.82722513089006	
61.87806501364188	67.0	6.0	116.0	60.0	61.87806501364188	382	23	67	6	116	60	67	6	116	60	35	0	0.031247854232788086	19150	16.32700777053833	33	99.82767624020887	
61.87806501364188	67.0	6.0	116.0	60.0	61.87806501364188	383	23	67	6	116	60	67	6	116	60	35	0	0.031247854232788086	19200	16.358255624771118	33	99.828125	
61.87806501364188	67.0	6.0	116.0	60.0	61.87806501364188	384	23	67	6	116	60	67	6	116	60	35	0	0.031249046325683594	19250	16.3895046710968	33	99.82857142857142	
61.87806501364188	67.0	6.0	116.0	60.0	61.87806501364188	385	23	67	6	116	60	67	6	116	60	35	0	0.04687070846557617	19300	16.436375379562378	33	99.82901554404145	
61.87806501364188	67.0	6.0	116.0	60.0	61.87806501364188	386	23	67	6	116	60	67	6	116	60	35	0	0.031247854232788086	19350	16.467623233795166	33	99.82945736434108	
61.87806501364188	67.0	6.0	116.0	60.0	61.87806501364188	387	23	67	6	116	60	67	6	116	60	35	0	0.031247854232788086	19400	16.498871088027954	33	99.8298969072165	
61.87806501364188	67.0	6.0	116.0	60.0	61.87806501364188	388	23	67	6	116	60	67	6	116	60	35	0	0.015624284744262695	19450	16.514495372772217	33	99.83033419023137	
61.87806501364188	67.0	6.0	116.0	60.0	61.87806501364188	389	23	67	6	116	60	67	6	116	60	35	0	0.04687142372131348	19500	16.56136679649353	33	99.83076923076923	
61.87806501364188	67.0	6.0	116.0	60.0	61.87806501364188	390	23	67	6	116	60	67	6	116	60	35	0	0.031247854232788086	19550	16.59261465072632	33	99.8312020460358	
61.87806501364188	67.0	6.0	116.0	60.0	61.87806501364188	391	23	67	6	116	60	67	6	116	60	35	0	0.031247615814208984	19600	16.623862266540527	33	99.83163265306122	
61.87806501364188	67.0	6.0	116.0	60.0	61.87806501364188	392	23	67	6	116	60	67	6	116	60	35	0	0.04687213897705078	19650	16.670734405517578	33	99.83206106870229	
61.87806501364188	67.0	6.0	116.0	60.0	61.87806501364188	393	23	67	6	116	60	67	6	116	60	35	0	0.031247854232788086	19700	16.701982259750366	33	99.83248730964468	
61.87806501364188	67.0	6.0	116.0	60.0	61.87806501364188	394	23	67	6	116	60	67	6	116	60	35	0	0.04687190055847168	19750	16.748854160308838	33	99.83291139240507	
61.87806501364188	67.0	6.0	116.0	60.0	61.87806501364188	395	23	67	6	116	60	67	6	116	60	35	0	0.04687166213989258	19800	16.79572582244873	33	99.83333333333333	
61.87806501364188	67.0	6.0	116.0	60.0	61.87806501364188	396	23	67	6	116	60	67	6	116	60	35	0	0.04687309265136719	19850	16.842598915100098	33	99.8337531486146	
61.87806501364188	67.0	6.0	116.0	60.0	61.87806501364188	397	23	67	6	116	60	67	6	116	60	35	0	0.031247377395629883	19900	16.873846292495728	33	99.83417085427136	
61.87806501364188	67.0	6.0	116.0	60.0	61.87806501364188	398	23	67	6	116	60	67	6	116	60	35	0	0.031247854232788086	19950	16.905094146728516	33	99.83458646616542	
61.87806501364188	67.0	6.0	116.0	60.0	61.87806501364188	399	23	67	6	116	60	67	6	116	60	35	0	0.031246662139892578	20000	16.936340808868408	33	99.835	
61.87806501364188	67.0	6.0	116.0	60.0	61.87806501364188	400	23	67	6	116	60	67	6	116	60	35	0	0.03124833106994629	20050	16.967589139938354	33	99.83541147132169	
61.87806501364188	67.0	6.0	116.0	60.0	61.87806501364188	401	23	67	6	116	60	67	6	116	60	35	0	0.04687166213989258	20100	17.014460802078247	33	99.83582089552239	
61.87806501364188	67.0	6.0	116.0	60.0	61.87806501364188	402	23	67	6	116	60	67	6	116	60	35	0	0.031247854232788086	20150	17.045708656311035	33	99.8362282878412	
61.87806501364188	67.0	6.0	116.0	60.0	61.87806501364188	403	23	67	6	116	60	67	6	116	60	35	0	0.031248092651367188	20200	17.076956748962402	33	99.83663366336634	
61.87806501364188	67.0	6.0	116.0	60.0	61.87806501364188	404	23	67	6	116	60	67	6	116	60	35	0	0.03124833106994629	20250	17.10820508003235	33	99.83703703703704	
61.87806501364188	67.0	6.0	116.0	60.0	61.87806501364188	405	23	67	6	116	60	67	6	116	60	35	0	0.04687142372131348	20300	17.155076503753662	33	99.83743842364532	
61.87806501364188	67.0	6.0	116.0	60.0	61.87806501364188	406	23	67	6	116	60	67	6	116	60	35	0	0.04687142372131348	20350	17.201947927474976	33	99.83783783783784	
61.87806501364188	67.0	6.0	116.0	60.0	61.87806501364188	407	23	67	6	116	60	67	6	116	60	35	0	0.031247854232788086	20400	17.233195781707764	33	99.83823529411765	
61.87806501364188	67.0	6.0	116.0	60.0	61.87806501364188	408	23	67	6	116	60	67	6	116	60	35	0	0.031248092651367188	20450	17.26444387435913	33	99.83863080684597	
61.87806501364188	67.0	6.0	116.0	60.0	61.87806501364188	409	23	67	6	116	60	67	6	116	60	35	0	0.031249523162841797	20500	17.295693397521973	33	99.8390243902439	
61.87806501364188	67.0	6.0	116.0	60.0	61.87806501364188	410	23	67	6	116	60	67	6	116	60	35	0	0.031246662139892578	20550	17.326940059661865	33	99.83941605839416	
61.87806501364188	67.0	6.0	116.0	60.0	61.87806501364188	411	23	67	6	116	60	67	6	116	60	35	0	0.031247615814208984	20600	17.358187675476074	33	99.83980582524272	
61.87806501364188	67.0	6.0	116.0	60.0	61.87806501364188	412	23	67	6	116	60	67	6	116	60	35	0	0.06249570846557617	20650	17.42068338394165	33	99.84019370460048	
61.87806501364188	67.0	6.0	116.0	60.0	61.87806501364188	413	23	67	6	116	60	67	6	116	60	35	0	0.04687142372131348	20700	17.467554807662964	33	99.84057971014492	
61.87806501364188	67.0	6.0	116.0	60.0	61.87806501364188	414	23	67	6	116	60	67	6	116	60	35	0	0.031247615814208984	20750	17.498802423477173	33	99.84096385542169	
61.87806501364188	67.0	6.0	116.0	60.0	61.87806501364188	415	23	67	6	116	60	67	6	116	60	35	0	0.03124833106994629	20800	17.53005075454712	33	99.84134615384616	
61.87806501364188	67.0	6.0	116.0	60.0	61.87806501364188	416	23	67	6	116	60	67	6	116	60	35	0	0.04687190055847168	20850	17.57692265510559	33	99.84172661870504	
61.87806501364188	67.0	6.0	116.0	60.0	61.87806501364188	417	23	67	6	116	60	67	6	116	60	35	0	0.031247615814208984	20900	17.6081702709198	33	99.84210526315789	
61.87806501364188	67.0	6.0	116.0	60.0	61.87806501364188	418	23	67	6	116	60	67	6	116	60	35	0	0.04687190055847168	20950	17.65504217147827	33	99.84248210023867	
61.87806501364188	67.0	6.0	116.0	60.0	61.87806501364188	419	23	67	6	116	60	67	6	116	60	35	0	0.031248807907104492	21000	17.686290979385376	33	99.84285714285714	
61.87806501364188	67.0	6.0	116.0	60.0	61.87806501364188	420	23	67	6	116	60	67	6	116	60	35	0	0.04687070846557617	21050	17.733161687850952	33	99.84323040380048	
61.87806501364188	67.0	6.0	116.0	60.0	61.87806501364188	421	23	67	6	116	60	67	6	116	60	35	0	0.04687166213989258	21100	17.780033349990845	33	99.8436018957346	
61.87806501364188	67.0	6.0	116.0	60.0	61.87806501364188	422	23	67	6	116	60	67	6	116	60	35	0	0.031248092651367188	21150	17.811281442642212	33	99.84397163120568	
61.87806501364188	67.0	6.0	116.0	60.0	61.87806501364188	423	23	67	6	116	60	67	6	116	60	35	0	0.03124833106994629	21200	17.842529773712158	33	99.84433962264151	
61.87806501364188	67.0	6.0	116.0	60.0	61.87806501364188	424	23	67	6	116	60	67	6	116	60	35	0	0.046872615814208984	21250	17.889402389526367	33	99.84470588235294	
61.87806501364188	67.0	6.0	116.0	60.0	61.87806501364188	425	23	67	6	116	60	67	6	116	60	35	0	0.031246662139892578	21300	17.92064905166626	33	99.84507042253522	
61.87806501364188	67.0	6.0	116.0	60.0	61.87806501364188	426	23	67	6	116	60	67	6	116	60	35	0	0.031247377395629883	21350	17.95189642906189	33	99.84543325526933	
61.87806501364188	67.0	6.0	116.0	60.0	61.87806501364188	427	23	67	6	116	60	67	6	116	60	35	0	0.031247854232788086	21400	17.983144283294678	33	99.84579439252336	
61.87806501364188	67.0	6.0	116.0	60.0	61.87806501364188	428	23	67	6	116	60	67	6	116	60	35	0	0.031247615814208984	21450	18.014391899108887	33	99.84615384615384	
61.87806501364188	67.0	6.0	116.0	60.0	61.87806501364188	429	23	67	6	116	60	67	6	116	60	35	0	0.04687237739562988	21500	18.061264276504517	33	99.84651162790698	
61.87806501364188	67.0	6.0	116.0	60.0	61.87806501364188	430	23	67	6	116	60	67	6	116	60	35	0	0.031247854232788086	21550	18.092512130737305	33	99.84686774941996	
61.87806501364188	67.0	6.0	116.0	60.0	61.87806501364188	431	23	67	6	116	60	67	6	116	60	35	0	0.031247854232788086	21600	18.123759984970093	33	99.84722222222223	
61.87806501364188	67.0	6.0	116.0	60.0	61.87806501364188	432	23	67	6	116	60	67	6	116	60	35	0	0.031247615814208984	21650	18.1550076007843	33	99.84757505773672	
61.87806501364188	67.0	6.0	116.0	60.0	61.87806501364188	433	23	67	6	116	60	67	6	116	60	35	0	0.04687166213989258	21700	18.201879262924194	33	99.84792626728111	
61.87806501364188	67.0	6.0	116.0	60.0	61.87806501364188	434	23	67	6	116	60	67	6	116	60	35	0	0.04687213897705078	21750	18.248751401901245	33	99.84827586206896	
61.87806501364188	67.0	6.0	116.0	60.0	61.87806501364188	435	23	67	6	116	60	67	6	116	60	35	0	0.031247615814208984	21800	18.279999017715454	33	99.84862385321101	
61.87806501364188	67.0	6.0	116.0	60.0	61.87806501364188	436	23	67	6	116	60	67	6	116	60	35	0	0.031247854232788086	21850	18.311246871948242	33	99.84897025171625	
61.87806501364188	67.0	6.0	116.0	60.0	61.87806501364188	437	23	67	6	116	60	67	6	116	60	35	0	0.031247854232788086	21900	18.34249472618103	33	99.84931506849315	
61.87806501364188	67.0	6.0	116.0	60.0	61.87806501364188	438	23	67	6	116	60	67	6	116	60	35	0	0.04687213897705078	21950	18.38936686515808	33	99.84965831435079	
61.87806501364188	67.0	6.0	116.0	60.0	61.87806501364188	439	23	67	6	116	60	67	6	116	60	35	0	0.031247854232788086	22000	18.42061471939087	33	99.85	
61.87806501364188	67.0	6.0	116.0	60.0	61.87806501364188	440	23	67	6	116	60	67	6	116	60	35	0	0.031247854232788086	22050	18.451862573623657	33	99.85034013605443	
61.87806501364188	67.0	6.0	116.0	60.0	61.87806501364188	441	23	67	6	116	60	67	6	116	60	35	0	0.031247615814208984	22100	18.483110189437866	33	99.85067873303167	
61.87806501364188	67.0	6.0	116.0	60.0	61.87806501364188	442	23	67	6	116	60	67	6	116	60	35	0	0.04687190055847168	22150	18.529982089996338	33	99.85101580135441	
61.87806501364188	67.0	6.0	116.0	60.0	61.87806501364188	443	23	67	6	116	60	67	6	116	60	35	0	0.031247854232788086	22200	18.561229944229126	33	99.85135135135135	
61.87806501364188	67.0	6.0	116.0	60.0	61.87806501364188	444	23	67	6	116	60	67	6	116	60	35	0	0.031248092651367188	22250	18.592478036880493	33	99.85168539325842	
61.87806501364188	67.0	6.0	116.0	60.0	61.87806501364188	445	23	67	6	116	60	67	6	116	60	35	0	0.031247615814208984	22300	18.623725652694702	33	99.85201793721973	
61.87806501364188	67.0	6.0	116.0	60.0	61.87806501364188	446	23	67	6	116	60	67	6	116	60	35	0	0.031247854232788086	22350	18.65497350692749	33	99.85234899328859	
61.87806501364188	67.0	6.0	116.0	60.0	61.87806501364188	447	23	67	6	116	60	67	6	116	60	35	0	0.031247854232788086	22400	18.68622136116028	33	99.85267857142857	
61.87806501364188	67.0	6.0	116.0	60.0	61.87806501364188	448	23	67	6	116	60	67	6	116	60	35	0	0.03124856948852539	22450	18.717469930648804	33	99.85300668151447	
61.87806501364188	67.0	6.0	116.0	60.0	61.87806501364188	449	23	67	6	116	60	67	6	116	60	35	0	0.03124690055847168	22500	18.748716831207275	33	99.85333333333334	
61.87806501364188	67.0	6.0	116.0	60.0	61.87806501364188	450	23	67	6	116	60	67	6	116	60	35	0	0.031248092651367188	22550	18.779964923858643	33	99.85365853658537	
61.87806501364188	67.0	6.0	116.0	60.0	61.87806501364188	451	23	67	6	116	60	67	6	116	60	35	0	0.04687190055847168	22600	18.826836824417114	33	99.85398230088495	
61.87806501364188	67.0	6.0	116.0	60.0	61.87806501364188	452	23	67	6	116	60	67	6	116	60	35	0	0.031247854232788086	22650	18.858084678649902	33	99.8543046357616	
61.87806501364188	67.0	6.0	116.0	60.0	61.87806501364188	453	23	67	6	116	60	67	6	116	60	35	0	0.04687166213989258	22700	18.904956340789795	33	99.8546255506608	
61.87806501364188	67.0	6.0	116.0	60.0	61.87806501364188	454	23	67	6	116	60	67	6	116	60	35	0	0.015623807907104492	22750	18.9205801486969	33	99.85494505494505	
61.87806501364188	67.0	6.0	116.0	60.0	61.87806501364188	455	23	67	6	116	60	67	6	116	60	35	0	0.031247854232788086	22800	18.951828002929688	33	99.85526315789474	
61.87806501364188	67.0	6.0	116.0	60.0	61.87806501364188	456	23	67	6	116	60	67	6	116	60	35	0	0.04687213897705078	22850	18.99870014190674	33	99.85557986870897	
61.87806501364188	67.0	6.0	116.0	60.0	61.87806501364188	457	23	67	6	116	60	67	6	116	60	35	0	0.04687166213989258	22900	19.04557180404663	33	99.85589519650655	
61.87806501364188	67.0	6.0	116.0	60.0	61.87806501364188	458	23	67	6	116	60	67	6	116	60	35	0	0.031247615814208984	22950	19.07681941986084	33	99.85620915032679	
61.87806501364188	67.0	6.0	116.0	60.0	61.87806501364188	459	23	67	6	116	60	67	6	116	60	35	0	0.03124833106994629	23000	19.108067750930786	33	99.85652173913043	
61.87806501364188	67.0	6.0	116.0	60.0	61.87806501364188	460	23	67	6	116	60	67	6	116	60	35	0	0.04687166213989258	23050	19.15493941307068	33	99.85683297180043	
61.87806501364188	67.0	6.0	116.0	60.0	61.87806501364188	461	23	67	6	116	60	67	6	116	60	35	0	0.031247854232788086	23100	19.186187267303467	33	99.85714285714286	
61.87806501364188	67.0	6.0	116.0	60.0	61.87806501364188	462	23	67	6	116	60	67	6	116	60	35	0	0.04687190055847168	23150	19.23305916786194	33	99.8574514038877	
61.87806501364188	67.0	6.0	116.0	60.0	61.87806501364188	463	23	67	6	116	60	67	6	116	60	35	0	0.04687190055847168	23200	19.27993106842041	33	99.85775862068965	
61.87806501364188	67.0	6.0	116.0	60.0	61.87806501364188	464	23	67	6	116	60	67	6	116	60	35	0	0.04687166213989258	23250	19.326802730560303	33	99.85806451612903	
61.87806501364188	67.0	6.0	116.0	60.0	61.87806501364188	465	23	67	6	116	60	67	6	116	60	35	0	0.031247854232788086	23300	19.35805058479309	33	99.85836909871244	
61.87806501364188	67.0	6.0	116.0	60.0	61.87806501364188	466	23	67	6	116	60	67	6	116	60	35	0	0.031247854232788086	23350	19.38929843902588	33	99.85867237687366	
61.87806501364188	67.0	6.0	116.0	60.0	61.87806501364188	467	23	67	6	116	60	67	6	116	60	35	0	0.031248807907104492	23400	19.420547246932983	33	99.85897435897436	
61.87806501364188	67.0	6.0	116.0	60.0	61.87806501364188	468	23	67	6	116	60	67	6	116	60	35	0	0.046871185302734375	23450	19.467418432235718	33	99.8592750533049	
61.87806501364188	67.0	6.0	116.0	60.0	61.87806501364188	469	23	67	6	116	60	67	6	116	60	35	0	0.04687166213989258	23500	19.51429009437561	33	99.8595744680851	
61.87806501364188	67.0	6.0	116.0	60.0	61.87806501364188	470	23	67	6	116	60	67	6	116	60	35	0	0.046871185302734375	23550	19.561161279678345	33	99.85987261146497	
61.87806501364188	67.0	6.0	116.0	60.0	61.87806501364188	471	23	67	6	116	60	67	6	116	60	35	0	0.031248092651367188	23600	19.592409372329712	33	99.86016949152543	
61.87806501364188	67.0	6.0	116.0	60.0	61.87806501364188	472	23	67	6	116	60	67	6	116	60	35	0	0.031247615814208984	23650	19.62365698814392	33	99.86046511627907	
61.87806501364188	67.0	6.0	116.0	60.0	61.87806501364188	473	23	67	6	116	60	67	6	116	60	35	0	0.04687213897705078	23700	19.67052912712097	33	99.86075949367088	
61.87806501364188	67.0	6.0	116.0	60.0	61.87806501364188	474	23	67	6	116	60	67	6	116	60	35	0	0.04687142372131348	23750	19.717400550842285	33	99.86105263157894	
61.87806501364188	67.0	6.0	116.0	60.0	61.87806501364188	475	23	67	6	116	60	67	6	116	60	35	0	0.031249046325683594	23800	19.74864959716797	33	99.86134453781513	
61.87806501364188	67.0	6.0	116.0	60.0	61.87806501364188	476	23	67	6	116	60	67	6	116	60	35	0	0.04687094688415527	23850	19.795520544052124	33	99.86163522012579	
61.87806501364188	67.0	6.0	116.0	60.0	61.87806501364188	477	23	67	6	116	60	67	6	116	60	35	0	0.04687213897705078	23900	19.842392683029175	33	99.86192468619247	
61.87806501364188	67.0	6.0	116.0	60.0	61.87806501364188	478	23	67	6	116	60	67	6	116	60	35	0	0.031247377395629883	23950	19.873640060424805	33	99.86221294363257	
61.87806501364188	67.0	6.0	116.0	60.0	61.87806501364188	479	23	67	6	116	60	67	6	116	60	35	0	0.015624046325683594	24000	19.88926410675049	33	99.8625	
61.87806501364188	67.0	6.0	116.0	60.0	61.87806501364188	480	23	67	6	116	60	67	6	116	60	35	0	0.04687333106994629	24050	19.936137437820435	33	99.86278586278586	
61.87806501364188	67.0	6.0	116.0	60.0	61.87806501364188	481	23	67	6	116	60	67	6	116	60	35	0	0.04687094688415527	24100	19.98300838470459	33	99.86307053941908	
61.87806501364188	67.0	6.0	116.0	60.0	61.87806501364188	482	23	67	6	116	60	67	6	116	60	35	0	0.031247377395629883	24150	20.01425576210022	33	99.86335403726709	
61.87806501364188	67.0	6.0	116.0	60.0	61.87806501364188	483	23	67	6	116	60	67	6	116	60	35	0	0.031248092651367188	24200	20.045503854751587	33	99.86363636363636	
61.87806501364188	67.0	6.0	116.0	60.0	61.87806501364188	484	23	67	6	116	60	67	6	116	60	35	0	0.031247615814208984	24250	20.076751470565796	33	99.86391752577319	
61.87806501364188	67.0	6.0	116.0	60.0	61.87806501364188	485	23	67	6	116	60	67	6	116	60	35	0	0.04687309265136719	24300	20.123624563217163	33	99.8641975308642	
61.87806501364188	67.0	6.0	116.0	60.0	61.87806501364188	486	23	67	6	116	60	67	6	116	60	35	0	0.031247854232788086	24350	20.15487241744995	33	99.86447638603696	
61.87806501364188	67.0	6.0	116.0	60.0	61.87806501364188	487	23	67	6	116	60	67	6	116	60	35	0	0.03124690055847168	24400	20.186119318008423	33	99.86475409836065	
61.87806501364188	67.0	6.0	116.0	60.0	61.87806501364188	488	23	67	6	116	60	67	6	116	60	35	0	0.031248092651367188	24450	20.21736741065979	33	99.86503067484662	
61.87806501364188	67.0	6.0	116.0	60.0	61.87806501364188	489	23	67	6	116	60	67	6	116	60	35	0	0.046872854232788086	24500	20.264240264892578	33	99.86530612244898	
61.87806501364188	67.0	6.0	116.0	60.0	61.87806501364188	490	23	67	6	116	60	67	6	116	60	35	0	0.04686999320983887	24550	20.311110258102417	33	99.86558044806517	
61.87806501364188	67.0	6.0	116.0	60.0	61.87806501364188	491	23	67	6	116	60	67	6	116	60	35	0	0.015624523162841797	24600	20.32673478126526	33	99.86585365853658	
61.87806501364188	67.0	6.0	116.0	60.0	61.87806501364188	492	23	67	6	116	60	67	6	116	60	35	0	0.046875953674316406	24650	20.373610734939575	33	99.86612576064908	
61.87806501364188	67.0	6.0	116.0	60.0	61.87806501364188	493	23	67	6	116	60	67	6	116	60	35	0	0.046869516372680664	24700	20.420480251312256	33	99.8663967611336	
61.87806501364188	67.0	6.0	116.0	60.0	61.87806501364188	494	23	67	6	116	60	67	6	116	60	35	0	0.031247854232788086	24750	20.451728105545044	33	99.86666666666666	
61.87806501364188	67.0	6.0	116.0	60.0	61.87806501364188	495	23	67	6	116	60	67	6	116	60	35	0	0.031249523162841797	24800	20.482977628707886	33	99.86693548387096	
61.87806501364188	67.0	6.0	116.0	60.0	61.87806501364188	496	23	67	6	116	60	67	6	116	60	35	0	0.031244516372680664	24850	20.514222145080566	33	99.8672032193159	
61.87806501364188	67.0	6.0	116.0	60.0	61.87806501364188	497	23	67	6	116	60	67	6	116	60	35	0	0.0312504768371582	24900	20.545472621917725	33	99.86746987951807	
61.87806501364188	67.0	6.0	116.0	60.0	61.87806501364188	498	23	67	6	116	60	67	6	116	60	35	0	0.031245946884155273	24950	20.57671856880188	33	99.86773547094188	
61.87806501364188	67.0	6.0	116.0	60.0	61.87806501364188	499	23	67	6	116	60	67	6	116	60	35	0	0.031249284744262695	25000	20.607967853546143	33	99.868	
61.87806501364188	67.0	6.0	116.0	60.0	61.87806501364188	500	23	67	6	116	60	67	6	116	60	35	0	0.04687047004699707	25050	20.65483832359314	33	99.86826347305389	
61.87806501364188	67.0	6.0	116.0	60.0	61.87806501364188	501	23	67	6	116	60	67	6	116	60	35	0	0.03124690055847168	25100	20.68608522415161	33	99.86852589641434	
61.87806501364188	67.0	6.0	116.0	60.0	61.87806501364188	502	23	67	6	116	60	67	6	116	60	35	0	0.06249690055847168	25150	20.748582124710083	33	99.86878727634195	
61.87806501364188	67.0	6.0	116.0	60.0	61.87806501364188	503	23	67	6	116	60	67	6	116	60	35	0	0.03124713897705078	25200	20.779829263687134	33	99.86904761904762	
61.87806501364188	67.0	6.0	116.0	60.0	61.87806501364188	504	23	67	6	116	60	67	6	116	60	35	0	0.015623807907104492	25250	20.79545307159424	33	99.86930693069307	
61.87806501364188	67.0	6.0	116.0	60.0	61.87806501364188	505	23	67	6	116	60	67	6	116	60	35	0	0.031248092651367188	25300	20.826701164245605	33	99.8695652173913	
61.87806501364188	67.0	6.0	116.0	60.0	61.87806501364188	506	23	67	6	116	60	67	6	116	60	35	0	0.03124713897705078	25350	20.857948303222656	33	99.8698224852071	
61.87806501364188	67.0	6.0	116.0	60.0	61.87806501364188	507	23	67	6	116	60	67	6	116	60	35	0	0.03124856948852539	25400	20.88919687271118	33	99.87007874015748	
61.87806501364188	67.0	6.0	116.0	60.0	61.87806501364188	508	23	67	6	116	60	67	6	116	60	35	0	0.04687166213989258	25450	20.936068534851074	33	99.87033398821218	
61.87806501364188	67.0	6.0	116.0	60.0	61.87806501364188	509	23	67	6	116	60	67	6	116	60	35	0	0.046872615814208984	25500	20.982941150665283	33	99.87058823529412	
61.87806501364188	67.0	6.0	116.0	60.0	61.87806501364188	510	23	67	6	116	60	67	6	116	60	35	0	0.03124690055847168	25550	21.014188051223755	33	99.87084148727985	
61.87806501364188	67.0	6.0	116.0	60.0	61.87806501364188	511	23	67	6	116	60	67	6	116	60	35	0	0.031247615814208984	25600	21.045435667037964	33	99.87109375	
61.87806501364188	67.0	6.0	116.0	60.0	61.87806501364188	512	23	67	6	116	60	67	6	116	60	35	0	0.046872854232788086	25650	21.092308521270752	33	99.87134502923976	
61.87806501364188	67.0	6.0	116.0	60.0	61.87806501364188	513	23	67	6	116	60	67	6	116	60	35	0	0.031247377395629883	25700	21.123555898666382	33	99.8715953307393	
61.87806501364188	67.0	6.0	116.0	60.0	61.87806501364188	514	23	67	6	116	60	67	6	116	60	35	0	0.04687166213989258	25750	21.170427560806274	33	99.87184466019417	
61.87806501364188	67.0	6.0	116.0	60.0	61.87806501364188	515	23	67	6	116	60	67	6	116	60	35	0	0.03124856948852539	25800	21.2016761302948	33	99.87209302325581	
61.87806501364188	67.0	6.0	116.0	60.0	61.87806501364188	516	23	67	6	116	60	67	6	116	60	35	0	0.015622854232788086	25850	21.217298984527588	33	99.87234042553192	
61.87806501364188	67.0	6.0	116.0	60.0	61.87806501364188	517	23	67	6	116	60	67	6	116	60	35	0	0.04687190055847168	25900	21.26417088508606	33	99.87258687258688	
61.87806501364188	67.0	6.0	116.0	60.0	61.87806501364188	518	23	67	6	116	60	67	6	116	60	35	0	0.031247615814208984	25950	21.29541850090027	33	99.8728323699422	
61.87806501364188	67.0	6.0	116.0	60.0	61.87806501364188	519	23	67	6	116	60	67	6	116	60	35	0	0.04687142372131348	26000	21.342289924621582	33	99.87307692307692	
61.87806501364188	67.0	6.0	116.0	60.0	61.87806501364188	520	23	67	6	116	60	67	6	116	60	35	0	0.046872615814208984	26050	21.38916254043579	33	99.87332053742803	
61.87806501364188	67.0	6.0	116.0	60.0	61.87806501364188	521	23	67	6	116	60	67	6	116	60	35	0	0.031247854232788086	26100	21.42041039466858	33	99.8735632183908	
61.87806501364188	67.0	6.0	116.0	60.0	61.87806501364188	522	23	67	6	116	60	67	6	116	60	35	0	0.031249046325683594	26150	21.451659440994263	33	99.87380497131932	
61.87806501364188	67.0	6.0	116.0	60.0	61.87806501364188	523	23	67	6	116	60	67	6	116	60	35	0	0.04686999320983887	26200	21.4985294342041	33	99.87404580152672	
61.87806501364188	67.0	6.0	116.0	60.0	61.87806501364188	524	23	67	6	116	60	67	6	116	60	35	0	0.03124856948852539	26250	21.529778003692627	33	99.87428571428572	
61.87806501364188	67.0	6.0	116.0	60.0	61.87806501364188	525	23	67	6	116	60	67	6	116	60	35	0	0.03124690055847168	26300	21.5610249042511	33	99.8745247148289	
61.87806501364188	67.0	6.0	116.0	60.0	61.87806501364188	526	23	67	6	116	60	67	6	116	60	35	0	0.031247854232788086	26350	21.592272758483887	33	99.87476280834915	
61.87806501364188	67.0	6.0	116.0	60.0	61.87806501364188	527	23	67	6	116	60	67	6	116	60	35	0	0.031248092651367188	26400	21.623520851135254	33	99.875	
61.87806501364188	67.0	6.0	116.0	60.0	61.87806501364188	528	23	67	6	116	60	67	6	116	60	35	0	0.015624523162841797	26450	21.639145374298096	33	99.87523629489603	
61.87806501364188	67.0	6.0	116.0	60.0	61.87806501364188	529	23	67	6	116	60	67	6	116	60	35	0	0.031247377395629883	26500	21.670392751693726	33	99.8754716981132	
61.87806501364188	67.0	6.0	116.0	60.0	61.87806501364188	530	23	67	6	116	60	67	6	116	60	35	0	0.04687190055847168	26550	21.717264652252197	33	99.87570621468926	
61.87806501364188	67.0	6.0	116.0	60.0	61.87806501364188	531	23	67	6	116	60	67	6	116	60	35	0	0.046872615814208984	26600	21.764137268066406	33	99.87593984962406	
61.87806501364188	67.0	6.0	116.0	60.0	61.87806501364188	532	23	67	6	116	60	67	6	116	60	35	0	0.04687190055847168	26650	21.811009168624878	33	99.87617260787992	
61.87806501364188	67.0	6.0	116.0	60.0	61.87806501364188	533	23	67	6	116	60	67	6	116	60	35	0	0.04687047004699707	26700	21.857879638671875	33	99.87640449438203	
61.87806501364188	67.0	6.0	116.0	60.0	61.87806501364188	534	23	67	6	116	60	67	6	116	60	35	0	0.031247854232788086	26750	21.889127492904663	33	99.87663551401869	
61.87806501364188	67.0	6.0	116.0	60.0	61.87806501364188	535	23	67	6	116	60	67	6	116	60	35	0	0.04687190055847168	26800	21.935999393463135	33	99.8768656716418	
61.87806501364188	67.0	6.0	116.0	60.0	61.87806501364188	536	23	67	6	116	60	67	6	116	60	35	0	0.04687190055847168	26850	21.982871294021606	33	99.87709497206704	
61.87806501364188	67.0	6.0	116.0	60.0	61.87806501364188	537	23	67	6	116	60	67	6	116	60	35	0	0.04687190055847168	26900	22.029743194580078	33	99.87732342007435	
61.87806501364188	67.0	6.0	116.0	60.0	61.87806501364188	538	23	67	6	116	60	67	6	116	60	35	0	0.015624523162841797	26950	22.04536771774292	33	99.87755102040816	
61.87806501364188	67.0	6.0	116.0	60.0	61.87806501364188	539	23	67	6	116	60	67	6	116	60	35	0	0.03124690055847168	27000	22.07661461830139	33	99.87777777777778	
61.87806501364188	67.0	6.0	116.0	60.0	61.87806501364188	540	23	67	6	116	60	67	6	116	60	35	0	0.04687166213989258	27050	22.123486280441284	33	99.87800369685768	
61.87806501364188	67.0	6.0	116.0	60.0	61.87806501364188	541	23	67	6	116	60	67	6	116	60	35	0	0.046872615814208984	27100	22.170358896255493	33	99.87822878228782	
61.87806501364188	67.0	6.0	116.0	60.0	61.87806501364188	542	23	67	6	116	60	67	6	116	60	35	0	0.06249547004699707	27150	22.23285436630249	33	99.87845303867404	
61.87806501364188	67.0	6.0	116.0	60.0	61.87806501364188	543	23	67	6	116	60	67	6	116	60	35	0	0.03124856948852539	27200	22.264102935791016	33	99.87867647058823	
61.87806501364188	67.0	6.0	116.0	60.0	61.87806501364188	544	23	67	6	116	60	67	6	116	60	35	0	0.031247615814208984	27250	22.295350551605225	33	99.87889908256881	
61.87806501364188	67.0	6.0	116.0	60.0	61.87806501364188	545	23	67	6	116	60	67	6	116	60	35	0	0.03124833106994629	27300	22.32659888267517	33	99.87912087912088	
61.87806501364188	67.0	6.0	116.0	60.0	61.87806501364188	546	23	67	6	116	60	67	6	116	60	35	0	0.031247377395629883	27350	22.3578462600708	33	99.87934186471664	
61.87806501364188	67.0	6.0	116.0	60.0	61.87806501364188	547	23	67	6	116	60	67	6	116	60	35	0	0.04687166213989258	27400	22.404717922210693	33	99.87956204379562	
61.87806501364188	67.0	6.0	116.0	60.0	61.87806501364188	548	23	67	6	116	60	67	6	116	60	35	0	0.04687190055847168	27450	22.451589822769165	33	99.87978142076503	
61.87806501364188	67.0	6.0	116.0	60.0	61.87806501364188	549	23	67	6	116	60	67	6	116	60	35	0	0.04687213897705078	27500	22.498461961746216	33	99.88	
61.87806501364188	67.0	6.0	116.0	60.0	61.87806501364188	550	23	67	6	116	60	67	6	116	60	35	0	0.04687190055847168	27550	22.545333862304688	33	99.88021778584393	
61.87806501364188	67.0	6.0	116.0	60.0	61.87806501364188	551	23	67	6	116	60	67	6	116	60	35	0	0.03124713897705078	27600	22.57658100128174	33	99.8804347826087	
61.87806501364188	67.0	6.0	116.0	60.0	61.87806501364188	552	23	67	6	116	60	67	6	116	60	35	0	0.04687309265136719	27650	22.623454093933105	33	99.88065099457505	
61.87806501364188	67.0	6.0	116.0	60.0	61.87806501364188	553	23	67	6	116	60	67	6	116	60	35	0	0.04687094688415527	27700	22.67032504081726	33	99.88086642599278	
61.87806501364188	67.0	6.0	116.0	60.0	61.87806501364188	554	23	67	6	116	60	67	6	116	60	35	0	0.031247615814208984	27750	22.70157265663147	33	99.88108108108108	
61.87806501364188	67.0	6.0	116.0	60.0	61.87806501364188	555	23	67	6	116	60	67	6	116	60	35	0	0.015623807907104492	27800	22.717196464538574	33	99.88129496402878	
61.87806501364188	67.0	6.0	116.0	60.0	61.87806501364188	556	23	67	6	116	60	67	6	116	60	35	0	0.04687213897705078	27850	22.764068603515625	33	99.88150807899461	
61.87806501364188	67.0	6.0	116.0	60.0	61.87806501364188	557	23	67	6	116	60	67	6	116	60	35	0	0.04687142372131348	27900	22.81094002723694	33	99.88172043010752	
61.87806501364188	67.0	6.0	116.0	60.0	61.87806501364188	558	23	67	6	116	60	67	6	116	60	35	0	0.031248092651367188	27950	22.842188119888306	33	99.88193202146691	
61.87806501364188	67.0	6.0	116.0	60.0	61.87806501364188	559	23	67	6	116	60	67	6	116	60	35	0	0.04687142372131348	28000	22.88905954360962	33	99.88214285714285	
61.87806501364188	67.0	6.0	116.0	60.0	61.87806501364188	560	23	67	6	116	60	67	6	116	60	35	0	0.031249284744262695	28050	22.920308828353882	33	99.88235294117646	
61.87806501364188	67.0	6.0	116.0	60.0	61.87806501364188	561	23	67	6	116	60	67	6	116	60	35	0	0.06249523162841797	28100	22.9828040599823	33	99.88256227758008	
61.87806501364188	67.0	6.0	116.0	60.0	61.87806501364188	562	23	67	6	116	60	67	6	116	60	35	0	0.031247377395629883	28150	23.01405143737793	33	99.88277087033748	
61.87806501364188	67.0	6.0	116.0	60.0	61.87806501364188	563	23	67	6	116	60	67	6	116	60	35	0	0.031248092651367188	28200	23.045299530029297	33	99.88297872340425	
61.87806501364188	67.0	6.0	116.0	60.0	61.87806501364188	564	23	67	6	116	60	67	6	116	60	35	0	0.031247377395629883	28250	23.076546907424927	33	99.88318584070797	
61.87806501364188	67.0	6.0	116.0	60.0	61.87806501364188	565	23	67	6	116	60	67	6	116	60	35	0	0.015624761581420898	28300	23.092171669006348	33	99.88339222614842	
61.87806501364188	67.0	6.0	116.0	60.0	61.87806501364188	566	23	67	6	116	60	67	6	116	60	35	0	0.031247854232788086	28350	23.123419523239136	33	99.88359788359789	
61.87806501364188	67.0	6.0	116.0	60.0	61.87806501364188	567	23	67	6	116	60	67	6	116	60	35	0	0.031246185302734375	28400	23.15466570854187	33	99.88380281690141	
61.87806501364188	67.0	6.0	116.0	60.0	61.87806501364188	568	23	67	6	116	60	67	6	116	60	35	0	0.015624046325683594	28450	23.170289754867554	33	99.88400702987698	
61.87806501364188	67.0	6.0	116.0	60.0	61.87806501364188	569	23	67	6	116	60	67	6	116	60	35	0	0.06249594688415527	28500	23.23278570175171	33	99.88421052631578	
61.87806501364188	67.0	6.0	116.0	60.0	61.87806501364188	570	23	67	6	116	60	67	6	116	60	35	0	0.03124833106994629	28550	23.264034032821655	33	99.88441330998249	
61.87806501364188	67.0	6.0	116.0	60.0	61.87806501364188	571	23	67	6	116	60	67	6	116	60	35	0	0.031247854232788086	28600	23.295281887054443	33	99.88461538461539	
61.87806501364188	67.0	6.0	116.0	60.0	61.87806501364188	572	23	67	6	116	60	67	6	116	60	35	0	0.031247377395629883	28650	23.326529264450073	33	99.8848167539267	
61.87806501364188	67.0	6.0	116.0	60.0	61.87806501364188	573	23	67	6	116	60	67	6	116	60	35	0	0.04687213897705078	28700	23.373401403427124	33	99.88501742160278	
61.87806501364188	67.0	6.0	116.0	60.0	61.87806501364188	574	23	67	6	116	60	67	6	116	60	35	0	0.04687237739562988	28750	23.420273780822754	33	99.88521739130435	
61.87806501364188	67.0	6.0	116.0	60.0	61.87806501364188	575	23	67	6	116	60	67	6	116	60	35	0	0.031247377395629883	28800	23.451521158218384	33	99.88541666666667	
61.87806501364188	67.0	6.0	116.0	60.0	61.87806501364188	576	23	67	6	116	60	67	6	116	60	35	0	0.031247854232788086	28850	23.482769012451172	33	99.88561525129982	
61.87806501364188	67.0	6.0	116.0	60.0	61.87806501364188	577	23	67	6	116	60	67	6	116	60	35	0	0.031247377395629883	28900	23.5140163898468	33	99.88581314878893	
61.87806501364188	67.0	6.0	116.0	60.0	61.87806501364188	578	23	67	6	116	60	67	6	116	60	35	0	0.03124833106994629	28950	23.545264720916748	33	99.88601036269431	
61.87806501364188	67.0	6.0	116.0	60.0	61.87806501364188	579	23	67	6	116	60	67	6	116	60	35	0	0.04687333106994629	29000	23.592138051986694	33	99.88620689655173	
61.87806501364188	67.0	6.0	116.0	60.0	61.87806501364188	580	23	67	6	116	60	67	6	116	60	35	0	0.04687309265136719	29050	23.63901114463806	33	99.88640275387263	
61.87806501364188	67.0	6.0	116.0	60.0	61.87806501364188	581	23	67	6	116	60	67	6	116	60	35	0	0.031244516372680664	29100	23.670255661010742	33	99.88659793814433	
61.87806501364188	67.0	6.0	116.0	60.0	61.87806501364188	582	23	67	6	116	60	67	6	116	60	35	0	0.04687190055847168	29150	23.717127561569214	33	99.88679245283019	
61.87806501364188	67.0	6.0	116.0	60.0	61.87806501364188	583	23	67	6	116	60	67	6	116	60	35	0	0.031247615814208984	29200	23.748375177383423	33	99.88698630136986	
61.87806501364188	67.0	6.0	116.0	60.0	61.87806501364188	584	23	67	6	116	60	67	6	116	60	35	0	0.031247854232788086	29250	23.77962303161621	33	99.88717948717948	
61.87806501364188	67.0	6.0	116.0	60.0	61.87806501364188	585	23	67	6	116	60	67	6	116	60	35	0	0.031247615814208984	29300	23.81087064743042	33	99.88737201365188	
61.87806501364188	67.0	6.0	116.0	60.0	61.87806501364188	586	23	67	6	116	60	67	6	116	60	35	0	0.031247615814208984	29350	23.84211826324463	33	99.88756388415673	
61.87806501364188	67.0	6.0	116.0	60.0	61.87806501364188	587	23	67	6	116	60	67	6	116	60	35	0	0.04687237739562988	29400	23.88899064064026	33	99.88775510204081	
61.87806501364188	67.0	6.0	116.0	60.0	61.87806501364188	588	23	67	6	116	60	67	6	116	60	35	0	0.04687237739562988	29450	23.93586301803589	33	99.88794567062818	
61.87806501364188	67.0	6.0	116.0	60.0	61.87806501364188	589	23	67	6	116	60	67	6	116	60	35	0	0.031246662139892578	29500	23.96710968017578	33	99.88813559322034	
61.87806501364188	67.0	6.0	116.0	60.0	61.87806501364188	590	23	67	6	116	60	67	6	116	60	35	0	0.03124833106994629	29550	23.998358011245728	33	99.88832487309645	
61.87806501364188	67.0	6.0	116.0	60.0	61.87806501364188	591	23	67	6	116	60	67	6	116	60	35	0	0.04687190055847168	29600	24.0452299118042	33	99.88851351351352	
61.87806501364188	67.0	6.0	116.0	60.0	61.87806501364188	592	23	67	6	116	60	67	6	116	60	35	0	0.031248092651367188	29650	24.076478004455566	33	99.88870151770658	
61.87806501364188	67.0	6.0	116.0	60.0	61.87806501364188	593	23	67	6	116	60	67	6	116	60	35	0	0.015624046325683594	29700	24.09210205078125	33	99.88888888888889	
61.87806501364188	67.0	6.0	116.0	60.0	61.87806501364188	594	23	67	6	116	60	67	6	116	60	35	0	0.046872854232788086	29750	24.138974905014038	33	99.8890756302521	
61.87806501364188	67.0	6.0	116.0	60.0	61.87806501364188	595	23	67	6	116	60	67	6	116	60	35	0	0.03124713897705078	29800	24.17022204399109	33	99.88926174496645	
61.87806501364188	67.0	6.0	116.0	60.0	61.87806501364188	596	23	67	6	116	60	67	6	116	60	35	0	0.046871185302734375	29850	24.217093229293823	33	99.8894472361809	
61.87806501364188	67.0	6.0	116.0	60.0	61.87806501364188	597	23	67	6	116	60	67	6	116	60	35	0	0.04687166213989258	29900	24.263964891433716	33	99.88963210702342	
61.87806501364188	67.0	6.0	116.0	60.0	61.87806501364188	598	23	67	6	116	60	67	6	116	60	35	0	0.015624046325683594	29950	24.2795889377594	33	99.889816360601	
61.87806501364188	67.0	6.0	116.0	60.0	61.87806501364188	599	23	67	6	116	60	67	6	116	60	35	0	0.031247854232788086	30000	24.310836791992188	33	99.89	
61.87806501364188	67.0	6.0	116.0	60.0	61.87806501364188	600	23	67	6	116	60	67	6	116	60	35	0	0.04687309265136719	30050	24.357709884643555	33	99.89018302828619	
61.87806501364188	67.0	6.0	116.0	60.0	61.87806501364188	601	23	67	6	116	60	67	6	116	60	35	0	0.04687094688415527	30100	24.40458083152771	33	99.89036544850498	
61.87806501364188	67.0	6.0	116.0	60.0	61.87806501364188	602	23	67	6	116	60	67	6	116	60	35	0	0.015623807907104492	30150	24.420204639434814	33	99.8905472636816	
61.87806501364188	67.0	6.0	116.0	60.0	61.87806501364188	603	23	67	6	116	60	67	6	116	60	35	0	0.031247615814208984	30200	24.451452255249023	33	99.8907284768212	
61.87806501364188	67.0	6.0	116.0	60.0	61.87806501364188	604	23	67	6	116	60	67	6	116	60	35	0	0.046872615814208984	30250	24.498324871063232	33	99.89090909090909	
61.87806501364188	67.0	6.0	116.0	60.0	61.87806501364188	605	23	67	6	116	60	67	6	116	60	35	0	0.015622854232788086	30300	24.51394772529602	33	99.89108910891089	
61.87806501364188	67.0	6.0	116.0	60.0	61.87806501364188	606	23	67	6	116	60	67	6	116	60	35	0	0.04687309265136719	30350	24.560820817947388	33	99.89126853377265	
61.87806501364188	67.0	6.0	116.0	60.0	61.87806501364188	607	23	67	6	116	60	67	6	116	60	35	0	0.031246662139892578	30400	24.59206748008728	33	99.89144736842105	
61.87806501364188	67.0	6.0	116.0	60.0	61.87806501364188	608	23	67	6	116	60	67	6	116	60	35	0	0.04687190055847168	30450	24.638939380645752	33	99.89162561576354	
61.87806501364188	67.0	6.0	116.0	60.0	61.87806501364188	609	23	67	6	116	60	67	6	116	60	35	0	0.03124833106994629	30500	24.6701877117157	33	99.89180327868853	
61.87806501364188	67.0	6.0	116.0	60.0	61.87806501364188	610	23	67	6	116	60	67	6	116	60	35	0	0.015623807907104492	30550	24.685811519622803	33	99.89198036006546	
61.87806501364188	67.0	6.0	116.0	60.0	61.87806501364188	611	23	67	6	116	60	67	6	116	60	35	0	0.04687142372131348	30600	24.732682943344116	33	99.8921568627451	
61.87806501364188	67.0	6.0	116.0	60.0	61.87806501364188	612	23	67	6	116	60	67	6	116	60	35	0	0.04687190055847168	30650	24.779554843902588	33	99.89233278955955	
61.87806501364188	67.0	6.0	116.0	60.0	61.87806501364188	613	23	67	6	116	60	67	6	116	60	35	0	0.04687190055847168	30700	24.82642674446106	33	99.89250814332247	
61.87806501364188	67.0	6.0	116.0	60.0	61.87806501364188	614	23	67	6	116	60	67	6	116	60	35	0	0.031247615814208984	30750	24.85767436027527	33	99.89268292682927	
61.87806501364188	67.0	6.0	116.0	60.0	61.87806501364188	615	23	67	6	116	60	67	6	116	60	35	0	0.031247854232788086	30800	24.888922214508057	33	99.89285714285714	
61.87806501364188	67.0	6.0	116.0	60.0	61.87806501364188	616	23	67	6	116	60	67	6	116	60	35	0	0.031248092651367188	30850	24.920170307159424	33	99.89303079416531	
61.87806501364188	67.0	6.0	116.0	60.0	61.87806501364188	617	23	67	6	116	60	67	6	116	60	35	0	0.031247615814208984	30900	24.951417922973633	33	99.89320388349515	
61.87806501364188	67.0	6.0	116.0	60.0	61.87806501364188	618	23	67	6	116	60	67	6	116	60	35	0	0.031248092651367188	30950	24.982666015625	33	99.89337641357028	
61.87806501364188	67.0	6.0	116.0	60.0	61.87806501364188	619	23	67	6	116	60	67	6	116	60	35	0	0.046871185302734375	31000	25.029537200927734	33	99.89354838709677	
61.87806501364188	67.0	6.0	116.0	60.0	61.87806501364188	620	23	67	6	116	60	67	6	116	60	35	0	0.031248807907104492	31050	25.06078600883484	33	99.89371980676329	
61.87806501364188	67.0	6.0	116.0	60.0	61.87806501364188	621	23	67	6	116	60	67	6	116	60	35	0	0.031247615814208984	31100	25.092033624649048	33	99.89389067524115	
61.87806501364188	67.0	6.0	116.0	60.0	61.87806501364188	622	23	67	6	116	60	67	6	116	60	35	0	0.04687142372131348	31150	25.13890504837036	33	99.89406099518459	
61.87806501364188	67.0	6.0	116.0	60.0	61.87806501364188	623	23	67	6	116	60	67	6	116	60	35	0	0.04687166213989258	31200	25.185776710510254	33	99.89423076923077	
61.87806501364188	67.0	6.0	116.0	60.0	61.87806501364188	624	23	67	6	116	60	67	6	116	60	35	0	0.015624761581420898	31250	25.201401472091675	33	99.8944	
61.87806501364188	67.0	6.0	116.0	60.0	61.87806501364188	625	23	67	6	116	60	67	6	116	60	35	0	0.04687094688415527	31300	25.24827241897583	33	99.89456869009585	
61.87806501364188	67.0	6.0	116.0	60.0	61.87806501364188	626	23	67	6	116	60	67	6	116	60	35	0	0.031247854232788086	31350	25.279520273208618	33	99.89473684210526	
61.87806501364188	67.0	6.0	116.0	60.0	61.87806501364188	627	23	67	6	116	60	67	6	116	60	35	0	0.031247854232788086	31400	25.310768127441406	33	99.89490445859873	
61.87806501364188	67.0	6.0	116.0	60.0	61.87806501364188	628	23	67	6	116	60	67	6	116	60	35	0	0.031248092651367188	31450	25.342016220092773	33	99.89507154213037	
61.87806501364188	67.0	6.0	116.0	60.0	61.87806501364188	629	23	67	6	116	60	67	6	116	60	35	0	0.031248092651367188	31500	25.37326431274414	33	99.8952380952381	
61.87806501364188	67.0	6.0	116.0	60.0	61.87806501364188	630	23	67	6	116	60	67	6	116	60	35	0	0.031248092651367188	31550	25.404512405395508	33	99.89540412044374	
61.87806501364188	67.0	6.0	116.0	60.0	61.87806501364188	631	23	67	6	116	60	67	6	116	60	35	0	0.031247377395629883	31600	25.435759782791138	33	99.89556962025317	
61.87806501364188	67.0	6.0	116.0	60.0	61.87806501364188	632	23	67	6	116	60	67	6	116	60	35	0	0.046872854232788086	31650	25.482632637023926	33	99.89573459715639	
61.87806501364188	67.0	6.0	116.0	60.0	61.87806501364188	633	23	67	6	116	60	67	6	116	60	35	0	0.03124690055847168	31700	25.513879537582397	33	99.89589905362776	
61.87806501364188	67.0	6.0	116.0	60.0	61.87806501364188	634	23	67	6	116	60	67	6	116	60	35	0	0.03124833106994629	31750	25.545127868652344	33	99.89606299212599	
61.87806501364188	67.0	6.0	116.0	60.0	61.87806501364188	635	23	67	6	116	60	67	6	116	60	35	0	0.03124833106994629	31800	25.57637619972229	33	99.89622641509433	
61.87806501364188	67.0	6.0	116.0	60.0	61.87806501364188	636	23	67	6	116	60	67	6	116	60	35	0	0.03124833106994629	31850	25.607624530792236	33	99.89638932496075	
61.87806501364188	67.0	6.0	116.0	60.0	61.87806501364188	637	23	67	6	116	60	67	6	116	60	35	0	0.04687094688415527	31900	25.65449547767639	33	99.89655172413794	
61.87806501364188	67.0	6.0	116.0	60.0	61.87806501364188	638	23	67	6	116	60	67	6	116	60	35	0	0.04687213897705078	31950	25.701367616653442	33	99.89671361502347	
61.87806501364188	67.0	6.0	116.0	60.0	61.87806501364188	639	23	67	6	116	60	67	6	116	60	35	0	0.04687142372131348	32000	25.748239040374756	33	99.896875	
61.87806501364188	67.0	6.0	116.0	60.0	61.87806501364188	640	23	67	6	116	60	67	6	116	60	35	0	0.031249284744262695	32050	25.77948832511902	33	99.89703588143526	
61.87806501364188	67.0	6.0	116.0	60.0	61.87806501364188	641	23	67	6	116	60	67	6	116	60	35	0	0.01562356948852539	32100	25.795111894607544	33	99.89719626168224	
61.87806501364188	67.0	6.0	116.0	60.0	61.87806501364188	642	23	67	6	116	60	67	6	116	60	35	0	0.031246662139892578	32150	25.826358556747437	33	99.89735614307932	
61.87806501364188	67.0	6.0	116.0	60.0	61.87806501364188	643	23	67	6	116	60	67	6	116	60	35	0	0.031247615814208984	32200	25.857606172561646	33	99.8975155279503	
61.87806501364188	67.0	6.0	116.0	60.0	61.87806501364188	644	23	67	6	116	60	67	6	116	60	35	0	0.03124713897705078	32250	25.888853311538696	33	99.89767441860465	
61.87806501364188	67.0	6.0	116.0	60.0	61.87806501364188	645	23	67	6	116	60	67	6	116	60	35	0	0.031248807907104492	32300	25.9201021194458	33	99.89783281733746	
61.87806501364188	67.0	6.0	116.0	60.0	61.87806501364188	646	23	67	6	116	60	67	6	116	60	35	0	0.046872615814208984	32350	25.96697473526001	33	99.89799072642967	
61.87806501364188	67.0	6.0	116.0	60.0	61.87806501364188	647	23	67	6	116	60	67	6	116	60	35	0	0.031248092651367188	32400	25.998222827911377	33	99.89814814814815	
61.87806501364188	67.0	6.0	116.0	60.0	61.87806501364188	648	23	67	6	116	60	67	6	116	60	35	0	0.031247615814208984	32450	26.029470443725586	33	99.89830508474576	
61.87806501364188	67.0	6.0	116.0	60.0	61.87806501364188	649	23	67	6	116	60	67	6	116	60	35	0	0.04687309265136719	32500	26.076343536376953	33	99.89846153846153	
61.87806501364188	67.0	6.0	116.0	60.0	61.87806501364188	650	23	67	6	116	60	67	6	116	60	35	0	0.031248807907104492	32550	26.107592344284058	33	99.89861751152074	
61.87806501364188	67.0	6.0	116.0	60.0	61.87806501364188	651	23	67	6	116	60	67	6	116	60	35	0	0.015623092651367188	32600	26.123215436935425	33	99.89877300613497	
61.87806501364188	67.0	6.0	116.0	60.0	61.87806501364188	652	23	67	6	116	60	67	6	116	60	35	0	0.046871185302734375	32650	26.17008662223816	33	99.8989280245023	
61.87806501364188	67.0	6.0	116.0	60.0	61.87806501364188	653	23	67	6	116	60	67	6	116	60	35	0	0.04687070846557617	32700	26.216957330703735	33	99.89908256880734	
61.87806501364188	67.0	6.0	116.0	60.0	61.87806501364188	654	23	67	6	116	60	67	6	116	60	35	0	0.015625	32750	26.232582330703735	33	99.89923664122138	
61.87806501364188	67.0	6.0	116.0	60.0	61.87806501364188	655	23	67	6	116	60	67	6	116	60	35	0	0.06249380111694336	32800	26.29507613182068	33	99.89939024390245	
61.87806501364188	67.0	6.0	116.0	60.0	61.87806501364188	656	23	67	6	116	60	67	6	116	60	35	0	0.031247854232788086	32850	26.326323986053467	33	99.89954337899543	
61.87806501364188	67.0	6.0	116.0	60.0	61.87806501364188	657	23	67	6	116	60	67	6	116	60	35	0	0.04687166213989258	32900	26.37319564819336	33	99.89969604863222	
61.87806501364188	67.0	6.0	116.0	60.0	61.87806501364188	658	23	67	6	116	60	67	6	116	60	35	0	0.04687309265136719	32950	26.420068740844727	33	99.89984825493171	
61.87806501364188	67.0	6.0	116.0	60.0	61.87806501364188	659	23	67	6	116	60	67	6	116	60	35	0	0.031247615814208984	33000	26.451316356658936	33	99.9	
61.87806501364188	67.0	6.0	116.0	60.0	61.87806501364188	660	23	67	6	116	60	67	6	116	60	35	0	0.03124713897705078	33050	26.482563495635986	33	99.9001512859304	
61.87806501364188	67.0	6.0	116.0	60.0	61.87806501364188	661	23	67	6	116	60	67	6	116	60	35	0	0.04687237739562988	33100	26.529435873031616	33	99.90030211480362	
61.87806501364188	67.0	6.0	116.0	60.0	61.87806501364188	662	23	67	6	116	60	67	6	116	60	35	0	0.04687213897705078	33150	26.576308012008667	33	99.90045248868778	
61.87806501364188	67.0	6.0	116.0	60.0	61.87806501364188	663	23	67	6	116	60	67	6	116	60	35	0	0.04687213897705078	33200	26.623180150985718	33	99.90060240963855	
61.87806501364188	67.0	6.0	116.0	60.0	61.87806501364188	664	23	67	6	116	60	67	6	116	60	35	0	0.01562356948852539	33250	26.638803720474243	33	99.90075187969924	
61.87806501364188	67.0	6.0	116.0	60.0	61.87806501364188	665	23	67	6	116	60	67	6	116	60	35	0	0.04687166213989258	33300	26.685675382614136	33	99.90090090090091	
61.87806501364188	67.0	6.0	116.0	60.0	61.87806501364188	666	23	67	6	116	60	67	6	116	60	35	0	0.04687213897705078	33350	26.732547521591187	33	99.90104947526237	
61.87806501364188	67.0	6.0	116.0	60.0	61.87806501364188	667	23	67	6	116	60	67	6	116	60	35	0	0.046871185302734375	33400	26.77941870689392	33	99.90119760479043	
61.87806501364188	67.0	6.0	116.0	60.0	61.87806501364188	668	23	67	6	116	60	67	6	116	60	35	0	0.031249046325683594	33450	26.810667753219604	33	99.90134529147981	
61.87806501364188	67.0	6.0	116.0	60.0	61.87806501364188	669	23	67	6	116	60	67	6	116	60	35	0	0.046871185302734375	33500	26.85753893852234	33	99.90149253731343	
61.87806501364188	67.0	6.0	116.0	60.0	61.87806501364188	670	23	67	6	116	60	67	6	116	60	35	0	0.015624761581420898	33550	26.87316370010376	33	99.90163934426229	
61.87806501364188	67.0	6.0	116.0	60.0	61.87806501364188	671	23	67	6	116	60	67	6	116	60	35	0	0.03124690055847168	33600	26.90441060066223	33	99.90178571428571	
61.87806501364188	67.0	6.0	116.0	60.0	61.87806501364188	672	23	67	6	116	60	67	6	116	60	35	0	0.04687166213989258	33650	26.951282262802124	33	99.90193164933135	
61.87806501364188	67.0	6.0	116.0	60.0	61.87806501364188	673	23	67	6	116	60	67	6	116	60	35	0	0.046872615814208984	33700	26.998154878616333	33	99.9020771513353	
61.87806501364188	67.0	6.0	116.0	60.0	61.87806501364188	674	23	67	6	116	60	67	6	116	60	35	0	0.04687070846557617	33750	27.04502558708191	33	99.90222222222222	
61.87806501364188	67.0	6.0	116.0	60.0	61.87806501364188	675	23	67	6	116	60	67	6	116	60	35	0	0.03125	33800	27.07627558708191	33	99.90236686390533	
61.87806501364188	67.0	6.0	116.0	60.0	61.87806501364188	676	23	67	6	116	60	67	6	116	60	35	0	0.04687047004699707	33850	27.123146057128906	33	99.90251107828657	
61.87806501364188	67.0	6.0	116.0	60.0	61.87806501364188	677	23	67	6	116	60	67	6	116	60	35	0	0.03124856948852539	33900	27.15439462661743	33	99.90265486725664	
61.87806501364188	67.0	6.0	116.0	60.0	61.87806501364188	678	23	67	6	116	60	67	6	116	60	35	0	0.031247377395629883	33950	27.18564200401306	33	99.90279823269513	
61.87806501364188	67.0	6.0	116.0	60.0	61.87806501364188	679	23	67	6	116	60	67	6	116	60	35	0	0.03124690055847168	34000	27.216888904571533	33	99.90294117647059	
61.87806501364188	67.0	6.0	116.0	60.0	61.87806501364188	680	23	67	6	116	60	67	6	116	60	35	0	0.031248092651367188	34050	27.2481369972229	33	99.90308370044053	
61.87806501364188	67.0	6.0	116.0	60.0	61.87806501364188	681	23	67	6	116	60	67	6	116	60	35	0	0.046871185302734375	34100	27.295008182525635	33	99.90322580645162	
61.87806501364188	67.0	6.0	116.0	60.0	61.87806501364188	682	23	67	6	116	60	67	6	116	60	35	0	0.04687142372131348	34150	27.34187960624695	33	99.90336749633968	
61.87806501364188	67.0	6.0	116.0	60.0	61.87806501364188	683	23	67	6	116	60	67	6	116	60	35	0	0.04687356948852539	34200	27.388753175735474	33	99.90350877192982	
61.87806501364188	67.0	6.0	116.0	60.0	61.87806501364188	684	23	67	6	116	60	67	6	116	60	35	0	0.03124690055847168	34250	27.420000076293945	33	99.9036496350365	
61.87806501364188	67.0	6.0	116.0	60.0	61.87806501364188	685	23	67	6	116	60	67	6	116	60	35	0	0.04687356948852539	34300	27.46687364578247	33	99.90379008746356	
61.87806501364188	67.0	6.0	116.0	60.0	61.87806501364188	686	23	67	6	116	60	67	6	116	60	35	0	0.031245946884155273	34350	27.498119592666626	33	99.90393013100437	
61.87806501364188	67.0	6.0	116.0	60.0	61.87806501364188	687	23	67	6	116	60	67	6	116	60	35	0	0.04687166213989258	34400	27.54499125480652	33	99.90406976744185	
61.87806501364188	67.0	6.0	116.0	60.0	61.87806501364188	688	23	67	6	116	60	67	6	116	60	35	0	0.046872854232788086	34450	27.591864109039307	33	99.90420899854863	
61.87806501364188	67.0	6.0	116.0	60.0	61.87806501364188	689	23	67	6	116	60	67	6	116	60	35	0	0.031246662139892578	34500	27.6231107711792	33	99.90434782608696	
61.87806501364188	67.0	6.0	116.0	60.0	61.87806501364188	690	23	67	6	116	60	67	6	116	60	35	0	0.04687213897705078	34550	27.66998291015625	33	99.90448625180898	
61.87806501364188	67.0	6.0	116.0	60.0	61.87806501364188	691	23	67	6	116	60	67	6	116	60	35	0	0.04687237739562988	34600	27.71685528755188	33	99.90462427745665	
61.87806501364188	67.0	6.0	116.0	60.0	61.87806501364188	692	23	67	6	116	60	67	6	116	60	35	0	0.031249046325683594	34650	27.748104333877563	33	99.9047619047619	
61.87806501364188	67.0	6.0	116.0	60.0	61.87806501364188	693	23	67	6	116	60	67	6	116	60	35	0	0.046871185302734375	34700	27.794975519180298	33	99.90489913544668	
61.87806501364188	67.0	6.0	116.0	60.0	61.87806501364188	694	23	67	6	116	60	67	6	116	60	35	0	0.031247854232788086	34750	27.826223373413086	33	99.90503597122301	
61.87806501364188	67.0	6.0	116.0	60.0	61.87806501364188	695	23	67	6	116	60	67	6	116	60	35	0	0.03124713897705078	34800	27.857470512390137	33	99.90517241379311	
61.87806501364188	67.0	6.0	116.0	60.0	61.87806501364188	696	23	67	6	116	60	67	6	116	60	35	0	0.031249284744262695	34850	27.8887197971344	33	99.90530846484936	
61.87806501364188	67.0	6.0	116.0	60.0	61.87806501364188	697	23	67	6	116	60	67	6	116	60	35	0	0.046871185302734375	34900	27.935590982437134	33	99.9054441260745	
61.87806501364188	67.0	6.0	116.0	60.0	61.87806501364188	698	23	67	6	116	60	67	6	116	60	35	0	0.031247854232788086	34950	27.966838836669922	33	99.90557939914163	
61.87806501364188	67.0	6.0	116.0	60.0	61.87806501364188	699	23	67	6	116	60	67	6	116	60	35	0	0.04686999320983887	35000	28.01370882987976	33	99.90571428571428	
61.87806501364188	67.0	6.0	116.0	60.0	61.87806501364188	700	23	67	6	116	60	67	6	116	60	35	0	0.04687309265136719	35050	28.060581922531128	33	99.9058487874465	
61.87806501364188	67.0	6.0	116.0	60.0	61.87806501364188	701	23	67	6	116	60	67	6	116	60	35	0	0.062496185302734375	35100	28.123078107833862	33	99.90598290598291	
61.87806501364188	67.0	6.0	116.0	60.0	61.87806501364188	702	23	67	6	116	60	67	6	116	60	35	0	0.03124713897705078	35150	28.154325246810913	33	99.90611664295875	
61.87806501364188	67.0	6.0	116.0	60.0	61.87806501364188	703	23	67	6	116	60	67	6	116	60	35	0	0.031246662139892578	35200	28.185571908950806	33	99.90625	
61.87806501364188	67.0	6.0	116.0	60.0	61.87806501364188	704	23	67	6	116	60	67	6	116	60	35	0	0.04687380790710449	35250	28.23244571685791	33	99.9063829787234	
61.87806501364188	67.0	6.0	116.0	60.0	61.87806501364188	705	23	67	6	116	60	67	6	116	60	35	0	0.046869754791259766	35300	28.27931547164917	33	99.90651558073654	
61.87806501364188	67.0	6.0	116.0	60.0	61.87806501364188	706	23	67	6	116	60	67	6	116	60	35	0	0.04687309265136719	35350	28.326188564300537	33	99.90664780763791	
61.87806501364188	67.0	6.0	116.0	60.0	61.87806501364188	707	23	67	6	116	60	67	6	116	60	35	0	0.04687237739562988	35400	28.373060941696167	33	99.90677966101696	
61.87806501364188	67.0	6.0	116.0	60.0	61.87806501364188	708	23	67	6	116	60	67	6	116	60	35	0	0.06249427795410156	35450	28.43555521965027	33	99.90691114245416	
61.87806501364188	67.0	6.0	116.0	60.0	61.87806501364188	709	23	67	6	116	60	67	6	116	60	35	0	0.031247854232788086	35500	28.466803073883057	33	99.90704225352113	
61.87806501364188	67.0	6.0	116.0	60.0	61.87806501364188	710	23	67	6	116	60	67	6	116	60	35	0	0.06249713897705078	35550	28.529300212860107	33	99.90717299578058	
61.87806501364188	67.0	6.0	116.0	60.0	61.87806501364188	711	23	67	6	116	60	67	6	116	60	35	0	0.031246185302734375	35600	28.560546398162842	33	99.90730337078652	
61.87806501364188	67.0	6.0	116.0	60.0	61.87806501364188	712	23	67	6	116	60	67	6	116	60	35	0	0.04687333106994629	35650	28.607419729232788	33	99.90743338008416	
61.87806501364188	67.0	6.0	116.0	60.0	61.87806501364188	713	23	67	6	116	60	67	6	116	60	35	0	0.03124713897705078	35700	28.63866686820984	33	99.90756302521008	
61.87806501364188	67.0	6.0	116.0	60.0	61.87806501364188	714	23	67	6	116	60	67	6	116	60	35	0	0.04687237739562988	35750	28.68553924560547	33	99.9076923076923	
61.87806501364188	67.0	6.0	116.0	60.0	61.87806501364188	715	23	67	6	116	60	67	6	116	60	35	0	0.04687142372131348	35800	28.732410669326782	33	99.90782122905028	
61.87806501364188	67.0	6.0	116.0	60.0	61.87806501364188	716	23	67	6	116	60	67	6	116	60	35	0	0.03124690055847168	35850	28.763657569885254	33	99.90794979079497	
61.87806501364188	67.0	6.0	116.0	60.0	61.87806501364188	717	23	67	6	116	60	67	6	116	60	35	0	0.0312497615814209	35900	28.794907331466675	33	99.90807799442896	
61.87806501364188	67.0	6.0	116.0	60.0	61.87806501364188	718	23	67	6	116	60	67	6	116	60	35	0	0.04687213897705078	35950	28.841779470443726	33	99.90820584144646	
61.87806501364188	67.0	6.0	116.0	60.0	61.87806501364188	719	23	67	6	116	60	67	6	116	60	35	0	0.04687166213989258	36000	28.888651132583618	33	99.90833333333333	
61.87806501364188	67.0	6.0	116.0	60.0	61.87806501364188	720	23	67	6	116	60	67	6	116	60	35	0	0.03124713897705078	36050	28.91989827156067	33	99.90846047156727	
61.87806501364188	67.0	6.0	116.0	60.0	61.87806501364188	721	23	67	6	116	60	67	6	116	60	35	0	0.03125190734863281	36100	28.9511501789093	33	99.90858725761773	
61.87806501364188	67.0	6.0	116.0	60.0	61.87806501364188	722	23	67	6	116	60	67	6	116	60	35	0	0.04686713218688965	36150	28.99801731109619	33	99.90871369294605	
61.87806501364188	67.0	6.0	116.0	60.0	61.87806501364188	723	23	67	6	116	60	67	6	116	60	35	0	0.03124856948852539	36200	29.029265880584717	33	99.90883977900552	
61.87806501364188	67.0	6.0	116.0	60.0	61.87806501364188	724	23	67	6	116	60	67	6	116	60	35	0	0.04687166213989258	36250	29.07613754272461	33	99.90896551724138	
61.87806501364188	67.0	6.0	116.0	60.0	61.87806501364188	725	23	67	6	116	60	67	6	116	60	35	0	0.03124833106994629	36300	29.107385873794556	33	99.9090909090909	
61.87806501364188	67.0	6.0	116.0	60.0	61.87806501364188	726	23	67	6	116	60	67	6	116	60	35	0	0.06249547004699707	36350	29.169881343841553	33	99.9092159559835	
61.87806501364188	67.0	6.0	116.0	60.0	61.87806501364188	727	23	67	6	116	60	67	6	116	60	35	0	0.031246662139892578	36400	29.201128005981445	33	99.90934065934066	
61.87806501364188	67.0	6.0	116.0	60.0	61.87806501364188	728	23	67	6	116	60	67	6	116	60	35	0	0.031247377395629883	36450	29.232375383377075	33	99.90946502057614	
61.87806501364188	67.0	6.0	116.0	60.0	61.87806501364188	729	23	67	6	116	60	67	6	116	60	35	0	0.04687190055847168	36500	29.279247283935547	33	99.90958904109588	
61.87806501364188	67.0	6.0	116.0	60.0	61.87806501364188	730	23	67	6	116	60	67	6	116	60	35	0	0.031249046325683594	36550	29.31049633026123	33	99.90971272229822	
61.87806501364188	67.0	6.0	116.0	60.0	61.87806501364188	731	23	67	6	116	60	67	6	116	60	35	0	0.046871185302734375	36600	29.357367515563965	33	99.90983606557377	
61.87806501364188	67.0	6.0	116.0	60.0	61.87806501364188	732	23	67	6	116	60	67	6	116	60	35	0	0.046872615814208984	36650	29.404240131378174	33	99.9099590723056	
61.87806501364188	67.0	6.0	116.0	60.0	61.87806501364188	733	23	67	6	116	60	67	6	116	60	35	0	0.04687094688415527	36700	29.45111107826233	33	99.91008174386921	
61.87806501364188	67.0	6.0	116.0	60.0	61.87806501364188	734	23	67	6	116	60	67	6	116	60	35	0	0.04687142372131348	36750	29.497982501983643	33	99.91020408163266	
61.87806501364188	67.0	6.0	116.0	60.0	61.87806501364188	735	23	67	6	116	60	67	6	116	60	35	0	0.031247615814208984	36800	29.52923011779785	33	99.91032608695652	
61.87806501364188	67.0	6.0	116.0	60.0	61.87806501364188	736	23	67	6	116	60	67	6	116	60	35	0	0.046872854232788086	36850	29.57610297203064	33	99.91044776119404	
61.87806501364188	67.0	6.0	116.0	60.0	61.87806501364188	737	23	67	6	116	60	67	6	116	60	35	0	0.03124856948852539	36900	29.607351541519165	33	99.91056910569105	
61.87806501364188	67.0	6.0	116.0	60.0	61.87806501364188	738	23	67	6	116	60	67	6	116	60	35	0	0.04687070846557617	36950	29.65422224998474	33	99.9106901217862	
61.87806501364188	67.0	6.0	116.0	60.0	61.87806501364188	739	23	67	6	116	60	67	6	116	60	35	0	0.03124833106994629	37000	29.685470581054688	33	99.91081081081082	
61.87806501364188	67.0	6.0	116.0	60.0	61.87806501364188	740	23	67	6	116	60	67	6	116	60	35	0	0.03124833106994629	37050	29.716718912124634	33	99.91093117408907	
61.87806501364188	67.0	6.0	116.0	60.0	61.87806501364188	741	23	67	6	116	60	67	6	116	60	35	0	0.04687142372131348	37100	29.763590335845947	33	99.911051212938	
61.87806501364188	67.0	6.0	116.0	60.0	61.87806501364188	742	23	67	6	116	60	67	6	116	60	35	0	0.046872854232788086	37150	29.810463190078735	33	99.91117092866756	
61.87806501364188	67.0	6.0	116.0	60.0	61.87806501364188	743	23	67	6	116	60	67	6	116	60	35	0	0.04686999320983887	37200	29.857333183288574	33	99.91129032258064	
61.87806501364188	67.0	6.0	116.0	60.0	61.87806501364188	744	23	67	6	116	60	67	6	116	60	35	0	0.04687190055847168	37250	29.904205083847046	33	99.91140939597315	
61.87806501364188	67.0	6.0	116.0	60.0	61.87806501364188	745	23	67	6	116	60	67	6	116	60	35	0	0.046874046325683594	37300	29.95107913017273	33	99.91152815013405	
61.87806501364188	67.0	6.0	116.0	60.0	61.87806501364188	746	23	67	6	116	60	67	6	116	60	35	0	0.04686999320983887	37350	29.99794912338257	33	99.91164658634538	
61.87806501364188	67.0	6.0	116.0	60.0	61.87806501364188	747	23	67	6	116	60	67	6	116	60	35	0	0.04687190055847168	37400	30.04482102394104	33	99.91176470588235	
61.87806501364188	67.0	6.0	116.0	60.0	61.87806501364188	748	23	67	6	116	60	67	6	116	60	35	0	0.04687047004699707	37450	30.091691493988037	33	99.91188251001336	
61.87806501364188	67.0	6.0	116.0	60.0	61.87806501364188	749	23	67	6	116	60	67	6	116	60	35	0	0.031247615814208984	37500	30.122939109802246	33	99.912	
61.87806501364188	67.0	6.0	116.0	60.0	61.87806501364188	750	23	67	6	116	60	67	6	116	60	35	0	0.031249046325683594	37550	30.15418815612793	33	99.9121171770972	
61.87806501364188	67.0	6.0	116.0	60.0	61.87806501364188	751	23	67	6	116	60	67	6	116	60	35	0	0.062496185302734375	37600	30.216684341430664	33	99.9122340425532	
61.87806501364188	67.0	6.0	116.0	60.0	61.87806501364188	752	23	67	6	116	60	67	6	116	60	35	0	0.04687213897705078	37650	30.263556480407715	33	99.91235059760956	
61.87806501364188	67.0	6.0	116.0	60.0	61.87806501364188	753	23	67	6	116	60	67	6	116	60	35	0	0.01562356948852539	37700	30.27918004989624	33	99.91246684350132	
61.87806501364188	67.0	6.0	116.0	60.0	61.87806501364188	754	23	67	6	116	60	67	6	116	60	35	0	0.03124833106994629	37750	30.310428380966187	33	99.91258278145695	
61.87806501364188	67.0	6.0	116.0	60.0	61.87806501364188	755	23	67	6	116	60	67	6	116	60	35	0	0.04687166213989258	37800	30.35730004310608	33	99.91269841269842	
61.87806501364188	67.0	6.0	116.0	60.0	61.87806501364188	756	23	67	6	116	60	67	6	116	60	35	0	0.046869754791259766	37850	30.40416979789734	33	99.91281373844122	
61.87806501364188	67.0	6.0	116.0	60.0	61.87806501364188	757	23	67	6	116	60	67	6	116	60	35	0	0.0312497615814209	37900	30.43541955947876	33	99.91292875989446	
61.87806501364188	67.0	6.0	116.0	60.0	61.87806501364188	758	23	67	6	116	60	67	6	116	60	35	0	0.031246662139892578	37950	30.466666221618652	33	99.91304347826087	
61.87806501364188	67.0	6.0	116.0	60.0	61.87806501364188	759	23	67	6	116	60	67	6	116	60	35	0	0.04687190055847168	38000	30.513538122177124	33	99.91315789473684	
61.87806501364188	67.0	6.0	116.0	60.0	61.87806501364188	760	23	67	6	116	60	67	6	116	60	35	0	0.04687237739562988	38050	30.560410499572754	33	99.91327201051249	
61.87806501364188	67.0	6.0	116.0	60.0	61.87806501364188	761	23	67	6	116	60	67	6	116	60	35	0	0.03124856948852539	38100	30.59165906906128	33	99.91338582677166	
61.87806501364188	67.0	6.0	116.0	60.0	61.87806501364188	762	23	67	6	116	60	67	6	116	60	35	0	0.031247377395629883	38150	30.62290644645691	33	99.913499344692	
61.87806501364188	67.0	6.0	116.0	60.0	61.87806501364188	763	23	67	6	116	60	67	6	116	60	35	0	0.03124713897705078	38200	30.65415358543396	33	99.91361256544502	
61.87806501364188	67.0	6.0	116.0	60.0	61.87806501364188	764	23	67	6	116	60	67	6	116	60	35	0	0.04687166213989258	38250	30.701025247573853	33	99.91372549019607	
61.87806501364188	67.0	6.0	116.0	60.0	61.87806501364188	765	23	67	6	116	60	67	6	116	60	35	0	0.0312497615814209	38300	30.732275009155273	33	99.91383812010444	
61.87806501364188	67.0	6.0	116.0	60.0	61.87806501364188	766	23	67	6	116	60	67	6	116	60	35	0	0.04687094688415527	38350	30.77914595603943	33	99.91395045632333	
61.87806501364188	67.0	6.0	116.0	60.0	61.87806501364188	767	23	67	6	116	60	67	6	116	60	35	0	0.04687213897705078	38400	30.82601809501648	33	99.9140625	
61.87806501364188	67.0	6.0	116.0	60.0	61.87806501364188	768	23	67	6	116	60	67	6	116	60	35	0	0.01562356948852539	38450	30.841641664505005	33	99.91417425227569	
61.87806501364188	67.0	6.0	116.0	60.0	61.87806501364188	769	23	67	6	116	60	67	6	116	60	35	0	0.031247615814208984	38500	30.872889280319214	33	99.91428571428571	
61.87806501364188	67.0	6.0	116.0	60.0	61.87806501364188	770	23	67	6	116	60	67	6	116	60	35	0	0.04687142372131348	38550	30.919760704040527	33	99.91439688715953	
61.87806501364188	67.0	6.0	116.0	60.0	61.87806501364188	771	23	67	6	116	60	67	6	116	60	35	0	0.015624046325683594	38600	30.93538475036621	33	99.91450777202073	
61.87806501364188	67.0	6.0	116.0	60.0	61.87806501364188	772	23	67	6	116	60	67	6	116	60	35	0	0.04687190055847168	38650	30.982256650924683	33	99.91461836998707	
61.87806501364188	67.0	6.0	116.0	60.0	61.87806501364188	773	23	67	6	116	60	67	6	116	60	35	0	0.04687237739562988	38700	31.029129028320312	33	99.91472868217055	
61.87806501364188	67.0	6.0	116.0	60.0	61.87806501364188	774	23	67	6	116	60	67	6	116	60	35	0	0.015624284744262695	38750	31.044753313064575	33	99.91483870967743	
61.87806501364188	67.0	6.0	116.0	60.0	61.87806501364188	775	23	67	6	116	60	67	6	116	60	35	0	0.06249499320983887	38800	31.107248306274414	33	99.91494845360825	
61.87806501364188	67.0	6.0	116.0	60.0	61.87806501364188	776	23	67	6	116	60	67	6	116	60	35	0	0.04687213897705078	38850	31.154120445251465	33	99.91505791505791	
61.87806501364188	67.0	6.0	116.0	60.0	61.87806501364188	777	23	67	6	116	60	67	6	116	60	35	0	0.04687166213989258	38900	31.200992107391357	33	99.91516709511568	
61.87806501364188	67.0	6.0	116.0	60.0	61.87806501364188	778	23	67	6	116	60	67	6	116	60	35	0	0.03124713897705078	38950	31.232239246368408	33	99.91527599486521	
61.87806501364188	67.0	6.0	116.0	60.0	61.87806501364188	779	23	67	6	116	60	67	6	116	60	35	0	0.031247854232788086	39000	31.263487100601196	33	99.91538461538461	
61.87806501364188	67.0	6.0	116.0	60.0	61.87806501364188	780	23	67	6	116	60	67	6	116	60	35	0	0.031248807907104492	39050	31.2947359085083	33	99.91549295774648	
61.87806501364188	67.0	6.0	116.0	60.0	61.87806501364188	781	23	67	6	116	60	67	6	116	60	35	0	0.031246185302734375	39100	31.325982093811035	33	99.9156010230179	
61.87806501364188	67.0	6.0	116.0	60.0	61.87806501364188	782	23	67	6	116	60	67	6	116	60	35	0	0.06249642372131348	39150	31.38847851753235	33	99.91570881226053	
61.87806501364188	67.0	6.0	116.0	60.0	61.87806501364188	783	23	67	6	116	60	67	6	116	60	35	0	0.031247377395629883	39200	31.41972589492798	33	99.91581632653062	
61.87806501364188	67.0	6.0	116.0	60.0	61.87806501364188	784	23	67	6	116	60	67	6	116	60	35	0	0.031247854232788086	39250	31.450973749160767	33	99.91592356687899	
61.87806501364188	67.0	6.0	116.0	60.0	61.87806501364188	785	23	67	6	116	60	67	6	116	60	35	0	0.04687190055847168	39300	31.49784564971924	33	99.91603053435115	
61.87806501364188	67.0	6.0	116.0	60.0	61.87806501364188	786	23	67	6	116	60	67	6	116	60	35	0	0.04687309265136719	39350	31.544718742370605	33	99.9161372299873	
61.87806501364188	67.0	6.0	116.0	60.0	61.87806501364188	787	23	67	6	116	60	67	6	116	60	35	0	0.031246423721313477	39400	31.57596516609192	33	99.91624365482234	
61.87806501364188	67.0	6.0	116.0	60.0	61.87806501364188	788	23	67	6	116	60	67	6	116	60	35	0	0.03124856948852539	39450	31.607213735580444	33	99.91634980988593	
61.87806501364188	67.0	6.0	116.0	60.0	61.87806501364188	789	23	67	6	116	60	67	6	116	60	35	0	0.031247854232788086	39500	31.638461589813232	33	99.91645569620253	
61.87806501364188	67.0	6.0	116.0	60.0	61.87806501364188	790	23	67	6	116	60	67	6	116	60	35	0	0.04687166213989258	39550	31.685333251953125	33	99.91656131479141	
61.87806501364188	67.0	6.0	116.0	60.0	61.87806501364188	791	23	67	6	116	60	67	6	116	60	35	0	0.031247615814208984	39600	31.716580867767334	33	99.91666666666667	
61.87806501364188	67.0	6.0	116.0	60.0	61.87806501364188	792	23	67	6	116	60	67	6	116	60	35	0	0.06249642372131348	39650	31.779077291488647	33	99.91677175283732	
61.87806501364188	67.0	6.0	116.0	60.0	61.87806501364188	793	23	67	6	116	60	67	6	116	60	35	0	0.04687094688415527	39700	31.825948238372803	33	99.91687657430731	
61.87806501364188	67.0	6.0	116.0	60.0	61.87806501364188	794	23	67	6	116	60	67	6	116	60	35	0	0.046872615814208984	39750	31.87282085418701	33	99.91698113207548	
61.87806501364188	67.0	6.0	116.0	60.0	61.87806501364188	795	23	67	6	116	60	67	6	116	60	35	0	0.046871185302734375	39800	31.919692039489746	33	99.91708542713567	
61.87806501364188	67.0	6.0	116.0	60.0	61.87806501364188	796	23	67	6	116	60	67	6	116	60	35	0	0.031248807907104492	39850	31.95094084739685	33	99.91718946047679	
61.87806501364188	67.0	6.0	116.0	60.0	61.87806501364188	797	23	67	6	116	60	67	6	116	60	35	0	0.031247854232788086	39900	31.98218870162964	33	99.9172932330827	
61.87806501364188	67.0	6.0	116.0	60.0	61.87806501364188	798	23	67	6	116	60	67	6	116	60	35	0	0.04687023162841797	39950	32.02905893325806	33	99.91739674593242	
61.87806501364188	67.0	6.0	116.0	60.0	61.87806501364188	799	23	67	6	116	60	67	6	116	60	35	0	0.046874284744262695	40000	32.07593321800232	33	99.9175	
61.87806501364188	67.0	6.0	116.0	60.0	61.87806501364188	800	23	67	6	116	60	67	6	116	60	35	0	0.031244993209838867	40050	32.10717821121216	33	99.91760299625469	
61.87806501364188	67.0	6.0	116.0	60.0	61.87806501364188	801	23	67	6	116	60	67	6	116	60	35	0	0.031247615814208984	40100	32.13842582702637	33	99.91770573566085	
61.87806501364188	67.0	6.0	116.0	60.0	61.87806501364188	802	23	67	6	116	60	67	6	116	60	35	0	0.04687237739562988	40150	32.185298204422	33	99.91780821917808	
61.87806501364188	67.0	6.0	116.0	60.0	61.87806501364188	803	23	67	6	116	60	67	6	116	60	35	0	0.04687166213989258	40200	32.23216986656189	33	99.91791044776119	
61.87806501364188	67.0	6.0	116.0	60.0	61.87806501364188	804	23	67	6	116	60	67	6	116	60	35	0	0.031247854232788086	40250	32.26341772079468	33	99.91801242236025	
61.87806501364188	67.0	6.0	116.0	60.0	61.87806501364188	805	23	67	6	116	60	67	6	116	60	35	0	0.04687142372131348	40300	32.31028914451599	33	99.91811414392059	
61.87806501364188	67.0	6.0	116.0	60.0	61.87806501364188	806	23	67	6	116	60	67	6	116	60	35	0	0.031247854232788086	40350	32.34153699874878	33	99.9182156133829	
61.87806501364188	67.0	6.0	116.0	60.0	61.87806501364188	807	23	67	6	116	60	67	6	116	60	35	0	0.031249523162841797	40400	32.37278652191162	33	99.91831683168317	
61.87806501364188	67.0	6.0	116.0	60.0	61.87806501364188	808	23	67	6	116	60	67	6	116	60	35	0	0.04686999320983887	40450	32.41965651512146	33	99.91841779975279	
61.87806501364188	67.0	6.0	116.0	60.0	61.87806501364188	809	23	67	6	116	60	67	6	116	60	35	0	0.04687237739562988	40500	32.46652889251709	33	99.91851851851852	
61.87806501364188	67.0	6.0	116.0	60.0	61.87806501364188	810	23	67	6	116	60	67	6	116	60	35	0	0.04687142372131348	40550	32.5134003162384	33	99.9186189889026	
61.87806501364188	67.0	6.0	116.0	60.0	61.87806501364188	811	23	67	6	116	60	67	6	116	60	35	0	0.015624284744262695	40600	32.529024600982666	33	99.91871921182266	
61.87806501364188	67.0	6.0	116.0	60.0	61.87806501364188	812	23	67	6	116	60	67	6	116	60	35	0	0.031247377395629883	40650	32.560271978378296	33	99.91881918819188	
61.87806501364188	67.0	6.0	116.0	60.0	61.87806501364188	813	23	67	6	116	60	67	6	116	60	35	0	0.04687213897705078	40700	32.60714411735535	33	99.91891891891892	
61.87806501364188	67.0	6.0	116.0	60.0	61.87806501364188	814	23	67	6	116	60	67	6	116	60	35	0	0.04687166213989258	40750	32.65401577949524	33	99.91901840490797	
61.87806501364188	67.0	6.0	116.0	60.0	61.87806501364188	815	23	67	6	116	60	67	6	116	60	35	0	0.04687190055847168	40800	32.70088768005371	33	99.91911764705883	
61.87806501364188	67.0	6.0	116.0	60.0	61.87806501364188	816	23	67	6	116	60	67	6	116	60	35	0	0.031247615814208984	40850	32.73213529586792	33	99.91921664626683	
61.87806501364188	67.0	6.0	116.0	60.0	61.87806501364188	817	23	67	6	116	60	67	6	116	60	35	0	0.04687309265136719	40900	32.77900838851929	33	99.91931540342298	
61.87806501364188	67.0	6.0	116.0	60.0	61.87806501364188	818	23	67	6	116	60	67	6	116	60	35	0	0.015622615814208984	40950	32.794631004333496	33	99.91941391941391	
61.87806501364188	67.0	6.0	116.0	60.0	61.87806501364188	819	23	67	6	116	60	67	6	116	60	35	0	0.031247854232788086	41000	32.825878858566284	33	99.91951219512195	
61.87806501364188	67.0	6.0	116.0	60.0	61.87806501364188	820	23	67	6	116	60	67	6	116	60	35	0	0.046872615814208984	41050	32.87275147438049	33	99.9196102314251	
61.87806501364188	67.0	6.0	116.0	60.0	61.87806501364188	821	23	67	6	116	60	67	6	116	60	35	0	0.046871185302734375	41100	32.91962265968323	33	99.91970802919708	
61.87806501364188	67.0	6.0	116.0	60.0	61.87806501364188	822	23	67	6	116	60	67	6	116	60	35	0	0.031247615814208984	41150	32.95087027549744	33	99.91980558930742	
61.87806501364188	67.0	6.0	116.0	60.0	61.87806501364188	823	23	67	6	116	60	67	6	116	60	35	0	0.04687309265136719	41200	32.997743368148804	33	99.91990291262135	
61.87806501364188	67.0	6.0	116.0	60.0	61.87806501364188	824	23	67	6	116	60	67	6	116	60	35	0	0.031246662139892578	41250	33.028990030288696	33	99.92	
61.87806501364188	67.0	6.0	116.0	60.0	61.87806501364188	825	23	67	6	116	60	67	6	116	60	35	0	0.031247854232788086	41300	33.060237884521484	33	99.92009685230025	
61.87806501364188	67.0	6.0	116.0	60.0	61.87806501364188	826	23	67	6	116	60	67	6	116	60	35	0	0.031247854232788086	41350	33.09148573875427	33	99.92019347037485	
61.87806501364188	67.0	6.0	116.0	60.0	61.87806501364188	827	23	67	6	116	60	67	6	116	60	35	0	0.031248092651367188	41400	33.12273383140564	33	99.92028985507247	
61.87806501364188	67.0	6.0	116.0	60.0	61.87806501364188	828	23	67	6	116	60	67	6	116	60	35	0	0.031247615814208984	41450	33.15398144721985	33	99.92038600723764	
61.87806501364188	67.0	6.0	116.0	60.0	61.87806501364188	829	23	67	6	116	60	67	6	116	60	35	0	0.031247854232788086	41500	33.18522930145264	33	99.92048192771084	
61.87806501364188	67.0	6.0	116.0	60.0	61.87806501364188	830	23	67	6	116	60	67	6	116	60	35	0	0.04687190055847168	41550	33.23210120201111	33	99.92057761732852	
61.87806501364188	67.0	6.0	116.0	60.0	61.87806501364188	831	23	67	6	116	60	67	6	116	60	35	0	0.031247615814208984	41600	33.26334881782532	33	99.92067307692308	
61.87806501364188	67.0	6.0	116.0	60.0	61.87806501364188	832	23	67	6	116	60	67	6	116	60	35	0	0.031248092651367188	41650	33.294596910476685	33	99.92076830732293	
61.87806501364188	67.0	6.0	116.0	60.0	61.87806501364188	833	23	67	6	116	60	67	6	116	60	35	0	0.04687166213989258	41700	33.34146857261658	33	99.92086330935251	
61.87806501364188	67.0	6.0	116.0	60.0	61.87806501364188	834	23	67	6	116	60	67	6	116	60	35	0	0.031248092651367188	41750	33.372716665267944	33	99.92095808383233	
61.87806501364188	67.0	6.0	116.0	60.0	61.87806501364188	835	23	67	6	116	60	67	6	116	60	35	0	0.04687166213989258	41800	33.41958832740784	33	99.92105263157895	
61.87806501364188	67.0	6.0	116.0	60.0	61.87806501364188	836	23	67	6	116	60	67	6	116	60	35	0	0.031247615814208984	41850	33.450835943222046	33	99.92114695340501	
61.87806501364188	67.0	6.0	116.0	60.0	61.87806501364188	837	23	67	6	116	60	67	6	116	60	35	0	0.04687213897705078	41900	33.4977080821991	33	99.92124105011933	
61.87806501364188	67.0	6.0	116.0	60.0	61.87806501364188	838	23	67	6	116	60	67	6	116	60	35	0	0.04687213897705078	41950	33.54458022117615	33	99.92133492252682	
61.87806501364188	67.0	6.0	116.0	60.0	61.87806501364188	839	23	67	6	116	60	67	6	116	60	35	0	0.04687142372131348	42000	33.59145164489746	33	99.92142857142858	
61.87806501364188	67.0	6.0	116.0	60.0	61.87806501364188	840	23	67	6	116	60	67	6	116	60	35	0	0.04687213897705078	42050	33.63832378387451	33	99.92152199762188	
61.87806501364188	67.0	6.0	116.0	60.0	61.87806501364188	841	23	67	6	116	60	67	6	116	60	35	0	0.046871185302734375	42100	33.685194969177246	33	99.92161520190024	
61.87806501364188	67.0	6.0	116.0	60.0	61.87806501364188	842	23	67	6	116	60	67	6	116	60	35	0	0.04687190055847168	42150	33.73206686973572	33	99.92170818505338	
61.87806501364188	67.0	6.0	116.0	60.0	61.87806501364188	843	23	67	6	116	60	67	6	116	60	35	0	0.031247854232788086	42200	33.763314723968506	33	99.9218009478673	
61.87806501364188	67.0	6.0	116.0	60.0	61.87806501364188	844	23	67	6	116	60	67	6	116	60	35	0	0.04687213897705078	42250	33.81018686294556	33	99.92189349112427	
61.87806501364188	67.0	6.0	116.0	60.0	61.87806501364188	845	23	67	6	116	60	67	6	116	60	35	0	0.031247854232788086	42300	33.841434717178345	33	99.92198581560284	
61.87806501364188	67.0	6.0	116.0	60.0	61.87806501364188	846	23	67	6	116	60	67	6	116	60	35	0	0.04687190055847168	42350	33.888306617736816	33	99.92207792207792	
61.87806501364188	67.0	6.0	116.0	60.0	61.87806501364188	847	23	67	6	116	60	67	6	116	60	35	0	0.04687142372131348	42400	33.93517804145813	33	99.92216981132076	
61.87806501364188	67.0	6.0	116.0	60.0	61.87806501364188	848	23	67	6	116	60	67	6	116	60	35	0	0.04687213897705078	42450	33.98205018043518	33	99.92226148409894	
61.87806501364188	67.0	6.0	116.0	60.0	61.87806501364188	849	23	67	6	116	60	67	6	116	60	35	0	0.03124856948852539	42500	34.013298749923706	33	99.92235294117647	
61.87806501364188	67.0	6.0	116.0	60.0	61.87806501364188	850	23	67	6	116	60	67	6	116	60	35	0	0.046872615814208984	42550	34.060171365737915	33	99.92244418331374	
61.87806501364188	67.0	6.0	116.0	60.0	61.87806501364188	851	23	67	6	116	60	67	6	116	60	35	0	0.04687023162841797	42600	34.10704159736633	33	99.9225352112676	
61.87806501364188	67.0	6.0	116.0	60.0	61.87806501364188	852	23	67	6	116	60	67	6	116	60	35	0	0.031247615814208984	42650	34.13828921318054	33	99.92262602579133	
61.87806501364188	67.0	6.0	116.0	60.0	61.87806501364188	853	23	67	6	116	60	67	6	116	60	35	0	0.06249642372131348	42700	34.200785636901855	33	99.92271662763466	
61.87806501364188	67.0	6.0	116.0	60.0	61.87806501364188	854	23	67	6	116	60	67	6	116	60	35	0	0.04687190055847168	42750	34.24765753746033	33	99.92280701754386	
61.87806501364188	67.0	6.0	116.0	60.0	61.87806501364188	855	23	67	6	116	60	67	6	116	60	35	0	0.031247854232788086	42800	34.278905391693115	33	99.92289719626169	
61.87806501364188	67.0	6.0	116.0	60.0	61.87806501364188	856	23	67	6	116	60	67	6	116	60	35	0	0.031247615814208984	42850	34.310153007507324	33	99.92298716452743	
61.87806501364188	67.0	6.0	116.0	60.0	61.87806501364188	857	23	67	6	116	60	67	6	116	60	35	0	0.031247854232788086	42900	34.34140086174011	33	99.92307692307692	
61.87806501364188	67.0	6.0	116.0	60.0	61.87806501364188	858	23	67	6	116	60	67	6	116	60	35	0	0.04687213897705078	42950	34.38827300071716	33	99.9231664726426	
61.87806501364188	67.0	6.0	116.0	60.0	61.87806501364188	859	23	67	6	116	60	67	6	116	60	35	0	0.046871185302734375	43000	34.4351441860199	33	99.92325581395349	
61.87806501364188	67.0	6.0	116.0	60.0	61.87806501364188	860	23	67	6	116	60	67	6	116	60	35	0	0.031248807907104492	43050	34.466392993927	33	99.92334494773519	
61.87806501364188	67.0	6.0	116.0	60.0	61.87806501364188	861	23	67	6	116	60	67	6	116	60	35	0	0.04687309265136719	43100	34.51326608657837	33	99.92343387470997	
61.87806501364188	67.0	6.0	116.0	60.0	61.87806501364188	862	23	67	6	116	60	67	6	116	60	35	0	0.0312502384185791	43150	34.54451632499695	33	99.92352259559675	
61.87806501364188	67.0	6.0	116.0	60.0	61.87806501364188	863	23	67	6	116	60	67	6	116	60	35	0	0.03124547004699707	43200	34.575761795043945	33	99.92361111111111	
61.87806501364188	67.0	6.0	116.0	60.0	61.87806501364188	864	23	67	6	116	60	67	6	116	60	35	0	0.03124713897705078	43250	34.607008934020996	33	99.92369942196532	
61.87806501364188	67.0	6.0	116.0	60.0	61.87806501364188	865	23	67	6	116	60	67	6	116	60	35	0	0.04687237739562988	43300	34.653881311416626	33	99.92378752886836	
61.87806501364188	67.0	6.0	116.0	60.0	61.87806501364188	866	23	67	6	116	60	67	6	116	60	35	0	0.04687047004699707	43350	34.70075178146362	33	99.92387543252595	
61.87806501364188	67.0	6.0	116.0	60.0	61.87806501364188	867	23	67	6	116	60	67	6	116	60	35	0	0.03124833106994629	43400	34.73200011253357	33	99.92396313364056	
61.87806501364188	67.0	6.0	116.0	60.0	61.87806501364188	868	23	67	6	116	60	67	6	116	60	35	0	0.03124713897705078	43450	34.76324725151062	33	99.92405063291139	
61.87806501364188	67.0	6.0	116.0	60.0	61.87806501364188	869	23	67	6	116	60	67	6	116	60	35	0	0.04687213897705078	43500	34.81011939048767	33	99.92413793103448	
61.87806501364188	67.0	6.0	116.0	60.0	61.87806501364188	870	23	67	6	116	60	67	6	116	60	35	0	0.03124833106994629	43550	34.84136772155762	33	99.92422502870264	
61.87806501364188	67.0	6.0	116.0	60.0	61.87806501364188	871	23	67	6	116	60	67	6	116	60	35	0	0.04687142372131348	43600	34.88823914527893	33	99.9243119266055	
61.87806501364188	67.0	6.0	116.0	60.0	61.87806501364188	872	23	67	6	116	60	67	6	116	60	35	0	0.031247615814208984	43650	34.91948676109314	33	99.92439862542955	
61.87806501364188	67.0	6.0	116.0	60.0	61.87806501364188	873	23	67	6	116	60	67	6	116	60	35	0	0.03124856948852539	43700	34.950735330581665	33	99.92448512585813	
61.87806501364188	67.0	6.0	116.0	60.0	61.87806501364188	874	23	67	6	116	60	67	6	116	60	35	0	0.046871185302734375	43750	34.9976065158844	33	99.92457142857143	
61.87806501364188	67.0	6.0	116.0	60.0	61.87806501364188	875	23	67	6	116	60	67	6	116	60	35	0	0.015623807907104492	43800	35.013230323791504	33	99.92465753424658	
61.87806501364188	67.0	6.0	116.0	60.0	61.87806501364188	876	23	67	6	116	60	67	6	116	60	35	0	0.031247377395629883	43850	35.044477701187134	33	99.92474344355759	
61.87806501364188	67.0	6.0	116.0	60.0	61.87806501364188	877	23	67	6	116	60	67	6	116	60	35	0	0.031249284744262695	43900	35.0757269859314	33	99.9248291571754	
61.87806501364188	67.0	6.0	116.0	60.0	61.87806501364188	878	23	67	6	116	60	67	6	116	60	35	0	0.031246185302734375	43950	35.10697317123413	33	99.92491467576792	
61.87806501364188	67.0	6.0	116.0	60.0	61.87806501364188	879	23	67	6	116	60	67	6	116	60	35	0	0.04687237739562988	44000	35.15384554862976	33	99.925	
61.87806501364188	67.0	6.0	116.0	60.0	61.87806501364188	880	23	67	6	116	60	67	6	116	60	35	0	0.031248092651367188	44050	35.18509364128113	33	99.92508513053349	
61.87806501364188	67.0	6.0	116.0	60.0	61.87806501364188	881	23	67	6	116	60	67	6	116	60	35	0	0.031247854232788086	44100	35.216341495513916	33	99.92517006802721	
61.87806501364188	67.0	6.0	116.0	60.0	61.87806501364188	882	23	67	6	116	60	67	6	116	60	35	0	0.046872615814208984	44150	35.263214111328125	33	99.92525481313703	
61.87806501364188	67.0	6.0	116.0	60.0	61.87806501364188	883	23	67	6	116	60	67	6	116	60	35	0	0.04687166213989258	44200	35.31008577346802	33	99.92533936651584	
61.87806501364188	67.0	6.0	116.0	60.0	61.87806501364188	884	23	67	6	116	60	67	6	116	60	35	0	0.04687070846557617	44250	35.356956481933594	33	99.92542372881356	
61.87806501364188	67.0	6.0	116.0	60.0	61.87806501364188	885	23	67	6	116	60	67	6	116	60	35	0	0.046872615814208984	44300	35.4038290977478	33	99.9255079006772	
61.87806501364188	67.0	6.0	116.0	60.0	61.87806501364188	886	23	67	6	116	60	67	6	116	60	35	0	0.04687094688415527	44350	35.45070004463196	33	99.92559188275085	
61.87806501364188	67.0	6.0	116.0	60.0	61.87806501364188	887	23	67	6	116	60	67	6	116	60	35	0	0.031247615814208984	44400	35.48194766044617	33	99.92567567567568	
61.87806501364188	67.0	6.0	116.0	60.0	61.87806501364188	888	23	67	6	116	60	67	6	116	60	35	0	0.04687309265136719	44450	35.528820753097534	33	99.92575928008999	
61.87806501364188	67.0	6.0	116.0	60.0	61.87806501364188	889	23	67	6	116	60	67	6	116	60	35	0	0.04687047004699707	44500	35.57569122314453	33	99.92584269662922	
61.87806501364188	67.0	6.0	116.0	60.0	61.87806501364188	890	23	67	6	116	60	67	6	116	60	35	0	0.031249523162841797	44550	35.60694074630737	33	99.92592592592592	
61.87806501364188	67.0	6.0	116.0	60.0	61.87806501364188	891	23	67	6	116	60	67	6	116	60	35	0	0.031247615814208984	44600	35.63818836212158	33	99.92600896860986	
61.87806501364188	67.0	6.0	116.0	60.0	61.87806501364188	892	23	67	6	116	60	67	6	116	60	35	0	0.015624046325683594	44650	35.653812408447266	33	99.92609182530795	
61.87806501364188	67.0	6.0	116.0	60.0	61.87806501364188	893	23	67	6	116	60	67	6	116	60	35	0	0.04687190055847168	44700	35.70068430900574	33	99.9261744966443	
61.87806501364188	67.0	6.0	116.0	60.0	61.87806501364188	894	23	67	6	116	60	67	6	116	60	35	0	0.04687142372131348	44750	35.74755573272705	33	99.92625698324022	
61.87806501364188	67.0	6.0	116.0	60.0	61.87806501364188	895	23	67	6	116	60	67	6	116	60	35	0	0.04687142372131348	44800	35.794427156448364	33	99.92633928571429	
61.87806501364188	67.0	6.0	116.0	60.0	61.87806501364188	896	23	67	6	116	60	67	6	116	60	35	0	0.04687213897705078	44850	35.841299295425415	33	99.92642140468227	
61.87806501364188	67.0	6.0	116.0	60.0	61.87806501364188	897	23	67	6	116	60	67	6	116	60	35	0	0.03124713897705078	44900	35.872546434402466	33	99.92650334075724	
61.87806501364188	67.0	6.0	116.0	60.0	61.87806501364188	898	23	67	6	116	60	67	6	116	60	35	0	0.031248807907104492	44950	35.90379524230957	33	99.9265850945495	
61.87806501364188	67.0	6.0	116.0	60.0	61.87806501364188	899	23	67	6	116	60	67	6	116	60	35	0	0.031247854232788086	45000	35.93504309654236	33	99.92666666666666	
61.87806501364188	67.0	6.0	116.0	60.0	61.87806501364188	900	23	67	6	116	60	67	6	116	60	35	0	0.04687047004699707	45050	35.981913566589355	33	99.92674805771365	
61.87806501364188	67.0	6.0	116.0	60.0	61.87806501364188	901	23	67	6	116	60	67	6	116	60	35	0	0.04687166213989258	45100	36.02878522872925	33	99.92682926829268	
61.87806501364188	67.0	6.0	116.0	60.0	61.87806501364188	902	23	67	6	116	60	67	6	116	60	35	0	0.031248092651367188	45150	36.060033321380615	33	99.92691029900332	
61.87806501364188	67.0	6.0	116.0	60.0	61.87806501364188	903	23	67	6	116	60	67	6	116	60	35	0	0.015624761581420898	45200	36.075658082962036	33	99.92699115044248	
61.87806501364188	67.0	6.0	116.0	60.0	61.87806501364188	904	23	67	6	116	60	67	6	116	60	35	0	0.03124713897705078	45250	36.10690522193909	33	99.92707182320441	
61.87806501364188	67.0	6.0	116.0	60.0	61.87806501364188	905	23	67	6	116	60	67	6	116	60	35	0	0.04687190055847168	45300	36.15377712249756	33	99.9271523178808	
61.87806501364188	67.0	6.0	116.0	60.0	61.87806501364188	906	23	67	6	116	60	67	6	116	60	35	0	0.04687190055847168	45350	36.20064902305603	33	99.92723263506063	
61.87806501364188	67.0	6.0	116.0	60.0	61.87806501364188	907	23	67	6	116	60	67	6	116	60	35	0	0.04687190055847168	45400	36.2475209236145	33	99.92731277533039	
61.87806501364188	67.0	6.0	116.0	60.0	61.87806501364188	908	23	67	6	116	60	67	6	116	60	35	0	0.04687213897705078	45450	36.29439306259155	33	99.92739273927393	
61.87806501364188	67.0	6.0	116.0	60.0	61.87806501364188	909	23	67	6	116	60	67	6	116	60	35	0	0.031247377395629883	45500	36.32564043998718	33	99.92747252747253	
61.87806501364188	67.0	6.0	116.0	60.0	61.87806501364188	910	23	67	6	116	60	67	6	116	60	35	0	0.04687142372131348	45550	36.372511863708496	33	99.92755214050494	
61.87806501364188	67.0	6.0	116.0	60.0	61.87806501364188	911	23	67	6	116	60	67	6	116	60	35	0	0.031247854232788086	45600	36.403759717941284	33	99.92763157894737	
61.87806501364188	67.0	6.0	116.0	60.0	61.87806501364188	912	23	67	6	116	60	67	6	116	60	35	0	0.046872854232788086	45650	36.45063257217407	33	99.92771084337349	
61.87806501364188	67.0	6.0	116.0	60.0	61.87806501364188	913	23	67	6	116	60	67	6	116	60	35	0	0.04687047004699707	45700	36.49750304222107	33	99.92778993435448	
61.87806501364188	67.0	6.0	116.0	60.0	61.87806501364188	914	23	67	6	116	60	67	6	116	60	35	0	0.03124833106994629	45750	36.528751373291016	33	99.92786885245901	
61.87806501364188	67.0	6.0	116.0	60.0	61.87806501364188	915	23	67	6	116	60	67	6	116	60	35	0	0.04687309265136719	45800	36.57562446594238	33	99.92794759825327	
61.87806501364188	67.0	6.0	116.0	60.0	61.87806501364188	916	23	67	6	116	60	67	6	116	60	35	0	0.031247377395629883	45850	36.60687184333801	33	99.92802617230097	
61.87806501364188	67.0	6.0	116.0	60.0	61.87806501364188	917	23	67	6	116	60	67	6	116	60	35	0	0.04687190055847168	45900	36.653743743896484	33	99.9281045751634	
61.87806501364188	67.0	6.0	116.0	60.0	61.87806501364188	918	23	67	6	116	60	67	6	116	60	35	0	0.04687309265136719	45950	36.70061683654785	33	99.92818280739935	
61.87806501364188	67.0	6.0	116.0	60.0	61.87806501364188	919	23	67	6	116	60	67	6	116	60	35	0	0.031247377395629883	46000	36.73186421394348	33	99.92826086956522	
61.87806501364188	67.0	6.0	116.0	60.0	61.87806501364188	920	23	67	6	116	60	67	6	116	60	35	0	0.031245708465576172	46050	36.76310992240906	33	99.92833876221498	
61.87806501364188	67.0	6.0	116.0	60.0	61.87806501364188	921	23	67	6	116	60	67	6	116	60	35	0	0.04687213897705078	46100	36.80998206138611	33	99.92841648590021	
61.87806501364188	67.0	6.0	116.0	60.0	61.87806501364188	922	23	67	6	116	60	67	6	116	60	35	0	0.046872854232788086	46150	36.8568549156189	33	99.9284940411701	
61.87806501364188	67.0	6.0	116.0	60.0	61.87806501364188	923	23	67	6	116	60	67	6	116	60	35	0	0.03124690055847168	46200	36.88810181617737	33	99.92857142857143	
61.87806501364188	67.0	6.0	116.0	60.0	61.87806501364188	924	23	67	6	116	60	67	6	116	60	35	0	0.04687166213989258	46250	36.93497347831726	33	99.92864864864865	
61.87806501364188	67.0	6.0	116.0	60.0	61.87806501364188	925	23	67	6	116	60	67	6	116	60	35	0	0.031247854232788086	46300	36.96622133255005	33	99.92872570194385	
61.87806501364188	67.0	6.0	116.0	60.0	61.87806501364188	926	23	67	6	116	60	67	6	116	60	35	0	0.06249547004699707	46350	37.028716802597046	33	99.92880258899676	
61.87806501364188	67.0	6.0	116.0	60.0	61.87806501364188	927	23	67	6	116	60	67	6	116	60	35	0	0.04687309265136719	46400	37.07558989524841	33	99.92887931034483	
61.87806501364188	67.0	6.0	116.0	60.0	61.87806501364188	928	23	67	6	116	60	67	6	116	60	35	0	0.031247854232788086	46450	37.1068377494812	33	99.92895586652314	
61.87806501364188	67.0	6.0	116.0	60.0	61.87806501364188	929	23	67	6	116	60	67	6	116	60	35	0	0.04687142372131348	46500	37.153709173202515	33	99.92903225806451	
61.87806501364188	67.0	6.0	116.0	60.0	61.87806501364188	930	23	67	6	116	60	67	6	116	60	35	0	0.04687213897705078	46550	37.200581312179565	33	99.92910848549947	
61.87806501364188	67.0	6.0	116.0	60.0	61.87806501364188	931	23	67	6	116	60	67	6	116	60	35	0	0.031248092651367188	46600	37.23182940483093	33	99.92918454935622	
61.87806501364188	67.0	6.0	116.0	60.0	61.87806501364188	932	23	67	6	116	60	67	6	116	60	35	0	0.04687070846557617	46650	37.27870011329651	33	99.92926045016077	
61.87806501364188	67.0	6.0	116.0	60.0	61.87806501364188	933	23	67	6	116	60	67	6	116	60	35	0	0.04687190055847168	46700	37.32557201385498	33	99.92933618843684	
61.87806501364188	67.0	6.0	116.0	60.0	61.87806501364188	934	23	67	6	116	60	67	6	116	60	35	0	0.04687094688415527	46750	37.372442960739136	33	99.92941176470588	
61.87806501364188	67.0	6.0	116.0	60.0	61.87806501364188	935	23	67	6	116	60	67	6	116	60	35	0	0.046872854232788086	46800	37.419315814971924	33	99.92948717948718	
61.87806501364188	67.0	6.0	116.0	60.0	61.87806501364188	936	23	67	6	116	60	67	6	116	60	35	0	0.04687190055847168	46850	37.466187715530396	33	99.92956243329776	
61.87806501364188	67.0	6.0	116.0	60.0	61.87806501364188	937	23	67	6	116	60	67	6	116	60	35	0	0.04687237739562988	46900	37.513060092926025	33	99.92963752665246	
61.87806501364188	67.0	6.0	116.0	60.0	61.87806501364188	938	23	67	6	116	60	67	6	116	60	35	0	0.031247377395629883	46950	37.544307470321655	33	99.9297124600639	
61.87806501364188	67.0	6.0	116.0	60.0	61.87806501364188	939	23	67	6	116	60	67	6	116	60	35	0	0.046871185302734375	47000	37.59117865562439	33	99.92978723404255	
61.87806501364188	67.0	6.0	116.0	60.0	61.87806501364188	940	23	67	6	116	60	67	6	116	60	35	0	0.04687213897705078	47050	37.63805079460144	33	99.92986184909671	
61.87806501364188	67.0	6.0	116.0	60.0	61.87806501364188	941	23	67	6	116	60	67	6	116	60	35	0	0.04687142372131348	47100	37.684922218322754	33	99.92993630573248	
61.87806501364188	67.0	6.0	116.0	60.0	61.87806501364188	942	23	67	6	116	60	67	6	116	60	35	0	0.031249284744262695	47150	37.71617150306702	33	99.93001060445387	
61.87806501364188	67.0	6.0	116.0	60.0	61.87806501364188	943	23	67	6	116	60	67	6	116	60	35	0	0.04687047004699707	47200	37.763041973114014	33	99.93008474576271	
61.87806501364188	67.0	6.0	116.0	60.0	61.87806501364188	944	23	67	6	116	60	67	6	116	60	35	0	0.04687142372131348	47250	37.80991339683533	33	99.93015873015872	
61.87806501364188	67.0	6.0	116.0	60.0	61.87806501364188	945	23	67	6	116	60	67	6	116	60	35	0	0.031247854232788086	47300	37.841161251068115	33	99.93023255813954	
61.87806501364188	67.0	6.0	116.0	60.0	61.87806501364188	946	23	67	6	116	60	67	6	116	60	35	0	0.015623807907104492	47350	37.85678505897522	33	99.93030623020063	
61.87806501364188	67.0	6.0	116.0	60.0	61.87806501364188	947	23	67	6	116	60	67	6	116	60	35	0	0.03124833106994629	47400	37.888033390045166	33	99.93037974683544	
61.87806501364188	67.0	6.0	116.0	60.0	61.87806501364188	948	23	67	6	116	60	67	6	116	60	35	0	0.03124713897705078	47450	37.91928052902222	33	99.9304531085353	
61.87806501364188	67.0	6.0	116.0	60.0	61.87806501364188	949	23	67	6	116	60	67	6	116	60	35	0	0.04687142372131348	47500	37.96615195274353	33	99.93052631578948	
61.87806501364188	67.0	6.0	116.0	60.0	61.87806501364188	950	23	67	6	116	60	67	6	116	60	35	0	0.03124833106994629	47550	37.99740028381348	33	99.93059936908517	
61.87806501364188	67.0	6.0	116.0	60.0	61.87806501364188	951	23	67	6	116	60	67	6	116	60	35	0	0.031248092651367188	47600	38.028648376464844	33	99.93067226890756	
61.87806501364188	67.0	6.0	116.0	60.0	61.87806501364188	952	23	67	6	116	60	67	6	116	60	35	0	0.04687166213989258	47650	38.075520038604736	33	99.93074501573977	
61.87806501364188	67.0	6.0	116.0	60.0	61.87806501364188	953	23	67	6	116	60	67	6	116	60	35	0	0.031247377395629883	47700	38.106767416000366	33	99.93081761006289	
61.87806501364188	67.0	6.0	116.0	60.0	61.87806501364188	954	23	67	6	116	60	67	6	116	60	35	0	0.04687237739562988	47750	38.153639793395996	33	99.93089005235602	
61.87806501364188	67.0	6.0	116.0	60.0	61.87806501364188	955	23	67	6	116	60	67	6	116	60	35	0	0.031247854232788086	47800	38.184887647628784	33	99.93096234309624	
61.87806501364188	67.0	6.0	116.0	60.0	61.87806501364188	956	23	67	6	116	60	67	6	116	60	35	0	0.031247615814208984	47850	38.21613526344299	33	99.93103448275862	
61.87806501364188	67.0	6.0	116.0	60.0	61.87806501364188	957	23	67	6	116	60	67	6	116	60	35	0	0.04687237739562988	47900	38.26300764083862	33	99.93110647181628	
61.87806501364188	67.0	6.0	116.0	60.0	61.87806501364188	958	23	67	6	116	60	67	6	116	60	35	0	0.031247615814208984	47950	38.29425525665283	33	99.93117831074035	
61.87806501364188	67.0	6.0	116.0	60.0	61.87806501364188	959	23	67	6	116	60	67	6	116	60	35	0	0.04687190055847168	48000	38.341127157211304	33	99.93125	
61.87806501364188	67.0	6.0	116.0	60.0	61.87806501364188	960	23	67	6	116	60	67	6	116	60	35	0	0.04687190055847168	48050	38.387999057769775	33	99.93132154006244	
61.87806501364188	67.0	6.0	116.0	60.0	61.87806501364188	961	23	67	6	116	60	67	6	116	60	35	0	0.03124713897705078	48100	38.419246196746826	33	99.93139293139293	
61.87806501364188	67.0	6.0	116.0	60.0	61.87806501364188	962	23	67	6	116	60	67	6	116	60	35	0	0.031248092651367188	48150	38.45049428939819	33	99.93146417445483	
61.87806501364188	67.0	6.0	116.0	60.0	61.87806501364188	963	23	67	6	116	60	67	6	116	60	35	0	0.04687213897705078	48200	38.497366428375244	33	99.93153526970954	
61.87806501364188	67.0	6.0	116.0	60.0	61.87806501364188	964	23	67	6	116	60	67	6	116	60	35	0	0.03124833106994629	48250	38.52861475944519	33	99.93160621761658	
61.87806501364188	67.0	6.0	116.0	60.0	61.87806501364188	965	23	67	6	116	60	67	6	116	60	35	0	0.031247377395629883	48300	38.55986213684082	33	99.93167701863354	
61.87806501364188	67.0	6.0	116.0	60.0	61.87806501364188	966	23	67	6	116	60	67	6	116	60	35	0	0.015623807907104492	48350	38.575485944747925	33	99.93174767321614	
61.87806501364188	67.0	6.0	116.0	60.0	61.87806501364188	967	23	67	6	116	60	67	6	116	60	35	0	0.031247854232788086	48400	38.60673379898071	33	99.93181818181819	
61.87806501364188	67.0	6.0	116.0	60.0	61.87806501364188	968	23	67	6	116	60	67	6	116	60	35	0	0.06249594688415527	48450	38.66922974586487	33	99.93188854489163	
61.87806501364188	67.0	6.0	116.0	60.0	61.87806501364188	969	23	67	6	116	60	67	6	116	60	35	0	0.01562356948852539	48500	38.684853315353394	33	99.9319587628866	
61.87806501364188	67.0	6.0	116.0	60.0	61.87806501364188	970	23	67	6	116	60	67	6	116	60	35	0	0.03125	48550	38.716103315353394	33	99.93202883625129	
61.87806501364188	67.0	6.0	116.0	60.0	61.87806501364188	971	23	67	6	116	60	67	6	116	60	35	0	0.04686999320983887	48600	38.76297330856323	33	99.9320987654321	
61.87806501364188	67.0	6.0	116.0	60.0	61.87806501364188	972	23	67	6	116	60	67	6	116	60	35	0	0.04687190055847168	48650	38.809845209121704	33	99.93216855087358	
61.87806501364188	67.0	6.0	116.0	60.0	61.87806501364188	973	23	67	6	116	60	67	6	116	60	35	0	0.03124690055847168	48700	38.841092109680176	33	99.93223819301848	
61.87806501364188	67.0	6.0	116.0	60.0	61.87806501364188	974	23	67	6	116	60	67	6	116	60	35	0	0.03124833106994629	48750	38.87234044075012	33	99.93230769230769	
61.87806501364188	67.0	6.0	116.0	60.0	61.87806501364188	975	23	67	6	116	60	67	6	116	60	35	0	0.04687213897705078	48800	38.91921257972717	33	99.93237704918033	
61.87806501364188	67.0	6.0	116.0	60.0	61.87806501364188	976	23	67	6	116	60	67	6	116	60	35	0	0.04687190055847168	48850	38.966084480285645	33	99.93244626407369	
61.87806501364188	67.0	6.0	116.0	60.0	61.87806501364188	977	23	67	6	116	60	67	6	116	60	35	0	0.031247377395629883	48900	38.997331857681274	33	99.93251533742331	
61.87806501364188	67.0	6.0	116.0	60.0	61.87806501364188	978	23	67	6	116	60	67	6	116	60	35	0	0.015625	48950	39.012956857681274	33	99.93258426966293	
61.87806501364188	67.0	6.0	116.0	60.0	61.87806501364188	979	23	67	6	116	60	67	6	116	60	35	0	0.04687070846557617	49000	39.05982756614685	33	99.93265306122449	
61.87806501364188	67.0	6.0	116.0	60.0	61.87806501364188	980	23	67	6	116	60	67	6	116	60	35	0	0.04687213897705078	49050	39.1066997051239	33	99.93272171253822	
61.87806501364188	67.0	6.0	116.0	60.0	61.87806501364188	981	23	67	6	116	60	67	6	116	60	35	0	0.03124713897705078	49100	39.13794684410095	33	99.93279022403259	
61.87806501364188	67.0	6.0	116.0	60.0	61.87806501364188	982	23	67	6	116	60	67	6	116	60	35	0	0.04687213897705078	49150	39.184818983078	33	99.93285859613428	
61.87806501364188	67.0	6.0	116.0	60.0	61.87806501364188	983	23	67	6	116	60	67	6	116	60	35	0	0.031247854232788086	49200	39.21606683731079	33	99.9329268292683	
61.87806501364188	67.0	6.0	116.0	60.0	61.87806501364188	984	23	67	6	116	60	67	6	116	60	35	0	0.04687190055847168	49250	39.26293873786926	33	99.93299492385786	
61.87806501364188	67.0	6.0	116.0	60.0	61.87806501364188	985	23	67	6	116	60	67	6	116	60	35	0	0.031248092651367188	49300	39.29418683052063	33	99.93306288032454	
61.87806501364188	67.0	6.0	116.0	60.0	61.87806501364188	986	23	67	6	116	60	67	6	116	60	35	0	0.031247377395629883	49350	39.32543420791626	33	99.93313069908815	
61.87806501364188	67.0	6.0	116.0	60.0	61.87806501364188	987	23	67	6	116	60	67	6	116	60	35	0	0.031248092651367188	49400	39.35668230056763	33	99.93319838056681	
61.87806501364188	67.0	6.0	116.0	60.0	61.87806501364188	988	23	67	6	116	60	67	6	116	60	35	0	0.031248807907104492	49450	39.38793110847473	33	99.93326592517694	
61.87806501364188	67.0	6.0	116.0	60.0	61.87806501364188	989	23	67	6	116	60	67	6	116	60	35	0	0.03124690055847168	49500	39.4191780090332	33	99.93333333333334	
61.87806501364188	67.0	6.0	116.0	60.0	61.87806501364188	990	23	67	6	116	60	67	6	116	60	35	0	0.031247854232788086	49550	39.45042586326599	33	99.93340060544904	
61.87806501364188	67.0	6.0	116.0	60.0	61.87806501364188	991	23	67	6	116	60	67	6	116	60	35	0	0.031247854232788086	49600	39.48167371749878	33	99.93346774193549	
61.87806501364188	67.0	6.0	116.0	60.0	61.87806501364188	992	23	67	6	116	60	67	6	116	60	35	0	0.031247377395629883	49650	39.51292109489441	33	99.93353474320242	
61.87806501364188	67.0	6.0	116.0	60.0	61.87806501364188	993	23	67	6	116	60	67	6	116	60	35	0	0.031248092651367188	49700	39.544169187545776	33	99.93360160965794	
61.87806501364188	67.0	6.0	116.0	60.0	61.87806501364188	994	23	67	6	116	60	67	6	116	60	35	0	0.03124856948852539	49750	39.5754177570343	33	99.93366834170854	
61.87806501364188	67.0	6.0	116.0	60.0	61.87806501364188	995	23	67	6	116	60	67	6	116	60	35	0	0.04687190055847168	49800	39.62228965759277	33	99.93373493975903	
61.87806501364188	67.0	6.0	116.0	60.0	61.87806501364188	996	23	67	6	116	60	67	6	116	60	35	0	0.04687142372131348	49850	39.66916108131409	33	99.93380140421264	
61.87806501364188	67.0	6.0	116.0	60.0	61.87806501364188	997	23	67	6	116	60	67	6	116	60	35	0	0.031247615814208984	49900	39.700408697128296	33	99.93386773547094	
61.87806501364188	67.0	6.0	116.0	60.0	61.87806501364188	998	23	67	6	116	60	67	6	116	60	35	0	0.031248807907104492	49950	39.7316575050354	33	99.93393393393393	
61.87806501364188	67.0	6.0	116.0	60.0	61.87806501364188	999	23	67	6	116	60	67	6	116	60	35	0	0.03124690055847168	50000	39.76290440559387	33	99.934	
61.87806501364188	67.0	6.0	116.0	60.0	61.87806501364188	1000	23	67	6	116	60	67	6	116	60	35	0	0.04687190055847168	50050	39.809776306152344	33	99.93406593406593	
