ave_fitness	ave_genome_length	ave_tree_depth	ave_tree_nodes	ave_used_codons	best_fitness	gen	invalids	max_genome_length	max_tree_depth	max_tree_nodes	max_used_codons	min_genome_length	min_tree_depth	min_tree_nodes	min_used_codons	runtime_error	time_adjust	time_taken	total_inds	total_time	unique_inds	unused_search	
1.304843284477978e+44	102.8	6.58	132.82	68.7	81.94179244533034	0	0	180	10	232	120	22	3	29	15	30	0	1.9061200618743896	50	1.9061200618743896	20	60.0	
152192923965.48392	24.76	3.0	29.0	15.0	81.94179244533034	1	6	45	3.0	29.0	15.0	22	3.0	29.0	15.0	34	0	0.06249547004699707	100	1.9686155319213867	24	76.0	
9566.279695966012	25.22	3.0	29.0	15.0	81.94179244533034	2	6	45	3	29	15	22	3	29	15	34	0	0.01562356948852539	150	1.984239101409912	24	84.0	
9566.279695966012	24.76	3.0	29.0	15.0	81.94179244533034	3	6	45	3	29	15	22	3	29	15	34	0	0.015624046325683594	200	1.9998631477355957	24	88.0	
9566.279695966012	24.3	3.0	29.0	15.0	81.94179244533034	4	6	45	3	29	15	22	3	29	15	34	0	0.015622615814208984	250	2.0154857635498047	24	90.4	
9566.279695966012	23.38	3.0	29.0	15.0	81.94179244533034	5	6	45	3	29	15	22	3	29	15	34	0	0.015625	300	2.0311107635498047	24	92.0	
9566.279695966012	23.84	3.0	29.0	15.0	81.94179244533034	6	6	45	3	29	15	22	3	29	15	34	0	0.01562356948852539	350	2.04673433303833	24	93.14285714285714	
9566.279695966012	22.92	3.0	29.0	15.0	81.94179244533034	7	6	45	3	29	15	22	3	29	15	34	0	0.03124833106994629	400	2.0779826641082764	24	94.0	
9566.279695966012	23.84	3.0	29.0	15.0	81.94179244533034	8	6	45	3	29	15	22	3	29	15	34	0	0.015623807907104492	450	2.093606472015381	24	94.66666666666667	
9566.279695966012	23.38	3.0	29.0	15.0	81.94179244533034	9	6	45	3	29	15	22	3	29	15	34	0	0.015624523162841797	500	2.1092309951782227	24	95.2	
9566.279695966012	22.0	3.0	29.0	15.0	81.94179244533034	10	6	22	3	29	15	22	3	29	15	34	0	0.0	550	2.1092309951782227	24	95.63636363636364	
9566.279695966012	22.0	3.0	29.0	15.0	81.94179244533034	11	6	22	3	29	15	22	3	29	15	34	0	0.015623331069946289	600	2.124854326248169	24	96.0	
9566.279695966012	22.0	3.0	29.0	15.0	81.94179244533034	12	6	22	3	29	15	22	3	29	15	34	0	0.015624523162841797	650	2.1404788494110107	24	96.3076923076923	
9566.279695966012	22.0	3.0	29.0	15.0	81.94179244533034	13	6	22	3	29	15	22	3	29	15	34	0	0.015623331069946289	700	2.156102180480957	24	96.57142857142857	
9566.279695966012	22.0	3.0	29.0	15.0	81.94179244533034	14	6	22	3	29	15	22	3	29	15	34	0	0.015623807907104492	750	2.1717259883880615	24	96.8	
9566.279695966012	22.0	3.0	29.0	15.0	81.94179244533034	15	6	22	3	29	15	22	3	29	15	34	0	0.015624284744262695	800	2.187350273132324	24	97.0	
9566.279695966012	22.0	3.0	29.0	15.0	81.94179244533034	16	6	22	3	29	15	22	3	29	15	34	0	0.015623331069946289	850	2.2029736042022705	24	97.17647058823529	
9566.279695966012	22.0	3.0	29.0	15.0	81.94179244533034	17	6	22	3	29	15	22	3	29	15	34	0	0.015624761581420898	900	2.2185983657836914	24	97.33333333333333	
9566.279695966012	22.0	3.0	29.0	15.0	81.94179244533034	18	6	22	3	29	15	22	3	29	15	34	0	0.015624046325683594	950	2.234222412109375	24	97.47368421052632	
9566.279695966012	22.0	3.0	29.0	15.0	81.94179244533034	19	6	22	3	29	15	22	3	29	15	34	0	0.015623807907104492	1000	2.2498462200164795	24	97.6	
9566.279695966012	22.0	3.0	29.0	15.0	81.94179244533034	20	6	22	3	29	15	22	3	29	15	34	0	0.01562356948852539	1050	2.265469789505005	24	97.71428571428571	
9566.279695966012	22.0	3.0	29.0	15.0	81.94179244533034	21	6	22	3	29	15	22	3	29	15	34	0	0.015623807907104492	1100	2.2810935974121094	24	97.81818181818181	
9566.279695966012	22.0	3.0	29.0	15.0	81.94179244533034	22	6	22	3	29	15	22	3	29	15	34	0	0.015625953674316406	1150	2.296719551086426	24	97.91304347826087	
9566.279695966012	22.0	3.0	29.0	15.0	81.94179244533034	23	6	22	3	29	15	22	3	29	15	34	0	0.015621662139892578	1200	2.3123412132263184	24	98.0	
9566.279695966012	22.0	3.0	29.0	15.0	81.94179244533034	24	6	22	3	29	15	22	3	29	15	34	0	0.015625	1250	2.3279662132263184	24	98.08	
9566.279695966012	22.0	3.0	29.0	15.0	81.94179244533034	25	6	22	3	29	15	22	3	29	15	34	0	0.015623092651367188	1300	2.3435893058776855	24	98.15384615384616	
9566.279695966012	22.0	3.0	29.0	15.0	81.94179244533034	26	6	22	3	29	15	22	3	29	15	34	0	0.015624046325683594	1350	2.359213352203369	24	98.22222222222223	
9566.279695966012	22.0	3.0	29.0	15.0	81.94179244533034	27	6	22	3	29	15	22	3	29	15	34	0	0.015624523162841797	1400	2.374837875366211	24	98.28571428571429	
9566.279695966012	22.0	3.0	29.0	15.0	81.94179244533034	28	6	22	3	29	15	22	3	29	15	34	0	0.0	1450	2.374837875366211	24	98.34482758620689	
9566.279695966012	22.0	3.0	29.0	15.0	81.94179244533034	29	6	22	3	29	15	22	3	29	15	34	0	0.015624284744262695	1500	2.3904621601104736	24	98.4	
9566.279695966012	22.0	3.0	29.0	15.0	81.94179244533034	30	6	22	3	29	15	22	3	29	15	34	0	0.015624284744262695	1550	2.4060864448547363	24	98.45161290322581	
9566.279695966012	22.0	3.0	29.0	15.0	81.94179244533034	31	6	22	3	29	15	22	3	29	15	34	0	0.015623092651367188	1600	2.4217095375061035	24	98.5	
9566.279695966012	22.0	3.0	29.0	15.0	81.94179244533034	32	6	22	3	29	15	22	3	29	15	34	0	0.015624523162841797	1650	2.4373340606689453	24	98.54545454545455	
9566.279695966012	22.0	3.0	29.0	15.0	81.94179244533034	33	6	22	3	29	15	22	3	29	15	34	0	0.0	1700	2.4373340606689453	24	98.58823529411765	
9566.279695966012	22.0	3.0	29.0	15.0	81.94179244533034	34	6	22	3	29	15	22	3	29	15	34	0	0.01562356948852539	1750	2.4529576301574707	24	98.62857142857143	
9566.279695966012	22.0	3.0	29.0	15.0	81.94179244533034	35	6	22	3	29	15	22	3	29	15	34	0	0.01562356948852539	1800	2.468581199645996	24	98.66666666666667	
9566.279695966012	22.0	3.0	29.0	15.0	81.94179244533034	36	6	22	3	29	15	22	3	29	15	34	0	0.015624284744262695	1850	2.484205484390259	24	98.70270270270271	
9566.279695966012	22.0	3.0	29.0	15.0	81.94179244533034	37	6	22	3	29	15	22	3	29	15	34	0	0.01562356948852539	1900	2.499829053878784	24	98.73684210526316	
9566.279695966012	22.0	3.0	29.0	15.0	81.94179244533034	38	6	22	3	29	15	22	3	29	15	34	0	0.015624046325683594	1950	2.5154531002044678	24	98.76923076923077	
9566.279695966012	22.0	3.0	29.0	15.0	81.94179244533034	39	6	22	3	29	15	22	3	29	15	34	0	0.015633583068847656	2000	2.5310866832733154	24	98.8	
9566.279695966012	22.0	3.0	29.0	15.0	81.94179244533034	40	6	22	3	29	15	22	3	29	15	34	0	0.015613794326782227	2050	2.5467004776000977	24	98.82926829268293	
9566.279695966012	22.0	3.0	29.0	15.0	81.94179244533034	41	6	22	3	29	15	22	3	29	15	34	0	0.015625715255737305	2100	2.562326192855835	24	98.85714285714286	
9566.279695966012	22.0	3.0	29.0	15.0	81.94179244533034	42	6	22	3	29	15	22	3	29	15	34	0	0.031246185302734375	2150	2.5935723781585693	24	98.88372093023256	
9566.279695966012	22.0	3.0	29.0	15.0	81.94179244533034	43	6	22	3	29	15	22	3	29	15	34	0	0.015623331069946289	2200	2.6091957092285156	24	98.9090909090909	
9566.279695966012	22.0	3.0	29.0	15.0	81.94179244533034	44	6	22	3	29	15	22	3	29	15	34	0	0.015625	2250	2.6248207092285156	24	98.93333333333334	
9566.279695966012	22.0	3.0	29.0	15.0	81.94179244533034	45	6	22	3	29	15	22	3	29	15	34	0	0.015623092651367188	2300	2.640443801879883	24	98.95652173913044	
9566.279695966012	22.0	3.0	29.0	15.0	81.94179244533034	46	6	22	3	29	15	22	3	29	15	34	0	0.0	2350	2.640443801879883	24	98.97872340425532	
9566.279695966012	22.0	3.0	29.0	15.0	81.94179244533034	47	6	22	3	29	15	22	3	29	15	34	0	0.015624284744262695	2400	2.6560680866241455	24	99.0	
9566.279695966012	22.0	3.0	29.0	15.0	81.94179244533034	48	6	22	3	29	15	22	3	29	15	34	0	0.015624046325683594	2450	2.671692132949829	24	99.0204081632653	
9566.279695966012	22.0	3.0	29.0	15.0	81.94179244533034	49	6	22	3	29	15	22	3	29	15	34	0	0.015622854232788086	2500	2.687314987182617	24	99.04	
9566.279695966012	22.0	3.0	29.0	15.0	81.94179244533034	50	6	22	3	29	15	22	3	29	15	34	0	0.0	2550	2.687314987182617	24	99.05882352941177	
9566.279695966012	22.0	3.0	29.0	15.0	81.94179244533034	51	6	22	3	29	15	22	3	29	15	34	0	0.015623807907104492	2600	2.7029387950897217	24	99.07692307692308	
9566.279695966012	22.0	3.0	29.0	15.0	81.94179244533034	52	6	22	3	29	15	22	3	29	15	34	0	0.03124856948852539	2650	2.734187364578247	24	99.09433962264151	
9566.279695966012	22.0	3.0	29.0	15.0	81.94179244533034	53	6	22	3	29	15	22	3	29	15	34	0	0.01562356948852539	2700	2.7498109340667725	24	99.11111111111111	
9566.279695966012	22.0	3.0	29.0	15.0	81.94179244533034	54	6	22	3	29	15	22	3	29	15	34	0	0.015623807907104492	2750	2.765434741973877	24	99.12727272727273	
9566.279695966012	22.0	3.0	29.0	15.0	81.94179244533034	55	6	22	3	29	15	22	3	29	15	34	0	0.0	2800	2.765434741973877	24	99.14285714285714	
9566.279695966012	22.0	3.0	29.0	15.0	81.94179244533034	56	6	22	3	29	15	22	3	29	15	34	0	0.03124833106994629	2850	2.7966830730438232	24	99.15789473684211	
9566.279695966012	22.0	3.0	29.0	15.0	81.94179244533034	57	6	22	3	29	15	22	3	29	15	34	0	0.015624284744262695	2900	2.812307357788086	24	99.17241379310344	
9566.279695966012	22.0	3.0	29.0	15.0	81.94179244533034	58	6	22	3	29	15	22	3	29	15	34	0	0.015624284744262695	2950	2.8279316425323486	24	99.1864406779661	
9566.279695966012	22.0	3.0	29.0	15.0	81.94179244533034	59	6	22	3	29	15	22	3	29	15	34	0	0.0	3000	2.8279316425323486	24	99.2	
9566.279695966012	22.0	3.0	29.0	15.0	81.94179244533034	60	6	22	3	29	15	22	3	29	15	34	0	0.031247854232788086	3050	2.8591794967651367	24	99.21311475409836	
9566.279695966012	22.0	3.0	29.0	15.0	81.94179244533034	61	6	22	3	29	15	22	3	29	15	34	0	0.015623331069946289	3100	2.874802827835083	24	99.2258064516129	
9566.279695966012	22.0	3.0	29.0	15.0	81.94179244533034	62	6	22	3	29	15	22	3	29	15	34	0	0.015623331069946289	3150	2.8904261589050293	24	99.23809523809524	
9566.279695966012	22.0	3.0	29.0	15.0	81.94179244533034	63	6	22	3	29	15	22	3	29	15	34	0	0.015624761581420898	3200	2.90605092048645	24	99.25	
9566.279695966012	22.0	3.0	29.0	15.0	81.94179244533034	64	6	22	3	29	15	22	3	29	15	34	0	0.0	3250	2.90605092048645	24	99.26153846153846	
9566.279695966012	22.0	3.0	29.0	15.0	81.94179244533034	65	6	22	3	29	15	22	3	29	15	34	0	0.031247615814208984	3300	2.937298536300659	24	99.27272727272727	
9566.279695966012	22.0	3.0	29.0	15.0	81.94179244533034	66	6	22	3	29	15	22	3	29	15	34	0	0.0	3350	2.937298536300659	24	99.28358208955224	
9566.279695966012	22.0	3.0	29.0	15.0	81.94179244533034	67	6	22	3	29	15	22	3	29	15	34	0	0.015625	3400	2.952923536300659	24	99.29411764705883	
9566.279695966012	22.0	3.0	29.0	15.0	81.94179244533034	68	6	22	3	29	15	22	3	29	15	34	0	0.015624046325683594	3450	2.9685475826263428	24	99.30434782608695	
9566.279695966012	22.0	3.0	29.0	15.0	81.94179244533034	69	6	22	3	29	15	22	3	29	15	34	0	0.015624046325683594	3500	2.9841716289520264	24	99.31428571428572	
9566.279695966012	22.0	3.0	29.0	15.0	81.94179244533034	70	6	22	3	29	15	22	3	29	15	34	0	0.03124713897705078	3550	3.015418767929077	24	99.32394366197182	
9566.279695966012	22.0	3.0	29.0	15.0	81.94179244533034	71	6	22	3	29	15	22	3	29	15	34	0	0.015624523162841797	3600	3.031043291091919	24	99.33333333333333	
9566.279695966012	22.0	3.0	29.0	15.0	81.94179244533034	72	6	22	3	29	15	22	3	29	15	34	0	0.01562356948852539	3650	3.0466668605804443	24	99.34246575342466	
9566.279695966012	22.0	3.0	29.0	15.0	81.94179244533034	73	6	22	3	29	15	22	3	29	15	34	0	0.015622615814208984	3700	3.0622894763946533	24	99.35135135135135	
9566.279695966012	22.0	3.0	29.0	15.0	81.94179244533034	74	6	22	3	29	15	22	3	29	15	34	0	0.0156252384185791	3750	3.0779147148132324	24	99.36	
9566.279695966012	22.0	3.0	29.0	15.0	81.94179244533034	75	6	22	3	29	15	22	3	29	15	34	0	0.015622615814208984	3800	3.0935373306274414	24	99.36842105263158	
9566.279695966012	22.0	3.0	29.0	15.0	81.94179244533034	76	6	22	3	29	15	22	3	29	15	34	0	0.0156252384185791	3850	3.1091625690460205	24	99.37662337662337	
9566.279695966012	22.0	3.0	29.0	15.0	81.94179244533034	77	6	22	3	29	15	22	3	29	15	34	0	0.031247377395629883	3900	3.1404099464416504	24	99.38461538461539	
9566.279695966012	22.0	3.0	29.0	15.0	81.94179244533034	78	6	22	3	29	15	22	3	29	15	34	0	0.015624046325683594	3950	3.156033992767334	24	99.39240506329114	
9566.279695966012	22.0	3.0	29.0	15.0	81.94179244533034	79	6	22	3	29	15	22	3	29	15	34	0	0.015624284744262695	4000	3.1716582775115967	24	99.4	
9566.279695966012	22.0	3.0	29.0	15.0	81.94179244533034	80	6	22	3	29	15	22	3	29	15	34	0	0.015623092651367188	4050	3.187281370162964	24	99.4074074074074	
9566.279695966012	22.0	3.0	29.0	15.0	81.94179244533034	81	6	22	3	29	15	22	3	29	15	34	0	0.0	4100	3.187281370162964	24	99.41463414634147	
9566.279695966012	22.0	3.0	29.0	15.0	81.94179244533034	82	6	22	3	29	15	22	3	29	15	34	0	0.015624046325683594	4150	3.2029054164886475	24	99.42168674698796	
9566.279695966012	22.0	3.0	29.0	15.0	81.94179244533034	83	6	22	3	29	15	22	3	29	15	34	0	0.015624523162841797	4200	3.2185299396514893	24	99.42857142857143	
9566.279695966012	22.0	3.0	29.0	15.0	81.94179244533034	84	6	22	3	29	15	22	3	29	15	34	0	0.0	4250	3.2185299396514893	24	99.43529411764706	
9566.279695966012	22.0	3.0	29.0	15.0	81.94179244533034	85	6	22	3	29	15	22	3	29	15	34	0	0.015624046325683594	4300	3.234153985977173	24	99.44186046511628	
9566.279695966012	22.0	3.0	29.0	15.0	81.94179244533034	86	6	22	3	29	15	22	3	29	15	34	0	0.015623331069946289	4350	3.249777317047119	24	99.44827586206897	
9566.279695966012	22.0	3.0	29.0	15.0	81.94179244533034	87	6	22	3	29	15	22	3	29	15	34	0	0.031248807907104492	4400	3.2810261249542236	24	99.45454545454545	
9566.279695966012	22.0	3.0	29.0	15.0	81.94179244533034	88	6	22	3	29	15	22	3	29	15	34	0	0.015623807907104492	4450	3.296649932861328	24	99.46067415730337	
9566.279695966012	22.0	3.0	29.0	15.0	81.94179244533034	89	6	22	3	29	15	22	3	29	15	34	0	0.01562356948852539	4500	3.3122735023498535	24	99.46666666666667	
9566.279695966012	22.0	3.0	29.0	15.0	81.94179244533034	90	6	22	3	29	15	22	3	29	15	34	0	0.015624046325683594	4550	3.327897548675537	24	99.47252747252747	
9566.279695966012	22.0	3.0	29.0	15.0	81.94179244533034	91	6	22	3	29	15	22	3	29	15	34	0	0.015624046325683594	4600	3.3435215950012207	24	99.47826086956522	
9566.279695966012	22.0	3.0	29.0	15.0	81.94179244533034	92	6	22	3	29	15	22	3	29	15	34	0	0.015623331069946289	4650	3.359144926071167	24	99.48387096774194	
9566.279695966012	22.0	3.0	29.0	15.0	81.94179244533034	93	6	22	3	29	15	22	3	29	15	34	0	0.015624284744262695	4700	3.3747692108154297	24	99.48936170212765	
9566.279695966012	22.0	3.0	29.0	15.0	81.94179244533034	94	6	22	3	29	15	22	3	29	15	34	0	0.015625	4750	3.3903942108154297	24	99.49473684210527	
9566.279695966012	22.0	3.0	29.0	15.0	81.94179244533034	95	6	22	3	29	15	22	3	29	15	34	0	0.015622138977050781	4800	3.4060163497924805	24	99.5	
9566.279695966012	22.0	3.0	29.0	15.0	81.94179244533034	96	6	22	3	29	15	22	3	29	15	34	0	0.015625	4850	3.4216413497924805	24	99.50515463917526	
9566.279695966012	22.0	3.0	29.0	15.0	81.94179244533034	97	6	22	3	29	15	22	3	29	15	34	0	0.015623092651367188	4900	3.4372644424438477	24	99.51020408163265	
9566.279695966012	22.0	3.0	29.0	15.0	81.94179244533034	98	6	22	3	29	15	22	3	29	15	34	0	0.0	4950	3.4372644424438477	24	99.51515151515152	
9566.279695966012	22.0	3.0	29.0	15.0	81.94179244533034	99	6	22	3	29	15	22	3	29	15	34	0	0.015623807907104492	5000	3.452888250350952	24	99.52	
9566.279695966012	22.0	3.0	29.0	15.0	81.94179244533034	100	6	22	3	29	15	22	3	29	15	34	0	0.031248092651367188	5050	3.4841363430023193	24	99.52475247524752	
9566.279695966012	22.0	3.0	29.0	15.0	81.94179244533034	101	6	22	3	29	15	22	3	29	15	34	0	0.01562356948852539	5100	3.4997599124908447	24	99.52941176470588	
9566.279695966012	22.0	3.0	29.0	15.0	81.94179244533034	102	6	22	3	29	15	22	3	29	15	34	0	0.015624761581420898	5150	3.5153846740722656	24	99.53398058252426	
9566.279695966012	22.0	3.0	29.0	15.0	81.94179244533034	103	6	22	3	29	15	22	3	29	15	34	0	0.015622854232788086	5200	3.5310075283050537	24	99.53846153846153	
9566.279695966012	22.0	3.0	29.0	15.0	81.94179244533034	104	6	22	3	29	15	22	3	29	15	34	0	0.031248807907104492	5250	3.562256336212158	24	99.54285714285714	
9566.279695966012	22.0	3.0	29.0	15.0	81.94179244533034	105	6	22	3	29	15	22	3	29	15	34	0	0.01562356948852539	5300	3.5778799057006836	24	99.54716981132076	
9566.279695966012	22.0	3.0	29.0	15.0	81.94179244533034	106	6	22	3	29	15	22	3	29	15	34	0	0.015624284744262695	5350	3.5935041904449463	24	99.55140186915888	
9566.279695966012	22.0	3.0	29.0	15.0	81.94179244533034	107	6	22	3	29	15	22	3	29	15	34	0	0.015623807907104492	5400	3.609127998352051	24	99.55555555555556	
9566.279695966012	22.0	3.0	29.0	15.0	81.94179244533034	108	6	22	3	29	15	22	3	29	15	34	0	0.015623807907104492	5450	3.6247518062591553	24	99.55963302752293	
9566.279695966012	22.0	3.0	29.0	15.0	81.94179244533034	109	6	22	3	29	15	22	3	29	15	34	0	0.0	5500	3.6247518062591553	24	99.56363636363636	
9566.279695966012	22.0	3.0	29.0	15.0	81.94179244533034	110	6	22	3	29	15	22	3	29	15	34	0	0.015622854232788086	5550	3.6403746604919434	24	99.56756756756756	
9566.279695966012	22.0	3.0	29.0	15.0	81.94179244533034	111	6	22	3	29	15	22	3	29	15	34	0	0.015623807907104492	5600	3.655998468399048	24	99.57142857142857	
9566.279695966012	22.0	3.0	29.0	15.0	81.94179244533034	112	6	22	3	29	15	22	3	29	15	34	0	0.015624284744262695	5650	3.6716227531433105	24	99.57522123893806	
9566.279695966012	22.0	3.0	29.0	15.0	81.94179244533034	113	6	22	3	29	15	22	3	29	15	34	0	0.015624523162841797	5700	3.6872472763061523	24	99.57894736842105	
9566.279695966012	22.0	3.0	29.0	15.0	81.94179244533034	114	6	22	3	29	15	22	3	29	15	34	0	0.015623331069946289	5750	3.7028706073760986	24	99.58260869565217	
9566.279695966012	22.0	3.0	29.0	15.0	81.94179244533034	115	6	22	3	29	15	22	3	29	15	34	0	0.015624523162841797	5800	3.7184951305389404	24	99.58620689655173	
9566.279695966012	22.0	3.0	29.0	15.0	81.94179244533034	116	6	22	3	29	15	22	3	29	15	34	0	0.0	5850	3.7184951305389404	24	99.58974358974359	
9566.279695966012	22.0	3.0	29.0	15.0	81.94179244533034	117	6	22	3	29	15	22	3	29	15	34	0	0.015623331069946289	5900	3.7341184616088867	24	99.59322033898304	
9566.279695966012	22.0	3.0	29.0	15.0	81.94179244533034	118	6	22	3	29	15	22	3	29	15	34	0	0.015624046325683594	5950	3.7497425079345703	24	99.59663865546219	
9566.279695966012	22.0	3.0	29.0	15.0	81.94179244533034	119	6	22	3	29	15	22	3	29	15	34	0	0.015623807907104492	6000	3.765366315841675	24	99.6	
9566.279695966012	22.0	3.0	29.0	15.0	81.94179244533034	120	6	22	3	29	15	22	3	29	15	34	0	0.015623807907104492	6050	3.7809901237487793	24	99.60330578512396	
9566.279695966012	22.0	3.0	29.0	15.0	81.94179244533034	121	6	22	3	29	15	22	3	29	15	34	0	0.015623807907104492	6100	3.796613931655884	24	99.60655737704919	
9566.279695966012	22.0	3.0	29.0	15.0	81.94179244533034	122	6	22	3	29	15	22	3	29	15	34	0	0.01562356948852539	6150	3.812237501144409	24	99.60975609756098	
9566.279695966012	22.0	3.0	29.0	15.0	81.94179244533034	123	6	22	3	29	15	22	3	29	15	34	0	0.015624761581420898	6200	3.82786226272583	24	99.61290322580645	
9566.279695966012	22.0	3.0	29.0	15.0	81.94179244533034	124	6	22	3	29	15	22	3	29	15	34	0	0.01562356948852539	6250	3.8434858322143555	24	99.616	
9566.279695966012	22.0	3.0	29.0	15.0	81.94179244533034	125	6	22	3	29	15	22	3	29	15	34	0	0.031248092651367188	6300	3.8747339248657227	24	99.61904761904762	
9566.279695966012	22.0	3.0	29.0	15.0	81.94179244533034	126	6	22	3	29	15	22	3	29	15	34	0	0.0	6350	3.8747339248657227	24	99.62204724409449	
9566.279695966012	22.0	3.0	29.0	15.0	81.94179244533034	127	6	22	3	29	15	22	3	29	15	34	0	0.0156252384185791	6400	3.8903591632843018	24	99.625	
9566.279695966012	22.0	3.0	29.0	15.0	81.94179244533034	128	6	22	3	29	15	22	3	29	15	34	0	0.015625953674316406	6450	3.905985116958618	24	99.62790697674419	
9566.279695966012	22.0	3.0	29.0	15.0	81.94179244533034	129	6	22	3	29	15	22	3	29	15	34	0	0.015622615814208984	6500	3.921607732772827	24	99.63076923076923	
9566.279695966012	22.0	3.0	29.0	15.0	81.94179244533034	130	6	22	3	29	15	22	3	29	15	34	0	0.015624046325683594	6550	3.9372317790985107	24	99.63358778625954	
9566.279695966012	22.0	3.0	29.0	15.0	81.94179244533034	131	6	22	3	29	15	22	3	29	15	34	0	0.015622854232788086	6600	3.952854633331299	24	99.63636363636364	
9566.279695966012	22.0	3.0	29.0	15.0	81.94179244533034	132	6	22	3	29	15	22	3	29	15	34	0	0.015624046325683594	6650	3.9684786796569824	24	99.6390977443609	
9566.279695966012	22.0	3.0	29.0	15.0	81.94179244533034	133	6	22	3	29	15	22	3	29	15	34	0	0.015625715255737305	6700	3.9841043949127197	24	99.64179104477611	
9566.279695966012	22.0	3.0	29.0	15.0	81.94179244533034	134	6	22	3	29	15	22	3	29	15	34	0	0.015623092651367188	6750	3.999727487564087	24	99.64444444444445	
9566.279695966012	22.0	3.0	29.0	15.0	81.94179244533034	135	6	22	3	29	15	22	3	29	15	34	0	0.015622377395629883	6800	4.015349864959717	24	99.6470588235294	
9566.279695966012	22.0	3.0	29.0	15.0	81.94179244533034	136	6	22	3	29	15	22	3	29	15	34	0	0.0	6850	4.015349864959717	24	99.64963503649635	
9566.279695966012	22.0	3.0	29.0	15.0	81.94179244533034	137	6	22	3	29	15	22	3	29	15	34	0	0.015623807907104492	6900	4.030973672866821	24	99.65217391304348	
9566.279695966012	22.0	3.0	29.0	15.0	81.94179244533034	138	6	22	3	29	15	22	3	29	15	34	0	0.0156252384185791	6950	4.0465989112854	24	99.65467625899281	
9566.279695966012	22.0	3.0	29.0	15.0	81.94179244533034	139	6	22	3	29	15	22	3	29	15	34	0	0.015622854232788086	7000	4.0622217655181885	24	99.65714285714286	
9566.279695966012	22.0	3.0	29.0	15.0	81.94179244533034	140	6	22	3	29	15	22	3	29	15	34	0	0.0	7050	4.0622217655181885	24	99.65957446808511	
9566.279695966012	22.0	3.0	29.0	15.0	81.94179244533034	141	6	22	3	29	15	22	3	29	15	34	0	0.015623807907104492	7100	4.077845573425293	24	99.66197183098592	
9566.279695966012	22.0	3.0	29.0	15.0	81.94179244533034	142	6	22	3	29	15	22	3	29	15	34	0	0.01562356948852539	7150	4.093469142913818	24	99.66433566433567	
9566.279695966012	22.0	3.0	29.0	15.0	81.94179244533034	143	6	22	3	29	15	22	3	29	15	34	0	0.015624523162841797	7200	4.10909366607666	24	99.66666666666667	
9566.279695966012	22.0	3.0	29.0	15.0	81.94179244533034	144	6	22	3	29	15	22	3	29	15	34	0	0.01562356948852539	7250	4.1247172355651855	24	99.66896551724138	
9566.279695966012	22.0	3.0	29.0	15.0	81.94179244533034	145	6	22	3	29	15	22	3	29	15	34	0	0.015624046325683594	7300	4.140341281890869	24	99.67123287671232	
9566.279695966012	22.0	3.0	29.0	15.0	81.94179244533034	146	6	22	3	29	15	22	3	29	15	34	0	0.015625476837158203	7350	4.155966758728027	24	99.6734693877551	
9566.279695966012	22.0	3.0	29.0	15.0	81.94179244533034	147	6	22	3	29	15	22	3	29	15	34	0	0.015622615814208984	7400	4.171589374542236	24	99.67567567567568	
9566.279695966012	22.0	3.0	29.0	15.0	81.94179244533034	148	6	22	3	29	15	22	3	29	15	34	0	0.015624046325683594	7450	4.18721342086792	24	99.67785234899328	
9566.279695966012	22.0	3.0	29.0	15.0	81.94179244533034	149	6	22	3	29	15	22	3	29	15	34	0	0.015623807907104492	7500	4.202837228775024	24	99.68	
9566.279695966012	22.0	3.0	29.0	15.0	81.94179244533034	150	6	22	3	29	15	22	3	29	15	34	0	0.01562356948852539	7550	4.21846079826355	24	99.68211920529801	
9566.279695966012	22.0	3.0	29.0	15.0	81.94179244533034	151	6	22	3	29	15	22	3	29	15	34	0	0.015622854232788086	7600	4.234083652496338	24	99.6842105263158	
9566.279695966012	22.0	3.0	29.0	15.0	81.94179244533034	152	6	22	3	29	15	22	3	29	15	34	0	0.015624761581420898	7650	4.249708414077759	24	99.68627450980392	
9566.279695966012	22.0	3.0	29.0	15.0	81.94179244533034	153	6	22	3	29	15	22	3	29	15	34	0	0.015623807907104492	7700	4.265332221984863	24	99.68831168831169	
9566.279695966012	22.0	3.0	29.0	15.0	81.94179244533034	154	6	22	3	29	15	22	3	29	15	34	0	0.015624284744262695	7750	4.280956506729126	24	99.69032258064516	
9566.279695966012	22.0	3.0	29.0	15.0	81.94179244533034	155	6	22	3	29	15	22	3	29	15	34	0	0.015623807907104492	7800	4.2965803146362305	24	99.6923076923077	
9566.279695966012	22.0	3.0	29.0	15.0	81.94179244533034	156	6	22	3	29	15	22	3	29	15	34	0	0.015624284744262695	7850	4.312204599380493	24	99.69426751592357	
9566.279695966012	22.0	3.0	29.0	15.0	81.94179244533034	157	6	22	3	29	15	22	3	29	15	34	0	0.0	7900	4.312204599380493	24	99.69620253164557	
9566.279695966012	22.0	3.0	29.0	15.0	81.94179244533034	158	6	22	3	29	15	22	3	29	15	34	0	0.015623807907104492	7950	4.327828407287598	24	99.69811320754717	
9566.279695966012	22.0	3.0	29.0	15.0	81.94179244533034	159	6	22	3	29	15	22	3	29	15	34	0	0.015623331069946289	8000	4.343451738357544	24	99.7	
9566.279695966012	22.0	3.0	29.0	15.0	81.94179244533034	160	6	22	3	29	15	22	3	29	15	34	0	0.0	8050	4.343451738357544	24	99.70186335403727	
9566.279695966012	22.0	3.0	29.0	15.0	81.94179244533034	161	6	22	3	29	15	22	3	29	15	34	0	0.031248807907104492	8100	4.374700546264648	24	99.70370370370371	
9566.279695966012	22.0	3.0	29.0	15.0	81.94179244533034	162	6	22	3	29	15	22	3	29	15	34	0	0.01562356948852539	8150	4.390324115753174	24	99.70552147239263	
9566.279695966012	22.0	3.0	29.0	15.0	81.94179244533034	163	6	22	3	29	15	22	3	29	15	34	0	0.015624523162841797	8200	4.405948638916016	24	99.70731707317073	
9566.279695966012	22.0	3.0	29.0	15.0	81.94179244533034	164	6	22	3	29	15	22	3	29	15	34	0	0.015623092651367188	8250	4.421571731567383	24	99.7090909090909	
9566.279695966012	22.0	3.0	29.0	15.0	81.94179244533034	165	6	22	3	29	15	22	3	29	15	34	0	0.015624523162841797	8300	4.437196254730225	24	99.71084337349397	
9566.279695966012	22.0	3.0	29.0	15.0	81.94179244533034	166	6	22	3	29	15	22	3	29	15	34	0	0.015623331069946289	8350	4.452819585800171	24	99.7125748502994	
9566.279695966012	22.0	3.0	29.0	15.0	81.94179244533034	167	6	22	3	29	15	22	3	29	15	34	0	0.015625	8400	4.468444585800171	24	99.71428571428571	
9566.279695966012	22.0	3.0	29.0	15.0	81.94179244533034	168	6	22	3	29	15	22	3	29	15	34	0	0.01562356948852539	8450	4.484068155288696	24	99.71597633136095	
9566.279695966012	22.0	3.0	29.0	15.0	81.94179244533034	169	6	22	3	29	15	22	3	29	15	34	0	0.015623331069946289	8500	4.499691486358643	24	99.71764705882353	
9566.279695966012	22.0	3.0	29.0	15.0	81.94179244533034	170	6	22	3	29	15	22	3	29	15	34	0	0.015624046325683594	8550	4.515315532684326	24	99.71929824561404	
9566.279695966012	22.0	3.0	29.0	15.0	81.94179244533034	171	6	22	3	29	15	22	3	29	15	34	0	0.015623807907104492	8600	4.530939340591431	24	99.72093023255815	
9566.279695966012	22.0	3.0	29.0	15.0	81.94179244533034	172	6	22	3	29	15	22	3	29	15	34	0	0.015624046325683594	8650	4.546563386917114	24	99.72254335260115	
9566.279695966012	22.0	3.0	29.0	15.0	81.94179244533034	173	6	22	3	29	15	22	3	29	15	34	0	0.015624046325683594	8700	4.562187433242798	24	99.72413793103448	
9566.279695966012	22.0	3.0	29.0	15.0	81.94179244533034	174	6	22	3	29	15	22	3	29	15	34	0	0.015623807907104492	8750	4.577811241149902	24	99.72571428571429	
9566.279695966012	22.0	3.0	29.0	15.0	81.94179244533034	175	6	22	3	29	15	22	3	29	15	34	0	0.0	8800	4.577811241149902	24	99.72727272727273	
9566.279695966012	22.0	3.0	29.0	15.0	81.94179244533034	176	6	22	3	29	15	22	3	29	15	34	0	0.01562356948852539	8850	4.593434810638428	24	99.72881355932203	
9566.279695966012	22.0	3.0	29.0	15.0	81.94179244533034	177	6	22	3	29	15	22	3	29	15	34	0	0.015624046325683594	8900	4.609058856964111	24	99.73033707865169	
9566.279695966012	22.0	3.0	29.0	15.0	81.94179244533034	178	6	22	3	29	15	22	3	29	15	34	0	0.015624046325683594	8950	4.624682903289795	24	99.73184357541899	
9566.279695966012	22.0	3.0	29.0	15.0	81.94179244533034	179	6	22	3	29	15	22	3	29	15	34	0	0.015625	9000	4.640307903289795	24	99.73333333333333	
9566.279695966012	22.0	3.0	29.0	15.0	81.94179244533034	180	6	22	3	29	15	22	3	29	15	34	0	0.015622377395629883	9050	4.655930280685425	24	99.73480662983425	
9566.279695966012	22.0	3.0	29.0	15.0	81.94179244533034	181	6	22	3	29	15	22	3	29	15	34	0	0.015624523162841797	9100	4.671554803848267	24	99.73626373626374	
9566.279695966012	22.0	3.0	29.0	15.0	81.94179244533034	182	6	22	3	29	15	22	3	29	15	34	0	0.015624046325683594	9150	4.68717885017395	24	99.73770491803279	
9566.279695966012	22.0	3.0	29.0	15.0	81.94179244533034	183	6	22	3	29	15	22	3	29	15	34	0	0.015624284744262695	9200	4.702803134918213	24	99.73913043478261	
9566.279695966012	22.0	3.0	29.0	15.0	81.94179244533034	184	6	22	3	29	15	22	3	29	15	34	0	0.01562356948852539	9250	4.718426704406738	24	99.74054054054054	
9566.279695966012	22.0	3.0	29.0	15.0	81.94179244533034	185	6	22	3	29	15	22	3	29	15	34	0	0.0156252384185791	9300	4.734051942825317	24	99.74193548387096	
9566.279695966012	22.0	3.0	29.0	15.0	81.94179244533034	186	6	22	3	29	15	22	3	29	15	34	0	0.015622615814208984	9350	4.749674558639526	24	99.7433155080214	
9566.279695966012	22.0	3.0	29.0	15.0	81.94179244533034	187	6	22	3	29	15	22	3	29	15	34	0	0.015624046325683594	9400	4.76529860496521	24	99.74468085106383	
9566.279695966012	22.0	3.0	29.0	15.0	81.94179244533034	188	6	22	3	29	15	22	3	29	15	34	0	0.015624523162841797	9450	4.780923128128052	24	99.74603174603175	
9566.279695966012	22.0	3.0	29.0	15.0	81.94179244533034	189	6	22	3	29	15	22	3	29	15	34	0	0.01562356948852539	9500	4.796546697616577	24	99.74736842105263	
9566.279695966012	22.0	3.0	29.0	15.0	81.94179244533034	190	6	22	3	29	15	22	3	29	15	34	0	0.015623092651367188	9550	4.812169790267944	24	99.74869109947645	
9566.279695966012	22.0	3.0	29.0	15.0	81.94179244533034	191	6	22	3	29	15	22	3	29	15	34	0	0.015624761581420898	9600	4.827794551849365	24	99.75	
9566.279695966012	22.0	3.0	29.0	15.0	81.94179244533034	192	6	22	3	29	15	22	3	29	15	34	0	0.015625	9650	4.843419551849365	24	99.75129533678756	
9566.279695966012	22.0	3.0	29.0	15.0	81.94179244533034	193	6	22	3	29	15	22	3	29	15	34	0	0.015622377395629883	9700	4.859041929244995	24	99.75257731958763	
9566.279695966012	22.0	3.0	29.0	15.0	81.94179244533034	194	6	22	3	29	15	22	3	29	15	34	0	0.0	9750	4.859041929244995	24	99.75384615384615	
9566.279695966012	22.0	3.0	29.0	15.0	81.94179244533034	195	6	22	3	29	15	22	3	29	15	34	0	0.015623331069946289	9800	4.874665260314941	24	99.75510204081633	
9566.279695966012	22.0	3.0	29.0	15.0	81.94179244533034	196	6	22	3	29	15	22	3	29	15	34	0	0.015624046325683594	9850	4.890289306640625	24	99.75634517766497	
9566.279695966012	22.0	3.0	29.0	15.0	81.94179244533034	197	6	22	3	29	15	22	3	29	15	34	0	0.015624284744262695	9900	4.905913591384888	24	99.75757575757575	
9566.279695966012	22.0	3.0	29.0	15.0	81.94179244533034	198	6	22	3	29	15	22	3	29	15	34	0	0.015624046325683594	9950	4.921537637710571	24	99.75879396984925	
9566.279695966012	22.0	3.0	29.0	15.0	81.94179244533034	199	6	22	3	29	15	22	3	29	15	34	0	0.015625	10000	4.937162637710571	24	99.76	
9566.279695966012	22.0	3.0	29.0	15.0	81.94179244533034	200	6	22	3	29	15	22	3	29	15	34	0	0.01562356948852539	10050	4.952786207199097	24	99.76119402985074	
9566.279695966012	22.0	3.0	29.0	15.0	81.94179244533034	201	6	22	3	29	15	22	3	29	15	34	0	0.031248092651367188	10100	4.984034299850464	24	99.76237623762377	
9566.279695966012	22.0	3.0	29.0	15.0	81.94179244533034	202	6	22	3	29	15	22	3	29	15	34	0	0.015623092651367188	10150	4.999657392501831	24	99.76354679802955	
9566.279695966012	22.0	3.0	29.0	15.0	81.94179244533034	203	6	22	3	29	15	22	3	29	15	34	0	0.015624523162841797	10200	5.015281915664673	24	99.76470588235294	
9566.279695966012	22.0	3.0	29.0	15.0	81.94179244533034	204	6	22	3	29	15	22	3	29	15	34	0	0.015624284744262695	10250	5.0309062004089355	24	99.76585365853659	
9566.279695966012	22.0	3.0	29.0	15.0	81.94179244533034	205	6	22	3	29	15	22	3	29	15	34	0	0.01562356948852539	10300	5.046529769897461	24	99.76699029126213	
9566.279695966012	22.0	3.0	29.0	15.0	81.94179244533034	206	6	22	3	29	15	22	3	29	15	34	0	0.031247615814208984	10350	5.07777738571167	24	99.76811594202898	
9566.279695966012	22.0	3.0	29.0	15.0	81.94179244533034	207	6	22	3	29	15	22	3	29	15	34	0	0.01562356948852539	10400	5.093400955200195	24	99.76923076923077	
9566.279695966012	22.0	3.0	29.0	15.0	81.94179244533034	208	6	22	3	29	15	22	3	29	15	34	0	0.031247854232788086	10450	5.124648809432983	24	99.77033492822966	
9566.279695966012	22.0	3.0	29.0	15.0	81.94179244533034	209	6	22	3	29	15	22	3	29	15	34	0	0.015624046325683594	10500	5.140272855758667	24	99.77142857142857	
9566.279695966012	22.0	3.0	29.0	15.0	81.94179244533034	210	6	22	3	29	15	22	3	29	15	34	0	0.015625715255737305	10550	5.155898571014404	24	99.77251184834124	
9566.279695966012	22.0	3.0	29.0	15.0	81.94179244533034	211	6	22	3	29	15	22	3	29	15	34	0	0.015623092651367188	10600	5.1715216636657715	24	99.77358490566037	
9566.279695966012	22.0	3.0	29.0	15.0	81.94179244533034	212	6	22	3	29	15	22	3	29	15	34	0	0.015622615814208984	10650	5.1871442794799805	24	99.77464788732394	
9566.279695966012	22.0	3.0	29.0	15.0	81.94179244533034	213	6	22	3	29	15	22	3	29	15	34	0	0.015624046325683594	10700	5.202768325805664	24	99.77570093457943	
9566.279695966012	22.0	3.0	29.0	15.0	81.94179244533034	214	6	22	3	29	15	22	3	29	15	34	0	0.01562356948852539	10750	5.2183918952941895	24	99.77674418604651	
9566.279695966012	22.0	3.0	29.0	15.0	81.94179244533034	215	6	22	3	29	15	22	3	29	15	34	0	0.015625476837158203	10800	5.234017372131348	24	99.77777777777777	
9566.279695966012	22.0	3.0	29.0	15.0	81.94179244533034	216	6	22	3	29	15	22	3	29	15	34	0	0.031247377395629883	10850	5.2652647495269775	24	99.77880184331798	
9566.279695966012	22.0	3.0	29.0	15.0	81.94179244533034	217	6	22	3	29	15	22	3	29	15	34	0	0.031247615814208984	10900	5.2965123653411865	24	99.77981651376147	
9566.279695966012	22.0	3.0	29.0	15.0	81.94179244533034	218	6	22	3	29	15	22	3	29	15	34	0	0.015624523162841797	10950	5.312136888504028	24	99.78082191780823	
9566.279695966012	22.0	3.0	29.0	15.0	81.94179244533034	219	6	22	3	29	15	22	3	29	15	34	0	0.0	11000	5.312136888504028	24	99.78181818181818	
9566.279695966012	22.0	3.0	29.0	15.0	81.94179244533034	220	6	22	3	29	15	22	3	29	15	34	0	0.015622854232788086	11050	5.327759742736816	24	99.78280542986425	
9566.279695966012	22.0	3.0	29.0	15.0	81.94179244533034	221	6	22	3	29	15	22	3	29	15	34	0	0.0156252384185791	11100	5.3433849811553955	24	99.78378378378379	
9566.279695966012	22.0	3.0	29.0	15.0	81.94179244533034	222	6	22	3	29	15	22	3	29	15	34	0	0.015622377395629883	11150	5.359007358551025	24	99.7847533632287	
9566.279695966012	22.0	3.0	29.0	15.0	81.94179244533034	223	6	22	3	29	15	22	3	29	15	34	0	0.0	11200	5.359007358551025	24	99.78571428571429	
9566.279695966012	22.0	3.0	29.0	15.0	81.94179244533034	224	6	22	3	29	15	22	3	29	15	34	0	0.015624523162841797	11250	5.374631881713867	24	99.78666666666666	
9566.279695966012	22.0	3.0	29.0	15.0	81.94179244533034	225	6	22	3	29	15	22	3	29	15	34	0	0.01562356948852539	11300	5.390255451202393	24	99.78761061946902	
9566.279695966012	22.0	3.0	29.0	15.0	81.94179244533034	226	6	22	3	29	15	22	3	29	15	34	0	0.015625	11350	5.405880451202393	24	99.7885462555066	
9566.279695966012	22.0	3.0	29.0	15.0	81.94179244533034	227	6	22	3	29	15	22	3	29	15	34	0	0.0	11400	5.405880451202393	24	99.78947368421052	
9566.279695966012	22.0	3.0	29.0	15.0	81.94179244533034	228	6	22	3	29	15	22	3	29	15	34	0	0.015623092651367188	11450	5.42150354385376	24	99.79039301310044	
9566.279695966012	22.0	3.0	29.0	15.0	81.94179244533034	229	6	22	3	29	15	22	3	29	15	34	0	0.015625	11500	5.43712854385376	24	99.79130434782608	
9566.279695966012	22.0	3.0	29.0	15.0	81.94179244533034	230	6	22	3	29	15	22	3	29	15	34	0	0.015623331069946289	11550	5.452751874923706	24	99.79220779220779	
9566.279695966012	22.0	3.0	29.0	15.0	81.94179244533034	231	6	22	3	29	15	22	3	29	15	34	0	0.0	11600	5.452751874923706	24	99.79310344827586	
9566.279695966012	22.0	3.0	29.0	15.0	81.94179244533034	232	6	22	3	29	15	22	3	29	15	34	0	0.031249046325683594	11650	5.48400092124939	24	99.79399141630901	
9566.279695966012	22.0	3.0	29.0	15.0	81.94179244533034	233	6	22	3	29	15	22	3	29	15	34	0	0.015622854232788086	11700	5.499623775482178	24	99.7948717948718	
9566.279695966012	22.0	3.0	29.0	15.0	81.94179244533034	234	6	22	3	29	15	22	3	29	15	34	0	0.015623331069946289	11750	5.515247106552124	24	99.79574468085106	
9566.279695966012	22.0	3.0	29.0	15.0	81.94179244533034	235	6	22	3	29	15	22	3	29	15	34	0	0.015623092651367188	11800	5.530870199203491	24	99.79661016949153	
9566.279695966012	22.0	3.0	29.0	15.0	81.94179244533034	236	6	22	3	29	15	22	3	29	15	34	0	0.015624523162841797	11850	5.546494722366333	24	99.79746835443038	
9566.279695966012	22.0	3.0	29.0	15.0	81.94179244533034	237	6	22	3	29	15	22	3	29	15	34	0	0.015624046325683594	11900	5.562118768692017	24	99.7983193277311	
9566.279695966012	22.0	3.0	29.0	15.0	81.94179244533034	238	6	22	3	29	15	22	3	29	15	34	0	0.01562356948852539	11950	5.577742338180542	24	99.79916317991632	
9566.279695966012	22.0	3.0	29.0	15.0	81.94179244533034	239	6	22	3	29	15	22	3	29	15	34	0	0.015624284744262695	12000	5.593366622924805	24	99.8	
9566.279695966012	22.0	3.0	29.0	15.0	81.94179244533034	240	6	22	3	29	15	22	3	29	15	34	0	0.015624046325683594	12050	5.608990669250488	24	99.80082987551867	
9566.279695966012	22.0	3.0	29.0	15.0	81.94179244533034	241	6	22	3	29	15	22	3	29	15	34	0	0.015623807907104492	12100	5.624614477157593	24	99.80165289256199	
9566.279695966012	22.0	3.0	29.0	15.0	81.94179244533034	242	6	22	3	29	15	22	3	29	15	34	0	0.031247854232788086	12150	5.655862331390381	24	99.80246913580247	
9566.279695966012	22.0	3.0	29.0	15.0	81.94179244533034	243	6	22	3	29	15	22	3	29	15	34	0	0.015624046325683594	12200	5.6714863777160645	24	99.80327868852459	
9566.279695966012	22.0	3.0	29.0	15.0	81.94179244533034	244	6	22	3	29	15	22	3	29	15	34	0	0.015624046325683594	12250	5.687110424041748	24	99.80408163265307	
9566.279695966012	22.0	3.0	29.0	15.0	81.94179244533034	245	6	22	3	29	15	22	3	29	15	34	0	0.015623807907104492	12300	5.7027342319488525	24	99.8048780487805	
9566.279695966012	22.0	3.0	29.0	15.0	81.94179244533034	246	6	22	3	29	15	22	3	29	15	34	0	0.015624284744262695	12350	5.718358516693115	24	99.80566801619433	
9566.279695966012	22.0	3.0	29.0	15.0	81.94179244533034	247	6	22	3	29	15	22	3	29	15	34	0	0.015623092651367188	12400	5.733981609344482	24	99.80645161290323	
9566.279695966012	22.0	3.0	29.0	15.0	81.94179244533034	248	6	22	3	29	15	22	3	29	15	34	0	0.015624046325683594	12450	5.749605655670166	24	99.80722891566265	
9566.279695966012	22.0	3.0	29.0	15.0	81.94179244533034	249	6	22	3	29	15	22	3	29	15	34	0	0.015624284744262695	12500	5.765229940414429	24	99.808	
9566.279695966012	22.0	3.0	29.0	15.0	81.94179244533034	250	6	22	3	29	15	22	3	29	15	34	0	0.015624284744262695	12550	5.780854225158691	24	99.80876494023904	
9566.279695966012	22.0	3.0	29.0	15.0	81.94179244533034	251	6	22	3	29	15	22	3	29	15	34	0	0.015623807907104492	12600	5.796478033065796	24	99.80952380952381	
9566.279695966012	22.0	3.0	29.0	15.0	81.94179244533034	252	6	22	3	29	15	22	3	29	15	34	0	0.015623807907104492	12650	5.8121018409729	24	99.81027667984189	
9566.279695966012	22.0	3.0	29.0	15.0	81.94179244533034	253	6	22	3	29	15	22	3	29	15	34	0	0.015624284744262695	12700	5.827726125717163	24	99.81102362204724	
9566.279695966012	22.0	3.0	29.0	15.0	81.94179244533034	254	6	22	3	29	15	22	3	29	15	34	0	0.015624046325683594	12750	5.843350172042847	24	99.81176470588235	
9566.279695966012	22.0	3.0	29.0	15.0	81.94179244533034	255	6	22	3	29	15	22	3	29	15	34	0	0.015624761581420898	12800	5.858974933624268	24	99.8125	
9566.279695966012	22.0	3.0	29.0	15.0	81.94179244533034	256	6	22	3	29	15	22	3	29	15	34	0	0.015622377395629883	12850	5.8745973110198975	24	99.81322957198444	
9566.279695966012	22.0	3.0	29.0	15.0	81.94179244533034	257	6	22	3	29	15	22	3	29	15	34	0	0.015625	12900	5.8902223110198975	24	99.81395348837209	
9566.279695966012	22.0	3.0	29.0	15.0	81.94179244533034	258	6	22	3	29	15	22	3	29	15	34	0	0.0	12950	5.8902223110198975	24	99.81467181467181	
9566.279695966012	22.0	3.0	29.0	15.0	81.94179244533034	259	6	22	3	29	15	22	3	29	15	34	0	0.015623331069946289	13000	5.905845642089844	24	99.81538461538462	
9566.279695966012	22.0	3.0	29.0	15.0	81.94179244533034	260	6	22	3	29	15	22	3	29	15	34	0	0.015623331069946289	13050	5.92146897315979	24	99.816091954023	
9566.279695966012	22.0	3.0	29.0	15.0	81.94179244533034	261	6	22	3	29	15	22	3	29	15	34	0	0.015623807907104492	13100	5.9370927810668945	24	99.81679389312977	
9566.279695966012	22.0	3.0	29.0	15.0	81.94179244533034	262	6	22	3	29	15	22	3	29	15	34	0	0.01562356948852539	13150	5.95271635055542	24	99.81749049429658	
9566.279695966012	22.0	3.0	29.0	15.0	81.94179244533034	263	6	22	3	29	15	22	3	29	15	34	0	0.01562643051147461	13200	5.9683427810668945	24	99.81818181818181	
9566.279695966012	22.0	3.0	29.0	15.0	81.94179244533034	264	6	22	3	29	15	22	3	29	15	34	0	0.015623331069946289	13250	5.983966112136841	24	99.8188679245283	
9566.279695966012	22.0	3.0	29.0	15.0	81.94179244533034	265	6	22	3	29	15	22	3	29	15	34	0	0.01562356948852539	13300	5.999589681625366	24	99.81954887218045	
9566.279695966012	22.0	3.0	29.0	15.0	81.94179244533034	266	6	22	3	29	15	22	3	29	15	34	0	0.015624046325683594	13350	6.01521372795105	24	99.82022471910112	
9566.279695966012	22.0	3.0	29.0	15.0	81.94179244533034	267	6	22	3	29	15	22	3	29	15	34	0	0.015622854232788086	13400	6.030836582183838	24	99.82089552238806	
9566.279695966012	22.0	3.0	29.0	15.0	81.94179244533034	268	6	22	3	29	15	22	3	29	15	34	0	0.015623807907104492	13450	6.046460390090942	24	99.82156133828997	
9566.279695966012	22.0	3.0	29.0	15.0	81.94179244533034	269	6	22	3	29	15	22	3	29	15	34	0	0.01562356948852539	13500	6.062083959579468	24	99.82222222222222	
9566.279695966012	22.0	3.0	29.0	15.0	81.94179244533034	270	6	22	3	29	15	22	3	29	15	34	0	0.0	13550	6.062083959579468	24	99.82287822878229	
9566.279695966012	22.0	3.0	29.0	15.0	81.94179244533034	271	6	22	3	29	15	22	3	29	15	34	0	0.015625476837158203	13600	6.077709436416626	24	99.82352941176471	
9566.279695966012	22.0	3.0	29.0	15.0	81.94179244533034	272	6	22	3	29	15	22	3	29	15	34	0	0.015622377395629883	13650	6.093331813812256	24	99.82417582417582	
9566.279695966012	22.0	3.0	29.0	15.0	81.94179244533034	273	6	22	3	29	15	22	3	29	15	34	0	0.015624523162841797	13700	6.108956336975098	24	99.82481751824818	
9566.279695966012	22.0	3.0	29.0	15.0	81.94179244533034	274	6	22	3	29	15	22	3	29	15	34	0	0.015624523162841797	13750	6.1245808601379395	24	99.82545454545455	
9566.279695966012	22.0	3.0	29.0	15.0	81.94179244533034	275	6	22	3	29	15	22	3	29	15	34	0	0.03124713897705078	13800	6.15582799911499	24	99.82608695652173	
9566.279695966012	22.0	3.0	29.0	15.0	81.94179244533034	276	6	22	3	29	15	22	3	29	15	34	0	0.015623807907104492	13850	6.171451807022095	24	99.82671480144404	
9566.279695966012	22.0	3.0	29.0	15.0	81.94179244533034	277	6	22	3	29	15	22	3	29	15	34	0	0.015623807907104492	13900	6.187075614929199	24	99.8273381294964	
9566.279695966012	22.0	3.0	29.0	15.0	81.94179244533034	278	6	22	3	29	15	22	3	29	15	34	0	0.015624046325683594	13950	6.202699661254883	24	99.82795698924731	
9566.279695966012	22.0	3.0	29.0	15.0	81.94179244533034	279	6	22	3	29	15	22	3	29	15	34	0	0.015624046325683594	14000	6.218323707580566	24	99.82857142857142	
9566.279695966012	22.0	3.0	29.0	15.0	81.94179244533034	280	6	22	3	29	15	22	3	29	15	34	0	0.01562356948852539	14050	6.233947277069092	24	99.82918149466192	
9566.279695966012	22.0	3.0	29.0	15.0	81.94179244533034	281	6	22	3	29	15	22	3	29	15	34	0	0.015624046325683594	14100	6.249571323394775	24	99.82978723404256	
9566.279695966012	22.0	3.0	29.0	15.0	81.94179244533034	282	6	22	3	29	15	22	3	29	15	34	0	0.015623807907104492	14150	6.26519513130188	24	99.8303886925795	
9566.279695966012	22.0	3.0	29.0	15.0	81.94179244533034	283	6	22	3	29	15	22	3	29	15	34	0	0.015624523162841797	14200	6.280819654464722	24	99.83098591549296	
9566.279695966012	22.0	3.0	29.0	15.0	81.94179244533034	284	6	22	3	29	15	22	3	29	15	34	0	0.01562356948852539	14250	6.296443223953247	24	99.83157894736843	
9566.279695966012	22.0	3.0	29.0	15.0	81.94179244533034	285	6	22	3	29	15	22	3	29	15	34	0	0.0	14300	6.296443223953247	24	99.83216783216783	
9566.279695966012	22.0	3.0	29.0	15.0	81.94179244533034	286	6	22	3	29	15	22	3	29	15	34	0	0.031248092651367188	14350	6.327691316604614	24	99.83275261324042	
9566.279695966012	22.0	3.0	29.0	15.0	81.94179244533034	287	6	22	3	29	15	22	3	29	15	34	0	0.01562356948852539	14400	6.34331488609314	24	99.83333333333333	
9566.279695966012	22.0	3.0	29.0	15.0	81.94179244533034	288	6	22	3	29	15	22	3	29	15	34	0	0.015624046325683594	14450	6.358938932418823	24	99.83391003460207	
9566.279695966012	22.0	3.0	29.0	15.0	81.94179244533034	289	6	22	3	29	15	22	3	29	15	34	0	0.015624284744262695	14500	6.374563217163086	24	99.8344827586207	
9566.279695966012	22.0	3.0	29.0	15.0	81.94179244533034	290	6	22	3	29	15	22	3	29	15	34	0	0.015624761581420898	14550	6.390187978744507	24	99.83505154639175	
9566.279695966012	22.0	3.0	29.0	15.0	81.94179244533034	291	6	22	3	29	15	22	3	29	15	34	0	0.015622377395629883	14600	6.405810356140137	24	99.83561643835617	
9566.279695966012	22.0	3.0	29.0	15.0	81.94179244533034	292	6	22	3	29	15	22	3	29	15	34	0	0.015624523162841797	14650	6.4214348793029785	24	99.83617747440273	
9566.279695966012	22.0	3.0	29.0	15.0	81.94179244533034	293	6	22	3	29	15	22	3	29	15	34	0	0.015623331069946289	14700	6.437058210372925	24	99.83673469387755	
9566.279695966012	22.0	3.0	29.0	15.0	81.94179244533034	294	6	22	3	29	15	22	3	29	15	34	0	0.0	14750	6.437058210372925	24	99.83728813559323	
9566.279695966012	22.0	3.0	29.0	15.0	81.94179244533034	295	6	22	3	29	15	22	3	29	15	34	0	0.015623807907104492	14800	6.452682018280029	24	99.83783783783784	
9566.279695966012	22.0	3.0	29.0	15.0	81.94179244533034	296	6	22	3	29	15	22	3	29	15	34	0	0.03124833106994629	14850	6.483930349349976	24	99.83838383838383	
9566.279695966012	22.0	3.0	29.0	15.0	81.94179244533034	297	6	22	3	29	15	22	3	29	15	34	0	0.015623807907104492	14900	6.49955415725708	24	99.83892617449665	
9566.279695966012	22.0	3.0	29.0	15.0	81.94179244533034	298	6	22	3	29	15	22	3	29	15	34	0	0.015624284744262695	14950	6.515178442001343	24	99.83946488294315	
9566.279695966012	22.0	3.0	29.0	15.0	81.94179244533034	299	6	22	3	29	15	22	3	29	15	34	0	0.01562356948852539	15000	6.530802011489868	24	99.84	
9566.279695966012	22.0	3.0	29.0	15.0	81.94179244533034	300	6	22	3	29	15	22	3	29	15	34	0	0.015624046325683594	15050	6.546426057815552	24	99.84053156146179	
9566.279695966012	22.0	3.0	29.0	15.0	81.94179244533034	301	6	22	3	29	15	22	3	29	15	34	0	0.01562356948852539	15100	6.562049627304077	24	99.84105960264901	
9566.279695966012	22.0	3.0	29.0	15.0	81.94179244533034	302	6	22	3	29	15	22	3	29	15	34	0	0.015624046325683594	15150	6.577673673629761	24	99.84158415841584	
9566.279695966012	22.0	3.0	29.0	15.0	81.94179244533034	303	6	22	3	29	15	22	3	29	15	34	0	0.015623807907104492	15200	6.593297481536865	24	99.84210526315789	
9566.279695966012	22.0	3.0	29.0	15.0	81.94179244533034	304	6	22	3	29	15	22	3	29	15	34	0	0.015624523162841797	15250	6.608922004699707	24	99.84262295081967	
9566.279695966012	22.0	3.0	29.0	15.0	81.94179244533034	305	6	22	3	29	15	22	3	29	15	34	0	0.015624284744262695	15300	6.62454628944397	24	99.84313725490196	
9566.279695966012	22.0	3.0	29.0	15.0	81.94179244533034	306	6	22	3	29	15	22	3	29	15	34	0	0.015623092651367188	15350	6.640169382095337	24	99.84364820846906	
9566.279695966012	22.0	3.0	29.0	15.0	81.94179244533034	307	6	22	3	29	15	22	3	29	15	34	0	0.0156252384185791	15400	6.655794620513916	24	99.84415584415585	
9566.279695966012	22.0	3.0	29.0	15.0	81.94179244533034	308	6	22	3	29	15	22	3	29	15	34	0	0.015623092651367188	15450	6.671417713165283	24	99.84466019417475	
9566.279695966012	22.0	3.0	29.0	15.0	81.94179244533034	309	6	22	3	29	15	22	3	29	15	34	0	0.015624523162841797	15500	6.687042236328125	24	99.84516129032258	
9566.279695966012	22.0	3.0	29.0	15.0	81.94179244533034	310	6	22	3	29	15	22	3	29	15	34	0	0.015623092651367188	15550	6.702665328979492	24	99.84565916398714	
9566.279695966012	22.0	3.0	29.0	15.0	81.94179244533034	311	6	22	3	29	15	22	3	29	15	34	0	0.015625	15600	6.718290328979492	24	99.84615384615384	
9566.279695966012	22.0	3.0	29.0	15.0	81.94179244533034	312	6	22	3	29	15	22	3	29	15	34	0	0.015622377395629883	15650	6.733912706375122	24	99.84664536741214	
9566.279695966012	22.0	3.0	29.0	15.0	81.94179244533034	313	6	22	3	29	15	22	3	29	15	34	0	0.015625476837158203	15700	6.74953818321228	24	99.84713375796179	
9566.279695966012	22.0	3.0	29.0	15.0	81.94179244533034	314	6	22	3	29	15	22	3	29	15	34	0	0.0	15750	6.74953818321228	24	99.84761904761905	
9566.279695966012	22.0	3.0	29.0	15.0	81.94179244533034	315	6	22	3	29	15	22	3	29	15	34	0	0.015624284744262695	15800	6.765162467956543	24	99.84810126582279	
9566.279695966012	22.0	3.0	29.0	15.0	81.94179244533034	316	6	22	3	29	15	22	3	29	15	34	0	0.031247854232788086	15850	6.796410322189331	24	99.84858044164038	
9566.279695966012	22.0	3.0	29.0	15.0	81.94179244533034	317	6	22	3	29	15	22	3	29	15	34	0	0.015622377395629883	15900	6.812032699584961	24	99.84905660377359	
9566.279695966012	22.0	3.0	29.0	15.0	81.94179244533034	318	6	22	3	29	15	22	3	29	15	34	0	0.015624046325683594	15950	6.8276567459106445	24	99.84952978056427	
9566.279695966012	22.0	3.0	29.0	15.0	81.94179244533034	319	6	22	3	29	15	22	3	29	15	34	0	0.015624523162841797	16000	6.843281269073486	24	99.85	
9566.279695966012	22.0	3.0	29.0	15.0	81.94179244533034	320	6	22	3	29	15	22	3	29	15	34	0	0.015623331069946289	16050	6.858904600143433	24	99.85046728971963	
9566.279695966012	22.0	3.0	29.0	15.0	81.94179244533034	321	6	22	3	29	15	22	3	29	15	34	0	0.015624046325683594	16100	6.874528646469116	24	99.85093167701864	
9566.279695966012	22.0	3.0	29.0	15.0	81.94179244533034	322	6	22	3	29	15	22	3	29	15	34	0	0.01562356948852539	16150	6.890152215957642	24	99.85139318885449	
9566.279695966012	22.0	3.0	29.0	15.0	81.94179244533034	323	6	22	3	29	15	22	3	29	15	34	0	0.015624284744262695	16200	6.905776500701904	24	99.85185185185185	
9566.279695966012	22.0	3.0	29.0	15.0	81.94179244533034	324	6	22	3	29	15	22	3	29	15	34	0	0.015624046325683594	16250	6.921400547027588	24	99.85230769230769	
9566.279695966012	22.0	3.0	29.0	15.0	81.94179244533034	325	6	22	3	29	15	22	3	29	15	34	0	0.015623807907104492	16300	6.937024354934692	24	99.85276073619632	
9566.279695966012	22.0	3.0	29.0	15.0	81.94179244533034	326	6	22	3	29	15	22	3	29	15	34	0	0.0	16350	6.937024354934692	24	99.85321100917432	
9566.279695966012	22.0	3.0	29.0	15.0	81.94179244533034	327	6	22	3	29	15	22	3	29	15	34	0	0.015624046325683594	16400	6.952648401260376	24	99.85365853658537	
9566.279695966012	22.0	3.0	29.0	15.0	81.94179244533034	328	6	22	3	29	15	22	3	29	15	34	0	0.031248807907104492	16450	6.9838972091674805	24	99.85410334346504	
9566.279695966012	22.0	3.0	29.0	15.0	81.94179244533034	329	6	22	3	29	15	22	3	29	15	34	0	0.0	16500	6.9838972091674805	24	99.85454545454546	
9566.279695966012	22.0	3.0	29.0	15.0	81.94179244533034	330	6	22	3	29	15	22	3	29	15	34	0	0.015623092651367188	16550	6.999520301818848	24	99.85498489425981	
9566.279695966012	22.0	3.0	29.0	15.0	81.94179244533034	331	6	22	3	29	15	22	3	29	15	34	0	0.01562356948852539	16600	7.015143871307373	24	99.855421686747	
9566.279695966012	22.0	3.0	29.0	15.0	81.94179244533034	332	6	22	3	29	15	22	3	29	15	34	0	0.0	16650	7.015143871307373	24	99.85585585585585	
9566.279695966012	22.0	3.0	29.0	15.0	81.94179244533034	333	6	22	3	29	15	22	3	29	15	34	0	0.015624284744262695	16700	7.030768156051636	24	99.8562874251497	
9566.279695966012	22.0	3.0	29.0	15.0	81.94179244533034	334	6	22	3	29	15	22	3	29	15	34	0	0.01562356948852539	16750	7.046391725540161	24	99.85671641791045	
9566.279695966012	22.0	3.0	29.0	15.0	81.94179244533034	335	6	22	3	29	15	22	3	29	15	34	0	0.015624046325683594	16800	7.062015771865845	24	99.85714285714286	
9566.279695966012	22.0	3.0	29.0	15.0	81.94179244533034	336	6	22	3	29	15	22	3	29	15	34	0	0.015624046325683594	16850	7.077639818191528	24	99.85756676557864	
9566.279695966012	22.0	3.0	29.0	15.0	81.94179244533034	337	6	22	3	29	15	22	3	29	15	34	0	0.015624046325683594	16900	7.093263864517212	24	99.85798816568047	
9566.279695966012	22.0	3.0	29.0	15.0	81.94179244533034	338	6	22	3	29	15	22	3	29	15	34	0	0.03124713897705078	16950	7.124511003494263	24	99.85840707964601	
9566.279695966012	22.0	3.0	29.0	15.0	81.94179244533034	339	6	22	3	29	15	22	3	29	15	34	0	0.015624284744262695	17000	7.140135288238525	24	99.85882352941177	
9566.279695966012	22.0	3.0	29.0	15.0	81.94179244533034	340	6	22	3	29	15	22	3	29	15	34	0	0.015624046325683594	17050	7.155759334564209	24	99.85923753665689	
9566.279695966012	22.0	3.0	29.0	15.0	81.94179244533034	341	6	22	3	29	15	22	3	29	15	34	0	0.015623807907104492	17100	7.1713831424713135	24	99.85964912280701	
9566.279695966012	22.0	3.0	29.0	15.0	81.94179244533034	342	6	22	3	29	15	22	3	29	15	34	0	0.015624046325683594	17150	7.187007188796997	24	99.8600583090379	
9566.279695966012	22.0	3.0	29.0	15.0	81.94179244533034	343	6	22	3	29	15	22	3	29	15	34	0	0.015625476837158203	17200	7.202632665634155	24	99.86046511627907	
9566.279695966012	22.0	3.0	29.0	15.0	81.94179244533034	344	6	22	3	29	15	22	3	29	15	34	0	0.01562356948852539	17250	7.218256235122681	24	99.86086956521739	
9566.279695966012	22.0	3.0	29.0	15.0	81.94179244533034	345	6	22	3	29	15	22	3	29	15	34	0	0.015623807907104492	17300	7.233880043029785	24	99.86127167630057	
9566.279695966012	22.0	3.0	29.0	15.0	81.94179244533034	346	6	22	3	29	15	22	3	29	15	34	0	0.015623092651367188	17350	7.249503135681152	24	99.86167146974063	
9566.279695966012	22.0	3.0	29.0	15.0	81.94179244533034	347	6	22	3	29	15	22	3	29	15	34	0	0.015623331069946289	17400	7.265126466751099	24	99.86206896551724	
9566.279695966012	22.0	3.0	29.0	15.0	81.94179244533034	348	6	22	3	29	15	22	3	29	15	34	0	0.031248092651367188	17450	7.296374559402466	24	99.86246418338109	
9566.279695966012	22.0	3.0	29.0	15.0	81.94179244533034	349	6	22	3	29	15	22	3	29	15	34	0	0.015624284744262695	17500	7.3119988441467285	24	99.86285714285714	
9566.279695966012	22.0	3.0	29.0	15.0	81.94179244533034	350	6	22	3	29	15	22	3	29	15	34	0	0.0	17550	7.3119988441467285	24	99.86324786324786	
9566.279695966012	22.0	3.0	29.0	15.0	81.94179244533034	351	6	22	3	29	15	22	3	29	15	34	0	0.031247615814208984	17600	7.3432464599609375	24	99.86363636363636	
9566.279695966012	22.0	3.0	29.0	15.0	81.94179244533034	352	6	22	3	29	15	22	3	29	15	34	0	0.015624046325683594	17650	7.358870506286621	24	99.86402266288952	
9566.279695966012	22.0	3.0	29.0	15.0	81.94179244533034	353	6	22	3	29	15	22	3	29	15	34	0	0.01562356948852539	17700	7.3744940757751465	24	99.86440677966101	
9566.279695966012	22.0	3.0	29.0	15.0	81.94179244533034	354	6	22	3	29	15	22	3	29	15	34	0	0.015624284744262695	17750	7.390118360519409	24	99.86478873239436	
9566.279695966012	22.0	3.0	29.0	15.0	81.94179244533034	355	6	22	3	29	15	22	3	29	15	34	0	0.015623807907104492	17800	7.405742168426514	24	99.86516853932584	
9566.279695966012	22.0	3.0	29.0	15.0	81.94179244533034	356	6	22	3	29	15	22	3	29	15	34	0	0.015624284744262695	17850	7.421366453170776	24	99.8655462184874	
9566.279695966012	22.0	3.0	29.0	15.0	81.94179244533034	357	6	22	3	29	15	22	3	29	15	34	0	0.015623807907104492	17900	7.436990261077881	24	99.8659217877095	
9566.279695966012	22.0	3.0	29.0	15.0	81.94179244533034	358	6	22	3	29	15	22	3	29	15	34	0	0.015624046325683594	17950	7.4526143074035645	24	99.86629526462396	
9566.279695966012	22.0	3.0	29.0	15.0	81.94179244533034	359	6	22	3	29	15	22	3	29	15	34	0	0.01562356948852539	18000	7.46823787689209	24	99.86666666666666	
9566.279695966012	22.0	3.0	29.0	15.0	81.94179244533034	360	6	22	3	29	15	22	3	29	15	34	0	0.015625	18050	7.48386287689209	24	99.86703601108033	
9566.279695966012	22.0	3.0	29.0	15.0	81.94179244533034	361	6	22	3	29	15	22	3	29	15	34	0	0.015622854232788086	18100	7.499485731124878	24	99.86740331491713	
9566.279695966012	22.0	3.0	29.0	15.0	81.94179244533034	362	6	22	3	29	15	22	3	29	15	34	0	0.01562356948852539	18150	7.515109300613403	24	99.86776859504133	
9566.279695966012	22.0	3.0	29.0	15.0	81.94179244533034	363	6	22	3	29	15	22	3	29	15	34	0	0.0	18200	7.515109300613403	24	99.86813186813187	
9566.279695966012	22.0	3.0	29.0	15.0	81.94179244533034	364	6	22	3	29	15	22	3	29	15	34	0	0.015625	18250	7.530734300613403	24	99.86849315068493	
9566.279695966012	22.0	3.0	29.0	15.0	81.94179244533034	365	6	22	3	29	15	22	3	29	15	34	0	0.015623331069946289	18300	7.54635763168335	24	99.8688524590164	
9566.279695966012	22.0	3.0	29.0	15.0	81.94179244533034	366	6	22	3	29	15	22	3	29	15	34	0	0.015624046325683594	18350	7.561981678009033	24	99.8692098092643	
9566.279695966012	22.0	3.0	29.0	15.0	81.94179244533034	367	6	22	3	29	15	22	3	29	15	34	0	0.01562356948852539	18400	7.577605247497559	24	99.8695652173913	
9566.279695966012	22.0	3.0	29.0	15.0	81.94179244533034	368	6	22	3	29	15	22	3	29	15	34	0	0.015624523162841797	18450	7.5932297706604	24	99.869918699187	
9566.279695966012	22.0	3.0	29.0	15.0	81.94179244533034	369	6	22	3	29	15	22	3	29	15	34	0	0.0	18500	7.5932297706604	24	99.87027027027027	
9566.279695966012	22.0	3.0	29.0	15.0	81.94179244533034	370	6	22	3	29	15	22	3	29	15	34	0	0.015623807907104492	18550	7.608853578567505	24	99.87061994609165	
9566.279695966012	22.0	3.0	29.0	15.0	81.94179244533034	371	6	22	3	29	15	22	3	29	15	34	0	0.031248807907104492	18600	7.640102386474609	24	99.87096774193549	
9566.279695966012	22.0	3.0	29.0	15.0	81.94179244533034	372	6	22	3	29	15	22	3	29	15	34	0	0.015622854232788086	18650	7.6557252407073975	24	99.87131367292226	
9566.279695966012	22.0	3.0	29.0	15.0	81.94179244533034	373	6	22	3	29	15	22	3	29	15	34	0	0.015624523162841797	18700	7.671349763870239	24	99.8716577540107	
9566.279695966012	22.0	3.0	29.0	15.0	81.94179244533034	374	6	22	3	29	15	22	3	29	15	34	0	0.0	18750	7.671349763870239	24	99.872	
9566.279695966012	22.0	3.0	29.0	15.0	81.94179244533034	375	6	22	3	29	15	22	3	29	15	34	0	0.015623092651367188	18800	7.6869728565216064	24	99.87234042553192	
9566.279695966012	22.0	3.0	29.0	15.0	81.94179244533034	376	6	22	3	29	15	22	3	29	15	34	0	0.015624046325683594	18850	7.70259690284729	24	99.87267904509284	
9566.279695966012	22.0	3.0	29.0	15.0	81.94179244533034	377	6	22	3	29	15	22	3	29	15	34	0	0.015624284744262695	18900	7.718221187591553	24	99.87301587301587	
9566.279695966012	22.0	3.0	29.0	15.0	81.94179244533034	378	6	22	3	29	15	22	3	29	15	34	0	0.015623807907104492	18950	7.733844995498657	24	99.87335092348285	
9566.279695966012	22.0	3.0	29.0	15.0	81.94179244533034	379	6	22	3	29	15	22	3	29	15	34	0	0.015624046325683594	19000	7.749469041824341	24	99.87368421052632	
9566.279695966012	22.0	3.0	29.0	15.0	81.94179244533034	380	6	22	3	29	15	22	3	29	15	34	0	0.015624046325683594	19050	7.765093088150024	24	99.8740157480315	
9566.279695966012	22.0	3.0	29.0	15.0	81.94179244533034	381	6	22	3	29	15	22	3	29	15	34	0	0.01562356948852539	19100	7.78071665763855	24	99.87434554973822	
9566.279695966012	22.0	3.0	29.0	15.0	81.94179244533034	382	6	22	3	29	15	22	3	29	15	34	0	0.015624046325683594	19150	7.796340703964233	24	99.87467362924282	
9566.279695966012	22.0	3.0	29.0	15.0	81.94179244533034	383	6	22	3	29	15	22	3	29	15	34	0	0.01562356948852539	19200	7.811964273452759	24	99.875	
9566.279695966012	22.0	3.0	29.0	15.0	81.94179244533034	384	6	22	3	29	15	22	3	29	15	34	0	0.015625476837158203	19250	7.827589750289917	24	99.87532467532468	
9566.279695966012	22.0	3.0	29.0	15.0	81.94179244533034	385	6	22	3	29	15	22	3	29	15	34	0	0.015622377395629883	19300	7.843212127685547	24	99.87564766839378	
9566.279695966012	22.0	3.0	29.0	15.0	81.94179244533034	386	6	22	3	29	15	22	3	29	15	34	0	0.015624523162841797	19350	7.858836650848389	24	99.87596899224806	
9566.279695966012	22.0	3.0	29.0	15.0	81.94179244533034	387	6	22	3	29	15	22	3	29	15	34	0	0.01562356948852539	19400	7.874460220336914	24	99.87628865979381	
9566.279695966012	22.0	3.0	29.0	15.0	81.94179244533034	388	6	22	3	29	15	22	3	29	15	34	0	0.015624046325683594	19450	7.890084266662598	24	99.87660668380462	
9566.279695966012	22.0	3.0	29.0	15.0	81.94179244533034	389	6	22	3	29	15	22	3	29	15	34	0	0.015624046325683594	19500	7.905708312988281	24	99.87692307692308	
9566.279695966012	22.0	3.0	29.0	15.0	81.94179244533034	390	6	22	3	29	15	22	3	29	15	34	0	0.015623807907104492	19550	7.921332120895386	24	99.8772378516624	
9566.279695966012	22.0	3.0	29.0	15.0	81.94179244533034	391	6	22	3	29	15	22	3	29	15	34	0	0.015624284744262695	19600	7.936956405639648	24	99.87755102040816	
9566.279695966012	22.0	3.0	29.0	15.0	81.94179244533034	392	6	22	3	29	15	22	3	29	15	34	0	0.0	19650	7.936956405639648	24	99.87786259541984	
9566.279695966012	22.0	3.0	29.0	15.0	81.94179244533034	393	6	22	3	29	15	22	3	29	15	34	0	0.01562356948852539	19700	7.952579975128174	24	99.87817258883248	
9566.279695966012	22.0	3.0	29.0	15.0	81.94179244533034	394	6	22	3	29	15	22	3	29	15	34	0	0.015623331069946289	19750	7.96820330619812	24	99.87848101265823	
9566.279695966012	22.0	3.0	29.0	15.0	81.94179244533034	395	6	22	3	29	15	22	3	29	15	34	0	0.015625476837158203	19800	7.983828783035278	24	99.87878787878788	
9566.279695966012	22.0	3.0	29.0	15.0	81.94179244533034	396	6	22	3	29	15	22	3	29	15	34	0	0.015622138977050781	19850	7.999450922012329	24	99.87909319899245	
9566.279695966012	22.0	3.0	29.0	15.0	81.94179244533034	397	6	22	3	29	15	22	3	29	15	34	0	0.015625476837158203	19900	8.015076398849487	24	99.87939698492463	
9566.279695966012	22.0	3.0	29.0	15.0	81.94179244533034	398	6	22	3	29	15	22	3	29	15	34	0	0.015624523162841797	19950	8.030700922012329	24	99.8796992481203	
9566.279695966012	22.0	3.0	29.0	15.0	81.94179244533034	399	6	22	3	29	15	22	3	29	15	34	0	0.015622615814208984	20000	8.046323537826538	24	99.88	
9566.279695966012	22.0	3.0	29.0	15.0	81.94179244533034	400	6	22	3	29	15	22	3	29	15	34	0	0.0	20050	8.046323537826538	24	99.88029925187033	
9566.279695966012	22.0	3.0	29.0	15.0	81.94179244533034	401	6	22	3	29	15	22	3	29	15	34	0	0.01562356948852539	20100	8.061947107315063	24	99.88059701492537	
9566.279695966012	22.0	3.0	29.0	15.0	81.94179244533034	402	6	22	3	29	15	22	3	29	15	34	0	0.0312497615814209	20150	8.093196868896484	24	99.88089330024813	
9566.279695966012	22.0	3.0	29.0	15.0	81.94179244533034	403	6	22	3	29	15	22	3	29	15	34	0	0.015622138977050781	20200	8.108819007873535	24	99.88118811881188	
9566.279695966012	22.0	3.0	29.0	15.0	81.94179244533034	404	6	22	3	29	15	22	3	29	15	34	0	0.0	20250	8.108819007873535	24	99.88148148148149	
9566.279695966012	22.0	3.0	29.0	15.0	81.94179244533034	405	6	22	3	29	15	22	3	29	15	34	0	0.015624284744262695	20300	8.124443292617798	24	99.88177339901478	
9566.279695966012	22.0	3.0	29.0	15.0	81.94179244533034	406	6	22	3	29	15	22	3	29	15	34	0	0.015624284744262695	20350	8.14006757736206	24	99.88206388206389	
9566.279695966012	22.0	3.0	29.0	15.0	81.94179244533034	407	6	22	3	29	15	22	3	29	15	34	0	0.015623331069946289	20400	8.155690908432007	24	99.88235294117646	
9566.279695966012	22.0	3.0	29.0	15.0	81.94179244533034	408	6	22	3	29	15	22	3	29	15	34	0	0.01562356948852539	20450	8.171314477920532	24	99.88264058679707	
9566.279695966012	22.0	3.0	29.0	15.0	81.94179244533034	409	6	22	3	29	15	22	3	29	15	34	0	0.015624284744262695	20500	8.186938762664795	24	99.8829268292683	
9566.279695966012	22.0	3.0	29.0	15.0	81.94179244533034	410	6	22	3	29	15	22	3	29	15	34	0	0.01562356948852539	20550	8.20256233215332	24	99.88321167883211	
9566.279695966012	22.0	3.0	29.0	15.0	81.94179244533034	411	6	22	3	29	15	22	3	29	15	34	0	0.015624284744262695	20600	8.218186616897583	24	99.88349514563107	
9566.279695966012	22.0	3.0	29.0	15.0	81.94179244533034	412	6	22	3	29	15	22	3	29	15	34	0	0.0	20650	8.218186616897583	24	99.88377723970945	
9566.279695966012	22.0	3.0	29.0	15.0	81.94179244533034	413	6	22	3	29	15	22	3	29	15	34	0	0.015624284744262695	20700	8.233810901641846	24	99.8840579710145	
9566.279695966012	22.0	3.0	29.0	15.0	81.94179244533034	414	6	22	3	29	15	22	3	29	15	34	0	0.015623807907104492	20750	8.24943470954895	24	99.8843373493976	
9566.279695966012	22.0	3.0	29.0	15.0	81.94179244533034	415	6	22	3	29	15	22	3	29	15	34	0	0.0	20800	8.24943470954895	24	99.88461538461539	
9566.279695966012	22.0	3.0	29.0	15.0	81.94179244533034	416	6	22	3	29	15	22	3	29	15	34	0	0.01562356948852539	20850	8.265058279037476	24	99.88489208633094	
9566.279695966012	22.0	3.0	29.0	15.0	81.94179244533034	417	6	22	3	29	15	22	3	29	15	34	0	0.015624284744262695	20900	8.280682563781738	24	99.88516746411483	
9566.279695966012	22.0	3.0	29.0	15.0	81.94179244533034	418	6	22	3	29	15	22	3	29	15	34	0	0.01562356948852539	20950	8.296306133270264	24	99.8854415274463	
9566.279695966012	22.0	3.0	29.0	15.0	81.94179244533034	419	6	22	3	29	15	22	3	29	15	34	0	0.015624046325683594	21000	8.311930179595947	24	99.88571428571429	
9566.279695966012	22.0	3.0	29.0	15.0	81.94179244533034	420	6	22	3	29	15	22	3	29	15	34	0	0.015624284744262695	21050	8.32755446434021	24	99.88598574821853	
9566.279695966012	22.0	3.0	29.0	15.0	81.94179244533034	421	6	22	3	29	15	22	3	29	15	34	0	0.015625	21100	8.34317946434021	24	99.88625592417061	
9566.279695966012	22.0	3.0	29.0	15.0	81.94179244533034	422	6	22	3	29	15	22	3	29	15	34	0	0.031246423721313477	21150	8.374425888061523	24	99.88652482269504	
9566.279695966012	22.0	3.0	29.0	15.0	81.94179244533034	423	6	22	3	29	15	22	3	29	15	34	0	0.015624046325683594	21200	8.390049934387207	24	99.88679245283019	
9566.279695966012	22.0	3.0	29.0	15.0	81.94179244533034	424	6	22	3	29	15	22	3	29	15	34	0	0.015624046325683594	21250	8.40567398071289	24	99.88705882352942	
9566.279695966012	22.0	3.0	29.0	15.0	81.94179244533034	425	6	22	3	29	15	22	3	29	15	34	0	0.0	21300	8.40567398071289	24	99.88732394366197	
9566.279695966012	22.0	3.0	29.0	15.0	81.94179244533034	426	6	22	3	29	15	22	3	29	15	34	0	0.015624761581420898	21350	8.421298742294312	24	99.88758782201405	
9566.279695966012	22.0	3.0	29.0	15.0	81.94179244533034	427	6	22	3	29	15	22	3	29	15	34	0	0.015622854232788086	21400	8.4369215965271	24	99.88785046728972	
9566.279695966012	22.0	3.0	29.0	15.0	81.94179244533034	428	6	22	3	29	15	22	3	29	15	34	0	0.015624523162841797	21450	8.452546119689941	24	99.8881118881119	
9566.279695966012	22.0	3.0	29.0	15.0	81.94179244533034	429	6	22	3	29	15	22	3	29	15	34	0	0.015623331069946289	21500	8.468169450759888	24	99.88837209302325	
9566.279695966012	22.0	3.0	29.0	15.0	81.94179244533034	430	6	22	3	29	15	22	3	29	15	34	0	0.015624046325683594	21550	8.483793497085571	24	99.88863109048724	
9566.279695966012	22.0	3.0	29.0	15.0	81.94179244533034	431	6	22	3	29	15	22	3	29	15	34	0	0.015624284744262695	21600	8.499417781829834	24	99.88888888888889	
9566.279695966012	22.0	3.0	29.0	15.0	81.94179244533034	432	6	22	3	29	15	22	3	29	15	34	0	0.0	21650	8.499417781829834	24	99.8891454965358	
9566.279695966012	22.0	3.0	29.0	15.0	81.94179244533034	433	6	22	3	29	15	22	3	29	15	34	0	0.015622854232788086	21700	8.515040636062622	24	99.88940092165899	
9566.279695966012	22.0	3.0	29.0	15.0	81.94179244533034	434	6	22	3	29	15	22	3	29	15	34	0	0.015624761581420898	21750	8.530665397644043	24	99.8896551724138	
9566.279695966012	22.0	3.0	29.0	15.0	81.94179244533034	435	6	22	3	29	15	22	3	29	15	34	0	0.015623807907104492	21800	8.546289205551147	24	99.88990825688073	
9566.279695966012	22.0	3.0	29.0	15.0	81.94179244533034	436	6	22	3	29	15	22	3	29	15	34	0	0.015623807907104492	21850	8.561913013458252	24	99.89016018306636	
9566.279695966012	22.0	3.0	29.0	15.0	81.94179244533034	437	6	22	3	29	15	22	3	29	15	34	0	0.015624046325683594	21900	8.577537059783936	24	99.89041095890411	
9566.279695966012	22.0	3.0	29.0	15.0	81.94179244533034	438	6	22	3	29	15	22	3	29	15	34	0	0.0	21950	8.577537059783936	24	99.89066059225513	
9566.279695966012	22.0	3.0	29.0	15.0	81.94179244533034	439	6	22	3	29	15	22	3	29	15	34	0	0.0156252384185791	22000	8.593162298202515	24	99.89090909090909	
9566.279695966012	22.0	3.0	29.0	15.0	81.94179244533034	440	6	22	3	29	15	22	3	29	15	34	0	0.015622138977050781	22050	8.608784437179565	24	99.89115646258503	
9566.279695966012	22.0	3.0	29.0	15.0	81.94179244533034	441	6	22	3	29	15	22	3	29	15	34	0	0.015625476837158203	22100	8.624409914016724	24	99.89140271493213	
9566.279695966012	22.0	3.0	29.0	15.0	81.94179244533034	442	6	22	3	29	15	22	3	29	15	34	0	0.01562356948852539	22150	8.640033483505249	24	99.89164785553048	
9566.279695966012	22.0	3.0	29.0	15.0	81.94179244533034	443	6	22	3	29	15	22	3	29	15	34	0	0.015625476837158203	22200	8.655658960342407	24	99.89189189189189	
9566.279695966012	22.0	3.0	29.0	15.0	81.94179244533034	444	6	22	3	29	15	22	3	29	15	34	0	0.015622377395629883	22250	8.671281337738037	24	99.89213483146068	
9566.279695966012	22.0	3.0	29.0	15.0	81.94179244533034	445	6	22	3	29	15	22	3	29	15	34	0	0.015624761581420898	22300	8.686906099319458	24	99.89237668161435	
9566.279695966012	22.0	3.0	29.0	15.0	81.94179244533034	446	6	22	3	29	15	22	3	29	15	34	0	0.015622615814208984	22350	8.702528715133667	24	99.89261744966443	
9566.279695966012	22.0	3.0	29.0	15.0	81.94179244533034	447	6	22	3	29	15	22	3	29	15	34	0	0.015623807907104492	22400	8.718152523040771	24	99.89285714285714	
9566.279695966012	22.0	3.0	29.0	15.0	81.94179244533034	448	6	22	3	29	15	22	3	29	15	34	0	0.015624284744262695	22450	8.733776807785034	24	99.89309576837417	
9566.279695966012	22.0	3.0	29.0	15.0	81.94179244533034	449	6	22	3	29	15	22	3	29	15	34	0	0.015623331069946289	22500	8.74940013885498	24	99.89333333333333	
9566.279695966012	22.0	3.0	29.0	15.0	81.94179244533034	450	6	22	3	29	15	22	3	29	15	34	0	0.015624523162841797	22550	8.765024662017822	24	99.89356984478935	
9566.279695966012	22.0	3.0	29.0	15.0	81.94179244533034	451	6	22	3	29	15	22	3	29	15	34	0	0.015623092651367188	22600	8.78064775466919	24	99.89380530973452	
9566.279695966012	22.0	3.0	29.0	15.0	81.94179244533034	452	6	22	3	29	15	22	3	29	15	34	0	0.015624523162841797	22650	8.796272277832031	24	99.89403973509934	
9566.279695966012	22.0	3.0	29.0	15.0	81.94179244533034	453	6	22	3	29	15	22	3	29	15	34	0	0.015624046325683594	22700	8.811896324157715	24	99.89427312775331	
9566.279695966012	22.0	3.0	29.0	15.0	81.94179244533034	454	6	22	3	29	15	22	3	29	15	34	0	0.015623807907104492	22750	8.82752013206482	24	99.8945054945055	
9566.279695966012	22.0	3.0	29.0	15.0	81.94179244533034	455	6	22	3	29	15	22	3	29	15	34	0	0.015625	22800	8.84314513206482	24	99.89473684210526	
9566.279695966012	22.0	3.0	29.0	15.0	81.94179244533034	456	6	22	3	29	15	22	3	29	15	34	0	0.015622854232788086	22850	8.858767986297607	24	99.89496717724289	
9566.279695966012	22.0	3.0	29.0	15.0	81.94179244533034	457	6	22	3	29	15	22	3	29	15	34	0	0.015624523162841797	22900	8.87439250946045	24	99.89519650655022	
9566.279695966012	22.0	3.0	29.0	15.0	81.94179244533034	458	6	22	3	29	15	22	3	29	15	34	0	0.015623092651367188	22950	8.890015602111816	24	99.89542483660131	
9566.279695966012	22.0	3.0	29.0	15.0	81.94179244533034	459	6	22	3	29	15	22	3	29	15	34	0	0.015624046325683594	23000	8.9056396484375	24	99.89565217391305	
9566.279695966012	22.0	3.0	29.0	15.0	81.94179244533034	460	6	22	3	29	15	22	3	29	15	34	0	0.015624284744262695	23050	8.921263933181763	24	99.89587852494577	
9566.279695966012	22.0	3.0	29.0	15.0	81.94179244533034	461	6	22	3	29	15	22	3	29	15	34	0	0.0	23100	8.921263933181763	24	99.8961038961039	
9566.279695966012	22.0	3.0	29.0	15.0	81.94179244533034	462	6	22	3	29	15	22	3	29	15	34	0	0.015624046325683594	23150	8.936887979507446	24	99.8963282937365	
9566.279695966012	22.0	3.0	29.0	15.0	81.94179244533034	463	6	22	3	29	15	22	3	29	15	34	0	0.031247615814208984	23200	8.968135595321655	24	99.89655172413794	
9566.279695966012	22.0	3.0	29.0	15.0	81.94179244533034	464	6	22	3	29	15	22	3	29	15	34	0	0.015623807907104492	23250	8.98375940322876	24	99.89677419354838	
9566.279695966012	22.0	3.0	29.0	15.0	81.94179244533034	465	6	22	3	29	15	22	3	29	15	34	0	0.015623807907104492	23300	8.999383211135864	24	99.8969957081545	
9566.279695966012	22.0	3.0	29.0	15.0	81.94179244533034	466	6	22	3	29	15	22	3	29	15	34	0	0.015624761581420898	23350	9.015007972717285	24	99.89721627408994	
9566.279695966012	22.0	3.0	29.0	15.0	81.94179244533034	467	6	22	3	29	15	22	3	29	15	34	0	0.015623331069946289	23400	9.030631303787231	24	99.8974358974359	
9566.279695966012	22.0	3.0	29.0	15.0	81.94179244533034	468	6	22	3	29	15	22	3	29	15	34	0	0.015624284744262695	23450	9.046255588531494	24	99.89765458422175	
9566.279695966012	22.0	3.0	29.0	15.0	81.94179244533034	469	6	22	3	29	15	22	3	29	15	34	0	0.01562356948852539	23500	9.06187915802002	24	99.89787234042554	
9566.279695966012	22.0	3.0	29.0	15.0	81.94179244533034	470	6	22	3	29	15	22	3	29	15	34	0	0.015623807907104492	23550	9.077502965927124	24	99.89808917197452	
9566.279695966012	22.0	3.0	29.0	15.0	81.94179244533034	471	6	22	3	29	15	22	3	29	15	34	0	0.015623807907104492	23600	9.093126773834229	24	99.89830508474576	
9566.279695966012	22.0	3.0	29.0	15.0	81.94179244533034	472	6	22	3	29	15	22	3	29	15	34	0	0.015623331069946289	23650	9.108750104904175	24	99.8985200845666	
9566.279695966012	22.0	3.0	29.0	15.0	81.94179244533034	473	6	22	3	29	15	22	3	29	15	34	0	0.0156252384185791	23700	9.124375343322754	24	99.89873417721519	
9566.279695966012	22.0	3.0	29.0	15.0	81.94179244533034	474	6	22	3	29	15	22	3	29	15	34	0	0.015624523162841797	23750	9.139999866485596	24	99.89894736842105	
9566.279695966012	22.0	3.0	29.0	15.0	81.94179244533034	475	6	22	3	29	15	22	3	29	15	34	0	0.015622138977050781	23800	9.155622005462646	24	99.89915966386555	
9566.279695966012	22.0	3.0	29.0	15.0	81.94179244533034	476	6	22	3	29	15	22	3	29	15	34	0	0.03124833106994629	23850	9.186870336532593	24	99.8993710691824	
9566.279695966012	22.0	3.0	29.0	15.0	81.94179244533034	477	6	22	3	29	15	22	3	29	15	34	0	0.015624046325683594	23900	9.202494382858276	24	99.89958158995816	
9566.279695966012	22.0	3.0	29.0	15.0	81.94179244533034	478	6	22	3	29	15	22	3	29	15	34	0	0.0	23950	9.202494382858276	24	99.89979123173278	
9566.279695966012	22.0	3.0	29.0	15.0	81.94179244533034	479	6	22	3	29	15	22	3	29	15	34	0	0.015624046325683594	24000	9.21811842918396	24	99.9	
9566.279695966012	22.0	3.0	29.0	15.0	81.94179244533034	480	6	22	3	29	15	22	3	29	15	34	0	0.01562356948852539	24050	9.233741998672485	24	99.9002079002079	
9566.279695966012	22.0	3.0	29.0	15.0	81.94179244533034	481	6	22	3	29	15	22	3	29	15	34	0	0.015624046325683594	24100	9.249366044998169	24	99.90041493775934	
9566.279695966012	22.0	3.0	29.0	15.0	81.94179244533034	482	6	22	3	29	15	22	3	29	15	34	0	0.015624284744262695	24150	9.264990329742432	24	99.90062111801242	
9566.279695966012	22.0	3.0	29.0	15.0	81.94179244533034	483	6	22	3	29	15	22	3	29	15	34	0	0.0	24200	9.264990329742432	24	99.90082644628099	
9566.279695966012	22.0	3.0	29.0	15.0	81.94179244533034	484	6	22	3	29	15	22	3	29	15	34	0	0.015624046325683594	24250	9.280614376068115	24	99.90103092783505	
9566.279695966012	22.0	3.0	29.0	15.0	81.94179244533034	485	6	22	3	29	15	22	3	29	15	34	0	0.01562356948852539	24300	9.29623794555664	24	99.90123456790124	
9566.279695966012	22.0	3.0	29.0	15.0	81.94179244533034	486	6	22	3	29	15	22	3	29	15	34	0	0.015624046325683594	24350	9.311861991882324	24	99.90143737166325	
9566.279695966012	22.0	3.0	29.0	15.0	81.94179244533034	487	6	22	3	29	15	22	3	29	15	34	0	0.0	24400	9.311861991882324	24	99.90163934426229	
9566.279695966012	22.0	3.0	29.0	15.0	81.94179244533034	488	6	22	3	29	15	22	3	29	15	34	0	0.015624046325683594	24450	9.327486038208008	24	99.90184049079754	
9566.279695966012	22.0	3.0	29.0	15.0	81.94179244533034	489	6	22	3	29	15	22	3	29	15	34	0	0.01562356948852539	24500	9.343109607696533	24	99.90204081632653	
9566.279695966012	22.0	3.0	29.0	15.0	81.94179244533034	490	6	22	3	29	15	22	3	29	15	34	0	0.015624046325683594	24550	9.358733654022217	24	99.90224032586558	
9566.279695966012	22.0	3.0	29.0	15.0	81.94179244533034	491	6	22	3	29	15	22	3	29	15	34	0	0.015623807907104492	24600	9.374357461929321	24	99.90243902439025	
9566.279695966012	22.0	3.0	29.0	15.0	81.94179244533034	492	6	22	3	29	15	22	3	29	15	34	0	0.015625953674316406	24650	9.389983415603638	24	99.9026369168357	
9566.279695966012	22.0	3.0	29.0	15.0	81.94179244533034	493	6	22	3	29	15	22	3	29	15	34	0	0.01562190055847168	24700	9.40560531616211	24	99.90283400809717	
9566.279695966012	22.0	3.0	29.0	15.0	81.94179244533034	494	6	22	3	29	15	22	3	29	15	34	0	0.0156252384185791	24750	9.421230554580688	24	99.9030303030303	
9566.279695966012	22.0	3.0	29.0	15.0	81.94179244533034	495	6	22	3	29	15	22	3	29	15	34	0	0.015622854232788086	24800	9.436853408813477	24	99.90322580645162	
9566.279695966012	22.0	3.0	29.0	15.0	81.94179244533034	496	6	22	3	29	15	22	3	29	15	34	0	0.0156252384185791	24850	9.452478647232056	24	99.90342052313883	
9566.279695966012	22.0	3.0	29.0	15.0	81.94179244533034	497	6	22	3	29	15	22	3	29	15	34	0	0.0	24900	9.452478647232056	24	99.90361445783132	
9566.279695966012	22.0	3.0	29.0	15.0	81.94179244533034	498	6	22	3	29	15	22	3	29	15	34	0	0.015622377395629883	24950	9.468101024627686	24	99.90380761523046	
9566.279695966012	22.0	3.0	29.0	15.0	81.94179244533034	499	6	22	3	29	15	22	3	29	15	34	0	0.015624523162841797	25000	9.483725547790527	24	99.904	
9566.279695966012	22.0	3.0	29.0	15.0	81.94179244533034	500	6	22	3	29	15	22	3	29	15	34	0	0.0	25050	9.483725547790527	24	99.90419161676647	
9566.279695966012	22.0	3.0	29.0	15.0	81.94179244533034	501	6	22	3	29	15	22	3	29	15	34	0	0.01562356948852539	25100	9.499349117279053	24	99.90438247011951	
9566.279695966012	22.0	3.0	29.0	15.0	81.94179244533034	502	6	22	3	29	15	22	3	29	15	34	0	0.015624046325683594	25150	9.514973163604736	24	99.90457256461232	
9566.279695966012	22.0	3.0	29.0	15.0	81.94179244533034	503	6	22	3	29	15	22	3	29	15	34	0	0.015623807907104492	25200	9.53059697151184	24	99.9047619047619	
9566.279695966012	22.0	3.0	29.0	15.0	81.94179244533034	504	6	22	3	29	15	22	3	29	15	34	0	0.015624046325683594	25250	9.546221017837524	24	99.9049504950495	
9566.279695966012	22.0	3.0	29.0	15.0	81.94179244533034	505	6	22	3	29	15	22	3	29	15	34	0	0.0	25300	9.546221017837524	24	99.90513833992095	
9566.279695966012	22.0	3.0	29.0	15.0	81.94179244533034	506	6	22	3	29	15	22	3	29	15	34	0	0.015623331069946289	25350	9.56184434890747	24	99.90532544378698	
9566.279695966012	22.0	3.0	29.0	15.0	81.94179244533034	507	6	22	3	29	15	22	3	29	15	34	0	0.015624046325683594	25400	9.577468395233154	24	99.90551181102362	
9566.279695966012	22.0	3.0	29.0	15.0	81.94179244533034	508	6	22	3	29	15	22	3	29	15	34	0	0.015624046325683594	25450	9.593092441558838	24	99.90569744597249	
9566.279695966012	22.0	3.0	29.0	15.0	81.94179244533034	509	6	22	3	29	15	22	3	29	15	34	0	0.015624761581420898	25500	9.608717203140259	24	99.90588235294118	
9566.279695966012	22.0	3.0	29.0	15.0	81.94179244533034	510	6	22	3	29	15	22	3	29	15	34	0	0.0	25550	9.608717203140259	24	99.90606653620353	
9566.279695966012	22.0	3.0	29.0	15.0	81.94179244533034	511	6	22	3	29	15	22	3	29	15	34	0	0.03124713897705078	25600	9.63996434211731	24	99.90625	
9566.279695966012	22.0	3.0	29.0	15.0	81.94179244533034	512	6	22	3	29	15	22	3	29	15	34	0	0.015624046325683594	25650	9.655588388442993	24	99.90643274853801	
9566.279695966012	22.0	3.0	29.0	15.0	81.94179244533034	513	6	22	3	29	15	22	3	29	15	34	0	0.015624046325683594	25700	9.671212434768677	24	99.90661478599222	
9566.279695966012	22.0	3.0	29.0	15.0	81.94179244533034	514	6	22	3	29	15	22	3	29	15	34	0	0.015624284744262695	25750	9.68683671951294	24	99.90679611650485	
9566.279695966012	22.0	3.0	29.0	15.0	81.94179244533034	515	6	22	3	29	15	22	3	29	15	34	0	0.01562356948852539	25800	9.702460289001465	24	99.90697674418605	
9566.279695966012	22.0	3.0	29.0	15.0	81.94179244533034	516	6	22	3	29	15	22	3	29	15	34	0	0.015624046325683594	25850	9.718084335327148	24	99.90715667311412	
9566.279695966012	22.0	3.0	29.0	15.0	81.94179244533034	517	6	22	3	29	15	22	3	29	15	34	0	0.01562356948852539	25900	9.733707904815674	24	99.9073359073359	
9566.279695966012	22.0	3.0	29.0	15.0	81.94179244533034	518	6	22	3	29	15	22	3	29	15	34	0	0.015625476837158203	25950	9.749333381652832	24	99.90751445086705	
9566.279695966012	22.0	3.0	29.0	15.0	81.94179244533034	519	6	22	3	29	15	22	3	29	15	34	0	0.015623092651367188	26000	9.7649564743042	24	99.9076923076923	
9566.279695966012	22.0	3.0	29.0	15.0	81.94179244533034	520	6	22	3	29	15	22	3	29	15	34	0	0.0	26050	9.7649564743042	24	99.90786948176583	
9566.279695966012	22.0	3.0	29.0	15.0	81.94179244533034	521	6	22	3	29	15	22	3	29	15	34	0	0.015624046325683594	26100	9.780580520629883	24	99.9080459770115	
9566.279695966012	22.0	3.0	29.0	15.0	81.94179244533034	522	6	22	3	29	15	22	3	29	15	34	0	0.031247615814208984	26150	9.811828136444092	24	99.90822179732314	
9566.279695966012	22.0	3.0	29.0	15.0	81.94179244533034	523	6	22	3	29	15	22	3	29	15	34	0	0.015623331069946289	26200	9.827451467514038	24	99.90839694656489	
9566.279695966012	22.0	3.0	29.0	15.0	81.94179244533034	524	6	22	3	29	15	22	3	29	15	34	0	0.01562356948852539	26250	9.843075037002563	24	99.90857142857143	
9566.279695966012	22.0	3.0	29.0	15.0	81.94179244533034	525	6	22	3	29	15	22	3	29	15	34	0	0.015624523162841797	26300	9.858699560165405	24	99.90874524714829	
9566.279695966012	22.0	3.0	29.0	15.0	81.94179244533034	526	6	22	3	29	15	22	3	29	15	34	0	0.015624046325683594	26350	9.874323606491089	24	99.9089184060721	
9566.279695966012	22.0	3.0	29.0	15.0	81.94179244533034	527	6	22	3	29	15	22	3	29	15	34	0	0.015624046325683594	26400	9.889947652816772	24	99.9090909090909	
9566.279695966012	22.0	3.0	29.0	15.0	81.94179244533034	528	6	22	3	29	15	22	3	29	15	34	0	0.01562356948852539	26450	9.905571222305298	24	99.90926275992439	
9566.279695966012	22.0	3.0	29.0	15.0	81.94179244533034	529	6	22	3	29	15	22	3	29	15	34	0	0.01562356948852539	26500	9.921194791793823	24	99.90943396226415	
9566.279695966012	22.0	3.0	29.0	15.0	81.94179244533034	530	6	22	3	29	15	22	3	29	15	34	0	0.015624046325683594	26550	9.936818838119507	24	99.909604519774	
9566.279695966012	22.0	3.0	29.0	15.0	81.94179244533034	531	6	22	3	29	15	22	3	29	15	34	0	0.015624523162841797	26600	9.952443361282349	24	99.90977443609023	
9566.279695966012	22.0	3.0	29.0	15.0	81.94179244533034	532	6	22	3	29	15	22	3	29	15	34	0	0.01562356948852539	26650	9.968066930770874	24	99.90994371482176	
9566.279695966012	22.0	3.0	29.0	15.0	81.94179244533034	533	6	22	3	29	15	22	3	29	15	34	0	0.015624284744262695	26700	9.983691215515137	24	99.91011235955057	
9566.279695966012	22.0	3.0	29.0	15.0	81.94179244533034	534	6	22	3	29	15	22	3	29	15	34	0	0.01562356948852539	26750	9.999314785003662	24	99.91028037383178	
9566.279695966012	22.0	3.0	29.0	15.0	81.94179244533034	535	6	22	3	29	15	22	3	29	15	34	0	0.015624046325683594	26800	10.014938831329346	24	99.91044776119404	
9566.279695966012	22.0	3.0	29.0	15.0	81.94179244533034	536	6	22	3	29	15	22	3	29	15	34	0	0.015625	26850	10.030563831329346	24	99.91061452513966	
9566.279695966012	22.0	3.0	29.0	15.0	81.94179244533034	537	6	22	3	29	15	22	3	29	15	34	0	0.015622615814208984	26900	10.046186447143555	24	99.91078066914498	
9566.279695966012	22.0	3.0	29.0	15.0	81.94179244533034	538	6	22	3	29	15	22	3	29	15	34	0	0.015624046325683594	26950	10.061810493469238	24	99.91094619666048	
9566.279695966012	22.0	3.0	29.0	15.0	81.94179244533034	539	6	22	3	29	15	22	3	29	15	34	0	0.015624046325683594	27000	10.077434539794922	24	99.91111111111111	
9566.279695966012	22.0	3.0	29.0	15.0	81.94179244533034	540	6	22	3	29	15	22	3	29	15	34	0	0.015623807907104492	27050	10.093058347702026	24	99.91127541589648	
9566.279695966012	22.0	3.0	29.0	15.0	81.94179244533034	541	6	22	3	29	15	22	3	29	15	34	0	0.0	27100	10.093058347702026	24	99.91143911439114	
9566.279695966012	22.0	3.0	29.0	15.0	81.94179244533034	542	6	22	3	29	15	22	3	29	15	34	0	0.015624284744262695	27150	10.108682632446289	24	99.91160220994475	
9566.279695966012	22.0	3.0	29.0	15.0	81.94179244533034	543	6	22	3	29	15	22	3	29	15	34	0	0.015625	27200	10.124307632446289	24	99.91176470588235	
9566.279695966012	22.0	3.0	29.0	15.0	81.94179244533034	544	6	22	3	29	15	22	3	29	15	34	0	0.031246662139892578	27250	10.155554294586182	24	99.91192660550459	
9566.279695966012	22.0	3.0	29.0	15.0	81.94179244533034	545	6	22	3	29	15	22	3	29	15	34	0	0.015623807907104492	27300	10.171178102493286	24	99.91208791208791	
9566.279695966012	22.0	3.0	29.0	15.0	81.94179244533034	546	6	22	3	29	15	22	3	29	15	34	0	0.015624046325683594	27350	10.18680214881897	24	99.91224862888483	
9566.279695966012	22.0	3.0	29.0	15.0	81.94179244533034	547	6	22	3	29	15	22	3	29	15	34	0	0.015623807907104492	27400	10.202425956726074	24	99.91240875912409	
9566.279695966012	22.0	3.0	29.0	15.0	81.94179244533034	548	6	22	3	29	15	22	3	29	15	34	0	0.015624523162841797	27450	10.218050479888916	24	99.91256830601093	
9566.279695966012	22.0	3.0	29.0	15.0	81.94179244533034	549	6	22	3	29	15	22	3	29	15	34	0	0.015623331069946289	27500	10.233673810958862	24	99.91272727272727	
9566.279695966012	22.0	3.0	29.0	15.0	81.94179244533034	550	6	22	3	29	15	22	3	29	15	34	0	0.015624046325683594	27550	10.249297857284546	24	99.91288566243195	
9566.279695966012	22.0	3.0	29.0	15.0	81.94179244533034	551	6	22	3	29	15	22	3	29	15	34	0	0.0	27600	10.249297857284546	24	99.91304347826087	
9566.279695966012	22.0	3.0	29.0	15.0	81.94179244533034	552	6	22	3	29	15	22	3	29	15	34	0	0.01562356948852539	27650	10.264921426773071	24	99.91320072332731	
9566.279695966012	22.0	3.0	29.0	15.0	81.94179244533034	553	6	22	3	29	15	22	3	29	15	34	0	0.031247615814208984	27700	10.29616904258728	24	99.91335740072202	
9566.279695966012	22.0	3.0	29.0	15.0	81.94179244533034	554	6	22	3	29	15	22	3	29	15	34	0	0.015624523162841797	27750	10.311793565750122	24	99.91351351351351	
9566.279695966012	22.0	3.0	29.0	15.0	81.94179244533034	555	6	22	3	29	15	22	3	29	15	34	0	0.0	27800	10.311793565750122	24	99.9136690647482	
9566.279695966012	22.0	3.0	29.0	15.0	81.94179244533034	556	6	22	3	29	15	22	3	29	15	34	0	0.01562356948852539	27850	10.327417135238647	24	99.91382405745063	
9566.279695966012	22.0	3.0	29.0	15.0	81.94179244533034	557	6	22	3	29	15	22	3	29	15	34	0	0.03124833106994629	27900	10.358665466308594	24	99.91397849462365	
9566.279695966012	22.0	3.0	29.0	15.0	81.94179244533034	558	6	22	3	29	15	22	3	29	15	34	0	0.0	27950	10.358665466308594	24	99.91413237924866	
9566.279695966012	22.0	3.0	29.0	15.0	81.94179244533034	559	6	22	3	29	15	22	3	29	15	34	0	0.015623331069946289	28000	10.37428879737854	24	99.91428571428571	
9566.279695966012	22.0	3.0	29.0	15.0	81.94179244533034	560	6	22	3	29	15	22	3	29	15	34	0	0.0	28050	10.37428879737854	24	99.9144385026738	
9566.279695966012	22.0	3.0	29.0	15.0	81.94179244533034	561	6	22	3	29	15	22	3	29	15	34	0	0.015624761581420898	28100	10.389913558959961	24	99.91459074733096	
9566.279695966012	22.0	3.0	29.0	15.0	81.94179244533034	562	6	22	3	29	15	22	3	29	15	34	0	0.01562356948852539	28150	10.405537128448486	24	99.91474245115452	
9566.279695966012	22.0	3.0	29.0	15.0	81.94179244533034	563	6	22	3	29	15	22	3	29	15	34	0	0.0156252384185791	28200	10.421162366867065	24	99.91489361702128	
9566.279695966012	22.0	3.0	29.0	15.0	81.94179244533034	564	6	22	3	29	15	22	3	29	15	34	0	0.031246423721313477	28250	10.452408790588379	24	99.9150442477876	
9566.279695966012	22.0	3.0	29.0	15.0	81.94179244533034	565	6	22	3	29	15	22	3	29	15	34	0	0.015624284744262695	28300	10.468033075332642	24	99.91519434628975	
9566.279695966012	22.0	3.0	29.0	15.0	81.94179244533034	566	6	22	3	29	15	22	3	29	15	34	0	0.015623331069946289	28350	10.483656406402588	24	99.91534391534391	
9566.279695966012	22.0	3.0	29.0	15.0	81.94179244533034	567	6	22	3	29	15	22	3	29	15	34	0	0.015623807907104492	28400	10.499280214309692	24	99.91549295774648	
9566.279695966012	22.0	3.0	29.0	15.0	81.94179244533034	568	6	22	3	29	15	22	3	29	15	34	0	0.015624523162841797	28450	10.514904737472534	24	99.91564147627416	
9566.279695966012	22.0	3.0	29.0	15.0	81.94179244533034	569	6	22	3	29	15	22	3	29	15	34	0	0.015623807907104492	28500	10.530528545379639	24	99.91578947368421	
9566.279695966012	22.0	3.0	29.0	15.0	81.94179244533034	570	6	22	3	29	15	22	3	29	15	34	0	0.01562356948852539	28550	10.546152114868164	24	99.91593695271453	
9566.279695966012	22.0	3.0	29.0	15.0	81.94179244533034	571	6	22	3	29	15	22	3	29	15	34	0	0.015624523162841797	28600	10.561776638031006	24	99.91608391608392	
9566.279695966012	22.0	3.0	29.0	15.0	81.94179244533034	572	6	22	3	29	15	22	3	29	15	34	0	0.015624046325683594	28650	10.57740068435669	24	99.91623036649214	
9566.279695966012	22.0	3.0	29.0	15.0	81.94179244533034	573	6	22	3	29	15	22	3	29	15	34	0	0.015623807907104492	28700	10.593024492263794	24	99.91637630662021	
9566.279695966012	22.0	3.0	29.0	15.0	81.94179244533034	574	6	22	3	29	15	22	3	29	15	34	0	0.031247377395629883	28750	10.624271869659424	24	99.91652173913043	
9566.279695966012	22.0	3.0	29.0	15.0	81.94179244533034	575	6	22	3	29	15	22	3	29	15	34	0	0.015623807907104492	28800	10.639895677566528	24	99.91666666666667	
9566.279695966012	22.0	3.0	29.0	15.0	81.94179244533034	576	6	22	3	29	15	22	3	29	15	34	0	0.0156252384185791	28850	10.655520915985107	24	99.91681109185441	
9566.279695966012	22.0	3.0	29.0	15.0	81.94179244533034	577	6	22	3	29	15	22	3	29	15	34	0	0.015625476837158203	28900	10.671146392822266	24	99.91695501730104	
9566.279695966012	22.0	3.0	29.0	15.0	81.94179244533034	578	6	22	3	29	15	22	3	29	15	34	0	0.0	28950	10.671146392822266	24	99.91709844559585	
9566.279695966012	22.0	3.0	29.0	15.0	81.94179244533034	579	6	22	3	29	15	22	3	29	15	34	0	0.01562190055847168	29000	10.686768293380737	24	99.91724137931034	
9566.279695966012	22.0	3.0	29.0	15.0	81.94179244533034	580	6	22	3	29	15	22	3	29	15	34	0	0.015623331069946289	29050	10.702391624450684	24	99.91738382099828	
9566.279695966012	22.0	3.0	29.0	15.0	81.94179244533034	581	6	22	3	29	15	22	3	29	15	34	0	0.015624284744262695	29100	10.718015909194946	24	99.91752577319588	
9566.279695966012	22.0	3.0	29.0	15.0	81.94179244533034	582	6	22	3	29	15	22	3	29	15	34	0	0.0	29150	10.718015909194946	24	99.91766723842196	
9566.279695966012	22.0	3.0	29.0	15.0	81.94179244533034	583	6	22	3	29	15	22	3	29	15	34	0	0.03124833106994629	29200	10.749264240264893	24	99.91780821917808	
9566.279695966012	22.0	3.0	29.0	15.0	81.94179244533034	584	6	22	3	29	15	22	3	29	15	34	0	0.015624284744262695	29250	10.764888525009155	24	99.91794871794872	
9566.279695966012	22.0	3.0	29.0	15.0	81.94179244533034	585	6	22	3	29	15	22	3	29	15	34	0	0.01562356948852539	29300	10.78051209449768	24	99.91808873720136	
9566.279695966012	22.0	3.0	29.0	15.0	81.94179244533034	586	6	22	3	29	15	22	3	29	15	34	0	0.01562356948852539	29350	10.796135663986206	24	99.91822827938671	
9566.279695966012	22.0	3.0	29.0	15.0	81.94179244533034	587	6	22	3	29	15	22	3	29	15	34	0	0.015624046325683594	29400	10.81175971031189	24	99.91836734693878	
9566.279695966012	22.0	3.0	29.0	15.0	81.94179244533034	588	6	22	3	29	15	22	3	29	15	34	0	0.015624046325683594	29450	10.827383756637573	24	99.91850594227505	
9566.279695966012	22.0	3.0	29.0	15.0	81.94179244533034	589	6	22	3	29	15	22	3	29	15	34	0	0.015625476837158203	29500	10.843009233474731	24	99.9186440677966	
9566.279695966012	22.0	3.0	29.0	15.0	81.94179244533034	590	6	22	3	29	15	22	3	29	15	34	0	0.01562356948852539	29550	10.858632802963257	24	99.91878172588832	
9566.279695966012	22.0	3.0	29.0	15.0	81.94179244533034	591	6	22	3	29	15	22	3	29	15	34	0	0.01562356948852539	29600	10.874256372451782	24	99.91891891891892	
9566.279695966012	22.0	3.0	29.0	15.0	81.94179244533034	592	6	22	3	29	15	22	3	29	15	34	0	0.01562356948852539	29650	10.889879941940308	24	99.91905564924114	
9566.279695966012	22.0	3.0	29.0	15.0	81.94179244533034	593	6	22	3	29	15	22	3	29	15	34	0	0.031247615814208984	29700	10.921127557754517	24	99.91919191919192	
9566.279695966012	22.0	3.0	29.0	15.0	81.94179244533034	594	6	22	3	29	15	22	3	29	15	34	0	0.015623807907104492	29750	10.936751365661621	24	99.91932773109244	
9566.279695966012	22.0	3.0	29.0	15.0	81.94179244533034	595	6	22	3	29	15	22	3	29	15	34	0	0.015624761581420898	29800	10.952376127243042	24	99.91946308724832	
9566.279695966012	22.0	3.0	29.0	15.0	81.94179244533034	596	6	22	3	29	15	22	3	29	15	34	0	0.015623092651367188	29850	10.96799921989441	24	99.91959798994975	
9566.279695966012	22.0	3.0	29.0	15.0	81.94179244533034	597	6	22	3	29	15	22	3	29	15	34	0	0.01562356948852539	29900	10.983622789382935	24	99.91973244147157	
9566.279695966012	22.0	3.0	29.0	15.0	81.94179244533034	598	6	22	3	29	15	22	3	29	15	34	0	0.015624046325683594	29950	10.999246835708618	24	99.91986644407345	
9566.279695966012	22.0	3.0	29.0	15.0	81.94179244533034	599	6	22	3	29	15	22	3	29	15	34	0	0.015623807907104492	30000	11.014870643615723	24	99.92	
9566.279695966012	22.0	3.0	29.0	15.0	81.94179244533034	600	6	22	3	29	15	22	3	29	15	34	0	0.015624523162841797	30050	11.030495166778564	24	99.92013311148087	
9566.279695966012	22.0	3.0	29.0	15.0	81.94179244533034	601	6	22	3	29	15	22	3	29	15	34	0	0.015627145767211914	30100	11.046122312545776	24	99.9202657807309	
9566.279695966012	22.0	3.0	29.0	15.0	81.94179244533034	602	6	22	3	29	15	22	3	29	15	34	0	0.0	30150	11.046122312545776	24	99.92039800995025	
9566.279695966012	22.0	3.0	29.0	15.0	81.94179244533034	603	6	22	3	29	15	22	3	29	15	34	0	0.015622377395629883	30200	11.061744689941406	24	99.9205298013245	
9566.279695966012	22.0	3.0	29.0	15.0	81.94179244533034	604	6	22	3	29	15	22	3	29	15	34	0	0.01562356948852539	30250	11.077368259429932	24	99.9206611570248	
9566.279695966012	22.0	3.0	29.0	15.0	81.94179244533034	605	6	22	3	29	15	22	3	29	15	34	0	0.01562643051147461	30300	11.092994689941406	24	99.92079207920793	
9566.279695966012	22.0	3.0	29.0	15.0	81.94179244533034	606	6	22	3	29	15	22	3	29	15	34	0	0.015622377395629883	30350	11.108617067337036	24	99.92092257001647	
9566.279695966012	22.0	3.0	29.0	15.0	81.94179244533034	607	6	22	3	29	15	22	3	29	15	34	0	0.015623807907104492	30400	11.12424087524414	24	99.92105263157895	
9566.279695966012	22.0	3.0	29.0	15.0	81.94179244533034	608	6	22	3	29	15	22	3	29	15	34	0	0.015624761581420898	30450	11.139865636825562	24	99.92118226600985	
9566.279695966012	22.0	3.0	29.0	15.0	81.94179244533034	609	6	22	3	29	15	22	3	29	15	34	0	0.015621185302734375	30500	11.155486822128296	24	99.92131147540984	
9566.279695966012	22.0	3.0	29.0	15.0	81.94179244533034	610	6	22	3	29	15	22	3	29	15	34	0	0.015624761581420898	30550	11.171111583709717	24	99.9214402618658	
9566.279695966012	22.0	3.0	29.0	15.0	81.94179244533034	611	6	22	3	29	15	22	3	29	15	34	0	0.015622615814208984	30600	11.186734199523926	24	99.92156862745098	
9566.279695966012	22.0	3.0	29.0	15.0	81.94179244533034	612	6	22	3	29	15	22	3	29	15	34	0	0.0	30650	11.186734199523926	24	99.92169657422512	
9566.279695966012	22.0	3.0	29.0	15.0	81.94179244533034	613	6	22	3	29	15	22	3	29	15	34	0	0.0156252384185791	30700	11.202359437942505	24	99.92182410423453	
9566.279695966012	22.0	3.0	29.0	15.0	81.94179244533034	614	6	22	3	29	15	22	3	29	15	34	0	0.015624284744262695	30750	11.217983722686768	24	99.9219512195122	
9566.279695966012	22.0	3.0	29.0	15.0	81.94179244533034	615	6	22	3	29	15	22	3	29	15	34	0	0.031249523162841797	30800	11.24923324584961	24	99.92207792207792	
9566.279695966012	22.0	3.0	29.0	15.0	81.94179244533034	616	6	22	3	29	15	22	3	29	15	34	0	0.015621423721313477	30850	11.264854669570923	24	99.92220421393841	
9566.279695966012	22.0	3.0	29.0	15.0	81.94179244533034	617	6	22	3	29	15	22	3	29	15	34	0	0.0156252384185791	30900	11.280479907989502	24	99.92233009708738	
9566.279695966012	22.0	3.0	29.0	15.0	81.94179244533034	618	6	22	3	29	15	22	3	29	15	34	0	0.0	30950	11.280479907989502	24	99.92245557350566	
9566.279695966012	22.0	3.0	29.0	15.0	81.94179244533034	619	6	22	3	29	15	22	3	29	15	34	0	0.015621423721313477	31000	11.296101331710815	24	99.92258064516129	
9566.279695966012	22.0	3.0	29.0	15.0	81.94179244533034	620	6	22	3	29	15	22	3	29	15	34	0	0.015625715255737305	31050	11.311727046966553	24	99.92270531400966	
9566.279695966012	22.0	3.0	29.0	15.0	81.94179244533034	621	6	22	3	29	15	22	3	29	15	34	0	0.01562190055847168	31100	11.327348947525024	24	99.92282958199357	
9566.279695966012	22.0	3.0	29.0	15.0	81.94179244533034	622	6	22	3	29	15	22	3	29	15	34	0	0.03124856948852539	31150	11.35859751701355	24	99.92295345104334	
9566.279695966012	22.0	3.0	29.0	15.0	81.94179244533034	623	6	22	3	29	15	22	3	29	15	34	0	0.015625	31200	11.37422251701355	24	99.92307692307692	
9566.279695966012	22.0	3.0	29.0	15.0	81.94179244533034	624	6	22	3	29	15	22	3	29	15	34	0	0.015623331069946289	31250	11.389845848083496	24	99.9232	
9566.279695966012	22.0	3.0	29.0	15.0	81.94179244533034	625	6	22	3	29	15	22	3	29	15	34	0	0.015622615814208984	31300	11.405468463897705	24	99.92332268370608	
9566.279695966012	22.0	3.0	29.0	15.0	81.94179244533034	626	6	22	3	29	15	22	3	29	15	34	0	0.015624284744262695	31350	11.421092748641968	24	99.92344497607655	
9566.279695966012	22.0	3.0	29.0	15.0	81.94179244533034	627	6	22	3	29	15	22	3	29	15	34	0	0.015624046325683594	31400	11.436716794967651	24	99.92356687898089	
9566.279695966012	22.0	3.0	29.0	15.0	81.94179244533034	628	6	22	3	29	15	22	3	29	15	34	0	0.015624046325683594	31450	11.452340841293335	24	99.92368839427662	
9566.279695966012	22.0	3.0	29.0	15.0	81.94179244533034	629	6	22	3	29	15	22	3	29	15	34	0	0.01562356948852539	31500	11.46796441078186	24	99.92380952380952	
9566.279695966012	22.0	3.0	29.0	15.0	81.94179244533034	630	6	22	3	29	15	22	3	29	15	34	0	0.015623807907104492	31550	11.483588218688965	24	99.92393026941363	
9566.279695966012	22.0	3.0	29.0	15.0	81.94179244533034	631	6	22	3	29	15	22	3	29	15	34	0	0.015624523162841797	31600	11.499212741851807	24	99.92405063291139	
9566.279695966012	22.0	3.0	29.0	15.0	81.94179244533034	632	6	22	3	29	15	22	3	29	15	34	0	0.015626907348632812	31650	11.51483964920044	24	99.92417061611374	
9566.279695966012	22.0	3.0	29.0	15.0	81.94179244533034	633	6	22	3	29	15	22	3	29	15	34	0	0.015621423721313477	31700	11.530461072921753	24	99.92429022082018	
9566.279695966012	22.0	3.0	29.0	15.0	81.94179244533034	634	6	22	3	29	15	22	3	29	15	34	0	0.015623331069946289	31750	11.5460844039917	24	99.92440944881889	
9566.279695966012	22.0	3.0	29.0	15.0	81.94179244533034	635	6	22	3	29	15	22	3	29	15	34	0	0.015625715255737305	31800	11.561710119247437	24	99.9245283018868	
9566.279695966012	22.0	3.0	29.0	15.0	81.94179244533034	636	6	22	3	29	15	22	3	29	15	34	0	0.015622854232788086	31850	11.577332973480225	24	99.92464678178963	
9566.279695966012	22.0	3.0	29.0	15.0	81.94179244533034	637	6	22	3	29	15	22	3	29	15	34	0	0.015624284744262695	31900	11.592957258224487	24	99.92476489028213	
9566.279695966012	22.0	3.0	29.0	15.0	81.94179244533034	638	6	22	3	29	15	22	3	29	15	34	0	0.015624046325683594	31950	11.608581304550171	24	99.92488262910798	
9566.279695966012	22.0	3.0	29.0	15.0	81.94179244533034	639	6	22	3	29	15	22	3	29	15	34	0	0.015622854232788086	32000	11.624204158782959	24	99.925	
9566.279695966012	22.0	3.0	29.0	15.0	81.94179244533034	640	6	22	3	29	15	22	3	29	15	34	0	0.0156252384185791	32050	11.639829397201538	24	99.92511700468019	
9566.279695966012	22.0	3.0	29.0	15.0	81.94179244533034	641	6	22	3	29	15	22	3	29	15	34	0	0.015623092651367188	32100	11.655452489852905	24	99.92523364485982	
9566.279695966012	22.0	3.0	29.0	15.0	81.94179244533034	642	6	22	3	29	15	22	3	29	15	34	0	0.015624284744262695	32150	11.671076774597168	24	99.9253499222395	
9566.279695966012	22.0	3.0	29.0	15.0	81.94179244533034	643	6	22	3	29	15	22	3	29	15	34	0	0.015623331069946289	32200	11.686700105667114	24	99.92546583850931	
9566.279695966012	22.0	3.0	29.0	15.0	81.94179244533034	644	6	22	3	29	15	22	3	29	15	34	0	0.015623807907104492	32250	11.702323913574219	24	99.92558139534884	
9566.279695966012	22.0	3.0	29.0	15.0	81.94179244533034	645	6	22	3	29	15	22	3	29	15	34	0	0.015624761581420898	32300	11.71794867515564	24	99.92569659442725	
9566.279695966012	22.0	3.0	29.0	15.0	81.94179244533034	646	6	22	3	29	15	22	3	29	15	34	0	0.015623807907104492	32350	11.733572483062744	24	99.9258114374034	
9566.279695966012	22.0	3.0	29.0	15.0	81.94179244533034	647	6	22	3	29	15	22	3	29	15	34	0	0.0	32400	11.733572483062744	24	99.92592592592592	
9566.279695966012	22.0	3.0	29.0	15.0	81.94179244533034	648	6	22	3	29	15	22	3	29	15	34	0	0.015622854232788086	32450	11.749195337295532	24	99.92604006163329	
9566.279695966012	22.0	3.0	29.0	15.0	81.94179244533034	649	6	22	3	29	15	22	3	29	15	34	0	0.015625953674316406	32500	11.764821290969849	24	99.92615384615385	
9566.279695966012	22.0	3.0	29.0	15.0	81.94179244533034	650	6	22	3	29	15	22	3	29	15	34	0	0.01562356948852539	32550	11.780444860458374	24	99.92626728110599	
9566.279695966012	22.0	3.0	29.0	15.0	81.94179244533034	651	6	22	3	29	15	22	3	29	15	34	0	0.0	32600	11.780444860458374	24	99.92638036809817	
9566.279695966012	22.0	3.0	29.0	15.0	81.94179244533034	652	6	22	3	29	15	22	3	29	15	34	0	0.031247377395629883	32650	11.811692237854004	24	99.92649310872895	
9566.279695966012	22.0	3.0	29.0	15.0	81.94179244533034	653	6	22	3	29	15	22	3	29	15	34	0	0.015623331069946289	32700	11.82731556892395	24	99.92660550458716	
9566.279695966012	22.0	3.0	29.0	15.0	81.94179244533034	654	6	22	3	29	15	22	3	29	15	34	0	0.015624523162841797	32750	11.842940092086792	24	99.9267175572519	
9566.279695966012	22.0	3.0	29.0	15.0	81.94179244533034	655	6	22	3	29	15	22	3	29	15	34	0	0.015623092651367188	32800	11.85856318473816	24	99.92682926829268	
9566.279695966012	22.0	3.0	29.0	15.0	81.94179244533034	656	6	22	3	29	15	22	3	29	15	34	0	0.015624523162841797	32850	11.874187707901001	24	99.9269406392694	
9566.279695966012	22.0	3.0	29.0	15.0	81.94179244533034	657	6	22	3	29	15	22	3	29	15	34	0	0.015624046325683594	32900	11.889811754226685	24	99.92705167173253	
9566.279695966012	22.0	3.0	29.0	15.0	81.94179244533034	658	6	22	3	29	15	22	3	29	15	34	0	0.01562356948852539	32950	11.90543532371521	24	99.92716236722306	
9566.279695966012	22.0	3.0	29.0	15.0	81.94179244533034	659	6	22	3	29	15	22	3	29	15	34	0	0.01562356948852539	33000	11.921058893203735	24	99.92727272727272	
9566.279695966012	22.0	3.0	29.0	15.0	81.94179244533034	660	6	22	3	29	15	22	3	29	15	34	0	0.015624523162841797	33050	11.936683416366577	24	99.92738275340393	
9566.279695966012	22.0	3.0	29.0	15.0	81.94179244533034	661	6	22	3	29	15	22	3	29	15	34	0	0.015624284744262695	33100	11.95230770111084	24	99.92749244712991	
9566.279695966012	22.0	3.0	29.0	15.0	81.94179244533034	662	6	22	3	29	15	22	3	29	15	34	0	0.015622615814208984	33150	11.967930316925049	24	99.92760180995475	
9566.279695966012	22.0	3.0	29.0	15.0	81.94179244533034	663	6	22	3	29	15	22	3	29	15	34	0	0.015624284744262695	33200	11.983554601669312	24	99.92771084337349	
9566.279695966012	22.0	3.0	29.0	15.0	81.94179244533034	664	6	22	3	29	15	22	3	29	15	34	0	0.0156252384185791	33250	11.99917984008789	24	99.92781954887218	
9566.279695966012	22.0	3.0	29.0	15.0	81.94179244533034	665	6	22	3	29	15	22	3	29	15	34	0	0.0	33300	11.99917984008789	24	99.92792792792793	
9566.279695966012	22.0	3.0	29.0	15.0	81.94179244533034	666	6	22	3	29	15	22	3	29	15	34	0	0.01562356948852539	33350	12.014803409576416	24	99.92803598200899	
9566.279695966012	22.0	3.0	29.0	15.0	81.94179244533034	667	6	22	3	29	15	22	3	29	15	34	0	0.01562356948852539	33400	12.030426979064941	24	99.92814371257485	
9566.279695966012	22.0	3.0	29.0	15.0	81.94179244533034	668	6	22	3	29	15	22	3	29	15	34	0	0.0	33450	12.030426979064941	24	99.92825112107623	
9566.279695966012	22.0	3.0	29.0	15.0	81.94179244533034	669	6	22	3	29	15	22	3	29	15	34	0	0.015624046325683594	33500	12.046051025390625	24	99.92835820895522	
9566.279695966012	22.0	3.0	29.0	15.0	81.94179244533034	670	6	22	3	29	15	22	3	29	15	34	0	0.015622854232788086	33550	12.061673879623413	24	99.9284649776453	
9566.279695966012	22.0	3.0	29.0	15.0	81.94179244533034	671	6	22	3	29	15	22	3	29	15	34	0	0.015623807907104492	33600	12.077297687530518	24	99.92857142857143	
9566.279695966012	22.0	3.0	29.0	15.0	81.94179244533034	672	6	22	3	29	15	22	3	29	15	34	0	0.015625476837158203	33650	12.092923164367676	24	99.92867756315007	
9566.279695966012	22.0	3.0	29.0	15.0	81.94179244533034	673	6	22	3	29	15	22	3	29	15	34	0	0.015622615814208984	33700	12.108545780181885	24	99.92878338278932	
9566.279695966012	22.0	3.0	29.0	15.0	81.94179244533034	674	6	22	3	29	15	22	3	29	15	34	0	0.01562356948852539	33750	12.12416934967041	24	99.92888888888889	
9566.279695966012	22.0	3.0	29.0	15.0	81.94179244533034	675	6	22	3	29	15	22	3	29	15	34	0	0.03124856948852539	33800	12.155417919158936	24	99.92899408284023	
9566.279695966012	22.0	3.0	29.0	15.0	81.94179244533034	676	6	22	3	29	15	22	3	29	15	34	0	0.015623807907104492	33850	12.17104172706604	24	99.92909896602659	
9566.279695966012	22.0	3.0	29.0	15.0	81.94179244533034	677	6	22	3	29	15	22	3	29	15	34	0	0.015623807907104492	33900	12.186665534973145	24	99.929203539823	
9566.279695966012	22.0	3.0	29.0	15.0	81.94179244533034	678	6	22	3	29	15	22	3	29	15	34	0	0.031247854232788086	33950	12.217913389205933	24	99.92930780559647	
9566.279695966012	22.0	3.0	29.0	15.0	81.94179244533034	679	6	22	3	29	15	22	3	29	15	34	0	0.015623807907104492	34000	12.233537197113037	24	99.92941176470588	
9566.279695966012	22.0	3.0	29.0	15.0	81.94179244533034	680	6	22	3	29	15	22	3	29	15	34	0	0.015623807907104492	34050	12.249161005020142	24	99.9295154185022	
9566.279695966012	22.0	3.0	29.0	15.0	81.94179244533034	681	6	22	3	29	15	22	3	29	15	34	0	0.015624284744262695	34100	12.264785289764404	24	99.92961876832844	
9566.279695966012	22.0	3.0	29.0	15.0	81.94179244533034	682	6	22	3	29	15	22	3	29	15	34	0	0.01562356948852539	34150	12.28040885925293	24	99.92972181551977	
9566.279695966012	22.0	3.0	29.0	15.0	81.94179244533034	683	6	22	3	29	15	22	3	29	15	34	0	0.031250953674316406	34200	12.311659812927246	24	99.9298245614035	
9566.279695966012	22.0	3.0	29.0	15.0	81.94179244533034	684	6	22	3	29	15	22	3	29	15	34	0	0.015620946884155273	34250	12.327280759811401	24	99.92992700729927	
9566.279695966012	22.0	3.0	29.0	15.0	81.94179244533034	685	6	22	3	29	15	22	3	29	15	34	0	0.015623807907104492	34300	12.342904567718506	24	99.93002915451895	
9566.279695966012	22.0	3.0	29.0	15.0	81.94179244533034	686	6	22	3	29	15	22	3	29	15	34	0	0.0	34350	12.342904567718506	24	99.93013100436681	
9566.279695966012	22.0	3.0	29.0	15.0	81.94179244533034	687	6	22	3	29	15	22	3	29	15	34	0	0.031247854232788086	34400	12.374152421951294	24	99.93023255813954	
9566.279695966012	22.0	3.0	29.0	15.0	81.94179244533034	688	6	22	3	29	15	22	3	29	15	34	0	0.015624761581420898	34450	12.389777183532715	24	99.93033381712627	
9566.279695966012	22.0	3.0	29.0	15.0	81.94179244533034	689	6	22	3	29	15	22	3	29	15	34	0	0.01562356948852539	34500	12.40540075302124	24	99.9304347826087	
9566.279695966012	22.0	3.0	29.0	15.0	81.94179244533034	690	6	22	3	29	15	22	3	29	15	34	0	0.0	34550	12.40540075302124	24	99.93053545586108	
9566.279695966012	22.0	3.0	29.0	15.0	81.94179244533034	691	6	22	3	29	15	22	3	29	15	34	0	0.031248092651367188	34600	12.436648845672607	24	99.9306358381503	
9566.279695966012	22.0	3.0	29.0	15.0	81.94179244533034	692	6	22	3	29	15	22	3	29	15	34	0	0.015624046325683594	34650	12.452272891998291	24	99.93073593073593	
9566.279695966012	22.0	3.0	29.0	15.0	81.94179244533034	693	6	22	3	29	15	22	3	29	15	34	0	0.015624284744262695	34700	12.467897176742554	24	99.93083573487031	
9566.279695966012	22.0	3.0	29.0	15.0	81.94179244533034	694	6	22	3	29	15	22	3	29	15	34	0	0.015622377395629883	34750	12.483519554138184	24	99.93093525179856	
9566.279695966012	22.0	3.0	29.0	15.0	81.94179244533034	695	6	22	3	29	15	22	3	29	15	34	0	0.0	34800	12.483519554138184	24	99.93103448275862	
9566.279695966012	22.0	3.0	29.0	15.0	81.94179244533034	696	6	22	3	29	15	22	3	29	15	34	0	0.015623807907104492	34850	12.499143362045288	24	99.93113342898135	
9566.279695966012	22.0	3.0	29.0	15.0	81.94179244533034	697	6	22	3	29	15	22	3	29	15	34	0	0.015624046325683594	34900	12.514767408370972	24	99.93123209169055	
9566.279695966012	22.0	3.0	29.0	15.0	81.94179244533034	698	6	22	3	29	15	22	3	29	15	34	0	0.031248807907104492	34950	12.546016216278076	24	99.931330472103	
9566.279695966012	22.0	3.0	29.0	15.0	81.94179244533034	699	6	22	3	29	15	22	3	29	15	34	0	0.015622854232788086	35000	12.561639070510864	24	99.93142857142857	
9566.279695966012	22.0	3.0	29.0	15.0	81.94179244533034	700	6	22	3	29	15	22	3	29	15	34	0	0.0	35050	12.561639070510864	24	99.93152639087019	
9566.279695966012	22.0	3.0	29.0	15.0	81.94179244533034	701	6	22	3	29	15	22	3	29	15	34	0	0.015624761581420898	35100	12.577263832092285	24	99.93162393162393	
9566.279695966012	22.0	3.0	29.0	15.0	81.94179244533034	702	6	22	3	29	15	22	3	29	15	34	0	0.0	35150	12.577263832092285	24	99.93172119487909	
9566.279695966012	22.0	3.0	29.0	15.0	81.94179244533034	703	6	22	3	29	15	22	3	29	15	34	0	0.031247615814208984	35200	12.608511447906494	24	99.93181818181819	
9566.279695966012	22.0	3.0	29.0	15.0	81.94179244533034	704	6	22	3	29	15	22	3	29	15	34	0	0.015625476837158203	35250	12.624136924743652	24	99.93191489361702	
9566.279695966012	22.0	3.0	29.0	15.0	81.94179244533034	705	6	22	3	29	15	22	3	29	15	34	0	0.015622854232788086	35300	12.63975977897644	24	99.93201133144476	
9566.279695966012	22.0	3.0	29.0	15.0	81.94179244533034	706	6	22	3	29	15	22	3	29	15	34	0	0.0	35350	12.63975977897644	24	99.93210749646393	
9566.279695966012	22.0	3.0	29.0	15.0	81.94179244533034	707	6	22	3	29	15	22	3	29	15	34	0	0.015623807907104492	35400	12.655383586883545	24	99.9322033898305	
9566.279695966012	22.0	3.0	29.0	15.0	81.94179244533034	708	6	22	3	29	15	22	3	29	15	34	0	0.0	35450	12.655383586883545	24	99.93229901269393	
9566.279695966012	22.0	3.0	29.0	15.0	81.94179244533034	709	6	22	3	29	15	22	3	29	15	34	0	0.015623807907104492	35500	12.67100739479065	24	99.93239436619719	
9566.279695966012	22.0	3.0	29.0	15.0	81.94179244533034	710	6	22	3	29	15	22	3	29	15	34	0	0.015623331069946289	35550	12.686630725860596	24	99.9324894514768	
9566.279695966012	22.0	3.0	29.0	15.0	81.94179244533034	711	6	22	3	29	15	22	3	29	15	34	0	0.0	35600	12.686630725860596	24	99.93258426966293	
9566.279695966012	22.0	3.0	29.0	15.0	81.94179244533034	712	6	22	3	29	15	22	3	29	15	34	0	0.015625	35650	12.702255725860596	24	99.93267882187938	
9566.279695966012	22.0	3.0	29.0	15.0	81.94179244533034	713	6	22	3	29	15	22	3	29	15	34	0	0.015624046325683594	35700	12.71787977218628	24	99.9327731092437	
9566.279695966012	22.0	3.0	29.0	15.0	81.94179244533034	714	6	22	3	29	15	22	3	29	15	34	0	0.0	35750	12.71787977218628	24	99.93286713286713	
9566.279695966012	22.0	3.0	29.0	15.0	81.94179244533034	715	6	22	3	29	15	22	3	29	15	34	0	0.015622854232788086	35800	12.733502626419067	24	99.93296089385476	
9566.279695966012	22.0	3.0	29.0	15.0	81.94179244533034	716	6	22	3	29	15	22	3	29	15	34	0	0.031249284744262695	35850	12.76475191116333	24	99.93305439330544	
9566.279695966012	22.0	3.0	29.0	15.0	81.94179244533034	717	6	22	3	29	15	22	3	29	15	34	0	0.0	35900	12.76475191116333	24	99.93314763231197	
9566.279695966012	22.0	3.0	29.0	15.0	81.94179244533034	718	6	22	3	29	15	22	3	29	15	34	0	0.015624761581420898	35950	12.780376672744751	24	99.93324061196105	
9566.279695966012	22.0	3.0	29.0	15.0	81.94179244533034	719	6	22	3	29	15	22	3	29	15	34	0	0.01562356948852539	36000	12.796000242233276	24	99.93333333333334	
9566.279695966012	22.0	3.0	29.0	15.0	81.94179244533034	720	6	22	3	29	15	22	3	29	15	34	0	0.015622615814208984	36050	12.811622858047485	24	99.93342579750346	
9566.279695966012	22.0	3.0	29.0	15.0	81.94179244533034	721	6	22	3	29	15	22	3	29	15	34	0	0.015623331069946289	36100	12.827246189117432	24	99.93351800554017	
9566.279695966012	22.0	3.0	29.0	15.0	81.94179244533034	722	6	22	3	29	15	22	3	29	15	34	0	0.031249046325683594	36150	12.858495235443115	24	99.93360995850622	
9566.279695966012	22.0	3.0	29.0	15.0	81.94179244533034	723	6	22	3	29	15	22	3	29	15	34	0	0.0	36200	12.858495235443115	24	99.93370165745857	
9566.279695966012	22.0	3.0	29.0	15.0	81.94179244533034	724	6	22	3	29	15	22	3	29	15	34	0	0.015624761581420898	36250	12.874119997024536	24	99.93379310344828	
9566.279695966012	22.0	3.0	29.0	15.0	81.94179244533034	725	6	22	3	29	15	22	3	29	15	34	0	0.015623331069946289	36300	12.889743328094482	24	99.93388429752066	
9566.279695966012	22.0	3.0	29.0	15.0	81.94179244533034	726	6	22	3	29	15	22	3	29	15	34	0	0.0	36350	12.889743328094482	24	99.93397524071527	
9566.279695966012	22.0	3.0	29.0	15.0	81.94179244533034	727	6	22	3	29	15	22	3	29	15	34	0	0.03124713897705078	36400	12.920990467071533	24	99.93406593406593	
9566.279695966012	22.0	3.0	29.0	15.0	81.94179244533034	728	6	22	3	29	15	22	3	29	15	34	0	0.015624046325683594	36450	12.936614513397217	24	99.93415637860082	
9566.279695966012	22.0	3.0	29.0	15.0	81.94179244533034	729	6	22	3	29	15	22	3	29	15	34	0	0.015624046325683594	36500	12.9522385597229	24	99.93424657534247	
9566.279695966012	22.0	3.0	29.0	15.0	81.94179244533034	730	6	22	3	29	15	22	3	29	15	34	0	0.015623807907104492	36550	12.967862367630005	24	99.9343365253078	
9566.279695966012	22.0	3.0	29.0	15.0	81.94179244533034	731	6	22	3	29	15	22	3	29	15	34	0	0.03124856948852539	36600	12.99911093711853	24	99.93442622950819	
9566.279695966012	22.0	3.0	29.0	15.0	81.94179244533034	732	6	22	3	29	15	22	3	29	15	34	0	0.015624284744262695	36650	13.014735221862793	24	99.93451568894952	
9566.279695966012	22.0	3.0	29.0	15.0	81.94179244533034	733	6	22	3	29	15	22	3	29	15	34	0	0.0	36700	13.014735221862793	24	99.93460490463215	
9566.279695966012	22.0	3.0	29.0	15.0	81.94179244533034	734	6	22	3	29	15	22	3	29	15	34	0	0.03124690055847168	36750	13.045982122421265	24	99.93469387755103	
9566.279695966012	22.0	3.0	29.0	15.0	81.94179244533034	735	6	22	3	29	15	22	3	29	15	34	0	0.0	36800	13.045982122421265	24	99.93478260869566	
9566.279695966012	22.0	3.0	29.0	15.0	81.94179244533034	736	6	22	3	29	15	22	3	29	15	34	0	0.015624761581420898	36850	13.061606884002686	24	99.9348710990502	
9566.279695966012	22.0	3.0	29.0	15.0	81.94179244533034	737	6	22	3	29	15	22	3	29	15	34	0	0.015624284744262695	36900	13.077231168746948	24	99.9349593495935	
9566.279695966012	22.0	3.0	29.0	15.0	81.94179244533034	738	6	22	3	29	15	22	3	29	15	34	0	0.0	36950	13.077231168746948	24	99.93504736129906	
9566.279695966012	22.0	3.0	29.0	15.0	81.94179244533034	739	6	22	3	29	15	22	3	29	15	34	0	0.015622615814208984	37000	13.092853784561157	24	99.93513513513514	
9566.279695966012	22.0	3.0	29.0	15.0	81.94179244533034	740	6	22	3	29	15	22	3	29	15	34	0	0.015625	37050	13.108478784561157	24	99.93522267206478	
9566.279695966012	22.0	3.0	29.0	15.0	81.94179244533034	741	6	22	3	29	15	22	3	29	15	34	0	0.015624761581420898	37100	13.124103546142578	24	99.93530997304582	
9566.279695966012	22.0	3.0	29.0	15.0	81.94179244533034	742	6	22	3	29	15	22	3	29	15	34	0	0.01562190055847168	37150	13.13972544670105	24	99.93539703903096	
9566.279695966012	22.0	3.0	29.0	15.0	81.94179244533034	743	6	22	3	29	15	22	3	29	15	34	0	0.0	37200	13.13972544670105	24	99.93548387096774	
9566.279695966012	22.0	3.0	29.0	15.0	81.94179244533034	744	6	22	3	29	15	22	3	29	15	34	0	0.015624046325683594	37250	13.155349493026733	24	99.93557046979866	
9566.279695966012	22.0	3.0	29.0	15.0	81.94179244533034	745	6	22	3	29	15	22	3	29	15	34	0	0.015624523162841797	37300	13.170974016189575	24	99.93565683646112	
9566.279695966012	22.0	3.0	29.0	15.0	81.94179244533034	746	6	22	3	29	15	22	3	29	15	34	0	0.015623331069946289	37350	13.186597347259521	24	99.93574297188755	
9566.279695966012	22.0	3.0	29.0	15.0	81.94179244533034	747	6	22	3	29	15	22	3	29	15	34	0	0.015623331069946289	37400	13.202220678329468	24	99.93582887700535	
9566.279695966012	22.0	3.0	29.0	15.0	81.94179244533034	748	6	22	3	29	15	22	3	29	15	34	0	0.015625476837158203	37450	13.217846155166626	24	99.93591455273699	
9566.279695966012	22.0	3.0	29.0	15.0	81.94179244533034	749	6	22	3	29	15	22	3	29	15	34	0	0.015624761581420898	37500	13.233470916748047	24	99.936	
9566.279695966012	22.0	3.0	29.0	15.0	81.94179244533034	750	6	22	3	29	15	22	3	29	15	34	0	0.015622615814208984	37550	13.249093532562256	24	99.93608521970705	
9566.279695966012	22.0	3.0	29.0	15.0	81.94179244533034	751	6	22	3	29	15	22	3	29	15	34	0	0.0	37600	13.249093532562256	24	99.93617021276596	
9566.279695966012	22.0	3.0	29.0	15.0	81.94179244533034	752	6	22	3	29	15	22	3	29	15	34	0	0.031247377395629883	37650	13.280340909957886	24	99.93625498007968	
9566.279695966012	22.0	3.0	29.0	15.0	81.94179244533034	753	6	22	3	29	15	22	3	29	15	34	0	0.01562356948852539	37700	13.295964479446411	24	99.93633952254642	
9566.279695966012	22.0	3.0	29.0	15.0	81.94179244533034	754	6	22	3	29	15	22	3	29	15	34	0	0.015623807907104492	37750	13.311588287353516	24	99.93642384105961	
9566.279695966012	22.0	3.0	29.0	15.0	81.94179244533034	755	6	22	3	29	15	22	3	29	15	34	0	0.015624046325683594	37800	13.3272123336792	24	99.93650793650794	
9566.279695966012	22.0	3.0	29.0	15.0	81.94179244533034	756	6	22	3	29	15	22	3	29	15	34	0	0.015624046325683594	37850	13.342836380004883	24	99.93659180977544	
9566.279695966012	22.0	3.0	29.0	15.0	81.94179244533034	757	6	22	3	29	15	22	3	29	15	34	0	0.015624761581420898	37900	13.358461141586304	24	99.93667546174143	
9566.279695966012	22.0	3.0	29.0	15.0	81.94179244533034	758	6	22	3	29	15	22	3	29	15	34	0	0.015623331069946289	37950	13.37408447265625	24	99.93675889328063	
9566.279695966012	22.0	3.0	29.0	15.0	81.94179244533034	759	6	22	3	29	15	22	3	29	15	34	0	0.0	38000	13.37408447265625	24	99.93684210526315	
9566.279695966012	22.0	3.0	29.0	15.0	81.94179244533034	760	6	22	3	29	15	22	3	29	15	34	0	0.015624046325683594	38050	13.389708518981934	24	99.93692509855454	
9566.279695966012	22.0	3.0	29.0	15.0	81.94179244533034	761	6	22	3	29	15	22	3	29	15	34	0	0.015625476837158203	38100	13.405333995819092	24	99.93700787401575	
9566.279695966012	22.0	3.0	29.0	15.0	81.94179244533034	762	6	22	3	29	15	22	3	29	15	34	0	0.015622854232788086	38150	13.42095685005188	24	99.93709043250328	
9566.279695966012	22.0	3.0	29.0	15.0	81.94179244533034	763	6	22	3	29	15	22	3	29	15	34	0	0.015623092651367188	38200	13.436579942703247	24	99.93717277486911	
9566.279695966012	22.0	3.0	29.0	15.0	81.94179244533034	764	6	22	3	29	15	22	3	29	15	34	0	0.015624523162841797	38250	13.452204465866089	24	99.93725490196078	
9566.279695966012	22.0	3.0	29.0	15.0	81.94179244533034	765	6	22	3	29	15	22	3	29	15	34	0	0.01562356948852539	38300	13.467828035354614	24	99.9373368146214	
9566.279695966012	22.0	3.0	29.0	15.0	81.94179244533034	766	6	22	3	29	15	22	3	29	15	34	0	0.015623331069946289	38350	13.48345136642456	24	99.9374185136897	
9566.279695966012	22.0	3.0	29.0	15.0	81.94179244533034	767	6	22	3	29	15	22	3	29	15	34	0	0.015624761581420898	38400	13.499076128005981	24	99.9375	
9566.279695966012	22.0	3.0	29.0	15.0	81.94179244533034	768	6	22	3	29	15	22	3	29	15	34	0	0.015624046325683594	38450	13.514700174331665	24	99.93758127438231	
9566.279695966012	22.0	3.0	29.0	15.0	81.94179244533034	769	6	22	3	29	15	22	3	29	15	34	0	0.015624523162841797	38500	13.530324697494507	24	99.93766233766233	
9566.279695966012	22.0	3.0	29.0	15.0	81.94179244533034	770	6	22	3	29	15	22	3	29	15	34	0	0.0	38550	13.530324697494507	24	99.93774319066148	
9566.279695966012	22.0	3.0	29.0	15.0	81.94179244533034	771	6	22	3	29	15	22	3	29	15	34	0	0.015623331069946289	38600	13.545948028564453	24	99.93782383419689	
9566.279695966012	22.0	3.0	29.0	15.0	81.94179244533034	772	6	22	3	29	15	22	3	29	15	34	0	0.015624046325683594	38650	13.561572074890137	24	99.9379042690815	
9566.279695966012	22.0	3.0	29.0	15.0	81.94179244533034	773	6	22	3	29	15	22	3	29	15	34	0	0.0	38700	13.561572074890137	24	99.93798449612403	
9566.279695966012	22.0	3.0	29.0	15.0	81.94179244533034	774	6	22	3	29	15	22	3	29	15	34	0	0.015622854232788086	38750	13.577194929122925	24	99.93806451612903	
9566.279695966012	22.0	3.0	29.0	15.0	81.94179244533034	775	6	22	3	29	15	22	3	29	15	34	0	0.0	38800	13.577194929122925	24	99.9381443298969	
9566.279695966012	22.0	3.0	29.0	15.0	81.94179244533034	776	6	22	3	29	15	22	3	29	15	34	0	0.015623807907104492	38850	13.59281873703003	24	99.93822393822394	
9566.279695966012	22.0	3.0	29.0	15.0	81.94179244533034	777	6	22	3	29	15	22	3	29	15	34	0	0.015624523162841797	38900	13.608443260192871	24	99.93830334190231	
9566.279695966012	22.0	3.0	29.0	15.0	81.94179244533034	778	6	22	3	29	15	22	3	29	15	34	0	0.015623807907104492	38950	13.624067068099976	24	99.93838254172016	
9566.279695966012	22.0	3.0	29.0	15.0	81.94179244533034	779	6	22	3	29	15	22	3	29	15	34	0	0.0	39000	13.624067068099976	24	99.93846153846154	
9566.279695966012	22.0	3.0	29.0	15.0	81.94179244533034	780	6	22	3	29	15	22	3	29	15	34	0	0.031247615814208984	39050	13.655314683914185	24	99.93854033290653	
9566.279695966012	22.0	3.0	29.0	15.0	81.94179244533034	781	6	22	3	29	15	22	3	29	15	34	0	0.01562356948852539	39100	13.67093825340271	24	99.93861892583121	
9566.279695966012	22.0	3.0	29.0	15.0	81.94179244533034	782	6	22	3	29	15	22	3	29	15	34	0	0.015624284744262695	39150	13.686562538146973	24	99.93869731800767	
9566.279695966012	22.0	3.0	29.0	15.0	81.94179244533034	783	6	22	3	29	15	22	3	29	15	34	0	0.0	39200	13.686562538146973	24	99.93877551020408	
9566.279695966012	22.0	3.0	29.0	15.0	81.94179244533034	784	6	22	3	29	15	22	3	29	15	34	0	0.015623807907104492	39250	13.702186346054077	24	99.93885350318472	
9566.279695966012	22.0	3.0	29.0	15.0	81.94179244533034	785	6	22	3	29	15	22	3	29	15	34	0	0.03124833106994629	39300	13.733434677124023	24	99.93893129770993	
9566.279695966012	22.0	3.0	29.0	15.0	81.94179244533034	786	6	22	3	29	15	22	3	29	15	34	0	0.015624284744262695	39350	13.749058961868286	24	99.93900889453622	
9566.279695966012	22.0	3.0	29.0	15.0	81.94179244533034	787	6	22	3	29	15	22	3	29	15	34	0	0.01562356948852539	39400	13.764682531356812	24	99.93908629441624	
9566.279695966012	22.0	3.0	29.0	15.0	81.94179244533034	788	6	22	3	29	15	22	3	29	15	34	0	0.01562356948852539	39450	13.780306100845337	24	99.93916349809886	
9566.279695966012	22.0	3.0	29.0	15.0	81.94179244533034	789	6	22	3	29	15	22	3	29	15	34	0	0.015624761581420898	39500	13.795930862426758	24	99.93924050632911	
9566.279695966012	22.0	3.0	29.0	15.0	81.94179244533034	790	6	22	3	29	15	22	3	29	15	34	0	0.01562356948852539	39550	13.811554431915283	24	99.9393173198483	
9566.279695966012	22.0	3.0	29.0	15.0	81.94179244533034	791	6	22	3	29	15	22	3	29	15	34	0	0.015623331069946289	39600	13.82717776298523	24	99.93939393939394	
9566.279695966012	22.0	3.0	29.0	15.0	81.94179244533034	792	6	22	3	29	15	22	3	29	15	34	0	0.015624284744262695	39650	13.842802047729492	24	99.93947036569988	
9566.279695966012	22.0	3.0	29.0	15.0	81.94179244533034	793	6	22	3	29	15	22	3	29	15	34	0	0.015624046325683594	39700	13.858426094055176	24	99.93954659949623	
9566.279695966012	22.0	3.0	29.0	15.0	81.94179244533034	794	6	22	3	29	15	22	3	29	15	34	0	0.015624046325683594	39750	13.87405014038086	24	99.93962264150943	
9566.279695966012	22.0	3.0	29.0	15.0	81.94179244533034	795	6	22	3	29	15	22	3	29	15	34	0	0.015624523162841797	39800	13.889674663543701	24	99.93969849246231	
9566.279695966012	22.0	3.0	29.0	15.0	81.94179244533034	796	6	22	3	29	15	22	3	29	15	34	0	0.015623092651367188	39850	13.905297756195068	24	99.93977415307403	
9566.279695966012	22.0	3.0	29.0	15.0	81.94179244533034	797	6	22	3	29	15	22	3	29	15	34	0	0.015624523162841797	39900	13.92092227935791	24	99.93984962406014	
9566.279695966012	22.0	3.0	29.0	15.0	81.94179244533034	798	6	22	3	29	15	22	3	29	15	34	0	0.015624284744262695	39950	13.936546564102173	24	99.93992490613266	
9566.279695966012	22.0	3.0	29.0	15.0	81.94179244533034	799	6	22	3	29	15	22	3	29	15	34	0	0.015624046325683594	40000	13.952170610427856	24	99.94	
9566.279695966012	22.0	3.0	29.0	15.0	81.94179244533034	800	6	22	3	29	15	22	3	29	15	34	0	0.0	40050	13.952170610427856	24	99.94007490636704	
9566.279695966012	22.0	3.0	29.0	15.0	81.94179244533034	801	6	22	3	29	15	22	3	29	15	34	0	0.015622854232788086	40100	13.967793464660645	24	99.94014962593516	
9566.279695966012	22.0	3.0	29.0	15.0	81.94179244533034	802	6	22	3	29	15	22	3	29	15	34	0	0.015624046325683594	40150	13.983417510986328	24	99.94022415940225	
9566.279695966012	22.0	3.0	29.0	15.0	81.94179244533034	803	6	22	3	29	15	22	3	29	15	34	0	0.01562356948852539	40200	13.999041080474854	24	99.94029850746269	
9566.279695966012	22.0	3.0	29.0	15.0	81.94179244533034	804	6	22	3	29	15	22	3	29	15	34	0	0.03124833106994629	40250	14.0302894115448	24	99.94037267080745	
9566.279695966012	22.0	3.0	29.0	15.0	81.94179244533034	805	6	22	3	29	15	22	3	29	15	34	0	0.015623807907104492	40300	14.045913219451904	24	99.94044665012407	
9566.279695966012	22.0	3.0	29.0	15.0	81.94179244533034	806	6	22	3	29	15	22	3	29	15	34	0	0.015624284744262695	40350	14.061537504196167	24	99.94052044609666	
9566.279695966012	22.0	3.0	29.0	15.0	81.94179244533034	807	6	22	3	29	15	22	3	29	15	34	0	0.015626192092895508	40400	14.077163696289062	24	99.94059405940594	
9566.279695966012	22.0	3.0	29.0	15.0	81.94179244533034	808	6	22	3	29	15	22	3	29	15	34	0	0.015621662139892578	40450	14.092785358428955	24	99.9406674907293	
9566.279695966012	22.0	3.0	29.0	15.0	81.94179244533034	809	6	22	3	29	15	22	3	29	15	34	0	0.015623807907104492	40500	14.10840916633606	24	99.94074074074074	
9566.279695966012	22.0	3.0	29.0	15.0	81.94179244533034	810	6	22	3	29	15	22	3	29	15	34	0	0.015624284744262695	40550	14.124033451080322	24	99.94081381011097	
9566.279695966012	22.0	3.0	29.0	15.0	81.94179244533034	811	6	22	3	29	15	22	3	29	15	34	0	0.015623092651367188	40600	14.13965654373169	24	99.94088669950739	
9566.279695966012	22.0	3.0	29.0	15.0	81.94179244533034	812	6	22	3	29	15	22	3	29	15	34	0	0.015624284744262695	40650	14.155280828475952	24	99.9409594095941	
9566.279695966012	22.0	3.0	29.0	15.0	81.94179244533034	813	6	22	3	29	15	22	3	29	15	34	0	0.0	40700	14.155280828475952	24	99.94103194103194	
9566.279695966012	22.0	3.0	29.0	15.0	81.94179244533034	814	6	22	3	29	15	22	3	29	15	34	0	0.015624046325683594	40750	14.170904874801636	24	99.94110429447852	
9566.279695966012	22.0	3.0	29.0	15.0	81.94179244533034	815	6	22	3	29	15	22	3	29	15	34	0	0.0156252384185791	40800	14.186530113220215	24	99.94117647058823	
9566.279695966012	22.0	3.0	29.0	15.0	81.94179244533034	816	6	22	3	29	15	22	3	29	15	34	0	0.015625476837158203	40850	14.202155590057373	24	99.94124847001224	
9566.279695966012	22.0	3.0	29.0	15.0	81.94179244533034	817	6	22	3	29	15	22	3	29	15	34	0	0.015623807907104492	40900	14.217779397964478	24	99.94132029339853	
9566.279695966012	22.0	3.0	29.0	15.0	81.94179244533034	818	6	22	3	29	15	22	3	29	15	34	0	0.0	40950	14.217779397964478	24	99.94139194139194	
9566.279695966012	22.0	3.0	29.0	15.0	81.94179244533034	819	6	22	3	29	15	22	3	29	15	34	0	0.015622615814208984	41000	14.233402013778687	24	99.94146341463414	
9566.279695966012	22.0	3.0	29.0	15.0	81.94179244533034	820	6	22	3	29	15	22	3	29	15	34	0	0.015622138977050781	41050	14.249024152755737	24	99.9415347137637	
9566.279695966012	22.0	3.0	29.0	15.0	81.94179244533034	821	6	22	3	29	15	22	3	29	15	34	0	0.031248092651367188	41100	14.280272245407104	24	99.94160583941606	
9566.279695966012	22.0	3.0	29.0	15.0	81.94179244533034	822	6	22	3	29	15	22	3	29	15	34	0	0.015624046325683594	41150	14.295896291732788	24	99.94167679222357	
9566.279695966012	22.0	3.0	29.0	15.0	81.94179244533034	823	6	22	3	29	15	22	3	29	15	34	0	0.01562356948852539	41200	14.311519861221313	24	99.94174757281553	
9566.279695966012	22.0	3.0	29.0	15.0	81.94179244533034	824	6	22	3	29	15	22	3	29	15	34	0	0.015623331069946289	41250	14.32714319229126	24	99.94181818181818	
9566.279695966012	22.0	3.0	29.0	15.0	81.94179244533034	825	6	22	3	29	15	22	3	29	15	34	0	0.015624761581420898	41300	14.34276795387268	24	99.94188861985472	
9566.279695966012	22.0	3.0	29.0	15.0	81.94179244533034	826	6	22	3	29	15	22	3	29	15	34	0	0.015624284744262695	41350	14.358392238616943	24	99.94195888754534	
9566.279695966012	22.0	3.0	29.0	15.0	81.94179244533034	827	6	22	3	29	15	22	3	29	15	34	0	0.015624046325683594	41400	14.374016284942627	24	99.94202898550725	
9566.279695966012	22.0	3.0	29.0	15.0	81.94179244533034	828	6	22	3	29	15	22	3	29	15	34	0	0.015623807907104492	41450	14.389640092849731	24	99.94209891435464	
9566.279695966012	22.0	3.0	29.0	15.0	81.94179244533034	829	6	22	3	29	15	22	3	29	15	34	0	0.015623331069946289	41500	14.405263423919678	24	99.94216867469879	
9566.279695966012	22.0	3.0	29.0	15.0	81.94179244533034	830	6	22	3	29	15	22	3	29	15	34	0	0.031248092651367188	41550	14.436511516571045	24	99.94223826714801	
9566.279695966012	22.0	3.0	29.0	15.0	81.94179244533034	831	6	22	3	29	15	22	3	29	15	34	0	0.015624046325683594	41600	14.452135562896729	24	99.9423076923077	
9566.279695966012	22.0	3.0	29.0	15.0	81.94179244533034	832	6	22	3	29	15	22	3	29	15	34	0	0.0156252384185791	41650	14.467760801315308	24	99.94237695078031	
9566.279695966012	22.0	3.0	29.0	15.0	81.94179244533034	833	6	22	3	29	15	22	3	29	15	34	0	0.015622377395629883	41700	14.483383178710938	24	99.94244604316546	
9566.279695966012	22.0	3.0	29.0	15.0	81.94179244533034	834	6	22	3	29	15	22	3	29	15	34	0	0.015624523162841797	41750	14.49900770187378	24	99.94251497005988	
9566.279695966012	22.0	3.0	29.0	15.0	81.94179244533034	835	6	22	3	29	15	22	3	29	15	34	0	0.015623807907104492	41800	14.514631509780884	24	99.94258373205741	
9566.279695966012	22.0	3.0	29.0	15.0	81.94179244533034	836	6	22	3	29	15	22	3	29	15	34	0	0.0156252384185791	41850	14.530256748199463	24	99.94265232974911	
9566.279695966012	22.0	3.0	29.0	15.0	81.94179244533034	837	6	22	3	29	15	22	3	29	15	34	0	0.015622377395629883	41900	14.545879125595093	24	99.94272076372314	
9566.279695966012	22.0	3.0	29.0	15.0	81.94179244533034	838	6	22	3	29	15	22	3	29	15	34	0	0.015624284744262695	41950	14.561503410339355	24	99.94278903456495	
9566.279695966012	22.0	3.0	29.0	15.0	81.94179244533034	839	6	22	3	29	15	22	3	29	15	34	0	0.015623331069946289	42000	14.577126741409302	24	99.94285714285714	
9566.279695966012	22.0	3.0	29.0	15.0	81.94179244533034	840	6	22	3	29	15	22	3	29	15	34	0	0.015623807907104492	42050	14.592750549316406	24	99.94292508917955	
9566.279695966012	22.0	3.0	29.0	15.0	81.94179244533034	841	6	22	3	29	15	22	3	29	15	34	0	0.015624046325683594	42100	14.60837459564209	24	99.94299287410927	
9566.279695966012	22.0	3.0	29.0	15.0	81.94179244533034	842	6	22	3	29	15	22	3	29	15	34	0	0.031248092651367188	42150	14.639622688293457	24	99.94306049822065	
9566.279695966012	22.0	3.0	29.0	15.0	81.94179244533034	843	6	22	3	29	15	22	3	29	15	34	0	0.0156252384185791	42200	14.655247926712036	24	99.94312796208531	
9566.279695966012	22.0	3.0	29.0	15.0	81.94179244533034	844	6	22	3	29	15	22	3	29	15	34	0	0.015622377395629883	42250	14.670870304107666	24	99.94319526627218	
9566.279695966012	22.0	3.0	29.0	15.0	81.94179244533034	845	6	22	3	29	15	22	3	29	15	34	0	0.0156252384185791	42300	14.686495542526245	24	99.94326241134752	
9566.279695966012	22.0	3.0	29.0	15.0	81.94179244533034	846	6	22	3	29	15	22	3	29	15	34	0	0.015623092651367188	42350	14.702118635177612	24	99.94332939787485	
9566.279695966012	22.0	3.0	29.0	15.0	81.94179244533034	847	6	22	3	29	15	22	3	29	15	34	0	0.015623807907104492	42400	14.717742443084717	24	99.94339622641509	
9566.279695966012	22.0	3.0	29.0	15.0	81.94179244533034	848	6	22	3	29	15	22	3	29	15	34	0	0.015624284744262695	42450	14.73336672782898	24	99.9434628975265	
9566.279695966012	22.0	3.0	29.0	15.0	81.94179244533034	849	6	22	3	29	15	22	3	29	15	34	0	0.0156252384185791	42500	14.748991966247559	24	99.9435294117647	
9566.279695966012	22.0	3.0	29.0	15.0	81.94179244533034	850	6	22	3	29	15	22	3	29	15	34	0	0.015626192092895508	42550	14.764618158340454	24	99.94359576968273	
9566.279695966012	22.0	3.0	29.0	15.0	81.94179244533034	851	6	22	3	29	15	22	3	29	15	34	0	0.015623331069946289	42600	14.7802414894104	24	99.94366197183099	
9566.279695966012	22.0	3.0	29.0	15.0	81.94179244533034	852	6	22	3	29	15	22	3	29	15	34	0	0.015623807907104492	42650	14.795865297317505	24	99.94372801875733	
9566.279695966012	22.0	3.0	29.0	15.0	81.94179244533034	853	6	22	3	29	15	22	3	29	15	34	0	0.015623331069946289	42700	14.811488628387451	24	99.94379391100702	
9566.279695966012	22.0	3.0	29.0	15.0	81.94179244533034	854	6	22	3	29	15	22	3	29	15	34	0	0.015622615814208984	42750	14.82711124420166	24	99.94385964912281	
9566.279695966012	22.0	3.0	29.0	15.0	81.94179244533034	855	6	22	3	29	15	22	3	29	15	34	0	0.015624284744262695	42800	14.842735528945923	24	99.94392523364486	
9566.279695966012	22.0	3.0	29.0	15.0	81.94179244533034	856	6	22	3	29	15	22	3	29	15	34	0	0.015624284744262695	42850	14.858359813690186	24	99.94399066511085	
9566.279695966012	22.0	3.0	29.0	15.0	81.94179244533034	857	6	22	3	29	15	22	3	29	15	34	0	0.015623807907104492	42900	14.87398362159729	24	99.94405594405595	
9566.279695966012	22.0	3.0	29.0	15.0	81.94179244533034	858	6	22	3	29	15	22	3	29	15	34	0	0.015623331069946289	42950	14.889606952667236	24	99.9441210710128	
9566.279695966012	22.0	3.0	29.0	15.0	81.94179244533034	859	6	22	3	29	15	22	3	29	15	34	0	0.015625	43000	14.905231952667236	24	99.94418604651163	
9566.279695966012	22.0	3.0	29.0	15.0	81.94179244533034	860	6	22	3	29	15	22	3	29	15	34	0	0.015623331069946289	43050	14.920855283737183	24	99.94425087108014	
9566.279695966012	22.0	3.0	29.0	15.0	81.94179244533034	861	6	22	3	29	15	22	3	29	15	34	0	0.015624523162841797	43100	14.936479806900024	24	99.94431554524363	
9566.279695966012	22.0	3.0	29.0	15.0	81.94179244533034	862	6	22	3	29	15	22	3	29	15	34	0	0.0	43150	14.936479806900024	24	99.94438006952491	
9566.279695966012	22.0	3.0	29.0	15.0	81.94179244533034	863	6	22	3	29	15	22	3	29	15	34	0	0.03124856948852539	43200	14.96772837638855	24	99.94444444444444	
9566.279695966012	22.0	3.0	29.0	15.0	81.94179244533034	864	6	22	3	29	15	22	3	29	15	34	0	0.015620946884155273	43250	14.983349323272705	24	99.94450867052024	
9566.279695966012	22.0	3.0	29.0	15.0	81.94179244533034	865	6	22	3	29	15	22	3	29	15	34	0	0.015625	43300	14.998974323272705	24	99.9445727482679	
9566.279695966012	22.0	3.0	29.0	15.0	81.94179244533034	866	6	22	3	29	15	22	3	29	15	34	0	0.015622615814208984	43350	15.014596939086914	24	99.9446366782007	
9566.279695966012	22.0	3.0	29.0	15.0	81.94179244533034	867	6	22	3	29	15	22	3	29	15	34	0	0.015624284744262695	43400	15.030221223831177	24	99.9447004608295	
9566.279695966012	22.0	3.0	29.0	15.0	81.94179244533034	868	6	22	3	29	15	22	3	29	15	34	0	0.015624284744262695	43450	15.04584550857544	24	99.94476409666284	
9566.279695966012	22.0	3.0	29.0	15.0	81.94179244533034	869	6	22	3	29	15	22	3	29	15	34	0	0.015624284744262695	43500	15.061469793319702	24	99.9448275862069	
9566.279695966012	22.0	3.0	29.0	15.0	81.94179244533034	870	6	22	3	29	15	22	3	29	15	34	0	0.015623331069946289	43550	15.077093124389648	24	99.94489092996555	
9566.279695966012	22.0	3.0	29.0	15.0	81.94179244533034	871	6	22	3	29	15	22	3	29	15	34	0	0.015623331069946289	43600	15.092716455459595	24	99.94495412844037	
9566.279695966012	22.0	3.0	29.0	15.0	81.94179244533034	872	6	22	3	29	15	22	3	29	15	34	0	0.0	43650	15.092716455459595	24	99.94501718213058	
9566.279695966012	22.0	3.0	29.0	15.0	81.94179244533034	873	6	22	3	29	15	22	3	29	15	34	0	0.015624761581420898	43700	15.108341217041016	24	99.94508009153319	
9566.279695966012	22.0	3.0	29.0	15.0	81.94179244533034	874	6	22	3	29	15	22	3	29	15	34	0	0.015623807907104492	43750	15.12396502494812	24	99.94514285714286	
9566.279695966012	22.0	3.0	29.0	15.0	81.94179244533034	875	6	22	3	29	15	22	3	29	15	34	0	0.015623807907104492	43800	15.139588832855225	24	99.94520547945206	
9566.279695966012	22.0	3.0	29.0	15.0	81.94179244533034	876	6	22	3	29	15	22	3	29	15	34	0	0.015623807907104492	43850	15.155212640762329	24	99.94526795895096	
9566.279695966012	22.0	3.0	29.0	15.0	81.94179244533034	877	6	22	3	29	15	22	3	29	15	34	0	0.015625953674316406	43900	15.170838594436646	24	99.94533029612757	
9566.279695966012	22.0	3.0	29.0	15.0	81.94179244533034	878	6	22	3	29	15	22	3	29	15	34	0	0.01562190055847168	43950	15.186460494995117	24	99.94539249146757	
9566.279695966012	22.0	3.0	29.0	15.0	81.94179244533034	879	6	22	3	29	15	22	3	29	15	34	0	0.0	44000	15.186460494995117	24	99.94545454545455	
9566.279695966012	22.0	3.0	29.0	15.0	81.94179244533034	880	6	22	3	29	15	22	3	29	15	34	0	0.031248092651367188	44050	15.217708587646484	24	99.94551645856981	
9566.279695966012	22.0	3.0	29.0	15.0	81.94179244533034	881	6	22	3	29	15	22	3	29	15	34	0	0.015624046325683594	44100	15.233332633972168	24	99.94557823129252	
9566.279695966012	22.0	3.0	29.0	15.0	81.94179244533034	882	6	22	3	29	15	22	3	29	15	34	0	0.015624284744262695	44150	15.24895691871643	24	99.94563986409966	
9566.279695966012	22.0	3.0	29.0	15.0	81.94179244533034	883	6	22	3	29	15	22	3	29	15	34	0	0.015622854232788086	44200	15.264579772949219	24	99.94570135746606	
9566.279695966012	22.0	3.0	29.0	15.0	81.94179244533034	884	6	22	3	29	15	22	3	29	15	34	0	0.015624046325683594	44250	15.280203819274902	24	99.9457627118644	
9566.279695966012	22.0	3.0	29.0	15.0	81.94179244533034	885	6	22	3	29	15	22	3	29	15	34	0	0.015624761581420898	44300	15.295828580856323	24	99.94582392776523	
9566.279695966012	22.0	3.0	29.0	15.0	81.94179244533034	886	6	22	3	29	15	22	3	29	15	34	0	0.015624761581420898	44350	15.311453342437744	24	99.94588500563698	
9566.279695966012	22.0	3.0	29.0	15.0	81.94179244533034	887	6	22	3	29	15	22	3	29	15	34	0	0.015622854232788086	44400	15.327076196670532	24	99.94594594594595	
9566.279695966012	22.0	3.0	29.0	15.0	81.94179244533034	888	6	22	3	29	15	22	3	29	15	34	0	0.015624523162841797	44450	15.342700719833374	24	99.94600674915635	
9566.279695966012	22.0	3.0	29.0	15.0	81.94179244533034	889	6	22	3	29	15	22	3	29	15	34	0	0.015624046325683594	44500	15.358324766159058	24	99.94606741573034	
9566.279695966012	22.0	3.0	29.0	15.0	81.94179244533034	890	6	22	3	29	15	22	3	29	15	34	0	0.0	44550	15.358324766159058	24	99.94612794612794	
9566.279695966012	22.0	3.0	29.0	15.0	81.94179244533034	891	6	22	3	29	15	22	3	29	15	34	0	0.031247377395629883	44600	15.389572143554688	24	99.94618834080717	
9566.279695966012	22.0	3.0	29.0	15.0	81.94179244533034	892	6	22	3	29	15	22	3	29	15	34	0	0.015625	44650	15.405197143554688	24	99.94624860022397	
9566.279695966012	22.0	3.0	29.0	15.0	81.94179244533034	893	6	22	3	29	15	22	3	29	15	34	0	0.015622615814208984	44700	15.420819759368896	24	99.94630872483222	
9566.279695966012	22.0	3.0	29.0	15.0	81.94179244533034	894	6	22	3	29	15	22	3	29	15	34	0	0.015624761581420898	44750	15.436444520950317	24	99.94636871508379	
9566.279695966012	22.0	3.0	29.0	15.0	81.94179244533034	895	6	22	3	29	15	22	3	29	15	34	0	0.015623092651367188	44800	15.452067613601685	24	99.94642857142857	
9566.279695966012	22.0	3.0	29.0	15.0	81.94179244533034	896	6	22	3	29	15	22	3	29	15	34	0	0.015624284744262695	44850	15.467691898345947	24	99.94648829431438	
9566.279695966012	22.0	3.0	29.0	15.0	81.94179244533034	897	6	22	3	29	15	22	3	29	15	34	0	0.015624046325683594	44900	15.48331594467163	24	99.94654788418708	
9566.279695966012	22.0	3.0	29.0	15.0	81.94179244533034	898	6	22	3	29	15	22	3	29	15	34	0	0.015623331069946289	44950	15.498939275741577	24	99.94660734149055	
9566.279695966012	22.0	3.0	29.0	15.0	81.94179244533034	899	6	22	3	29	15	22	3	29	15	34	0	0.0	45000	15.498939275741577	24	99.94666666666667	
9566.279695966012	22.0	3.0	29.0	15.0	81.94179244533034	900	6	22	3	29	15	22	3	29	15	34	0	0.015623331069946289	45050	15.514562606811523	24	99.94672586015538	
9566.279695966012	22.0	3.0	29.0	15.0	81.94179244533034	901	6	22	3	29	15	22	3	29	15	34	0	0.015624284744262695	45100	15.530186891555786	24	99.94678492239468	
9566.279695966012	22.0	3.0	29.0	15.0	81.94179244533034	902	6	22	3	29	15	22	3	29	15	34	0	0.015624761581420898	45150	15.545811653137207	24	99.9468438538206	
9566.279695966012	22.0	3.0	29.0	15.0	81.94179244533034	903	6	22	3	29	15	22	3	29	15	34	0	0.015623331069946289	45200	15.561434984207153	24	99.94690265486726	
9566.279695966012	22.0	3.0	29.0	15.0	81.94179244533034	904	6	22	3	29	15	22	3	29	15	34	0	0.015624761581420898	45250	15.577059745788574	24	99.94696132596685	
9566.279695966012	22.0	3.0	29.0	15.0	81.94179244533034	905	6	22	3	29	15	22	3	29	15	34	0	0.015623092651367188	45300	15.592682838439941	24	99.94701986754967	
9566.279695966012	22.0	3.0	29.0	15.0	81.94179244533034	906	6	22	3	29	15	22	3	29	15	34	0	0.0	45350	15.592682838439941	24	99.9470782800441	
9566.279695966012	22.0	3.0	29.0	15.0	81.94179244533034	907	6	22	3	29	15	22	3	29	15	34	0	0.015623807907104492	45400	15.608306646347046	24	99.94713656387665	
9566.279695966012	22.0	3.0	29.0	15.0	81.94179244533034	908	6	22	3	29	15	22	3	29	15	34	0	0.015624284744262695	45450	15.623930931091309	24	99.94719471947195	
9566.279695966012	22.0	3.0	29.0	15.0	81.94179244533034	909	6	22	3	29	15	22	3	29	15	34	0	0.031247377395629883	45500	15.655178308486938	24	99.94725274725275	
9566.279695966012	22.0	3.0	29.0	15.0	81.94179244533034	910	6	22	3	29	15	22	3	29	15	34	0	0.015624284744262695	45550	15.670802593231201	24	99.94731064763995	
9566.279695966012	22.0	3.0	29.0	15.0	81.94179244533034	911	6	22	3	29	15	22	3	29	15	34	0	0.015624761581420898	45600	15.686427354812622	24	99.94736842105263	
9566.279695966012	22.0	3.0	29.0	15.0	81.94179244533034	912	6	22	3	29	15	22	3	29	15	34	0	0.01562356948852539	45650	15.702050924301147	24	99.947426067908	
9566.279695966012	22.0	3.0	29.0	15.0	81.94179244533034	913	6	22	3	29	15	22	3	29	15	34	0	0.015623807907104492	45700	15.717674732208252	24	99.94748358862144	
9566.279695966012	22.0	3.0	29.0	15.0	81.94179244533034	914	6	22	3	29	15	22	3	29	15	34	0	0.015623807907104492	45750	15.733298540115356	24	99.94754098360656	
9566.279695966012	22.0	3.0	29.0	15.0	81.94179244533034	915	6	22	3	29	15	22	3	29	15	34	0	0.015623092651367188	45800	15.748921632766724	24	99.9475982532751	
9566.279695966012	22.0	3.0	29.0	15.0	81.94179244533034	916	6	22	3	29	15	22	3	29	15	34	0	0.0156252384185791	45850	15.764546871185303	24	99.94765539803707	
9566.279695966012	22.0	3.0	29.0	15.0	81.94179244533034	917	6	22	3	29	15	22	3	29	15	34	0	0.015624523162841797	45900	15.780171394348145	24	99.94771241830065	
9566.279695966012	22.0	3.0	29.0	15.0	81.94179244533034	918	6	22	3	29	15	22	3	29	15	34	0	0.015622377395629883	45950	15.795793771743774	24	99.94776931447225	
9566.279695966012	22.0	3.0	29.0	15.0	81.94179244533034	919	6	22	3	29	15	22	3	29	15	34	0	0.031247854232788086	46000	15.827041625976562	24	99.94782608695652	
9566.279695966012	22.0	3.0	29.0	15.0	81.94179244533034	920	6	22	3	29	15	22	3	29	15	34	0	0.015624046325683594	46050	15.842665672302246	24	99.94788273615636	
9566.279695966012	22.0	3.0	29.0	15.0	81.94179244533034	921	6	22	3	29	15	22	3	29	15	34	0	0.0156252384185791	46100	15.858290910720825	24	99.94793926247289	
9566.279695966012	22.0	3.0	29.0	15.0	81.94179244533034	922	6	22	3	29	15	22	3	29	15	34	0	0.0156252384185791	46150	15.873916149139404	24	99.94799566630553	
9566.279695966012	22.0	3.0	29.0	15.0	81.94179244533034	923	6	22	3	29	15	22	3	29	15	34	0	0.015622377395629883	46200	15.889538526535034	24	99.94805194805195	
9566.279695966012	22.0	3.0	29.0	15.0	81.94179244533034	924	6	22	3	29	15	22	3	29	15	34	0	0.031247615814208984	46250	15.920786142349243	24	99.9481081081081	
9566.279695966012	22.0	3.0	29.0	15.0	81.94179244533034	925	6	22	3	29	15	22	3	29	15	34	0	0.015623331069946289	46300	15.93640947341919	24	99.94816414686825	
9566.279695966012	22.0	3.0	29.0	15.0	81.94179244533034	926	6	22	3	29	15	22	3	29	15	34	0	0.015623807907104492	46350	15.952033281326294	24	99.94822006472492	
9566.279695966012	22.0	3.0	29.0	15.0	81.94179244533034	927	6	22	3	29	15	22	3	29	15	34	0	0.0	46400	15.952033281326294	24	99.94827586206897	
9566.279695966012	22.0	3.0	29.0	15.0	81.94179244533034	928	6	22	3	29	15	22	3	29	15	34	0	0.015625	46450	15.967658281326294	24	99.94833153928955	
9566.279695966012	22.0	3.0	29.0	15.0	81.94179244533034	929	6	22	3	29	15	22	3	29	15	34	0	0.03124713897705078	46500	15.998905420303345	24	99.9483870967742	
9566.279695966012	22.0	3.0	29.0	15.0	81.94179244533034	930	6	22	3	29	15	22	3	29	15	34	0	0.015624046325683594	46550	16.01452946662903	24	99.9484425349087	
9566.279695966012	22.0	3.0	29.0	15.0	81.94179244533034	931	6	22	3	29	15	22	3	29	15	34	0	0.015623331069946289	46600	16.030152797698975	24	99.94849785407726	
9566.279695966012	22.0	3.0	29.0	15.0	81.94179244533034	932	6	22	3	29	15	22	3	29	15	34	0	0.015624761581420898	46650	16.045777559280396	24	99.94855305466238	
9566.279695966012	22.0	3.0	29.0	15.0	81.94179244533034	933	6	22	3	29	15	22	3	29	15	34	0	0.015622854232788086	46700	16.061400413513184	24	99.94860813704497	
9566.279695966012	22.0	3.0	29.0	15.0	81.94179244533034	934	6	22	3	29	15	22	3	29	15	34	0	0.015624046325683594	46750	16.077024459838867	24	99.94866310160428	
9566.279695966012	22.0	3.0	29.0	15.0	81.94179244533034	935	6	22	3	29	15	22	3	29	15	34	0	0.015624046325683594	46800	16.09264850616455	24	99.94871794871794	
9566.279695966012	22.0	3.0	29.0	15.0	81.94179244533034	936	6	22	3	29	15	22	3	29	15	34	0	0.015624046325683594	46850	16.108272552490234	24	99.94877267876201	
9566.279695966012	22.0	3.0	29.0	15.0	81.94179244533034	937	6	22	3	29	15	22	3	29	15	34	0	0.015623807907104492	46900	16.12389636039734	24	99.94882729211088	
9566.279695966012	22.0	3.0	29.0	15.0	81.94179244533034	938	6	22	3	29	15	22	3	29	15	34	0	0.015625	46950	16.13952136039734	24	99.94888178913737	
9566.279695966012	22.0	3.0	29.0	15.0	81.94179244533034	939	6	22	3	29	15	22	3	29	15	34	0	0.015622377395629883	47000	16.15514373779297	24	99.94893617021276	
9566.279695966012	22.0	3.0	29.0	15.0	81.94179244533034	940	6	22	3	29	15	22	3	29	15	34	0	0.015624523162841797	47050	16.17076826095581	24	99.94899043570669	
9566.279695966012	22.0	3.0	29.0	15.0	81.94179244533034	941	6	22	3	29	15	22	3	29	15	34	0	0.015623807907104492	47100	16.186392068862915	24	99.94904458598727	
9566.279695966012	22.0	3.0	29.0	15.0	81.94179244533034	942	6	22	3	29	15	22	3	29	15	34	0	0.015624046325683594	47150	16.2020161151886	24	99.949098621421	
9566.279695966012	22.0	3.0	29.0	15.0	81.94179244533034	943	6	22	3	29	15	22	3	29	15	34	0	0.015624046325683594	47200	16.217640161514282	24	99.94915254237289	
9566.279695966012	22.0	3.0	29.0	15.0	81.94179244533034	944	6	22	3	29	15	22	3	29	15	34	0	0.015624284744262695	47250	16.233264446258545	24	99.94920634920635	
9566.279695966012	22.0	3.0	29.0	15.0	81.94179244533034	945	6	22	3	29	15	22	3	29	15	34	0	0.015623807907104492	47300	16.24888825416565	24	99.9492600422833	
9566.279695966012	22.0	3.0	29.0	15.0	81.94179244533034	946	6	22	3	29	15	22	3	29	15	34	0	0.0	47350	16.24888825416565	24	99.9493136219641	
9566.279695966012	22.0	3.0	29.0	15.0	81.94179244533034	947	6	22	3	29	15	22	3	29	15	34	0	0.015623092651367188	47400	16.264511346817017	24	99.9493670886076	
9566.279695966012	22.0	3.0	29.0	15.0	81.94179244533034	948	6	22	3	29	15	22	3	29	15	34	0	0.031247615814208984	47450	16.295758962631226	24	99.94942044257112	
9566.279695966012	22.0	3.0	29.0	15.0	81.94179244533034	949	6	22	3	29	15	22	3	29	15	34	0	0.015624761581420898	47500	16.311383724212646	24	99.94947368421053	
9566.279695966012	22.0	3.0	29.0	15.0	81.94179244533034	950	6	22	3	29	15	22	3	29	15	34	0	0.015624046325683594	47550	16.32700777053833	24	99.94952681388013	
9566.279695966012	22.0	3.0	29.0	15.0	81.94179244533034	951	6	22	3	29	15	22	3	29	15	34	0	0.015623807907104492	47600	16.342631578445435	24	99.94957983193277	
9566.279695966012	22.0	3.0	29.0	15.0	81.94179244533034	952	6	22	3	29	15	22	3	29	15	34	0	0.015623331069946289	47650	16.35825490951538	24	99.94963273871983	
9566.279695966012	22.0	3.0	29.0	15.0	81.94179244533034	953	6	22	3	29	15	22	3	29	15	34	0	0.01562356948852539	47700	16.373878479003906	24	99.9496855345912	
9566.279695966012	22.0	3.0	29.0	15.0	81.94179244533034	954	6	22	3	29	15	22	3	29	15	34	0	0.015625	47750	16.389503479003906	24	99.9497382198953	
9566.279695966012	22.0	3.0	29.0	15.0	81.94179244533034	955	6	22	3	29	15	22	3	29	15	34	0	0.015624523162841797	47800	16.405128002166748	24	99.94979079497908	
9566.279695966012	22.0	3.0	29.0	15.0	81.94179244533034	956	6	22	3	29	15	22	3	29	15	34	0	0.0	47850	16.405128002166748	24	99.94984326018809	
9566.279695966012	22.0	3.0	29.0	15.0	81.94179244533034	957	6	22	3	29	15	22	3	29	15	34	0	0.015622615814208984	47900	16.420750617980957	24	99.94989561586638	
9566.279695966012	22.0	3.0	29.0	15.0	81.94179244533034	958	6	22	3	29	15	22	3	29	15	34	0	0.015624284744262695	47950	16.43637490272522	24	99.94994786235662	
9566.279695966012	22.0	3.0	29.0	15.0	81.94179244533034	959	6	22	3	29	15	22	3	29	15	34	0	0.015624284744262695	48000	16.451999187469482	24	99.95	
9566.279695966012	22.0	3.0	29.0	15.0	81.94179244533034	960	6	22	3	29	15	22	3	29	15	34	0	0.031247854232788086	48050	16.48324704170227	24	99.95005202913632	
9566.279695966012	22.0	3.0	29.0	15.0	81.94179244533034	961	6	22	3	29	15	22	3	29	15	34	0	0.01562356948852539	48100	16.498870611190796	24	99.95010395010395	
9566.279695966012	22.0	3.0	29.0	15.0	81.94179244533034	962	6	22	3	29	15	22	3	29	15	34	0	0.015624046325683594	48150	16.51449465751648	24	99.95015576323988	
9566.279695966012	22.0	3.0	29.0	15.0	81.94179244533034	963	6	22	3	29	15	22	3	29	15	34	0	0.015624046325683594	48200	16.530118703842163	24	99.95020746887967	
9566.279695966012	22.0	3.0	29.0	15.0	81.94179244533034	964	6	22	3	29	15	22	3	29	15	34	0	0.0	48250	16.530118703842163	24	99.9502590673575	
9566.279695966012	22.0	3.0	29.0	15.0	81.94179244533034	965	6	22	3	29	15	22	3	29	15	34	0	0.015624761581420898	48300	16.545743465423584	24	99.95031055900621	
9566.279695966012	22.0	3.0	29.0	15.0	81.94179244533034	966	6	22	3	29	15	22	3	29	15	34	0	0.015623092651367188	48350	16.56136655807495	24	99.9503619441572	
9566.279695966012	22.0	3.0	29.0	15.0	81.94179244533034	967	6	22	3	29	15	22	3	29	15	34	0	0.015623807907104492	48400	16.576990365982056	24	99.9504132231405	
9566.279695966012	22.0	3.0	29.0	15.0	81.94179244533034	968	6	22	3	29	15	22	3	29	15	34	0	0.015623807907104492	48450	16.59261417388916	24	99.95046439628483	
9566.279695966012	22.0	3.0	29.0	15.0	81.94179244533034	969	6	22	3	29	15	22	3	29	15	34	0	0.015623807907104492	48500	16.608237981796265	24	99.95051546391753	
9566.279695966012	22.0	3.0	29.0	15.0	81.94179244533034	970	6	22	3	29	15	22	3	29	15	34	0	0.015624284744262695	48550	16.623862266540527	24	99.95056642636457	
9566.279695966012	22.0	3.0	29.0	15.0	81.94179244533034	971	6	22	3	29	15	22	3	29	15	34	0	0.015623807907104492	48600	16.639486074447632	24	99.95061728395062	
9566.279695966012	22.0	3.0	29.0	15.0	81.94179244533034	972	6	22	3	29	15	22	3	29	15	34	0	0.031247615814208984	48650	16.67073369026184	24	99.95066803699898	
9566.279695966012	22.0	3.0	29.0	15.0	81.94179244533034	973	6	22	3	29	15	22	3	29	15	34	0	0.015624284744262695	48700	16.686357975006104	24	99.95071868583162	
9566.279695966012	22.0	3.0	29.0	15.0	81.94179244533034	974	6	22	3	29	15	22	3	29	15	34	0	0.015624046325683594	48750	16.701982021331787	24	99.95076923076923	
9566.279695966012	22.0	3.0	29.0	15.0	81.94179244533034	975	6	22	3	29	15	22	3	29	15	34	0	0.015623331069946289	48800	16.717605352401733	24	99.95081967213115	
9566.279695966012	22.0	3.0	29.0	15.0	81.94179244533034	976	6	22	3	29	15	22	3	29	15	34	0	0.015624046325683594	48850	16.733229398727417	24	99.95087001023542	
9566.279695966012	22.0	3.0	29.0	15.0	81.94179244533034	977	6	22	3	29	15	22	3	29	15	34	0	0.015624046325683594	48900	16.7488534450531	24	99.95092024539878	
9566.279695966012	22.0	3.0	29.0	15.0	81.94179244533034	978	6	22	3	29	15	22	3	29	15	34	0	0.015625	48950	16.7644784450531	24	99.95097037793667	
9566.279695966012	22.0	3.0	29.0	15.0	81.94179244533034	979	6	22	3	29	15	22	3	29	15	34	0	0.015623331069946289	49000	16.780101776123047	24	99.95102040816326	
9566.279695966012	22.0	3.0	29.0	15.0	81.94179244533034	980	6	22	3	29	15	22	3	29	15	34	0	0.015625	49050	16.795726776123047	24	99.95107033639144	
9566.279695966012	22.0	3.0	29.0	15.0	81.94179244533034	981	6	22	3	29	15	22	3	29	15	34	0	0.015623092651367188	49100	16.811349868774414	24	99.9511201629328	
9566.279695966012	22.0	3.0	29.0	15.0	81.94179244533034	982	6	22	3	29	15	22	3	29	15	34	0	0.015623807907104492	49150	16.82697367668152	24	99.95116988809767	
9566.279695966012	22.0	3.0	29.0	15.0	81.94179244533034	983	6	22	3	29	15	22	3	29	15	34	0	0.0	49200	16.82697367668152	24	99.95121951219512	
9566.279695966012	22.0	3.0	29.0	15.0	81.94179244533034	984	6	22	3	29	15	22	3	29	15	34	0	0.015624284744262695	49250	16.84259796142578	24	99.95126903553299	
9566.279695966012	22.0	3.0	29.0	15.0	81.94179244533034	985	6	22	3	29	15	22	3	29	15	34	0	0.015625	49300	16.85822296142578	24	99.95131845841784	
9566.279695966012	22.0	3.0	29.0	15.0	81.94179244533034	986	6	22	3	29	15	22	3	29	15	34	0	0.015622615814208984	49350	16.87384557723999	24	99.95136778115501	
9566.279695966012	22.0	3.0	29.0	15.0	81.94179244533034	987	6	22	3	29	15	22	3	29	15	34	0	0.015624761581420898	49400	16.88947033882141	24	99.95141700404858	
9566.279695966012	22.0	3.0	29.0	15.0	81.94179244533034	988	6	22	3	29	15	22	3	29	15	34	0	0.015623092651367188	49450	16.90509343147278	24	99.95146612740142	
9566.279695966012	22.0	3.0	29.0	15.0	81.94179244533034	989	6	22	3	29	15	22	3	29	15	34	0	0.015624523162841797	49500	16.92071795463562	24	99.95151515151515	
9566.279695966012	22.0	3.0	29.0	15.0	81.94179244533034	990	6	22	3	29	15	22	3	29	15	34	0	0.015624284744262695	49550	16.936342239379883	24	99.95156407669022	
9566.279695966012	22.0	3.0	29.0	15.0	81.94179244533034	991	6	22	3	29	15	22	3	29	15	34	0	0.015624046325683594	49600	16.951966285705566	24	99.95161290322581	
9566.279695966012	22.0	3.0	29.0	15.0	81.94179244533034	992	6	22	3	29	15	22	3	29	15	34	0	0.0	49650	16.951966285705566	24	99.95166163141994	
9566.279695966012	22.0	3.0	29.0	15.0	81.94179244533034	993	6	22	3	29	15	22	3	29	15	34	0	0.015622615814208984	49700	16.967588901519775	24	99.95171026156942	
9566.279695966012	22.0	3.0	29.0	15.0	81.94179244533034	994	6	22	3	29	15	22	3	29	15	34	0	0.031247377395629883	49750	16.998836278915405	24	99.95175879396984	
9566.279695966012	22.0	3.0	29.0	15.0	81.94179244533034	995	6	22	3	29	15	22	3	29	15	34	0	0.015625	49800	17.014461278915405	24	99.95180722891567	
9566.279695966012	22.0	3.0	29.0	15.0	81.94179244533034	996	6	22	3	29	15	22	3	29	15	34	0	0.015623331069946289	49850	17.03008460998535	24	99.9518555667001	
9566.279695966012	22.0	3.0	29.0	15.0	81.94179244533034	997	6	22	3	29	15	22	3	29	15	34	0	0.01562643051147461	49900	17.045711040496826	24	99.95190380761522	
9566.279695966012	22.0	3.0	29.0	15.0	81.94179244533034	998	6	22	3	29	15	22	3	29	15	34	0	0.015622377395629883	49950	17.061333417892456	24	99.95195195195195	
9566.279695966012	22.0	3.0	29.0	15.0	81.94179244533034	999	6	22	3	29	15	22	3	29	15	34	0	0.015622377395629883	50000	17.076955795288086	24	99.952	
9566.279695966012	22.0	3.0	29.0	15.0	81.94179244533034	1000	6	22	3	29	15	22	3	29	15	34	0	0.015624046325683594	50050	17.09257984161377	24	99.95204795204795	
