ave_fitness	ave_genome_length	ave_tree_depth	ave_tree_nodes	ave_used_codons	best_fitness	gen	invalids	max_genome_length	max_tree_depth	max_tree_nodes	max_used_codons	min_genome_length	min_tree_depth	min_tree_nodes	min_used_codons	runtime_error	time_adjust	time_taken	total_inds	total_time	unique_inds	unused_search	
8.493428790096044e+38	100.77	6.49	130.21	67.35	81.97537538519771	0	0	180	10	232	120	22	3	29	15	48	0	2.9529225826263428	100	2.9529225826263428	52	48.0	
3.965601450595524e+38	43.56	3.6233766233766236	47.077922077922075	24.350649350649352	60.10984469120497	1	24	90	6.0	116.0	60.0	22	3.0	29.0	15.0	63	0	0.04687213897705078	200	2.9997947216033936	112	43.99999999999999	
4.441419057813995e+28	46.76	3.241758241758242	36.010989010989015	18.626373626373628	60.10984469120497	2	33	90	5.0	87.0	45.0	22	3.0	29.0	15.0	67	0	0.046871185302734375	300	3.046665906906128	192	36.0	
6.622049454747227e+24	43.8	3.168421052631579	33.88421052631579	17.526315789473685	59.89617355419809	3	38	90	5.0	87.0	45.0	22	3.0	29.0	15.0	74	0	0.04687070846557617	400	3.093536615371704	276	31.0	
1.983948071332627e+16	44.95	3.1030927835051547	31.989690721649485	16.54639175257732	45.14645074224516	4	42	67	5.0	87.0	45.0	22	3.0	29.0	15.0	80	0	0.04687213897705078	500	3.140408754348755	360	28.0	
253615218970385.53	43.38	3.0721649484536084	31.09278350515464	16.082474226804123	45.10150475236953	5	45	67	5.0	87.0	45.0	22	3.0	29.0	15.0	83	0	0.03124833106994629	600	3.171657085418701	447	25.5	
1.049218747372422e+35	44.2	3.0510204081632653	30.479591836734695	15.76530612244898	40.98017249489972	6	48	67	4.0	58.0	30.0	22	3.0	29.0	15.0	88	0	0.031247377395629883	700	3.202904462814331	525	25.0	
3.5104511415645685e+25	42.6	3.1030927835051547	31.989690721649485	16.54639175257732	40.87513656602222	7	52	67	5.0	87.0	45.0	22	3.0	29.0	15.0	91	0	0.04687166213989258	800	3.2497761249542236	606	24.25	
356939379.95291924	45.76	3.0208333333333335	29.604166666666668	15.3125	40.87513656602222	8	56	67	4.0	58.0	30.0	22	3.0	29.0	15.0	92	0	0.031247854232788086	900	3.2810239791870117	690	23.33333333333333	
31850333709.39456	46.64	3.0842105263157893	31.442105263157895	16.263157894736842	31.995663134202534	9	61	67	4.0	58.0	30.0	22	3.0	29.0	15.0	97	0	0.031247854232788086	1000	3.3122718334198	771	22.89999999999999	
886359025.780117	51.14	3.11340206185567	32.28865979381443	16.701030927835053	31.995663134202534	10	65	67	5.0	87.0	45.0	22	3.0	29.0	15.0	101	0	0.04687190055847168	1100	3.3591437339782715	854	22.36363636363636	
1.2277602009097114e+28	51.35	3.0721649484536084	31.09278350515464	16.082474226804123	31.995663134202534	11	69	67	5.0	87.0	45.0	22	3.0	29.0	15.0	102	0	0.015623807907104492	1200	3.374767541885376	941	21.58333333333333	
402380041511527.8	52.7	3.13265306122449	32.8469387755102	16.989795918367346	29.934838660527912	12	71	67	5.0	87.0	45.0	22	3.0	29.0	15.0	107	0	0.04687142372131348	1300	3.4216389656066895	1026	21.07692307692308	
1459105017.1689746	53.21	3.1237113402061856	32.58762886597938	16.855670103092784	29.934838660527912	13	75	67	5.0	87.0	45.0	22	3.0	29.0	15.0	110	0	0.015624761581420898	1400	3.4372637271881104	1111	20.64285714285714	
77991818.72913834	56.75	3.183673469387755	34.326530612244895	17.755102040816325	29.934838660527912	14	77	67	5.0	87.0	45.0	22	3.0	29.0	15.0	116	0	0.031247377395629883	1500	3.4685111045837402	1196	20.266666666666666	
5.559395841401421e+21	56.27	3.2268041237113403	35.577319587628864	18.4020618556701	29.934838660527912	15	81	67	4.0	58.0	30.0	22	3.0	29.0	15.0	118	0	0.04687166213989258	1600	3.515382766723633	1284	19.75	
1209286796466.242	59.44	3.2604166666666665	36.552083333333336	18.90625	29.934838660527912	16	85	67	5.0	87.0	45.0	22	3.0	29.0	15.0	123	0	0.031247377395629883	1700	3.5466301441192627	1368	19.529411764705884	
2.3312971601407666e+27	61.68	3.479591836734694	42.90816326530612	22.193877551020407	29.934838660527912	17	87	67	6.0	116.0	60.0	22	3.0	29.0	15.0	128	0	0.06249594688415527	1800	3.609126091003418	1457	19.055555555555557	
7757892533.333358	64.12	3.39	40.31	20.85	29.30518057849725	18	88	67	6	116	60	22	3	29	15	132	0	0.03124833106994629	1900	3.6403744220733643	1544	18.736842105263165	
7.175074803590879e+16	64.36	3.43	41.47	21.45	29.30518057849725	19	88	67	6	116	60	45	3	29	15	137	0	0.04687213897705078	2000	3.687246561050415	1631	18.450000000000003	
2.577771857491388e+25	65.9	3.4242424242424243	41.303030303030305	21.363636363636363	28.304684670573096	20	89	67	6.0	116.0	60.0	45	3.0	29.0	15.0	151	0	0.06249499320983887	2100	3.749741554260254	1710	18.57142857142857	
2.850677586663693e+37	65.9	3.56	45.24	23.4	28.304684670573096	21	89	67	6	116	60	45	3	29	15	161	0	0.03124833106994629	2200	3.7809898853302	1796	18.36363636363636	
1.694086175162165e+33	66.56	3.58	45.82	23.7	28.304684670573096	22	89	67	6	116	60	45	3	29	15	169	0	0.031247615814208984	2300	3.812237501144409	1884	18.086956521739125	
4.330186666666674e+29	66.34	3.45	42.05	21.75	28.304684670573096	23	89	67	6	116	60	45	3	29	15	174	0	0.04687166213989258	2400	3.8591091632843018	1974	17.75	
4.0006893363786983e+30	67.0	3.49	43.21	22.35	28.304684670573096	24	89	67	6	116	60	67	3	29	15	186	0	0.04687213897705078	2500	3.9059813022613525	2055	17.80000000000001	
3.9888315524730867e+23	67.0	3.52	44.08	22.8	28.304684670573096	25	89	67	6	116	60	67	3	29	15	194	0	0.031247854232788086	2600	3.9372291564941406	2140	17.692307692307693	
4.227671584384551e+25	67.0	3.65	47.85	24.75	28.304684670573096	26	89	67	6	116	60	67	3	29	15	208	0	0.04687142372131348	2700	3.984100580215454	2219	17.81481481481481	
613819850.191481	67.0	3.42	41.18	21.3	28.304684670573096	27	89	67	6	116	60	67	3	29	15	214	0	0.04687142372131348	2800	4.030972003936768	2309	17.535714285714292	
2.8641763034383647e+21	67.0	3.37	39.73	20.55	28.304684670573096	28	89	67	6	116	60	67	3	29	15	221	0	0.046872615814208984	2900	4.077844619750977	2395	17.41379310344827	
121006585520192.9	67.0	3.35	39.15	20.25	28.304684670573096	29	89	67	6	116	60	67	3	29	15	227	0	0.046871185302734375	3000	4.124715805053711	2485	17.166666666666657	
3.2075111195140864e+17	67.0	3.39	40.31	20.85	28.304684670573096	30	89	67	6	116	60	67	3	29	15	236	0	0.031247854232788086	3100	4.155963659286499	2572	17.032258064516128	
3870524764.8525715	67.0	3.41	40.89	21.15	27.69406788710774	31	89	67	6	116	60	67	3	29	15	246	0	0.04687213897705078	3200	4.20283579826355	2657	16.96875	
7.438969196240632e+29	67.0	3.44	41.76	21.6	27.69406788710774	32	89	67	6	116	60	67	3	29	15	257	0	0.031247854232788086	3300	4.234083652496338	2742	16.909090909090907	
5.86196899654828e+39	67.0	3.32	38.28	19.8	27.69406788710774	33	89	67	6	116	60	67	3	29	15	266	0	0.04687166213989258	3400	4.2809553146362305	2827	16.852941176470594	
1.2932848075737752e+16	67.0	3.34	38.86	20.1	26.332211171438786	34	89	67	6	116	60	67	3	29	15	273	0	0.03124856948852539	3500	4.312203884124756	2917	16.65714285714286	
7.556888992576039e+39	67.0	3.37	39.73	20.55	26.332211171438786	35	89	67	6	116	60	67	3	29	15	278	0	0.031247377395629883	3600	4.343451261520386	3008	16.444444444444443	
1.2885868773877552e+29	67.0	3.38	40.02	20.7	26.332211171438786	36	89	67	6	116	60	67	3	29	15	281	0	0.031248092651367188	3700	4.374699354171753	3100	16.21621621621621	
1.5159058539647778e+36	67.0	3.26	36.54	18.9	26.332211171438786	37	89	67	6	116	60	67	3	29	15	285	0	0.04687142372131348	3800	4.421570777893066	3184	16.21052631578948	
1.0719162105991752e+26	67.0	3.27	36.83	19.05	26.332211171438786	38	89	67	6	116	60	67	3	29	15	286	0	0.031249046325683594	3900	4.45281982421875	3273	16.07692307692308	
1.218726256770272e+40	67.0	3.21	35.09	18.15	26.332211171438786	39	89	67	4	58	30	67	3	29	15	291	0	0.04687094688415527	4000	4.499690771102905	3361	15.974999999999994	
7.725175824354618e+36	67.0	3.19	34.51	17.85	26.332211171438786	40	89	67	6	116	60	67	3	29	15	298	0	0.04687213897705078	4100	4.546562910079956	3446	15.951219512195124	
6.011627096848922e+22	67.0	3.21	35.09	18.15	26.332211171438786	41	89	67	6	116	60	67	3	29	15	303	0	0.03124690055847168	4200	4.577809810638428	3535	15.833333333333329	
2.3550563600207556e+26	67.0	3.28	37.12	19.2	26.332211171438786	42	89	67	6	116	60	67	3	29	15	309	0	0.031248092651367188	4300	4.609057903289795	3622	15.767441860465112	
1195313291.6687996	67.0	3.38	40.02	20.7	26.332211171438786	43	89	67	6	116	60	67	3	29	15	314	0	0.031247854232788086	4400	4.640305757522583	3710	15.681818181818187	
8052417908.210869	67.0	3.29	37.41	19.35	26.332211171438786	44	89	67	6	116	60	67	3	29	15	314	0	0.031248092651367188	4500	4.67155385017395	3799	15.577777777777783	
4.942051155726468e+23	67.0	3.34	38.86	20.1	26.332211171438786	45	89	67	6	116	60	67	3	29	15	318	0	0.031247854232788086	4600	4.702801704406738	3885	15.543478260869563	
2.054245436933687e+32	67.0	3.33	38.57	19.95	26.332211171438786	46	89	67	6	116	60	67	3	29	15	324	0	0.031247854232788086	4700	4.734049558639526	3971	15.510638297872333	
1.9488494347826096e+46	67.0	3.31	37.99	19.65	25.395301031149355	47	89	67	6	116	60	67	3	29	15	333	0	0.04687213897705078	4800	4.780921697616577	4051	15.604166666666657	
1.3409683925454305e+29	67.0	3.32	38.28	19.8	25.395301031149355	48	89	67	6	116	60	67	3	29	15	337	0	0.046872854232788086	4900	4.827794551849365	4142	15.469387755102034	
8.209172033081929e+17	67.0	3.37	39.73	20.55	25.395301031149355	49	89	67	6	116	60	67	3	29	15	340	0	0.031246662139892578	5000	4.859041213989258	4229	15.420000000000002	
4.265900250810794e+39	67.0	3.44	41.76	21.6	25.395301031149355	50	89	67	6	116	60	67	3	29	15	347	0	0.04687237739562988	5100	4.905913591384888	4318	15.333333333333329	
1.3633305239855233e+31	67.0	3.31	37.99	19.65	19.99548437270085	51	89	67	4	58	30	67	3	29	15	351	0	0.03125166893005371	5200	4.937165260314941	4404	15.307692307692307	
9.377622292139318e+24	67.0	3.43	41.47	21.45	19.99548437166003	52	89	67	6	116	60	67	3	29	15	363	0	0.04687142372131348	5300	4.984036684036255	4485	15.377358490566039	
1068763838963259.6	67.0	3.41	40.89	21.15	19.99548437166003	53	89	67	6	116	60	67	3	29	15	369	0	0.04686880111694336	5400	5.030905485153198	4574	15.29629629629629	
1300057878.2260087	67.0	3.41	40.89	21.15	19.99548437166003	54	89	67	6	116	60	67	3	29	15	377	0	0.04687213897705078	5500	5.077777624130249	4661	15.25454545454545	
1.1672796175441896e+24	67.0	3.4	40.6	21.0	19.99548437166003	55	89	67	6	116	60	67	3	29	15	386	0	0.04687190055847168	5600	5.124649524688721	4749	15.19642857142857	
642504540.674297	67.0	3.36	39.44	20.4	19.99548437166003	56	89	67	6	116	60	67	3	29	15	394	0	0.031248807907104492	5700	5.155898332595825	4835	15.175438596491233	
5579258067757.098	67.0	3.37	39.73	20.55	19.99548437166003	57	89	67	6	116	60	67	3	29	15	398	0	0.04686999320983887	5800	5.202768325805664	4925	15.08620689655173	
1.3287842566939967e+36	67.0	3.39	40.31	20.85	19.99548437166003	58	89	67	6	116	60	67	3	29	15	405	0	0.04687166213989258	5900	5.249639987945557	5013	15.033898305084747	
1.8286052431324384e+33	67.0	3.37	39.73	20.55	19.99548437166003	59	89	67	6	116	60	67	3	29	15	406	0	0.04687142372131348	6000	5.29651141166687	5104	14.933333333333337	
5.000143947633905e+32	67.0	3.41	40.89	21.15	19.85034196981732	60	89	67	6	116	60	67	3	29	15	410	0	0.03124833106994629	6100	5.327759742736816	5192	14.885245901639337	
5.242684428014208e+20	67.0	3.53	44.37	22.95	19.85034196981732	61	89	67	6	116	60	67	3	29	15	413	0	0.04687070846557617	6200	5.374630451202393	5284	14.774193548387089	
3201442160.680403	67.0	3.53	44.37	22.95	19.85034196981732	62	89	67	6	116	60	67	3	29	15	419	0	0.04687213897705078	6300	5.421502590179443	5374	14.698412698412696	
1732873832304894.0	67.0	3.46	42.34	21.9	19.85034196981732	63	89	67	6	116	60	67	3	29	15	424	0	0.04687142372131348	6400	5.468374013900757	5464	14.625	
2.675612903557506e+19	67.0	3.61	46.69	24.15	19.85034196981732	64	89	67	6	116	60	67	3	29	15	432	0	0.04687190055847168	6500	5.5152459144592285	5551	14.600000000000009	
3.4382278298107983e+25	67.0	3.56	45.24	23.4	19.85034196981732	65	89	67	6	116	60	67	3	29	15	437	0	0.031249046325683594	6600	5.546494960784912	5643	14.5	
1427198225704336.5	67.0	3.67	48.43	25.05	19.85034196981732	66	89	67	6	116	60	67	3	29	15	444	0	0.031247615814208984	6700	5.577742576599121	5732	14.447761194029852	
1.3443640279937736e+37	67.0	3.36	39.44	20.4	19.85034196981732	67	89	67	6	116	60	67	3	29	15	450	0	0.04687213897705078	6800	5.624614715576172	5819	14.42647058823529	
9.75406263045982e+32	67.0	3.44	41.76	21.6	19.85034196981732	68	89	67	6	116	60	67	3	29	15	455	0	0.04687190055847168	6900	5.6714866161346436	5907	14.391304347826079	
1.9833949291000234e+19	67.0	3.4	40.6	21.0	19.85034196981732	69	89	67	6	116	60	67	3	29	15	461	0	0.03124713897705078	7000	5.702733755111694	5996	14.342857142857142	
8.593537608260086e+17	67.0	3.32	38.28	19.8	19.85034196981732	70	89	67	6	116	60	67	3	29	15	468	0	0.015624284744262695	7100	5.718358039855957	6078	14.39436619718309	
2246902247792.3003	67.0	3.29	37.41	19.35	19.85034196981732	71	89	67	6	116	60	67	3	29	15	473	0	0.04687166213989258	7200	5.76522970199585	6165	14.375	
2.5196363882993334e+17	67.0	3.32	38.28	19.8	19.85034196981732	72	89	67	6	116	60	67	3	29	15	475	0	0.046872854232788086	7300	5.812102556228638	6258	14.273972602739732	
2210820455565.1216	67.0	3.35	39.15	20.25	16.282786615647364	73	89	67	6	116	60	67	3	29	15	476	0	0.04687047004699707	7400	5.858973026275635	6351	14.175675675675677	
331730650795.1044	67.0	3.51	43.79	22.65	16.282786615647364	74	89	67	6	116	60	67	3	29	15	479	0	0.04687237739562988	7500	5.905845403671265	6440	14.133333333333326	
1.0015415016050955e+33	67.0	3.37	39.73	20.55	16.282786615647364	75	89	67	6	116	60	67	3	29	15	482	0	0.03124713897705078	7600	5.937092542648315	6532	14.05263157894737	
2.4497644576299172e+16	67.0	3.49	43.21	22.35	16.282786615647364	76	89	67	6	116	60	67	3	29	15	483	0	0.0468754768371582	7700	5.983968019485474	6626	13.94805194805194	
1853605496.4714124	67.0	3.41	40.89	21.15	16.282786615647364	77	89	67	6	116	60	67	3	29	15	490	0	0.031244993209838867	7800	6.0152130126953125	6703	14.06410256410257	
2003453874.1922805	67.0	3.23	35.67	18.45	16.282786615647364	78	89	67	6	116	60	67	3	29	15	491	0	0.04687166213989258	7900	6.062084674835205	6794	14.0	
2689522468.5007567	67.0	3.33	38.57	19.95	16.282786615647364	79	89	67	6	116	60	67	3	29	15	496	0	0.03124833106994629	8000	6.093333005905151	6883	13.962500000000006	
9110933445.07645	67.0	3.4	40.6	21.0	16.130393735424807	80	89	67	6	116	60	67	3	29	15	500	0	0.03124713897705078	8100	6.124580144882202	6970	13.95061728395062	
5573161257.277134	67.0	3.46	42.34	21.9	16.130393735424807	81	89	67	6	116	60	67	3	29	15	506	0	0.031247854232788086	8200	6.15582799911499	7056	13.951219512195124	
3.7234042553191656e+35	67.0	3.5	43.5	22.5	16.130393735424807	82	89	67	6	116	60	67	3	29	15	513	0	0.04687190055847168	8300	6.202699899673462	7137	14.01204819277109	
1.1394711086219263e+18	67.0	3.47	42.63	22.05	16.130393735424807	83	89	67	6	116	60	67	3	29	15	515	0	0.04687166213989258	8400	6.2495715618133545	7227	13.964285714285722	
5.670103092783506e+35	67.0	3.42	41.18	21.3	16.130393735424807	84	89	67	6	116	60	67	3	29	15	519	0	0.04687213897705078	8500	6.296443700790405	7319	13.89411764705882	
1.0760961002781593e+37	67.0	3.51	43.79	22.65	16.001849723773244	85	89	67	6	116	60	67	3	29	15	530	0	0.031247377395629883	8600	6.327691078186035	7403	13.918604651162795	
2.2620773378469577e+23	67.0	3.42	41.18	21.3	16.001849723773244	86	89	67	5	87	45	67	3	29	15	534	0	0.04687142372131348	8700	6.374562501907349	7490	13.908045977011497	
1.2854204224457147e+34	67.0	3.37	39.73	20.55	16.001849723773244	87	89	67	6	116	60	67	3	29	15	537	0	0.04687166213989258	8800	6.421434164047241	7579	13.875	
4.7331228580412455e+25	67.0	3.34	38.86	20.1	15.152824926733448	88	89	67	6	116	60	67	3	29	15	541	0	0.031247854232788086	8900	6.452682018280029	7673	13.786516853932582	
599317046.5590849	67.0	3.34	38.86	20.1	15.152824926733448	89	89	67	6	116	60	67	3	29	15	544	0	0.031247615814208984	9000	6.483929634094238	7760	13.777777777777771	
86987366.19580135	67.0	3.32	38.28	19.8	15.152824926733448	90	89	67	4	58	30	67	3	29	15	545	0	0.03124856948852539	9100	6.515178203582764	7849	13.747252747252745	
5.144905962151611e+28	67.0	3.33	38.57	19.95	15.152824926733448	91	89	67	4	58	30	67	3	29	15	548	0	0.04687213897705078	9200	6.5620503425598145	7938	13.717391304347828	
6.033952538536777e+33	67.0	3.49	43.21	22.35	15.152824926733448	92	89	67	6	116	60	67	3	29	15	551	0	0.04687094688415527	9300	6.60892128944397	8022	13.741935483870975	
3569893284691521.5	67.0	3.52	44.08	22.8	15.152824926733448	93	89	67	6	116	60	67	3	29	15	559	0	0.031247377395629883	9400	6.6401686668396	8107	13.755319148936167	
4.767346938780659e+25	67.0	3.45	42.05	21.75	15.152824926733448	94	89	67	4	58	30	67	3	29	15	562	0	0.046872615814208984	9500	6.687041282653809	8200	13.68421052631578	
4.07894736985685e+28	67.0	3.54	44.66	23.1	15.152824926733448	95	89	67	6	116	60	67	3	29	15	568	0	0.04687142372131348	9600	6.733912706375122	8290	13.645833333333329	
1.9222322477483229e+25	67.0	3.57	45.53	23.55	15.152824926733448	96	89	67	6	116	60	67	3	29	15	570	0	0.04687166213989258	9700	6.780784368515015	8384	13.567010309278345	
2.448085714289863e+36	67.0	3.61	46.69	24.15	15.152824898070405	97	89	67	6	116	60	67	3	29	15	573	0	0.031247854232788086	9800	6.812032222747803	8473	13.540816326530617	
7.418181818367438e+36	67.0	3.67	48.43	25.05	15.152824898070405	98	89	67	6	116	60	67	3	29	15	575	0	0.062497854232788086	9900	6.874530076980591	8570	13.434343434343432	
2.8155948572348137e+21	67.0	3.47	42.63	22.05	15.152824898070405	99	89	67	6	116	60	67	3	29	15	585	0	0.04687094688415527	10000	6.921401023864746	8651	13.490000000000009	
6.442007291519194e+38	67.0	3.47	42.63	22.05	15.152824898070405	100	89	67	6	116	60	67	3	29	15	591	0	0.04687166213989258	10100	6.968272686004639	8739	13.475247524752476	
1853873880.4173844	67.0	3.49	43.21	22.35	15.152824898070405	101	89	67	6	116	60	67	3	29	15	596	0	0.04687190055847168	10200	7.01514458656311	8830	13.4313725490196	
3.809819724601227e+35	67.0	3.58	45.82	23.7	15.152824898070405	102	89	67	6	116	60	67	3	29	15	599	0	0.031247615814208984	10300	7.046392202377319	8921	13.388349514563103	
1898144924.0306737	67.0	3.52	44.08	22.8	15.152824898070405	103	89	67	6	116	60	67	3	29	15	600	0	0.03124690055847168	10400	7.077639102935791	9014	13.32692307692308	
6.474943320658656e+30	67.0	3.6	46.4	24.0	15.152824898070405	104	89	67	6	116	60	67	3	29	15	608	0	0.046872854232788086	10500	7.124511957168579	9102	13.314285714285717	
2.4920856048165198e+45	67.0	3.71	49.59	25.65	15.152824898070405	105	89	67	6	116	60	67	3	29	15	615	0	0.04687213897705078	10600	7.17138409614563	9192	13.283018867924525	
7.057440074321506e+30	67.0	3.67	48.43	25.05	15.152824898070405	106	89	67	6	116	60	67	3	29	15	618	0	0.04686999320983887	10700	7.218254089355469	9284	13.233644859813083	
8.090357454864142e+27	67.0	3.74	50.46	26.1	15.152824898070405	107	89	67	6	116	60	67	3	29	15	628	0	0.04687213897705078	10800	7.2651262283325195	9368	13.259259259259267	
4.60764037182015e+30	67.0	3.41	40.89	21.15	15.152824898070405	108	89	67	6	116	60	67	3	29	15	635	0	0.04687309265136719	10900	7.311999320983887	9454	13.266055045871568	
6.267214116887327e+31	67.0	3.5	43.5	22.5	15.152824898070405	109	89	67	6	116	60	67	3	29	15	642	0	0.04687142372131348	11000	7.3588707447052	9543	13.24545454545455	
8.002183178002988e+21	67.0	3.31	37.99	19.65	15.152824898070405	110	89	67	6	116	60	67	3	29	15	649	0	0.046875	11100	7.4057457447052	9630	13.243243243243242	
1099782716.7900803	67.0	3.37	39.73	20.55	15.152824898070405	111	89	67	6	116	60	67	3	29	15	657	0	0.04686927795410156	11200	7.452615022659302	9716	13.25	
2260848906.3226905	67.0	3.34	38.86	20.1	15.152824898070405	112	89	67	6	116	60	67	3	29	15	660	0	0.03124713897705078	11300	7.4838621616363525	9805	13.230088495575217	
1.9545655188492626e+20	67.0	3.48	42.92	22.2	15.152824898070405	113	89	67	6	116	60	67	3	29	15	664	0	0.046872615814208984	11400	7.5307347774505615	9896	13.192982456140356	
2.0345490384379876e+34	67.0	3.57	45.53	23.55	15.152824898070405	114	89	67	6	116	60	67	3	29	15	671	0	0.04687213897705078	11500	7.577606916427612	9987	13.15652173913044	
3.619525124740378e+28	67.0	3.64	47.56	24.6	15.152824898070405	115	89	67	6	116	60	67	3	29	15	680	0	0.046869754791259766	11600	7.624476671218872	10072	13.172413793103445	
1.9921572091068268e+34	67.0	3.42	41.18	21.3	15.152824898070405	116	89	67	4	58	30	67	3	29	15	685	0	0.04687190055847168	11700	7.671348571777344	10163	13.136752136752136	
7.719086297872345e+35	67.0	3.56	45.24	23.4	15.152824898070405	117	89	67	6	116	60	67	3	29	15	692	0	0.031247854232788086	11800	7.702596426010132	10249	13.144067796610173	
5.71648413966317e+27	67.0	3.54	44.66	23.1	15.152824898070405	118	89	67	6	116	60	67	3	29	15	698	0	0.04687333106994629	11900	7.749469757080078	10341	13.100840336134453	
6.880867348813043e+25	67.0	3.47	42.63	22.05	15.152824898070405	119	89	67	6	116	60	67	3	29	15	701	0	0.04687237739562988	12000	7.796342134475708	10431	13.075000000000003	
2.2477443878094064e+21	67.0	3.52	44.08	22.8	15.152824898070405	120	89	67	6	116	60	67	3	29	15	704	0	0.04686999320983887	12100	7.843212127685547	10525	13.016528925619824	
1442558810968.6226	67.0	3.56	45.24	23.4	15.152824898070405	121	89	67	6	116	60	67	3	29	15	708	0	0.04687142372131348	12200	7.89008355140686	10616	12.983606557377044	
3.543823271963127e+29	67.0	3.74	50.46	26.1	15.152824898070405	122	89	67	6	116	60	67	3	29	15	712	0	0.04687190055847168	12300	7.936955451965332	10709	12.934959349593498	
3.0957847356841968e+28	67.0	3.71	49.59	25.65	15.152824898070405	123	89	67	6	116	60	67	3	29	15	721	0	0.04687190055847168	12400	7.983827352523804	10796	12.935483870967744	
2.5499244388760644e+30	67.0	3.71	49.59	25.65	15.152824898070405	124	89	67	6	116	60	67	3	29	15	730	0	0.031248092651367188	12500	8.015075445175171	10884	12.927999999999997	
1.1438949082830035e+30	67.0	3.66	48.14	24.9	15.152824898070405	125	89	67	6	116	60	67	3	29	15	736	0	0.031249523162841797	12600	8.046324968338013	10975	12.896825396825392	
3.905121207330091e+29	67.0	3.62	46.98	24.3	15.152824898070405	126	89	67	6	116	60	67	3	29	15	743	0	0.03124713897705078	12700	8.077572107315063	11065	12.874015748031496	
5.407417582466374e+25	67.0	3.66	48.14	24.9	15.152824898070405	127	89	67	6	116	60	67	3	29	15	753	0	0.04687023162841797	12800	8.124442338943481	11151	12.8828125	
1.1681233147376798e+24	67.0	3.62	46.98	24.3	15.152824898070405	128	89	67	6	116	60	67	3	29	15	764	0	0.031247615814208984	12900	8.15568995475769	11237	12.89147286821705	
2.5366831020415772e+38	67.0	3.57	45.53	23.55	15.152824898070405	129	89	67	6	116	60	67	3	29	15	767	0	0.031248092651367188	13000	8.186938047409058	11330	12.846153846153854	
1.988004716174827e+29	67.0	3.52	44.08	22.8	15.152824898070405	130	89	67	6	116	60	67	3	29	15	774	0	0.015624046325683594	13100	8.202562093734741	11417	12.84732824427482	
1.5771011291973912e+35	67.0	3.56	45.24	23.4	15.152824898070405	131	89	67	6	116	60	67	3	29	15	782	0	0.04687190055847168	13200	8.249433994293213	11503	12.856060606060609	
1.7934548440207156e+24	67.0	3.47	42.63	22.05	15.152824898070405	132	89	67	6	116	60	67	3	29	15	788	0	0.031247854232788086	13300	8.280681848526001	11594	12.827067669172934	
8.107979289282883e+28	67.0	3.35	39.15	20.25	15.152824898070405	133	89	67	6	116	60	67	3	29	15	793	0	0.04687166213989258	13400	8.327553510665894	11682	12.82089552238807	
4.971336757504793e+31	67.0	3.31	37.99	19.65	15.152824898070405	134	89	67	6	116	60	67	3	29	15	796	0	0.031247854232788086	13500	8.358801364898682	11772	12.799999999999997	
4.070981845445506e+27	67.0	3.4	40.6	21.0	15.152824898070405	135	89	67	6	116	60	67	3	29	15	799	0	0.04687213897705078	13600	8.405673503875732	11861	12.786764705882348	
1529151236.9952307	67.0	3.34	38.86	20.1	15.152824898070405	136	89	67	4	58	30	67	3	29	15	801	0	0.031248092651367188	13700	8.4369215965271	11948	12.788321167883211	
9.388170295308064e+39	67.0	3.48	42.92	22.2	15.152824898070405	137	89	67	6	116	60	67	3	29	15	806	0	0.04687070846557617	13800	8.483792304992676	12037	12.775362318840578	
7.597568984097519e+30	67.0	3.58	45.82	23.7	15.152824898070405	138	89	67	6	116	60	67	3	29	15	810	0	0.04687237739562988	13900	8.530664682388306	12123	12.784172661870514	
2.1024953667583044e+30	67.0	3.58	45.82	23.7	15.152824898070405	139	89	67	6	116	60	67	3	29	15	815	0	0.03124833106994629	14000	8.561913013458252	12213	12.76428571428572	
4.069642091298073e+26	67.0	3.49	43.21	22.35	14.94219989610508	140	89	67	6	116	60	67	3	29	15	818	0	0.031248092651367188	14100	8.59316110610962	12306	12.723404255319153	
1.0067260270230305e+32	67.0	3.49	43.21	22.35	14.942199894821131	141	89	67	6	116	60	67	3	29	15	826	0	0.046871185302734375	14200	8.640032291412354	12393	12.725352112676063	
2.1011748343767478e+38	67.0	3.44	41.76	21.6	14.942199894821131	142	89	67	6	116	60	67	3	29	15	833	0	0.04687190055847168	14300	8.686904191970825	12482	12.713286713286706	
4445635106.34608	67.0	3.61	46.69	24.15	14.942199894821131	143	89	67	6	116	60	67	3	29	15	838	0	0.04687142372131348	14400	8.733775615692139	12570	12.708333333333329	
1829041360765177.5	67.0	3.63	47.27	24.45	14.942199894821131	144	89	67	6	116	60	67	3	29	15	846	0	0.031247615814208984	14500	8.765023231506348	12660	12.689655172413794	
1.8676519044542627e+17	67.0	3.5	43.5	22.5	14.942199894821131	145	89	67	6	116	60	67	3	29	15	846	0	0.046872615814208984	14600	8.811895847320557	12754	12.643835616438366	
4.920463101572598e+18	67.0	3.41	40.89	21.15	14.942199894821131	146	89	67	6	116	60	67	3	29	15	857	0	0.046871185302734375	14700	8.858767032623291	12840	12.65306122448979	
1186660726.7977233	67.0	3.41	40.89	21.15	14.942199894821131	147	89	67	6	116	60	67	3	29	15	859	0	0.03124856948852539	14800	8.890015602111816	12931	12.628378378378386	
2941654371.2865944	67.0	3.46	42.34	21.9	14.942199894821131	148	89	67	6	116	60	67	3	29	15	864	0	0.031247377395629883	14900	8.921262979507446	13018	12.63087248322148	
429615108022510.2	67.0	3.48	42.92	22.2	14.942199894821131	149	89	67	6	116	60	67	3	29	15	868	0	0.04687190055847168	15000	8.968134880065918	13106	12.626666666666665	
4.8917731147155425e+25	67.0	3.5	43.5	22.5	14.942199894821131	150	89	67	6	116	60	67	3	29	15	872	0	0.031247615814208984	15100	8.999382495880127	13195	12.615894039735096	
1.0610257810801043e+19	67.0	3.61	46.69	24.15	14.942199894821131	151	89	67	6	116	60	67	3	29	15	882	0	0.04687190055847168	15200	9.046254396438599	13281	12.625	
2.5864179256216613e+41	67.0	3.59	46.11	23.85	14.942199894821131	152	89	67	6	116	60	67	3	29	15	884	0	0.04687190055847168	15300	9.09312629699707	13376	12.575163398692808	
3.58215872381289e+33	67.0	3.59	46.11	23.85	14.942199894821131	153	89	67	6	116	60	67	3	29	15	892	0	0.0468754768371582	15400	9.140001773834229	13464	12.57142857142857	
7.404794245837053e+36	67.0	3.5	43.5	22.5	14.942199894821131	154	89	67	6	116	60	67	3	29	15	901	0	0.046868324279785156	15500	9.186870098114014	13552	12.567741935483866	
5.617707442998633e+20	67.0	3.39	40.31	20.85	14.942199894821131	155	89	67	6	116	60	67	3	29	15	905	0	0.04687166213989258	15600	9.233741760253906	13640	12.56410256410257	
1.4194117946734052e+37	67.0	3.53	44.37	22.95	14.942199894821131	156	89	67	6	116	60	67	3	29	15	909	0	0.04687142372131348	15700	9.28061318397522	13731	12.541401273885356	
1.763137931087654e+26	67.0	3.48	42.92	22.2	14.942199894821131	157	89	67	6	116	60	67	3	29	15	920	0	0.04687190055847168	15800	9.327485084533691	13815	12.563291139240505	
5.503417797876975e+34	67.0	3.42	41.18	21.3	14.942199894821131	158	89	67	6	116	60	67	3	29	15	928	0	0.03124833106994629	15900	9.358733415603638	13900	12.578616352201252	
1.7834775005821862e+16	67.0	3.4	40.6	21.0	14.942199894821131	159	89	67	6	116	60	67	3	29	15	930	0	0.04687166213989258	16000	9.40560507774353	13989	12.568749999999994	
8.596660736725192e+28	67.0	3.53	44.37	22.95	14.942199894821131	160	89	67	6	116	60	67	3	29	15	934	0	0.04687190055847168	16100	9.452476978302002	14082	12.534161490683232	
1.7895695789233349e+24	67.0	3.57	45.53	23.55	14.942199894821131	161	89	67	6	116	60	67	3	29	15	940	0	0.031247854232788086	16200	9.48372483253479	14168	12.543209876543216	
2.3812905451320087e+27	67.0	3.44	41.76	21.6	14.942199894821131	162	89	67	6	116	60	67	3	29	15	946	0	0.04687190055847168	16300	9.530596733093262	14257	12.533742331288352	
1.2618365001852573e+17	67.0	3.42	41.18	21.3	14.942199894821131	163	89	67	6	116	60	67	3	29	15	950	0	0.04687094688415527	16400	9.577467679977417	14340	12.560975609756099	
6.954491175976194e+36	67.0	3.31	37.99	19.65	14.942199894821131	164	89	67	4	58	30	67	3	29	15	958	0	0.03124856948852539	16500	9.608716249465942	14420	12.606060606060609	
3.8875171712509913e+40	67.0	3.47	42.63	22.05	14.942199894821131	165	89	67	6	116	60	67	3	29	15	966	0	0.04687166213989258	16600	9.655587911605835	14507	12.608433734939766	
8.09639660189905e+18	67.0	3.38	40.02	20.7	14.942199894821131	166	89	67	6	116	60	67	3	29	15	969	0	0.031248092651367188	16700	9.686836004257202	14597	12.59281437125749	
3.209240459103106e+36	67.0	3.46	42.34	21.9	14.942199894821131	167	89	67	6	116	60	67	3	29	15	973	0	0.046871185302734375	16800	9.733707189559937	14682	12.607142857142861	
4.359283169388582e+23	67.0	3.36	39.44	20.4	14.942199894821131	168	89	67	6	116	60	67	3	29	15	979	0	0.04687213897705078	16900	9.780579328536987	14769	12.6094674556213	
7.081096675472099e+32	67.0	3.43	41.47	21.45	14.942199894821131	169	89	67	6	116	60	67	3	29	15	985	0	0.04687190055847168	17000	9.827451229095459	14860	12.588235294117638	
6.468669997041116e+30	67.0	3.5	43.5	22.5	14.942199894821131	170	89	67	6	116	60	67	3	29	15	986	0	0.031247854232788086	17100	9.858699083328247	14953	12.555555555555557	
1.3539329973163962e+36	67.0	3.51	43.79	22.65	14.942199894821131	171	89	67	6	116	60	67	3	29	15	991	0	0.04687166213989258	17200	9.90557074546814	15040	12.558139534883722	
5.368665997283707e+34	67.0	3.52	44.08	22.8	14.942199894821131	172	89	67	6	116	60	67	3	29	15	995	0	0.04687166213989258	17300	9.952442407608032	15132	12.53179190751446	
5.968510547851497e+20	67.0	3.53	44.37	22.95	14.942199894821131	173	89	67	6	116	60	67	3	29	15	1000	0	0.04687190055847168	17400	9.999314308166504	15222	12.517241379310335	
9.734164745354266e+31	67.0	3.57	45.53	23.55	14.942199894821131	174	89	67	6	116	60	67	3	29	15	1004	0	0.04687142372131348	17500	10.046185731887817	15317	12.474285714285713	
2.886734882454513e+22	67.0	3.6363636363636362	47.45454545454545	24.545454545454547	14.942199894821131	175	90	67	6.0	116.0	60.0	67	3.0	29.0	15.0	1011	0	0.04687213897705078	17600	10.093057870864868	15407	12.46022727272728	
1.588075298749686e+39	67.0	3.7	49.3	25.5	14.942199894821131	176	90	67	6	116	60	67	3	29	15	1014	0	0.046872615814208984	17700	10.139930486679077	15500	12.42937853107344	
1.446733177376487e+36	67.0	3.6	46.4	24.0	14.942199894821131	177	90	67	6	116	60	67	3	29	15	1020	0	0.04687070846557617	17800	10.186801195144653	15583	12.455056179775283	
6.15981546202744e+24	67.0	3.61	46.69	24.15	14.942199894821131	178	90	67	6	116	60	67	3	29	15	1023	0	0.031247854232788086	17900	10.218049049377441	15672	12.44692737430168	
3.610491019111819e+36	67.0	3.75	50.75	26.25	14.942199894821131	179	90	67	6	116	60	67	3	29	15	1030	0	0.04687190055847168	18000	10.264920949935913	15760	12.444444444444443	
2.01395094203908e+40	67.0	3.82	52.78	27.3	14.942199894821131	180	90	67	6	116	60	67	3	29	15	1037	0	0.04687166213989258	18100	10.311792612075806	15851	12.425414364640886	
4.126278197531997e+35	67.0	3.87	54.23	28.05	14.942199894821131	181	90	67	6	116	60	67	3	29	15	1042	0	0.06249642372131348	18200	10.37428903579712	15940	12.417582417582423	
303998415965.92194	67.0	3.67	48.43	25.05	14.942199894821131	182	90	67	6	116	60	67	3	29	15	1054	0	0.046871185302734375	18300	10.421160221099854	16024	12.43715846994536	
1.585245987947515e+28	67.0	3.73	50.17	25.95	14.942199894821131	183	90	67	6	116	60	67	3	29	15	1064	0	0.04687213897705078	18400	10.468032360076904	16110	12.445652173913047	
13396798534.80113	67.0	3.56	45.24	23.4	14.942199894821131	184	90	67	6	116	60	67	3	29	15	1070	0	0.031247615814208984	18500	10.499279975891113	16201	12.427027027027023	
4.5614488550576607e+39	67.0	3.54	44.66	23.1	14.942199894821131	185	90	67	6	116	60	67	3	29	15	1075	0	0.031247854232788086	18600	10.530527830123901	16292	12.408602150537646	
4199982982.664464	67.0	3.47	42.63	22.05	14.942199894821131	186	90	67	6	116	60	67	3	29	15	1079	0	0.06249570846557617	18700	10.593023538589478	16381	12.401069518716582	
3.969936676071005e+36	67.0	3.38	40.02	20.7	14.942199363263034	187	90	67	6	116	60	67	3	29	15	1088	0	0.03124833106994629	18800	10.624271869659424	16459	12.452127659574458	
4.975285227087852e+35	67.0	3.36	39.44	20.4	14.942199363263034	188	90	67	6	116	60	67	3	29	15	1092	0	0.015623092651367188	18900	10.639894962310791	16548	12.444444444444443	
2.441268667730389e+23	67.0	3.37	39.73	20.55	14.942199363263034	189	90	67	6	116	60	67	3	29	15	1096	0	0.04687213897705078	19000	10.686767101287842	16640	12.421052631578945	
121826247739505.23	67.0	3.19	34.51	17.85	14.942199363263034	190	90	67	4	58	30	67	3	29	15	1101	0	0.031247615814208984	19100	10.71801471710205	16728	12.418848167539267	
6.442622470911332e+19	67.0	3.35	39.15	20.25	14.942199363263034	191	90	67	6	116	60	67	3	29	15	1104	0	0.04687213897705078	19200	10.764886856079102	16818	12.40625	
2.4823627730078464e+17	67.0	3.13	32.77	16.95	14.942199363263034	192	90	67	4	58	30	67	3	29	15	1110	0	0.031247854232788086	19300	10.79613471031189	16902	12.424870466321252	
5.4997547909649786e+17	67.0	3.19	34.51	17.85	14.942199363263034	193	90	67	4	58	30	67	3	29	15	1115	0	0.04687333106994629	19400	10.843008041381836	16988	12.432989690721655	
1187455034589571.0	67.0	3.27	36.83	19.05	14.942199363263034	194	90	67	6	116	60	67	3	29	15	1121	0	0.031246662139892578	19500	10.874254703521729	17080	12.410256410256409	
2271362543.5161443	67.0	3.29	37.41	19.35	14.942199363263034	195	90	67	6	116	60	67	3	29	15	1125	0	0.04687142372131348	19600	10.921126127243042	17169	12.403061224489804	
3267796739.8404603	67.0	3.44	41.76	21.6	14.942199363263034	196	90	67	6	116	60	67	3	29	15	1134	0	0.031247615814208984	19700	10.952373743057251	17253	12.421319796954307	
655194971.2724147	67.0	3.27	36.83	19.05	14.942199363263034	197	90	67	6	116	60	67	3	29	15	1134	0	0.046872854232788086	19800	10.999246597290039	17346	12.393939393939391	
1.3996574185843416e+17	67.0	3.32	38.28	19.8	14.942199363263034	198	90	67	6	116	60	67	3	29	15	1138	0	0.03124713897705078	19900	11.03049373626709	17432	12.40201005025125	
3.600807144958804e+27	67.0	3.4	40.6	21.0	14.942199363263034	199	90	67	6	116	60	67	3	29	15	1143	0	0.031248092651367188	20000	11.061741828918457	17520	12.400000000000006	
6.443346059913531e+25	67.0	3.51	43.79	22.65	14.942199363263034	200	90	67	6	116	60	67	3	29	15	1145	0	0.04687166213989258	20100	11.10861349105835	17618	12.34825870646766	
9.83552171689834e+32	67.0	3.5	43.5	22.5	14.942199363263034	201	90	67	6	116	60	67	3	29	15	1151	0	0.04687190055847168	20200	11.155485391616821	17704	12.356435643564353	
8.314532371337852e+33	67.0	3.58	45.82	23.7	14.942199363263034	202	90	67	6	116	60	67	3	29	15	1154	0	0.04687166213989258	20300	11.202357053756714	17791	12.35960591133005	
3.3175195067900214e+27	67.0	3.33	38.57	19.95	14.942199363263034	203	90	67	4	58	30	67	3	29	15	1159	0	0.031247615814208984	20400	11.233604669570923	17881	12.348039215686285	
1223397905643.6216	67.0	3.47	42.63	22.05	14.942199363263034	204	90	67	6	116	60	67	3	29	15	1162	0	0.04687190055847168	20500	11.280476570129395	17971	12.336585365853665	
1.5464341416828414e+29	67.0	3.5	43.5	22.5	14.942199363263034	205	90	67	6	116	60	67	3	29	15	1166	0	0.046872615814208984	20600	11.327349185943604	18060	12.330097087378647	
3016970768.037555	67.0	3.62	46.98	24.3	14.942199363263034	206	90	67	6	116	60	67	3	29	15	1171	0	0.031246662139892578	20700	11.358595848083496	18151	12.31400966183574	
6.396579697566232e+20	67.0	3.64	47.56	24.6	14.942199363263034	207	90	67	6	116	60	67	3	29	15	1177	0	0.031248092651367188	20800	11.389843940734863	18241	12.302884615384613	
5.102568041415235e+28	67.0	3.68	48.72	25.2	14.942199363263034	208	90	67	6	116	60	67	3	29	15	1183	0	0.031247854232788086	20900	11.421091794967651	18330	12.296650717703344	
5.261236842105689e+34	67.0	3.74	50.46	26.1	14.942199363263034	209	90	67	6	116	60	67	3	29	15	1189	0	0.062496185302734375	21000	11.483587980270386	18418	12.29523809523809	
4.443958960148644e+34	67.0	3.48	42.92	22.2	14.942199363263034	210	90	67	6	116	60	67	3	29	15	1198	0	0.031248092651367188	21100	11.514836072921753	18503	12.308056872037923	
2963199320.188595	67.0	3.4	40.6	21.0	14.942199363263034	211	90	67	6	116	60	67	3	29	15	1199	0	0.04687070846557617	21200	11.561706781387329	18595	12.287735849056602	
2.6182205857032375e+34	67.0	3.39	40.31	20.85	14.942199363263034	212	90	67	6	116	60	67	3	29	15	1203	0	0.046872854232788086	21300	11.608579635620117	18686	12.272300469483568	
2.894657361702261e+38	67.0	3.52	44.08	22.8	14.942199363263034	213	90	67	6	116	60	67	3	29	15	1210	0	0.04687190055847168	21400	11.655451536178589	18774	12.271028037383175	
1.9719502273830816e+32	67.0	3.55	44.95	23.25	14.942199363263034	214	90	67	6	116	60	67	3	29	15	1220	0	0.046871185302734375	21500	11.702322721481323	18856	12.297674418604657	
3.124696105172632e+34	67.0	3.62	46.98	24.3	14.942199363263034	215	90	67	6	116	60	67	3	29	15	1226	0	0.031247615814208984	21600	11.733570337295532	18947	12.282407407407405	
4.935912906540308e+28	67.0	3.74	50.46	26.1	14.942199363263034	216	90	67	6	116	60	67	3	29	15	1231	0	0.03124856948852539	21700	11.764818906784058	19039	12.2626728110599	
2.806997306572816e+33	67.0	3.71	49.59	25.65	14.942199363263034	217	90	67	6	116	60	67	3	29	15	1236	0	0.04687237739562988	21800	11.811691284179688	19127	12.26146788990826	
3.847686075502874e+23	67.0	3.48	42.92	22.2	14.942199363263034	218	90	67	6	116	60	67	3	29	15	1237	0	0.031246662139892578	21900	11.84293794631958	19217	12.251141552511413	
1.4523887355446972e+26	67.0	3.47	42.63	22.05	14.942199363263034	219	90	67	6	116	60	67	3	29	15	1243	0	0.046872854232788086	22000	11.889810800552368	19301	12.268181818181816	
4.29556592549048e+32	67.0	3.38	40.02	20.7	14.942199363263034	220	90	67	6	116	60	67	3	29	15	1245	0	0.04687094688415527	22100	11.936681747436523	19389	12.266968325791865	
6.010974658959507e+25	67.0	3.34	38.86	20.1	14.942199363263034	221	90	67	6	116	60	67	3	29	15	1254	0	0.031247854232788086	22200	11.967929601669312	19473	12.28378378378379	
2.142338806637723e+31	67.0	3.35	39.15	20.25	14.942199363263034	222	90	67	6	116	60	67	3	29	15	1262	0	0.04687142372131348	22300	12.014801025390625	19555	12.309417040358738	
1.325887308199459e+18	67.0	3.36	39.44	20.4	14.942199363263034	223	90	67	6	116	60	67	3	29	15	1265	0	0.031247854232788086	22400	12.046048879623413	19647	12.29017857142857	
3.8900455e+27	67.0	3.32	38.28	19.8	14.942199363263034	224	90	67	4	58	30	67	3	29	15	1270	0	0.03124833106994629	22500	12.07729721069336	19738	12.275555555555556	
1.4040115276899178e+29	67.0	3.39	40.31	20.85	14.942199363263034	225	90	67	6	116	60	67	3	29	15	1275	0	0.031247615814208984	22600	12.108544826507568	19825	12.27876106194691	
1.251616909829386e+37	67.0	3.39	40.31	20.85	14.942199363263034	226	90	67	6	116	60	67	3	29	15	1277	0	0.04687190055847168	22700	12.15541672706604	19921	12.242290748898682	
3.8221640471161734e+17	67.0	3.38	40.02	20.7	14.942199363263034	227	90	67	6	116	60	67	3	29	15	1287	0	0.04687166213989258	22800	12.202288389205933	20005	12.258771929824562	
1.5603627410155062e+41	67.0	3.46	42.34	21.9	14.942199363263034	228	90	67	6	116	60	67	3	29	15	1296	0	0.046872615814208984	22900	12.249161005020142	20089	12.275109170305683	
3748309795.288754	67.0	3.63	47.27	24.45	14.942199363263034	229	90	67	6	116	60	67	3	29	15	1302	0	0.03124690055847168	23000	12.280407905578613	20179	12.265217391304347	
9.89834617712686e+28	67.0	3.4444444444444446	41.888888888888886	21.666666666666668	14.942199363263034	230	91	67	6.0	116.0	60.0	67	3.0	29.0	15.0	1307	0	0.031248092651367188	23100	12.31165599822998	20269	12.255411255411246	
4.081637390098694e+34	67.0	3.33	38.57	19.95	14.942199363263034	231	91	67	6	116	60	67	3	29	15	1313	0	0.04687237739562988	23200	12.35852837562561	20356	12.258620689655174	
6.241764790065393e+20	67.0	3.36	39.44	20.4	14.942199363263034	232	91	67	6	116	60	67	3	29	15	1318	0	0.046871185302734375	23300	12.405399560928345	20444	12.257510729613728	
5.30078988799397e+23	67.0	3.24	35.96	18.6	14.942199363263034	233	91	67	6	116	60	67	3	29	15	1319	0	0.031247615814208984	23400	12.436647176742554	20533	12.25213675213675	
5.248119663506036e+26	67.0	3.37	39.73	20.55	14.942199363263034	234	91	67	6	116	60	67	3	29	15	1324	0	0.04687190055847168	23500	12.483519077301025	20621	12.251063829787228	
3.506008742446481e+29	67.0	3.35	39.15	20.25	14.942199363263034	235	91	67	6	116	60	67	3	29	15	1330	0	0.03124833106994629	23600	12.514767408370972	20708	12.254237288135599	
3304399121.1541924	67.0	3.4	40.6	21.0	14.942199363263034	236	91	67	6	116	60	67	3	29	15	1335	0	0.031247615814208984	23700	12.54601502418518	20796	12.25316455696202	
72174630012413.61	67.0	3.59	46.11	23.85	14.942199363263034	237	91	67	6	116	60	67	3	29	15	1340	0	0.031248092651367188	23800	12.577263116836548	20887	12.23949579831934	
3.8386129073389914e+17	67.0	3.51	43.79	22.65	14.942199363263034	238	91	67	6	116	60	67	3	29	15	1343	0	0.04687142372131348	23900	12.624134540557861	20979	12.221757322175733	
3.2821579008089325e+17	67.0	3.44	41.76	21.6	14.942199363263034	239	91	67	6	116	60	67	3	29	15	1349	0	0.04687166213989258	24000	12.671006202697754	21070	12.208333333333329	
1.2267040343983915e+23	67.0	3.52	44.08	22.8	14.942199363263034	240	91	67	6	116	60	67	3	29	15	1353	0	0.031247854232788086	24100	12.702254056930542	21162	12.190871369294612	
2.8279425560021864e+21	67.0	3.39	40.31	20.85	14.942199363263034	241	91	67	6	116	60	67	3	29	15	1359	0	0.04687190055847168	24200	12.749125957489014	21252	12.181818181818187	
1.2140819990245815e+20	67.0	3.47	42.63	22.05	14.942199363263034	242	91	67	6	116	60	67	3	29	15	1362	0	0.04687166213989258	24300	12.795997619628906	21340	12.18106995884773	
1342281966.2015018	67.0	3.36	39.44	20.4	14.942199363263034	243	91	67	6	116	60	67	3	29	15	1366	0	0.04687213897705078	24400	12.842869758605957	21430	12.172131147540995	
1.8894808163287832e+21	67.0	3.43	41.47	21.45	14.942199363263034	244	91	67	6	116	60	67	3	29	15	1369	0	0.04687190055847168	24500	12.889741659164429	21520	12.163265306122454	
5.029724582891678e+35	67.0	3.47	42.63	22.05	14.942199363263034	245	91	67	6	116	60	67	3	29	15	1373	0	0.04687166213989258	24600	12.936613321304321	21614	12.138211382113823	
5126666016008.18	67.0	3.45	42.05	21.75	14.942199363263034	246	91	67	6	116	60	67	3	29	15	1382	0	0.04687166213989258	24700	12.983484983444214	21703	12.1336032388664	
1.2954091298360137e+36	67.0	3.5	43.5	22.5	14.942199363263034	247	91	67	6	116	60	67	3	29	15	1388	0	0.04687213897705078	24800	13.030357122421265	21793	12.125	
2.7687922088181843e+29	67.0	3.37	39.73	20.55	14.942199363263034	248	91	67	6	116	60	67	3	29	15	1390	0	0.04687142372131348	24900	13.077228546142578	21886	12.104417670682736	
4.24293653247748e+18	67.0	3.5	43.5	22.5	14.942199363263034	249	91	67	6	116	60	67	3	29	15	1399	0	0.04687166213989258	25000	13.12410020828247	21971	12.116	
3.5475990212998723e+18	67.0	3.25	36.25	18.75	14.942199363263034	250	91	67	6	116	60	67	3	29	15	1401	0	0.031248092651367188	25100	13.155348300933838	22063	12.099601593625493	
2006947649.88915	67.0	3.36	39.44	20.4	14.942199363263034	251	91	67	6	116	60	67	3	29	15	1403	0	0.04687213897705078	25200	13.202220439910889	22155	12.083333333333329	
764288159.4847883	67.0	3.31	37.99	19.65	14.942199363263034	252	91	67	6	116	60	67	3	29	15	1410	0	0.03124713897705078	25300	13.23346757888794	22242	12.08695652173914	
4.5869984743853366e+27	67.0	3.5	43.5	22.5	14.942199363263034	253	91	67	6	116	60	67	3	29	15	1418	0	0.04687213897705078	25400	13.28033971786499	22331	12.082677165354326	
5869482684714284.0	67.0	3.48	42.92	22.2	14.942199363263034	254	91	67	6	116	60	67	3	29	15	1423	0	0.031247854232788086	25500	13.311587572097778	22415	12.09803921568627	
1.008556047879116e+16	67.0	3.84	53.36	27.6	14.942199363263034	255	91	67	6	116	60	67	3	29	15	1433	0	0.04687166213989258	25600	13.358459234237671	22504	12.09375	
2.4469875957446903e+42	67.0	3.6	46.4	24.0	14.942199363263034	256	91	67	6	116	60	67	3	29	15	1440	0	0.04687166213989258	25700	13.405330896377563	22591	12.097276264591443	
4.843603192287828e+16	67.0	3.62	46.98	24.3	14.942199363263034	257	91	67	6	116	60	67	3	29	15	1445	0	0.04687190055847168	25800	13.452202796936035	22683	12.081395348837205	
8.670000295571134e+16	67.0	3.67	48.43	25.05	14.942199363263034	258	91	67	6	116	60	67	3	29	15	1450	0	0.04687237739562988	25900	13.499075174331665	22773	12.073359073359072	
5.169934690611536e+30	67.0	3.73	50.17	25.95	14.942199363263034	259	91	67	6	116	60	67	3	29	15	1455	0	0.04687142372131348	26000	13.545946598052979	22866	12.053846153846152	
2.255067000000007e+34	67.0	3.79	51.91	26.85	14.942199363263034	260	91	67	6	116	60	67	3	29	15	1460	0	0.031247377395629883	26100	13.577193975448608	22959	12.034482758620697	
2.2131228854466515e+26	67.0	3.74	50.46	26.1	14.942199363263034	261	91	67	6	116	60	67	3	29	15	1466	0	0.06249666213989258	26200	13.639690637588501	23050	12.022900763358777	
9.324473591132036e+31	67.0	3.75	50.75	26.25	14.942199363263034	262	91	67	6	116	60	67	3	29	15	1468	0	0.04687166213989258	26300	13.686562299728394	23146	11.99239543726236	
8.854484263686394e+16	67.0	3.66	48.14	24.9	14.942199363263034	263	91	67	6	116	60	67	3	29	15	1475	0	0.04687142372131348	26400	13.733433723449707	23233	11.996212121212125	
2.484032951683637e+24	67.0	3.68	48.72	25.2	14.942199363263034	264	91	67	6	116	60	67	3	29	15	1485	0	0.04687190055847168	26500	13.780305624008179	23319	12.003773584905659	
4.0426156388366124e+34	67.0	3.71	49.59	25.65	14.942199363263034	265	91	67	6	116	60	67	3	29	15	1490	0	0.04687166213989258	26600	13.827177286148071	23409	11.996240601503757	
2.5992422985366634e+34	67.0	3.62	46.98	24.3	14.942199363263034	266	91	67	6	116	60	67	3	29	15	1498	0	0.031247615814208984	26700	13.85842490196228	23494	12.00749063670412	
1.2898320494546725e+28	67.0	3.71	49.59	25.65	14.942199363263034	267	91	67	6	116	60	67	3	29	15	1502	0	0.04687237739562988	26800	13.90529727935791	23586	11.992537313432834	
1.1962958508197057e+45	67.0	3.7	49.3	25.5	14.942199363263034	268	91	67	6	116	60	67	3	29	15	1508	0	0.04687142372131348	26900	13.952168703079224	23676	11.985130111524171	
2.3366094127659576e+28	67.0	3.71	49.59	25.65	14.942199363263034	269	91	67	6	116	60	67	3	29	15	1515	0	0.04687190055847168	27000	13.999040603637695	23764	11.985185185185188	
5.068986456718369e+29	67.0	3.74	50.46	26.1	14.942199363263034	270	91	67	6	116	60	67	3	29	15	1518	0	0.04687190055847168	27100	14.045912504196167	23855	11.974169741697409	
1.318414441526589e+38	67.0	3.79	51.91	26.85	14.942199363263034	271	91	67	6	116	60	67	3	29	15	1525	0	0.04687190055847168	27200	14.092784404754639	23948	11.955882352941174	
5.999306250005815e+25	67.0	3.78	51.62	26.7	14.942199363263034	272	91	67	6	116	60	67	3	29	15	1530	0	0.031247615814208984	27300	14.124032020568848	24040	11.941391941391942	
9.171195131180228e+22	67.0	3.63	47.27	24.45	14.942199363263034	273	91	67	6	116	60	67	3	29	15	1535	0	0.031247377395629883	27400	14.155279397964478	24133	11.923357664233578	
1905780091.8388507	67.0	3.49	43.21	22.35	14.942199363263034	274	91	67	6	116	60	67	3	29	15	1540	0	0.046872615814208984	27500	14.202152013778687	24221	11.923636363636362	
6.681663628063697e+34	67.0	3.45	42.05	21.75	14.942199363263034	275	91	67	6	116	60	67	3	29	15	1542	0	0.046872615814208984	27600	14.249024629592896	24314	11.90579710144928	
1.950952300631937e+27	67.0	3.46	42.34	21.9	14.942199363263034	276	91	67	6	116	60	67	3	29	15	1549	0	0.031246662139892578	27700	14.280271291732788	24402	11.906137184115522	
1.7109020604157e+31	67.0	3.47	42.63	22.05	14.942199363263034	277	91	67	6	116	60	67	3	29	15	1553	0	0.04687190055847168	27800	14.32714319229126	24492	11.899280575539578	
9.088276232735439e+24	67.0	3.58	45.82	23.7	14.942199363263034	278	91	67	6	116	60	67	3	29	15	1558	0	0.04687190055847168	27900	14.374015092849731	24584	11.885304659498203	
4.212960200925278e+17	67.0	3.45	42.05	21.75	14.942199363263034	279	91	67	6	116	60	67	3	29	15	1564	0	0.04687166213989258	28000	14.420886754989624	24671	11.88928571428572	
7.003291546671202e+32	67.0	3.272727272727273	36.90909090909091	19.09090909090909	14.942199363263034	280	92	67	6.0	116.0	60.0	67	3.0	29.0	15.0	1569	0	0.04687190055847168	28100	14.467758655548096	24761	11.882562277580064	
1.576746514744225e+39	67.0	3.57	45.53	23.55	14.942199363263034	281	92	67	6	116	60	67	3	29	15	1576	0	0.031247615814208984	28200	14.499006271362305	24846	11.893617021276597	
1.9043265306204186e+37	67.0	3.4	40.6	21.0	14.942199363263034	282	92	67	6	116	60	67	3	29	15	1579	0	0.04687190055847168	28300	14.545878171920776	24938	11.879858657243815	
7.954323290493108e+39	67.0	3.48	42.92	22.2	14.942199363263034	283	92	67	6	116	60	67	3	29	15	1583	0	0.04687166213989258	28400	14.592749834060669	25023	11.890845070422543	
4.5224491186853153e+27	67.0	3.5	43.5	22.5	14.942199363263034	284	92	67	6	116	60	67	3	29	15	1586	0	0.031247854232788086	28500	14.623997688293457	25106	11.908771929824553	
4.665762680412372e+25	67.0	3.48	42.92	22.2	14.942199363263034	285	92	67	6	116	60	67	3	29	15	1590	0	0.031247854232788086	28600	14.655245542526245	25198	11.895104895104893	
1894416164.3046172	67.0	3.55	44.95	23.25	14.942199363263034	286	92	67	6	116	60	67	3	29	15	1597	0	0.04687213897705078	28700	14.702117681503296	25285	11.898954703832757	
1.8910245480263393e+23	67.0	3.4	40.6	21.0	14.942199363263034	287	92	67	6	116	60	67	3	29	15	1599	0	0.031247854232788086	28800	14.733365535736084	25370	11.909722222222214	
5.582866990895491e+39	67.0	3.51	43.79	22.65	14.942199363263034	288	92	67	6	116	60	67	3	29	15	1603	0	0.04687213897705078	28900	14.780237674713135	25463	11.892733564013838	
1.0855237947579965e+30	67.0	3.59	46.11	23.85	14.942199363263034	289	92	67	6	116	60	67	3	29	15	1606	0	0.04687094688415527	29000	14.82710862159729	25553	11.886206896551727	
1.3175950997177422e+40	67.0	3.64	47.56	24.6	14.942199363263034	290	92	67	6	116	60	67	3	29	15	1614	0	0.04687213897705078	29100	14.87398076057434	25641	11.886597938144334	
9.716524217816334e+31	67.0	3.55	44.95	23.25	14.942199363263034	291	92	67	6	116	60	67	3	29	15	1620	0	0.04687237739562988	29200	14.92085313796997	25730	11.88356164383562	
5.835977755573872e+26	67.0	3.56	45.24	23.4	14.942199363263034	292	92	67	6	116	60	67	3	29	15	1624	0	0.031247615814208984	29300	14.95210075378418	25822	11.870307167235495	
2349273523456.461	67.0	3.55	44.95	23.25	14.942199363263034	293	92	67	6	116	60	67	3	29	15	1627	0	0.04687142372131348	29400	14.998972177505493	25911	11.867346938775512	
1.3488654736843455e+22	67.0	3.59	46.11	23.85	14.942199363263034	294	92	67	6	116	60	67	3	29	15	1633	0	0.04687190055847168	29500	15.045844078063965	25999	11.867796610169492	
7.264361625370091e+34	67.0	3.5	43.5	22.5	14.942199363263034	295	92	67	6	116	60	67	3	29	15	1637	0	0.04687166213989258	29600	15.092715740203857	26091	11.854729729729726	
1.9544087875529656e+37	67.0	3.37	39.73	20.55	14.942199363263034	296	92	67	6	116	60	67	3	29	15	1641	0	0.031249523162841797	29700	15.1239652633667	26179	11.855218855218851	
4.379120196500256e+25	67.0	3.28	37.12	19.2	14.942194047544017	297	92	67	6	116	60	67	3	29	15	1646	0	0.04687023162841797	29800	15.170835494995117	26260	11.879194630872476	
7.787607412042933e+16	67.0	3.37	39.73	20.55	14.942194047544017	298	92	67	6	116	60	67	3	29	15	1652	0	0.031248092651367188	29900	15.202083587646484	26348	11.879598662207357	
8.84078104239242e+29	67.0	3.39	40.31	20.85	14.942194047544017	299	92	67	6	116	60	67	3	29	15	1657	0	0.04687166213989258	30000	15.248955249786377	26438	11.873333333333335	
3.93622370430764e+30	67.0	3.46	42.34	21.9	14.942194047544017	300	92	67	6	116	60	67	3	29	15	1664	0	0.04687166213989258	30100	15.29582691192627	26519	11.897009966777404	
2.700866186360042e+37	67.0	3.48	42.92	22.2	14.942194047544017	301	92	67	6	116	60	67	3	29	15	1671	0	0.031247377395629883	30200	15.3270742893219	26608	11.89403973509934	
4211528502767690.5	67.0	3.6	46.4	24.0	14.942194047544017	302	92	67	6	116	60	67	3	29	15	1682	0	0.04687213897705078	30300	15.37394642829895	26692	11.907590759075902	
2.6797447238542448e+17	67.0	3.61	46.69	24.15	14.942194047544017	303	92	67	6	116	60	67	3	29	15	1689	0	0.031248092651367188	30400	15.405194520950317	26781	11.90460526315789	
228743190613.76505	67.0	3.64	47.56	24.6	14.942194047544017	304	92	67	6	116	60	67	3	29	15	1696	0	0.04687166213989258	30500	15.45206618309021	26869	11.904918032786881	
65068124672.967445	67.0	3.55	44.95	23.25	14.942194047544017	305	92	67	6	116	60	67	3	29	15	1704	0	0.04687190055847168	30600	15.498938083648682	26954	11.915032679738559	
2.2267595345790387e+34	67.0	3.44	41.76	21.6	14.942194047544017	306	92	67	6	116	60	67	3	29	15	1710	0	0.015624284744262695	30700	15.514562368392944	27043	11.91205211726384	
1.0290000135323182e+30	67.0	3.55	44.95	23.25	14.942194047544017	307	92	67	6	116	60	67	3	29	15	1713	0	0.04687142372131348	30800	15.561433792114258	27135	11.899350649350652	
4855649169.20197	67.0	3.54	44.66	23.1	14.942194047544017	308	92	67	6	116	60	67	3	29	15	1718	0	0.04687213897705078	30900	15.608305931091309	27224	11.896440129449843	
8697117689114.0	67.0	3.51	43.79	22.65	14.942194047544017	309	92	67	6	116	60	67	3	29	15	1723	0	0.046871185302734375	31000	15.655177116394043	27315	11.887096774193552	
3.3563439369016464e+21	67.0	3.48	42.92	22.2	14.942194047544017	310	92	67	6	116	60	67	3	29	15	1731	0	0.03124833106994629	31100	15.68642544746399	27402	11.890675241157552	
1.7971202905490133e+29	67.0	3.44	41.76	21.6	14.942194047544017	311	92	67	6	116	60	67	3	29	15	1736	0	0.04687166213989258	31200	15.733297109603882	27490	11.89102564102565	
84096273437.82607	67.0	3.44	41.76	21.6	14.942194047544017	312	92	67	6	116	60	67	3	29	15	1741	0	0.04687213897705078	31300	15.780169248580933	27570	11.91693290734824	
2.931102205852415e+21	67.0	3.34	38.86	20.1	14.942194047544017	313	92	67	6	116	60	67	3	29	15	1746	0	0.03124690055847168	31400	15.811416149139404	27661	11.90764331210191	
754643709124992.4	67.0	3.33	38.57	19.95	14.942194047544017	314	92	67	6	116	60	67	3	29	15	1751	0	0.04687237739562988	31500	15.858288526535034	27747	11.914285714285711	
476652082.8313071	67.0	3.25	36.25	18.75	14.942194047544017	315	92	67	4	58	30	67	3	29	15	1756	0	0.04687166213989258	31600	15.905160188674927	27828	11.936708860759495	
1.0558044182086713e+42	67.0	3.13	32.77	16.95	14.942194047544017	316	92	67	6	116	60	67	3	29	15	1761	0	0.031247854232788086	31700	15.936408042907715	27918	11.930599369085172	
1558093329.390246	67.0	3.21	35.09	18.15	14.942194047544017	317	92	67	6	116	60	67	3	29	15	1764	0	0.031248092651367188	31800	15.967656135559082	28009	11.921383647798748	
3244898609888475.0	67.0	3.28	37.12	19.2	14.942194047544017	318	92	67	6	116	60	67	3	29	15	1767	0	0.031247854232788086	31900	15.99890398979187	28095	11.927899686520377	
706082985.4081752	67.0	3.25	36.25	18.75	14.942194047544017	319	92	67	4	58	30	67	3	29	15	1771	0	0.031247615814208984	32000	16.03015160560608	28185	11.921875	
603310887.9558556	67.0	3.31	37.99	19.65	14.942194047544017	320	92	67	6	116	60	67	3	29	15	1777	0	0.04687190055847168	32100	16.07702350616455	28274	11.919003115264786	
9.836298882362565e+35	67.0	3.39	40.31	20.85	14.942194047544017	321	92	67	6	116	60	67	3	29	15	1780	0	0.04687190055847168	32200	16.123895406723022	28366	11.90683229813665	
4.430670224036007e+34	67.0	3.47	42.63	22.05	14.942194047544017	322	92	67	6	116	60	67	3	29	15	1781	0	0.046872615814208984	32300	16.17076802253723	28456	11.900928792569658	
3.726724702052772e+39	67.0	3.34	38.86	20.1	14.942194047544017	323	92	67	6	116	60	67	3	29	15	1784	0	0.03124690055847168	32400	16.202014923095703	28545	11.898148148148152	
9640349257683348.0	67.0	3.55	44.95	23.25	14.942194047544017	324	92	67	6	116	60	67	3	29	15	1793	0	0.04687213897705078	32500	16.248887062072754	28629	11.910769230769233	
1.5238096500000004e+39	67.0	3.38	40.02	20.7	14.6938300123145	325	92	67	6	116	60	67	3	29	15	1798	0	0.04687142372131348	32600	16.295758485794067	28719	11.90490797546012	
1.9331133479622006e+17	67.0	3.4	40.6	21.0	14.6938300123145	326	92	67	6	116	60	67	3	29	15	1804	0	0.03124833106994629	32700	16.327006816864014	28808	11.902140672782878	
1.0985326203517011e+35	67.0	3.43	41.47	21.45	14.6938300123145	327	92	67	6	116	60	67	3	29	15	1809	0	0.046871185302734375	32800	16.373878002166748	28898	11.896341463414643	
199736580897972.97	67.0	3.34	38.86	20.1	14.6938300123145	328	92	67	6	116	60	67	3	29	15	1812	0	0.04687166213989258	32900	16.42074966430664	28989	11.887537993920972	
1.1423788880718744e+26	67.0	3.25	36.25	18.75	14.6938300123145	329	92	67	6	116	60	67	3	29	15	1815	0	0.03124833106994629	33000	16.451997995376587	29077	11.88787878787879	
3.055364724732593e+20	67.0	3.21	35.09	18.15	14.6938300123145	330	92	67	4	58	30	67	3	29	15	1819	0	0.04687213897705078	33100	16.498870134353638	29164	11.891238670694861	
2.0256443434353105e+20	67.0	3.15	33.35	17.25	14.6938300123145	331	92	67	4	58	30	67	3	29	15	1821	0	0.031247377395629883	33200	16.530117511749268	29254	11.885542168674704	
3.7875426131647765e+20	67.0	3.34	38.86	20.1	14.6938300123145	332	92	67	6	116	60	67	3	29	15	1823	0	0.031248092651367188	33300	16.561365604400635	29342	11.885885885885884	
6.16822393932536e+25	67.0	3.41	40.89	21.15	14.6938300123145	333	92	67	6	116	60	67	3	29	15	1827	0	0.04687166213989258	33400	16.608237266540527	29433	11.877245508982043	
3.821726160114758e+35	67.0	3.46	42.34	21.9	14.18904084114368	334	92	67	6	116	60	67	3	29	15	1835	0	0.031247377395629883	33500	16.639484643936157	29518	11.886567164179112	
4675786183.7816725	67.0	3.32	38.28	19.8	14.18904084114368	335	92	67	6	116	60	67	3	29	15	1837	0	0.04687237739562988	33600	16.686357021331787	29602	11.898809523809533	
1.7218659661317775e+23	67.0	3.27	36.83	19.05	14.18904084114368	336	92	67	6	116	60	67	3	29	15	1839	0	0.01562356948852539	33700	16.701980590820312	29695	11.884272997032639	
2.2600622436217026e+38	67.0	3.39	40.31	20.85	14.18904084114368	337	92	67	6	116	60	67	3	29	15	1848	0	0.031248092651367188	33800	16.73322868347168	29781	11.8905325443787	
7.083468760252582e+23	67.0	3.42	41.18	21.3	14.18904084114368	338	92	67	6	116	60	67	3	29	15	1853	0	0.031248092651367188	33900	16.764476776123047	29861	11.91445427728614	
1.1911089595743061e+17	67.0	3.49	43.21	22.35	14.178680026022118	339	92	67	6	116	60	67	3	29	15	1861	0	0.031247377395629883	34000	16.795724153518677	29944	11.929411764705875	
185090890527.26312	67.0	3.26	36.54	18.9	14.178680026022118	340	92	67	4	58	30	67	3	29	15	1868	0	0.04687190055847168	34100	16.84259605407715	30030	11.935483870967744	
8.773226713205611e+22	67.0	3.25	36.25	18.75	14.178680026022118	341	92	67	6	116	60	67	3	29	15	1873	0	0.04687190055847168	34200	16.88946795463562	30115	11.944444444444443	
1294303254.3969576	67.0	3.24	35.96	18.6	14.178680026022118	342	92	67	6	116	60	67	3	29	15	1877	0	0.03124833106994629	34300	16.920716285705566	30205	11.938775510204081	
4.1181835355101594e+17	67.0	3.44	41.76	21.6	14.178680026022118	343	92	67	6	116	60	67	3	29	15	1883	0	0.04687237739562988	34400	16.967588663101196	30295	11.933139534883722	
1.406467471362049e+39	67.0	3.34	38.86	20.1	14.178680026022118	344	92	67	6	116	60	67	3	29	15	1885	0	0.04687190055847168	34500	17.014460563659668	30381	11.939130434782612	
1.3212903635406468e+35	67.0	3.44	41.76	21.6	14.178680026022118	345	92	67	6	116	60	67	3	29	15	1893	0	0.04687142372131348	34600	17.06133198738098	30467	11.945086705202314	
1.2231466382441588e+35	67.0	3.52	44.08	22.8	14.178680026022118	346	92	67	6	116	60	67	3	29	15	1898	0	0.046872615814208984	34700	17.10820460319519	30557	11.939481268011534	
3.2376978091292224e+21	67.0	3.59	46.11	23.85	14.178680026022118	347	92	67	6	116	60	67	3	29	15	1901	0	0.046874284744262695	34800	17.155078887939453	30644	11.94252873563218	
694106438335.1736	67.0	3.55	44.95	23.25	14.178680026022118	348	92	67	6	116	60	67	3	29	15	1905	0	0.031244516372680664	34900	17.186323404312134	30735	11.934097421203433	
5.226515839533193e+40	67.0	3.56	45.24	23.4	14.163787000223563	349	92	67	6	116	60	67	3	29	15	1910	0	0.04687142372131348	35000	17.233194828033447	30825	11.92857142857143	
4.129262408089105e+16	67.0	3.63	47.27	24.45	14.163787000223563	350	92	67	6	116	60	67	3	29	15	1918	0	0.06249570846557617	35100	17.295690536499023	30914	11.925925925925924	
4.3796186423678494e+29	67.0	3.73	50.17	25.95	14.163787000223563	351	92	67	6	116	60	67	3	29	15	1925	0	0.03124833106994629	35200	17.32693886756897	31005	11.917613636363626	
2.6806879722318617e+28	67.0	3.79	51.91	26.85	14.163787000223563	352	92	67	6	116	60	67	3	29	15	1930	0	0.031248092651367188	35300	17.358186960220337	31096	11.909348441926355	
2.980767637642295e+40	67.0	3.67	48.43	25.05	14.163787000223563	353	92	67	6	116	60	67	3	29	15	1936	0	0.04687237739562988	35400	17.405059337615967	31187	11.901129943502823	
4.628650360016426e+37	67.0	3.77	51.33	26.55	14.163787000223563	354	92	67	6	116	60	67	3	29	15	1939	0	0.046874284744262695	35500	17.45193362236023	31280	11.887323943661983	
2.241923154267471e+31	67.0	3.51	43.79	22.65	14.158815531206255	355	92	67	6	116	60	67	3	29	15	1942	0	0.04686856269836426	35600	17.498802185058594	31371	11.87921348314606	
2.0535131239503177e+26	67.0	3.45	42.05	21.75	14.158815531206255	356	92	67	6	116	60	67	3	29	15	1946	0	0.031249523162841797	35700	17.530051708221436	31458	11.882352941176464	
1.8168160051665545e+39	67.0	3.41	40.89	21.15	14.158815531206255	357	92	67	4	58	30	67	3	29	15	1948	0	0.04687094688415527	35800	17.57692265510559	31550	11.871508379888269	
2.6457356989421176e+32	67.0	3.54	44.66	23.1	14.158815531206255	358	92	67	6	116	60	67	3	29	15	1959	0	0.04687023162841797	35900	17.62379288673401	31633	11.885793871866284	
2.1429576911520628e+32	67.0	3.55	44.95	23.25	14.158815531206255	359	92	67	6	116	60	67	3	29	15	1962	0	0.031248092651367188	36000	17.655040979385376	31727	11.86944444444444	
7.286975773063847e+27	67.0	3.54	44.66	23.1	14.158815531206255	360	92	67	6	116	60	67	3	29	15	1963	0	0.046872854232788086	36100	17.701913833618164	31822	11.850415512465375	
1.1987323994116872e+24	67.0	3.63	47.27	24.45	14.158815531206255	361	92	67	6	116	60	67	3	29	15	1974	0	0.046871185302734375	36200	17.7487850189209	31906	11.86187845303867	
8.575833069388104e+24	67.0	3.48	42.92	22.2	14.158815531206255	362	92	67	6	116	60	67	3	29	15	1980	0	0.015623807907104492	36300	17.764408826828003	31996	11.856749311294763	
1.29997091629633e+35	67.0	3.33	38.57	19.95	14.158815531206255	363	92	67	6	116	60	67	3	29	15	1983	0	0.04687190055847168	36400	17.811280727386475	32083	11.859890109890117	
6.434961225094094e+17	67.0	3.24	35.96	18.6	14.158815531206255	364	92	67	6	116	60	67	3	29	15	1987	0	0.031248092651367188	36500	17.842528820037842	32172	11.85753424657534	
1085784011088517.8	67.0	3.25	36.25	18.75	14.158815531206255	365	92	67	6	116	60	67	3	29	15	1991	0	0.031247615814208984	36600	17.87377643585205	32262	11.852459016393453	
5.041879333335763e+31	67.0	3.28	37.12	19.2	14.158815531206255	366	92	67	6	116	60	67	3	29	15	1996	0	0.031247854232788086	36700	17.90502429008484	32351	11.850136239782017	
7.872026600683029e+32	67.0	3.25	36.25	18.75	14.158815531206255	367	92	67	4	58	30	67	3	29	15	1998	0	0.04687237739562988	36800	17.95189666748047	32445	11.834239130434781	
1.0444019807334819e+24	67.0	3.4	40.6	21.0	14.158815531206255	368	92	67	6	116	60	67	3	29	15	2002	0	0.03124713897705078	36900	17.98314380645752	32532	11.837398373983746	
54836000062417.086	67.0	3.35	39.15	20.25	14.158815531206255	369	92	67	6	116	60	67	3	29	15	2008	0	0.031248092651367188	37000	18.014391899108887	32620	11.837837837837839	
7.1530054432251144e+16	67.0	3.36	39.44	20.4	14.158815531206255	370	92	67	6	116	60	67	3	29	15	2011	0	0.04687190055847168	37100	18.06126379966736	32715	11.819407008086259	
1.5368415941552294e+35	67.0	3.4	40.6	21.0	14.158815531206255	371	92	67	6	116	60	67	3	29	15	2014	0	0.04687166213989258	37200	18.10813546180725	32808	11.806451612903217	
38524298.42197439	67.0	3.39	40.31	20.85	14.158815531206255	372	92	67	6	116	60	67	3	29	15	2020	0	0.04687213897705078	37300	18.1550076007843	32896	11.806970509383376	
4.6217552655575516e+33	67.0	3.44	41.76	21.6	14.158815531206255	373	92	67	6	116	60	67	3	29	15	2024	0	0.04687213897705078	37400	18.201879739761353	32986	11.80213903743315	
2.4881352860110103e+32	67.0	3.46	42.34	21.9	14.13901058866819	374	92	67	6	116	60	67	3	29	15	2029	0	0.04687166213989258	37500	18.248751401901245	33075	11.799999999999997	
2.257733649667456e+32	67.0	3.55	44.95	23.25	14.13901058866819	375	92	67	6	116	60	67	3	29	15	2031	0	0.031247615814208984	37600	18.279999017715454	33169	11.784574468085111	
1.4283243095103061e+17	67.0	3.54	44.66	23.1	14.13901058866819	376	92	67	6	116	60	67	3	29	15	2036	0	0.04687166213989258	37700	18.326870679855347	33261	11.774535809018573	
1.8485091463381527e+32	67.0	3.45	42.05	21.75	14.13901058866819	377	92	67	6	116	60	67	3	29	15	2041	0	0.04687142372131348	37800	18.37374210357666	33349	11.775132275132279	
2.4062918192160618e+24	67.0	3.53	44.37	22.95	14.13901058866819	378	92	67	6	116	60	67	3	29	15	2046	0	0.046872854232788086	37900	18.42061495780945	33438	11.773087071240113	
3.596434876863548e+32	67.0	3.34	38.86	20.1	14.13901058866819	379	92	67	6	116	60	67	3	29	15	2049	0	0.04687166213989258	38000	18.46748661994934	33530	11.763157894736835	
1.7055596572074078e+24	67.0	3.41	40.89	21.15	14.13901058866819	380	92	67	6	116	60	67	3	29	15	2058	0	0.04687190055847168	38100	18.514358520507812	33617	11.766404199475062	
4.871581288886922e+38	67.0	3.44	41.76	21.6	14.13901058866819	381	92	67	6	116	60	67	3	29	15	2063	0	0.04687166213989258	38200	18.561230182647705	33706	11.764397905759154	
3.853654643177048e+26	67.0	3.51	43.79	22.65	14.13901058866819	382	92	67	6	116	60	67	3	29	15	2071	0	0.04687094688415527	38300	18.60810112953186	33791	11.772845953002616	
6.728592714775551e+19	67.0	3.36	39.44	20.4	14.13901058866819	383	92	67	4	58	30	67	3	29	15	2075	0	0.04687213897705078	38400	18.65497326850891	33880	11.770833333333329	
1.4330396167168252e+39	67.0	3.56	45.24	23.4	14.13901058866819	384	92	67	6	116	60	67	3	29	15	2086	0	0.03124833106994629	38500	18.686221599578857	33963	11.784415584415584	
2.3446082998254e+44	67.0	3.39	40.31	20.85	14.13901058866819	385	92	67	6	116	60	67	3	29	15	2091	0	0.04687070846557617	38600	18.733092308044434	34049	11.790155440414509	
6.419031675829171e+42	67.0	3.35	39.15	20.25	14.13901058866819	386	92	67	6	116	60	67	3	29	15	2097	0	0.031248092651367188	38700	18.7643404006958	34137	11.79069767441861	
1.278561082121784e+18	67.0	3.41	40.89	21.15	14.13901058866819	387	92	67	6	116	60	67	3	29	15	2104	0	0.04687142372131348	38800	18.811211824417114	34220	11.80412371134021	
5.421295485735854e+28	67.0	3.41	40.89	21.15	14.13901058866819	388	92	67	6	116	60	67	3	29	15	2109	0	0.04687237739562988	38900	18.858084201812744	34309	11.802056555269928	
4.551225177671283e+23	67.0	3.34	38.86	20.1	14.13901058866819	389	92	67	6	116	60	67	3	29	15	2120	0	0.03124833106994629	39000	18.88933253288269	34392	11.815384615384616	
4.783169438293803e+38	67.0	3.4	40.6	21.0	14.13901058866819	390	92	67	6	116	60	67	3	29	15	2125	0	0.04687142372131348	39100	18.936203956604004	34479	11.818414322250632	
243469968669.09348	67.0	3.39	40.31	20.85	14.13901058866819	391	92	67	6	116	60	67	3	29	15	2127	0	0.04687142372131348	39200	18.983075380325317	34570	11.811224489795919	
1.412051299991287e+23	67.0	3.3	37.7	19.5	14.13901058866819	392	92	67	6	116	60	67	3	29	15	2132	0	0.031248807907104492	39300	19.014324188232422	34657	11.814249363867674	
3.950691686102e+30	67.0	3.33	38.57	19.95	14.10878397008462	393	92	67	6	116	60	67	3	29	15	2139	0	0.031246423721313477	39400	19.045570611953735	34743	11.819796954314725	
4.937729776806089e+24	67.0	3.34	38.86	20.1	14.10878397008462	394	92	67	6	116	60	67	3	29	15	2145	0	0.04687190055847168	39500	19.092442512512207	34831	11.82025316455696	
1.0513004150389395e+29	67.0	3.22	35.38	18.3	14.10878397008462	395	92	67	6	116	60	67	3	29	15	2150	0	0.031248092651367188	39600	19.123690605163574	34918	11.823232323232318	
1958850950.4690175	67.0	3.15	33.35	17.25	14.10878397008462	396	92	67	6	116	60	67	3	29	15	2152	0	0.04687213897705078	39700	19.170562744140625	35005	11.826196473551647	
628877397.5844127	67.0	3.12	32.48	16.8	14.10878397008462	397	92	67	6	116	60	67	3	29	15	2154	0	0.03124713897705078	39800	19.201809883117676	35093	11.82663316582915	
3.1090909090909356e+25	67.0	3.25	36.25	18.75	14.10878397008462	398	92	67	6	116	60	67	3	29	15	2156	0	0.031247854232788086	39900	19.233057737350464	35185	11.817042606516296	
2884501413187138.5	67.0	3.32	38.28	19.8	14.10878397008462	399	92	67	6	116	60	67	3	29	15	2159	0	0.03124856948852539	40000	19.26430630683899	35272	11.819999999999993	
6.0407568939105124e+19	67.0	3.49	43.21	22.35	14.10878397008462	400	92	67	6	116	60	67	3	29	15	2164	0	0.04687309265136719	40100	19.311179399490356	35361	11.817955112219451	
3134298365.863422	67.0	3.47	42.63	22.05	14.10878397008462	401	92	67	6	116	60	67	3	29	15	2167	0	0.04687094688415527	40200	19.35805034637451	35450	11.81592039800995	
24391335166.374454	67.0	3.41	40.89	21.15	14.10878397008462	402	92	67	6	116	60	67	3	29	15	2171	0	0.06249427795410156	40300	19.420544624328613	35541	11.808933002481396	
3.609051125686902e+32	67.0	3.45	42.05	21.75	14.10878397008462	403	92	67	6	116	60	67	3	29	15	2176	0	0.031249523162841797	40400	19.451794147491455	35633	11.799504950495049	
4.105263157894741e+31	67.0	3.38	40.02	20.7	14.10878397008462	404	92	67	6	116	60	67	3	29	15	2182	0	0.04687070846557617	40500	19.49866485595703	35723	11.79506172839507	
6125746654297515.0	67.0	3.45	42.05	21.75	14.10878397008462	405	92	67	6	116	60	67	3	29	15	2192	0	0.04687333106994629	40600	19.545538187026978	35806	11.807881773399004	
2.875839400065228e+24	67.0	3.39	40.31	20.85	14.10878397008462	406	92	67	6	116	60	67	3	29	15	2197	0	0.015625	40700	19.561163187026978	35898	11.798525798525787	
1.88384066666786e+32	67.0	3.46	42.34	21.9	14.10878397008462	407	92	67	6	116	60	67	3	29	15	2202	0	0.06249403953552246	40800	19.6236572265625	35983	11.8063725490196	
103832135725210.95	67.0	3.23	35.67	18.45	14.10878397008462	408	92	67	4	58	30	67	3	29	15	2209	0	0.015624284744262695	40900	19.639281511306763	36067	11.816625916870422	
1.1796912412178682e+30	67.0	3.23	35.67	18.45	14.10878397008462	409	92	67	6	116	60	67	3	29	15	2212	0	0.031247615814208984	41000	19.67052912712097	36153	11.8219512195122	
2.586281117034434e+36	67.0	3.24	35.96	18.6	14.10878397008462	410	92	67	6	116	60	67	3	29	15	2216	0	0.04687047004699707	41100	19.71739959716797	36237	11.832116788321173	
6.16131092785542e+43	67.0	3.46	42.34	21.9	14.10878397008462	411	92	67	6	116	60	67	3	29	15	2220	0	0.031249046325683594	41200	19.748648643493652	36326	11.830097087378647	
3.6616072015994904e+40	67.0	3.32	38.28	19.8	14.10878397008462	412	92	67	6	116	60	67	3	29	15	2223	0	0.04687094688415527	41300	19.795519590377808	36417	11.823244552058114	
2.738184856469026e+17	67.0	3.48	42.92	22.2	14.10878397008462	413	92	67	4	58	30	67	3	29	15	2232	0	0.04687309265136719	41400	19.842392683029175	36506	11.821256038647348	
1.8950709346297848e+32	67.0	3.525252525252525	44.23232323232323	22.87878787878788	14.10878397008462	414	94	67	6.0	116.0	60.0	67	3.0	29.0	15.0	2239	0	0.06249427795410156	41500	19.904886960983276	36596	11.816867469879526	
1.700310767912476e+27	67.0	3.68	48.72	25.2	14.10878397008462	415	94	67	6	116	60	67	3	29	15	2248	0	0.06249666213989258	41600	19.96738362312317	36684	11.817307692307693	
1.691301922032318e+35	67.0	3.57	45.53	23.55	14.10878397008462	416	94	67	6	116	60	67	3	29	15	2258	0	0.04687166213989258	41700	20.01425528526306	36771	11.82014388489209	
1.0895362044740429e+39	67.0	3.65	47.85	24.75	14.10878397008462	417	94	67	6	116	60	67	3	29	15	2265	0	0.04687190055847168	41800	20.061127185821533	36860	11.818181818181813	
5.131143343831684e+35	67.0	3.46	42.34	21.9	14.10878397008462	418	94	67	6	116	60	67	3	29	15	2271	0	0.031247377395629883	41900	20.092374563217163	36951	11.811455847255374	
4.953066057376509e+29	67.0	3.6	46.4	24.0	14.10878397008462	419	94	67	6	116	60	67	3	29	15	2278	0	0.03124856948852539	42000	20.12362313270569	37041	11.807142857142864	
1.6559040918783757e+38	67.0	3.64	47.56	24.6	14.10878397008462	420	94	67	6	116	60	67	3	29	15	2282	0	0.062494516372680664	42100	20.18611764907837	37134	11.795724465558195	
3.5979130217498733e+31	67.0	3.49	43.21	22.35	14.10878397008462	421	94	67	6	116	60	67	3	29	15	2290	0	0.04687237739562988	42200	20.232990026474	37220	11.80094786729859	
6.189439941546874e+34	67.0	3.43	41.47	21.45	14.10878397008462	422	94	67	6	116	60	67	3	29	15	2297	0	0.04687237739562988	42300	20.27986240386963	37309	11.799054373522452	
1.7285293715556396e+31	67.0	3.4	40.6	21.0	14.10878397008462	423	94	67	6	116	60	67	3	29	15	2302	0	0.031247377395629883	42400	20.31110978126526	37395	11.804245283018872	
3.289745158514555e+36	67.0	3.31	37.99	19.65	14.10878397008462	424	94	67	6	116	60	67	3	29	15	2305	0	0.03124856948852539	42500	20.342358350753784	37483	11.804705882352934	
1.002090919498264e+38	67.0	3.34	38.86	20.1	14.10878397008462	425	94	67	6	116	60	67	3	29	15	2307	0	0.04687142372131348	42600	20.389229774475098	37569	11.809859154929583	
2.319317836365243e+32	67.0	3.37	39.73	20.55	14.10878397008462	426	94	67	6	116	60	67	3	29	15	2311	0	0.031248807907104492	42700	20.420478582382202	37658	11.807962529274008	
7.190690910536995e+30	67.0	3.43	41.47	21.45	14.10878397008462	427	94	67	6	116	60	67	3	29	15	2316	0	0.04687070846557617	42800	20.46734929084778	37745	11.810747663551396	
7.736207602065395e+30	67.0	3.58	45.82	23.7	14.10878397008462	428	94	67	6	116	60	67	3	29	15	2320	0	0.04687094688415527	42900	20.514220237731934	37836	11.8041958041958	
2.336602934668361e+32	67.0	3.47	42.63	22.05	14.10878397008462	429	94	67	6	116	60	67	3	29	15	2324	0	0.0468745231628418	43000	20.561094760894775	37920	11.813953488372093	
4.47390142105356e+29	67.0	3.393939393939394	40.42424242424242	20.90909090909091	14.10878397008462	430	95	67	6.0	116.0	60.0	67	3.0	29.0	15.0	2329	0	0.04687047004699707	43100	20.607965230941772	38010	11.80974477958236	
6.326812875810174e+40	67.0	3.34	38.86	20.1	14.10878397008462	431	95	67	6	116	60	67	3	29	15	2334	0	0.031246185302734375	43200	20.639211416244507	38099	11.807870370370367	
9.202831588172267e+35	67.0	3.26	36.54	18.9	14.10878397008462	432	95	67	6	116	60	67	3	29	15	2338	0	0.04687166213989258	43300	20.6860830783844	38184	11.815242494226325	
24398537430.982246	67.0	3.3	37.7	19.5	14.10878397008462	433	95	67	6	116	60	67	3	29	15	2341	0	0.0312504768371582	43400	20.717333555221558	38276	11.806451612903217	
1.1535644709667974e+35	67.0	3.26	36.54	18.9	14.10878397008462	434	95	67	6	116	60	67	3	29	15	2346	0	0.0468745231628418	43500	20.7642080783844	38365	11.804597701149419	
5.0309278350544126e+30	67.0	3.16	33.64	17.4	14.10878397008462	435	95	67	4	58	30	67	3	29	15	2350	0	0.031243562698364258	43600	20.795451641082764	38453	11.805045871559642	
1305643665.812256	67.0	3.22	35.38	18.3	14.10878397008462	436	95	67	6	116	60	67	3	29	15	2352	0	0.04687309265136719	43700	20.84232473373413	38543	11.800915331807786	
1.3321118488299337e+39	67.0	3.57	45.53	23.55	14.10878397008462	437	95	67	6	116	60	67	3	29	15	2359	0	0.04687309265136719	43800	20.889197826385498	38631	11.801369863013704	
3.3084072959083013e+25	67.0	3.56	45.24	23.4	14.10878397008462	438	95	67	6	116	60	67	3	29	15	2365	0	0.031246662139892578	43900	20.92044448852539	38720	11.799544419134406	
6.250117812971135e+31	67.0	3.67	48.43	25.05	14.10878397008462	439	95	67	6	116	60	67	3	29	15	2372	0	0.031248807907104492	44000	20.951693296432495	38807	11.802272727272722	
1.8405527667852117e+29	67.0	3.38	40.02	20.7	14.10878397008462	440	95	67	6	116	60	67	3	29	15	2378	0	0.031244754791259766	44100	20.982938051223755	38888	11.818594104308389	
1.2854257854473048e+31	67.0	3.27	36.83	19.05	14.10878397008462	441	95	67	4	58	30	67	3	29	15	2381	0	0.046872615814208984	44200	21.029810667037964	38977	11.816742081447956	
1.0264825817733112e+19	67.0	3.37	39.73	20.55	14.10878397008462	442	95	67	6	116	60	67	3	29	15	2386	0	0.031248092651367188	44300	21.06105875968933	39066	11.814898419864562	
672644183.5366795	67.0	3.36	39.44	20.4	14.10878397008462	443	95	67	6	116	60	67	3	29	15	2390	0	0.04687166213989258	44400	21.107930421829224	39153	11.817567567567565	
1.1643813454184133e+24	67.0	3.42	41.18	21.3	14.10878397008462	444	95	67	6	116	60	67	3	29	15	2394	0	0.04687190055847168	44500	21.154802322387695	39240	11.82022471910112	
2.7219234130091766e+32	67.0	3.44	41.76	21.6	14.10878397008462	445	95	67	6	116	60	67	3	29	15	2396	0	0.031248807907104492	44600	21.1860511302948	39332	11.811659192825104	
2205713975.8240952	67.0	3.34	38.86	20.1	14.10878397008462	446	95	67	6	116	60	67	3	29	15	2399	0	0.04687094688415527	44700	21.232922077178955	39420	11.812080536912745	
214299557630441.97	67.0	3.3	37.7	19.5	14.10878397008462	447	95	67	6	116	60	67	3	29	15	2403	0	0.031246662139892578	44800	21.264168739318848	39511	11.80580357142857	
5.19951912856275e+30	67.0	3.35	39.15	20.25	14.10878397008462	448	95	67	6	116	60	67	3	29	15	2408	0	0.046872615814208984	44900	21.311041355133057	39605	11.792873051224944	
1.3907908165440338e+19	67.0	3.41	40.89	21.15	14.10878397008462	449	95	67	6	116	60	67	3	29	15	2411	0	0.031246662139892578	45000	21.34228801727295	39696	11.786666666666662	
6.650938391754915e+26	67.0	3.38	40.02	20.7	14.10878397008462	450	95	67	4	58	30	67	3	29	15	2415	0	0.04687166213989258	45100	21.389159679412842	39784	11.787139689578723	
235963791435444.03	67.0	3.34	38.86	20.1	14.10878397008462	451	95	67	6	116	60	67	3	29	15	2419	0	0.031249523162841797	45200	21.420409202575684	39871	11.789823008849552	
1.5716959621697173e+26	67.0	3.39	40.31	20.85	14.10878397008462	452	95	67	6	116	60	67	3	29	15	2426	0	0.03124856948852539	45300	21.45165777206421	39957	11.794701986754959	
4.8950957579432376e+32	67.0	3.43	41.47	21.45	14.10878397008462	453	95	67	6	116	60	67	3	29	15	2435	0	0.031247377395629883	45400	21.48290514945984	40040	11.806167400881066	
1.2895445068586669e+38	67.0	3.49	43.21	22.35	14.10878397008462	454	95	67	6	116	60	67	3	29	15	2443	0	0.046871185302734375	45500	21.529776334762573	40127	11.80879120879122	
5.730882583987497e+25	67.0	3.55	44.95	23.25	14.10878397008462	455	95	67	6	116	60	67	3	29	15	2446	0	0.031247615814208984	45600	21.561023950576782	40218	11.80263157894737	
3.915212070471284e+25	67.0	3.64	47.56	24.6	14.10878397008462	456	95	67	6	116	60	67	3	29	15	2450	0	0.04687237739562988	45700	21.607896327972412	40308	11.798687089715528	
3.146087686349971e+39	67.0	3.46	42.34	21.9	14.10878397008462	457	95	67	6	116	60	67	3	29	15	2460	0	0.04687213897705078	45800	21.654768466949463	40388	11.816593886462883	
2.0294808510638298e+36	67.0	3.49	43.21	22.35	14.10878397008462	458	95	67	6	116	60	67	3	29	15	2467	0	0.031248092651367188	45900	21.68601655960083	40475	11.819172113289753	
2.641062881063385e+38	67.0	3.47	42.63	22.05	14.10878397008462	459	95	67	6	116	60	67	3	29	15	2470	0	0.046872615814208984	46000	21.73288917541504	40564	11.817391304347822	
4.087883257845951e+40	67.0	3.62	46.98	24.3	14.10878397008462	460	95	67	6	116	60	67	3	29	15	2475	0	0.04687237739562988	46100	21.77976155281067	40659	11.802603036876363	
1.1558467038846599e+31	67.0	3.58	45.82	23.7	14.10878397008462	461	95	67	6	116	60	67	3	29	15	2482	0	0.04686880111694336	46200	21.826630353927612	40750	11.796536796536799	
3.193159821738582e+20	67.0	3.45	42.05	21.75	14.10878397008462	462	95	67	6	116	60	67	3	29	15	2492	0	0.031249284744262695	46300	21.857879638671875	40839	11.79481641468682	
1.6610004945596046e+20	67.0	3.4	40.6	21.0	14.10878397008462	463	95	67	6	116	60	67	3	29	15	2500	0	0.04687094688415527	46400	21.90475058555603	40920	11.810344827586206	
1.843202739408995e+16	67.0	3.28	37.12	19.2	14.10878397008462	464	95	67	6	116	60	67	3	29	15	2508	0	0.031247854232788086	46500	21.93599843978882	41009	11.808602150537638	
9.420731696709016e+19	67.0	3.2	34.8	18.0	14.10878397008462	465	95	67	4	58	30	67	3	29	15	2514	0	0.031248092651367188	46600	21.967246532440186	41096	11.811158798283259	
1.8568437443542435e+32	67.0	3.31	37.99	19.65	14.10878397008462	466	95	67	6	116	60	67	3	29	15	2521	0	0.04687142372131348	46700	22.0141179561615	41180	11.820128479657384	
7948508318468236.0	67.0	3.3	37.7	19.5	14.10878397008462	467	95	67	6	116	60	67	3	29	15	2527	0	0.046872854232788086	46800	22.060990810394287	41265	11.82692307692308	
3.173255705940728e+30	67.0	3.32	38.28	19.8	14.10878397008462	468	95	67	4	58	30	67	3	29	15	2530	0	0.04687094688415527	46900	22.107861757278442	41358	11.816631130063968	
5.811550866198003e+32	67.0	3.41	40.89	21.15	14.10878397008462	469	95	67	6	116	60	67	3	29	15	2534	0	0.03124690055847168	47000	22.139108657836914	41445	11.819148936170208	
1.0651551474107532e+16	67.0	3.3	37.7	19.5	14.10878397008462	470	95	67	6	116	60	67	3	29	15	2538	0	0.046872615814208984	47100	22.185981273651123	41529	11.828025477707001	
3.11815909983093e+34	67.0	3.3	37.7	19.5	14.04097197802417	471	95	67	6	116	60	67	3	29	15	2547	0	0.03124713897705078	47200	22.217228412628174	41614	11.834745762711862	
7.246921326680718e+32	67.0	3.22	35.38	18.3	14.04097197802417	472	95	67	4	58	30	67	3	29	15	2550	0	0.03124833106994629	47300	22.24847674369812	41704	11.830866807611002	
3.7096654023845213e+24	67.0	3.3	37.7	19.5	14.04097197802417	473	95	67	6	116	60	67	3	29	15	2552	0	0.04687237739562988	47400	22.29534912109375	41794	11.82700421940929	
1.6669800000003112e+45	67.0	3.24	35.96	18.6	14.04097197802417	474	95	67	6	116	60	67	3	29	15	2555	0	0.015625476837158203	47500	22.310974597930908	41876	11.83999999999999	
3923903648.6640663	67.0	3.21	35.09	18.15	14.04097197802417	475	95	67	6	116	60	67	3	29	15	2558	0	0.06249356269836426	47600	22.373468160629272	41965	11.838235294117652	
1.93877551331543e+35	67.0	3.18	34.22	17.7	14.04097197802417	476	95	67	6	116	60	67	3	29	15	2561	0	0.03124833106994629	47700	22.40471649169922	42053	11.838574423480082	
9.289280096708318e+37	67.0	3.35	39.15	20.25	14.04097197802417	477	95	67	6	116	60	67	3	29	15	2571	0	0.03124690055847168	47800	22.43596339225769	42132	11.857740585774053	
3.022858157158232e+27	67.0	3.26	36.54	18.9	14.04097197802417	478	95	67	6	116	60	67	3	29	15	2575	0	0.015625476837158203	47900	22.45158886909485	42221	11.855949895615865	
1.915895889955385e+32	67.0	3.32	38.28	19.8	14.04097197802417	479	95	67	6	116	60	67	3	29	15	2585	0	0.046871185302734375	48000	22.498460054397583	42296	11.88333333333334	
1.6791484275668791e+25	67.0	3.31	37.99	19.65	14.04097197802417	480	95	67	6	116	60	67	3	29	15	2593	0	0.031249284744262695	48100	22.529709339141846	42377	11.898128898128903	
1.2412690626701056e+37	67.0	3.32	38.28	19.8	14.04097197802417	481	95	67	6	116	60	67	3	29	15	2595	0	0.04686999320983887	48200	22.576579332351685	42467	11.89419087136929	
2326132097.0813384	67.0	3.34	38.86	20.1	14.04097197802417	482	95	67	6	116	60	67	3	29	15	2603	0	0.031248092651367188	48300	22.60782742500305	42549	11.90683229813665	
3.217071528995751e+16	67.0	3.33	38.57	19.95	14.04097197802417	483	95	67	4	58	30	67	3	29	15	2607	0	0.031247377395629883	48400	22.63907480239868	42639	11.902892561983464	
8.990900410450041e+23	67.0	3.51	43.79	22.65	14.040971753537136	484	95	67	6	116	60	67	3	29	15	2610	0	0.04687309265136719	48500	22.68594789505005	42731	11.894845360824746	
1.1317336797398637e+21	67.0	3.54	44.66	23.1	14.040971753537136	485	95	67	6	116	60	67	3	29	15	2617	0	0.04687213897705078	48600	22.7328200340271	42820	11.893004115226333	
6.521337494538823e+24	67.0	3.46	42.34	21.9	14.040971753537136	486	95	67	6	116	60	67	3	29	15	2622	0	0.046871185302734375	48700	22.779691219329834	42912	11.885010266940455	
1.3639455503978718e+17	67.0	3.58	45.82	23.7	14.040971753537136	487	95	67	6	116	60	67	3	29	15	2627	0	0.04687190055847168	48800	22.826563119888306	43000	11.885245901639337	
3.100784460921264e+37	67.0	3.7	49.3	25.5	14.040971753537136	488	95	67	6	116	60	67	3	29	15	2636	0	0.04687070846557617	48900	22.873433828353882	43087	11.88752556237219	
1.0104661898898604e+22	67.0	3.64	47.56	24.6	14.040971753537136	489	95	67	6	116	60	67	3	29	15	2644	0	0.046872854232788086	49000	22.92030668258667	43175	11.887755102040813	
4.831575259157787e+25	67.0	3.36	39.44	20.4	14.0221536191019	490	95	67	4	58	30	67	3	29	15	2648	0	0.04687190055847168	49100	22.96717858314514	43264	11.885947046843185	
4.265452127413292e+17	67.0	3.52	44.08	22.8	14.0221536191019	491	95	67	6	116	60	67	3	29	15	2653	0	0.04687094688415527	49200	23.014049530029297	43355	11.880081300813004	
6.813764543954436e+26	67.0	3.55	44.95	23.25	14.0221536191019	492	95	67	6	116	60	67	3	29	15	2661	0	0.04687237739562988	49300	23.060921907424927	43445	11.876267748478696	
2.6197881782600346e+41	67.0	3.5	43.5	22.5	14.0221536191019	493	95	67	6	116	60	67	3	29	15	2668	0	0.06249547004699707	49400	23.123417377471924	43533	11.876518218623474	
2.8694833649664917e+32	67.0	3.58	45.82	23.7	14.0221536191019	494	95	67	6	116	60	67	3	29	15	2674	0	0.03124833106994629	49500	23.15466570854187	43622	11.874747474747466	
9.034711313155314e+33	67.0	3.66	48.14	24.9	14.0221536191019	495	95	67	6	116	60	67	3	29	15	2681	0	0.04687166213989258	49600	23.201537370681763	43712	11.870967741935473	
8.437170911387441e+32	67.0	3.58	45.82	23.7	14.0221536191019	496	95	67	6	116	60	67	3	29	15	2686	0	0.03124833106994629	49700	23.23278570175171	43801	11.869215291750507	
1.5152068557681312e+25	67.0	3.67	48.43	25.05	14.0221536191019	497	95	67	6	116	60	67	3	29	15	2692	0	0.031247377395629883	49800	23.26403307914734	43890	11.867469879518083	
2.386336436881838e+33	67.0	3.45	42.05	21.75	14.0221536191019	498	95	67	6	116	60	67	3	29	15	2697	0	0.06249547004699707	49900	23.326528549194336	43977	11.869739478957925	
7.670170777538134e+35	67.0	3.39	40.31	20.85	14.0221536191019	499	95	67	6	116	60	67	3	29	15	2708	0	0.04687309265136719	50000	23.373401641845703	44062	11.876000000000005	
5.330193573388031e+35	67.0	3.43	41.47	21.45	14.0221536191019	500	95	67	6	116	60	67	3	29	15	2713	0	0.03124690055847168	50100	23.404648542404175	44147	11.882235528942118	
4.3573808775578964e+39	67.0	3.48	42.92	22.2	14.0221536191019	501	95	67	6	116	60	67	3	29	15	2716	0	0.04687094688415527	50200	23.45151948928833	44240	11.872509960159363	
4.160165702025997e+46	67.0	3.37	39.73	20.55	14.0221536191019	502	95	67	6	116	60	67	3	29	15	2720	0	0.04687166213989258	50300	23.498391151428223	44325	11.878727634194831	
2.5932753758989714e+39	67.0	3.28	37.12	19.2	14.0221536191019	503	95	67	6	116	60	67	3	29	15	2724	0	0.031247615814208984	50400	23.52963876724243	44415	11.875	
1.2662976843561185e+28	67.0	3.35	39.15	20.25	14.0221536191019	504	95	67	6	116	60	67	3	29	15	2730	0	0.04687309265136719	50500	23.5765118598938	44502	11.877227722772275	
6.185612486412566e+17	67.0	3.42	41.18	21.3	14.0221536191019	505	95	67	6	116	60	67	3	29	15	2734	0	0.031247615814208984	50600	23.607759475708008	44593	11.871541501976282	
1.5126757817580674e+41	67.0	3.49	43.21	22.35	14.0221536191019	506	95	67	4	58	30	67	3	29	15	2740	0	0.04687142372131348	50700	23.65463089942932	44678	11.87771203155819	
1.3030926273530211e+41	67.0	3.56	45.24	23.4	14.0221536191019	507	95	67	6	116	60	67	3	29	15	2745	0	0.04687142372131348	50800	23.701502323150635	44764	11.881889763779526	
1.1484151088832269e+27	67.0	3.57	45.53	23.55	14.0221536191019	508	95	67	6	116	60	67	3	29	15	2755	0	0.04687166213989258	50900	23.748373985290527	44853	11.880157170923383	
4.230241935675903e+23	67.0	3.7	49.3	25.5	14.0221536191019	509	95	67	6	116	60	67	3	29	15	2757	0	0.046872854232788086	51000	23.795246839523315	44946	11.870588235294122	
2.416113672149472e+32	67.0	3.57	45.53	23.55	14.0221536191019	510	95	67	6	116	60	67	3	29	15	2763	0	0.04687166213989258	51100	23.842118501663208	45034	11.870841487279847	
707561969.2337228	67.0	3.51	43.79	22.65	14.0221536191019	511	95	67	6	116	60	67	3	29	15	2766	0	0.046874046325683594	51200	23.88899254798889	45124	11.8671875	
1.0660896219240492e+34	67.0	3.69	49.01	25.35	14.0221536191019	512	95	67	6	116	60	67	3	29	15	2771	0	0.04686856269836426	51300	23.935861110687256	45214	11.863547758284597	
4.2896203636363653e+30	67.0	3.49	43.21	22.35	14.0221536191019	513	95	67	6	116	60	67	3	29	15	2773	0	0.03124833106994629	51400	23.967109441757202	45306	11.856031128404666	
2.7602670140122887e+30	67.0	3.43	41.47	21.45	14.0221536191019	514	95	67	6	116	60	67	3	29	15	2782	0	0.04687070846557617	51500	24.01398015022278	45389	11.866019417475727	
1.4297723092793624e+34	67.0	3.43	41.47	21.45	14.0221536191019	515	95	67	6	116	60	67	3	29	15	2786	0	0.031248092651367188	51600	24.045228242874146	45478	11.864341085271306	
6.02208428809394e+36	67.0	3.51	43.79	22.65	14.0221536191019	516	95	67	6	116	60	67	3	29	15	2794	0	0.04687213897705078	51700	24.092100381851196	45566	11.864603481624755	
8.093433525580342e+30	67.0	3.57	45.53	23.55	13.78601208843624	517	95	67	6	116	60	67	3	29	15	2800	0	0.04687166213989258	51800	24.13897204399109	45654	11.86486486486487	
3.062488776981052e+31	67.0	3.71	49.59	25.65	13.78601208843624	518	95	67	6	116	60	67	3	29	15	2803	0	0.04687166213989258	51900	24.18584370613098	45746	11.857418111753375	
4.900206234666087e+32	67.0	3.56	45.24	23.4	13.78601208843624	519	95	67	6	116	60	67	3	29	15	2808	0	0.04687166213989258	52000	24.232715368270874	45837	11.851923076923072	
7.536870346572398e+29	67.0	3.64	47.56	24.6	13.78601208843624	520	95	67	6	116	60	67	3	29	15	2812	0	0.04687190055847168	52100	24.279587268829346	45931	11.840690978886755	
4.002914516456525e+30	67.0	3.62	46.98	24.3	13.78601208843624	521	95	67	6	116	60	67	3	29	15	2821	0	0.04687166213989258	52200	24.32645893096924	46018	11.842911877394641	
5.9098065882845335e+32	67.0	3.64	47.56	24.6	13.78601208843624	522	95	67	6	116	60	67	3	29	15	2828	0	0.031248092651367188	52300	24.357707023620605	46107	11.841300191204581	
6.145793916512043e+33	67.0	3.69	49.01	25.35	13.78601208843624	523	95	67	6	116	60	67	3	29	15	2838	0	0.046872615814208984	52400	24.404579639434814	46193	11.845419847328245	
4831737370.523617	67.0	3.63	47.27	24.45	13.78601208843624	524	95	67	6	116	60	67	3	29	15	2841	0	0.03124713897705078	52500	24.435826778411865	46284	11.83999999999999	
2.410431086822967e+32	67.0	3.53	44.37	22.95	13.78601208843624	525	95	67	6	116	60	67	3	29	15	2848	0	0.046871185302734375	52600	24.4826979637146	46371	11.842205323193923	
1.4360217220952167e+34	67.0	3.57	45.53	23.55	13.78601208843624	526	95	67	6	116	60	67	3	29	15	2855	0	0.04687213897705078	52700	24.52957010269165	46460	11.840607210626189	
2.4783452843218913e+33	67.0	3.51	43.79	22.65	13.78601208843624	527	95	67	6	116	60	67	3	29	15	2861	0	0.04687142372131348	52800	24.576441526412964	46547	11.842803030303031	
3.4347898933677904e+27	67.0	3.54	44.66	23.1	13.78601208843624	528	95	67	6	116	60	67	3	29	15	2870	0	0.04687237739562988	52900	24.623313903808594	46632	11.848771266540652	
2.1444696207051486e+22	67.0	3.79	51.91	26.85	13.78601208843624	529	95	67	6	116	60	67	3	29	15	2879	0	0.04687142372131348	53000	24.670185327529907	46718	11.852830188679235	
2.6156361262858224e+21	67.0	3.66	48.14	24.9	13.78601208843624	530	95	67	6	116	60	67	3	29	15	2884	0	0.04687166213989258	53100	24.7170569896698	46811	11.84369114877589	
4.086384026903199e+44	67.0	3.52	44.08	22.8	13.78601208843624	531	95	67	6	116	60	67	3	29	15	2890	0	0.04687356948852539	53200	24.763930559158325	46898	11.845864661654133	
1.468414797531256e+32	67.0	3.6	46.4	24.0	13.78600882742347	532	95	67	6	116	60	67	3	29	15	2896	0	0.046869754791259766	53300	24.810800313949585	46988	11.842401500938081	
3.321038008366386e+17	67.0	3.59	46.11	23.85	13.78600882742347	533	95	67	6	116	60	67	3	29	15	2902	0	0.046875	53400	24.857675313949585	47077	11.840823970037448	
2.3624381251132873e+30	67.0	3.33	38.57	19.95	13.78600882742347	534	95	67	6	116	60	67	3	29	15	2905	0	0.031249046325683594	53500	24.88892436027527	47168	11.835514018691583	
2.6939905526879736e+24	67.0	3.37	39.73	20.55	13.78600882742347	535	95	67	6	116	60	67	3	29	15	2910	0	0.031244993209838867	53600	24.920169353485107	47262	11.824626865671632	
6.2863077748224e+32	67.0	3.43	41.47	21.45	13.78600882742347	536	95	67	6	116	60	67	3	29	15	2915	0	0.04687094688415527	53700	24.967040300369263	47351	11.823091247672252	
1.4236606405127498e+37	67.0	3.49	43.21	22.35	13.78600882742347	537	95	67	6	116	60	67	3	29	15	2922	0	0.04687190055847168	53800	25.013912200927734	47440	11.821561338289968	
738809563898.984	67.0	3.59	46.11	23.85	13.78600882742347	538	95	67	6	116	60	67	3	29	15	2929	0	0.06249594688415527	53900	25.07640814781189	47527	11.823747680890534	
32148598789.500404	67.0	3.47	42.63	22.05	13.78600882742347	539	95	67	6	116	60	67	3	29	15	2938	0	0.031247615814208984	54000	25.1076557636261	47612	11.829629629629636	
1.4392818599753061e+20	67.0	3.54	44.66	23.1	13.78600882742347	540	95	67	6	116	60	67	3	29	15	2944	0	0.04687070846557617	54100	25.154526472091675	47696	11.83733826247689	
6405253180858873.0	67.0	3.51	43.79	22.65	13.78600882742347	541	95	67	6	116	60	67	3	29	15	2948	0	0.046872854232788086	54200	25.201399326324463	47789	11.82841328413285	
55396779349.65783	67.0	3.45	42.05	21.75	13.78600882742347	542	95	67	6	116	60	67	3	29	15	2955	0	0.031248807907104492	54300	25.232648134231567	47874	11.834254143646405	
9680008248888.143	67.0	3.35	39.15	20.25	13.78600882742347	543	95	67	6	116	60	67	3	29	15	2961	0	0.031246423721313477	54400	25.26389455795288	47960	11.838235294117652	
638516922250825.4	67.0	3.33	38.57	19.95	13.78600882742347	544	95	67	6	116	60	67	3	29	15	2965	0	0.03124833106994629	54500	25.295142889022827	48052	11.831192660550457	
1.7667145297821877e+33	67.0	3.42	41.18	21.3	13.78600882742347	545	95	67	6	116	60	67	3	29	15	2972	0	0.04687166213989258	54600	25.34201455116272	48136	11.83882783882784	
3.7846596439758286e+29	67.0	3.45	42.05	21.75	13.78600882742347	546	95	67	6	116	60	67	3	29	15	2975	0	0.04687166213989258	54700	25.388886213302612	48228	11.831809872029254	
36935574221.3484	67.0	3.51	43.79	22.65	13.78600882742347	547	95	67	6	116	60	67	3	29	15	2980	0	0.04687237739562988	54800	25.435758590698242	48315	11.833941605839414	
1.9799383212656689e+18	67.0	3.43	41.47	21.45	13.78600882742347	548	95	67	6	116	60	67	3	29	15	2984	0	0.04687166213989258	54900	25.482630252838135	48406	11.8287795992714	
1.4428682582736022e+29	67.0	3.41	40.89	21.15	13.78600882742347	549	95	67	6	116	60	67	3	29	15	2989	0	0.015623807907104492	55000	25.49825406074524	48494	11.829090909090908	
1.1397984932698576e+40	67.0	3.36	39.44	20.4	13.78600882742347	550	95	67	6	116	60	67	3	29	15	2992	0	0.046871185302734375	55100	25.545125246047974	48588	11.818511796733205	
1.6534006262685724e+35	67.0	3.44	41.76	21.6	13.78600882742347	551	95	67	6	116	60	67	3	29	15	3004	0	0.04687190055847168	55200	25.591997146606445	48668	11.833333333333329	
9.735618931702486e+39	67.0	3.27	36.83	19.05	13.78600882742347	552	95	67	4	58	30	67	3	29	15	3007	0	0.03124856948852539	55300	25.62324571609497	48755	11.835443037974684	
1.8112783675424053e+19	67.0	3.21	35.09	18.15	13.78600882742347	553	95	67	6	116	60	67	3	29	15	3010	0	0.046871185302734375	55400	25.670116901397705	48841	11.83935018050542	
6.747801148371609e+18	67.0	3.18	34.22	17.7	13.78600882742347	554	95	67	6	116	60	67	3	29	15	3015	0	0.031247615814208984	55500	25.701364517211914	48932	11.83423423423423	
2.3762320245852465e+33	67.0	3.21	35.09	18.15	13.78600882742347	555	95	67	4	58	30	67	3	29	15	3021	0	0.04687237739562988	55600	25.748236894607544	49024	11.827338129496397	
4.54692164384153e+34	67.0	3.37	39.73	20.55	13.78600882742347	556	95	67	6	116	60	67	3	29	15	3025	0	0.04687190055847168	55700	25.795108795166016	49115	11.82226211849192	
2.8176931318772404e+38	67.0	3.24	35.96	18.6	13.78600882742347	557	95	67	4	58	30	67	3	29	15	3035	0	0.015624523162841797	55800	25.810733318328857	49198	11.831541218637994	
1.6821913018289807e+41	67.0	3.3	37.7	19.5	13.78600882742347	558	95	67	6	116	60	67	3	29	15	3038	0	0.04687190055847168	55900	25.85760521888733	49287	11.830053667262973	
1.1001960581413369e+38	67.0	3.3	37.7	19.5	13.78600882742347	559	95	67	6	116	60	67	3	29	15	3042	0	0.031247377395629883	56000	25.88885259628296	49378	11.825000000000003	
1.8762903495804057e+41	67.0	3.23	35.67	18.45	13.78600882742347	560	95	67	6	116	60	67	3	29	15	3045	0	0.031247615814208984	56100	25.920100212097168	49470	11.818181818181813	
5.013570747748697e+19	67.0	3.31	37.99	19.65	13.78600882742347	561	95	67	6	116	60	67	3	29	15	3047	0	0.031247854232788086	56200	25.951348066329956	49561	11.813167259786468	
6.3703345453421666e+32	67.0	3.46	42.34	21.9	13.78600882742347	562	95	67	6	116	60	67	3	29	15	3052	0	0.031248092651367188	56300	25.982596158981323	49648	11.81527531083482	
6.590195927077458e+47	67.0	3.42	41.18	21.3	13.78600882742347	563	95	67	6	116	60	67	3	29	15	3059	0	0.031247854232788086	56400	26.01384401321411	49735	11.817375886524829	
8.551823433450865e+32	67.0	3.37	39.73	20.55	13.78600882742347	564	95	67	6	116	60	67	3	29	15	3067	0	0.031248092651367188	56500	26.04509210586548	49821	11.8212389380531	
3.842648975477583e+29	67.0	3.49	43.21	22.35	13.78600882742347	565	95	67	6	116	60	67	3	29	15	3078	0	0.04687142372131348	56600	26.091963529586792	49905	11.828621908127218	
1.82106482935052e+39	67.0	3.56	45.24	23.4	13.78600882742347	566	95	67	6	116	60	67	3	29	15	3083	0	0.04687142372131348	56700	26.138834953308105	49994	11.827160493827165	
1.0655039808868324e+38	67.0	3.64	47.56	24.6	13.78600882742347	567	95	67	6	116	60	67	3	29	15	3092	0	0.04687213897705078	56800	26.185707092285156	50082	11.827464788732385	
1.1635570676813262e+32	67.0	3.6	46.4	24.0	13.78600882742347	568	95	67	6	116	60	67	3	29	15	3100	0	0.031247615814208984	56900	26.216954708099365	50174	11.8207381370826	
6.471417600537836e+23	67.0	3.5	43.5	22.5	13.78600882742347	569	95	67	6	116	60	67	3	29	15	3104	0	0.04687190055847168	57000	26.263826608657837	50263	11.819298245614036	
2.5569589598809976e+26	67.0	3.31	37.99	19.65	13.78600882742347	570	95	67	6	116	60	67	3	29	15	3108	0	0.04687166213989258	57100	26.31069827079773	50352	11.817863397548152	
1.5175524744896383e+19	67.0	3.34	38.86	20.1	13.78600882742347	571	95	67	6	116	60	67	3	29	15	3114	0	0.031247854232788086	57200	26.341946125030518	50441	11.816433566433574	
3.22976499908485e+36	67.0	3.57	45.53	23.55	13.78600882742347	572	95	67	6	116	60	67	3	29	15	3123	0	0.04687213897705078	57300	26.38881826400757	50525	11.823734729493893	
1.9953331900684937e+29	67.0	3.62	46.98	24.3	13.78600882742347	573	95	67	6	116	60	67	3	29	15	3134	0	0.04687142372131348	57400	26.435689687728882	50607	11.834494773519168	
2.089340202193316e+31	67.0	3.53	44.37	22.95	13.78600882742347	574	95	67	6	116	60	67	3	29	15	3145	0	0.04687213897705078	57500	26.482561826705933	50692	11.83999999999999	
6.555567496964064e+32	67.0	3.6	46.4	24.0	13.78600882742347	575	95	67	6	116	60	67	3	29	15	3156	0	0.04687166213989258	57600	26.529433488845825	50777	11.845486111111114	
1627986814911307.0	67.0	3.61	46.69	24.15	13.78600882742347	576	95	67	6	116	60	67	3	29	15	3163	0	0.04687190055847168	57700	26.576305389404297	50866	11.844020797227046	
1.7731015434628127e+40	67.0	3.63	47.27	24.45	13.78600882742347	577	95	67	6	116	60	67	3	29	15	3168	0	0.04687213897705078	57800	26.623177528381348	50954	11.844290657439444	
1.7404010773754377e+35	67.0	3.795918367346939	52.08163265306123	26.93877551020408	13.78600882742347	578	97	67	6.0	116.0	60.0	67	3.0	29.0	15.0	3176	0	0.04687190055847168	57900	26.67004942893982	51042	11.844559585492235	
1.5775096939511227e+37	67.0	3.8	52.2	27.0	13.78600882742347	579	97	67	6	116	60	67	3	29	15	3186	0	0.046871185302734375	58000	26.716920614242554	51127	11.850000000000009	
2.16506514673325e+19	67.0	3.67	48.43	25.05	13.78600882742347	580	97	67	6	116	60	67	3	29	15	3197	0	0.04687190055847168	58100	26.763792514801025	51213	11.853700516351111	
6.31795579764749e+26	67.0	3.47	42.63	22.05	13.78600882742347	581	97	67	6	116	60	67	3	29	15	3202	0	0.04687142372131348	58200	26.81066393852234	51306	11.845360824742272	
4.5083116507165015e+18	67.0	3.44	41.76	21.6	13.78600882742347	582	97	67	4	58	30	67	3	29	15	3207	0	0.04687213897705078	58300	26.85753607749939	51395	11.84391080617496	
5.195542594287136e+28	67.0	3.54	44.66	23.1	13.78600882742347	583	97	67	6	116	60	67	3	29	15	3218	0	0.04687213897705078	58400	26.90440821647644	51480	11.849315068493155	
2.3381529947917244e+39	67.0	3.58	45.82	23.7	13.78600882742347	584	97	67	6	116	60	67	3	29	15	3223	0	0.03124690055847168	58500	26.935655117034912	51573	11.841025641025638	
3.2526319571068396e+16	67.0	3.46	42.34	21.9	13.78600882742347	585	97	67	6	116	60	67	3	29	15	3229	0	0.046872615814208984	58600	26.98252773284912	51659	11.844709897610912	
19173362346989.49	67.0	3.66	48.14	24.9	13.78600882742347	586	97	67	6	116	60	67	3	29	15	3235	0	0.04687166213989258	58700	27.029399394989014	51746	11.846678023850089	
135738645441054.42	67.0	3.47	42.63	22.05	13.78600882742347	587	97	67	6	116	60	67	3	29	15	3240	0	0.04687142372131348	58800	27.076270818710327	51838	11.840136054421762	
4.307331608526495e+16	67.0	3.66	48.14	24.9	13.78600882742347	588	97	67	6	116	60	67	3	29	15	3243	0	0.04687213897705078	58900	27.123142957687378	51933	11.828522920203739	
3.284707618380718e+37	67.0	3.54	44.66	23.1	13.78600882742347	589	97	67	6	116	60	67	3	29	15	3248	0	0.04687166213989258	59000	27.17001461982727	52024	11.823728813559313	
2.0070928630332803e+31	67.0	3.64	47.56	24.6	13.78600882742347	590	97	67	6	116	60	67	3	29	15	3254	0	0.031248092651367188	59100	27.201262712478638	52110	11.827411167512693	
2.3941615632444647e+35	67.0	3.47	42.63	22.05	13.78600882742347	591	97	67	6	116	60	67	3	29	15	3263	0	0.04687142372131348	59200	27.24813413619995	52196	11.83108108108108	
5.880209103702276e+37	67.0	3.49	43.21	22.35	13.78600882742347	592	97	67	6	116	60	67	3	29	15	3267	0	0.031248092651367188	59300	27.27938222885132	52282	11.834738617200685	
8.000000000000488e+29	67.0	3.45	42.05	21.75	13.78600882742347	593	97	67	6	116	60	67	3	29	15	3272	0	0.04687190055847168	59400	27.32625412940979	52368	11.838383838383834	
7.172010123078091e+28	67.0	3.63	47.27	24.45	13.78600882742347	594	97	67	6	116	60	67	3	29	15	3279	0	0.03124713897705078	59500	27.35750126838684	52455	11.840336134453779	
3.3358237149741546e+32	67.0	3.59	46.11	23.85	13.78600882742347	595	97	67	6	116	60	67	3	29	15	3282	0	0.04687237739562988	59600	27.40437364578247	52548	11.832214765100673	
3.3819587638045713e+23	67.0	3.59	46.11	23.85	13.78600882742347	596	97	67	6	116	60	67	3	29	15	3286	0	0.04687142372131348	59700	27.451245069503784	52633	11.837520938023445	
6.694898756162561e+24	67.0	3.41	40.89	21.15	13.78600882742347	597	97	67	6	116	60	67	3	29	15	3289	0	0.031248092651367188	59800	27.48249316215515	52724	11.832775919732441	
9.44242510759838e+23	67.0	3.38	40.02	20.7	13.5647205896463	598	97	67	6	116	60	67	3	29	15	3294	0	0.04687190055847168	59900	27.529365062713623	52811	11.834724540901504	
1.3538331299864246e+32	67.0	3.38	40.02	20.7	13.5647205896463	599	97	67	6	116	60	67	3	29	15	3300	0	0.04687166213989258	60000	27.576236724853516	52897	11.838333333333324	
4.719171409908005e+19	67.0	3.35	39.15	20.25	13.5647205896463	600	97	67	6	116	60	67	3	29	15	3304	0	0.04687213897705078	60100	27.623108863830566	52987	11.83527454242929	
7.506856726907296e+37	67.0	3.37	39.73	20.55	13.5647205896463	601	97	67	6	116	60	67	3	29	15	3306	0	0.031247615814208984	60200	27.654356479644775	53074	11.837209302325576	
1.2226487659574527e+24	67.0	3.34	38.86	20.1	13.5647205896463	602	97	67	4	58	30	67	3	29	15	3313	0	0.04687213897705078	60300	27.701228618621826	53160	11.840796019900495	
3.7964160315827085e+17	67.0	3.32	38.28	19.8	13.5647205896463	603	97	67	6	116	60	67	3	29	15	3314	0	0.04687142372131348	60400	27.74810004234314	53250	11.837748344370851	
5450815879.730619	67.0	3.31	37.99	19.65	13.5647205896463	604	97	67	6	116	60	67	3	29	15	3322	0	0.03124856948852539	60500	27.779348611831665	53333	11.84628099173554	
1.1050307231307656e+33	67.0	3.39	40.31	20.85	13.5647205896463	605	97	67	6	116	60	67	3	29	15	3331	0	0.04687166213989258	60600	27.826220273971558	53413	11.859735973597367	
5.2040533344697804e+23	67.0	3.33	38.57	19.95	13.5647205896463	606	97	67	6	116	60	67	3	29	15	3334	0	0.03124713897705078	60700	27.85746741294861	53507	11.850082372322902	
6.430314377611337e+28	67.0	3.45	42.05	21.75	13.5647205896463	607	97	67	6	116	60	67	3	29	15	3339	0	0.04687213897705078	60800	27.90433955192566	53597	11.847039473684205	
8223051908450404.0	67.0	3.41	40.89	21.15	13.5647205896463	608	97	67	6	116	60	67	3	29	15	3345	0	0.031247377395629883	60900	27.93558692932129	53684	11.848932676518885	
6.682522569946958e+29	67.0	3.32	38.28	19.8	13.5647205896463	609	97	67	6	116	60	67	3	29	15	3350	0	0.046872615814208984	61000	27.982459545135498	53770	11.852459016393453	
1064795628208141.6	67.0	3.15	33.35	17.25	13.5647205896463	610	97	67	4	58	30	67	3	29	15	3355	0	0.03124713897705078	61100	28.01370668411255	53859	11.851063829787236	
1257584224.0720298	67.0	3.28	37.12	19.2	13.5647205896463	611	97	67	6	116	60	67	3	29	15	3361	0	0.04687190055847168	61200	28.06057858467102	53941	11.861111111111114	
1654272785.4170876	67.0	3.26	36.54	18.9	13.5647205896463	612	97	67	6	116	60	67	3	29	15	3367	0	0.031248092651367188	61300	28.091826677322388	54026	11.866231647634578	
2435978902.4743085	67.0	3.23	35.67	18.45	13.5647205896463	613	97	67	4	58	30	67	3	29	15	3371	0	0.03124856948852539	61400	28.123075246810913	54113	11.868078175895775	
2.0480847308925192e+30	67.0	3.34	38.86	20.1	13.5647205896463	614	97	67	6	116	60	67	3	29	15	3375	0	0.04687094688415527	61500	28.16994619369507	54198	11.873170731707319	
1.0800726533983062e+26	67.0	3.44	41.76	21.6	13.483978781033278	615	97	67	6	116	60	67	3	29	15	3379	0	0.04687166213989258	61600	28.21681785583496	54285	11.875	
1.5331558777072736e+22	67.0	3.37	39.73	20.55	13.483978781033278	616	97	67	4	58	30	67	3	29	15	3383	0	0.031247377395629883	61700	28.24806523323059	54373	11.875202593192867	
1.6943544684836387e+26	67.0	3.41	40.89	21.15	13.483978781033278	617	97	67	6	116	60	67	3	29	15	3387	0	0.04687237739562988	61800	28.29493761062622	54465	11.868932038834956	
5.5203167693359415e+32	67.0	3.45	42.05	21.75	13.483978781033278	618	97	67	6	116	60	67	3	29	15	3394	0	0.04687190055847168	61900	28.341809511184692	54557	11.862681744749594	
1.3530000179862752e+17	67.0	3.54	44.66	23.1	13.483978781033278	619	97	67	6	116	60	67	3	29	15	3396	0	0.046871185302734375	62000	28.388680696487427	54655	11.846774193548384	
2.0706156684345087e+38	67.0	3.76	51.04	26.4	13.483978781033278	620	97	67	6	116	60	67	3	29	15	3400	0	0.04687190055847168	62100	28.4355525970459	54746	11.84219001610306	
2593657865959.231	67.0	3.69	49.01	25.35	13.483978781033278	621	97	67	6	116	60	67	3	29	15	3404	0	0.046872615814208984	62200	28.482425212860107	54833	11.844051446945343	
6.803521472548216e+31	67.0	3.49	43.21	22.35	13.483978781033278	622	97	67	6	116	60	67	3	29	15	3410	0	0.031247615814208984	62300	28.513672828674316	54918	11.849117174959872	
3.654032917291055e+31	67.0	3.44	41.76	21.6	13.483978781033278	623	97	67	6	116	60	67	3	29	15	3414	0	0.031247854232788086	62400	28.544920682907104	55009	11.844551282051285	
7.913193732635394e+36	67.0	3.41	40.89	21.15	13.483978781033278	624	97	67	6	116	60	67	3	29	15	3421	0	0.04687142372131348	62500	28.591792106628418	55090	11.855999999999995	
2.9925954322562557e+38	67.0	3.37	39.73	20.55	13.483978781033278	625	97	67	6	116	60	67	3	29	15	3424	0	0.03124713897705078	62600	28.62303924560547	55178	11.856230031948883	
1066926465885537.1	67.0	3.15	33.35	17.25	13.483978781033278	626	97	67	6	116	60	67	3	29	15	3424	0	0.046872854232788086	62700	28.669912099838257	55268	11.85326953748006	
1.0976326530612245e+39	67.0	3.11	32.19	16.65	13.483978781033278	627	97	67	4	58	30	67	3	29	15	3427	0	0.031247377395629883	62800	28.701159477233887	55357	11.851910828025481	
1.0284399063946751e+20	67.0	3.14	33.06	17.1	13.483978781033278	628	97	67	4	58	30	67	3	29	15	3435	0	0.04687213897705078	62900	28.748031616210938	55441	11.858505564387926	
5.561901315316199e+40	67.0	3.27	36.83	19.05	13.483978781033278	629	97	67	6	116	60	67	3	29	15	3441	0	0.031247854232788086	63000	28.779279470443726	55531	11.855555555555554	
3.3212524089157335e+40	67.0	3.3	37.7	19.5	13.483978781033278	630	97	67	6	116	60	67	3	29	15	3447	0	0.04687142372131348	63100	28.82615089416504	55621	11.85261489698891	
1.0908346112242947e+28	67.0	3.43	41.47	21.45	13.483978781033278	631	97	67	6	116	60	67	3	29	15	3450	0	0.04687213897705078	63200	28.87302303314209	55707	11.85601265822784	
4.2621797833114213e+21	67.0	3.27	36.83	19.05	13.483978781033278	632	97	67	6	116	60	67	3	29	15	3452	0	0.031247854232788086	63300	28.904270887374878	55797	11.853080568720372	
1.214645018914199e+22	67.0	3.13	32.77	16.95	13.483978781033278	633	97	67	4	58	30	67	3	29	15	3457	0	0.03124833106994629	63400	28.935519218444824	55884	11.854889589905355	
4.1275219243106245e+32	67.0	3.32	38.28	19.8	13.483978781033278	634	97	67	6	116	60	67	3	29	15	3462	0	0.03124713897705078	63500	28.966766357421875	55968	11.86141732283464	
3.305551131803485e+32	67.0	3.28	37.12	19.2	13.483978781033278	635	97	67	6	116	60	67	3	29	15	3469	0	0.031247854232788086	63600	28.998014211654663	56048	11.874213836477992	
4.765098971024774e+35	67.0	3.4	40.6	21.0	13.483978781033278	636	97	67	6	116	60	67	3	29	15	3474	0	0.03124833106994629	63700	29.02926254272461	56134	11.877551020408163	
3.239565571026796e+25	67.0	3.4	40.6	21.0	13.483978752527163	637	97	67	4	58	30	67	3	29	15	3478	0	0.04687190055847168	63800	29.07613444328308	56223	11.876175548589345	
1.1806335600557142e+33	67.0	3.42	41.18	21.3	13.483978752527163	638	97	67	6	116	60	67	3	29	15	3483	0	0.04687190055847168	63900	29.123006343841553	56312	11.874804381846644	
1.0831017190278507e+24	67.0	3.28	37.12	19.2	13.483978752527163	639	97	67	6	116	60	67	3	29	15	3488	0	0.031247615814208984	64000	29.15425395965576	56398	11.878124999999997	
5.2425077654347235e+29	67.0	3.26	36.54	18.9	13.483978752527163	640	97	67	6	116	60	67	3	29	15	3491	0	0.031247854232788086	64100	29.18550181388855	56488	11.875195007800315	
3.9197240465440244e+23	67.0	3.19	34.51	17.85	13.483978752527163	641	97	67	6	116	60	67	3	29	15	3497	0	0.04687237739562988	64200	29.23237419128418	56578	11.872274143302192	
2.590580732260143e+21	67.0	3.24	35.96	18.6	13.483978752527163	642	97	67	6	116	60	67	3	29	15	3503	0	0.031247615814208984	64300	29.26362180709839	56663	11.877138413685856	
4.914864974220129e+32	67.0	3.3	37.7	19.5	13.483978752527163	643	97	67	6	116	60	67	3	29	15	3509	0	0.04687142372131348	64400	29.310493230819702	56746	11.885093167701868	
2.5547551828720884e+24	67.0	3.22	35.38	18.3	13.483978752527163	644	97	67	6	116	60	67	3	29	15	3514	0	0.03124833106994629	64500	29.34174156188965	56830	11.89147286821705	
2.2600453178574525e+37	67.0	3.15	33.35	17.25	13.483978752527163	645	97	67	4	58	30	67	3	29	15	3517	0	0.031247615814208984	64600	29.372989177703857	56917	11.893188854489168	
1.3387094075307383e+27	67.0	3.24	35.96	18.6	13.483978752527163	646	97	67	4	58	30	67	3	29	15	3522	0	0.03124833106994629	64700	29.404237508773804	57002	11.897990726429668	
1.5126179545783412e+36	67.0	3.44	41.76	21.6	13.483978752527163	647	97	67	6	116	60	67	3	29	15	3524	0	0.031249046325683594	64800	29.435486555099487	57096	11.8888888888889	
2.5788682881302815e+36	67.0	3.4	40.6	21.0	13.483978752527163	648	97	67	6	116	60	67	3	29	15	3534	0	0.04687142372131348	64900	29.4823579788208	57180	11.895223420647156	
5.4801678688524614e+26	67.0	3.25	36.25	18.75	13.483978752527163	649	97	67	6	116	60	67	3	29	15	3538	0	0.046871185302734375	65000	29.529229164123535	57270	11.892307692307696	
3.455148821287235e+26	67.0	3.31	37.99	19.65	13.483978752527163	650	97	67	6	116	60	67	3	29	15	3541	0	0.04687190055847168	65100	29.576101064682007	57361	11.887864823348693	
7.058380102040868e+39	67.0	3.31	37.99	19.65	13.483978752527163	651	97	67	6	116	60	67	3	29	15	3544	0	0.04687166213989258	65200	29.6229727268219	57450	11.886503067484668	
5335338822065714.0	67.0	3.28	37.12	19.2	13.483978752527163	652	97	67	6	116	60	67	3	29	15	3552	0	0.046871185302734375	65300	29.669843912124634	57530	11.898928024502297	
1.0792087033656228e+16	67.0	3.23	35.67	18.45	13.483978752527163	653	97	67	4	58	30	67	3	29	15	3554	0	0.031247377395629883	65400	29.701091289520264	57618	11.899082568807344	
4.41303923157388e+29	67.0	3.25	36.25	18.75	13.483978752527163	654	97	67	6	116	60	67	3	29	15	3558	0	0.04687237739562988	65500	29.747963666915894	57697	11.912977099236642	
5.61433098428821e+17	67.0	3.39	40.31	20.85	13.483978752527163	655	97	67	6	116	60	67	3	29	15	3563	0	0.031247854232788086	65600	29.77921152114868	57785	11.913109756097555	
4.7115563092063915e+23	67.0	3.39	40.31	20.85	13.483978752527163	656	97	67	6	116	60	67	3	29	15	3570	0	0.031247854232788086	65700	29.81045937538147	57873	11.913242009132418	
4.192472259671616e+33	67.0	3.28	37.12	19.2	13.483978752527163	657	97	67	6	116	60	67	3	29	15	3575	0	0.0468754768371582	65800	29.857334852218628	57961	11.913373860182375	
7.459518853560678e+38	67.0	3.35	39.15	20.25	13.483978752527163	658	97	67	6	116	60	67	3	29	15	3581	0	0.046869754791259766	65900	29.904204607009888	58047	11.916540212443095	
3.0105195283721978e+32	67.0	3.51	43.79	22.65	13.483978752527163	659	97	67	6	116	60	67	3	29	15	3588	0	0.04687190055847168	66000	29.95107650756836	58130	11.924242424242422	
3.0649536305524204e+32	67.0	3.54	44.66	23.1	13.483978752527163	660	97	67	6	116	60	67	3	29	15	3589	0	0.04687166213989258	66100	29.997948169708252	58226	11.91225416036309	
1.22459880242023e+36	67.0	3.55	44.95	23.25	13.483978752527163	661	97	67	6	116	60	67	3	29	15	3595	0	0.031248092651367188	66200	30.02919626235962	58316	11.909365558912384	
3.4471725280346655e+40	67.0	3.67	48.43	25.05	13.483978752527163	662	97	67	6	116	60	67	3	29	15	3598	0	0.04687023162841797	66300	30.076066493988037	58408	11.903469079939669	
3.4467612244898007e+24	67.0	3.63	47.27	24.45	13.483978752527163	663	97	67	6	116	60	67	3	29	15	3601	0	0.046871185302734375	66400	30.12293767929077	58504	11.891566265060234	
6.072981923443277e+29	67.0	3.67	48.43	25.05	13.483978752527163	664	97	67	6	116	60	67	3	29	15	3607	0	0.031248807907104492	66500	30.154186487197876	58594	11.888721804511277	
1.067635554384653e+36	67.0	3.71	49.59	25.65	13.483978752527163	665	97	67	6	116	60	67	3	29	15	3614	0	0.04687190055847168	66600	30.201058387756348	58683	11.887387387387378	
3.314033627459018e+36	67.0	3.76	51.04	26.4	13.483978752527163	666	97	67	6	116	60	67	3	29	15	3617	0	0.06249570846557617	66700	30.263554096221924	58777	11.878560719640191	
6.707737000194979e+29	67.0	3.67	48.43	25.05	13.483978752527163	667	97	67	6	116	60	67	3	29	15	3625	0	0.04687142372131348	66800	30.310425519943237	58866	11.877245508982043	
9.513025227635417e+34	67.0	3.75	50.75	26.25	13.483978752527163	668	97	67	6	116	60	67	3	29	15	3630	0	0.04687190055847168	66900	30.35729742050171	58958	11.871449925261572	
4.2146485662302855e+35	67.0	3.67	48.43	25.05	13.483978752527163	669	97	67	6	116	60	67	3	29	15	3632	0	0.046872615814208984	67000	30.404170036315918	59051	11.864179104477614	
4.980700808743189e+27	67.0	3.78	51.62	26.7	13.483978752527163	670	97	67	6	116	60	67	3	29	15	3634	0	0.04687142372131348	67100	30.45104146003723	59144	11.85692995529061	
4.651545978767527e+36	67.0	3.59	46.11	23.85	13.483978752527163	671	97	67	6	116	60	67	3	29	15	3639	0	0.04687070846557617	67200	30.497912168502808	59234	11.854166666666671	
2.746228268215156e+36	67.0	3.69	49.01	25.35	13.483978752527163	672	97	67	6	116	60	67	3	29	15	3647	0	0.04687309265136719	67300	30.544785261154175	59322	11.854383358098062	
5.335870897625475e+28	67.0	3.7	49.3	25.5	13.483978752527163	673	97	67	6	116	60	67	3	29	15	3658	0	0.04687047004699707	67400	30.591655731201172	59404	11.863501483679528	
2.6694393597438947e+40	67.0	3.8	52.2	27.0	13.483978752527163	674	97	67	6	116	60	67	3	29	15	3665	0	0.046872854232788086	67500	30.63852858543396	59496	11.857777777777784	
2.4340462359857848e+36	67.0	3.64	47.56	24.6	13.483978752527163	675	97	67	6	116	60	67	3	29	15	3672	0	0.031247377395629883	67600	30.66977596282959	59586	11.855029585798817	
1.1743756518174628e+26	67.0	3.66	48.14	24.9	13.483978752527163	676	97	67	6	116	60	67	3	29	15	3678	0	0.03124856948852539	67700	30.701024532318115	59675	11.85376661742984	
4.8632424133976825e+36	67.0	3.57	45.53	23.55	13.483978752527163	677	97	67	6	116	60	67	3	29	15	3684	0	0.04687190055847168	67800	30.747896432876587	59765	11.85103244837758	
2.580016816218305e+22	67.0	3.7	49.3	25.5	13.483978752527163	678	97	67	6	116	60	67	3	29	15	3688	0	0.046872615814208984	67900	30.794769048690796	59857	11.845360824742272	
1.0157359843169504e+31	67.0	3.63	47.27	24.45	13.483978752527163	679	97	67	6	116	60	67	3	29	15	3694	0	0.04687166213989258	68000	30.84164071083069	59946	11.844117647058823	
2.1277475288890466e+22	67.0	3.49	43.21	22.35	13.483978752527163	680	97	67	6	116	60	67	3	29	15	3700	0	0.04687166213989258	68100	30.88851237297058	60037	11.839941262848754	
1.3957047398471217e+31	67.0	3.52	44.08	22.8	13.483978752527163	681	97	67	6	116	60	67	3	29	15	3705	0	0.031246662139892578	68200	30.919759035110474	60126	11.83870967741936	
3.423426577753851e+19	67.0	3.41	40.89	21.15	13.483978752527163	682	97	67	6	116	60	67	3	29	15	3709	0	0.046872615814208984	68300	30.966631650924683	60215	11.837481698389468	
2.4056044989690746e+27	67.0	3.44	41.76	21.6	13.483978752527163	683	97	67	6	116	60	67	3	29	15	3717	0	0.03124690055847168	68400	30.997878551483154	60301	11.840643274853804	
4.290685489480929e+16	67.0	3.43	41.47	21.45	13.483978752527163	684	97	67	6	116	60	67	3	29	15	3725	0	0.031247854232788086	68500	31.029126405715942	60387	11.843795620437959	
1.0441108110704337e+24	67.0	3.34	38.86	20.1	13.483978752527163	685	97	67	6	116	60	67	3	29	15	3728	0	0.04687142372131348	68600	31.075997829437256	60474	11.845481049562679	
33097630917171.82	67.0	3.36	39.44	20.4	13.483978752527163	686	97	67	6	116	60	67	3	29	15	3734	0	0.03124833106994629	68700	31.107246160507202	60564	11.842794759825324	
1.394742421826174e+26	67.0	3.57	45.53	23.55	13.483978752527163	687	97	67	6	116	60	67	3	29	15	3740	0	0.031247854232788086	68800	31.13849401473999	60650	11.845930232558146	
2.0115828120136037e+24	67.0	3.49	43.21	22.35	13.483978752527163	688	97	67	6	116	60	67	3	29	15	3746	0	0.031248092651367188	68900	31.169742107391357	60737	11.847605224963715	
5.3113960290597594e+29	67.0	3.41	40.89	21.15	13.483978752527163	689	97	67	6	116	60	67	3	29	15	3750	0	0.04687333106994629	69000	31.216615438461304	60826	11.846376811594212	
2.3469061224489815e+29	67.0	3.27	36.83	19.05	13.483978752527163	690	97	67	6	116	60	67	3	29	15	3753	0	0.01562190055847168	69100	31.232237339019775	60913	11.848046309696088	
8.427753253295365e+39	67.0	3.37	39.73	20.55	13.483978752527163	691	97	67	6	116	60	67	3	29	15	3759	0	0.031247377395629883	69200	31.263484716415405	60998	11.852601156069369	
4.7390419429901195e+39	67.0	3.3	37.7	19.5	13.483978752527163	692	97	67	6	116	60	67	3	29	15	3766	0	0.04687309265136719	69300	31.310357809066772	61081	11.860028860028862	
6908615700.9579315	67.0	3.31	37.99	19.65	13.483978752527163	693	97	67	4	58	30	67	3	29	15	3768	0	0.03124690055847168	69400	31.341604709625244	61172	11.85590778097982	
6.0521885147850455e+32	67.0	3.46	42.34	21.9	13.483978752527163	694	97	67	6	116	60	67	3	29	15	3773	0	0.031247615814208984	69500	31.372852325439453	61266	11.84748201438849	
1.3434651728281085e+18	67.0	3.57	45.53	23.55	13.483978752527163	695	97	67	6	116	60	67	3	29	15	3784	0	0.046872854232788086	69600	31.41972517967224	61350	11.853448275862064	
2.5808740915560408e+36	67.0	3.63	47.27	24.45	13.483978752527163	696	97	67	6	116	60	67	3	29	15	3790	0	0.04687094688415527	69700	31.466596126556396	61441	11.84935437589671	
5.258955833127377e+23	67.0	3.49	43.21	22.35	13.483978752527163	697	97	67	6	116	60	67	3	29	15	3793	0	0.06249642372131348	69800	31.52909255027771	61532	11.845272206303719	
2.110659729257346e+30	67.0	3.61	46.69	24.15	13.483978752527163	698	97	67	6	116	60	67	3	29	15	3798	0	0.04687142372131348	69900	31.575963973999023	61622	11.84263233190272	
3.7510177984099914e+27	67.0	3.66	48.14	24.9	13.340326188669973	699	97	67	6	116	60	67	3	29	15	3805	0	0.03124690055847168	70000	31.607210874557495	61710	11.842857142857142	
1.1902109062132066e+20	67.0	3.6	46.4	24.0	13.340326188669973	700	97	67	6	116	60	67	3	29	15	3806	0	0.04687309265136719	70100	31.654083967208862	61804	11.83452211126962	
4.455463917525795e+37	67.0	3.68	48.72	25.2	13.340326188669973	701	97	67	6	116	60	67	3	29	15	3810	0	0.031247377395629883	70200	31.685331344604492	61897	11.827635327635335	
1.704199162107406e+22	67.0	3.55	44.95	23.25	13.340326188669973	702	97	67	6	116	60	67	3	29	15	3823	0	0.031247854232788086	70300	31.71657919883728	61977	11.839260312944518	
1.6855889231392234e+34	67.0	3.57	45.53	23.55	13.340326188669973	703	97	67	6	116	60	67	3	29	15	3832	0	0.046872854232788086	70400	31.76345205307007	62062	11.84375	
1.2407340733222713e+25	67.0	3.48	42.92	22.2	13.340326188669973	704	97	67	6	116	60	67	3	29	15	3837	0	0.04687094688415527	70500	31.810322999954224	62152	11.841134751773055	
3086824370.9470377	67.0	3.41	40.89	21.15	13.340326188669973	705	97	67	6	116	60	67	3	29	15	3848	0	0.04687142372131348	70600	31.857194423675537	62236	11.847025495750714	
2.678521866066209e+32	67.0	3.53	44.37	22.95	13.340326188669973	706	97	67	6	116	60	67	3	29	15	3851	0	0.031249523162841797	70700	31.88844394683838	62328	11.841584158415841	
16081727257.139256	67.0	3.57	45.53	23.55	13.340326188669973	707	97	67	6	116	60	67	3	29	15	3855	0	0.031246662139892578	70800	31.91969060897827	62417	11.840395480225979	
3.0783464412030567e+27	67.0	3.58	45.82	23.7	13.340326188669973	708	97	67	6	116	60	67	3	29	15	3857	0	0.04687166213989258	70900	31.966562271118164	62509	11.834978843441462	
1.062058983021145e+32	67.0	3.31	37.99	19.65	13.340326188669973	709	97	67	6	116	60	67	3	29	15	3869	0	0.046872615814208984	71000	32.01343488693237	62586	11.850704225352118	
2091620597.399126	67.0	3.25	36.25	18.75	13.307791152660087	710	97	67	6	116	60	67	3	29	15	3872	0	0.031246662139892578	71100	32.044681549072266	62676	11.848101265822791	
1.6736312521105856e+21	67.0	3.34	38.86	20.1	13.307791152660087	711	97	67	6	116	60	67	3	29	15	3875	0	0.031248092651367188	71200	32.07592964172363	62766	11.845505617977523	
1.0023965781749219e+36	67.0	3.31	37.99	19.65	13.307791152660087	712	97	67	6	116	60	67	3	29	15	3879	0	0.04687213897705078	71300	32.122801780700684	62855	11.844319775596063	
2.1474185463783684e+34	67.0	3.37	39.73	20.55	13.307791152660087	713	97	67	6	116	60	67	3	29	15	3888	0	0.03124856948852539	71400	32.15405035018921	62939	11.850140056022411	
1.6644043933284685e+28	67.0	3.33	38.57	19.95	13.307791152660087	714	97	67	6	116	60	67	3	29	15	3897	0	0.046871185302734375	71500	32.20092153549194	63020	11.860139860139867	
1.0168396219658847e+29	67.0	3.34	38.86	20.1	13.307791152660087	715	97	67	4	58	30	67	3	29	15	3899	0	0.06249570846557617	71600	32.26341724395752	63111	11.85614525139664	
4.18755554792749e+35	67.0	3.32	38.28	19.8	13.307791152660087	716	97	67	4	58	30	67	3	29	15	3901	0	0.031248807907104492	71700	32.294666051864624	63207	11.845188284518827	
6.186315464846953e+39	67.0	3.45	42.05	21.75	13.307791152660087	717	97	67	6	116	60	67	3	29	15	3907	0	0.04687070846557617	71800	32.3415367603302	63296	11.844011142061277	
4.684472569446762e+45	67.0	3.35	39.15	20.25	13.307791152660087	718	97	67	6	116	60	67	3	29	15	3911	0	0.04687166213989258	71900	32.38840842247009	63385	11.842837273991663	
5.62578165418039e+21	67.0	3.4	40.6	21.0	13.307791152660087	719	97	67	6	116	60	67	3	29	15	3917	0	0.031248092651367188	72000	32.41965651512146	63474	11.841666666666669	
2.119918063327357e+35	67.0	3.36	39.44	20.4	13.307791152660087	720	97	67	6	116	60	67	3	29	15	3922	0	0.04687309265136719	72100	32.46652960777283	63563	11.840499306518723	
1.6786031911280053e+20	67.0	3.47	42.63	22.05	13.307791152660087	721	97	67	6	116	60	67	3	29	15	3932	0	0.04687023162841797	72200	32.513399839401245	63645	11.84903047091413	
1.8585609747058914e+24	67.0	3.31	37.99	19.65	13.307791152660087	722	97	67	6	116	60	67	3	29	15	3935	0	0.031247854232788086	72300	32.54464769363403	63738	11.842323651452276	
6.205191185935152e+29	67.0	3.23	35.67	18.45	13.307791152660087	723	97	67	6	116	60	67	3	29	15	3938	0	0.03124713897705078	72400	32.575894832611084	63830	11.837016574585633	
13216352426.610914	67.0	3.36	39.44	20.4	13.307791152660087	724	97	67	6	116	60	67	3	29	15	3944	0	0.031247854232788086	72500	32.60714268684387	63917	11.838620689655173	
1.9157160241484726e+24	67.0	3.4	40.6	21.0	13.307791152660087	725	97	67	6	116	60	67	3	29	15	3948	0	0.03125	72600	32.63839268684387	64004	11.840220385674925	
1.0660659549433149e+24	67.0	3.48	42.92	22.2	13.307791152660087	726	97	67	6	116	60	67	3	29	15	3954	0	0.04687047004699707	72700	32.68526315689087	64094	11.83768913342503	
1.419127403262252e+25	67.0	3.44	41.76	21.6	13.307791152660087	727	97	67	6	116	60	67	3	29	15	3961	0	0.04687142372131348	72800	32.73213458061218	64180	11.840659340659343	
1809872461.2569385	67.0	3.45	42.05	21.75	13.307791152660087	728	97	67	6	116	60	67	3	29	15	3965	0	0.031248807907104492	72900	32.76338338851929	64269	11.839506172839506	
1.004752401193886e+25	67.0	3.34	38.86	20.1	13.307791152660087	729	97	67	6	116	60	67	3	29	15	3974	0	0.04687094688415527	73000	32.81025433540344	64353	11.845205479452062	
1.4219124525153796e+23	67.0	3.58	45.82	23.7	13.307791152660087	730	97	67	6	116	60	67	3	29	15	3986	0	0.04687190055847168	73100	32.857126235961914	64435	11.853625170998626	
35473311033.84985	67.0	3.61	46.69	24.15	13.307791152660087	731	97	67	6	116	60	67	3	29	15	3991	0	0.046871185302734375	73200	32.90399742126465	64526	11.849726775956285	
1.0120796204448066e+41	67.0	3.69	49.01	25.35	13.307791152660087	732	97	67	6	116	60	67	3	29	15	3996	0	0.04687166213989258	73300	32.95086908340454	64618	11.844474761255114	
4.707484125173919e+32	67.0	3.63	47.27	24.45	13.307791152660087	733	97	67	6	116	60	67	3	29	15	4003	0	0.04687309265136719	73400	32.99774217605591	64706	11.844686648501352	
6.661144865151078e+37	67.0	3.6	46.4	24.0	13.307791152660087	734	97	67	6	116	60	67	3	29	15	4010	0	0.04687047004699707	73500	33.044612646102905	64790	11.850340136054427	
3.835991706243144e+38	67.0	3.35	39.15	20.25	13.307791152660087	735	97	67	6	116	60	67	3	29	15	4017	0	0.04687190055847168	73600	33.09148454666138	64876	11.853260869565219	
4.7192448998578086e+17	67.0	3.41	40.89	21.15	13.307791152660087	736	97	67	6	116	60	67	3	29	15	4021	0	0.031247854232788086	73700	33.122732400894165	64966	11.85074626865672	
8.954303819199665e+40	67.0	3.27	36.83	19.05	13.307791152660087	737	97	67	6	116	60	67	3	29	15	4027	0	0.031248092651367188	73800	33.15398049354553	65052	11.853658536585371	
2.490002404240171e+18	67.0	3.16	33.64	17.4	13.307791152660087	738	97	67	4	58	30	67	3	29	15	4031	0	0.031247615814208984	73900	33.18522810935974	65136	11.859269282814608	
6350290421.375066	67.0	3.11	32.19	16.65	13.307791152660087	739	97	67	4	58	30	67	3	29	15	4036	0	0.031248807907104492	74000	33.216476917266846	65223	11.860810810810804	
3.6866443029163356e+22	67.0	3.23	35.67	18.45	13.307791152660087	740	97	67	6	116	60	67	3	29	15	4041	0	0.015622615814208984	74100	33.232099533081055	65309	11.863697705802963	
2.8986414285714297e+37	67.0	3.3	37.7	19.5	13.307791152660087	741	97	67	6	116	60	67	3	29	15	4044	0	0.04687190055847168	74200	33.278971433639526	65397	11.863881401617249	
1.7944316466230775e+35	67.0	3.5	43.5	22.5	13.307791152660087	742	97	67	6	116	60	67	3	29	15	4050	0	0.04687190055847168	74300	33.325843334198	65484	11.86541049798116	
2.094790109656503e+30	67.0	3.44	41.76	21.6	13.307791152660087	743	97	67	6	116	60	67	3	29	15	4053	0	0.04687142372131348	74400	33.37271475791931	65572	11.865591397849457	
5.806640107645621e+37	67.0	3.36	39.44	20.4	13.307791152660087	744	97	67	6	116	60	67	3	29	15	4056	0	0.04687213897705078	74500	33.41958689689636	65662	11.863087248322145	
3.859189085227401e+18	67.0	3.22	35.38	18.3	13.307791152660087	745	97	67	4	58	30	67	3	29	15	4064	0	0.031247615814208984	74600	33.45083451271057	65747	11.86729222520107	
7.944830997573611e+30	67.0	3.25	36.25	18.75	13.307791152660087	746	97	67	6	116	60	67	3	29	15	4068	0	0.04687213897705078	74700	33.49770665168762	65831	11.87282463186078	
1.4625000131625718e+25	67.0	3.34	38.86	20.1	13.307791152660087	747	97	67	6	116	60	67	3	29	15	4073	0	0.031247615814208984	74800	33.52895426750183	65916	11.877005347593581	
1.4260374801033872e+50	67.0	3.36	39.44	20.4	13.307791152660087	748	97	67	6	116	60	67	3	29	15	4077	0	0.04687213897705078	74900	33.57582640647888	66008	11.871829105473964	
6.309403996383183e+30	67.0	3.36	39.44	20.4	13.307791152660087	749	97	67	6	116	60	67	3	29	15	4083	0	0.04687166213989258	75000	33.622698068618774	66097	11.870666666666665	
2.4034424671066186e+26	67.0	3.47	42.63	22.05	13.307127875803305	750	97	67	6	116	60	67	3	29	15	4090	0	0.031248092651367188	75100	33.65394616127014	66184	11.872170439414106	
3.6261230757494495e+28	67.0	3.6	46.4	24.0	13.307127875803305	751	97	67	6	116	60	67	3	29	15	4092	0	0.04687237739562988	75200	33.70081853866577	66280	11.861702127659584	
1.4928409317949746e+36	67.0	3.56	45.24	23.4	13.307127875803305	752	97	67	6	116	60	67	3	29	15	4095	0	0.031247377395629883	75300	33.7320659160614	66373	11.855245683930946	
9.75956253918353e+26	67.0	3.56	45.24	23.4	13.307127875803305	753	97	67	6	116	60	67	3	29	15	4105	0	0.031247854232788086	75400	33.76331377029419	66453	11.866047745358088	
2.442946942192089e+36	67.0	3.47	42.63	22.05	13.307127875803305	754	97	67	6	116	60	67	3	29	15	4114	0	0.04687094688415527	75500	33.810184717178345	66535	11.874172185430467	
4.4690089343890814e+29	67.0	3.75	50.75	26.25	13.307127875803305	755	97	67	6	116	60	67	3	29	15	4123	0	0.046872854232788086	75600	33.85705757141113	66624	11.873015873015873	
1.4456071422969944e+41	67.0	3.69	49.01	25.35	13.307127875803305	756	97	67	6	116	60	67	3	29	15	4127	0	0.04687094688415527	75700	33.90392851829529	66713	11.871862615587844	
1.116772895810678e+23	67.0	3.5	43.5	22.5	13.307127875803305	757	97	67	6	116	60	67	3	29	15	4134	0	0.04687213897705078	75800	33.95080065727234	66800	11.873350923482846	
6.69378120905588e+35	67.0	3.73	50.17	25.95	13.307127875803305	758	97	67	6	116	60	67	3	29	15	4140	0	0.04687166213989258	75900	33.99767231941223	66890	11.870882740447968	
3.9556182052483924e+42	67.0	3.63	47.27	24.45	13.307127875803305	759	97	67	6	116	60	67	3	29	15	4147	0	0.04687309265136719	76000	34.0445454120636	66981	11.867105263157896	
3.004200176501582e+20	67.0	3.53	44.37	22.95	13.307127875803305	760	97	67	6	116	60	67	3	29	15	4151	0	0.0468745231628418	76100	34.09141993522644	67074	11.860709592641257	
9.273379240933449e+17	67.0	3.49	43.21	22.35	13.307127875803305	761	97	67	6	116	60	67	3	29	15	4160	0	0.04686737060546875	76200	34.13828730583191	67158	11.866141732283467	
8.074824450742001e+20	67.0	3.46	42.34	21.9	13.307127875803305	762	97	67	6	116	60	67	3	29	15	4164	0	0.04687237739562988	76300	34.18515968322754	67248	11.86369593709044	
1622118084299944.2	67.0	3.36	39.44	20.4	13.307127875803305	763	97	67	6	116	60	67	3	29	15	4167	0	0.031247615814208984	76400	34.21640729904175	67343	11.854712041884824	
3.9954412221002826e+36	67.0	3.38	40.02	20.7	13.307127875803305	764	97	67	6	116	60	67	3	29	15	4172	0	0.04687190055847168	76500	34.26327919960022	67433	11.852287581699343	
1727697459.3869362	67.0	3.47	42.63	22.05	13.307127875803305	765	97	67	6	116	60	67	3	29	15	4176	0	0.04687190055847168	76600	34.31015110015869	67522	11.851174934725847	
3.6661283698306007e+31	67.0	3.4	40.6	21.0	13.307127875803305	766	97	67	6	116	60	67	3	29	15	4180	0	0.04687190055847168	76700	34.35702300071716	67611	11.850065189048237	
294434568165097.4	67.0	3.4	40.6	21.0	13.307127875803305	767	97	67	6	116	60	67	3	29	15	4186	0	0.04687166213989258	76800	34.403894662857056	67696	11.854166666666671	
1.181064634724883e+37	67.0	3.5	43.5	22.5	13.307127875803305	768	97	67	6	116	60	67	3	29	15	4188	0	0.031247854232788086	76900	34.435142517089844	67788	11.849154746423935	
1.5769773968585648e+25	67.0	3.44	41.76	21.6	13.307127875803305	769	97	67	4	58	30	67	3	29	15	4191	0	0.04687142372131348	77000	34.48201394081116	67880	11.84415584415585	
2.3705311678729954e+26	67.0	3.49	43.21	22.35	13.307127875803305	770	97	67	6	116	60	67	3	29	15	4195	0	0.04687213897705078	77100	34.52888607978821	67969	11.843060959792467	
1.940720487768016e+20	67.0	3.45	42.05	21.75	13.307127875803305	771	97	67	6	116	60	67	3	29	15	4195	0	0.031247854232788086	77200	34.560133934020996	68062	11.836787564766837	
3.92727279999893e+21	67.0	3.47	42.63	22.05	13.307127875803305	772	97	67	6	116	60	67	3	29	15	4197	0	0.04687190055847168	77300	34.60700583457947	68152	11.834411384217333	
35325307848.32538	67.0	3.44	41.76	21.6	13.307127875803305	773	97	67	6	116	60	67	3	29	15	4204	0	0.03124856948852539	77400	34.63825440406799	68238	11.837209302325576	
1.8646164017758069e+27	67.0	3.34	38.86	20.1	13.307127875803305	774	97	67	6	116	60	67	3	29	15	4211	0	0.031247377395629883	77500	34.66950178146362	68321	11.843870967741935	
3.955129686217826e+16	67.0	3.27	36.83	19.05	13.307127875803305	775	97	67	6	116	60	67	3	29	15	4217	0	0.04687237739562988	77600	34.71637415885925	68406	11.847938144329902	
7.213451844262328e+39	67.0	3.38	40.02	20.7	13.307127875803305	776	97	67	6	116	60	67	3	29	15	4223	0	0.04687094688415527	77700	34.76324510574341	68496	11.845559845559848	
4.59926085437364e+18	67.0	3.31	37.99	19.65	13.307127875803305	777	97	67	6	116	60	67	3	29	15	4228	0	0.031249046325683594	77800	34.79449415206909	68581	11.849614395886888	
9.918494825154756e+24	67.0	3.2	34.8	18.0	13.307127875803305	778	97	67	6	116	60	67	3	29	15	4231	0	0.04687070846557617	77900	34.84136486053467	68665	11.854942233632855	
71530257804398.14	67.0	3.18	34.22	17.7	13.307127875803305	779	97	67	6	116	60	67	3	29	15	4236	0	0.031247615814208984	78000	34.87261247634888	68750	11.858974358974365	
2.314166316232376e+18	67.0	3.12	32.48	16.8	13.307127875803305	780	97	67	4	58	30	67	3	29	15	4243	0	0.031248092651367188	78100	34.903860569000244	68839	11.857874519846348	
2.364060126076277e+16	67.0	3.28	37.12	19.2	13.307127875803305	781	97	67	6	116	60	67	3	29	15	4245	0	0.04687166213989258	78200	34.95073223114014	68931	11.852941176470594	
4.158200740349588e+28	67.0	3.4	40.6	21.0	13.307127875803305	782	97	67	6	116	60	67	3	29	15	4253	0	0.04687190055847168	78300	34.99760413169861	69017	11.855683269476373	
4.518692117173407e+29	67.0	3.36	39.44	20.4	13.307127875803305	783	97	67	6	116	60	67	3	29	15	4257	0	0.031247615814208984	78400	35.02885174751282	69107	11.853316326530617	
4.582883216718043e+29	67.0	3.38	40.02	20.7	13.307127875803305	784	97	67	6	116	60	67	3	29	15	4262	0	0.04687213897705078	78500	35.07572388648987	69194	11.85477707006369	
6803107948.096217	67.0	3.44	41.76	21.6	13.307127875803305	785	97	67	6	116	60	67	3	29	15	4273	0	0.04687166213989258	78600	35.12259554862976	69278	11.860050890585242	
3.1443200249696e+28	67.0	3.52	44.08	22.8	13.307127875803305	786	97	67	6	116	60	67	3	29	15	4278	0	0.031247854232788086	78700	35.15384340286255	69367	11.858958068614982	
3.901446751553314e+33	67.0	3.48	42.92	22.2	13.307127875803305	787	97	67	6	116	60	67	3	29	15	4279	0	0.04687190055847168	78800	35.20071530342102	69455	11.859137055837564	
3.251200458502548e+30	67.0	3.55	44.95	23.25	13.307127875803305	788	97	67	6	116	60	67	3	29	15	4284	0	0.04687166213989258	78900	35.24758696556091	69546	11.855513307984793	
2137891962088327.2	67.0	3.47	42.63	22.05	13.307127875803305	789	97	67	4	58	30	67	3	29	15	4287	0	0.04687166213989258	79000	35.294458627700806	69636	11.853164556962028	
973621714302903.6	67.0	3.55	44.95	23.25	13.307127875803305	790	97	67	6	116	60	67	3	29	15	4294	0	0.04687190055847168	79100	35.34133052825928	69726	11.850821744627055	
2.808766213687176e+25	67.0	3.6	46.4	24.0	13.307127875803305	791	97	67	6	116	60	67	3	29	15	4297	0	0.031247854232788086	79200	35.372578382492065	69819	11.844696969696969	
5.31388396671867e+31	67.0	3.44	41.76	21.6	13.307127875803305	792	97	67	6	116	60	67	3	29	15	4300	0	0.031247615814208984	79300	35.403825998306274	69907	11.844892812105925	
3991820422107042.0	67.0	3.35	39.15	20.25	13.307127875803305	793	97	67	4	58	30	67	3	29	15	4305	0	0.031248092651367188	79400	35.43507409095764	69995	11.845088161209077	
41265849364741.07	67.0	3.29	37.41	19.35	13.307127875803305	794	97	67	6	116	60	67	3	29	15	4312	0	0.031247854232788086	79500	35.46632194519043	70080	11.84905660377359	
1.8227201425883107e+17	67.0	3.25	36.25	18.75	13.307127875803305	795	97	67	6	116	60	67	3	29	15	4320	0	0.04687190055847168	79600	35.5131938457489	70164	11.854271356783926	
26512430588509.83	67.0	3.34	38.86	20.1	13.307127875803305	796	97	67	6	116	60	67	3	29	15	4323	0	0.04687166213989258	79700	35.560065507888794	70253	11.853199498117945	
3.863577606838117e+32	67.0	3.35	39.15	20.25	13.307127875803305	797	97	67	6	116	60	67	3	29	15	4325	0	0.04687166213989258	79800	35.60693717002869	70340	11.854636591478695	
2.446220704344387e+39	67.0	3.33	38.57	19.95	13.307127875803305	798	97	67	6	116	60	67	3	29	15	4332	0	0.031247854232788086	79900	35.638185024261475	70428	11.854818523153938	
2.0751206026712532e+24	67.0	3.55	44.95	23.25	13.307127875803305	799	97	67	6	116	60	67	3	29	15	4337	0	0.04687190055847168	80000	35.685056924819946	70517	11.853749999999991	
1.0254563551696082e+29	67.0	3.67	48.43	25.05	13.307127875803305	800	97	67	6	116	60	67	3	29	15	4342	0	0.04687237739562988	80100	35.731929302215576	70610	11.847690387016229	
4.04206825220775e+25	67.0	3.59	46.11	23.85	13.307127875803305	801	97	67	6	116	60	67	3	29	15	4345	0	0.04687166213989258	80200	35.77880096435547	70699	11.846633416458857	
3.1578363052321788e+28	67.0	3.63	47.27	24.45	13.307127875803305	802	97	67	6	116	60	67	3	29	15	4351	0	0.046871185302734375	80300	35.8256721496582	70789	11.844333748443333	
7.174792316125071e+26	67.0	3.59	46.11	23.85	13.307127875803305	803	97	67	6	116	60	67	3	29	15	4355	0	0.04687190055847168	80400	35.872544050216675	70881	11.839552238805979	
1.0009834206437766e+22	67.0	3.56	45.24	23.4	13.307127875803305	804	97	67	6	116	60	67	3	29	15	4360	0	0.03124856948852539	80500	35.9037926197052	70971	11.837267080745335	
408846664963474.7	67.0	3.56	45.24	23.4	13.307127875803305	805	97	67	6	116	60	67	3	29	15	4365	0	0.04687142372131348	80600	35.950664043426514	71063	11.83250620347394	
4.391202357353166e+39	67.0	3.47	42.63	22.05	13.307127875803305	806	97	67	6	116	60	67	3	29	15	4368	0	0.031248092651367188	80700	35.98191213607788	71151	11.832713754646846	
2.193240638397757e+28	67.0	3.42	41.18	21.3	13.307127875803305	807	97	67	6	116	60	67	3	29	15	4369	0	0.031248092651367188	80800	36.01316022872925	71239	11.832920792079207	
3273721977.43307	67.0	3.41	40.89	21.15	13.307127875803305	808	97	67	6	116	60	67	3	29	15	4373	0	0.031247615814208984	80900	36.04440784454346	71328	11.83189122373301	
8.838540435227298e+26	67.0	3.48	42.92	22.2	13.307127875803305	809	97	67	6	116	60	67	3	29	15	4375	0	0.015624284744262695	81000	36.06003212928772	71422	11.82469135802468	
9.969024548440563e+29	67.0	3.24	35.96	18.6	13.307127875803305	810	97	67	6	116	60	67	3	29	15	4377	0	0.031249284744262695	81100	36.09128141403198	71513	11.821208384710232	
9.505849738956483e+43	67.0	3.24	35.96	18.6	13.307127875803305	811	97	67	6	116	60	67	3	29	15	4379	0	0.031246185302734375	81200	36.12252759933472	71610	11.810344827586206	
1.2529938073338544e+28	67.0	3.25	36.25	18.75	13.307127875803305	812	97	67	4	58	30	67	3	29	15	4384	0	0.04687142372131348	81300	36.16939902305603	71696	11.813038130381301	
135790085381829.48	67.0	3.28	37.12	19.2	13.307127875803305	813	97	67	6	116	60	67	3	29	15	4385	0	0.04687237739562988	81400	36.21627140045166	71788	11.808353808353814	
37421779507.60914	67.0	3.22	35.38	18.3	13.307127875803305	814	97	67	6	116	60	67	3	29	15	4389	0	0.046871185302734375	81500	36.263142585754395	71877	11.80736196319019	
4.6037222971580086e+26	67.0	3.43	41.47	21.45	13.307127875803305	815	97	67	6	116	60	67	3	29	15	4392	0	0.03124833106994629	81600	36.29439091682434	71968	11.803921568627445	
396692148736129.9	67.0	3.46	42.34	21.9	13.307127875803305	816	97	67	6	116	60	67	3	29	15	4396	0	0.0624997615814209	81700	36.35689067840576	72054	11.806609547123628	
1.865841351718066e+17	67.0	3.61	46.69	24.15	13.307127875803305	817	97	67	6	116	60	67	3	29	15	4403	0	0.04687094688415527	81800	36.40376162528992	72137	11.812958435207818	
1.744425401171629e+26	67.0	3.33	38.57	19.95	13.307127875803305	818	97	67	6	116	60	67	3	29	15	4404	0	0.04687166213989258	81900	36.45063328742981	72228	11.80952380952381	
2.8609967347457075e+37	67.0	3.35	39.15	20.25	13.307127875803305	819	97	67	6	116	60	67	3	29	15	4407	0	0.031247377395629883	82000	36.48188066482544	72321	11.803658536585374	
34499917411924.312	67.0	3.38	40.02	20.7	13.307127875803305	820	97	67	6	116	60	67	3	29	15	4410	0	0.031246423721313477	82100	36.51312708854675	72410	11.8026796589525	
2.8698448566487467e+32	67.0	3.47	42.63	22.05	13.307127875803305	821	97	67	6	116	60	67	3	29	15	4413	0	0.031248807907104492	82200	36.54437589645386	72499	11.801703163017024	
2.8173033274691127e+29	67.0	3.52	44.08	22.8	13.307127875803305	822	97	67	6	116	60	67	3	29	15	4418	0	0.046869516372680664	82300	36.59124541282654	72587	11.801944106925873	
4.287812919212015e+18	67.0	3.48	42.92	22.2	13.307127875803305	823	97	67	6	116	60	67	3	29	15	4423	0	0.04687190055847168	82400	36.63811731338501	72680	11.796116504854368	
2.4919178960384055e+31	67.0	3.61	46.69	24.15	13.298800285007921	824	97	67	6	116	60	67	3	29	15	4431	0	0.04687166213989258	82500	36.6849889755249	72765	11.799999999999997	
3952709850.949284	67.0	3.66	48.14	24.9	13.298800285007921	825	97	67	6	116	60	67	3	29	15	4437	0	0.03124856948852539	82600	36.71623754501343	72856	11.79661016949153	
2.1657303179956245e+24	67.0	3.5	43.5	22.5	13.298800285007921	826	97	67	6	116	60	67	3	29	15	4440	0	0.046872615814208984	82700	36.76311016082764	72948	11.792019347037481	
1.1396325827686333e+30	67.0	3.52	44.08	22.8	13.298800285007921	827	97	67	6	116	60	67	3	29	15	4444	0	0.04687047004699707	82800	36.809980630874634	73042	11.78502415458938	
24672746529425.664	67.0	3.34	38.86	20.1	13.298800285007921	828	97	67	6	116	60	67	3	29	15	4448	0	0.046871185302734375	82900	36.85685181617737	73129	11.786489746682747	
8.364567652052125e+31	67.0	3.36	39.44	20.4	13.298800285007921	829	97	67	6	116	60	67	3	29	15	4454	0	0.046872854232788086	83000	36.903724670410156	73216	11.787951807228907	
1.1136537320421055e+45	67.0	3.33	38.57	19.95	13.298800285007921	830	97	67	6	116	60	67	3	29	15	4460	0	0.031248092651367188	83100	36.93497276306152	73305	11.7870036101083	
1.579787619599447e+36	67.0	3.28	37.12	19.2	13.298800285007921	831	97	67	6	116	60	67	3	29	15	4464	0	0.031247854232788086	83200	36.96622061729431	73393	11.787259615384613	
1.3290425100217962e+20	67.0	3.21	35.09	18.15	13.298800285007921	832	97	67	4	58	30	67	3	29	15	4468	0	0.04687142372131348	83300	37.013092041015625	73484	11.783913565426175	
29162088015.46944	67.0	3.34	38.86	20.1	13.298800285007921	833	97	67	6	116	60	67	3	29	15	4472	0	0.015623331069946289	83400	37.02871537208557	73574	11.781774580335735	
1.7719057940859007e+41	67.0	3.32	38.28	19.8	13.298800285007921	834	97	67	6	116	60	67	3	29	15	4475	0	0.03124833106994629	83500	37.05996370315552	73664	11.779640718562874	
915630927956511.2	67.0	3.22	35.38	18.3	13.298800285007921	835	97	67	4	58	30	67	3	29	15	4477	0	0.031248092651367188	83600	37.091211795806885	73759	11.77153110047847	
1.3483815754757274e+20	67.0	3.22	35.38	18.3	13.298800285007921	836	97	67	4	58	30	67	3	29	15	4480	0	0.03124856948852539	83700	37.12246036529541	73848	11.77060931899642	
7.4875906486804045e+25	67.0	3.34	38.86	20.1	13.298800285007921	837	97	67	6	116	60	67	3	29	15	4485	0	0.03124713897705078	83800	37.15370750427246	73938	11.76849642004774	
1.000781884438118e+25	67.0	3.44	41.76	21.6	13.298800285007921	838	97	67	6	116	60	67	3	29	15	4491	0	0.031247615814208984	83900	37.18495512008667	74027	11.767580452920143	
2.2611103233886973e+37	67.0	3.23	35.67	18.45	13.298800285007921	839	97	67	6	116	60	67	3	29	15	4499	0	0.04687237739562988	84000	37.2318274974823	74111	11.772619047619045	
1277275368.2182255	67.0	3.21	35.09	18.15	13.298800285007921	840	97	67	4	58	30	67	3	29	15	4499	0	0.031248092651367188	84100	37.26307559013367	74203	11.768133174791913	
2.5585810909371098e+35	67.0	3.34	38.86	20.1	13.298800285007921	841	97	67	6	116	60	67	3	29	15	4501	0	0.031248092651367188	84200	37.294323682785034	74287	11.773159144893114	
3.4553886908759888e+19	67.0	3.32	38.28	19.8	13.298800285007921	842	97	67	6	116	60	67	3	29	15	4511	0	0.031248807907104492	84300	37.32557249069214	74375	11.773428232502965	
5.932287906580899e+24	67.0	3.38	40.02	20.7	13.298800285007921	843	97	67	6	116	60	67	3	29	15	4513	0	0.031245708465576172	84400	37.356818199157715	74466	11.770142180094794	
5.549945622152787e+27	67.0	3.32	38.28	19.8	13.298800285007921	844	97	67	6	116	60	67	3	29	15	4518	0	0.031247854232788086	84500	37.3880660533905	74558	11.765680473372782	
814617008191282.8	67.0	3.35	39.15	20.25	13.298800285007921	845	97	67	6	116	60	67	3	29	15	4519	0	0.031249284744262695	84600	37.419315338134766	74650	11.761229314420802	
1357804061.2805898	67.0	3.41	40.89	21.15	13.298800285007921	846	97	67	6	116	60	67	3	29	15	4528	0	0.03124690055847168	84700	37.45056223869324	74729	11.77213695395514	
3.0208483693809173e+40	67.0	3.58	45.82	23.7	13.298800285007921	847	97	67	6	116	60	67	3	29	15	4536	0	0.04687190055847168	84800	37.49743413925171	74815	11.774764150943398	
1.3706637171860257e+22	67.0	3.58	45.82	23.7	13.298800285007921	848	97	67	6	116	60	67	3	29	15	4539	0	0.04687166213989258	84900	37.5443058013916	74909	11.767962308598356	
4.735630791215729e+23	67.0	3.49	43.21	22.35	13.298800285007921	849	97	67	6	116	60	67	3	29	15	4544	0	0.046871185302734375	85000	37.591176986694336	75000	11.764705882352942	
4.861441909196577e+36	67.0	3.4242424242424243	41.303030303030305	21.363636363636363	13.298800285007921	850	98	67	6.0	116.0	60.0	67	3.0	29.0	15.0	4546	0	0.04687166213989258	85100	37.63804864883423	75086	11.767332549941244	
4.2336347080222694e+27	67.0	3.4	40.6	21.0	13.298800285007921	851	98	67	6	116	60	67	3	29	15	4549	0	0.046872615814208984	85200	37.68492126464844	75174	11.767605633802816	
1.669309487771378e+18	67.0	3.39	40.31	20.85	13.298800285007921	852	98	67	6	116	60	67	3	29	15	4556	0	0.04687142372131348	85300	37.73179268836975	75260	11.770222743259083	
2.4300000008505e+30	67.0	3.37	39.73	20.55	13.298800285007921	853	98	67	6	116	60	67	3	29	15	4561	0	0.031248092651367188	85400	37.76304078102112	75351	11.766978922716632	
1.2255321256086055e+22	67.0	3.4	40.6	21.0	13.298800285007921	854	98	67	6	116	60	67	3	29	15	4568	0	0.04687094688415527	85500	37.80991172790527	75435	11.771929824561397	
7.173164549432922e+38	67.0	3.31	37.99	19.65	13.298800285007921	855	98	67	6	116	60	67	3	29	15	4570	0	0.04687213897705078	85600	37.856783866882324	75531	11.762850467289724	
6.086412930935246e+19	67.0	3.32	38.28	19.8	13.298800285007921	856	98	67	6	116	60	67	3	29	15	4574	0	0.031247854232788086	85700	37.88803172111511	75621	11.760793465577606	
2.4129188167718384e+29	67.0	3.32	38.28	19.8	13.298800285007921	857	98	67	6	116	60	67	3	29	15	4576	0	0.04687166213989258	85800	37.934903383255005	75713	11.756410256410248	
4.37390718034978e+19	67.0	3.4	40.6	21.0	13.298800285007921	858	98	67	6	116	60	67	3	29	15	4584	0	0.031248092651367188	85900	37.96615147590637	75800	11.757857974388813	
2.748095875760769e+33	67.0	3.48	42.92	22.2	13.298800285007921	859	98	67	6	116	60	67	3	29	15	4590	0	0.04687142372131348	86000	38.013022899627686	75891	11.754651162790694	
2.2764528553373905e+24	67.0	3.34	38.86	20.1	13.298800285007921	860	98	67	6	116	60	67	3	29	15	4594	0	0.046872615814208984	86100	38.059895515441895	75981	11.752613240418114	
1.0377602041384149e+20	67.0	3.44	41.76	21.6	13.298800285007921	861	98	67	6	116	60	67	3	29	15	4597	0	0.046871185302734375	86200	38.10676670074463	76074	11.747099767981439	
8.754909133023953e+28	67.0	3.48	42.92	22.2	13.298800285007921	862	98	67	6	116	60	67	3	29	15	4600	0	0.031249284744262695	86300	38.13801598548889	76165	11.74391657010429	
1.0754645089265085e+28	67.0	3.53	44.37	22.95	13.298800285007921	863	98	67	6	116	60	67	3	29	15	4602	0	0.031246662139892578	86400	38.169262647628784	76259	11.737268518518519	
2.069316596812217e+20	67.0	3.42	41.18	21.3	13.298800285007921	864	98	67	6	116	60	67	3	29	15	4606	0	0.046872615814208984	86500	38.21613526344299	76349	11.735260115606934	
9.959681079993503e+19	67.0	3.4	40.6	21.0	13.298800285007921	865	98	67	6	116	60	67	3	29	15	4612	0	0.03124713897705078	86600	38.247382402420044	76431	11.742494226327949	
2.4588511213724296e+25	67.0	3.17	33.93	17.55	13.298800285007921	866	98	67	4	58	30	67	3	29	15	4616	0	0.03124833106994629	86700	38.27863073348999	76520	11.741637831603228	
1.587092043912864e+33	67.0	3.24	35.96	18.6	13.298800285007921	867	98	67	6	116	60	67	3	29	15	4620	0	0.031247615814208984	86800	38.3098783493042	76606	11.744239631336413	
1.57823397336188e+21	67.0	3.38	40.02	20.7	13.298800285007921	868	98	67	6	116	60	67	3	29	15	4630	0	0.031247854232788086	86900	38.34112620353699	76691	11.747986191024168	
2.809200465613041e+33	67.0	3.44	41.76	21.6	13.298800285007921	869	98	67	6	116	60	67	3	29	15	4638	0	0.04687213897705078	87000	38.38799834251404	76775	11.752873563218387	
1.7191823311430812e+24	67.0	3.44	41.76	21.6	13.298800285007921	870	98	67	6	116	60	67	3	29	15	4642	0	0.04687213897705078	87100	38.43487048149109	76864	11.752009184845008	
6.399178518568184e+24	67.0	3.63	47.27	24.45	13.298800285007921	871	98	67	6	116	60	67	3	29	15	4650	0	0.04687142372131348	87200	38.4817419052124	76952	11.75229357798166	
1.4353885722816707e+21	67.0	3.45	42.05	21.75	13.298800285007921	872	98	67	6	116	60	67	3	29	15	4657	0	0.031247377395629883	87300	38.51298928260803	77044	11.747995418098512	
1518913094.5961363	67.0	3.45	42.05	21.75	13.298800285007921	873	98	67	6	116	60	67	3	29	15	4665	0	0.04687237739562988	87400	38.55986166000366	77134	11.745995423340958	
4.103775916555135e+20	67.0	3.37	39.73	20.55	13.298800285007921	874	98	67	6	116	60	67	3	29	15	4672	0	0.015625715255737305	87500	38.5754873752594	77217	11.751999999999995	
1.4595347500180053e+35	67.0	3.24	35.96	18.6	13.298800285007921	875	98	67	6	116	60	67	3	29	15	4678	0	0.04686999320983887	87600	38.62235736846924	77302	11.75570776255708	
3.0183575782531677e+38	67.0	3.25	36.25	18.75	13.298800285007921	876	98	67	4	58	30	67	3	29	15	4681	0	0.031247615814208984	87700	38.65360498428345	77393	11.752565564424174	
629968740.5860401	67.0	3.25	36.25	18.75	13.298800285007921	877	98	67	6	116	60	67	3	29	15	4684	0	0.04687213897705078	87800	38.7004771232605	77483	11.750569476082006	
2.0576791598528878e+23	67.0	3.2	34.8	18.0	13.298800285007921	878	98	67	4	58	30	67	3	29	15	4689	0	0.015624761581420898	87900	38.71610188484192	77567	11.755403868031848	
7541239671.271217	67.0	3.34	38.86	20.1	13.298800285007921	879	98	67	6	116	60	67	3	29	15	4692	0	0.03125262260437012	88000	38.74735450744629	77650	11.761363636363626	
2.4083898843071044e+20	67.0	3.35	39.15	20.25	13.298800285007921	880	98	67	6	116	60	67	3	29	15	4697	0	0.031242847442626953	88100	38.778597354888916	77737	11.762769580022706	
4.266460000612601e+18	67.0	3.31	37.99	19.65	13.298800285007921	881	98	67	6	116	60	67	3	29	15	4698	0	0.046871185302734375	88200	38.82546854019165	77826	11.76190476190476	
6472542.27043958	67.0	3.26	36.54	18.9	13.298800285007921	882	98	67	4	58	30	67	3	29	15	4700	0	0.04687166213989258	88300	38.87234020233154	77917	11.758776896942251	
3.115214678929342e+29	67.0	3.25	36.25	18.75	13.298800285007921	883	98	67	6	116	60	67	3	29	15	4704	0	0.031247615814208984	88400	38.90358781814575	77998	11.766968325791865	
1.3547546517630834e+39	67.0	3.33	38.57	19.95	13.298800285007921	884	98	67	6	116	60	67	3	29	15	4705	0	0.04687213897705078	88500	38.9504599571228	78092	11.760451977401132	
2.7464437586124342e+26	67.0	3.54	44.66	23.1	13.298800285007921	885	98	67	6	116	60	67	3	29	15	4709	0	0.04687237739562988	88600	38.99733233451843	78182	11.758465011286674	
7.883020459584989e+36	67.0	3.54	44.66	23.1	13.298800285007921	886	98	67	6	116	60	67	3	29	15	4715	0	0.031247377395629883	88700	39.02857971191406	78270	11.75873731679819	
1.0495375520881579e+39	67.0	3.35	39.15	20.25	13.298800285007921	887	98	67	4	58	30	67	3	29	15	4720	0	0.04687166213989258	88800	39.075451374053955	78359	11.757882882882882	
4200926931.1465726	67.0	3.5	43.5	22.5	13.298800285007921	888	98	67	6	116	60	67	3	29	15	4724	0	0.046871185302734375	88900	39.12232255935669	78448	11.757030371203598	
3.2110069947648033e+19	67.0	3.5	43.5	22.5	13.298800285007921	889	98	67	6	116	60	67	3	29	15	4725	0	0.04687190055847168	89000	39.16919445991516	78539	11.753932584269663	
1.5435000107802574e+25	67.0	3.33	38.57	19.95	13.298800285007921	890	98	67	6	116	60	67	3	29	15	4730	0	0.031247854232788086	89100	39.20044231414795	78624	11.75757575757575	
4.6771546190911136e+25	67.0	3.37	39.73	20.55	13.298800285007921	891	98	67	6	116	60	67	3	29	15	4736	0	0.031247854232788086	89200	39.23169016838074	78711	11.758968609865477	
1979468945.9055305	67.0	3.42	41.18	21.3	13.298800285007921	892	98	67	6	116	60	67	3	29	15	4744	0	0.04687166213989258	89300	39.27856183052063	78797	11.761478163493848	
1.422646965348958e+37	67.0	3.38	40.02	20.7	13.298800285007921	893	98	67	6	116	60	67	3	29	15	4749	0	0.031247615814208984	89400	39.30980944633484	78884	11.762863534675617	
1.8720082545025516e+26	67.0	3.51	43.79	22.65	13.298800285007921	894	98	67	6	116	60	67	3	29	15	4753	0	0.046872615814208984	89500	39.35668206214905	78969	11.766480446927375	
6.293812486193396e+33	67.0	3.45	42.05	21.75	13.298800285007921	895	98	67	6	116	60	67	3	29	15	4760	0	0.04687166213989258	89600	39.40355372428894	79054	11.770089285714278	
4.2791108286964265e+21	67.0	3.21	35.09	18.15	13.298800285007921	896	98	67	4	58	30	67	3	29	15	4762	0	0.03124856948852539	89700	39.434802293777466	79146	11.76588628762542	
1.0468554086024662e+34	67.0	3.19	34.51	17.85	13.298800285007921	897	98	67	6	116	60	67	3	29	15	4766	0	0.04687047004699707	89800	39.48167276382446	79232	11.768374164810695	
9.580145311475412e+28	67.0	3.24	35.96	18.6	13.298800285007921	898	98	67	6	116	60	67	3	29	15	4767	0	0.0312502384185791	89900	39.51292300224304	79321	11.767519466073423	
5.057868962919307e+16	67.0	3.31	37.99	19.65	13.298800285007921	899	98	67	6	116	60	67	3	29	15	4771	0	0.04686999320983887	90000	39.55979299545288	79409	11.76777777777778	
3667757561.407199	67.0	3.37	39.73	20.55	13.298800285007921	900	98	67	6	116	60	67	3	29	15	4777	0	0.031247854232788086	90100	39.59104084968567	79500	11.764705882352942	
1.7445695605483018e+25	67.0	3.5	43.5	22.5	13.298800285007921	901	98	67	6	116	60	67	3	29	15	4781	0	0.04687094688415527	90200	39.637911796569824	79588	11.764966740576497	
3.103223824956345e+17	67.0	3.45	42.05	21.75	13.298800285007921	902	98	67	6	116	60	67	3	29	15	4786	0	0.04687166213989258	90300	39.68478345870972	79677	11.7641196013289	
3.0894313451479976e+21	67.0	3.36	39.44	20.4	13.298800285007921	903	98	67	6	116	60	67	3	29	15	4786	0	0.031247615814208984	90400	39.716031074523926	79772	11.756637168141594	
4.368004733787654e+32	67.0	3.39	40.31	20.85	13.298800285007921	904	98	67	6	116	60	67	3	29	15	4789	0	0.04687166213989258	90500	39.76290273666382	79862	11.754696132596692	
2.6256210334935433e+34	67.0	3.4	40.6	21.0	13.298800285007921	905	98	67	6	116	60	67	3	29	15	4794	0	0.04687237739562988	90600	39.80977511405945	79951	11.753863134657834	
2.2363780851201584e+32	67.0	3.4	40.6	21.0	13.298800285007921	906	98	67	6	116	60	67	3	29	15	4801	0	0.031247854232788086	90700	39.841022968292236	80037	11.756339581036386	
1.537351020408807e+22	67.0	3.26	36.54	18.9	13.298800285007921	907	98	67	4	58	30	67	3	29	15	4804	0	0.04687166213989258	90800	39.88789463043213	80127	11.754405286343612	
5.861201265714155e+25	67.0	3.3	37.7	19.5	13.298800285007921	908	98	67	6	116	60	67	3	29	15	4805	0	0.04687142372131348	90900	39.93476605415344	80220	11.749174917491743	
2.427667617329828e+35	67.0	3.41	40.89	21.15	13.298800285007921	909	98	67	6	116	60	67	3	29	15	4812	0	0.031247854232788086	91000	39.96601390838623	80301	11.757142857142853	
2.751661490236484e+35	67.0	3.32	38.28	19.8	13.298800285007921	910	98	67	6	116	60	67	3	29	15	4819	0	0.031247854232788086	91100	39.99726176261902	80385	11.76180021953897	
1.589904809814843e+26	67.0	3.29	37.41	19.35	13.298800285007921	911	98	67	6	116	60	67	3	29	15	4822	0	0.03124833106994629	91200	40.028510093688965	80475	11.75986842105263	
2.8961616199805193e+20	67.0	3.3	37.7	19.5	13.298800285007921	912	98	67	6	116	60	67	3	29	15	4824	0	0.04687142372131348	91300	40.07538151741028	80566	11.756845564074482	
3.6792595098788276e+29	67.0	3.36	39.44	20.4	13.298800285007921	913	98	67	6	116	60	67	3	29	15	4828	0	0.03124833106994629	91400	40.106629848480225	80657	11.75382932166302	
5.351228884540107e+19	67.0	3.26	36.54	18.9	13.298800285007921	914	98	67	6	116	60	67	3	29	15	4836	0	0.04687142372131348	91500	40.15350127220154	80741	11.758469945355188	
7.554117685110468e+40	67.0	3.39	40.31	20.85	13.298800285007921	915	98	67	6	116	60	67	3	29	15	4843	0	0.015624046325683594	91600	40.16912531852722	80828	11.759825327510924	
9.099532932795988e+22	67.0	3.37	39.73	20.55	13.298800285007921	916	98	67	6	116	60	67	3	29	15	4847	0	0.04687166213989258	91700	40.215996980667114	80916	11.760087241003276	
1.2296969516412038e+35	67.0	3.42	41.18	21.3	13.298800285007921	917	98	67	6	116	60	67	3	29	15	4851	0	0.031248092651367188	91800	40.24724507331848	81008	11.755991285403042	
3.730481229167673e+40	67.0	3.41	40.89	21.15	13.298800285007921	918	98	67	6	116	60	67	3	29	15	4855	0	0.04687213897705078	91900	40.29411721229553	81100	11.751904243743198	
3.692415090926288e+36	67.0	3.52	44.08	22.8	13.298800285007921	919	98	67	6	116	60	67	3	29	15	4858	0	0.046871185302734375	92000	40.34098839759827	81193	11.746739130434776	
8.545518411772526e+31	67.0	3.51	43.79	22.65	13.298800285007921	920	98	67	6	116	60	67	3	29	15	4863	0	0.015624046325683594	92100	40.35661244392395	81282	11.745928338762212	
3.316602776422077e+22	67.0	3.45	42.05	21.75	13.298800285007921	921	98	67	6	116	60	67	3	29	15	4870	0	0.04687142372131348	92200	40.403483867645264	81368	11.748373101952282	
1.2303200005069473e+25	67.0	3.57	45.53	23.55	13.298800285007921	922	98	67	6	116	60	67	3	29	15	4871	0	0.03124856948852539	92300	40.43473243713379	81457	11.747562296858078	
1.0696607079721964e+19	67.0	3.56	45.24	23.4	13.298800285007921	923	98	67	6	116	60	67	3	29	15	4877	0	0.031247615814208984	92400	40.465980052948	81544	11.748917748917748	
8.427497686744908e+17	67.0	3.35	39.15	20.25	13.298800285007921	924	98	67	4	58	30	67	3	29	15	4883	0	0.046874284744262695	92500	40.51285433769226	81630	11.751351351351346	
1.0709837378930966e+17	67.0	3.4	40.6	21.0	13.298800285007921	925	98	67	6	116	60	67	3	29	15	4884	0	0.031245946884155273	92600	40.544100284576416	81724	11.745140388768888	
1.4343539181850363e+29	67.0	3.34	38.86	20.1	13.298800285007921	926	98	67	6	116	60	67	3	29	15	4889	0	0.03124713897705078	92700	40.57534742355347	81811	11.74649406688242	
654206890986.1483	67.0	3.43	41.47	21.45	13.298800285007921	927	98	67	6	116	60	67	3	29	15	4898	0	0.031248092651367188	92800	40.606595516204834	81900	11.745689655172413	
7.927982922562383e+19	67.0	3.4	40.6	21.0	13.298800285007921	928	98	67	6	116	60	67	3	29	15	4903	0	0.03124833106994629	92900	40.63784384727478	81989	11.744886975242196	
3.971600951094102e+34	67.0	3.32	38.28	19.8	13.298800285007921	929	98	67	6	116	60	67	3	29	15	4907	0	0.03124856948852539	93000	40.669092416763306	82075	11.747311827956992	
5.382235950454066e+35	67.0	3.4646464646464645	42.474747474747474	21.96969696969697	13.298800285007921	930	99	67	6.0	116.0	60.0	67	3.0	29.0	15.0	4914	0	0.04687047004699707	93100	40.7159628868103	82161	11.74973147153598	
1.0072106245400786e+28	67.0	3.38	40.02	20.7	13.298800285007921	931	99	67	6	116	60	67	3	29	15	4917	0	0.031248092651367188	93200	40.74721097946167	82254	11.74463519313305	
5.12053083889078e+16	67.0	3.27	36.83	19.05	13.298800285007921	932	99	67	6	116	60	67	3	29	15	4922	0	0.04687166213989258	93300	40.79408264160156	82341	11.745980707395503	
1.2349703826854438e+29	67.0	3.27	36.83	19.05	13.298800285007921	933	99	67	4	58	30	67	3	29	15	4929	0	0.031248092651367188	93400	40.82533073425293	82427	11.748394004282659	
3.938870655738619e+27	67.0	3.25	36.25	18.75	13.298800285007921	934	99	67	6	116	60	67	3	29	15	4930	0	0.04687190055847168	93500	40.8722026348114	82517	11.746524064171126	
1.6878179821483896e+32	67.0	3.43	41.47	21.45	13.298800285007921	935	99	67	6	116	60	67	3	29	15	4935	0	0.04687166213989258	93600	40.919074296951294	82603	11.748931623931625	
4713319766.032267	67.0	3.53	44.37	22.95	13.298800285007921	936	99	67	6	116	60	67	3	29	15	4941	0	0.03124833106994629	93700	40.95032262802124	82693	11.747065101387406	
2.6954983703932217e+26	67.0	3.63	47.27	24.45	13.298800285007921	937	99	67	6	116	60	67	3	29	15	4945	0	0.04687166213989258	93800	40.99719429016113	82786	11.742004264392321	
1.0257205999658476e+30	67.0	3.57	45.53	23.55	13.298800285007921	938	99	67	6	116	60	67	3	29	15	4950	0	0.04687142372131348	93900	41.044065713882446	82873	11.743343982960596	
2.2555000485148717e+34	67.0	3.46	42.34	21.9	13.298800285007921	939	99	67	6	116	60	67	3	29	15	4960	0	0.04687190055847168	94000	41.09093761444092	82957	11.74787234042553	
4.897499738569256e+35	67.0	3.44	41.76	21.6	13.298800285007921	940	99	67	6	116	60	67	3	29	15	4965	0	0.031247854232788086	94100	41.122185468673706	83047	11.746014877789591	
5.861220074431328e+27	67.0	3.32	38.28	19.8	13.298800285007921	941	99	67	6	116	60	67	3	29	15	4969	0	0.04687142372131348	94200	41.16905689239502	83137	11.744161358811041	
2.2646110213677382e+30	67.0	3.38	40.02	20.7	13.298800285007921	942	99	67	6	116	60	67	3	29	15	4973	0	0.031248092651367188	94300	41.20030498504639	83228	11.741251325556732	
5.994207208429232e+27	67.0	3.33	38.57	19.95	13.298800285007921	943	99	67	6	116	60	67	3	29	15	4978	0	0.04687142372131348	94400	41.2471764087677	83318	11.739406779661024	
1.7722766167286548e+18	67.0	3.35	39.15	20.25	13.298800285007921	944	99	67	6	116	60	67	3	29	15	4983	0	0.031247854232788086	94500	41.27842426300049	83405	11.740740740740733	
6.433285629291254e+28	67.0	3.36	39.44	20.4	13.201394050873358	945	99	67	6	116	60	67	3	29	15	4987	0	0.04687166213989258	94600	41.32529592514038	83496	11.737843551797042	
3.2620117895025096e+25	67.0	3.54	44.66	23.1	13.201394050873358	946	99	67	6	116	60	67	3	29	15	4993	0	0.04687237739562988	94700	41.37216830253601	83584	11.738120380147834	
1195958698707.1028	67.0	3.67	48.43	25.05	13.201394050873358	947	99	67	6	116	60	67	3	29	15	5000	0	0.015623807907104492	94800	41.387792110443115	83672	11.738396624472571	
3.214400038277354e+17	67.0	3.676767676767677	48.62626262626262	25.151515151515152	13.201394050873358	948	100	67	6.0	116.0	60.0	67	3.0	29.0	15.0	5008	0	0.04687166213989258	94900	41.43466377258301	83760	11.738672286617486	
1.6698093873966247e+37	67.0	3.56	45.24	23.4	13.201394050873358	949	100	67	6	116	60	67	3	29	15	5018	0	0.03124833106994629	95000	41.465912103652954	83848	11.738947368421051	
3.5061813004169584e+40	67.0	3.46	42.34	21.9	13.201394050873358	950	100	67	6	116	60	67	3	29	15	5023	0	0.04687166213989258	95100	41.51278376579285	83937	11.738170347003148	
120496559309961.2	67.0	3.46	42.34	21.9	13.201394050873358	951	100	67	6	116	60	67	3	29	15	5031	0	0.04687142372131348	95200	41.55965518951416	84024	11.73949579831934	
1284237811.3397992	67.0	3.31	37.99	19.65	13.201394050873358	952	100	67	6	116	60	67	3	29	15	5037	0	0.031247854232788086	95300	41.59090304374695	84111	11.740818467995808	
7.406722892295369e+17	67.0	3.32	38.28	19.8	13.201394050873358	953	100	67	6	116	60	67	3	29	15	5044	0	0.04687190055847168	95400	41.63777494430542	84199	11.741090146750523	
12690088028.8235	67.0	3.22	35.38	18.3	13.201394050873358	954	100	67	6	116	60	67	3	29	15	5048	0	0.031248092651367188	95500	41.66902303695679	84287	11.741361256544508	
6.129574712833453e+24	67.0	3.25	36.25	18.75	13.201394050873358	955	100	67	4	58	30	67	3	29	15	5054	0	0.046871185302734375	95600	41.71589422225952	84372	11.744769874476987	
791953812752.1173	67.0	3.35	39.15	20.25	13.201394050873358	956	100	67	4	58	30	67	3	29	15	5061	0	0.03124856948852539	95700	41.74714279174805	84458	11.747126436781613	
5.966166213589652e+17	67.0	3.46	42.34	21.9	13.201394050873358	957	100	67	6	116	60	67	3	29	15	5067	0	0.031247854232788086	95800	41.778390645980835	84546	11.74739039665971	
1.7667071560289798e+43	67.0	3.67	48.43	25.05	13.201394050873358	958	100	67	6	116	60	67	3	29	15	5072	0	0.06249547004699707	95900	41.84088611602783	84637	11.74452554744525	
8.548464988636286e+36	67.0	3.64	47.56	24.6	13.201394050873358	959	100	67	6	116	60	67	3	29	15	5087	0	0.04687166213989258	96000	41.887757778167725	84719	11.751041666666666	
1.3573673247422724e+31	67.0	3.46	42.34	21.9	13.201394050873358	960	100	67	6	116	60	67	3	29	15	5091	0	0.031247854232788086	96100	41.91900563240051	84808	11.75026014568158	
1.806777169800274e+34	67.0	3.48	42.92	22.2	13.201394050873358	961	100	67	6	116	60	67	3	29	15	5101	0	0.046871185302734375	96200	41.96587681770325	84895	11.751559251559257	
5.818984186296203e+32	67.0	3.51	43.79	22.65	13.201394050873358	962	100	67	6	116	60	67	3	29	15	5116	0	0.031248807907104492	96300	41.99712562561035	84976	11.759086188992725	
1.8780307080276508e+31	67.0	3.51	43.79	22.65	13.201394050873358	963	100	67	6	116	60	67	3	29	15	5122	0	0.04687142372131348	96400	42.043997049331665	85062	11.761410788381738	
1.9340777421014726e+27	67.0	3.44	41.76	21.6	13.201394050873358	964	100	67	6	116	60	67	3	29	15	5126	0	0.04687166213989258	96500	42.09086871147156	85151	11.76062176165803	
9298971097252532.0	67.0	3.2	34.8	18.0	13.201394050873358	965	100	67	6	116	60	67	3	29	15	5130	0	0.031248092651367188	96600	42.122116804122925	85238	11.76190476190476	
4.3268647407224135e+42	67.0	3.19	34.51	17.85	13.120795107020362	966	100	67	4	58	30	67	3	29	15	5134	0	0.04687213897705078	96700	42.168988943099976	85326	11.762150982419854	
3.1803313532039987e+21	67.0	3.23	35.67	18.45	13.120795107020362	967	100	67	6	116	60	67	3	29	15	5143	0	0.03124856948852539	96800	42.2002375125885	85403	11.773760330578511	
10831195392.079298	67.0	3.31	37.99	19.65	13.120795107020362	968	100	67	6	116	60	67	3	29	15	5150	0	0.04687070846557617	96900	42.24710822105408	85487	11.778121775025795	
3.8606991271951825e+31	67.0	3.22	35.38	18.3	13.120795107020362	969	100	67	6	116	60	67	3	29	15	5155	0	0.03124833106994629	97000	42.27835655212402	85576	11.777319587628867	
2.0710112607820666e+17	67.0	3.35	39.15	20.25	13.120795107020362	970	100	67	6	116	60	67	3	29	15	5167	0	0.031248092651367188	97100	42.30960464477539	85659	11.782698249227593	
2.1809122836480008e+36	67.0	3.35	39.15	20.25	13.120795107020362	971	100	67	6	116	60	67	3	29	15	5180	0	0.04687166213989258	97200	42.35647630691528	85742	11.788065843621396	
184181463639.41553	67.0	3.44	41.76	21.6	13.120795107020362	972	100	67	6	116	60	67	3	29	15	5184	0	0.031247854232788086	97300	42.38772416114807	85831	11.78725590955807	
7.366929564679523e+24	67.0	3.47	42.63	22.05	13.120795107020362	973	100	67	6	116	60	67	3	29	15	5191	0	0.04687094688415527	97400	42.43459510803223	85918	11.788501026694036	
2.3934202506555436e+24	67.0	3.67	48.43	25.05	13.120795107020362	974	100	67	6	116	60	67	3	29	15	5204	0	0.04687237739562988	97500	42.481467485427856	85995	11.799999999999997	
66136896322323.63	67.0	3.62	46.98	24.3	13.120795107020362	975	100	67	6	116	60	67	3	29	15	5209	0	0.04687142372131348	97600	42.52833890914917	86085	11.798155737704917	
6.347990640448157e+32	67.0	3.52	44.08	22.8	13.120795107020362	976	100	67	6	116	60	67	3	29	15	5219	0	0.04687213897705078	97700	42.57521104812622	86168	11.803480040941665	
116088119038643.55	67.0	3.44	41.76	21.6	13.120795107020362	977	100	67	6	116	60	67	3	29	15	5223	0	0.046871185302734375	97800	42.622082233428955	86253	11.806748466257659	
6.344582232840291e+30	67.0	3.38	40.02	20.7	13.120795107020362	978	100	67	6	116	60	67	3	29	15	5227	0	0.03125786781311035	97900	42.653340101242065	86344	11.803881511746681	
1080146076791701.0	67.0	3.39	40.31	20.85	13.120795107020362	979	100	67	6	116	60	67	3	29	15	5236	0	0.046861886978149414	98000	42.700201988220215	86427	11.809183673469391	
1.979163152093796e+25	67.0	3.29	37.41	19.35	13.120795107020362	980	100	67	6	116	60	67	3	29	15	5242	0	0.04687213897705078	98100	42.747074127197266	86517	11.807339449541288	
1.2009049583776074e+24	67.0	3.44	41.76	21.6	13.120795107020362	981	100	67	6	116	60	67	3	29	15	5247	0	0.031247615814208984	98200	42.778321743011475	86607	11.805498981670056	
6.080535968739868e+19	67.0	3.39	40.31	20.85	13.120795107020362	982	100	67	6	116	60	67	3	29	15	5252	0	0.04687237739562988	98300	42.825194120407104	86694	11.806714140386575	
1.2822790820447788e+37	67.0	3.57	45.53	23.55	13.120795107020362	983	100	67	6	116	60	67	3	29	15	5257	0	0.046871185302734375	98400	42.87206530570984	86780	11.808943089430883	
124421389178256.88	67.0	3.32	38.28	19.8	13.120795107020362	984	100	67	4	58	30	67	3	29	15	5264	0	0.031248092651367188	98500	42.903313398361206	86864	11.81319796954314	
1039930085338.13	67.0	3.48	42.92	22.2	13.120795107020362	985	100	67	6	116	60	67	3	29	15	5274	0	0.04687166213989258	98600	42.9501850605011	86949	11.816430020283974	
3.395879700179663e+31	67.0	3.34	38.86	20.1	13.120795107020362	986	100	67	6	116	60	67	3	29	15	5277	0	0.03124856948852539	98700	42.981433629989624	87044	11.80952380952381	
6.982824009882332e+38	67.0	3.44	41.76	21.6	13.120795107020362	987	100	67	6	116	60	67	3	29	15	5280	0	0.06249523162841797	98800	43.04392886161804	87130	11.811740890688256	
1.7426155741602416e+31	67.0	3.33	38.57	19.95	13.120795107020362	988	100	67	6	116	60	67	3	29	15	5289	0	0.031247615814208984	98900	43.07517647743225	87213	11.81698685540951	
791247345.3413196	67.0	3.41	40.89	21.15	12.845411585841244	989	100	67	6	116	60	67	3	29	15	5295	0	0.04687213897705078	99000	43.1220486164093	87299	11.819191919191923	
823605239.3437504	67.0	3.31	37.99	19.65	12.845411585841244	990	100	67	6	116	60	67	3	29	15	5300	0	0.046872854232788086	99100	43.16892147064209	87383	11.823410696266407	
1155738759.4723568	67.0	3.32	38.28	19.8	12.845411585841244	991	100	67	6	116	60	67	3	29	15	5308	0	0.031246662139892578	99200	43.20016813278198	87464	11.83064516129032	
9.787849953898621e+38	67.0	3.29	37.41	19.35	12.845411585841244	992	100	67	6	116	60	67	3	29	15	5311	0	0.031247615814208984	99300	43.23141574859619	87556	11.826787512588126	
117928097895445.33	67.0	3.26	36.54	18.9	12.845411585841244	993	100	67	6	116	60	67	3	29	15	5313	0	0.04687190055847168	99400	43.27828764915466	87648	11.82293762575452	
2376087120.356702	67.0	3.31	37.99	19.65	12.845411585841244	994	100	67	6	116	60	67	3	29	15	5315	0	0.031248092651367188	99500	43.30953574180603	87733	11.826130653266333	
9.320773285810547e+31	67.0	3.29	37.41	19.35	12.845411585841244	995	100	67	6	116	60	67	3	29	15	5321	0	0.04687190055847168	99600	43.3564076423645	87818	11.829317269076299	
9.460606353399714e+37	67.0	3.32	38.28	19.8	12.845411585841244	996	100	67	6	116	60	67	3	29	15	5324	0	0.031248092651367188	99700	43.38765573501587	87908	11.827482447342035	
7.22400035215126e+36	67.0	3.39	40.31	20.85	12.776345187316604	997	100	67	6	116	60	67	3	29	15	5331	0	0.031247615814208984	99800	43.41890335083008	87993	11.830661322645284	
1.2532205925622421e+29	67.0	3.37	39.73	20.55	12.776345187316604	998	100	67	6	116	60	67	3	29	15	5337	0	0.031247615814208984	99900	43.45015096664429	88081	11.830830830830834	
5.225663545325326e+24	67.0	3.35	39.15	20.25	12.776345187316604	999	100	67	6	116	60	67	3	29	15	5342	0	0.04687190055847168	100000	43.49702286720276	88174	11.826000000000008	
4.005638056584693e+27	67.0	3.47	42.63	22.05	12.776345187316604	1000	100	67	6	116	60	67	3	29	15	5350	0	0.04687190055847168	100100	43.54389476776123	88258	11.830169830169837	
