ave_fitness	ave_genome_length	ave_tree_depth	ave_tree_nodes	ave_used_codons	best_fitness	gen	invalids	max_genome_length	max_tree_depth	max_tree_nodes	max_used_codons	min_genome_length	min_tree_depth	min_tree_nodes	min_used_codons	runtime_error	time_adjust	time_taken	total_inds	total_time	unique_inds	unused_search	
1.3528717838506831e+38	101.0	6.5	130.5	67.5	80.70981093877943	0	0	180	10	232	120	22	3	29	15	31	0	1.859248161315918	50	1.859248161315918	19	62.0	
2.803127954401029e+34	50.16	3.9318181818181817	56.02272727272727	28.977272727272727	80.70981093877943	1	6	90	8.0	174.0	90.0	22	3.0	29.0	15.0	40	0	0.03124856948852539	100	1.8904967308044434	31	69.0	
3552673974.186335	57.84	3.595744680851064	46.276595744680854	23.93617021276596	80.70981093877943	2	9	90	8.0	174.0	90.0	22	3.0	29.0	15.0	42	0	0.015622377395629883	150	1.9061191082000732	34	77.33333333333334	
81.95104691977944	85.46	4.5	72.5	37.5	80.70981093877943	3	9	90	8	174	90	22	3	29	15	52	0	0.031247854232788086	200	1.9373669624328613	35	82.5	
26672050.496395227	90.0	4.14	62.06	32.1	80.70981093877943	4	9	90	8	174	90	90	3	29	15	54	0	0.031247615814208984	250	1.9686145782470703	35	86.0	
62234675.22534498	90.0	4.76	80.04	41.4	80.70981093877943	5	9	90	8	174	90	90	4	58	30	63	0	0.031249523162841797	300	1.999864101409912	35	88.33333333333333	
28411526.727269422	90.0	4.4	69.6	36.0	80.70981093877943	6	9	90	8	174	90	90	4	58	30	68	0	0.031246662139892578	350	2.0311107635498047	35	90.0	
27227716.507239416	90.0	4.24	64.96	33.6	80.70981093877943	7	9	90	8	174	90	90	4	58	30	71	0	0.015623092651367188	400	2.046733856201172	35	91.25	
81.94632760358692	90.0	4.12	61.48	31.8	80.70981093877943	8	9	90	8	174	90	90	4	58	30	73	0	0.031248807907104492	450	2.0779826641082764	35	92.22222222222223	
81.94684281886393	90.0	4.04	59.16	30.6	80.70981093877943	9	9	90	6	116	60	90	4	58	30	74	0	0.015624046325683594	500	2.09360671043396	35	93.0	
81.94684281886393	90.0	4.04	59.16	30.6	80.70981093877943	10	9	90	6	116	60	90	4	58	30	74	0	0.03124856948852539	550	2.1248552799224854	35	93.63636363636364	
81.95347779688522	90.0	4.12	61.48	31.8	80.70981093877943	11	9	90	8	174	90	90	4	58	30	76	0	0.01562356948852539	600	2.1404788494110107	35	94.16666666666667	
81.95136295932252	90.0	4.52	73.08	37.8	80.70981093877943	12	9	90	8	174	90	90	4	58	30	83	0	0.031248092651367188	650	2.171726942062378	35	94.61538461538461	
81.95902886777606	90.0	4.6	75.4	39.0	80.70981093877943	13	9	90	8	174	90	90	4	58	30	91	0	0.031246423721313477	700	2.2029733657836914	35	95.0	
28411526.719652914	90.0	4.4	69.6	36.0	80.70981093877943	14	9	90	8	174	90	90	4	58	30	96	0	0.015626192092895508	750	2.218599557876587	35	95.33333333333333	
81.95988057427569	90.0	4.36	68.44	35.4	80.70981093877943	15	9	90	8	174	90	90	4	58	30	101	0	0.031245946884155273	800	2.249845504760742	35	95.625	
81.94684281886393	90.0	4.04	59.16	30.6	80.70981093877943	16	9	90	6	116	60	90	4	58	30	102	0	0.015624046325683594	850	2.265469551086426	35	95.88235294117646	
58085702.35736608	90.0	4.52	73.08	37.8	80.70981093877943	17	9	90	8	174	90	90	4	58	30	108	0	0.031249046325683594	900	2.2967185974121094	35	96.11111111111111	
81.94684281886393	90.0	4.04	59.16	30.6	80.70981093877943	18	9	90	6	116	60	90	4	58	30	109	0	0.015623092651367188	950	2.3123416900634766	35	96.3157894736842	
81.96038923232408	90.0	4.2	63.8	33.0	80.70981093877943	19	9	90	8	174	90	90	4	58	30	112	0	0.031247377395629883	1000	2.3435890674591064	35	96.5	
81.94684281886393	90.0	4.04	59.16	30.6	80.70981093877943	20	9	90	6	116	60	90	4	58	30	113	0	0.031247615814208984	1050	2.3748366832733154	35	96.66666666666667	
81.95226406402315	90.0	4.36	68.44	35.4	80.70981093877943	21	9	90	8	174	90	90	4	58	30	118	0	0.031247615814208984	1100	2.4060842990875244	35	96.81818181818181	
81.96038923232408	90.0	4.2	63.8	33.0	80.70981093877943	22	9	90	8	174	90	90	4	58	30	121	0	0.0156252384185791	1150	2.4217095375061035	35	96.95652173913044	
81.94632760358692	90.0	4.12	61.48	31.8	80.70981093877943	23	9	90	8	174	90	90	4	58	30	123	0	0.031247377395629883	1200	2.4529569149017334	35	97.08333333333333	
81.96014031455572	90.0	4.28	66.12	34.2	80.70981093877943	24	9	90	8	174	90	90	4	58	30	127	0	0.031247615814208984	1250	2.4842045307159424	35	97.2	
81.95988057427569	90.0	4.36	68.44	35.4	80.70981093877943	25	9	90	8	174	90	90	4	58	30	132	0	0.031248092651367188	1300	2.5154526233673096	35	97.3076923076923	
81.95871792730793	90.0	4.68	77.72	40.2	80.70981093877943	26	9	90	8	174	90	90	4	58	30	141	0	0.03125119209289551	1350	2.546703815460205	35	97.4074074074074	
81.95226406402315	90.0	4.36	68.44	35.4	80.70981093877943	27	9	90	8	174	90	90	4	58	30	146	0	0.031246423721313477	1400	2.5779502391815186	35	97.5	
81.94632760358692	90.0	4.12	61.48	31.8	80.70981093877943	28	9	90	8	174	90	90	4	58	30	148	0	0.015624284744262695	1450	2.5935745239257812	35	97.58620689655173	
81.95226406402315	90.0	4.36	68.44	35.4	80.70981093877943	29	9	90	8	174	90	90	4	58	30	153	0	0.015622377395629883	1500	2.609196901321411	35	97.66666666666667	
81.95268585771281	90.0	4.28	66.12	34.2	80.70981093877943	30	9	90	8	174	90	90	4	58	30	157	0	0.0312497615814209	1550	2.640446662902832	35	97.74193548387098	
81.95268585771281	90.0	4.28	66.12	34.2	80.70981093877943	31	9	90	8	174	90	90	4	58	30	161	0	0.031246423721313477	1600	2.6716930866241455	35	97.8125	
81.96014031455572	90.0	4.28	66.12	34.2	80.70981093877943	32	9	90	8	174	90	90	4	58	30	165	0	0.031247854232788086	1650	2.7029409408569336	35	97.87878787878788	
81.95309007666539	90.0	4.2	63.8	33.0	80.70981093877943	33	9	90	8	174	90	90	4	58	30	168	0	0.015624284744262695	1700	2.7185652256011963	35	97.94117647058823	
81.94130111307958	90.0	4.76	80.04	41.4	80.70981093877943	34	9	90	8	174	90	90	4	58	30	178	0	0.031246423721313477	1750	2.7498116493225098	35	98.0	
81.95226406402315	90.0	4.36	68.44	35.4	80.70981093877943	35	9	90	8	174	90	90	4	58	30	183	0	0.03125119209289551	1800	2.7810628414154053	35	98.05555555555556	
81.96728838985054	90.0	4.52	73.08	37.8	80.70981093877943	36	9	90	8	174	90	90	4	58	30	190	0	0.031245946884155273	1850	2.8123087882995605	35	98.10810810810811	
81.95309007666539	90.0	4.2	63.8	33.0	80.70981093877943	37	9	90	8	174	90	90	4	58	30	193	0	0.03124713897705078	1900	2.8435559272766113	35	98.15789473684211	
81.94984646604584	90.0	4.76	80.04	41.4	80.70981093877943	38	9	90	8	174	90	90	4	58	30	203	0	0.031248807907104492	1950	2.874804735183716	35	98.2051282051282	
81.95347779688522	90.0	4.12	61.48	31.8	80.70981093877943	39	9	90	8	174	90	90	4	58	30	205	0	0.015622377395629883	2000	2.8904271125793457	35	98.25	
81.96038923232408	90.0	4.2	63.8	33.0	80.70981093877943	40	9	90	8	174	90	90	4	58	30	208	0	0.031248092651367188	2050	2.921675205230713	35	98.29268292682927	
81.9596092899832	90.0	4.44	70.76	36.6	80.70981093877943	41	9	90	8	174	90	90	4	58	30	214	0	0.015623092651367188	2100	2.93729829788208	35	98.33333333333333	
81.95226406402315	90.0	4.36	68.44	35.4	80.70981093877943	42	9	90	8	174	90	90	4	58	30	219	0	0.03124856948852539	2150	2.9685468673706055	35	98.37209302325581	
81.95309007666539	90.0	4.2	63.8	33.0	80.70981093877943	43	9	90	8	174	90	90	4	58	30	222	0	0.03124856948852539	2200	2.999795436859131	35	98.4090909090909	
81.9452314008699	90.0	4.28	66.12	34.2	80.70981093877943	44	9	90	8	174	90	90	4	58	30	226	0	0.015623807907104492	2250	3.0154192447662354	35	98.44444444444444	
81.9508809730873	90.0	4.6	75.4	39.0	80.70981093877943	45	9	90	8	174	90	90	4	58	30	234	0	0.031247615814208984	2300	3.0466668605804443	35	98.47826086956522	
81.95804940530147	90.0	4.84	82.36	42.6	80.70981093877943	46	9	90	8	174	90	90	4	58	30	245	0	0.046871185302734375	2350	3.0935380458831787	35	98.51063829787233	
81.9508809730873	90.0	4.6	75.4	39.0	80.70981093877943	47	9	90	8	174	90	90	4	58	30	253	0	0.03124833106994629	2400	3.124786376953125	35	98.54166666666667	
81.95226406402315	90.0	4.36	68.44	35.4	80.70981093877943	48	9	90	8	174	90	90	4	58	30	258	0	0.015623807907104492	2450	3.1404101848602295	35	98.57142857142857	
81.9596092899832	90.0	4.44	70.76	36.6	80.70981093877943	49	9	90	8	174	90	90	4	58	30	264	0	0.03124856948852539	2500	3.171658754348755	35	98.6	
81.95268585771281	90.0	4.28	66.12	34.2	80.70981093877943	50	9	90	8	174	90	90	4	58	30	268	0	0.03124833106994629	2550	3.202907085418701	35	98.62745098039215	
81.96749708452822	90.0	4.36	68.44	35.4	80.70981093877943	51	9	90	8	174	90	90	4	58	30	273	0	0.031247377395629883	2600	3.234154462814331	35	98.65384615384616	
81.95347779688522	90.0	4.12	61.48	31.8	80.70981093877943	52	9	90	8	174	90	90	4	58	30	275	0	0.015622615814208984	2650	3.24977707862854	35	98.67924528301887	
81.94340024405851	90.0	4.52	73.08	37.8	80.70981093877943	53	9	90	8	174	90	90	4	58	30	282	0	0.015624284744262695	2700	3.2654013633728027	35	98.70370370370371	
81.9596092899832	90.0	4.44	70.76	36.6	80.70981093877943	54	9	90	8	174	90	90	4	58	30	288	0	0.031247854232788086	2750	3.296649217605591	35	98.72727272727273	
81.94984646604584	90.0	4.76	80.04	41.4	80.70981093877943	55	9	90	8	174	90	90	4	58	30	298	0	0.03124713897705078	2800	3.3278963565826416	35	98.75	
81.95932567458654	90.0	4.52	73.08	37.8	80.70981093877943	56	9	90	8	174	90	90	4	58	30	305	0	0.031248092651367188	2850	3.359144449234009	35	98.7719298245614	
81.94684281886393	90.0	4.04	59.16	30.6	80.70981093877943	57	9	90	6	116	60	90	4	58	30	306	0	0.015623807907104492	2900	3.3747682571411133	35	98.79310344827586	
81.95182352394728	90.0	4.44	70.76	36.6	80.70981093877943	58	9	90	8	174	90	90	4	58	30	312	0	0.031248807907104492	2950	3.4060170650482178	35	98.8135593220339	
81.94464755377062	90.0	4.36	68.44	35.4	80.70981093877943	59	9	90	8	174	90	90	4	58	30	317	0	0.03124833106994629	3000	3.437265396118164	35	98.83333333333333	
81.99257323087714	90.0	4.76	80.04	41.4	80.70981093877943	60	9	90	8	174	90	90	4	58	30	327	0	0.03124690055847168	3050	3.4685122966766357	35	98.85245901639344	
81.94579092100672	90.0	4.2	63.8	33.0	80.70981093877943	61	9	90	8	174	90	90	4	58	30	330	0	0.0156252384185791	3100	3.484137535095215	35	98.87096774193549	
81.98273010503328	90.0	4.36	68.44	35.4	80.70981093877943	62	9	90	8	174	90	90	4	58	30	335	0	0.031247615814208984	3150	3.515385150909424	35	98.88888888888889	
81.96038923232408	90.0	4.2	63.8	33.0	80.70981093877943	63	9	90	8	174	90	90	4	58	30	338	0	0.031247377395629883	3200	3.5466325283050537	35	98.90625	
81.94684281886393	90.0	4.04	59.16	30.6	80.70981093877943	64	9	90	6	116	60	90	4	58	30	339	0	0.031247377395629883	3250	3.5778799057006836	35	98.92307692307692	
81.95182352394728	90.0	4.44	70.76	36.6	80.70981093877943	65	9	90	8	174	90	90	4	58	30	345	0	0.031249523162841797	3300	3.6091294288635254	35	98.93939393939394	
81.9508809730873	90.0	4.6	75.4	39.0	80.70981093877943	66	9	90	8	174	90	90	4	58	30	353	0	0.04687070846557617	3350	3.6560001373291016	35	98.95522388059702	
81.96014031455572	90.0	4.28	66.12	34.2	80.70981093877943	67	9	90	8	174	90	90	4	58	30	357	0	0.031247854232788086	3400	3.6872479915618896	35	98.97058823529412	
81.94579092100672	90.0	4.2	63.8	33.0	80.70981093877943	68	9	90	8	174	90	90	4	58	30	360	0	0.031248807907104492	3450	3.718496799468994	35	98.98550724637681	
81.96038923232408	90.0	4.2	63.8	33.0	80.70981093877943	69	9	90	8	174	90	90	4	58	30	363	0	0.03124713897705078	3500	3.749743938446045	35	99.0	
81.96014031455572	90.0	4.28	66.12	34.2	80.70981093877943	70	9	90	8	174	90	90	4	58	30	367	0	0.03124713897705078	3550	3.7809910774230957	35	99.01408450704226	
81.96728838985054	90.0	4.52	73.08	37.8	80.70981093877943	71	9	90	8	174	90	90	4	58	30	374	0	0.031247615814208984	3600	3.8122386932373047	35	99.02777777777777	
81.9452314008699	90.0	4.28	66.12	34.2	80.70981093877943	72	9	90	8	174	90	90	4	58	30	378	0	0.04687166213989258	3650	3.8591103553771973	35	99.04109589041096	
81.95136295932252	90.0	4.52	73.08	37.8	80.70981093877943	73	9	90	8	174	90	90	4	58	30	385	0	0.031249046325683594	3700	3.890359401702881	35	99.05405405405405	
81.95268585771281	90.0	4.28	66.12	34.2	80.70981093877943	74	9	90	8	174	90	90	4	58	30	389	0	0.015623092651367188	3750	3.905982494354248	35	99.06666666666666	
81.95226406402315	90.0	4.36	68.44	35.4	80.70981093877943	75	9	90	8	174	90	90	4	58	30	394	0	0.03124833106994629	3800	3.9372308254241943	35	99.07894736842105	
81.95226406402315	90.0	4.36	68.44	35.4	80.70981093877943	76	9	90	8	174	90	90	4	58	30	399	0	0.031247377395629883	3850	3.968478202819824	35	99.0909090909091	
81.96705981948928	90.0	4.68	77.72	40.2	80.70981093877943	77	9	90	8	174	90	90	4	58	30	408	0	0.031247377395629883	3900	3.999725580215454	35	99.1025641025641	
81.95226406402315	90.0	4.36	68.44	35.4	80.70981093877943	78	9	90	8	174	90	90	4	58	30	413	0	0.03124856948852539	3950	4.0309741497039795	35	99.11392405063292	
81.94273307839853	90.0	4.6	75.4	39.0	80.70981093877943	79	9	90	8	174	90	90	4	58	30	421	0	0.031248807907104492	4000	4.062222957611084	35	99.125	
81.96739505601914	90.0	4.44	70.76	36.6	80.70981093877943	80	9	90	8	174	90	90	4	58	30	427	0	0.031247377395629883	4050	4.093470335006714	35	99.1358024691358	
81.95268585771281	90.0	4.28	66.12	34.2	80.70981093877943	81	9	90	8	174	90	90	4	58	30	431	0	0.015622854232788086	4100	4.109093189239502	35	99.14634146341463	
81.94684281886393	90.0	4.04	59.16	30.6	80.70981093877943	82	9	90	6	116	60	90	4	58	30	431	0	0.015624523162841797	4150	4.124717712402344	35	99.1566265060241	
81.95347779688522	90.0	4.12	61.48	31.8	80.70981093877943	83	9	90	8	174	90	90	4	58	30	433	0	0.01562356948852539	4200	4.140341281890869	35	99.16666666666667	
81.94684281886393	90.0	4.04	59.16	30.6	80.70981093877943	84	9	90	6	116	60	90	4	58	30	433	0	0.015624761581420898	4250	4.15596604347229	35	99.17647058823529	
81.9452314008699	90.0	4.28	66.12	34.2	80.70981093877943	85	9	90	8	174	90	90	4	58	30	437	0	0.015623331069946289	4300	4.171589374542236	35	99.18604651162791	
81.94632760358692	90.0	4.12	61.48	31.8	80.70981093877943	86	9	90	8	174	90	90	4	58	30	439	0	0.03124833106994629	4350	4.202837705612183	35	99.19540229885058	
81.97540171167063	90.0	4.68	77.72	40.2	80.70981093877943	87	9	90	8	174	90	90	4	58	30	448	0	0.031247377395629883	4400	4.2340850830078125	35	99.20454545454545	
81.95871792730793	90.0	4.68	77.72	40.2	80.70981093877943	88	9	90	8	174	90	90	4	58	30	457	0	0.031248807907104492	4450	4.265333890914917	35	99.21348314606742	
81.94632760358692	90.0	4.12	61.48	31.8	80.70981093877943	89	9	90	8	174	90	90	4	58	30	459	0	0.031247854232788086	4500	4.296581745147705	35	99.22222222222223	
81.94579092100672	90.0	4.2	63.8	33.0	80.70981093877943	90	9	90	8	174	90	90	4	58	30	462	0	0.015622854232788086	4550	4.312204599380493	35	99.23076923076923	
81.96062799018353	90.0	4.12	61.48	31.8	80.70981093877943	91	9	90	8	174	90	90	4	58	30	464	0	0.031248092651367188	4600	4.34345269203186	35	99.23913043478261	
81.96038923232408	90.0	4.2	63.8	33.0	80.70981093877943	92	9	90	8	174	90	90	4	58	30	467	0	0.015624761581420898	4650	4.359077453613281	35	99.24731182795699	
81.95309007666539	90.0	4.2	63.8	33.0	80.70981093877943	93	9	90	8	174	90	90	4	58	30	470	0	0.031247854232788086	4700	4.390325307846069	35	99.25531914893617	
81.95268585771281	90.0	4.28	66.12	34.2	80.70981093877943	94	9	90	8	174	90	90	4	58	30	474	0	0.03124856948852539	4750	4.421573877334595	35	99.26315789473684	
81.94273307839853	90.0	4.6	75.4	39.0	80.70981093877943	95	9	90	8	174	90	90	4	58	30	482	0	0.031245708465576172	4800	4.452819585800171	35	99.27083333333333	
81.95902886777606	90.0	4.6	75.4	39.0	80.70981093877943	96	9	90	8	174	90	90	4	58	30	490	0	0.031249046325683594	4850	4.4840686321258545	35	99.27835051546391	
81.96728838985054	90.0	4.52	73.08	37.8	80.70981093877943	97	9	90	8	174	90	90	4	58	30	497	0	0.015622615814208984	4900	4.4996912479400635	35	99.28571428571429	
81.94632760358692	90.0	4.12	61.48	31.8	80.70981093877943	98	9	90	8	174	90	90	4	58	30	499	0	0.015625	4950	4.5153162479400635	35	99.29292929292929	
81.94579092100672	90.0	4.2	63.8	33.0	80.70981093877943	99	9	90	8	174	90	90	4	58	30	502	0	0.031247377395629883	5000	4.546563625335693	35	99.3	
81.9452314008699	90.0	4.28	66.12	34.2	80.70981093877943	100	9	90	8	174	90	90	4	58	30	506	0	0.015625	5050	4.562188625335693	35	99.3069306930693	
81.96038923232408	90.0	4.2	63.8	33.0	80.70981093877943	101	9	90	8	174	90	90	4	58	30	509	0	0.031247854232788086	5100	4.5934364795684814	35	99.31372549019608	
81.94684281886393	90.0	4.04	59.16	30.6	80.70981093877943	102	9	90	6	116	60	90	4	58	30	510	0	0.015623092651367188	5150	4.609059572219849	35	99.32038834951456	
81.95871792730793	90.0	4.68	77.72	40.2	80.70981093877943	103	9	90	8	174	90	90	4	58	30	519	0	0.03124833106994629	5200	4.640307903289795	35	99.32692307692308	
81.94403775791136	90.0	4.44	70.76	36.6	80.70981093877943	104	9	90	8	174	90	90	4	58	30	525	0	0.031247854232788086	5250	4.671555757522583	35	99.33333333333333	
81.94684281886393	90.0	4.04	59.16	30.6	80.70981093877943	105	9	90	6	116	60	90	4	58	30	525	0	0.015624046325683594	5300	4.687179803848267	35	99.33962264150944	
81.9452314008699	90.0	4.28	66.12	34.2	80.70981093877943	106	9	90	8	174	90	90	4	58	30	529	0	0.031247377395629883	5350	4.7184271812438965	35	99.34579439252336	
81.9452314008699	90.0	4.28	66.12	34.2	80.70981093877943	107	9	90	8	174	90	90	4	58	30	533	0	0.031250715255737305	5400	4.749677896499634	35	99.35185185185185	
81.96728838985054	90.0	4.52	73.08	37.8	80.70981093877943	108	9	90	8	174	90	90	4	58	30	540	0	0.031244754791259766	5450	4.7809226512908936	35	99.35779816513761	
81.96717676246482	90.0	4.6	75.4	39.0	80.70981093877943	109	9	90	8	174	90	90	4	58	30	548	0	0.046872615814208984	5500	4.8277952671051025	35	99.36363636363636	
81.95268585771281	90.0	4.28	66.12	34.2	80.70981093877943	110	9	90	8	174	90	90	4	58	30	552	0	0.03124713897705078	5550	4.859042406082153	35	99.36936936936937	
81.95268585771281	90.0	4.28	66.12	34.2	80.70981093877943	111	9	90	8	174	90	90	4	58	30	556	0	0.031248092651367188	5600	4.8902904987335205	35	99.375	
81.94403775791136	90.0	4.44	70.76	36.6	80.70981093877943	112	9	90	8	174	90	90	4	58	30	562	0	0.03124856948852539	5650	4.921539068222046	35	99.38053097345133	
81.95226406402315	90.0	4.36	68.44	35.4	80.70981093877943	113	9	90	8	174	90	90	4	58	30	567	0	0.015623092651367188	5700	4.937162160873413	35	99.3859649122807	
81.95226406402315	90.0	4.36	68.44	35.4	80.70981093877943	114	9	90	8	174	90	90	4	58	30	572	0	0.031247377395629883	5750	4.968409538269043	35	99.3913043478261	
81.95902886777606	90.0	4.6	75.4	39.0	80.70981093877943	115	9	90	8	174	90	90	4	58	30	580	0	0.0156252384185791	5800	4.984034776687622	35	99.39655172413794	
81.95268585771281	90.0	4.28	66.12	34.2	80.70981093877943	116	9	90	8	174	90	90	4	58	30	584	0	0.015623807907104492	5850	4.999658584594727	35	99.4017094017094	
81.95385000829627	90.0	4.04	59.16	30.6	80.70981093877943	117	9	90	6	116	60	90	4	58	30	585	0	0.031247854232788086	5900	5.030906438827515	35	99.40677966101696	
81.95988057427569	90.0	4.36	68.44	35.4	80.70981093877943	118	9	90	8	174	90	90	4	58	30	590	0	0.015623331069946289	5950	5.046529769897461	35	99.41176470588235	
81.9508809730873	90.0	4.6	75.4	39.0	80.70981093877943	119	9	90	8	174	90	90	4	58	30	598	0	0.04687237739562988	6000	5.093402147293091	35	99.41666666666667	
81.94684281886393	90.0	4.04	59.16	30.6	80.70981093877943	120	9	90	6	116	60	90	4	58	30	598	0	0.015624046325683594	6050	5.109026193618774	35	99.42148760330579	
81.94403775791136	90.0	4.44	70.76	36.6	80.70981093877943	121	9	90	8	174	90	90	4	58	30	604	0	0.031247615814208984	6100	5.140273809432983	35	99.42622950819673	
81.95268585771281	90.0	4.28	66.12	34.2	80.70981093877943	122	9	90	8	174	90	90	4	58	30	608	0	0.03124856948852539	6150	5.171522378921509	35	99.4308943089431	
81.95226406402315	90.0	4.36	68.44	35.4	80.70981093877943	123	9	90	8	174	90	90	4	58	30	613	0	0.031248092651367188	6200	5.202770471572876	35	99.43548387096774	
81.94684281886393	90.0	4.04	59.16	30.6	80.70981093877943	124	9	90	6	116	60	90	4	58	30	613	0	0.03124690055847168	6250	5.234017372131348	35	99.44	
81.94403775791136	90.0	4.44	70.76	36.6	80.70981093877943	125	9	90	8	174	90	90	4	58	30	619	0	0.03124713897705078	6300	5.265264511108398	35	99.44444444444444	
81.95309007666539	90.0	4.2	63.8	33.0	80.70981093877943	126	9	90	8	174	90	90	4	58	30	622	0	0.015625476837158203	6350	5.280889987945557	35	99.44881889763779	
81.94632760358692	90.0	4.12	61.48	31.8	80.70981093877943	127	9	90	8	174	90	90	4	58	30	624	0	0.031246662139892578	6400	5.312136650085449	35	99.453125	
81.95839181901209	90.0	4.76	80.04	41.4	80.70981093877943	128	9	90	8	174	90	90	4	58	30	634	0	0.03124713897705078	6450	5.3433837890625	35	99.45736434108527	
81.95226406402315	90.0	4.36	68.44	35.4	80.70981093877943	129	9	90	8	174	90	90	4	58	30	639	0	0.015624523162841797	6500	5.359008312225342	35	99.46153846153847	
81.95932567458654	90.0	4.52	73.08	37.8	80.70981093877943	130	9	90	8	174	90	90	4	58	30	646	0	0.031247854232788086	6550	5.39025616645813	35	99.46564885496183	
81.9452314008699	90.0	4.28	66.12	34.2	80.70981093877943	131	9	90	8	174	90	90	4	58	30	650	0	0.03124713897705078	6600	5.421503305435181	35	99.46969696969697	
81.94579092100672	90.0	4.2	63.8	33.0	80.70981093877943	132	9	90	8	174	90	90	4	58	30	653	0	0.03124856948852539	6650	5.452751874923706	35	99.47368421052632	
81.95136295932252	90.0	4.52	73.08	37.8	80.70981093877943	133	9	90	8	174	90	90	4	58	30	660	0	0.031248092651367188	6700	5.483999967575073	35	99.4776119402985	
81.94684281886393	90.0	4.04	59.16	30.6	80.70981093877943	134	9	90	6	116	60	90	4	58	30	661	0	0.015623807907104492	6750	5.499623775482178	35	99.48148148148148	
81.95268585771281	90.0	4.28	66.12	34.2	80.70981093877943	135	9	90	8	174	90	90	4	58	30	665	0	0.03124856948852539	6800	5.530872344970703	35	99.48529411764706	
81.96728838985054	90.0	4.52	73.08	37.8	80.70981093877943	136	9	90	8	174	90	90	4	58	30	672	0	0.015623331069946289	6850	5.546495676040649	35	99.48905109489051	
81.95932567458654	90.0	4.52	73.08	37.8	80.70981093877943	137	9	90	8	174	90	90	4	58	30	679	0	0.03124833106994629	6900	5.577744007110596	35	99.4927536231884	
81.95136295932252	90.0	4.52	73.08	37.8	80.70981093877943	138	9	90	8	174	90	90	4	58	30	686	0	0.031247377395629883	6950	5.608991384506226	35	99.49640287769785	
81.9596092899832	90.0	4.44	70.76	36.6	80.70981093877943	139	9	90	8	174	90	90	4	58	30	692	0	0.031248807907104492	7000	5.64024019241333	35	99.5	
81.95268585771281	90.0	4.28	66.12	34.2	80.70981093877943	140	9	90	8	174	90	90	4	58	30	696	0	0.015626192092895508	7050	5.655866384506226	35	99.50354609929079	
81.96739505601914	90.0	4.44	70.76	36.6	80.70981093877943	141	9	90	8	174	90	90	4	58	30	702	0	0.031244993209838867	7100	5.6871113777160645	35	99.50704225352112	
81.94684281886393	90.0	4.04	59.16	30.6	80.70981093877943	142	9	90	6	116	60	90	4	58	30	702	0	0.01562356948852539	7150	5.70273494720459	35	99.5104895104895	
81.95871792730793	90.0	4.68	77.72	40.2	80.70981093877943	143	9	90	8	174	90	90	4	58	30	711	0	0.03124833106994629	7200	5.733983278274536	35	99.51388888888889	
81.94579092100672	90.0	4.2	63.8	33.0	80.70981093877943	144	9	90	8	174	90	90	4	58	30	714	0	0.015624761581420898	7250	5.749608039855957	35	99.51724137931035	
81.95988057427569	90.0	4.36	68.44	35.4	80.70981093877943	145	9	90	8	174	90	90	4	58	30	719	0	0.031247377395629883	7300	5.780855417251587	35	99.52054794520548	
81.95136295932252	90.0	4.52	73.08	37.8	80.70981093877943	146	9	90	8	174	90	90	4	58	30	726	0	0.031247377395629883	7350	5.812102794647217	35	99.52380952380952	
81.95309007666539	90.0	4.2	63.8	33.0	80.70981093877943	147	9	90	8	174	90	90	4	58	30	729	0	0.031246423721313477	7400	5.84334921836853	35	99.52702702702703	
81.96728838985054	90.0	4.52	73.08	37.8	80.70981093877943	148	9	90	8	174	90	90	4	58	30	736	0	0.031248092651367188	7450	5.8745973110198975	35	99.53020134228188	
81.9596092899832	90.0	4.44	70.76	36.6	80.70981093877943	149	9	90	8	174	90	90	4	58	30	742	0	0.031247854232788086	7500	5.9058451652526855	35	99.53333333333333	
81.94340024405851	90.0	4.52	73.08	37.8	80.70981093877943	150	9	90	8	174	90	90	4	58	30	749	0	0.015624284744262695	7550	5.921469449996948	35	99.5364238410596	
81.95347779688522	90.0	4.12	61.48	31.8	80.70981093877943	151	9	90	8	174	90	90	4	58	30	751	0	0.031247854232788086	7600	5.952717304229736	35	99.53947368421052	
81.94684281886393	90.0	4.04	59.16	30.6	80.70981093877943	152	9	90	6	116	60	90	4	58	30	751	0	0.031247615814208984	7650	5.983964920043945	35	99.54248366013071	
81.94632760358692	90.0	4.12	61.48	31.8	80.70981093877943	153	9	90	8	174	90	90	4	58	30	753	0	0.015624046325683594	7700	5.999588966369629	35	99.54545454545455	
81.95804940530147	90.0	4.84	82.36	42.6	80.70981093877943	154	9	90	8	174	90	90	4	58	30	764	0	0.031247854232788086	7750	6.030836820602417	35	99.54838709677419	
81.94579092100672	90.0	4.2	63.8	33.0	80.70981093877943	155	9	90	8	174	90	90	4	58	30	767	0	0.031247854232788086	7800	6.062084674835205	35	99.55128205128206	
81.95839181901209	90.0	4.76	80.04	41.4	80.70981093877943	156	9	90	8	174	90	90	4	58	30	777	0	0.031247854232788086	7850	6.093332529067993	35	99.55414012738854	
81.95226406402315	90.0	4.36	68.44	35.4	80.70981093877943	157	9	90	8	174	90	90	4	58	30	782	0	0.04687213897705078	7900	6.140204668045044	35	99.55696202531645	
81.94632760358692	90.0	4.12	61.48	31.8	80.70981093877943	158	9	90	8	174	90	90	4	58	30	784	0	0.031246662139892578	7950	6.1714513301849365	35	99.55974842767296	
81.98402787791088	90.0	4.76	80.04	41.4	80.70981093877943	159	9	90	8	174	90	90	4	58	30	794	0	0.031249046325683594	8000	6.20270037651062	35	99.5625	
81.96062799018353	90.0	4.12	61.48	31.8	80.70981093877943	160	9	90	8	174	90	90	4	58	30	796	0	0.03124690055847168	8050	6.233947277069092	35	99.56521739130434	
81.95136295932252	90.0	4.52	73.08	37.8	80.70981093877943	161	9	90	8	174	90	90	4	58	30	803	0	0.03124833106994629	8100	6.265195608139038	35	99.5679012345679	
81.94632760358692	90.0	4.12	61.48	31.8	80.70981093877943	162	9	90	8	174	90	90	4	58	30	805	0	0.015624046325683594	8150	6.280819654464722	35	99.57055214723927	
81.94684281886393	90.0	4.04	59.16	30.6	80.70981093877943	163	9	90	6	116	60	90	4	58	30	805	0	0.03124713897705078	8200	6.3120667934417725	35	99.57317073170732	
81.95347779688522	90.0	4.12	61.48	31.8	80.70981093877943	164	9	90	8	174	90	90	4	58	30	807	0	0.0312497615814209	8250	6.343316555023193	35	99.57575757575758	
81.96014031455572	90.0	4.28	66.12	34.2	80.70981093877943	165	9	90	8	174	90	90	4	58	30	811	0	0.031246185302734375	8300	6.374562740325928	35	99.57831325301204	
81.96717676246482	90.0	4.6	75.4	39.0	80.70981093877943	166	9	90	8	174	90	90	4	58	30	819	0	0.03124833106994629	8350	6.405811071395874	35	99.58083832335329	
81.95902886777606	90.0	4.6	75.4	39.0	80.70981093877943	167	9	90	8	174	90	90	4	58	30	827	0	0.031248092651367188	8400	6.437059164047241	35	99.58333333333333	
81.95385000829627	90.0	4.04	59.16	30.6	80.70981093877943	168	9	90	6	116	60	90	4	58	30	828	0	0.031247854232788086	8450	6.468307018280029	35	99.58579881656804	
81.94579092100672	90.0	4.2	63.8	33.0	80.70981093877943	169	9	90	8	174	90	90	4	58	30	831	0	0.015624046325683594	8500	6.483931064605713	35	99.58823529411765	
81.95136295932252	90.0	4.52	73.08	37.8	80.70981093877943	170	9	90	8	174	90	90	4	58	30	838	0	0.03124690055847168	8550	6.515177965164185	35	99.5906432748538	
81.95309007666539	90.0	4.2	63.8	33.0	80.70981093877943	171	9	90	8	174	90	90	4	58	30	841	0	0.031248092651367188	8600	6.546426057815552	35	99.59302325581395	
81.94684281886393	90.0	4.04	59.16	30.6	80.70981093877943	172	9	90	6	116	60	90	4	58	30	842	0	0.015624523162841797	8650	6.5620505809783936	35	99.59537572254335	
81.95268585771281	90.0	4.28	66.12	34.2	80.70981093877943	173	9	90	8	174	90	90	4	58	30	846	0	0.031248092651367188	8700	6.593298673629761	35	99.59770114942529	
81.96038923232408	90.0	4.2	63.8	33.0	80.70981093877943	174	9	90	8	174	90	90	4	58	30	849	0	0.031247377395629883	8750	6.624546051025391	35	99.6	
81.9452314008699	90.0	4.28	66.12	34.2	80.70981093877943	175	9	90	8	174	90	90	4	58	30	853	0	0.015624523162841797	8800	6.640170574188232	35	99.60227272727273	
81.9508809730873	90.0	4.6	75.4	39.0	80.70981093877943	176	9	90	8	174	90	90	4	58	30	861	0	0.03124833106994629	8850	6.671418905258179	35	99.6045197740113	
81.95347779688522	90.0	4.12	61.48	31.8	80.70981093877943	177	9	90	8	174	90	90	4	58	30	863	0	0.015622615814208984	8900	6.687041521072388	35	99.6067415730337	
81.96038923232408	90.0	4.2	63.8	33.0	80.70981093877943	178	9	90	8	174	90	90	4	58	30	866	0	0.03124833106994629	8950	6.718289852142334	35	99.60893854748603	
81.94684281886393	90.0	4.04	59.16	30.6	80.70981093877943	179	9	90	6	116	60	90	4	58	30	867	0	0.0156252384185791	9000	6.733915090560913	35	99.61111111111111	
81.94684281886393	90.0	4.04	59.16	30.6	80.70981093877943	180	9	90	6	116	60	90	4	58	30	868	0	0.031247615814208984	9050	6.765162706375122	35	99.61325966850829	
81.95347779688522	90.0	4.12	61.48	31.8	80.70981093877943	181	9	90	8	174	90	90	4	58	30	870	0	0.031246662139892578	9100	6.796409368515015	35	99.61538461538461	
81.9508809730873	90.0	4.6	75.4	39.0	80.70981093877943	182	9	90	8	174	90	90	4	58	30	878	0	0.031247854232788086	9150	6.827657222747803	35	99.61748633879782	
81.95902886777606	90.0	4.6	75.4	39.0	80.70981093877943	183	9	90	8	174	90	90	4	58	30	886	0	0.015624046325683594	9200	6.843281269073486	35	99.6195652173913	
81.95182352394728	90.0	4.44	70.76	36.6	80.70981093877943	184	9	90	8	174	90	90	4	58	30	892	0	0.031247377395629883	9250	6.874528646469116	35	99.62162162162163	
81.95226406402315	90.0	4.36	68.44	35.4	80.70981093877943	185	9	90	8	174	90	90	4	58	30	897	0	0.031248807907104492	9300	6.905777454376221	35	99.6236559139785	
81.96705981948928	90.0	4.68	77.72	40.2	80.70981093877943	186	9	90	8	174	90	90	4	58	30	906	0	0.03124713897705078	9350	6.9370245933532715	35	99.62566844919786	
81.94929041851105	90.0	4.84	82.36	42.6	80.70981093877943	187	9	90	8	174	90	90	4	58	30	917	0	0.015624046325683594	9400	6.952648639678955	35	99.62765957446808	
81.9452314008699	90.0	4.28	66.12	34.2	80.70981093877943	188	9	90	8	174	90	90	4	58	30	921	0	0.031247377395629883	9450	6.983896017074585	35	99.62962962962963	
81.94632760358692	90.0	4.12	61.48	31.8	80.70981093877943	189	9	90	8	174	90	90	4	58	30	923	0	0.03124856948852539	9500	7.01514458656311	35	99.63157894736842	
81.94464755377062	90.0	4.36	68.44	35.4	80.70981093877943	190	9	90	8	174	90	90	4	58	30	928	0	0.015623807907104492	9550	7.030768394470215	35	99.63350785340315	
81.96653049865267	90.0	5.0	87.0	45.0	80.70981093877943	191	9	90	8	174	90	90	4	58	30	941	0	0.031247377395629883	9600	7.062015771865845	35	99.63541666666667	
81.95385000829627	90.0	4.04	59.16	30.6	80.70981093877943	192	9	90	6	116	60	90	4	58	30	942	0	0.015624761581420898	9650	7.077640533447266	35	99.63730569948187	
81.95385000829627	90.0	4.04	59.16	30.6	80.70981093877943	193	9	90	6	116	60	90	4	58	30	943	0	0.031247615814208984	9700	7.108888149261475	35	99.63917525773196	
81.94684281886393	90.0	4.04	59.16	30.6	80.70981093877943	194	9	90	6	116	60	90	4	58	30	944	0	0.015624761581420898	9750	7.1245129108428955	35	99.64102564102564	
81.95309007666539	90.0	4.2	63.8	33.0	80.70981093877943	195	9	90	8	174	90	90	4	58	30	947	0	0.03124713897705078	9800	7.155760049819946	35	99.64285714285714	
81.95932567458654	90.0	4.52	73.08	37.8	80.70981093877943	196	9	90	8	174	90	90	4	58	30	954	0	0.031248807907104492	9850	7.187008857727051	35	99.64467005076142	
81.9452314008699	90.0	4.28	66.12	34.2	80.70981093877943	197	9	90	8	174	90	90	4	58	30	958	0	0.031246423721313477	9900	7.218255281448364	35	99.64646464646465	
81.96038923232408	90.0	4.2	63.8	33.0	80.70981093877943	198	9	90	8	174	90	90	4	58	30	961	0	0.015624284744262695	9950	7.233879566192627	35	99.64824120603015	
81.94984646604584	90.0	4.76	80.04	41.4	80.70981093877943	199	9	90	8	174	90	90	4	58	30	971	0	0.031247854232788086	10000	7.265127420425415	35	99.65	
81.95268585771281	90.0	4.28	66.12	34.2	80.70981093877943	200	9	90	8	174	90	90	4	58	30	975	0	0.031247854232788086	10050	7.296375274658203	35	99.65174129353234	
81.9596092899832	90.0	4.44	70.76	36.6	80.70981093877943	201	9	90	8	174	90	90	4	58	30	981	0	0.031247854232788086	10100	7.327623128890991	35	99.65346534653466	
81.94684281886393	90.0	4.04	59.16	30.6	80.70981093877943	202	9	90	6	116	60	90	4	58	30	982	0	0.031247854232788086	10150	7.358870983123779	35	99.65517241379311	
81.9508809730873	90.0	4.6	75.4	39.0	80.70981093877943	203	9	90	8	174	90	90	4	58	30	990	0	0.031247615814208984	10200	7.390118598937988	35	99.65686274509804	
81.94684281886393	90.0	4.04	59.16	30.6	80.70981093877943	204	9	90	6	116	60	90	4	58	30	991	0	0.015623807907104492	10250	7.405742406845093	35	99.65853658536585	
81.95268585771281	90.0	4.28	66.12	34.2	80.70981093877943	205	9	90	8	174	90	90	4	58	30	995	0	0.031249046325683594	10300	7.436991453170776	35	99.66019417475728	
81.95226406402315	90.0	4.36	68.44	35.4	80.70981093877943	206	9	90	8	174	90	90	4	58	30	1000	0	0.015623331069946289	10350	7.452614784240723	35	99.66183574879227	
81.94579092100672	90.0	4.2	63.8	33.0	80.70981093877943	207	9	90	8	174	90	90	4	58	30	1003	0	0.031248092651367188	10400	7.48386287689209	35	99.66346153846153	
81.96038923232408	90.0	4.2	63.8	33.0	80.70981093877943	208	9	90	8	174	90	90	4	58	30	1006	0	0.015624761581420898	10450	7.499487638473511	35	99.66507177033493	
81.94684281886393	90.0	4.04	59.16	30.6	80.70981093877943	209	9	90	6	116	60	90	4	58	30	1006	0	0.031246662139892578	10500	7.530734300613403	35	99.66666666666667	
81.96728838985054	90.0	4.52	73.08	37.8	80.70981093877943	210	9	90	8	174	90	90	4	58	30	1013	0	0.015623807907104492	10550	7.546358108520508	35	99.66824644549763	
81.95268585771281	90.0	4.28	66.12	34.2	80.70981093877943	211	9	90	8	174	90	90	4	58	30	1017	0	0.031248092651367188	10600	7.577606201171875	35	99.66981132075472	
81.95309007666539	90.0	4.2	63.8	33.0	80.70981093877943	212	9	90	8	174	90	90	4	58	30	1020	0	0.031247854232788086	10650	7.608854055404663	35	99.67136150234742	
81.94130111307958	90.0	4.76	80.04	41.4	80.70981093877943	213	9	90	8	174	90	90	4	58	30	1030	0	0.031247854232788086	10700	7.640101909637451	35	99.67289719626169	
81.94632760358692	90.0	4.12	61.48	31.8	80.70981093877943	214	9	90	8	174	90	90	4	58	30	1032	0	0.031247854232788086	10750	7.671349763870239	35	99.67441860465117	
81.94632760358692	90.0	4.12	61.48	31.8	80.70981093877943	215	9	90	8	174	90	90	4	58	30	1034	0	0.031247615814208984	10800	7.702597379684448	35	99.67592592592592	
81.95385000829627	90.0	4.04	59.16	30.6	80.70981093877943	216	9	90	6	116	60	90	4	58	30	1035	0	0.015624284744262695	10850	7.718221664428711	35	99.6774193548387	
81.95309007666539	90.0	4.2	63.8	33.0	80.70981093877943	217	9	90	8	174	90	90	4	58	30	1038	0	0.031247615814208984	10900	7.74946928024292	35	99.6788990825688	
81.96014031455572	90.0	4.28	66.12	34.2	80.70981093877943	218	9	90	8	174	90	90	4	58	30	1042	0	0.031247854232788086	10950	7.780717134475708	35	99.68036529680366	
81.95347779688522	90.0	4.12	61.48	31.8	80.70981093877943	219	9	90	8	174	90	90	4	58	30	1044	0	0.03124833106994629	11000	7.811965465545654	35	99.68181818181819	
81.96014031455572	90.0	4.28	66.12	34.2	80.70981093877943	220	9	90	8	174	90	90	4	58	30	1048	0	0.031247615814208984	11050	7.843213081359863	35	99.68325791855203	
81.95136295932252	90.0	4.52	73.08	37.8	80.70981093877943	221	9	90	8	174	90	90	4	58	30	1055	0	0.015623807907104492	11100	7.858836889266968	35	99.68468468468468	
81.94632760358692	90.0	4.12	61.48	31.8	80.70981093877943	222	9	90	8	174	90	90	4	58	30	1057	0	0.015623807907104492	11150	7.874460697174072	35	99.68609865470852	
81.94684281886393	90.0	4.04	59.16	30.6	80.70981093877943	223	9	90	6	116	60	90	4	58	30	1057	0	0.031247615814208984	11200	7.905708312988281	35	99.6875	
81.94684281886393	90.0	4.04	59.16	30.6	80.70981093877943	224	9	90	6	116	60	90	4	58	30	1058	0	0.015624284744262695	11250	7.921332597732544	35	99.68888888888888	
81.95347779688522	90.0	4.12	61.48	31.8	80.70981093877943	225	9	90	8	174	90	90	4	58	30	1060	0	0.031247854232788086	11300	7.952580451965332	35	99.69026548672566	
81.94203414294523	90.0	4.68	77.72	40.2	80.70981093877943	226	9	90	8	174	90	90	4	58	30	1069	0	0.031248807907104492	11350	7.9838292598724365	35	99.69162995594714	
81.94579092100672	90.0	4.2	63.8	33.0	80.70981093877943	227	9	90	8	174	90	90	4	58	30	1072	0	0.015623092651367188	11400	7.999452352523804	35	99.69298245614036	
81.96014031455572	90.0	4.28	66.12	34.2	80.70981093877943	228	9	90	8	174	90	90	4	58	30	1076	0	0.031247854232788086	11450	8.030700206756592	35	99.6943231441048	
81.94684281886393	90.0	4.04	59.16	30.6	80.70981093877943	229	9	90	6	116	60	90	4	58	30	1077	0	0.015624046325683594	11500	8.046324253082275	35	99.69565217391305	
81.95182352394728	90.0	4.44	70.76	36.6	80.70981093877943	230	9	90	8	174	90	90	4	58	30	1083	0	0.015623331069946289	11550	8.061947584152222	35	99.6969696969697	
81.95932567458654	90.0	4.52	73.08	37.8	80.70981093877943	231	9	90	8	174	90	90	4	58	30	1090	0	0.031248807907104492	11600	8.093196392059326	35	99.69827586206897	
81.96038923232408	90.0	4.2	63.8	33.0	80.70981093877943	232	9	90	8	174	90	90	4	58	30	1093	0	0.015623092651367188	11650	8.108819484710693	35	99.69957081545064	
81.95182352394728	90.0	4.44	70.76	36.6	80.70981093877943	233	9	90	8	174	90	90	4	58	30	1099	0	0.031248092651367188	11700	8.14006757736206	35	99.7008547008547	
81.95268585771281	90.0	4.28	66.12	34.2	80.70981093877943	234	9	90	8	174	90	90	4	58	30	1103	0	0.015623807907104492	11750	8.155691385269165	35	99.70212765957447	
81.96705981948928	90.0	4.68	77.72	40.2	80.70981093877943	235	9	90	8	174	90	90	4	58	30	1112	0	0.031249046325683594	11800	8.186940431594849	35	99.70338983050847	
81.98347255184233	90.0	4.6	75.4	39.0	80.70981093877943	236	9	90	8	174	90	90	4	58	30	1120	0	0.015622854232788086	11850	8.202563285827637	35	99.70464135021098	
81.95309007666539	90.0	4.2	63.8	33.0	80.70981093877943	237	9	90	8	174	90	90	4	58	30	1123	0	0.015624284744262695	11900	8.2181875705719	35	99.70588235294117	
81.9755673788823	90.0	4.84	82.36	42.6	80.70981093877943	238	9	90	8	174	90	90	4	58	30	1134	0	0.046871185302734375	11950	8.265058755874634	35	99.7071129707113	
81.94684281886393	90.0	4.04	59.16	30.6	80.70981093877943	239	9	90	6	116	60	90	4	58	30	1134	0	0.03124833106994629	12000	8.29630708694458	35	99.70833333333333	
81.96693717197836	90.0	4.76	80.04	41.4	80.70981093877943	240	9	90	8	174	90	90	4	58	30	1144	0	0.031248092651367188	12050	8.327555179595947	35	99.70954356846472	
81.96749708452822	90.0	4.36	68.44	35.4	80.70981093877943	241	9	90	8	174	90	90	4	58	30	1149	0	0.01562356948852539	12100	8.343178749084473	35	99.7107438016529	
81.96728838985054	90.0	4.52	73.08	37.8	80.70981093877943	242	9	90	8	174	90	90	4	58	30	1156	0	0.015623807907104492	12150	8.358802556991577	35	99.7119341563786	
81.95182352394728	90.0	4.44	70.76	36.6	80.70981093877943	243	9	90	8	174	90	90	4	58	30	1162	0	0.03124833106994629	12200	8.390050888061523	35	99.71311475409836	
81.95268585771281	90.0	4.28	66.12	34.2	80.70981093877943	244	9	90	8	174	90	90	4	58	30	1166	0	0.031247615814208984	12250	8.421298503875732	35	99.71428571428571	
81.94684281886393	90.0	4.04	59.16	30.6	80.70981093877943	245	9	90	6	116	60	90	4	58	30	1166	0	0.015623807907104492	12300	8.436922311782837	35	99.71544715447155	
81.94684281886393	90.0	4.04	59.16	30.6	80.70981093877943	246	9	90	6	116	60	90	4	58	30	1166	0	0.031247615814208984	12350	8.468169927597046	35	99.7165991902834	
81.94684281886393	90.0	4.04	59.16	30.6	80.70981093877943	247	9	90	6	116	60	90	4	58	30	1167	0	0.015624523162841797	12400	8.483794450759888	35	99.71774193548387	
81.94464755377062	90.0	4.36	68.44	35.4	80.70981093877943	248	9	90	8	174	90	90	4	58	30	1172	0	0.03124833106994629	12450	8.515042781829834	35	99.71887550200803	
81.95347779688522	90.0	4.12	61.48	31.8	80.70981093877943	249	9	90	8	174	90	90	4	58	30	1174	0	0.015623092651367188	12500	8.530665874481201	35	99.72	
81.95902886777606	90.0	4.6	75.4	39.0	80.70981093877943	250	9	90	8	174	90	90	4	58	30	1182	0	0.031247854232788086	12550	8.56191372871399	35	99.7211155378486	
81.97532465715356	90.0	4.6	75.4	39.0	80.70981093877943	251	9	90	8	174	90	90	4	58	30	1190	0	0.031247854232788086	12600	8.593161582946777	35	99.72222222222223	
81.95768943191338	90.0	4.92	84.68	43.8	80.70981093877943	252	9	90	8	174	90	90	4	58	30	1202	0	0.031247854232788086	12650	8.624409437179565	35	99.72332015810277	
81.94464755377062	90.0	4.36	68.44	35.4	80.70981093877943	253	9	90	8	174	90	90	4	58	30	1207	0	0.03124833106994629	12700	8.655657768249512	35	99.7244094488189	
81.95226406402315	90.0	4.36	68.44	35.4	80.70981093877943	254	9	90	8	174	90	90	4	58	30	1212	0	0.03124833106994629	12750	8.686906099319458	35	99.72549019607843	
81.94464755377062	90.0	4.36	68.44	35.4	80.70981093877943	255	9	90	8	174	90	90	4	58	30	1217	0	0.03124690055847168	12800	8.71815299987793	35	99.7265625	
81.94632760358692	90.0	4.12	61.48	31.8	80.70981093877943	256	9	90	8	174	90	90	4	58	30	1219	0	0.015624046325683594	12850	8.733777046203613	35	99.72762645914396	
81.9508809730873	90.0	4.6	75.4	39.0	80.70981093877943	257	9	90	8	174	90	90	4	58	30	1227	0	0.031247854232788086	12900	8.765024900436401	35	99.72868217054264	
81.95136295932252	90.0	4.52	73.08	37.8	80.70981093877943	258	9	90	8	174	90	90	4	58	30	1234	0	0.031247615814208984	12950	8.79627251625061	35	99.72972972972973	
81.94632760358692	90.0	4.12	61.48	31.8	80.70981093877943	259	9	90	8	174	90	90	4	58	30	1236	0	0.031248092651367188	13000	8.827520608901978	35	99.73076923076923	
81.95226406402315	90.0	4.36	68.44	35.4	80.70981093877943	260	9	90	8	174	90	90	4	58	30	1241	0	0.031247615814208984	13050	8.858768224716187	35	99.73180076628353	
81.94684281886393	90.0	4.04	59.16	30.6	80.70981093877943	261	9	90	6	116	60	90	4	58	30	1241	0	0.03124833106994629	13100	8.890016555786133	35	99.73282442748092	
81.94632760358692	90.0	4.12	61.48	31.8	80.70981093877943	262	9	90	8	174	90	90	4	58	30	1243	0	0.015624046325683594	13150	8.905640602111816	35	99.73384030418251	
81.96014031455572	90.0	4.28	66.12	34.2	80.70981093877943	263	9	90	8	174	90	90	4	58	30	1247	0	0.031247615814208984	13200	8.936888217926025	35	99.73484848484848	
81.95226406402315	90.0	4.36	68.44	35.4	80.70981093877943	264	9	90	8	174	90	90	4	58	30	1252	0	0.03124713897705078	13250	8.968135356903076	35	99.73584905660377	
81.95136295932252	90.0	4.52	73.08	37.8	80.70981093877943	265	9	90	8	174	90	90	4	58	30	1259	0	0.03124833106994629	13300	8.999383687973022	35	99.73684210526316	
81.96728838985054	90.0	4.52	73.08	37.8	80.70981093877943	266	9	90	8	174	90	90	4	58	30	1266	0	0.031247615814208984	13350	9.030631303787231	35	99.7378277153558	
81.96705981948928	90.0	4.68	77.72	40.2	80.70981093877943	267	9	90	8	174	90	90	4	58	30	1275	0	0.015624284744262695	13400	9.046255588531494	35	99.73880597014926	
81.95037603512658	90.0	4.68	77.72	40.2	80.70981093877943	268	9	90	8	174	90	90	4	58	30	1284	0	0.031247854232788086	13450	9.077503442764282	35	99.73977695167287	
81.96739505601914	90.0	4.44	70.76	36.6	80.70981093877943	269	9	90	8	174	90	90	4	58	30	1290	0	0.04687213897705078	13500	9.124375581741333	35	99.74074074074075	
81.95347779688522	90.0	4.12	61.48	31.8	80.70981093877943	270	9	90	8	174	90	90	4	58	30	1292	0	0.015623092651367188	13550	9.1399986743927	35	99.74169741697418	
81.94809052646232	90.0	5.0	87.0	45.0	80.70981093877943	271	9	90	8	174	90	90	4	58	30	1305	0	0.015624046325683594	13600	9.155622720718384	35	99.74264705882354	
81.96739505601914	90.0	4.44	70.76	36.6	80.70981093877943	272	9	90	8	174	90	90	4	58	30	1311	0	0.015624761581420898	13650	9.171247482299805	35	99.74358974358974	
81.9596092899832	90.0	4.44	70.76	36.6	80.70981093877943	273	9	90	8	174	90	90	4	58	30	1317	0	0.03124690055847168	13700	9.202494382858276	35	99.74452554744525	
81.9452314008699	90.0	4.28	66.12	34.2	80.70981093877943	274	9	90	8	174	90	90	4	58	30	1321	0	0.031248092651367188	13750	9.233742475509644	35	99.74545454545455	
81.95902886777606	90.0	4.6	75.4	39.0	80.70981093877943	275	9	90	8	174	90	90	4	58	30	1329	0	0.03124856948852539	13800	9.264991044998169	35	99.7463768115942	
81.95226406402315	90.0	4.36	68.44	35.4	80.70981093877943	276	9	90	8	174	90	90	4	58	30	1334	0	0.015623092651367188	13850	9.280614137649536	35	99.74729241877256	
81.94632760358692	90.0	4.12	61.48	31.8	80.70981093877943	277	9	90	8	174	90	90	4	58	30	1336	0	0.031247615814208984	13900	9.311861753463745	35	99.74820143884892	
81.95932567458654	90.0	4.52	73.08	37.8	80.70981093877943	278	9	90	8	174	90	90	4	58	30	1343	0	0.031249046325683594	13950	9.343110799789429	35	99.74910394265233	
81.95347779688522	90.0	4.12	61.48	31.8	80.70981093877943	279	9	90	8	174	90	90	4	58	30	1345	0	0.031247854232788086	14000	9.374358654022217	35	99.75	
81.9452314008699	90.0	4.28	66.12	34.2	80.70981093877943	280	9	90	8	174	90	90	4	58	30	1349	0	0.015623092651367188	14050	9.389981746673584	35	99.7508896797153	
81.95988057427569	90.0	4.36	68.44	35.4	80.70981093877943	281	9	90	8	174	90	90	4	58	30	1354	0	0.03124856948852539	14100	9.42123031616211	35	99.7517730496454	
81.9596092899832	90.0	4.44	70.76	36.6	80.70981093877943	282	9	90	8	174	90	90	4	58	30	1360	0	0.031247377395629883	14150	9.45247769355774	35	99.75265017667844	
81.94464755377062	90.0	4.36	68.44	35.4	80.70981093877943	283	9	90	8	174	90	90	4	58	30	1365	0	0.03124856948852539	14200	9.483726263046265	35	99.75352112676056	
81.95988057427569	90.0	4.36	68.44	35.4	80.70981093877943	284	9	90	8	174	90	90	4	58	30	1370	0	0.015623331069946289	14250	9.499349594116211	35	99.75438596491227	
81.94929041851105	90.0	4.84	82.36	42.6	80.70981093877943	285	9	90	8	174	90	90	4	58	30	1381	0	0.031247615814208984	14300	9.53059720993042	35	99.75524475524476	
81.95182352394728	90.0	4.44	70.76	36.6	80.70981093877943	286	9	90	8	174	90	90	4	58	30	1387	0	0.03124833106994629	14350	9.561845541000366	35	99.7560975609756	
81.94403775791136	90.0	4.44	70.76	36.6	80.70981093877943	287	9	90	8	174	90	90	4	58	30	1393	0	0.031247615814208984	14400	9.593093156814575	35	99.75694444444444	
81.95136295932252	90.0	4.52	73.08	37.8	80.70981093877943	288	9	90	8	174	90	90	4	58	30	1400	0	0.015624046325683594	14450	9.608717203140259	35	99.75778546712803	
81.95309007666539	90.0	4.2	63.8	33.0	80.70981093877943	289	9	90	8	174	90	90	4	58	30	1403	0	0.031247615814208984	14500	9.639964818954468	35	99.75862068965517	
81.95226406402315	90.0	4.36	68.44	35.4	80.70981093877943	290	9	90	8	174	90	90	4	58	30	1408	0	0.031247615814208984	14550	9.671212434768677	35	99.7594501718213	
81.94684281886393	90.0	4.04	59.16	30.6	80.70981093877943	291	9	90	6	116	60	90	4	58	30	1409	0	0.031248092651367188	14600	9.702460527420044	35	99.76027397260275	
81.94684281886393	90.0	4.04	59.16	30.6	80.70981093877943	292	9	90	6	116	60	90	4	58	30	1410	0	0.015623807907104492	14650	9.718084335327148	35	99.76109215017065	
81.95839181901209	90.0	4.76	80.04	41.4	80.70981093877943	293	9	90	8	174	90	90	4	58	30	1420	0	0.046872615814208984	14700	9.764956951141357	35	99.76190476190476	
81.94684281886393	90.0	4.04	59.16	30.6	80.70981093877943	294	9	90	6	116	60	90	4	58	30	1421	0	0.015623331069946289	14750	9.780580282211304	35	99.76271186440678	
81.95839181901209	90.0	4.76	80.04	41.4	80.70981093877943	295	9	90	8	174	90	90	4	58	30	1431	0	0.031247615814208984	14800	9.811827898025513	35	99.76351351351352	
81.95136295932252	90.0	4.52	73.08	37.8	80.70981093877943	296	9	90	8	174	90	90	4	58	30	1438	0	0.031249046325683594	14850	9.843076944351196	35	99.76430976430976	
81.94632760358692	90.0	4.12	61.48	31.8	80.70981093877943	297	9	90	8	174	90	90	4	58	30	1440	0	0.031246662139892578	14900	9.874323606491089	35	99.76510067114094	
81.94684281886393	90.0	4.04	59.16	30.6	80.70981093877943	298	9	90	6	116	60	90	4	58	30	1441	0	0.031247854232788086	14950	9.905571460723877	35	99.76588628762542	
81.94403775791136	90.0	4.44	70.76	36.6	80.70981093877943	299	9	90	8	174	90	90	4	58	30	1447	0	0.015623807907104492	15000	9.921195268630981	35	99.76666666666667	
81.9508809730873	90.0	4.6	75.4	39.0	80.70981093877943	300	9	90	8	174	90	90	4	58	30	1455	0	0.03124856948852539	15050	9.952443838119507	35	99.76744186046511	
81.95136295932252	90.0	4.52	73.08	37.8	80.70981093877943	301	9	90	8	174	90	90	4	58	30	1462	0	0.01562356948852539	15100	9.968067407608032	35	99.76821192052981	
81.94464755377062	90.0	4.36	68.44	35.4	80.70981093877943	302	9	90	8	174	90	90	4	58	30	1467	0	0.031248807907104492	15150	9.999316215515137	35	99.76897689768977	
81.9452314008699	90.0	4.28	66.12	34.2	80.70981093877943	303	9	90	8	174	90	90	4	58	30	1471	0	0.031246423721313477	15200	10.03056263923645	35	99.76973684210526	
81.94579092100672	90.0	4.2	63.8	33.0	80.70981093877943	304	9	90	8	174	90	90	4	58	30	1474	0	0.031248092651367188	15250	10.061810731887817	35	99.77049180327869	
81.95988057427569	90.0	4.36	68.44	35.4	80.70981093877943	305	9	90	8	174	90	90	4	58	30	1479	0	0.015624523162841797	15300	10.07743525505066	35	99.77124183006536	
81.95839181901209	90.0	4.76	80.04	41.4	80.70981093877943	306	9	90	8	174	90	90	4	58	30	1489	0	0.031247615814208984	15350	10.108682870864868	35	99.77198697068404	
81.9508809730873	90.0	4.6	75.4	39.0	80.70981093877943	307	9	90	8	174	90	90	4	58	30	1497	0	0.031248092651367188	15400	10.139930963516235	35	99.77272727272727	
81.94579092100672	90.0	4.2	63.8	33.0	80.70981093877943	308	9	90	8	174	90	90	4	58	30	1500	0	0.031247615814208984	15450	10.171178579330444	35	99.77346278317152	
81.9573105125575	90.0	5.0	87.0	45.0	80.70981093877943	309	9	90	8	174	90	90	4	58	30	1513	0	0.031248092651367188	15500	10.202426671981812	35	99.7741935483871	
81.95226406402315	90.0	4.36	68.44	35.4	80.70981093877943	310	9	90	8	174	90	90	4	58	30	1518	0	0.031247615814208984	15550	10.23367428779602	35	99.7749196141479	
81.95309007666539	90.0	4.2	63.8	33.0	80.70981093877943	311	9	90	8	174	90	90	4	58	30	1521	0	0.046871185302734375	15600	10.280545473098755	35	99.77564102564102	
81.9452314008699	90.0	4.28	66.12	34.2	80.70981093877943	312	9	90	8	174	90	90	4	58	30	1525	0	0.015624284744262695	15650	10.296169757843018	35	99.77635782747603	
81.95268585771281	90.0	4.28	66.12	34.2	80.70981093877943	313	9	90	8	174	90	90	4	58	30	1529	0	0.031247615814208984	15700	10.327417373657227	35	99.77707006369427	
81.95385000829627	90.0	4.04	59.16	30.6	80.70981093877943	314	9	90	6	116	60	90	4	58	30	1530	0	0.015624046325683594	15750	10.34304141998291	35	99.77777777777777	
81.95182352394728	90.0	4.44	70.76	36.6	80.70981093877943	315	9	90	8	174	90	90	4	58	30	1536	0	0.031248092651367188	15800	10.374289512634277	35	99.77848101265823	
81.95347779688522	90.0	4.12	61.48	31.8	80.70981093877943	316	9	90	8	174	90	90	4	58	30	1538	0	0.031247854232788086	15850	10.405537366867065	35	99.77917981072555	
81.96768838798276	90.0	4.2	63.8	33.0	80.70981093877943	317	9	90	8	174	90	90	4	58	30	1541	0	0.03124833106994629	15900	10.436785697937012	35	99.77987421383648	
81.95385000829627	90.0	4.04	59.16	30.6	80.70981093877943	318	9	90	6	116	60	90	4	58	30	1542	0	0.031247377395629883	15950	10.468033075332642	35	99.78056426332289	
81.95347779688522	90.0	4.12	61.48	31.8	80.70981093877943	319	9	90	8	174	90	90	4	58	30	1544	0	0.015623807907104492	16000	10.483656883239746	35	99.78125	
81.94579092100672	90.0	4.2	63.8	33.0	80.70981093877943	320	9	90	8	174	90	90	4	58	30	1547	0	0.031248092651367188	16050	10.514904975891113	35	99.78193146417445	
81.95268585771281	90.0	4.28	66.12	34.2	80.70981093877943	321	9	90	8	174	90	90	4	58	30	1551	0	0.031247854232788086	16100	10.546152830123901	35	99.78260869565217	
81.93972227952278	90.0	4.92	84.68	43.8	80.70981093877943	322	9	90	8	174	90	90	4	58	30	1563	0	0.031248092651367188	16150	10.577400922775269	35	99.78328173374614	
81.95309007666539	90.0	4.2	63.8	33.0	80.70981093877943	323	9	90	8	174	90	90	4	58	30	1566	0	0.031248092651367188	16200	10.608649015426636	35	99.78395061728395	
81.94403775791136	90.0	4.44	70.76	36.6	80.70981093877943	324	9	90	8	174	90	90	4	58	30	1572	0	0.031247854232788086	16250	10.639896869659424	35	99.78461538461538	
81.95309007666539	90.0	4.2	63.8	33.0	80.70981093877943	325	9	90	8	174	90	90	4	58	30	1575	0	0.01562356948852539	16300	10.65552043914795	35	99.78527607361963	
81.94464755377062	90.0	4.36	68.44	35.4	80.70981093877943	326	9	90	8	174	90	90	4	58	30	1580	0	0.04687166213989258	16350	10.702392101287842	35	99.78593272171254	
81.96680839209189	90.0	4.84	82.36	42.6	80.70981093877943	327	9	90	8	174	90	90	4	58	30	1591	0	0.031247854232788086	16400	10.73363995552063	35	99.78658536585365	
81.9452314008699	90.0	4.28	66.12	34.2	80.70981093877943	328	9	90	8	174	90	90	4	58	30	1595	0	0.015624761581420898	16450	10.74926471710205	35	99.7872340425532	
81.9508809730873	90.0	4.6	75.4	39.0	80.70981093877943	329	9	90	8	174	90	90	4	58	30	1603	0	0.03124713897705078	16500	10.780511856079102	35	99.78787878787878	
81.95932567458654	90.0	4.52	73.08	37.8	80.70981093877943	330	9	90	8	174	90	90	4	58	30	1610	0	0.031247615814208984	16550	10.81175947189331	35	99.78851963746223	
81.97518082205505	90.0	4.44	70.76	36.6	80.70981093877943	331	9	90	8	174	90	90	4	58	30	1616	0	0.031247854232788086	16600	10.843007326126099	35	99.78915662650603	
81.96014031455572	90.0	4.28	66.12	34.2	80.70981093877943	332	9	90	8	174	90	90	4	58	30	1620	0	0.031248092651367188	16650	10.874255418777466	35	99.7897897897898	
81.96038923232408	90.0	4.2	63.8	33.0	80.70981093877943	333	9	90	8	174	90	90	4	58	30	1623	0	0.031247615814208984	16700	10.905503034591675	35	99.79041916167665	
81.94684281886393	90.0	4.04	59.16	30.6	80.70981093877943	334	9	90	6	116	60	90	4	58	30	1624	0	0.015624284744262695	16750	10.921127319335938	35	99.7910447761194	
81.95037603512658	90.0	4.68	77.72	40.2	80.70981093877943	335	9	90	8	174	90	90	4	58	30	1633	0	0.03124713897705078	16800	10.952374458312988	35	99.79166666666667	
81.94464755377062	90.0	4.36	68.44	35.4	80.70981093877943	336	9	90	8	174	90	90	4	58	30	1638	0	0.015624523162841797	16850	10.96799898147583	35	99.79228486646885	
81.95309007666539	90.0	4.2	63.8	33.0	80.70981093877943	337	9	90	8	174	90	90	4	58	30	1641	0	0.015624046325683594	16900	10.983623027801514	35	99.79289940828403	
81.9452314008699	90.0	4.28	66.12	34.2	80.70981093877943	338	9	90	8	174	90	90	4	58	30	1645	0	0.031247615814208984	16950	11.014870643615723	35	99.79351032448378	
81.95136295932252	90.0	4.52	73.08	37.8	80.70981093877943	339	9	90	8	174	90	90	4	58	30	1652	0	0.03124833106994629	17000	11.046118974685669	35	99.79411764705883	
81.95226406402315	90.0	4.36	68.44	35.4	80.70981093877943	340	9	90	8	174	90	90	4	58	30	1657	0	0.015624761581420898	17050	11.06174373626709	35	99.79472140762464	
81.95902886777606	90.0	4.6	75.4	39.0	80.70981093877943	341	9	90	8	174	90	90	4	58	30	1665	0	0.031246662139892578	17100	11.092990398406982	35	99.7953216374269	
81.94632760358692	90.0	4.12	61.48	31.8	80.70981093877943	342	9	90	8	174	90	90	4	58	30	1667	0	0.031248092651367188	17150	11.12423849105835	35	99.79591836734694	
81.94632760358692	90.0	4.12	61.48	31.8	80.70981093877943	343	9	90	8	174	90	90	4	58	30	1669	0	0.015623331069946289	17200	11.139861822128296	35	99.79651162790698	
81.96638028598282	90.0	5.08	89.32	46.2	80.70981093877943	344	9	90	8	174	90	90	4	58	30	1683	0	0.03124833106994629	17250	11.171110153198242	35	99.79710144927536	
81.94632760358692	90.0	4.12	61.48	31.8	80.70981093877943	345	9	90	8	174	90	90	4	58	30	1685	0	0.015623807907104492	17300	11.186733961105347	35	99.79768786127168	
81.97540171167063	90.0	4.68	77.72	40.2	80.70981093877943	346	9	90	8	174	90	90	4	58	30	1694	0	0.031248092651367188	17350	11.217982053756714	35	99.79827089337176	
81.94684281886393	90.0	4.04	59.16	30.6	80.70981093877943	347	9	90	6	116	60	90	4	58	30	1695	0	0.015623807907104492	17400	11.233605861663818	35	99.79885057471265	
81.94632760358692	90.0	4.12	61.48	31.8	80.70981093877943	348	9	90	8	174	90	90	4	58	30	1697	0	0.031247377395629883	17450	11.264853239059448	35	99.79942693409743	
81.94984646604584	90.0	4.76	80.04	41.4	80.70981093877943	349	9	90	8	174	90	90	4	58	30	1707	0	0.03124833106994629	17500	11.296101570129395	35	99.8	
81.95932567458654	90.0	4.52	73.08	37.8	80.70981093877943	350	9	90	8	174	90	90	4	58	30	1714	0	0.03124833106994629	17550	11.32734990119934	35	99.8005698005698	
81.95268585771281	90.0	4.28	66.12	34.2	80.70981093877943	351	9	90	8	174	90	90	4	58	30	1718	0	0.031247854232788086	17600	11.358597755432129	35	99.80113636363636	
81.96014031455572	90.0	4.28	66.12	34.2	80.70981093877943	352	9	90	8	174	90	90	4	58	30	1722	0	0.031249046325683594	17650	11.389846801757812	35	99.80169971671388	
81.95268585771281	90.0	4.28	66.12	34.2	80.70981093877943	353	9	90	8	174	90	90	4	58	30	1726	0	0.031246185302734375	17700	11.421092987060547	35	99.80225988700565	
81.94579092100672	90.0	4.2	63.8	33.0	80.70981093877943	354	9	90	8	174	90	90	4	58	30	1729	0	0.031247854232788086	17750	11.452340841293335	35	99.80281690140845	
81.97548252494462	90.0	4.76	80.04	41.4	80.70981093877943	355	9	90	8	174	90	90	4	58	30	1739	0	0.015623807907104492	17800	11.46796464920044	35	99.80337078651685	
81.95871792730793	90.0	4.68	77.72	40.2	80.70981093877943	356	9	90	8	174	90	90	4	58	30	1748	0	0.031247854232788086	17850	11.499212503433228	35	99.80392156862744	
81.95226406402315	90.0	4.36	68.44	35.4	80.70981093877943	357	9	90	8	174	90	90	4	58	30	1753	0	0.031248092651367188	17900	11.530460596084595	35	99.80446927374301	
81.95385000829627	90.0	4.04	59.16	30.6	80.70981093877943	358	9	90	6	116	60	90	4	58	30	1754	0	0.031248092651367188	17950	11.561708688735962	35	99.8050139275766	
81.96014031455572	90.0	4.28	66.12	34.2	80.70981093877943	359	9	90	8	174	90	90	4	58	30	1758	0	0.01562356948852539	18000	11.577332258224487	35	99.80555555555556	
81.96739505601914	90.0	4.44	70.76	36.6	80.70981093877943	360	9	90	8	174	90	90	4	58	30	1764	0	0.01562356948852539	18050	11.592955827713013	35	99.80609418282549	
81.94632760358692	90.0	4.12	61.48	31.8	80.70981093877943	361	9	90	8	174	90	90	4	58	30	1766	0	0.031248807907104492	18100	11.624204635620117	35	99.80662983425414	
81.9452314008699	90.0	4.28	66.12	34.2	80.70981093877943	362	9	90	8	174	90	90	4	58	30	1770	0	0.03124690055847168	18150	11.655451536178589	35	99.80716253443526	
81.95136295932252	90.0	4.52	73.08	37.8	80.70981093877943	363	9	90	8	174	90	90	4	58	30	1777	0	0.015625476837158203	18200	11.671077013015747	35	99.8076923076923	
81.94684281886393	90.0	4.04	59.16	30.6	80.70981093877943	364	9	90	6	116	60	90	4	58	30	1777	0	0.03124690055847168	18250	11.702323913574219	35	99.8082191780822	
81.94684281886393	90.0	4.04	59.16	30.6	80.70981093877943	365	9	90	6	116	60	90	4	58	30	1777	0	0.031249046325683594	18300	11.733572959899902	35	99.80874316939891	
81.95268585771281	90.0	4.28	66.12	34.2	80.70981093877943	366	9	90	8	174	90	90	4	58	30	1781	0	0.015622615814208984	18350	11.749195575714111	35	99.80926430517711	
81.95347779688522	90.0	4.12	61.48	31.8	80.70981093877943	367	9	90	8	174	90	90	4	58	30	1783	0	0.015624761581420898	18400	11.764820337295532	35	99.80978260869566	
81.95182352394728	90.0	4.44	70.76	36.6	80.70981093877943	368	9	90	8	174	90	90	4	58	30	1789	0	0.031248092651367188	18450	11.7960684299469	35	99.81029810298104	
81.94464755377062	90.0	4.36	68.44	35.4	80.70981093877943	369	9	90	8	174	90	90	4	58	30	1794	0	0.015622854232788086	18500	11.811691284179688	35	99.8108108108108	
81.95385000829627	90.0	4.04	59.16	30.6	80.70981093877943	370	9	90	6	116	60	90	4	58	30	1795	0	0.015624046325683594	18550	11.827315330505371	35	99.81132075471699	
81.94684281886393	90.0	4.04	59.16	30.6	80.70981093877943	371	9	90	6	116	60	90	4	58	30	1795	0	0.031248807907104492	18600	11.858564138412476	35	99.81182795698925	
81.95385000829627	90.0	4.04	59.16	30.6	80.70981093877943	372	9	90	6	116	60	90	4	58	30	1796	0	0.015624046325683594	18650	11.87418818473816	35	99.81233243967829	
81.94273307839853	90.0	4.6	75.4	39.0	80.70981093877943	373	9	90	8	174	90	90	4	58	30	1804	0	0.046871185302734375	18700	11.921059370040894	35	99.81283422459893	
81.94684281886393	90.0	4.04	59.16	30.6	80.70981093877943	374	9	90	6	116	60	90	4	58	30	1804	0	0.015624284744262695	18750	11.936683654785156	35	99.81333333333333	
81.95932567458654	90.0	4.52	73.08	37.8	80.70981093877943	375	9	90	8	174	90	90	4	58	30	1811	0	0.04687142372131348	18800	11.98355507850647	35	99.81382978723404	
81.95226406402315	90.0	4.36	68.44	35.4	80.70981093877943	376	9	90	8	174	90	90	4	58	30	1816	0	0.031247377395629883	18850	12.0148024559021	35	99.81432360742706	
81.94579092100672	90.0	4.2	63.8	33.0	80.70981093877943	377	9	90	8	174	90	90	4	58	30	1819	0	0.015625	18900	12.0304274559021	35	99.81481481481481	
81.95309007666539	90.0	4.2	63.8	33.0	80.70981093877943	378	9	90	8	174	90	90	4	58	30	1822	0	0.015623331069946289	18950	12.046050786972046	35	99.81530343007915	
81.94203414294523	90.0	4.68	77.72	40.2	80.70981093877943	379	9	90	8	174	90	90	4	58	30	1831	0	0.031249046325683594	19000	12.07729983329773	35	99.8157894736842	
81.96014031455572	90.0	4.28	66.12	34.2	80.70981093877943	380	9	90	8	174	90	90	4	58	30	1835	0	0.03124690055847168	19050	12.108546733856201	35	99.81627296587926	
81.95226406402315	90.0	4.36	68.44	35.4	80.70981093877943	381	9	90	8	174	90	90	4	58	30	1840	0	0.03124713897705078	19100	12.139793872833252	35	99.81675392670157	
81.96717676246482	90.0	4.6	75.4	39.0	80.70981093877943	382	9	90	8	174	90	90	4	58	30	1848	0	0.031249046325683594	19150	12.171042919158936	35	99.81723237597912	
81.94632760358692	90.0	4.12	61.48	31.8	80.70981093877943	383	9	90	8	174	90	90	4	58	30	1850	0	0.03125	19200	12.202292919158936	35	99.81770833333333	
81.9452314008699	90.0	4.28	66.12	34.2	80.70981093877943	384	9	90	8	174	90	90	4	58	30	1854	0	0.015622615814208984	19250	12.217915534973145	35	99.81818181818181	
81.94632760358692	90.0	4.12	61.48	31.8	80.70981093877943	385	9	90	8	174	90	90	4	58	30	1856	0	0.0312502384185791	19300	12.249165773391724	35	99.81865284974093	
81.95385000829627	90.0	4.04	59.16	30.6	80.70981093877943	386	9	90	6	116	60	90	4	58	30	1857	0	0.031249046325683594	19350	12.280414819717407	35	99.81912144702842	
81.9508809730873	90.0	4.6	75.4	39.0	80.70981093877943	387	9	90	8	174	90	90	4	58	30	1865	0	0.015619039535522461	19400	12.29603385925293	35	99.81958762886597	
81.95902886777606	90.0	4.6	75.4	39.0	80.70981093877943	388	9	90	8	174	90	90	4	58	30	1873	0	0.04687333106994629	19450	12.342907190322876	35	99.82005141388174	
81.95182352394728	90.0	4.44	70.76	36.6	80.70981093877943	389	9	90	8	174	90	90	4	58	30	1879	0	0.03124713897705078	19500	12.374154329299927	35	99.82051282051282	
81.96717676246482	90.0	4.6	75.4	39.0	80.70981093877943	390	9	90	8	174	90	90	4	58	30	1887	0	0.0156252384185791	19550	12.389779567718506	35	99.82097186700767	
81.95347779688522	90.0	4.12	61.48	31.8	80.70981093877943	391	9	90	8	174	90	90	4	58	30	1889	0	0.015622615814208984	19600	12.405402183532715	35	99.82142857142857	
81.95804940530147	90.0	4.84	82.36	42.6	80.70981093877943	392	9	90	8	174	90	90	4	58	30	1900	0	0.046880245208740234	19650	12.452282428741455	35	99.82188295165395	
81.95226406402315	90.0	4.36	68.44	35.4	80.70981093877943	393	9	90	8	174	90	90	4	58	30	1905	0	0.015614032745361328	19700	12.467896461486816	35	99.82233502538071	
81.95988057427569	90.0	4.36	68.44	35.4	80.70981093877943	394	9	90	8	174	90	90	4	58	30	1910	0	0.031249523162841797	19750	12.499145984649658	35	99.82278481012658	
81.95385000829627	90.0	4.04	59.16	30.6	80.70981093877943	395	9	90	6	116	60	90	4	58	30	1911	0	0.031247377395629883	19800	12.530393362045288	35	99.82323232323232	
81.95268585771281	90.0	4.28	66.12	34.2	80.70981093877943	396	9	90	8	174	90	90	4	58	30	1915	0	0.015623331069946289	19850	12.546016693115234	35	99.82367758186398	
81.94403775791136	90.0	4.44	70.76	36.6	80.70981093877943	397	9	90	8	174	90	90	4	58	30	1921	0	0.03124713897705078	19900	12.577263832092285	35	99.82412060301507	
81.94684281886393	90.0	4.04	59.16	30.6	80.70981093877943	398	9	90	6	116	60	90	4	58	30	1921	0	0.015624284744262695	19950	12.592888116836548	35	99.82456140350877	
81.95226406402315	90.0	4.36	68.44	35.4	80.70981093877943	399	9	90	8	174	90	90	4	58	30	1926	0	0.03124856948852539	20000	12.624136686325073	35	99.825	
81.96038923232408	90.0	4.2	63.8	33.0	80.70981093877943	400	9	90	8	174	90	90	4	58	30	1929	0	0.015624046325683594	20050	12.639760732650757	35	99.82543640897755	
81.94684281886393	90.0	4.04	59.16	30.6	80.70981093877943	401	9	90	6	116	60	90	4	58	30	1930	0	0.015623331069946289	20100	12.655384063720703	35	99.82587064676616	
81.95268585771281	90.0	4.28	66.12	34.2	80.70981093877943	402	9	90	8	174	90	90	4	58	30	1934	0	0.03124833106994629	20150	12.68663239479065	35	99.82630272952854	
81.9452314008699	90.0	4.28	66.12	34.2	80.70981093877943	403	9	90	8	174	90	90	4	58	30	1938	0	0.031247854232788086	20200	12.717880249023438	35	99.82673267326733	
81.94053143172064	90.0	4.84	82.36	42.6	80.70981093877943	404	9	90	8	174	90	90	4	58	30	1949	0	0.03124713897705078	20250	12.749127388000488	35	99.82716049382717	
81.94579092100672	90.0	4.2	63.8	33.0	80.70981093877943	405	9	90	8	174	90	90	4	58	30	1952	0	0.031248807907104492	20300	12.780376195907593	35	99.82758620689656	
81.95182352394728	90.0	4.44	70.76	36.6	80.70981093877943	406	9	90	8	174	90	90	4	58	30	1958	0	0.031248092651367188	20350	12.81162428855896	35	99.82800982800983	
81.94403775791136	90.0	4.44	70.76	36.6	80.70981093877943	407	9	90	8	174	90	90	4	58	30	1964	0	0.031248092651367188	20400	12.842872381210327	35	99.82843137254902	
81.95268585771281	90.0	4.28	66.12	34.2	80.70981093877943	408	9	90	8	174	90	90	4	58	30	1968	0	0.031247615814208984	20450	12.874119997024536	35	99.82885085574573	
81.95768943191338	90.0	4.92	84.68	43.8	80.70981093877943	409	9	90	8	174	90	90	4	58	30	1980	0	0.031247615814208984	20500	12.905367612838745	35	99.82926829268293	
81.95385000829627	90.0	4.04	59.16	30.6	80.70981093877943	410	9	90	6	116	60	90	4	58	30	1981	0	0.03124856948852539	20550	12.93661618232727	35	99.82968369829683	
81.96693717197836	90.0	4.76	80.04	41.4	80.70981093877943	411	9	90	8	174	90	90	4	58	30	1991	0	0.03124713897705078	20600	12.967863321304321	35	99.83009708737865	
81.94632760358692	90.0	4.12	61.48	31.8	80.70981093877943	412	9	90	8	174	90	90	4	58	30	1993	0	0.031247854232788086	20650	12.99911117553711	35	99.83050847457628	
81.9508809730873	90.0	4.6	75.4	39.0	80.70981093877943	413	9	90	8	174	90	90	4	58	30	2001	0	0.031247377395629883	20700	13.03035855293274	35	99.83091787439614	
81.94340024405851	90.0	4.52	73.08	37.8	80.70981093877943	414	9	90	8	174	90	90	4	58	30	2008	0	0.031247615814208984	20750	13.061606168746948	35	99.83132530120481	
81.94464755377062	90.0	4.36	68.44	35.4	80.70981093877943	415	9	90	8	174	90	90	4	58	30	2013	0	0.031247615814208984	20800	13.092853784561157	35	99.83173076923077	
81.95347779688522	90.0	4.12	61.48	31.8	80.70981093877943	416	9	90	8	174	90	90	4	58	30	2015	0	0.015624761581420898	20850	13.108478546142578	35	99.83213429256595	
81.97540171167063	90.0	4.68	77.72	40.2	80.70981093877943	417	9	90	8	174	90	90	4	58	30	2024	0	0.03124833106994629	20900	13.139726877212524	35	99.83253588516746	
81.96014031455572	90.0	4.28	66.12	34.2	80.70981093877943	418	9	90	8	174	90	90	4	58	30	2028	0	0.015624046325683594	20950	13.155350923538208	35	99.83293556085918	
81.95268585771281	90.0	4.28	66.12	34.2	80.70981093877943	419	9	90	8	174	90	90	4	58	30	2032	0	0.031247615814208984	21000	13.186598539352417	35	99.83333333333333	
81.94579092100672	90.0	4.2	63.8	33.0	80.70981093877943	420	9	90	8	174	90	90	4	58	30	2035	0	0.015623331069946289	21050	13.202221870422363	35	99.83372921615202	
81.9452314008699	90.0	4.28	66.12	34.2	80.70981093877943	421	9	90	8	174	90	90	4	58	30	2039	0	0.03124856948852539	21100	13.233470439910889	35	99.83412322274881	
81.96717676246482	90.0	4.6	75.4	39.0	80.70981093877943	422	9	90	8	174	90	90	4	58	30	2047	0	0.031246423721313477	21150	13.264716863632202	35	99.83451536643027	
81.9596092899832	90.0	4.44	70.76	36.6	80.70981093877943	423	9	90	8	174	90	90	4	58	30	2053	0	0.0156252384185791	21200	13.280342102050781	35	99.83490566037736	
81.94684281886393	90.0	4.04	59.16	30.6	80.70981093877943	424	9	90	6	116	60	90	4	58	30	2054	0	0.015623807907104492	21250	13.295965909957886	35	99.83529411764705	
81.9452314008699	90.0	4.28	66.12	34.2	80.70981093877943	425	9	90	8	174	90	90	4	58	30	2058	0	0.031247377395629883	21300	13.327213287353516	35	99.83568075117371	
81.95268585771281	90.0	4.28	66.12	34.2	80.70981093877943	426	9	90	8	174	90	90	4	58	30	2062	0	0.031247615814208984	21350	13.358460903167725	35	99.8360655737705	
81.94684281886393	90.0	4.04	59.16	30.6	80.70981093877943	427	9	90	6	116	60	90	4	58	30	2062	0	0.015623807907104492	21400	13.374084711074829	35	99.83644859813084	
81.94632760358692	90.0	4.12	61.48	31.8	80.70981093877943	428	9	90	8	174	90	90	4	58	30	2064	0	0.03124856948852539	21450	13.405333280563354	35	99.83682983682984	
81.9596092899832	90.0	4.44	70.76	36.6	80.70981093877943	429	9	90	8	174	90	90	4	58	30	2070	0	0.031247854232788086	21500	13.436581134796143	35	99.83720930232558	
81.95136295932252	90.0	4.52	73.08	37.8	80.70981093877943	430	9	90	8	174	90	90	4	58	30	2077	0	0.031247854232788086	21550	13.46782898902893	35	99.83758700696056	
81.9596092899832	90.0	4.44	70.76	36.6	80.70981093877943	431	9	90	8	174	90	90	4	58	30	2083	0	0.031249284744262695	21600	13.499078273773193	35	99.83796296296296	
81.94579092100672	90.0	4.2	63.8	33.0	80.70981093877943	432	9	90	8	174	90	90	4	58	30	2086	0	0.01562356948852539	21650	13.514701843261719	35	99.83833718244804	
81.94273307839853	90.0	4.6	75.4	39.0	80.70981093877943	433	9	90	8	174	90	90	4	58	30	2094	0	0.03124690055847168	21700	13.54594874382019	35	99.83870967741936	
81.95347779688522	90.0	4.12	61.48	31.8	80.70981093877943	434	9	90	8	174	90	90	4	58	30	2096	0	0.03124713897705078	21750	13.577195882797241	35	99.83908045977012	
81.96693717197836	90.0	4.76	80.04	41.4	80.70981093877943	435	9	90	8	174	90	90	4	58	30	2106	0	0.015624046325683594	21800	13.592819929122925	35	99.83944954128441	
81.95347779688522	90.0	4.12	61.48	31.8	80.70981093877943	436	9	90	8	174	90	90	4	58	30	2108	0	0.031247854232788086	21850	13.624067783355713	35	99.83981693363845	
81.95136295932252	90.0	4.52	73.08	37.8	80.70981093877943	437	9	90	8	174	90	90	4	58	30	2115	0	0.031247615814208984	21900	13.655315399169922	35	99.84018264840182	
81.9452314008699	90.0	4.28	66.12	34.2	80.70981093877943	438	9	90	8	174	90	90	4	58	30	2119	0	0.031247854232788086	21950	13.68656325340271	35	99.84054669703872	
81.95309007666539	90.0	4.2	63.8	33.0	80.70981093877943	439	9	90	8	174	90	90	4	58	30	2122	0	0.031249523162841797	22000	13.717812776565552	35	99.8409090909091	
81.95136295932252	90.0	4.52	73.08	37.8	80.70981093877943	440	9	90	8	174	90	90	4	58	30	2129	0	0.01562190055847168	22050	13.733434677124023	35	99.84126984126983	
81.95309007666539	90.0	4.2	63.8	33.0	80.70981093877943	441	9	90	8	174	90	90	4	58	30	2132	0	0.03124856948852539	22100	13.764683246612549	35	99.84162895927602	
81.95309007666539	90.0	4.2	63.8	33.0	80.70981093877943	442	9	90	8	174	90	90	4	58	30	2135	0	0.015624523162841797	22150	13.78030776977539	35	99.84198645598194	
81.9596092899832	90.0	4.44	70.76	36.6	80.70981093877943	443	9	90	8	174	90	90	4	58	30	2141	0	0.015623331069946289	22200	13.795931100845337	35	99.84234234234235	
81.9508809730873	90.0	4.6	75.4	39.0	80.70981093877943	444	9	90	8	174	90	90	4	58	30	2149	0	0.015623807907104492	22250	13.811554908752441	35	99.84269662921348	
81.95932567458654	90.0	4.52	73.08	37.8	80.70981093877943	445	9	90	8	174	90	90	4	58	30	2156	0	0.031247615814208984	22300	13.84280252456665	35	99.84304932735427	
81.94984646604584	90.0	4.76	80.04	41.4	80.70981093877943	446	9	90	8	174	90	90	4	58	30	2166	0	0.03124856948852539	22350	13.874051094055176	35	99.8434004474273	
81.94684281886393	90.0	4.04	59.16	30.6	80.70981093877943	447	9	90	6	116	60	90	4	58	30	2166	0	0.015623092651367188	22400	13.889674186706543	35	99.84375	
81.96038923232408	90.0	4.2	63.8	33.0	80.70981093877943	448	9	90	8	174	90	90	4	58	30	2169	0	0.03124833106994629	22450	13.92092251777649	35	99.84409799554565	
81.9452314008699	90.0	4.28	66.12	34.2	80.70981093877943	449	9	90	8	174	90	90	4	58	30	2173	0	0.04687237739562988	22500	13.96779489517212	35	99.84444444444445	
81.96693717197836	90.0	4.76	80.04	41.4	80.70981093877943	450	9	90	8	174	90	90	4	58	30	2183	0	0.031247377395629883	22550	13.999042272567749	35	99.84478935698448	
81.94464755377062	90.0	4.36	68.44	35.4	80.70981093877943	451	9	90	8	174	90	90	4	58	30	2188	0	0.015624284744262695	22600	14.014666557312012	35	99.84513274336283	
81.95902886777606	90.0	4.6	75.4	39.0	80.70981093877943	452	9	90	8	174	90	90	4	58	30	2196	0	0.031247854232788086	22650	14.0459144115448	35	99.84547461368653	
81.95136295932252	90.0	4.52	73.08	37.8	80.70981093877943	453	9	90	8	174	90	90	4	58	30	2203	0	0.04687166213989258	22700	14.092786073684692	35	99.84581497797357	
81.94632760358692	90.0	4.12	61.48	31.8	80.70981093877943	454	9	90	8	174	90	90	4	58	30	2205	0	0.015624284744262695	22750	14.108410358428955	35	99.84615384615384	
81.95182352394728	90.0	4.44	70.76	36.6	80.70981093877943	455	9	90	8	174	90	90	4	58	30	2211	0	0.031246662139892578	22800	14.139657020568848	35	99.84649122807018	
81.95385000829627	90.0	4.04	59.16	30.6	80.70981093877943	456	9	90	6	116	60	90	4	58	30	2212	0	0.03124833106994629	22850	14.170905351638794	35	99.84682713347921	
81.95839181901209	90.0	4.76	80.04	41.4	80.70981093877943	457	9	90	8	174	90	90	4	58	30	2222	0	0.03124713897705078	22900	14.202152490615845	35	99.8471615720524	
81.96014031455572	90.0	4.28	66.12	34.2	80.70981093877943	458	9	90	8	174	90	90	4	58	30	2226	0	0.031249284744262695	22950	14.233401775360107	35	99.8474945533769	
81.98321382037857	90.0	4.52	73.08	37.8	80.70981093877943	459	9	90	8	174	90	90	4	58	30	2233	0	0.031247377395629883	23000	14.264649152755737	35	99.84782608695652	
81.9452314008699	90.0	4.28	66.12	34.2	80.70981093877943	460	9	90	8	174	90	90	4	58	30	2237	0	0.015623092651367188	23050	14.280272245407104	35	99.84815618221258	
81.94684281886393	90.0	4.04	59.16	30.6	80.70981093877943	461	9	90	6	116	60	90	4	58	30	2238	0	0.046872854232788086	23100	14.327145099639893	35	99.84848484848484	
81.95347779688522	90.0	4.12	61.48	31.8	80.70981093877943	462	9	90	8	174	90	90	4	58	30	2240	0	0.031247854232788086	23150	14.35839295387268	35	99.8488120950324	
81.95268585771281	90.0	4.28	66.12	34.2	80.70981093877943	463	9	90	8	174	90	90	4	58	30	2244	0	0.031246662139892578	23200	14.389639616012573	35	99.84913793103448	
81.95268585771281	90.0	4.28	66.12	34.2	80.70981093877943	464	9	90	8	174	90	90	4	58	30	2248	0	0.015627145767211914	23250	14.405266761779785	35	99.84946236559139	
81.95347779688522	90.0	4.12	61.48	31.8	80.70981093877943	465	9	90	8	174	90	90	4	58	30	2250	0	0.031245946884155273	23300	14.43651270866394	35	99.84978540772532	
81.94273307839853	90.0	4.6	75.4	39.0	80.70981093877943	466	9	90	8	174	90	90	4	58	30	2258	0	0.031246662139892578	23350	14.467759370803833	35	99.85010706638116	
81.95268585771281	90.0	4.28	66.12	34.2	80.70981093877943	467	9	90	8	174	90	90	4	58	30	2262	0	0.031248807907104492	23400	14.499008178710938	35	99.85042735042735	
81.95309007666539	90.0	4.2	63.8	33.0	80.70981093877943	468	9	90	8	174	90	90	4	58	30	2265	0	0.01562356948852539	23450	14.514631748199463	35	99.85074626865672	
81.95347779688522	90.0	4.12	61.48	31.8	80.70981093877943	469	9	90	8	174	90	90	4	58	30	2267	0	0.015624046325683594	23500	14.530255794525146	35	99.85106382978724	
81.95385000829627	90.0	4.04	59.16	30.6	80.70981093877943	470	9	90	6	116	60	90	4	58	30	2268	0	0.031249046325683594	23550	14.56150484085083	35	99.85138004246285	
81.98347255184233	90.0	4.6	75.4	39.0	80.70981093877943	471	9	90	8	174	90	90	4	58	30	2276	0	0.031246662139892578	23600	14.592751502990723	35	99.85169491525424	
81.94684281886393	90.0	4.04	59.16	30.6	80.70981093877943	472	9	90	6	116	60	90	4	58	30	2276	0	0.015624284744262695	23650	14.608375787734985	35	99.85200845665962	
81.95839181901209	90.0	4.76	80.04	41.4	80.70981093877943	473	9	90	8	174	90	90	4	58	30	2286	0	0.031247615814208984	23700	14.639623403549194	35	99.85232067510549	
81.95309007666539	90.0	4.2	63.8	33.0	80.70981093877943	474	9	90	8	174	90	90	4	58	30	2289	0	0.015624046325683594	23750	14.655247449874878	35	99.85263157894737	
81.96717676246482	90.0	4.6	75.4	39.0	80.70981093877943	475	9	90	8	174	90	90	4	58	30	2297	0	0.046872615814208984	23800	14.702120065689087	35	99.8529411764706	
81.94203414294523	90.0	4.68	77.72	40.2	80.70981093877943	476	9	90	8	174	90	90	4	58	30	2306	0	0.031247615814208984	23850	14.733367681503296	35	99.85324947589099	
81.95182352394728	90.0	4.44	70.76	36.6	80.70981093877943	477	9	90	8	174	90	90	4	58	30	2312	0	0.04687070846557617	23900	14.780238389968872	35	99.85355648535565	
81.95385000829627	90.0	4.04	59.16	30.6	80.70981093877943	478	9	90	6	116	60	90	4	58	30	2313	0	0.031247615814208984	23950	14.811486005783081	35	99.85386221294364	
81.95988057427569	90.0	4.36	68.44	35.4	80.70981093877943	479	9	90	8	174	90	90	4	58	30	2318	0	0.046872854232788086	24000	14.85835886001587	35	99.85416666666667	
81.95309007666539	90.0	4.2	63.8	33.0	80.70981093877943	480	9	90	8	174	90	90	4	58	30	2321	0	0.03124833106994629	24050	14.889607191085815	35	99.85446985446985	
81.9452314008699	90.0	4.28	66.12	34.2	80.70981093877943	481	9	90	8	174	90	90	4	58	30	2325	0	0.04687094688415527	24100	14.93647813796997	35	99.85477178423237	
81.94579092100672	90.0	4.2	63.8	33.0	80.70981093877943	482	9	90	8	174	90	90	4	58	30	2328	0	0.015623807907104492	24150	14.952101945877075	35	99.85507246376811	
81.94684281886393	90.0	4.04	59.16	30.6	80.70981093877943	483	9	90	6	116	60	90	4	58	30	2329	0	0.015623807907104492	24200	14.96772575378418	35	99.85537190082644	
81.9452314008699	90.0	4.28	66.12	34.2	80.70981093877943	484	9	90	8	174	90	90	4	58	30	2333	0	0.03124856948852539	24250	14.998974323272705	35	99.85567010309278	
81.95268585771281	90.0	4.28	66.12	34.2	80.70981093877943	485	9	90	8	174	90	90	4	58	30	2337	0	0.03124856948852539	24300	15.03022289276123	35	99.8559670781893	
81.94632760358692	90.0	4.12	61.48	31.8	80.70981093877943	486	9	90	8	174	90	90	4	58	30	2339	0	0.031246662139892578	24350	15.061469554901123	35	99.85626283367556	
81.95136295932252	90.0	4.52	73.08	37.8	80.70981093877943	487	9	90	8	174	90	90	4	58	30	2346	0	0.031248092651367188	24400	15.09271764755249	35	99.85655737704919	
81.9452314008699	90.0	4.28	66.12	34.2	80.70981093877943	488	9	90	8	174	90	90	4	58	30	2350	0	0.031247377395629883	24450	15.12396502494812	35	99.85685071574642	
81.94579092100672	90.0	4.2	63.8	33.0	80.70981093877943	489	9	90	8	174	90	90	4	58	30	2353	0	0.031248807907104492	24500	15.155213832855225	35	99.85714285714286	
81.9596092899832	90.0	4.44	70.76	36.6	80.70981093877943	490	9	90	8	174	90	90	4	58	30	2359	0	0.03124690055847168	24550	15.186460733413696	35	99.85743380855398	
81.95268585771281	90.0	4.28	66.12	34.2	80.70981093877943	491	9	90	8	174	90	90	4	58	30	2363	0	0.015623807907104492	24600	15.2020845413208	35	99.85772357723577	
81.95182352394728	90.0	4.44	70.76	36.6	80.70981093877943	492	9	90	8	174	90	90	4	58	30	2369	0	0.031248807907104492	24650	15.233333349227905	35	99.8580121703854	
81.96038923232408	90.0	4.2	63.8	33.0	80.70981093877943	493	9	90	8	174	90	90	4	58	30	2372	0	0.031247615814208984	24700	15.264580965042114	35	99.8582995951417	
81.94684281886393	90.0	4.04	59.16	30.6	80.70981093877943	494	9	90	6	116	60	90	4	58	30	2373	0	0.031247615814208984	24750	15.295828580856323	35	99.85858585858585	
81.95182352394728	90.0	4.44	70.76	36.6	80.70981093877943	495	9	90	8	174	90	90	4	58	30	2379	0	0.031247854232788086	24800	15.327076435089111	35	99.85887096774194	
81.95037603512658	90.0	4.68	77.72	40.2	80.70981093877943	496	9	90	8	174	90	90	4	58	30	2388	0	0.031249284744262695	24850	15.358325719833374	35	99.85915492957747	
81.9452314008699	90.0	4.28	66.12	34.2	80.70981093877943	497	9	90	8	174	90	90	4	58	30	2392	0	0.031247377395629883	24900	15.389573097229004	35	99.85943775100401	
81.95182352394728	90.0	4.44	70.76	36.6	80.70981093877943	498	9	90	8	174	90	90	4	58	30	2398	0	0.031246185302734375	24950	15.420819282531738	35	99.85971943887776	
81.97548252494462	90.0	4.76	80.04	41.4	80.70981093877943	499	9	90	8	174	90	90	4	58	30	2408	0	0.031247615814208984	25000	15.452066898345947	35	99.86	
81.94684281886393	90.0	4.04	59.16	30.6	80.70981093877943	500	9	90	6	116	60	90	4	58	30	2409	0	0.015624761581420898	25050	15.467691659927368	35	99.86027944111777	
81.94684281886393	90.0	4.04	59.16	30.6	80.70981093877943	501	9	90	6	116	60	90	4	58	30	2410	0	0.031247615814208984	25100	15.498939275741577	35	99.86055776892431	
81.94579092100672	90.0	4.2	63.8	33.0	80.70981093877943	502	9	90	8	174	90	90	4	58	30	2413	0	0.031247854232788086	25150	15.530187129974365	35	99.86083499005964	
81.94684281886393	90.0	4.04	59.16	30.6	80.70981093877943	503	9	90	6	116	60	90	4	58	30	2413	0	0.015623807907104492	25200	15.54581093788147	35	99.86111111111111	
81.96014031455572	90.0	4.28	66.12	34.2	80.70981093877943	504	9	90	8	174	90	90	4	58	30	2417	0	0.015624523162841797	25250	15.561435461044312	35	99.86138613861387	
81.9452314008699	90.0	4.28	66.12	34.2	80.70981093877943	505	9	90	8	174	90	90	4	58	30	2421	0	0.031247854232788086	25300	15.5926833152771	35	99.86166007905139	
81.96014031455572	90.0	4.28	66.12	34.2	80.70981093877943	506	9	90	8	174	90	90	4	58	30	2425	0	0.015623092651367188	25350	15.608306407928467	35	99.86193293885601	
81.95347779688522	90.0	4.12	61.48	31.8	80.70981093877943	507	9	90	8	174	90	90	4	58	30	2427	0	0.031247854232788086	25400	15.639554262161255	35	99.86220472440945	
81.96038923232408	90.0	4.2	63.8	33.0	80.70981093877943	508	9	90	8	174	90	90	4	58	30	2430	0	0.031247854232788086	25450	15.670802116394043	35	99.86247544204322	
81.94632760358692	90.0	4.12	61.48	31.8	80.70981093877943	509	9	90	8	174	90	90	4	58	30	2432	0	0.015623807907104492	25500	15.686425924301147	35	99.86274509803921	
81.95182352394728	90.0	4.44	70.76	36.6	80.70981093877943	510	9	90	8	174	90	90	4	58	30	2438	0	0.04687213897705078	25550	15.733298063278198	35	99.86301369863014	
81.95804940530147	90.0	4.84	82.36	42.6	80.70981093877943	511	9	90	8	174	90	90	4	58	30	2449	0	0.04687237739562988	25600	15.780170440673828	35	99.86328125	
81.94403775791136	90.0	4.44	70.76	36.6	80.70981093877943	512	9	90	8	174	90	90	4	58	30	2455	0	0.031247854232788086	25650	15.811418294906616	35	99.8635477582846	
81.95226406402315	90.0	4.36	68.44	35.4	80.70981093877943	513	9	90	8	174	90	90	4	58	30	2460	0	0.015623807907104492	25700	15.82704210281372	35	99.86381322957199	
81.95136295932252	90.0	4.52	73.08	37.8	80.70981093877943	514	9	90	8	174	90	90	4	58	30	2467	0	0.031247615814208984	25750	15.85828971862793	35	99.86407766990291	
81.95988057427569	90.0	4.36	68.44	35.4	80.70981093877943	515	9	90	8	174	90	90	4	58	30	2472	0	0.031248092651367188	25800	15.889537811279297	35	99.86434108527132	
81.94632760358692	90.0	4.12	61.48	31.8	80.70981093877943	516	9	90	8	174	90	90	4	58	30	2474	0	0.03124713897705078	25850	15.920784950256348	35	99.86460348162475	
81.94579092100672	90.0	4.2	63.8	33.0	80.70981093877943	517	9	90	8	174	90	90	4	58	30	2477	0	0.03124856948852539	25900	15.952033519744873	35	99.86486486486487	
81.94929041851105	90.0	4.84	82.36	42.6	80.70981093877943	518	9	90	8	174	90	90	4	58	30	2488	0	0.031248092651367188	25950	15.98328161239624	35	99.86512524084779	
81.9596092899832	90.0	4.44	70.76	36.6	80.70981093877943	519	9	90	8	174	90	90	4	58	30	2494	0	0.031247377395629883	26000	16.01452898979187	35	99.86538461538461	
81.95182352394728	90.0	4.44	70.76	36.6	80.70981093877943	520	9	90	8	174	90	90	4	58	30	2500	0	0.031248092651367188	26050	16.045777082443237	35	99.86564299424184	
81.9452314008699	90.0	4.28	66.12	34.2	80.70981093877943	521	9	90	8	174	90	90	4	58	30	2504	0	0.031248092651367188	26100	16.077025175094604	35	99.86590038314176	
81.95902886777606	90.0	4.6	75.4	39.0	80.70981093877943	522	9	90	8	174	90	90	4	58	30	2512	0	0.031247854232788086	26150	16.108273029327393	35	99.8661567877629	
81.94579092100672	90.0	4.2	63.8	33.0	80.70981093877943	523	9	90	8	174	90	90	4	58	30	2515	0	0.015623331069946289	26200	16.12389636039734	35	99.86641221374046	
81.95871792730793	90.0	4.68	77.72	40.2	80.70981093877943	524	9	90	8	174	90	90	4	58	30	2524	0	0.046872615814208984	26250	16.170768976211548	35	99.86666666666666	
81.94684281886393	90.0	4.04	59.16	30.6	80.70981093877943	525	9	90	6	116	60	90	4	58	30	2524	0	0.01562356948852539	26300	16.186392545700073	35	99.86692015209125	
81.94340024405851	90.0	4.52	73.08	37.8	80.70981093877943	526	9	90	8	174	90	90	4	58	30	2531	0	0.031249284744262695	26350	16.217641830444336	35	99.86717267552183	
81.9452314008699	90.0	4.28	66.12	34.2	80.70981093877943	527	9	90	8	174	90	90	4	58	30	2535	0	0.03124690055847168	26400	16.248888731002808	35	99.86742424242425	
81.96693717197836	90.0	4.76	80.04	41.4	80.70981093877943	528	9	90	8	174	90	90	4	58	30	2545	0	0.04687023162841797	26450	16.295758962631226	35	99.86767485822307	
81.95136295932252	90.0	4.52	73.08	37.8	80.70981093877943	529	9	90	8	174	90	90	4	58	30	2552	0	0.015625	26500	16.311383962631226	35	99.86792452830188	
81.97565658430398	90.0	4.92	84.68	43.8	80.70981093877943	530	9	90	8	174	90	90	4	58	30	2564	0	0.03125429153442383	26550	16.34263825416565	35	99.86817325800376	
81.95136295932252	90.0	4.52	73.08	37.8	80.70981093877943	531	9	90	8	174	90	90	4	58	30	2571	0	0.031244993209838867	26600	16.37388324737549	35	99.86842105263158	
81.94340024405851	90.0	4.52	73.08	37.8	80.70981093877943	532	9	90	8	174	90	90	4	58	30	2578	0	0.01562190055847168	26650	16.38950514793396	35	99.8686679174484	
81.9596092899832	90.0	4.44	70.76	36.6	80.70981093877943	533	9	90	8	174	90	90	4	58	30	2584	0	0.015624046325683594	26700	16.405129194259644	35	99.8689138576779	
81.94464755377062	90.0	4.36	68.44	35.4	80.70981093877943	534	9	90	8	174	90	90	4	58	30	2589	0	0.031248807907104492	26750	16.436378002166748	35	99.86915887850468	
81.9596092899832	90.0	4.44	70.76	36.6	80.70981093877943	535	9	90	8	174	90	90	4	58	30	2595	0	0.015623092651367188	26800	16.452001094818115	35	99.86940298507463	
81.95268585771281	90.0	4.28	66.12	34.2	80.70981093877943	536	9	90	8	174	90	90	4	58	30	2599	0	0.015622854232788086	26850	16.467623949050903	35	99.86964618249534	
81.95136295932252	90.0	4.52	73.08	37.8	80.70981093877943	537	9	90	8	174	90	90	4	58	30	2606	0	0.03124833106994629	26900	16.49887228012085	35	99.86988847583643	
81.94870585571809	90.0	4.92	84.68	43.8	80.70981093877943	538	9	90	8	174	90	90	4	58	30	2618	0	0.03124856948852539	26950	16.530120849609375	35	99.87012987012987	
81.94684281886393	90.0	4.04	59.16	30.6	80.70981093877943	539	9	90	6	116	60	90	4	58	30	2619	0	0.031247854232788086	27000	16.561368703842163	35	99.87037037037037	
81.94684281886393	90.0	4.04	59.16	30.6	80.70981093877943	540	9	90	6	116	60	90	4	58	30	2620	0	0.031245708465576172	27050	16.59261441230774	35	99.87060998151571	
81.95804940530147	90.0	4.84	82.36	42.6	80.70981093877943	541	9	90	8	174	90	90	4	58	30	2631	0	0.03124856948852539	27100	16.623862981796265	35	99.87084870848709	
81.94684281886393	90.0	4.04	59.16	30.6	80.70981093877943	542	9	90	6	116	60	90	4	58	30	2632	0	0.015623807907104492	27150	16.63948678970337	35	99.87108655616943	
81.94684281886393	90.0	4.04	59.16	30.6	80.70981093877943	543	9	90	6	116	60	90	4	58	30	2632	0	0.031247854232788086	27200	16.670734643936157	35	99.87132352941177	
81.9596092899832	90.0	4.44	70.76	36.6	80.70981093877943	544	9	90	8	174	90	90	4	58	30	2638	0	0.015623331069946289	27250	16.686357975006104	35	99.87155963302752	
81.94684281886393	90.0	4.04	59.16	30.6	80.70981093877943	545	9	90	6	116	60	90	4	58	30	2639	0	0.03124856948852539	27300	16.71760654449463	35	99.87179487179488	
81.96014031455572	90.0	4.28	66.12	34.2	80.70981093877943	546	9	90	8	174	90	90	4	58	30	2643	0	0.015623331069946289	27350	16.733229875564575	35	99.87202925045703	
81.94684281886393	90.0	4.04	59.16	30.6	80.70981093877943	547	9	90	6	116	60	90	4	58	30	2643	0	0.031248092651367188	27400	16.764477968215942	35	99.87226277372262	
81.94579092100672	90.0	4.2	63.8	33.0	80.70981093877943	548	9	90	8	174	90	90	4	58	30	2646	0	0.03124833106994629	27450	16.79572629928589	35	99.87249544626594	
81.95136295932252	90.0	4.52	73.08	37.8	80.70981093877943	549	9	90	8	174	90	90	4	58	30	2653	0	0.031247615814208984	27500	16.826973915100098	35	99.87272727272727	
81.94340024405851	90.0	4.52	73.08	37.8	80.70981093877943	550	9	90	8	174	90	90	4	58	30	2660	0	0.031247377395629883	27550	16.858221292495728	35	99.87295825771325	
81.95268585771281	90.0	4.28	66.12	34.2	80.70981093877943	551	9	90	8	174	90	90	4	58	30	2664	0	0.046872854232788086	27600	16.905094146728516	35	99.8731884057971	
81.95932567458654	90.0	4.52	73.08	37.8	80.70981093877943	552	9	90	8	174	90	90	4	58	30	2671	0	0.015623807907104492	27650	16.92071795463562	35	99.87341772151899	
81.9508809730873	90.0	4.6	75.4	39.0	80.70981093877943	553	9	90	8	174	90	90	4	58	30	2679	0	0.015623807907104492	27700	16.936341762542725	35	99.87364620938628	
81.94632760358692	90.0	4.12	61.48	31.8	80.70981093877943	554	9	90	8	174	90	90	4	58	30	2681	0	0.031247854232788086	27750	16.967589616775513	35	99.87387387387388	
81.96705981948928	90.0	4.68	77.72	40.2	80.70981093877943	555	9	90	8	174	90	90	4	58	30	2690	0	0.015624284744262695	27800	16.983213901519775	35	99.87410071942446	
81.94579092100672	90.0	4.2	63.8	33.0	80.70981093877943	556	9	90	8	174	90	90	4	58	30	2693	0	0.031245946884155273	27850	17.01445984840393	35	99.87432675044883	
81.95226406402315	90.0	4.36	68.44	35.4	80.70981093877943	557	9	90	8	174	90	90	4	58	30	2698	0	0.03124833106994629	27900	17.045708179473877	35	99.87455197132617	
81.9596092899832	90.0	4.44	70.76	36.6	80.70981093877943	558	9	90	8	174	90	90	4	58	30	2704	0	0.031248092651367188	27950	17.076956272125244	35	99.87477638640429	
81.95136295932252	90.0	4.52	73.08	37.8	80.70981093877943	559	9	90	8	174	90	90	4	58	30	2711	0	0.03124833106994629	28000	17.10820460319519	35	99.875	
81.95226406402315	90.0	4.36	68.44	35.4	80.70981093877943	560	9	90	8	174	90	90	4	58	30	2716	0	0.031248092651367188	28050	17.139452695846558	35	99.87522281639929	
81.95932567458654	90.0	4.52	73.08	37.8	80.70981093877943	561	9	90	8	174	90	90	4	58	30	2723	0	0.015624284744262695	28100	17.15507698059082	35	99.87544483985765	
81.94579092100672	90.0	4.2	63.8	33.0	80.70981093877943	562	9	90	8	174	90	90	4	58	30	2726	0	0.015623331069946289	28150	17.170700311660767	35	99.87566607460036	
81.95871792730793	90.0	4.68	77.72	40.2	80.70981093877943	563	9	90	8	174	90	90	4	58	30	2735	0	0.03124833106994629	28200	17.201948642730713	35	99.87588652482269	
81.95902886777606	90.0	4.6	75.4	39.0	80.70981093877943	564	9	90	8	174	90	90	4	58	30	2743	0	0.03124833106994629	28250	17.23319697380066	35	99.87610619469027	
81.95839181901209	90.0	4.76	80.04	41.4	80.70981093877943	565	9	90	8	174	90	90	4	58	30	2753	0	0.031247377395629883	28300	17.26444435119629	35	99.87632508833923	
81.95309007666539	90.0	4.2	63.8	33.0	80.70981093877943	566	9	90	8	174	90	90	4	58	30	2756	0	0.031247615814208984	28350	17.295691967010498	35	99.87654320987654	
81.96038923232408	90.0	4.2	63.8	33.0	80.70981093877943	567	9	90	8	174	90	90	4	58	30	2759	0	0.031247377395629883	28400	17.326939344406128	35	99.87676056338029	
81.98374360385198	90.0	4.68	77.72	40.2	80.70981093877943	568	9	90	8	174	90	90	4	58	30	2768	0	0.015623807907104492	28450	17.342563152313232	35	99.87697715289983	
81.95988057427569	90.0	4.36	68.44	35.4	80.70981093877943	569	9	90	8	174	90	90	4	58	30	2773	0	0.03124833106994629	28500	17.37381148338318	35	99.87719298245614	
81.94579092100672	90.0	4.2	63.8	33.0	80.70981093877943	570	9	90	8	174	90	90	4	58	30	2776	0	0.03124833106994629	28550	17.405059814453125	35	99.87740805604203	
81.96062799018353	90.0	4.12	61.48	31.8	80.70981093877943	571	9	90	8	174	90	90	4	58	30	2778	0	0.031247615814208984	28600	17.436307430267334	35	99.87762237762237	
81.95347779688522	90.0	4.12	61.48	31.8	80.70981093877943	572	9	90	8	174	90	90	4	58	30	2780	0	0.031248092651367188	28650	17.4675555229187	35	99.87783595113439	
81.94579092100672	90.0	4.2	63.8	33.0	80.70981093877943	573	9	90	8	174	90	90	4	58	30	2783	0	0.03124833106994629	28700	17.498803853988647	35	99.8780487804878	
81.95932567458654	90.0	4.52	73.08	37.8	80.70981093877943	574	9	90	8	174	90	90	4	58	30	2790	0	0.015623331069946289	28750	17.514427185058594	35	99.87826086956522	
81.95839181901209	90.0	4.76	80.04	41.4	80.70981093877943	575	9	90	8	174	90	90	4	58	30	2800	0	0.031247377395629883	28800	17.545674562454224	35	99.87847222222223	
81.94632760358692	90.0	4.12	61.48	31.8	80.70981093877943	576	9	90	8	174	90	90	4	58	30	2802	0	0.031247615814208984	28850	17.576922178268433	35	99.87868284228769	
81.94684281886393	90.0	4.04	59.16	30.6	80.70981093877943	577	9	90	6	116	60	90	4	58	30	2802	0	0.03124833106994629	28900	17.60817050933838	35	99.87889273356402	
81.95182352394728	90.0	4.44	70.76	36.6	80.70981093877943	578	9	90	8	174	90	90	4	58	30	2808	0	0.015624046325683594	28950	17.623794555664062	35	99.87910189982729	
81.95932567458654	90.0	4.52	73.08	37.8	80.70981093877943	579	9	90	8	174	90	90	4	58	30	2815	0	0.031248092651367188	29000	17.65504264831543	35	99.87931034482759	
81.95932567458654	90.0	4.52	73.08	37.8	80.70981093877943	580	9	90	8	174	90	90	4	58	30	2822	0	0.031247854232788086	29050	17.686290502548218	35	99.87951807228916	
81.9596092899832	90.0	4.44	70.76	36.6	80.70981093877943	581	9	90	8	174	90	90	4	58	30	2828	0	0.015623331069946289	29100	17.701913833618164	35	99.87972508591065	
81.96728838985054	90.0	4.52	73.08	37.8	80.70981093877943	582	9	90	8	174	90	90	4	58	30	2835	0	0.01562356948852539	29150	17.71753740310669	35	99.87993138936535	
81.96038923232408	90.0	4.2	63.8	33.0	80.70981093877943	583	9	90	8	174	90	90	4	58	30	2838	0	0.04687190055847168	29200	17.76440930366516	35	99.88013698630137	
81.95226406402315	90.0	4.36	68.44	35.4	80.70981093877943	584	9	90	8	174	90	90	4	58	30	2843	0	0.031249046325683594	29250	17.795658349990845	35	99.88034188034187	
81.94579092100672	90.0	4.2	63.8	33.0	80.70981093877943	585	9	90	8	174	90	90	4	58	30	2846	0	0.015622615814208984	29300	17.811280965805054	35	99.88054607508532	
81.94684281886393	90.0	4.04	59.16	30.6	80.70981093877943	586	9	90	6	116	60	90	4	58	30	2847	0	0.031249046325683594	29350	17.842530012130737	35	99.88074957410562	
81.94684281886393	90.0	4.04	59.16	30.6	80.70981093877943	587	9	90	6	116	60	90	4	58	30	2848	0	0.03124713897705078	29400	17.873777151107788	35	99.88095238095238	
81.94464755377062	90.0	4.36	68.44	35.4	80.70981093877943	588	9	90	8	174	90	90	4	58	30	2853	0	0.031247377395629883	29450	17.905024528503418	35	99.88115449915111	
81.94464755377062	90.0	4.36	68.44	35.4	80.70981093877943	589	9	90	8	174	90	90	4	58	30	2858	0	0.031247854232788086	29500	17.936272382736206	35	99.88135593220339	
81.96749708452822	90.0	4.36	68.44	35.4	80.70981093877943	590	9	90	8	174	90	90	4	58	30	2863	0	0.03124833106994629	29550	17.967520713806152	35	99.88155668358714	
81.95268585771281	90.0	4.28	66.12	34.2	80.70981093877943	591	9	90	8	174	90	90	4	58	30	2867	0	0.015623331069946289	29600	17.9831440448761	35	99.88175675675676	
81.95309007666539	90.0	4.2	63.8	33.0	80.70981093877943	592	9	90	8	174	90	90	4	58	30	2870	0	0.031248092651367188	29650	18.014392137527466	35	99.88195615514334	
81.95347779688522	90.0	4.12	61.48	31.8	80.70981093877943	593	9	90	8	174	90	90	4	58	30	2872	0	0.01562356948852539	29700	18.03001570701599	35	99.88215488215488	
81.96680839209189	90.0	4.84	82.36	42.6	80.70981093877943	594	9	90	8	174	90	90	4	58	30	2883	0	0.046872854232788086	29750	18.07688856124878	35	99.88235294117646	
81.95347779688522	90.0	4.12	61.48	31.8	80.70981093877943	595	9	90	8	174	90	90	4	58	30	2885	0	0.03124713897705078	29800	18.10813570022583	35	99.88255033557047	
81.9596092899832	90.0	4.44	70.76	36.6	80.70981093877943	596	9	90	8	174	90	90	4	58	30	2891	0	0.031248092651367188	29850	18.139383792877197	35	99.88274706867672	
81.94684281886393	90.0	4.04	59.16	30.6	80.70981093877943	597	9	90	6	116	60	90	4	58	30	2891	0	0.031248092651367188	29900	18.170631885528564	35	99.88294314381271	
81.9508809730873	90.0	4.6	75.4	39.0	80.70981093877943	598	9	90	8	174	90	90	4	58	30	2899	0	0.03124856948852539	29950	18.20188045501709	35	99.88313856427379	
81.95988057427569	90.0	4.36	68.44	35.4	80.70981093877943	599	9	90	8	174	90	90	4	58	30	2904	0	0.031247854232788086	30000	18.233128309249878	35	99.88333333333334	
81.9508809730873	90.0	4.6	75.4	39.0	80.70981093877943	600	9	90	8	174	90	90	4	58	30	2912	0	0.031246662139892578	30050	18.26437497138977	35	99.88352745424292	
81.94684281886393	90.0	4.04	59.16	30.6	80.70981093877943	601	9	90	6	116	60	90	4	58	30	2912	0	0.015624523162841797	30100	18.279999494552612	35	99.88372093023256	
81.95385000829627	90.0	4.04	59.16	30.6	80.70981093877943	602	9	90	6	116	60	90	4	58	30	2913	0	0.031248092651367188	30150	18.31124758720398	35	99.88391376451078	
81.95768943191338	90.0	4.92	84.68	43.8	80.70981093877943	603	9	90	8	174	90	90	4	58	30	2925	0	0.031248807907104492	30200	18.342496395111084	35	99.8841059602649	
81.96728838985054	90.0	4.52	73.08	37.8	80.70981093877943	604	9	90	8	174	90	90	4	58	30	2932	0	0.015624523162841797	30250	18.358120918273926	35	99.88429752066116	
81.95182352394728	90.0	4.44	70.76	36.6	80.70981093877943	605	9	90	8	174	90	90	4	58	30	2938	0	0.031247377395629883	30300	18.389368295669556	35	99.88448844884489	
81.94632760358692	90.0	4.12	61.48	31.8	80.70981093877943	606	9	90	8	174	90	90	4	58	30	2940	0	0.031249284744262695	30350	18.42061758041382	35	99.8846787479407	
81.95988057427569	90.0	4.36	68.44	35.4	80.70981093877943	607	9	90	8	174	90	90	4	58	30	2945	0	0.031244516372680664	30400	18.4518620967865	35	99.88486842105263	
81.95136295932252	90.0	4.52	73.08	37.8	80.70981093877943	608	9	90	8	174	90	90	4	58	30	2952	0	0.0312497615814209	30450	18.48311185836792	35	99.88505747126437	
81.96728838985054	90.0	4.52	73.08	37.8	80.70981093877943	609	9	90	8	174	90	90	4	58	30	2959	0	0.031247615814208984	30500	18.51435947418213	35	99.88524590163935	
81.9452314008699	90.0	4.28	66.12	34.2	80.70981093877943	610	9	90	8	174	90	90	4	58	30	2963	0	0.03124690055847168	30550	18.5456063747406	35	99.88543371522096	
81.98402787791088	90.0	4.76	80.04	41.4	80.70981093877943	611	9	90	8	174	90	90	4	58	30	2973	0	0.031249046325683594	30600	18.576855421066284	35	99.88562091503267	
81.95309007666539	90.0	4.2	63.8	33.0	80.70981093877943	612	9	90	8	174	90	90	4	58	30	2976	0	0.031246185302734375	30650	18.60810160636902	35	99.8858075040783	
81.94464755377062	90.0	4.36	68.44	35.4	80.70981093877943	613	9	90	8	174	90	90	4	58	30	2981	0	0.031247615814208984	30700	18.639349222183228	35	99.88599348534201	
81.94684281886393	90.0	4.04	59.16	30.6	80.70981093877943	614	9	90	6	116	60	90	4	58	30	2982	0	0.015624523162841797	30750	18.65497374534607	35	99.88617886178862	
81.95347779688522	90.0	4.12	61.48	31.8	80.70981093877943	615	9	90	8	174	90	90	4	58	30	2984	0	0.031249046325683594	30800	18.686222791671753	35	99.88636363636364	
81.96739505601914	90.0	4.44	70.76	36.6	80.70981093877943	616	9	90	8	174	90	90	4	58	30	2990	0	0.031247854232788086	30850	18.71747064590454	35	99.88654781199352	
81.94632760358692	90.0	4.12	61.48	31.8	80.70981093877943	617	9	90	8	174	90	90	4	58	30	2992	0	0.031247615814208984	30900	18.74871826171875	35	99.88673139158576	
81.98402787791088	90.0	4.76	80.04	41.4	80.70981093877943	618	9	90	8	174	90	90	4	58	30	3002	0	0.015624046325683594	30950	18.764342308044434	35	99.88691437802908	
81.94579092100672	90.0	4.2	63.8	33.0	80.70981093877943	619	9	90	8	174	90	90	4	58	30	3005	0	0.015625	31000	18.779967308044434	35	99.88709677419355	
81.95037603512658	90.0	4.68	77.72	40.2	80.70981093877943	620	9	90	8	174	90	90	4	58	30	3014	0	0.031247854232788086	31050	18.81121516227722	35	99.88727858293076	
81.9596092899832	90.0	4.44	70.76	36.6	80.70981093877943	621	9	90	8	174	90	90	4	58	30	3020	0	0.031246423721313477	31100	18.842461585998535	35	99.88745980707395	
81.95871792730793	90.0	4.68	77.72	40.2	80.70981093877943	622	9	90	8	174	90	90	4	58	30	3029	0	0.031249046325683594	31150	18.87371063232422	35	99.88764044943821	
81.9508809730873	90.0	4.6	75.4	39.0	80.70981093877943	623	9	90	8	174	90	90	4	58	30	3037	0	0.04687166213989258	31200	18.92058229446411	35	99.88782051282051	
81.96705981948928	90.0	4.68	77.72	40.2	80.70981093877943	624	9	90	8	174	90	90	4	58	30	3046	0	0.03124713897705078	31250	18.951829433441162	35	99.888	
81.95988057427569	90.0	4.36	68.44	35.4	80.70981093877943	625	9	90	8	174	90	90	4	58	30	3051	0	0.01562356948852539	31300	18.967453002929688	35	99.88817891373802	
81.95988057427569	90.0	4.36	68.44	35.4	80.70981093877943	626	9	90	8	174	90	90	4	58	30	3056	0	0.03124856948852539	31350	18.998701572418213	35	99.8883572567783	
81.94340024405851	90.0	4.52	73.08	37.8	80.70981093877943	627	9	90	8	174	90	90	4	58	30	3063	0	0.03124690055847168	31400	19.029948472976685	35	99.88853503184713	
81.95932567458654	90.0	4.52	73.08	37.8	80.70981093877943	628	9	90	8	174	90	90	4	58	30	3070	0	0.03124856948852539	31450	19.06119704246521	35	99.88871224165342	
81.95226406402315	90.0	4.36	68.44	35.4	80.70981093877943	629	9	90	8	174	90	90	4	58	30	3075	0	0.031246662139892578	31500	19.092443704605103	35	99.88888888888889	
81.95136295932252	90.0	4.52	73.08	37.8	80.70981093877943	630	9	90	8	174	90	90	4	58	30	3082	0	0.03124856948852539	31550	19.123692274093628	35	99.88906497622821	
81.95988057427569	90.0	4.36	68.44	35.4	80.70981093877943	631	9	90	8	174	90	90	4	58	30	3087	0	0.031247854232788086	31600	19.154940128326416	35	99.88924050632912	
81.94579092100672	90.0	4.2	63.8	33.0	80.70981093877943	632	9	90	8	174	90	90	4	58	30	3090	0	0.031247854232788086	31650	19.186187982559204	35	99.88941548183254	
81.95136295932252	90.0	4.52	73.08	37.8	80.70981093877943	633	9	90	8	174	90	90	4	58	30	3097	0	0.015623807907104492	31700	19.20181179046631	35	99.88958990536278	
81.95182352394728	90.0	4.44	70.76	36.6	80.70981093877943	634	9	90	8	174	90	90	4	58	30	3103	0	0.015624523162841797	31750	19.21743631362915	35	99.88976377952756	
81.95182352394728	90.0	4.44	70.76	36.6	80.70981093877943	635	9	90	8	174	90	90	4	58	30	3109	0	0.031247854232788086	31800	19.24868416786194	35	99.88993710691824	
81.96062799018353	90.0	4.12	61.48	31.8	80.70981093877943	636	9	90	8	174	90	90	4	58	30	3111	0	0.031247615814208984	31850	19.279931783676147	35	99.89010989010988	
81.95988057427569	90.0	4.36	68.44	35.4	80.70981093877943	637	9	90	8	174	90	90	4	58	30	3116	0	0.03124690055847168	31900	19.31117868423462	35	99.89028213166144	
81.95268585771281	90.0	4.28	66.12	34.2	80.70981093877943	638	9	90	8	174	90	90	4	58	30	3120	0	0.031247377395629883	31950	19.34242606163025	35	99.8904538341158	
81.94632760358692	90.0	4.12	61.48	31.8	80.70981093877943	639	9	90	8	174	90	90	4	58	30	3122	0	0.01562643051147461	32000	19.358052492141724	35	99.890625	
81.95309007666539	90.0	4.2	63.8	33.0	80.70981093877943	640	9	90	8	174	90	90	4	58	30	3125	0	0.031246423721313477	32050	19.389298915863037	35	99.89079563182527	
81.96014031455572	90.0	4.28	66.12	34.2	80.70981093877943	641	9	90	8	174	90	90	4	58	30	3129	0	0.04687070846557617	32100	19.436169624328613	35	99.89096573208722	
81.95136295932252	90.0	4.52	73.08	37.8	80.70981093877943	642	9	90	8	174	90	90	4	58	30	3136	0	0.04687190055847168	32150	19.483041524887085	35	99.89113530326594	
81.95268585771281	90.0	4.28	66.12	34.2	80.70981093877943	643	9	90	8	174	90	90	4	58	30	3140	0	0.031249046325683594	32200	19.51429057121277	35	99.8913043478261	
81.95226406402315	90.0	4.36	68.44	35.4	80.70981093877943	644	9	90	8	174	90	90	4	58	30	3145	0	0.03124690055847168	32250	19.54553747177124	35	99.89147286821705	
81.95182352394728	90.0	4.44	70.76	36.6	80.70981093877943	645	9	90	8	174	90	90	4	58	30	3151	0	0.015623807907104492	32300	19.561161279678345	35	99.89164086687306	
81.95385000829627	90.0	4.04	59.16	30.6	80.70981093877943	646	9	90	6	116	60	90	4	58	30	3152	0	0.015623807907104492	32350	19.57678508758545	35	99.8918083462133	
81.94929041851105	90.0	4.84	82.36	42.6	80.70981093877943	647	9	90	8	174	90	90	4	58	30	3163	0	0.031249523162841797	32400	19.60803461074829	35	99.89197530864197	
81.95309007666539	90.0	4.2	63.8	33.0	80.70981093877943	648	9	90	8	174	90	90	4	58	30	3166	0	0.031247377395629883	32450	19.63928198814392	35	99.89214175654854	
81.94579092100672	90.0	4.2	63.8	33.0	80.70981093877943	649	9	90	8	174	90	90	4	58	30	3169	0	0.03124856948852539	32500	19.670530557632446	35	99.8923076923077	
81.97540171167063	90.0	4.68	77.72	40.2	80.70981093877943	650	9	90	8	174	90	90	4	58	30	3178	0	0.031247377395629883	32550	19.701777935028076	35	99.89247311827957	
81.9452314008699	90.0	4.28	66.12	34.2	80.70981093877943	651	9	90	8	174	90	90	4	58	30	3182	0	0.03124833106994629	32600	19.733026266098022	35	99.89263803680981	
81.95309007666539	90.0	4.2	63.8	33.0	80.70981093877943	652	9	90	8	174	90	90	4	58	30	3185	0	0.03124690055847168	32650	19.764273166656494	35	99.89280245022971	
81.94632760358692	90.0	4.12	61.48	31.8	80.70981093877943	653	9	90	8	174	90	90	4	58	30	3187	0	0.015623807907104492	32700	19.7798969745636	35	99.89296636085626	
81.94464755377062	90.0	4.36	68.44	35.4	80.70981093877943	654	9	90	8	174	90	90	4	58	30	3192	0	0.031246662139892578	32750	19.81114363670349	35	99.89312977099236	
81.9596092899832	90.0	4.44	70.76	36.6	80.70981093877943	655	9	90	8	174	90	90	4	58	30	3198	0	0.0312497615814209	32800	19.842393398284912	35	99.89329268292683	
81.96653049865267	90.0	5.0	87.0	45.0	80.70981093877943	656	9	90	8	174	90	90	4	58	30	3211	0	0.031247615814208984	32850	19.87364101409912	35	99.89345509893455	
81.94684281886393	90.0	4.04	59.16	30.6	80.70981093877943	657	9	90	6	116	60	90	4	58	30	3212	0	0.03124856948852539	32900	19.904889583587646	35	99.8936170212766	
81.9596092899832	90.0	4.44	70.76	36.6	80.70981093877943	658	9	90	8	174	90	90	4	58	30	3218	0	0.04686999320983887	32950	19.951759576797485	35	99.89377845220031	
81.9596092899832	90.0	4.44	70.76	36.6	80.70981093877943	659	9	90	8	174	90	90	4	58	30	3224	0	0.031248092651367188	33000	19.983007669448853	35	99.89393939393939	
81.94684281886393	90.0	4.04	59.16	30.6	80.70981093877943	660	9	90	6	116	60	90	4	58	30	3224	0	0.031249284744262695	33050	20.014256954193115	35	99.89409984871406	
81.95226406402315	90.0	4.36	68.44	35.4	80.70981093877943	661	9	90	8	174	90	90	4	58	30	3229	0	0.031246423721313477	33100	20.04550337791443	35	99.89425981873111	
81.95347779688522	90.0	4.12	61.48	31.8	80.70981093877943	662	9	90	8	174	90	90	4	58	30	3231	0	0.015624284744262695	33150	20.06112766265869	35	99.894419306184	
81.94579092100672	90.0	4.2	63.8	33.0	80.70981093877943	663	9	90	8	174	90	90	4	58	30	3234	0	0.031248092651367188	33200	20.09237575531006	35	99.894578313253	
81.94464755377062	90.0	4.36	68.44	35.4	80.70981093877943	664	9	90	8	174	90	90	4	58	30	3239	0	0.015622854232788086	33250	20.107998609542847	35	99.89473684210526	
81.94632760358692	90.0	4.12	61.48	31.8	80.70981093877943	665	9	90	8	174	90	90	4	58	30	3241	0	0.031248807907104492	33300	20.13924741744995	35	99.89489489489489	
81.94684281886393	90.0	4.04	59.16	30.6	80.70981093877943	666	9	90	6	116	60	90	4	58	30	3242	0	0.01562356948852539	33350	20.154870986938477	35	99.89505247376312	
81.95037603512658	90.0	4.68	77.72	40.2	80.70981093877943	667	9	90	8	174	90	90	4	58	30	3251	0	0.031247615814208984	33400	20.186118602752686	35	99.89520958083833	
81.95839181901209	90.0	4.76	80.04	41.4	80.70981093877943	668	9	90	8	174	90	90	4	58	30	3261	0	0.031247854232788086	33450	20.217366456985474	35	99.89536621823618	
81.95268585771281	90.0	4.28	66.12	34.2	80.70981093877943	669	9	90	8	174	90	90	4	58	30	3265	0	0.031249046325683594	33500	20.248615503311157	35	99.8955223880597	
81.9508809730873	90.0	4.6	75.4	39.0	80.70981093877943	670	9	90	8	174	90	90	4	58	30	3273	0	0.031248092651367188	33550	20.279863595962524	35	99.89567809239941	
81.95347779688522	90.0	4.12	61.48	31.8	80.70981093877943	671	9	90	8	174	90	90	4	58	30	3275	0	0.031247615814208984	33600	20.311111211776733	35	99.89583333333333	
81.96717676246482	90.0	4.6	75.4	39.0	80.70981093877943	672	9	90	8	174	90	90	4	58	30	3283	0	0.01562356948852539	33650	20.32673478126526	35	99.89598811292718	
81.94984646604584	90.0	4.76	80.04	41.4	80.70981093877943	673	9	90	8	174	90	90	4	58	30	3293	0	0.03124856948852539	33700	20.357983350753784	35	99.89614243323442	
81.95347779688522	90.0	4.12	61.48	31.8	80.70981093877943	674	9	90	8	174	90	90	4	58	30	3295	0	0.03124713897705078	33750	20.389230489730835	35	99.8962962962963	
81.94684281886393	90.0	4.04	59.16	30.6	80.70981093877943	675	9	90	6	116	60	90	4	58	30	3296	0	0.03124690055847168	33800	20.420477390289307	35	99.89644970414201	
81.94632760358692	90.0	4.12	61.48	31.8	80.70981093877943	676	9	90	8	174	90	90	4	58	30	3298	0	0.031247854232788086	33850	20.451725244522095	35	99.89660265878878	
81.95902886777606	90.0	4.6	75.4	39.0	80.70981093877943	677	9	90	8	174	90	90	4	58	30	3306	0	0.03124833106994629	33900	20.48297357559204	35	99.89675516224189	
81.94684281886393	90.0	4.04	59.16	30.6	80.70981093877943	678	9	90	6	116	60	90	4	58	30	3307	0	0.015624046325683594	33950	20.498597621917725	35	99.89690721649484	
81.94684281886393	90.0	4.04	59.16	30.6	80.70981093877943	679	9	90	6	116	60	90	4	58	30	3307	0	0.03124856948852539	34000	20.52984619140625	35	99.8970588235294	
81.94403775791136	90.0	4.44	70.76	36.6	80.70981093877943	680	9	90	8	174	90	90	4	58	30	3313	0	0.015625	34050	20.54547119140625	35	99.89720998531571	
81.95932567458654	90.0	4.52	73.08	37.8	80.70981093877943	681	9	90	8	174	90	90	4	58	30	3320	0	0.03124523162841797	34100	20.576716423034668	35	99.89736070381231	
81.95182352394728	90.0	4.44	70.76	36.6	80.70981093877943	682	9	90	8	174	90	90	4	58	30	3326	0	0.031249046325683594	34150	20.60796546936035	35	99.89751098096633	
81.95309007666539	90.0	4.2	63.8	33.0	80.70981093877943	683	9	90	8	174	90	90	4	58	30	3329	0	0.015623331069946289	34200	20.623588800430298	35	99.89766081871345	
81.94632760358692	90.0	4.12	61.48	31.8	80.70981093877943	684	9	90	8	174	90	90	4	58	30	3331	0	0.015625715255737305	34250	20.639214515686035	35	99.89781021897811	
81.95268585771281	90.0	4.28	66.12	34.2	80.70981093877943	685	9	90	8	174	90	90	4	58	30	3335	0	0.031245708465576172	34300	20.67046022415161	35	99.89795918367346	
81.95182352394728	90.0	4.44	70.76	36.6	80.70981093877943	686	9	90	8	174	90	90	4	58	30	3341	0	0.03124833106994629	34350	20.701708555221558	35	99.8981077147016	
81.9508809730873	90.0	4.6	75.4	39.0	80.70981093877943	687	9	90	8	174	90	90	4	58	30	3349	0	0.031247854232788086	34400	20.732956409454346	35	99.89825581395348	
81.95347779688522	90.0	4.12	61.48	31.8	80.70981093877943	688	9	90	8	174	90	90	4	58	30	3351	0	0.031247377395629883	34450	20.764203786849976	35	99.89840348330914	
81.96014031455572	90.0	4.28	66.12	34.2	80.70981093877943	689	9	90	8	174	90	90	4	58	30	3355	0	0.015625715255737305	34500	20.779829502105713	35	99.89855072463769	
81.95136295932252	90.0	4.52	73.08	37.8	80.70981093877943	690	9	90	8	174	90	90	4	58	30	3362	0	0.04687190055847168	34550	20.826701402664185	35	99.8986975397974	
81.97548252494462	90.0	4.76	80.04	41.4	80.70981093877943	691	9	90	8	174	90	90	4	58	30	3372	0	0.03124690055847168	34600	20.857948303222656	35	99.89884393063583	
81.95268585771281	90.0	4.28	66.12	34.2	80.70981093877943	692	9	90	8	174	90	90	4	58	30	3376	0	0.031249284744262695	34650	20.88919758796692	35	99.8989898989899	
81.95988057427569	90.0	4.36	68.44	35.4	80.70981093877943	693	9	90	8	174	90	90	4	58	30	3381	0	0.03124547004699707	34700	20.920443058013916	35	99.89913544668588	
81.95268585771281	90.0	4.28	66.12	34.2	80.70981093877943	694	9	90	8	174	90	90	4	58	30	3385	0	0.031248807907104492	34750	20.95169186592102	35	99.89928057553956	
81.95871792730793	90.0	4.68	77.72	40.2	80.70981093877943	695	9	90	8	174	90	90	4	58	30	3394	0	0.04687094688415527	34800	20.998562812805176	35	99.89942528735632	
81.95932567458654	90.0	4.52	73.08	37.8	80.70981093877943	696	9	90	8	174	90	90	4	58	30	3401	0	0.015624523162841797	34850	21.014187335968018	35	99.89956958393114	
81.95347779688522	90.0	4.12	61.48	31.8	80.70981093877943	697	9	90	8	174	90	90	4	58	30	3403	0	0.031247854232788086	34900	21.045435190200806	35	99.89971346704871	
81.95268585771281	90.0	4.28	66.12	34.2	80.70981093877943	698	9	90	8	174	90	90	4	58	30	3407	0	0.031247615814208984	34950	21.076682806015015	35	99.89985693848355	
81.9452314008699	90.0	4.28	66.12	34.2	80.70981093877943	699	9	90	8	174	90	90	4	58	30	3411	0	0.031247854232788086	35000	21.107930660247803	35	99.9	
81.95268585771281	90.0	4.28	66.12	34.2	80.70981093877943	700	9	90	8	174	90	90	4	58	30	3415	0	0.031248092651367188	35050	21.13917875289917	35	99.90014265335235	
81.94403775791136	90.0	4.44	70.76	36.6	80.70981093877943	701	9	90	8	174	90	90	4	58	30	3421	0	0.015624761581420898	35100	21.15480351448059	35	99.9002849002849	
81.98648601242019	90.0	5.32	96.28	49.8	80.70981093877943	702	9	90	8	174	90	90	4	58	30	3438	0	0.031247615814208984	35150	21.1860511302948	35	99.900426742532	
81.95182352394728	90.0	4.44	70.76	36.6	80.70981093877943	703	9	90	8	174	90	90	4	58	30	3444	0	0.03124833106994629	35200	21.217299461364746	35	99.90056818181819	
81.95804940530147	90.0	4.84	82.36	42.6	80.70981093877943	704	9	90	8	174	90	90	4	58	30	3455	0	0.046871185302734375	35250	21.26417064666748	35	99.90070921985816	
81.95871792730793	90.0	4.68	77.72	40.2	80.70981093877943	705	9	90	8	174	90	90	4	58	30	3464	0	0.03124690055847168	35300	21.295417547225952	35	99.90084985835693	
81.96014031455572	90.0	4.28	66.12	34.2	80.70981093877943	706	9	90	8	174	90	90	4	58	30	3468	0	0.031248807907104492	35350	21.326666355133057	35	99.9009900990099	
81.95932567458654	90.0	4.52	73.08	37.8	80.70981093877943	707	9	90	8	174	90	90	4	58	30	3475	0	0.015624046325683594	35400	21.34229040145874	35	99.90112994350282	
81.9508809730873	90.0	4.6	75.4	39.0	80.70981093877943	708	9	90	8	174	90	90	4	58	30	3483	0	0.031247615814208984	35450	21.37353801727295	35	99.901269393512	
81.96014031455572	90.0	4.28	66.12	34.2	80.70981093877943	709	9	90	8	174	90	90	4	58	30	3487	0	0.031248092651367188	35500	21.404786109924316	35	99.90140845070422	
81.94130111307958	90.0	4.76	80.04	41.4	80.70981093877943	710	9	90	8	174	90	90	4	58	30	3497	0	0.015623331069946289	35550	21.420409440994263	35	99.90154711673699	
81.96768838798276	90.0	4.2	63.8	33.0	80.70981093877943	711	9	90	8	174	90	90	4	58	30	3500	0	0.03125143051147461	35600	21.451660871505737	35	99.90168539325843	
81.95182352394728	90.0	4.44	70.76	36.6	80.70981093877943	712	9	90	8	174	90	90	4	58	30	3506	0	0.015620231628417969	35650	21.467281103134155	35	99.90182328190744	
81.94464755377062	90.0	4.36	68.44	35.4	80.70981093877943	713	9	90	8	174	90	90	4	58	30	3511	0	0.015625953674316406	35700	21.48290705680847	35	99.90196078431373	
81.96717676246482	90.0	4.6	75.4	39.0	80.70981093877943	714	9	90	8	174	90	90	4	58	30	3519	0	0.031246662139892578	35750	21.514153718948364	35	99.9020979020979	
81.95182352394728	90.0	4.44	70.76	36.6	80.70981093877943	715	9	90	8	174	90	90	4	58	30	3525	0	0.031248092651367188	35800	21.54540181159973	35	99.90223463687151	
81.95309007666539	90.0	4.2	63.8	33.0	80.70981093877943	716	9	90	8	174	90	90	4	58	30	3528	0	0.015624046325683594	35850	21.561025857925415	35	99.9023709902371	
81.96728838985054	90.0	4.52	73.08	37.8	80.70981093877943	717	9	90	8	174	90	90	4	58	30	3535	0	0.01562356948852539	35900	21.57664942741394	35	99.9025069637883	
81.95347779688522	90.0	4.12	61.48	31.8	80.70981093877943	718	9	90	8	174	90	90	4	58	30	3537	0	0.031247377395629883	35950	21.60789680480957	35	99.90264255910988	
81.95902886777606	90.0	4.6	75.4	39.0	80.70981093877943	719	9	90	8	174	90	90	4	58	30	3545	0	0.031248092651367188	36000	21.639144897460938	35	99.90277777777777	
81.95902886777606	90.0	4.6	75.4	39.0	80.70981093877943	720	9	90	8	174	90	90	4	58	30	3553	0	0.031246662139892578	36050	21.67039155960083	35	99.90291262135922	
81.96739505601914	90.0	4.44	70.76	36.6	80.70981093877943	721	9	90	8	174	90	90	4	58	30	3559	0	0.031248807907104492	36100	21.701640367507935	35	99.90304709141274	
81.95902886777606	90.0	4.6	75.4	39.0	80.70981093877943	722	9	90	8	174	90	90	4	58	30	3567	0	0.031249046325683594	36150	21.732889413833618	35	99.90318118948824	
81.95268585771281	90.0	4.28	66.12	34.2	80.70981093877943	723	9	90	8	174	90	90	4	58	30	3571	0	0.031245946884155273	36200	21.764135360717773	35	99.90331491712708	
81.95347779688522	90.0	4.12	61.48	31.8	80.70981093877943	724	9	90	8	174	90	90	4	58	30	3573	0	0.031247854232788086	36250	21.79538321495056	35	99.90344827586208	
81.94684281886393	90.0	4.04	59.16	30.6	80.70981093877943	725	9	90	6	116	60	90	4	58	30	3574	0	0.015624284744262695	36300	21.811007499694824	35	99.90358126721763	
81.94684281886393	90.0	4.04	59.16	30.6	80.70981093877943	726	9	90	6	116	60	90	4	58	30	3575	0	0.031247377395629883	36350	21.842254877090454	35	99.90371389270976	
81.9452314008699	90.0	4.28	66.12	34.2	80.70981093877943	727	9	90	8	174	90	90	4	58	30	3579	0	0.03124833106994629	36400	21.8735032081604	35	99.90384615384616	
81.94579092100672	90.0	4.2	63.8	33.0	80.70981093877943	728	9	90	8	174	90	90	4	58	30	3582	0	0.031249523162841797	36450	21.904752731323242	35	99.9039780521262	
81.95037603512658	90.0	4.68	77.72	40.2	80.70981093877943	729	9	90	8	174	90	90	4	58	30	3591	0	0.03124690055847168	36500	21.935999631881714	35	99.9041095890411	
81.94684281886393	90.0	4.04	59.16	30.6	80.70981093877943	730	9	90	6	116	60	90	4	58	30	3592	0	0.031247615814208984	36550	21.967247247695923	35	99.90424076607387	
81.95691111107426	90.0	5.08	89.32	46.2	80.70981093877943	731	9	90	8	174	90	90	4	58	30	3606	0	0.015624761581420898	36600	21.982872009277344	35	99.90437158469945	
81.95768943191338	90.0	4.92	84.68	43.8	80.70981093877943	732	9	90	8	174	90	90	4	58	30	3618	0	0.031247615814208984	36650	22.014119625091553	35	99.90450204638472	
81.94579092100672	90.0	4.2	63.8	33.0	80.70981093877943	733	9	90	8	174	90	90	4	58	30	3621	0	0.031247854232788086	36700	22.04536747932434	35	99.90463215258856	
81.94684281886393	90.0	4.04	59.16	30.6	80.70981093877943	734	9	90	6	116	60	90	4	58	30	3622	0	0.031246423721313477	36750	22.076613903045654	35	99.9047619047619	
81.95037603512658	90.0	4.68	77.72	40.2	80.70981093877943	735	9	90	8	174	90	90	4	58	30	3631	0	0.031248092651367188	36800	22.10786199569702	35	99.90489130434783	
81.9596092899832	90.0	4.44	70.76	36.6	80.70981093877943	736	9	90	8	174	90	90	4	58	30	3637	0	0.0156252384185791	36850	22.1234872341156	35	99.90502035278155	
81.95988057427569	90.0	4.36	68.44	35.4	80.70981093877943	737	9	90	8	174	90	90	4	58	30	3642	0	0.031246662139892578	36900	22.154733896255493	35	99.90514905149051	
81.94579092100672	90.0	4.2	63.8	33.0	80.70981093877943	738	9	90	8	174	90	90	4	58	30	3645	0	0.031249284744262695	36950	22.185983180999756	35	99.90527740189445	
81.94579092100672	90.0	4.2	63.8	33.0	80.70981093877943	739	9	90	8	174	90	90	4	58	30	3648	0	0.031247377395629883	37000	22.217230558395386	35	99.9054054054054	
81.9596092899832	90.0	4.44	70.76	36.6	80.70981093877943	740	9	90	8	174	90	90	4	58	30	3654	0	0.031247377395629883	37050	22.248477935791016	35	99.9055330634278	
81.94403775791136	90.0	4.44	70.76	36.6	80.70981093877943	741	9	90	8	174	90	90	4	58	30	3660	0	0.031247377395629883	37100	22.279725313186646	35	99.90566037735849	
81.96038923232408	90.0	4.2	63.8	33.0	80.70981093877943	742	9	90	8	174	90	90	4	58	30	3663	0	0.031248092651367188	37150	22.310973405838013	35	99.90578734858681	
81.96014031455572	90.0	4.28	66.12	34.2	80.70981093877943	743	9	90	8	174	90	90	4	58	30	3667	0	0.015624284744262695	37200	22.326597690582275	35	99.90591397849462	
81.96038923232408	90.0	4.2	63.8	33.0	80.70981093877943	744	9	90	8	174	90	90	4	58	30	3670	0	0.03124713897705078	37250	22.357844829559326	35	99.90604026845638	
81.94403775791136	90.0	4.44	70.76	36.6	80.70981093877943	745	9	90	8	174	90	90	4	58	30	3676	0	0.031249523162841797	37300	22.389094352722168	35	99.90616621983914	
81.95226406402315	90.0	4.36	68.44	35.4	80.70981093877943	746	9	90	8	174	90	90	4	58	30	3681	0	0.031246662139892578	37350	22.42034101486206	35	99.90629183400267	
81.94684281886393	90.0	4.04	59.16	30.6	80.70981093877943	747	9	90	6	116	60	90	4	58	30	3682	0	0.03124833106994629	37400	22.451589345932007	35	99.90641711229947	
81.95347779688522	90.0	4.12	61.48	31.8	80.70981093877943	748	9	90	8	174	90	90	4	58	30	3684	0	0.031247377395629883	37450	22.482836723327637	35	99.90654205607477	
81.95226406402315	90.0	4.36	68.44	35.4	80.70981093877943	749	9	90	8	174	90	90	4	58	30	3689	0	0.031248807907104492	37500	22.51408553123474	35	99.90666666666667	
81.96038923232408	90.0	4.2	63.8	33.0	80.70981093877943	750	9	90	8	174	90	90	4	58	30	3692	0	0.031246662139892578	37550	22.545332193374634	35	99.90679094540613	
81.95932567458654	90.0	4.52	73.08	37.8	80.70981093877943	751	9	90	8	174	90	90	4	58	30	3699	0	0.031247854232788086	37600	22.576580047607422	35	99.90691489361703	
81.97618132207852	90.0	5.32	96.28	49.8	80.70981093877943	752	9	90	8	174	90	90	4	58	30	3716	0	0.04687237739562988	37650	22.62345242500305	35	99.9070385126162	
81.95136295932252	90.0	4.52	73.08	37.8	80.70981093877943	753	9	90	8	174	90	90	4	58	30	3723	0	0.03124833106994629	37700	22.654700756072998	35	99.90716180371352	
81.95347779688522	90.0	4.12	61.48	31.8	80.70981093877943	754	9	90	8	174	90	90	4	58	30	3725	0	0.01562356948852539	37750	22.670324325561523	35	99.90728476821192	
81.94579092100672	90.0	4.2	63.8	33.0	80.70981093877943	755	9	90	8	174	90	90	4	58	30	3728	0	0.03124833106994629	37800	22.70157265663147	35	99.9074074074074	
81.94684281886393	90.0	4.04	59.16	30.6	80.70981093877943	756	9	90	6	116	60	90	4	58	30	3729	0	0.015623092651367188	37850	22.717195749282837	35	99.90752972258917	
81.96038923232408	90.0	4.2	63.8	33.0	80.70981093877943	757	9	90	8	174	90	90	4	58	30	3732	0	0.046872615814208984	37900	22.764068365097046	35	99.90765171503958	
81.95226406402315	90.0	4.36	68.44	35.4	80.70981093877943	758	9	90	8	174	90	90	4	58	30	3737	0	0.031247854232788086	37950	22.795316219329834	35	99.90777338603425	
81.94632760358692	90.0	4.12	61.48	31.8	80.70981093877943	759	9	90	8	174	90	90	4	58	30	3739	0	0.015623807907104492	38000	22.81094002723694	35	99.90789473684211	
81.95902886777606	90.0	4.6	75.4	39.0	80.70981093877943	760	9	90	8	174	90	90	4	58	30	3747	0	0.03124856948852539	38050	22.842188596725464	35	99.90801576872536	
81.94632760358692	90.0	4.12	61.48	31.8	80.70981093877943	761	9	90	8	174	90	90	4	58	30	3749	0	0.031247615814208984	38100	22.873436212539673	35	99.90813648293964	
81.95309007666539	90.0	4.2	63.8	33.0	80.70981093877943	762	9	90	8	174	90	90	4	58	30	3752	0	0.031246662139892578	38150	22.904682874679565	35	99.90825688073394	
81.96728838985054	90.0	4.52	73.08	37.8	80.70981093877943	763	9	90	8	174	90	90	4	58	30	3759	0	0.031248807907104492	38200	22.93593168258667	35	99.90837696335079	
81.94464755377062	90.0	4.36	68.44	35.4	80.70981093877943	764	9	90	8	174	90	90	4	58	30	3764	0	0.031247854232788086	38250	22.967179536819458	35	99.90849673202614	
81.95136295932252	90.0	4.52	73.08	37.8	80.70981093877943	765	9	90	8	174	90	90	4	58	30	3771	0	0.03124713897705078	38300	22.99842667579651	35	99.90861618798955	
81.96728838985054	90.0	4.52	73.08	37.8	80.70981093877943	766	9	90	8	174	90	90	4	58	30	3778	0	0.031248092651367188	38350	23.029674768447876	35	99.90873533246415	
81.94684281886393	90.0	4.04	59.16	30.6	80.70981093877943	767	9	90	6	116	60	90	4	58	30	3778	0	0.01562643051147461	38400	23.04530119895935	35	99.90885416666667	
81.95268585771281	90.0	4.28	66.12	34.2	80.70981093877943	768	9	90	8	174	90	90	4	58	30	3782	0	0.031246185302734375	38450	23.076547384262085	35	99.90897269180755	
81.96014031455572	90.0	4.28	66.12	34.2	80.70981093877943	769	9	90	8	174	90	90	4	58	30	3786	0	0.031246662139892578	38500	23.107794046401978	35	99.9090909090909	
81.98347255184233	90.0	4.6	75.4	39.0	80.70981093877943	770	9	90	8	174	90	90	4	58	30	3794	0	0.031248092651367188	38550	23.139042139053345	35	99.90920881971465	
81.95182352394728	90.0	4.44	70.76	36.6	80.70981093877943	771	9	90	8	174	90	90	4	58	30	3800	0	0.03124833106994629	38600	23.17029047012329	35	99.90932642487047	
81.9508809730873	90.0	4.6	75.4	39.0	80.70981093877943	772	9	90	8	174	90	90	4	58	30	3808	0	0.031247377395629883	38650	23.20153784751892	35	99.90944372574386	
81.95385000829627	90.0	4.04	59.16	30.6	80.70981093877943	773	9	90	6	116	60	90	4	58	30	3809	0	0.015628576278686523	38700	23.217166423797607	35	99.90956072351422	
81.94273307839853	90.0	4.6	75.4	39.0	80.70981093877943	774	9	90	8	174	90	90	4	58	30	3817	0	0.03124380111694336	38750	23.24841022491455	35	99.90967741935484	
81.96749708452822	90.0	4.36	68.44	35.4	80.70981093877943	775	9	90	8	174	90	90	4	58	30	3822	0	0.015623092651367188	38800	23.264033317565918	35	99.90979381443299	
81.95268585771281	90.0	4.28	66.12	34.2	80.70981093877943	776	9	90	8	174	90	90	4	58	30	3826	0	0.03124833106994629	38850	23.295281648635864	35	99.90990990990991	
81.96667300810867	90.0	4.92	84.68	43.8	80.70981093877943	777	9	90	8	174	90	90	4	58	30	3838	0	0.015624761581420898	38900	23.310906410217285	35	99.91002570694087	
81.95182352394728	90.0	4.44	70.76	36.6	80.70981093877943	778	9	90	8	174	90	90	4	58	30	3844	0	0.031246185302734375	38950	23.34215259552002	35	99.91014120667522	
81.99608492175257	90.0	5.24	93.96	48.6	80.70981093877943	779	9	90	8	174	90	90	4	58	30	3860	0	0.031247854232788086	39000	23.373400449752808	35	99.91025641025641	
81.96062799018353	90.0	4.12	61.48	31.8	80.70981093877943	780	9	90	8	174	90	90	4	58	30	3862	0	0.031247615814208984	39050	23.404648065567017	35	99.91037131882203	
81.95182352394728	90.0	4.44	70.76	36.6	80.70981093877943	781	9	90	8	174	90	90	4	58	30	3868	0	0.015624046325683594	39100	23.4202721118927	35	99.91048593350384	
81.95182352394728	90.0	4.44	70.76	36.6	80.70981093877943	782	9	90	8	174	90	90	4	58	30	3874	0	0.031247854232788086	39150	23.45151996612549	35	99.91060025542784	
81.9452314008699	90.0	4.28	66.12	34.2	80.70981093877943	783	9	90	8	174	90	90	4	58	30	3878	0	0.04687166213989258	39200	23.49839162826538	35	99.91071428571429	
81.95268585771281	90.0	4.28	66.12	34.2	80.70981093877943	784	9	90	8	174	90	90	4	58	30	3882	0	0.015624523162841797	39250	23.514016151428223	35	99.91082802547771	
81.94579092100672	90.0	4.2	63.8	33.0	80.70981093877943	785	9	90	8	174	90	90	4	58	30	3885	0	0.015623331069946289	39300	23.52963948249817	35	99.91094147582697	
81.94632760358692	90.0	4.12	61.48	31.8	80.70981093877943	786	9	90	8	174	90	90	4	58	30	3887	0	0.031248092651367188	39350	23.560887575149536	35	99.9110546378653	
81.97540171167063	90.0	4.68	77.72	40.2	80.70981093877943	787	9	90	8	174	90	90	4	58	30	3896	0	0.031247854232788086	39400	23.592135429382324	35	99.91116751269035	
81.95988057427569	90.0	4.36	68.44	35.4	80.70981093877943	788	9	90	8	174	90	90	4	58	30	3901	0	0.031247615814208984	39450	23.623383045196533	35	99.91128010139417	
81.95902886777606	90.0	4.6	75.4	39.0	80.70981093877943	789	9	90	8	174	90	90	4	58	30	3909	0	0.031248807907104492	39500	23.654631853103638	35	99.9113924050633	
81.9452314008699	90.0	4.28	66.12	34.2	80.70981093877943	790	9	90	8	174	90	90	4	58	30	3913	0	0.01562356948852539	39550	23.670255422592163	35	99.91150442477876	
81.96014031455572	90.0	4.28	66.12	34.2	80.70981093877943	791	9	90	8	174	90	90	4	58	30	3917	0	0.031247615814208984	39600	23.701503038406372	35	99.91161616161617	
81.97548252494462	90.0	4.76	80.04	41.4	80.70981093877943	792	9	90	8	174	90	90	4	58	30	3927	0	0.03124833106994629	39650	23.73275136947632	35	99.91172761664565	
81.96728838985054	90.0	4.52	73.08	37.8	80.70981093877943	793	9	90	8	174	90	90	4	58	30	3934	0	0.031247377395629883	39700	23.76399874687195	35	99.911838790932	
81.95902886777606	90.0	4.6	75.4	39.0	80.70981093877943	794	9	90	8	174	90	90	4	58	30	3942	0	0.031249046325683594	39750	23.795247793197632	35	99.9119496855346	
81.96014031455572	90.0	4.28	66.12	34.2	80.70981093877943	795	9	90	8	174	90	90	4	58	30	3946	0	0.015623331069946289	39800	23.810871124267578	35	99.91206030150754	
81.94603356866449	90.0	5.24	93.96	48.6	80.70981093877943	796	9	90	8	174	90	90	4	58	30	3962	0	0.031247854232788086	39850	23.842118978500366	35	99.91217063989963	
81.94464755377062	90.0	4.36	68.44	35.4	80.70981093877943	797	9	90	8	174	90	90	4	58	30	3967	0	0.03124713897705078	39900	23.873366117477417	35	99.91228070175438	
81.95268585771281	90.0	4.28	66.12	34.2	80.70981093877943	798	9	90	8	174	90	90	4	58	30	3971	0	0.03124856948852539	39950	23.904614686965942	35	99.91239048811013	
81.95268585771281	90.0	4.28	66.12	34.2	80.70981093877943	799	9	90	8	174	90	90	4	58	30	3975	0	0.03124713897705078	40000	23.935861825942993	35	99.9125	
81.96653049865267	90.0	5.0	87.0	45.0	80.70981093877943	800	9	90	8	174	90	90	4	58	30	3988	0	0.031250953674316406	40050	23.96711277961731	35	99.91260923845194	
81.9452314008699	90.0	4.28	66.12	34.2	80.70981093877943	801	9	90	8	174	90	90	4	58	30	3992	0	0.015625	40100	23.98273777961731	35	99.91271820448878	
81.9452314008699	90.0	4.28	66.12	34.2	80.70981093877943	802	9	90	8	174	90	90	4	58	30	3996	0	0.031244277954101562	40150	24.01398205757141	35	99.91282689912826	
81.94464755377062	90.0	4.36	68.44	35.4	80.70981093877943	803	9	90	8	174	90	90	4	58	30	4001	0	0.031247854232788086	40200	24.0452299118042	35	99.91293532338308	
81.94632760358692	90.0	4.12	61.48	31.8	80.70981093877943	804	9	90	8	174	90	90	4	58	30	4003	0	0.031247615814208984	40250	24.076477527618408	35	99.91304347826087	
81.95268585771281	90.0	4.28	66.12	34.2	80.70981093877943	805	9	90	8	174	90	90	4	58	30	4007	0	0.031247854232788086	40300	24.107725381851196	35	99.91315136476427	
81.95182352394728	90.0	4.44	70.76	36.6	80.70981093877943	806	9	90	8	174	90	90	4	58	30	4013	0	0.03124856948852539	40350	24.13897395133972	35	99.91325898389096	
81.96759477139862	90.0	4.28	66.12	34.2	80.70981093877943	807	9	90	8	174	90	90	4	58	30	4017	0	0.031246662139892578	40400	24.170220613479614	35	99.91336633663366	
81.9596092899832	90.0	4.44	70.76	36.6	80.70981093877943	808	9	90	8	174	90	90	4	58	30	4023	0	0.031247854232788086	40450	24.201468467712402	35	99.91347342398022	
81.94579092100672	90.0	4.2	63.8	33.0	80.70981093877943	809	9	90	8	174	90	90	4	58	30	4026	0	0.031247854232788086	40500	24.23271632194519	35	99.91358024691358	
81.95226406402315	90.0	4.36	68.44	35.4	80.70981093877943	810	9	90	8	174	90	90	4	58	30	4031	0	0.031248092651367188	40550	24.263964414596558	35	99.91368680641183	
81.95768943191338	90.0	4.92	84.68	43.8	80.70981093877943	811	9	90	8	174	90	90	4	58	30	4043	0	0.03124856948852539	40600	24.295212984085083	35	99.91379310344827	
81.94684281886393	90.0	4.04	59.16	30.6	80.70981093877943	812	9	90	6	116	60	90	4	58	30	4043	0	0.031247615814208984	40650	24.326460599899292	35	99.9138991389914	
81.96728838985054	90.0	4.52	73.08	37.8	80.70981093877943	813	9	90	8	174	90	90	4	58	30	4050	0	0.031247377395629883	40700	24.357707977294922	35	99.91400491400492	
81.95182352394728	90.0	4.44	70.76	36.6	80.70981093877943	814	9	90	8	174	90	90	4	58	30	4056	0	0.046872854232788086	40750	24.40458083152771	35	99.91411042944786	
81.94464755377062	90.0	4.36	68.44	35.4	80.70981093877943	815	9	90	8	174	90	90	4	58	30	4061	0	0.031247615814208984	40800	24.43582844734192	35	99.91421568627452	
81.94684281886393	90.0	4.04	59.16	30.6	80.70981093877943	816	9	90	6	116	60	90	4	58	30	4062	0	0.031247854232788086	40850	24.467076301574707	35	99.91432068543452	
81.95226406402315	90.0	4.36	68.44	35.4	80.70981093877943	817	9	90	8	174	90	90	4	58	30	4067	0	0.031246423721313477	40900	24.49832272529602	35	99.91442542787286	
81.95988057427569	90.0	4.36	68.44	35.4	80.70981093877943	818	9	90	8	174	90	90	4	58	30	4072	0	0.03124856948852539	40950	24.529571294784546	35	99.91452991452991	
81.94684281886393	90.0	4.04	59.16	30.6	80.70981093877943	819	9	90	6	116	60	90	4	58	30	4072	0	0.015624046325683594	41000	24.54519534111023	35	99.91463414634147	
81.94684281886393	90.0	4.04	59.16	30.6	80.70981093877943	820	9	90	6	116	60	90	4	58	30	4073	0	0.031247377395629883	41050	24.57644271850586	35	99.91473812423874	
81.95136295932252	90.0	4.52	73.08	37.8	80.70981093877943	821	9	90	8	174	90	90	4	58	30	4080	0	0.031248092651367188	41100	24.607690811157227	35	99.91484184914842	
81.95932567458654	90.0	4.52	73.08	37.8	80.70981093877943	822	9	90	8	174	90	90	4	58	30	4087	0	0.03124856948852539	41150	24.638939380645752	35	99.9149453219927	
81.94579092100672	90.0	4.2	63.8	33.0	80.70981093877943	823	9	90	8	174	90	90	4	58	30	4090	0	0.015623807907104492	41200	24.654563188552856	35	99.91504854368932	
81.9596092899832	90.0	4.44	70.76	36.6	80.70981093877943	824	9	90	8	174	90	90	4	58	30	4096	0	0.031247377395629883	41250	24.685810565948486	35	99.91515151515152	
81.96768838798276	90.0	4.2	63.8	33.0	80.70981093877943	825	9	90	8	174	90	90	4	58	30	4099	0	0.031247854232788086	41300	24.717058420181274	35	99.91525423728814	
81.9596092899832	90.0	4.44	70.76	36.6	80.70981093877943	826	9	90	8	174	90	90	4	58	30	4105	0	0.031247615814208984	41350	24.748306035995483	35	99.91535671100362	
81.95309007666539	90.0	4.2	63.8	33.0	80.70981093877943	827	9	90	8	174	90	90	4	58	30	4108	0	0.03124856948852539	41400	24.77955460548401	35	99.91545893719807	
81.96739505601914	90.0	4.44	70.76	36.6	80.70981093877943	828	9	90	8	174	90	90	4	58	30	4114	0	0.031247615814208984	41450	24.810802221298218	35	99.91556091676719	
81.95932567458654	90.0	4.52	73.08	37.8	80.70981093877943	829	9	90	8	174	90	90	4	58	30	4121	0	0.031247615814208984	41500	24.842049837112427	35	99.91566265060241	
81.96728838985054	90.0	4.52	73.08	37.8	80.70981093877943	830	9	90	8	174	90	90	4	58	30	4128	0	0.031247854232788086	41550	24.873297691345215	35	99.91576413959085	
81.94403775791136	90.0	4.44	70.76	36.6	80.70981093877943	831	9	90	8	174	90	90	4	58	30	4134	0	0.031247854232788086	41600	24.904545545578003	35	99.91586538461539	
81.95226406402315	90.0	4.36	68.44	35.4	80.70981093877943	832	9	90	8	174	90	90	4	58	30	4139	0	0.031247854232788086	41650	24.93579339981079	35	99.91596638655462	
81.95136295932252	90.0	4.52	73.08	37.8	80.70981093877943	833	9	90	8	174	90	90	4	58	30	4146	0	0.031247854232788086	41700	24.96704125404358	35	99.91606714628297	
81.9596092899832	90.0	4.44	70.76	36.6	80.70981093877943	834	9	90	8	174	90	90	4	58	30	4152	0	0.031248092651367188	41750	24.998289346694946	35	99.91616766467065	
81.94632760358692	90.0	4.12	61.48	31.8	80.70981093877943	835	9	90	8	174	90	90	4	58	30	4154	0	0.031247377395629883	41800	25.029536724090576	35	99.91626794258373	
81.94579092100672	90.0	4.2	63.8	33.0	80.70981093877943	836	9	90	8	174	90	90	4	58	30	4157	0	0.03124856948852539	41850	25.0607852935791	35	99.9163679808841	
81.9508809730873	90.0	4.6	75.4	39.0	80.70981093877943	837	9	90	8	174	90	90	4	58	30	4165	0	0.015624284744262695	41900	25.076409578323364	35	99.9164677804296	
81.95182352394728	90.0	4.44	70.76	36.6	80.70981093877943	838	9	90	8	174	90	90	4	58	30	4171	0	0.03124713897705078	41950	25.107656717300415	35	99.9165673420739	
81.95902886777606	90.0	4.6	75.4	39.0	80.70981093877943	839	9	90	8	174	90	90	4	58	30	4179	0	0.031247854232788086	42000	25.138904571533203	35	99.91666666666667	
81.9596092899832	90.0	4.44	70.76	36.6	80.70981093877943	840	9	90	8	174	90	90	4	58	30	4185	0	0.031247854232788086	42050	25.17015242576599	35	99.9167657550535	
81.95347779688522	90.0	4.12	61.48	31.8	80.70981093877943	841	9	90	8	174	90	90	4	58	30	4187	0	0.031247615814208984	42100	25.2014000415802	35	99.91686460807601	
81.95988057427569	90.0	4.36	68.44	35.4	80.70981093877943	842	9	90	8	174	90	90	4	58	30	4192	0	0.031248092651367188	42150	25.232648134231567	35	99.91696322657177	
81.9596092899832	90.0	4.44	70.76	36.6	80.70981093877943	843	9	90	8	174	90	90	4	58	30	4198	0	0.031249046325683594	42200	25.26389718055725	35	99.91706161137441	
81.95182352394728	90.0	4.44	70.76	36.6	80.70981093877943	844	9	90	8	174	90	90	4	58	30	4204	0	0.015622615814208984	42250	25.27951979637146	35	99.9171597633136	
81.9508809730873	90.0	4.6	75.4	39.0	80.70981093877943	845	9	90	8	174	90	90	4	58	30	4212	0	0.031247854232788086	42300	25.310767650604248	35	99.91725768321513	
81.94632760358692	90.0	4.12	61.48	31.8	80.70981093877943	846	9	90	8	174	90	90	4	58	30	4214	0	0.015624523162841797	42350	25.32639217376709	35	99.91735537190083	
81.95988057427569	90.0	4.36	68.44	35.4	80.70981093877943	847	9	90	8	174	90	90	4	58	30	4219	0	0.015623807907104492	42400	25.342015981674194	35	99.91745283018868	
81.95309007666539	90.0	4.2	63.8	33.0	80.70981093877943	848	9	90	8	174	90	90	4	58	30	4222	0	0.01562356948852539	42450	25.35763955116272	35	99.91755005889281	
81.96038923232408	90.0	4.2	63.8	33.0	80.70981093877943	849	9	90	8	174	90	90	4	58	30	4225	0	0.031247854232788086	42500	25.388887405395508	35	99.91764705882353	
81.95037603512658	90.0	4.68	77.72	40.2	80.70981093877943	850	9	90	8	174	90	90	4	58	30	4234	0	0.015624046325683594	42550	25.40451145172119	35	99.91774383078732	
81.94579092100672	90.0	4.2	63.8	33.0	80.70981093877943	851	9	90	8	174	90	90	4	58	30	4237	0	0.031247615814208984	42600	25.4357590675354	35	99.91784037558685	
81.9596092899832	90.0	4.44	70.76	36.6	80.70981093877943	852	9	90	8	174	90	90	4	58	30	4243	0	0.031248092651367188	42650	25.467007160186768	35	99.91793669402111	
81.93972227952278	90.0	4.92	84.68	43.8	80.70981093877943	853	9	90	8	174	90	90	4	58	30	4255	0	0.015624046325683594	42700	25.48263120651245	35	99.91803278688525	
81.95871792730793	90.0	4.68	77.72	40.2	80.70981093877943	854	9	90	8	174	90	90	4	58	30	4264	0	0.031248092651367188	42750	25.51387929916382	35	99.91812865497076	
81.9452314008699	90.0	4.28	66.12	34.2	80.70981093877943	855	9	90	8	174	90	90	4	58	30	4268	0	0.031248092651367188	42800	25.545127391815186	35	99.91822429906541	
81.94632760358692	90.0	4.12	61.48	31.8	80.70981093877943	856	9	90	8	174	90	90	4	58	30	4270	0	0.03124713897705078	42850	25.576374530792236	35	99.91831971995333	
81.95347779688522	90.0	4.12	61.48	31.8	80.70981093877943	857	9	90	8	174	90	90	4	58	30	4272	0	0.015624046325683594	42900	25.59199857711792	35	99.91841491841492	
81.9596092899832	90.0	4.44	70.76	36.6	80.70981093877943	858	9	90	8	174	90	90	4	58	30	4278	0	0.031247854232788086	42950	25.623246431350708	35	99.918509895227	
81.95268585771281	90.0	4.28	66.12	34.2	80.70981093877943	859	9	90	8	174	90	90	4	58	30	4282	0	0.031247854232788086	43000	25.654494285583496	35	99.9186046511628	
81.94632760358692	90.0	4.12	61.48	31.8	80.70981093877943	860	9	90	8	174	90	90	4	58	30	4284	0	0.015624046325683594	43050	25.67011833190918	35	99.91869918699187	
81.95268585771281	90.0	4.28	66.12	34.2	80.70981093877943	861	9	90	8	174	90	90	4	58	30	4288	0	0.015624046325683594	43100	25.685742378234863	35	99.91879350348027	
81.94464755377062	90.0	4.36	68.44	35.4	80.70981093877943	862	9	90	8	174	90	90	4	58	30	4293	0	0.031247615814208984	43150	25.716989994049072	35	99.9188876013905	
81.95182352394728	90.0	4.44	70.76	36.6	80.70981093877943	863	9	90	8	174	90	90	4	58	30	4299	0	0.03124856948852539	43200	25.748238563537598	35	99.91898148148148	
81.96739505601914	90.0	4.44	70.76	36.6	80.70981093877943	864	9	90	8	174	90	90	4	58	30	4305	0	0.03124713897705078	43250	25.77948570251465	35	99.91907514450867	
81.95136295932252	90.0	4.52	73.08	37.8	80.70981093877943	865	9	90	8	174	90	90	4	58	30	4312	0	0.031247854232788086	43300	25.810733556747437	35	99.91916859122402	
81.94403775791136	90.0	4.44	70.76	36.6	80.70981093877943	866	9	90	8	174	90	90	4	58	30	4318	0	0.0156252384185791	43350	25.826358795166016	35	99.91926182237601	
81.98347255184233	90.0	4.6	75.4	39.0	80.70981093877943	867	9	90	8	174	90	90	4	58	30	4326	0	0.03124690055847168	43400	25.857605695724487	35	99.91935483870968	
81.94684281886393	90.0	4.04	59.16	30.6	80.70981093877943	868	9	90	6	116	60	90	4	58	30	4326	0	0.015624761581420898	43450	25.873230457305908	35	99.91944764096662	
81.94984646604584	90.0	4.76	80.04	41.4	80.70981093877943	869	9	90	8	174	90	90	4	58	30	4336	0	0.031246423721313477	43500	25.90447688102722	35	99.91954022988506	
81.95932567458654	90.0	4.52	73.08	37.8	80.70981093877943	870	9	90	8	174	90	90	4	58	30	4343	0	0.015624046325683594	43550	25.920100927352905	35	99.91963260619977	
81.95768943191338	90.0	4.92	84.68	43.8	80.70981093877943	871	9	90	8	174	90	90	4	58	30	4355	0	0.03124856948852539	43600	25.95134949684143	35	99.9197247706422	
81.95226406402315	90.0	4.36	68.44	35.4	80.70981093877943	872	9	90	8	174	90	90	4	58	30	4360	0	0.03124856948852539	43650	25.982598066329956	35	99.91981672394043	
81.96014031455572	90.0	4.28	66.12	34.2	80.70981093877943	873	9	90	8	174	90	90	4	58	30	4364	0	0.031246423721313477	43700	26.01384449005127	35	99.91990846681922	
81.95226406402315	90.0	4.36	68.44	35.4	80.70981093877943	874	9	90	8	174	90	90	4	58	30	4369	0	0.015624523162841797	43750	26.02946901321411	35	99.92	
81.95136295932252	90.0	4.52	73.08	37.8	80.70981093877943	875	9	90	8	174	90	90	4	58	30	4376	0	0.03124856948852539	43800	26.060717582702637	35	99.92009132420091	
81.95988057427569	90.0	4.36	68.44	35.4	80.70981093877943	876	9	90	8	174	90	90	4	58	30	4381	0	0.03124690055847168	43850	26.09196448326111	35	99.92018244013683	
81.96693717197836	90.0	4.76	80.04	41.4	80.70981093877943	877	9	90	8	174	90	90	4	58	30	4391	0	0.031247854232788086	43900	26.123212337493896	35	99.92027334851936	
81.96014031455572	90.0	4.28	66.12	34.2	80.70981093877943	878	9	90	8	174	90	90	4	58	30	4395	0	0.01562356948852539	43950	26.138835906982422	35	99.92036405005689	
81.95988057427569	90.0	4.36	68.44	35.4	80.70981093877943	879	9	90	8	174	90	90	4	58	30	4400	0	0.031248807907104492	44000	26.170084714889526	35	99.92045454545455	
81.95385000829627	90.0	4.04	59.16	30.6	80.70981093877943	880	9	90	6	116	60	90	4	58	30	4401	0	0.031247377395629883	44050	26.201332092285156	35	99.9205448354143	
81.95226406402315	90.0	4.36	68.44	35.4	80.70981093877943	881	9	90	8	174	90	90	4	58	30	4406	0	0.015624046325683594	44100	26.21695613861084	35	99.92063492063492	
81.96705981948928	90.0	4.68	77.72	40.2	80.70981093877943	882	9	90	8	174	90	90	4	58	30	4415	0	0.031247377395629883	44150	26.24820351600647	35	99.920724801812	
81.95839181901209	90.0	4.76	80.04	41.4	80.70981093877943	883	9	90	8	174	90	90	4	58	30	4425	0	0.031248092651367188	44200	26.279451608657837	35	99.92081447963801	
81.95268585771281	90.0	4.28	66.12	34.2	80.70981093877943	884	9	90	8	174	90	90	4	58	30	4429	0	0.031247854232788086	44250	26.310699462890625	35	99.92090395480226	
81.95226406402315	90.0	4.36	68.44	35.4	80.70981093877943	885	9	90	8	174	90	90	4	58	30	4434	0	0.03124833106994629	44300	26.34194779396057	35	99.92099322799098	
81.95309007666539	90.0	4.2	63.8	33.0	80.70981093877943	886	9	90	8	174	90	90	4	58	30	4437	0	0.01562356948852539	44350	26.357571363449097	35	99.92108229988726	
81.94340024405851	90.0	4.52	73.08	37.8	80.70981093877943	887	9	90	8	174	90	90	4	58	30	4444	0	0.031247377395629883	44400	26.388818740844727	35	99.92117117117117	
81.95226406402315	90.0	4.36	68.44	35.4	80.70981093877943	888	9	90	8	174	90	90	4	58	30	4449	0	0.015623807907104492	44450	26.40444254875183	35	99.92125984251969	
81.95988057427569	90.0	4.36	68.44	35.4	80.70981093877943	889	9	90	8	174	90	90	4	58	30	4454	0	0.015624046325683594	44500	26.420066595077515	35	99.92134831460675	
81.95268585771281	90.0	4.28	66.12	34.2	80.70981093877943	890	9	90	8	174	90	90	4	58	30	4458	0	0.031248092651367188	44550	26.451314687728882	35	99.92143658810325	
81.94984646604584	90.0	4.76	80.04	41.4	80.70981093877943	891	9	90	8	174	90	90	4	58	30	4468	0	0.03124833106994629	44600	26.482563018798828	35	99.92152466367713	
81.96717676246482	90.0	4.6	75.4	39.0	80.70981093877943	892	9	90	8	174	90	90	4	58	30	4476	0	0.01562356948852539	44650	26.498186588287354	35	99.92161254199328	
81.94632760358692	90.0	4.12	61.48	31.8	80.70981093877943	893	9	90	8	174	90	90	4	58	30	4478	0	0.015623807907104492	44700	26.513810396194458	35	99.92170022371364	
81.9596092899832	90.0	4.44	70.76	36.6	80.70981093877943	894	9	90	8	174	90	90	4	58	30	4484	0	0.031247854232788086	44750	26.545058250427246	35	99.92178770949721	
81.95268585771281	90.0	4.28	66.12	34.2	80.70981093877943	895	9	90	8	174	90	90	4	58	30	4488	0	0.031247854232788086	44800	26.576306104660034	35	99.921875	
81.9508809730873	90.0	4.6	75.4	39.0	80.70981093877943	896	9	90	8	174	90	90	4	58	30	4496	0	0.031248092651367188	44850	26.6075541973114	35	99.92196209587514	
81.95268585771281	90.0	4.28	66.12	34.2	80.70981093877943	897	9	90	8	174	90	90	4	58	30	4500	0	0.015623807907104492	44900	26.623178005218506	35	99.92204899777283	
81.95226406402315	90.0	4.36	68.44	35.4	80.70981093877943	898	9	90	8	174	90	90	4	58	30	4505	0	0.03124833106994629	44950	26.654426336288452	35	99.92213570634038	
81.9452314008699	90.0	4.28	66.12	34.2	80.70981093877943	899	9	90	8	174	90	90	4	58	30	4509	0	0.03124690055847168	45000	26.685673236846924	35	99.92222222222222	
81.95871792730793	90.0	4.68	77.72	40.2	80.70981093877943	900	9	90	8	174	90	90	4	58	30	4518	0	0.031247854232788086	45050	26.716921091079712	35	99.92230854605994	
81.95902886777606	90.0	4.6	75.4	39.0	80.70981093877943	901	9	90	8	174	90	90	4	58	30	4526	0	0.03124833106994629	45100	26.748169422149658	35	99.92239467849224	
81.9452314008699	90.0	4.28	66.12	34.2	80.70981093877943	902	9	90	8	174	90	90	4	58	30	4530	0	0.015624284744262695	45150	26.76379370689392	35	99.92248062015504	
81.9452314008699	90.0	4.28	66.12	34.2	80.70981093877943	903	9	90	8	174	90	90	4	58	30	4534	0	0.031249046325683594	45200	26.795042753219604	35	99.92256637168141	
81.9596092899832	90.0	4.44	70.76	36.6	80.70981093877943	904	9	90	8	174	90	90	4	58	30	4540	0	0.031246662139892578	45250	26.826289415359497	35	99.92265193370166	
81.95268585771281	90.0	4.28	66.12	34.2	80.70981093877943	905	9	90	8	174	90	90	4	58	30	4544	0	0.031247615814208984	45300	26.857537031173706	35	99.92273730684327	
81.94053143172064	90.0	4.84	82.36	42.6	80.70981093877943	906	9	90	8	174	90	90	4	58	30	4555	0	0.031247615814208984	45350	26.888784646987915	35	99.92282249173098	
81.94579092100672	90.0	4.2	63.8	33.0	80.70981093877943	907	9	90	8	174	90	90	4	58	30	4558	0	0.0156252384185791	45400	26.904409885406494	35	99.92290748898678	
81.9508809730873	90.0	4.6	75.4	39.0	80.70981093877943	908	9	90	8	174	90	90	4	58	30	4566	0	0.03124713897705078	45450	26.935657024383545	35	99.92299229922992	
81.97595393570955	90.0	5.16	91.64	47.4	80.70981093877943	909	9	90	8	174	90	90	4	58	30	4581	0	0.03124713897705078	45500	26.966904163360596	35	99.92307692307692	
81.96768838798276	90.0	4.2	63.8	33.0	80.70981093877943	910	9	90	8	174	90	90	4	58	30	4584	0	0.03124856948852539	45550	26.99815273284912	35	99.92316136114161	
81.94684281886393	90.0	4.04	59.16	30.6	80.70981093877943	911	9	90	6	116	60	90	4	58	30	4584	0	0.015624046325683594	45600	27.013776779174805	35	99.92324561403508	
81.97540171167063	90.0	4.68	77.72	40.2	80.70981093877943	912	9	90	8	174	90	90	4	58	30	4593	0	0.031248092651367188	45650	27.045024871826172	35	99.92332968236583	
81.95226406402315	90.0	4.36	68.44	35.4	80.70981093877943	913	9	90	8	174	90	90	4	58	30	4598	0	0.031246423721313477	45700	27.076271295547485	35	99.92341356673961	
81.95347779688522	90.0	4.12	61.48	31.8	80.70981093877943	914	9	90	8	174	90	90	4	58	30	4600	0	0.03125	45750	27.107521295547485	35	99.92349726775956	
81.95347779688522	90.0	4.12	61.48	31.8	80.70981093877943	915	9	90	8	174	90	90	4	58	30	4602	0	0.015622615814208984	45800	27.123143911361694	35	99.9235807860262	
81.94684281886393	90.0	4.04	59.16	30.6	80.70981093877943	916	9	90	6	116	60	90	4	58	30	4602	0	0.015624046325683594	45850	27.138767957687378	35	99.92366412213741	
81.96739505601914	90.0	4.44	70.76	36.6	80.70981093877943	917	9	90	8	174	90	90	4	58	30	4608	0	0.031248092651367188	45900	27.170016050338745	35	99.92374727668846	
81.97525110511457	90.0	4.52	73.08	37.8	80.70981093877943	918	9	90	8	174	90	90	4	58	30	4615	0	0.031247854232788086	45950	27.201263904571533	35	99.92383025027203	
81.94464755377062	90.0	4.36	68.44	35.4	80.70981093877943	919	9	90	8	174	90	90	4	58	30	4620	0	0.015623092651367188	46000	27.2168869972229	35	99.92391304347827	
81.96717676246482	90.0	4.6	75.4	39.0	80.70981093877943	920	9	90	8	174	90	90	4	58	30	4628	0	0.031248807907104492	46050	27.248135805130005	35	99.92399565689468	
81.95309007666539	90.0	4.2	63.8	33.0	80.70981093877943	921	9	90	8	174	90	90	4	58	30	4631	0	0.015624523162841797	46100	27.263760328292847	35	99.9240780911063	
81.94464755377062	90.0	4.36	68.44	35.4	80.70981093877943	922	9	90	8	174	90	90	4	58	30	4636	0	0.04687070846557617	46150	27.310631036758423	35	99.92416034669556	
81.95226406402315	90.0	4.36	68.44	35.4	80.70981093877943	923	9	90	8	174	90	90	4	58	30	4641	0	0.031247377395629883	46200	27.341878414154053	35	99.92424242424242	
81.95988057427569	90.0	4.36	68.44	35.4	80.70981093877943	924	9	90	8	174	90	90	4	58	30	4646	0	0.015625	46250	27.357503414154053	35	99.92432432432433	
81.96014031455572	90.0	4.28	66.12	34.2	80.70981093877943	925	9	90	8	174	90	90	4	58	30	4650	0	0.01562356948852539	46300	27.373126983642578	35	99.9244060475162	
81.95309007666539	90.0	4.2	63.8	33.0	80.70981093877943	926	9	90	8	174	90	90	4	58	30	4653	0	0.031247854232788086	46350	27.404374837875366	35	99.92448759439051	
81.95932567458654	90.0	4.52	73.08	37.8	80.70981093877943	927	9	90	8	174	90	90	4	58	30	4660	0	0.031247615814208984	46400	27.435622453689575	35	99.92456896551724	
81.96759477139862	90.0	4.28	66.12	34.2	80.70981093877943	928	9	90	8	174	90	90	4	58	30	4664	0	0.031247854232788086	46450	27.466870307922363	35	99.92465016146394	
81.9452314008699	90.0	4.28	66.12	34.2	80.70981093877943	929	9	90	8	174	90	90	4	58	30	4668	0	0.031247615814208984	46500	27.498117923736572	35	99.9247311827957	
81.96759477139862	90.0	4.28	66.12	34.2	80.70981093877943	930	9	90	8	174	90	90	4	58	30	4672	0	0.031248092651367188	46550	27.52936601638794	35	99.92481203007519	
81.95182352394728	90.0	4.44	70.76	36.6	80.70981093877943	931	9	90	8	174	90	90	4	58	30	4678	0	0.031247854232788086	46600	27.560613870620728	35	99.92489270386267	
81.94340024405851	90.0	4.52	73.08	37.8	80.70981093877943	932	9	90	8	174	90	90	4	58	30	4685	0	0.031248092651367188	46650	27.591861963272095	35	99.92497320471597	
81.94632760358692	90.0	4.12	61.48	31.8	80.70981093877943	933	9	90	8	174	90	90	4	58	30	4687	0	0.015624046325683594	46700	27.60748600959778	35	99.92505353319058	
81.96705981948928	90.0	4.68	77.72	40.2	80.70981093877943	934	9	90	8	174	90	90	4	58	30	4696	0	0.015623092651367188	46750	27.623109102249146	35	99.92513368983957	
81.95268585771281	90.0	4.28	66.12	34.2	80.70981093877943	935	9	90	8	174	90	90	4	58	30	4700	0	0.03124833106994629	46800	27.654357433319092	35	99.92521367521367	
81.96717676246482	90.0	4.6	75.4	39.0	80.70981093877943	936	9	90	8	174	90	90	4	58	30	4708	0	0.03124833106994629	46850	27.685605764389038	35	99.92529348986126	
81.96680839209189	90.0	4.84	82.36	42.6	80.70981093877943	937	9	90	8	174	90	90	4	58	30	4719	0	0.04687190055847168	46900	27.73247766494751	35	99.92537313432835	
81.94403775791136	90.0	4.44	70.76	36.6	80.70981093877943	938	9	90	8	174	90	90	4	58	30	4725	0	0.031247377395629883	46950	27.76372504234314	35	99.92545260915868	
81.95037603512658	90.0	4.68	77.72	40.2	80.70981093877943	939	9	90	8	174	90	90	4	58	30	4734	0	0.015624046325683594	47000	27.779349088668823	35	99.92553191489361	
81.96693717197836	90.0	4.76	80.04	41.4	80.70981093877943	940	9	90	8	174	90	90	4	58	30	4744	0	0.031248092651367188	47050	27.81059718132019	35	99.92561105207227	
81.95902886777606	90.0	4.6	75.4	39.0	80.70981093877943	941	9	90	8	174	90	90	4	58	30	4752	0	0.031247854232788086	47100	27.84184503555298	35	99.92569002123142	
81.95182352394728	90.0	4.44	70.76	36.6	80.70981093877943	942	9	90	8	174	90	90	4	58	30	4758	0	0.015624523162841797	47150	27.85746955871582	35	99.92576882290562	
81.95932567458654	90.0	4.52	73.08	37.8	80.70981093877943	943	9	90	8	174	90	90	4	58	30	4765	0	0.015623331069946289	47200	27.873092889785767	35	99.92584745762711	
81.94340024405851	90.0	4.52	73.08	37.8	80.70981093877943	944	9	90	8	174	90	90	4	58	30	4772	0	0.04687190055847168	47250	27.91996479034424	35	99.92592592592592	
81.95347779688522	90.0	4.12	61.48	31.8	80.70981093877943	945	9	90	8	174	90	90	4	58	30	4774	0	0.031247377395629883	47300	27.951212167739868	35	99.92600422832982	
81.94403775791136	90.0	4.44	70.76	36.6	80.70981093877943	946	9	90	8	174	90	90	4	58	30	4780	0	0.03124833106994629	47350	27.982460498809814	35	99.92608236536431	
81.9452314008699	90.0	4.28	66.12	34.2	80.70981093877943	947	9	90	8	174	90	90	4	58	30	4784	0	0.015623331069946289	47400	27.99808382987976	35	99.92616033755274	
81.9508809730873	90.0	4.6	75.4	39.0	80.70981093877943	948	9	90	8	174	90	90	4	58	30	4792	0	0.031247615814208984	47450	28.02933144569397	35	99.92623814541622	
81.95932567458654	90.0	4.52	73.08	37.8	80.70981093877943	949	9	90	8	174	90	90	4	58	30	4799	0	0.0312497615814209	47500	28.06058120727539	35	99.92631578947369	
81.94340024405851	90.0	4.52	73.08	37.8	80.70981093877943	950	9	90	8	174	90	90	4	58	30	4806	0	0.031246185302734375	47550	28.091827392578125	35	99.92639327024185	
81.94632760358692	90.0	4.12	61.48	31.8	80.70981093877943	951	9	90	8	174	90	90	4	58	30	4808	0	0.031247854232788086	47600	28.123075246810913	35	99.92647058823529	
81.95988057427569	90.0	4.36	68.44	35.4	80.70981093877943	952	9	90	8	174	90	90	4	58	30	4813	0	0.01562356948852539	47650	28.13869881629944	35	99.92654774396642	
81.95988057427569	90.0	4.36	68.44	35.4	80.70981093877943	953	9	90	8	174	90	90	4	58	30	4818	0	0.031247854232788086	47700	28.169946670532227	35	99.92662473794549	
81.95037603512658	90.0	4.68	77.72	40.2	80.70981093877943	954	9	90	8	174	90	90	4	58	30	4827	0	0.03124856948852539	47750	28.201195240020752	35	99.92670157068063	
81.94464755377062	90.0	4.36	68.44	35.4	80.70981093877943	955	9	90	8	174	90	90	4	58	30	4832	0	0.031247377395629883	47800	28.232442617416382	35	99.92677824267783	
81.95309007666539	90.0	4.2	63.8	33.0	80.70981093877943	956	9	90	8	174	90	90	4	58	30	4835	0	0.031247615814208984	47850	28.26369023323059	35	99.92685475444097	
81.95932567458654	90.0	4.52	73.08	37.8	80.70981093877943	957	9	90	8	174	90	90	4	58	30	4842	0	0.03124833106994629	47900	28.294938564300537	35	99.92693110647181	
81.95309007666539	90.0	4.2	63.8	33.0	80.70981093877943	958	9	90	8	174	90	90	4	58	30	4845	0	0.015625	47950	28.310563564300537	35	99.92700729927007	
81.9508809730873	90.0	4.6	75.4	39.0	80.70981093877943	959	9	90	8	174	90	90	4	58	30	4853	0	0.015622854232788086	48000	28.326186418533325	35	99.92708333333333	
81.94464755377062	90.0	4.36	68.44	35.4	80.70981093877943	960	9	90	8	174	90	90	4	58	30	4858	0	0.03124833106994629	48050	28.35743474960327	35	99.92715920915713	
81.94632760358692	90.0	4.12	61.48	31.8	80.70981093877943	961	9	90	8	174	90	90	4	58	30	4860	0	0.015623807907104492	48100	28.373058557510376	35	99.92723492723492	
81.95309007666539	90.0	4.2	63.8	33.0	80.70981093877943	962	9	90	8	174	90	90	4	58	30	4863	0	0.03124833106994629	48150	28.404306888580322	35	99.92731048805815	
81.9596092899832	90.0	4.44	70.76	36.6	80.70981093877943	963	9	90	8	174	90	90	4	58	30	4869	0	0.03124690055847168	48200	28.435553789138794	35	99.92738589211618	
81.9452314008699	90.0	4.28	66.12	34.2	80.70981093877943	964	9	90	8	174	90	90	4	58	30	4873	0	0.031247377395629883	48250	28.466801166534424	35	99.92746113989638	
81.94632760358692	90.0	4.12	61.48	31.8	80.70981093877943	965	9	90	8	174	90	90	4	58	30	4875	0	0.031249284744262695	48300	28.498050451278687	35	99.92753623188406	
81.9452314008699	90.0	4.28	66.12	34.2	80.70981093877943	966	9	90	8	174	90	90	4	58	30	4879	0	0.015622854232788086	48350	28.513673305511475	35	99.92761116856256	
81.96038923232408	90.0	4.2	63.8	33.0	80.70981093877943	967	9	90	8	174	90	90	4	58	30	4882	0	0.031248092651367188	48400	28.544921398162842	35	99.92768595041322	
81.95309007666539	90.0	4.2	63.8	33.0	80.70981093877943	968	9	90	8	174	90	90	4	58	30	4885	0	0.03124833106994629	48450	28.576169729232788	35	99.92776057791538	
81.95268585771281	90.0	4.28	66.12	34.2	80.70981093877943	969	9	90	8	174	90	90	4	58	30	4889	0	0.03124713897705078	48500	28.60741686820984	35	99.9278350515464	
81.95268585771281	90.0	4.28	66.12	34.2	80.70981093877943	970	9	90	8	174	90	90	4	58	30	4893	0	0.031248092651367188	48550	28.638664960861206	35	99.92790937178167	
81.95804940530147	90.0	4.84	82.36	42.6	80.70981093877943	971	9	90	8	174	90	90	4	58	30	4904	0	0.015625	48600	28.654289960861206	35	99.92798353909465	
81.95268585771281	90.0	4.28	66.12	34.2	80.70981093877943	972	9	90	8	174	90	90	4	58	30	4908	0	0.03124690055847168	48650	28.685536861419678	35	99.92805755395683	
81.94579092100672	90.0	4.2	63.8	33.0	80.70981093877943	973	9	90	8	174	90	90	4	58	30	4911	0	0.015624046325683594	48700	28.70116090774536	35	99.92813141683779	
81.95268585771281	90.0	4.28	66.12	34.2	80.70981093877943	974	9	90	8	174	90	90	4	58	30	4915	0	0.015624284744262695	48750	28.716785192489624	35	99.92820512820512	
81.95309007666539	90.0	4.2	63.8	33.0	80.70981093877943	975	9	90	8	174	90	90	4	58	30	4918	0	0.031248807907104492	48800	28.74803400039673	35	99.92827868852459	
81.95902886777606	90.0	4.6	75.4	39.0	80.70981093877943	976	9	90	8	174	90	90	4	58	30	4926	0	0.015622138977050781	48850	28.76365613937378	35	99.92835209825998	
81.94684281886393	90.0	4.04	59.16	30.6	80.70981093877943	977	9	90	6	116	60	90	4	58	30	4927	0	0.015624761581420898	48900	28.7792809009552	35	99.92842535787321	
81.94984646604584	90.0	4.76	80.04	41.4	80.70981093877943	978	9	90	8	174	90	90	4	58	30	4937	0	0.046871185302734375	48950	28.826152086257935	35	99.92849846782431	
81.95268585771281	90.0	4.28	66.12	34.2	80.70981093877943	979	9	90	8	174	90	90	4	58	30	4941	0	0.015624523162841797	49000	28.841776609420776	35	99.92857142857143	
81.95902886777606	90.0	4.6	75.4	39.0	80.70981093877943	980	9	90	8	174	90	90	4	58	30	4949	0	0.03124713897705078	49050	28.873023748397827	35	99.92864424057085	
81.95988057427569	90.0	4.36	68.44	35.4	80.70981093877943	981	9	90	8	174	90	90	4	58	30	4954	0	0.031249046325683594	49100	28.90427279472351	35	99.92871690427698	
81.95136295932252	90.0	4.52	73.08	37.8	80.70981093877943	982	9	90	8	174	90	90	4	58	30	4961	0	0.03124690055847168	49150	28.935519695281982	35	99.92878942014242	
81.94684281886393	90.0	4.04	59.16	30.6	80.70981093877943	983	9	90	6	116	60	90	4	58	30	4962	0	0.015624523162841797	49200	28.951144218444824	35	99.92886178861788	
81.95309007666539	90.0	4.2	63.8	33.0	80.70981093877943	984	9	90	8	174	90	90	4	58	30	4965	0	0.03124856948852539	49250	28.98239278793335	35	99.92893401015229	
81.95309007666539	90.0	4.2	63.8	33.0	80.70981093877943	985	9	90	8	174	90	90	4	58	30	4968	0	0.03124690055847168	49300	29.01363968849182	35	99.9290060851927	
81.95347779688522	90.0	4.12	61.48	31.8	80.70981093877943	986	9	90	8	174	90	90	4	58	30	4970	0	0.015625	49350	29.02926468849182	35	99.9290780141844	
81.9508809730873	90.0	4.6	75.4	39.0	80.70981093877943	987	9	90	8	174	90	90	4	58	30	4978	0	0.04687213897705078	49400	29.076136827468872	35	99.92914979757084	
81.94340024405851	90.0	4.52	73.08	37.8	80.70981093877943	988	9	90	8	174	90	90	4	58	30	4985	0	0.015622377395629883	49450	29.091759204864502	35	99.92922143579374	
81.95268585771281	90.0	4.28	66.12	34.2	80.70981093877943	989	9	90	8	174	90	90	4	58	30	4989	0	0.03124856948852539	49500	29.123007774353027	35	99.92929292929293	
81.95871792730793	90.0	4.68	77.72	40.2	80.70981093877943	990	9	90	8	174	90	90	4	58	30	4998	0	0.031246423721313477	49550	29.15425419807434	35	99.92936427850655	
81.94684281886393	90.0	4.04	59.16	30.6	80.70981093877943	991	9	90	6	116	60	90	4	58	30	4998	0	0.03124833106994629	49600	29.185502529144287	35	99.92943548387096	
81.96014031455572	90.0	4.28	66.12	34.2	80.70981093877943	992	9	90	8	174	90	90	4	58	30	5002	0	0.031248807907104492	49650	29.21675133705139	35	99.92950654582074	
81.9452314008699	90.0	4.28	66.12	34.2	80.70981093877943	993	9	90	8	174	90	90	4	58	30	5006	0	0.03124690055847168	49700	29.247998237609863	35	99.92957746478874	
81.94579092100672	90.0	4.2	63.8	33.0	80.70981093877943	994	9	90	8	174	90	90	4	58	30	5009	0	0.031248092651367188	49750	29.27924633026123	35	99.92964824120602	
81.94579092100672	90.0	4.2	63.8	33.0	80.70981093877943	995	9	90	8	174	90	90	4	58	30	5012	0	0.015624284744262695	49800	29.294870615005493	35	99.929718875502	
81.94579092100672	90.0	4.2	63.8	33.0	80.70981093877943	996	9	90	8	174	90	90	4	58	30	5015	0	0.03124713897705078	49850	29.326117753982544	35	99.92978936810431	
81.94464755377062	90.0	4.36	68.44	35.4	80.70981093877943	997	9	90	8	174	90	90	4	58	30	5020	0	0.031248092651367188	49900	29.35736584663391	35	99.92985971943888	
81.96728838985054	90.0	4.52	73.08	37.8	80.70981093877943	998	9	90	8	174	90	90	4	58	30	5027	0	0.03124856948852539	49950	29.388614416122437	35	99.92992992992993	
81.94579092100672	90.0	4.2	63.8	33.0	80.70981093877943	999	9	90	8	174	90	90	4	58	30	5030	0	0.015624284744262695	50000	29.4042387008667	35	99.93	
81.95347779688522	90.0	4.12	61.48	31.8	80.70981093877943	1000	9	90	8	174	90	90	4	58	30	5032	0	0.03124713897705078	50050	29.43548583984375	35	99.93006993006993	
