ave_fitness	ave_genome_length	ave_tree_depth	ave_tree_nodes	ave_used_codons	best_fitness	gen	invalids	max_genome_length	max_tree_depth	max_tree_nodes	max_used_codons	min_genome_length	min_tree_depth	min_tree_nodes	min_used_codons	runtime_error	time_adjust	time_taken	total_inds	total_time	unique_inds	unused_search	
6.137188997073518e+30	101.0	6.5	130.5	67.5	2.4724274276192943	0	0	180	10	232	120	22	3	29	15	29	0	1.8592474460601807	50	1.8592474460601807	21	58.0	
5.023806671073771e+30	46.4	3.475	42.775	22.125	2.376047528462273	1	11	157	7.0	145.0	75.0	22	3.0	29.0	15.0	36	0	0.031248092651367188	100	1.8904955387115479	49	51.0	
1.0020811262071836e+16	48.16	3.122448979591837	32.55102040816327	16.836734693877553	2.376047528462273	2	13	135	5.0	87.0	45.0	22	3.0	29.0	15.0	39	0	0.015623807907104492	150	1.9061193466186523	85	43.333333333333336	
7694347558.289075	42.76	3.0408163265306123	30.183673469387756	15.612244897959183	2.3663751777422584	3	14	135	5.0	87.0	45.0	22	3.0	29.0	15.0	41	0	0.0156252384185791	200	1.9217445850372314	117	41.5	
1333853286.4828029	49.08	3.0208333333333335	29.604166666666668	15.3125	2.3663751777422584	4	16	135	4.0	58.0	30.0	22	3.0	29.0	15.0	45	0	0.015622854232788086	250	1.9373674392700195	144	42.400000000000006	
48.29129690908223	48.6	3.0	29.0	15.0	2.364240316643348	5	16	135	3	29	15	22	3	29	15	48	0	0.015623331069946289	300	1.9529907703399658	168	43.99999999999999	
16279092.524904491	46.32	3.12	32.48	16.8	2.353970878444744	6	16	135	7	145	75	22	3	29	15	56	0	0.015624284744262695	350	1.9686150550842285	195	44.285714285714285	
18.847455833247476	45.88	3.0	29.0	15.0	2.353970878444744	7	17	135	3.0	29.0	15.0	22	3.0	29.0	15.0	64	0	0.015624284744262695	400	1.9842393398284912	217	45.75	
160.95722765536843	35.5	3.0208333333333335	29.604166666666668	15.3125	2.3529120283837592	8	19	67	4.0	58.0	30.0	22	3.0	29.0	15.0	71	0	0.01562356948852539	450	1.9998629093170166	240	46.666666666666664	
163.648604803086	41.8	3.0208333333333335	29.604166666666668	15.3125	2.3473090413408806	9	21	67	4.0	58.0	30.0	22	3.0	29.0	15.0	79	0	0.015625	500	2.0154879093170166	261	47.8	
623012.0017411353	51.7	3.0	29.0	15.0	2.3473090413408806	10	21	67	3	29	15	22	3	29	15	87	0	0.031246662139892578	550	2.046734571456909	280	49.09090909090909	
296.079262850569	50.8	3.04	30.16	15.6	2.3473090413408806	11	21	67	4	58	30	22	3	29	15	95	0	0.015625715255737305	600	2.0623602867126465	302	49.66666666666667	
2.375403281742829	54.4	3.0408163265306123	30.183673469387756	15.612244897959183	2.3473090413408806	12	22	67	4.0	58.0	30.0	22	3.0	29.0	15.0	103	0	0.015622138977050781	650	2.0779824256896973	318	51.07692307692307	
229.7302150999485	55.3	3.06	30.74	15.9	2.3473090413408806	13	22	67	4	58	30	22	3	29	15	110	0	0.015624046325683594	700	2.093606472015381	335	52.14285714285714	
59.9427380972004	60.7	3.061224489795918	30.775510204081634	15.918367346938776	2.3473090413408806	14	23	67	4.0	58.0	30.0	22	3.0	29.0	15.0	117	0	0.015624284744262695	750	2.1092307567596436	358	52.266666666666666	
65.24549608069329	59.8	3.04	30.16	15.6	2.3473090413408806	15	23	67	4	58	30	22	3	29	15	127	0	0.031247377395629883	800	2.1404781341552734	374	53.25	
238.933837849703	63.4	3.08	31.32	16.2	2.3473090413408806	16	23	67	4	58	30	22	3	29	15	140	0	0.015624046325683594	850	2.156102180480957	389	54.23529411764706	
107114981.76901357	67.0	3.06	30.74	15.9	2.3473090413408806	17	23	67	4	58	30	67	3	29	15	152	0	0.015624046325683594	900	2.1717262268066406	408	54.66666666666667	
2.3943533311268257	67.0	3.08	31.32	16.2	2.3473090413408806	18	23	67	4	58	30	67	3	29	15	165	0	0.015624046325683594	950	2.187350273132324	417	56.10526315789473	
20428699.68006507	67.0	3.04	30.16	15.6	2.3473090413408806	19	23	67	4	58	30	67	3	29	15	174	0	0.015623331069946289	1000	2.2029736042022705	435	56.5	
3.195087864643448	67.0	3.02	29.58	15.3	2.3473090413408806	20	23	67	4	58	30	67	3	29	15	181	0	0.015624761581420898	1050	2.2185983657836914	446	57.52380952380952	
3.0714296181418748	67.0	3.02	29.58	15.3	2.3473090413408806	21	23	67	4	58	30	67	3	29	15	188	0	0.01562356948852539	1100	2.234221935272217	456	58.54545454545455	
2.42672598003915	67.0	3.04	30.16	15.6	2.3473090413408806	22	23	67	4	58	30	67	3	29	15	198	0	0.031247854232788086	1150	2.265469789505005	465	59.56521739130435	
84.88058922681616	67.0	3.02	29.58	15.3	2.3473090413408806	23	23	67	4	58	30	67	3	29	15	210	0	0.015624046325683594	1200	2.2810938358306885	475	60.41666666666667	
201.8160165974661	67.0	3.02	29.58	15.3	2.3473090413408806	24	23	67	4	58	30	67	3	29	15	220	0	0.015623807907104492	1250	2.296717643737793	489	60.88	
150.79749791512288	67.0	3.06	30.74	15.9	2.3473090413408806	25	23	67	4	58	30	67	3	29	15	229	0	0.015624284744262695	1300	2.3123419284820557	503	61.30769230769231	
175.577821227776	67.0	3.04	30.16	15.6	2.3473090413408806	26	23	67	4	58	30	67	3	29	15	237	0	0.015623331069946289	1350	2.327965259552002	512	62.074074074074076	
9.82944595988734	67.0	3.04	30.16	15.6	2.3473090413408806	27	23	67	4	58	30	67	3	29	15	244	0	0.015625715255737305	1400	2.3435909748077393	521	62.785714285714285	
53.2061395008019	67.0	3.0	29.0	15.0	2.3473090413408806	28	23	67	3	29	15	67	3	29	15	249	0	0.015623331069946289	1450	2.3592143058776855	535	63.103448275862064	
64.85253157026156	67.0	3.08	31.32	16.2	2.3473090413408806	29	23	67	4	58	30	67	3	29	15	260	0	0.015622854232788086	1500	2.3748371601104736	542	63.86666666666667	
22.352742972974905	67.0	3.02	29.58	15.3	2.3473090413408806	30	23	67	4	58	30	67	3	29	15	268	0	0.015624523162841797	1550	2.3904616832733154	560	63.87096774193549	
91.02286854311907	67.0	3.04	30.16	15.6	2.3473090413408806	31	23	67	4	58	30	67	3	29	15	275	0	0.0	1600	2.3904616832733154	576	64.0	
119.88637854944956	67.0	3.04	30.16	15.6	2.3473090413408806	32	23	67	4	58	30	67	3	29	15	282	0	0.01562356948852539	1650	2.406085252761841	600	63.63636363636363	
70.89571171198305	67.0	3.0	29.0	15.0	2.3473090413408806	33	23	67	3	29	15	67	3	29	15	284	0	0.015625	1700	2.421710252761841	621	63.470588235294116	
636020078.9510567	67.0	3.0	29.0	15.0	2.3471632985101416	34	23	67	3	29	15	67	3	29	15	290	0	0.015623092651367188	1750	2.437333345413208	636	63.65714285714286	
61.539128669554884	67.0	3.04	30.16	15.6	2.3471632985101416	35	23	67	4	58	30	67	3	29	15	300	0	0.0	1800	2.437333345413208	649	63.94444444444444	
68.16053679774059	67.0	3.1	31.9	16.5	2.3471632985101416	36	23	67	4	58	30	67	3	29	15	313	0	0.03124833106994629	1850	2.4685816764831543	658	64.43243243243244	
120.2465429623948	67.0	3.02	29.58	15.3	2.3471632985101416	37	23	67	4	58	30	67	3	29	15	322	0	0.015623331069946289	1900	2.4842050075531006	673	64.57894736842105	
197.271347366831	67.0	3.02	29.58	15.3	2.3471632985101416	38	23	67	4	58	30	67	3	29	15	331	0	0.015623807907104492	1950	2.499828815460205	691	64.56410256410257	
82702.18808293487	67.0	3.0	29.0	15.0	2.3471632985101416	39	23	67	3	29	15	67	3	29	15	341	0	0.015624284744262695	2000	2.5154531002044678	715	64.25	
2.534953028598244	67.0	3.04	30.16	15.6	2.3471632985101416	40	23	67	4	58	30	67	3	29	15	348	0	0.01562356948852539	2050	2.531076669692993	733	64.2439024390244	
56166083.947114676	67.0	3.04	30.16	15.6	2.3471632985101416	41	23	67	4	58	30	67	3	29	15	355	0	0.015624284744262695	2100	2.546700954437256	749	64.33333333333333	
63.19200646911053	67.0	3.04	30.16	15.6	2.3471632985101416	42	23	67	4	58	30	67	3	29	15	365	0	0.0	2150	2.546700954437256	767	64.32558139534883	
40395.04931122358	67.0	3.04	30.16	15.6	2.3471632985101416	43	23	67	4	58	30	67	3	29	15	374	0	0.03124833106994629	2200	2.577949285507202	784	64.36363636363636	
40571.55651295911	67.0	3.06	30.74	15.9	2.3471632985101416	44	23	67	4	58	30	67	3	29	15	383	0	0.015622615814208984	2250	2.593571901321411	796	64.62222222222222	
44.81748385345117	67.0	3.0	29.0	15.0	2.3471632985101416	45	23	67	3	29	15	67	3	29	15	390	0	0.015624284744262695	2300	2.609196186065674	813	64.65217391304347	
61.207306095714785	67.0	3.02	29.58	15.3	2.3471632985101416	46	23	67	4	58	30	67	3	29	15	399	0	0.015624523162841797	2350	2.6248207092285156	825	64.8936170212766	
140.19350443193284	67.0	3.06	30.74	15.9	2.3471632985101416	47	23	67	4	58	30	67	3	29	15	407	0	0.015623092651367188	2400	2.640443801879883	837	65.125	
43691.63841974535	67.0	3.04	30.16	15.6	2.3471632985101416	48	23	67	4	58	30	67	3	29	15	419	0	0.015624761581420898	2450	2.6560685634613037	846	65.46938775510205	
122.90927637199555	67.0	3.04	30.16	15.6	2.3471632985101416	49	23	67	4	58	30	67	3	29	15	429	0	0.01562356948852539	2500	2.671692132949829	857	65.72	
69.1534515239702	67.0	3.04	30.16	15.6	2.3471632985101416	50	23	67	4	58	30	67	3	29	15	443	0	0.015624046325683594	2550	2.6873161792755127	864	66.11764705882354	
718088.3757732098	67.0	3.06	30.74	15.9	2.3471632985101416	51	23	67	4	58	30	67	3	29	15	454	0	0.0156252384185791	2600	2.702941417694092	875	66.34615384615384	
43496.9884042212	67.0	3.08	31.32	16.2	2.3471632985101416	52	23	67	4	58	30	67	3	29	15	466	0	0.015622615814208984	2650	2.718564033508301	887	66.52830188679245	
43518.31013027881	67.0	3.02	29.58	15.3	2.3471632985101416	53	23	67	4	58	30	67	3	29	15	478	0	0.015624523162841797	2700	2.7341885566711426	898	66.74074074074073	
68.82406248412339	67.0	3.04	30.16	15.6	2.3471632985101416	54	23	67	4	58	30	67	3	29	15	486	0	0.015622854232788086	2750	2.7498114109039307	909	66.94545454545454	
88733335.66589606	67.0	3.04	30.16	15.6	2.3471632985101416	55	23	67	4	58	30	67	3	29	15	495	0	0.015623807907104492	2800	2.765435218811035	919	67.17857142857142	
180.99960473624134	67.0	3.04	30.16	15.6	2.3471632985101416	56	23	67	4	58	30	67	3	29	15	504	0	0.0	2850	2.765435218811035	928	67.43859649122807	
6.258573495966187	67.0	3.04	30.16	15.6	2.3471632985101416	57	23	67	4	58	30	67	3	29	15	510	0	0.031248092651367188	2900	2.7966833114624023	935	67.75862068965517	
2.3853407224867973	67.0	3.1	31.9	16.5	2.3471632985101416	58	23	67	4	58	30	67	3	29	15	519	0	0.015623807907104492	2950	2.812307119369507	946	67.9322033898305	
29515.157289526254	67.0	3.02	29.58	15.3	2.3471632985101416	59	23	67	4	58	30	67	3	29	15	529	0	0.015624523162841797	3000	2.8279316425323486	954	68.2	
633785.0056754375	67.0	3.04	30.16	15.6	2.3471632985101416	60	23	67	4	58	30	67	3	29	15	541	0	0.015623331069946289	3050	2.843554973602295	959	68.55737704918033	
35605.99685721446	67.0	3.02	29.58	15.3	2.3471632985101416	61	23	67	4	58	30	67	3	29	15	544	0	0.015625715255737305	3100	2.8591806888580322	974	68.58064516129032	
104.85096086044132	67.0	3.04	30.16	15.6	2.3471632985101416	62	23	67	4	58	30	67	3	29	15	549	0	0.015622854232788086	3150	2.8748035430908203	984	68.76190476190476	
19074.76038887655	67.0	3.06	30.74	15.9	2.3471632985101416	63	23	67	4	58	30	67	3	29	15	558	0	0.015624046325683594	3200	2.890427589416504	1003	68.65625	
173.09143555726354	67.0	3.02	29.58	15.3	2.3471632985101416	64	23	67	4	58	30	67	3	29	15	566	0	0.0	3250	2.890427589416504	1013	68.83076923076922	
133.25704744352447	67.0	3.1	31.9	16.5	2.3471632985101416	65	23	67	4	58	30	67	3	29	15	575	0	0.031247377395629883	3300	2.921674966812134	1025	68.93939393939394	
60843.60324610673	67.0	3.04	30.16	15.6	2.3471632985101416	66	23	67	4	58	30	67	3	29	15	584	0	0.015623807907104492	3350	2.9372987747192383	1034	69.13432835820896	
92457.52599929075	67.0	3.04	30.16	15.6	2.3471632985101416	67	23	67	4	58	30	67	3	29	15	590	0	0.015624284744262695	3400	2.952923059463501	1048	69.17647058823529	
44578947370.803665	67.0	3.06	30.74	15.9	2.3471632985101416	68	23	67	4	58	30	67	3	29	15	603	0	0.01562356948852539	3450	2.9685466289520264	1059	69.30434782608695	
296.09757809377294	67.0	3.1	31.9	16.5	2.3471632985101416	69	23	67	4	58	30	67	3	29	15	616	0	0.015623807907104492	3500	2.984170436859131	1074	69.31428571428572	
602668910.3017398	67.0	3.04	30.16	15.6	2.3471632985101416	70	23	67	4	58	30	67	3	29	15	626	0	0.031247854232788086	3550	3.015418291091919	1093	69.21126760563381	
8.470000000000008e+22	67.0	3.02	29.58	15.3	2.3471632985101416	71	23	67	4	58	30	67	3	29	15	633	0	0.015624046325683594	3600	3.0310423374176025	1103	69.36111111111111	
153.1548271647317	67.0	3.0	29.0	15.0	2.3471632985101416	72	23	67	3	29	15	67	3	29	15	643	0	0.015623807907104492	3650	3.046666145324707	1112	69.53424657534246	
79293717.80069903	67.0	3.0	29.0	15.0	2.3471632985101416	73	23	67	3	29	15	67	3	29	15	647	0	0.015624761581420898	3700	3.062290906906128	1123	69.64864864864865	
135.353941148976	67.0	3.02	29.58	15.3	2.3471632985101416	74	23	67	4	58	30	67	3	29	15	654	0	0.015623092651367188	3750	3.077913999557495	1132	69.81333333333333	
414.6594921668253	67.0	3.04	30.16	15.6	2.3471632985101416	75	23	67	4	58	30	67	3	29	15	661	0	0.015624046325683594	3800	3.0935380458831787	1144	69.89473684210526	
59155766.823042974	67.0	3.04	30.16	15.6	2.3471632985101416	76	23	67	4	58	30	67	3	29	15	667	0	0.015624284744262695	3850	3.1091623306274414	1158	69.92207792207793	
87776.06135525394	67.0	3.06	30.74	15.9	2.3471632985101416	77	23	67	4	58	30	67	3	29	15	678	0	0.01562356948852539	3900	3.124785900115967	1171	69.97435897435898	
81392717.46453054	67.0	3.0	29.0	15.0	2.3471632985101416	78	23	67	3	29	15	67	3	29	15	686	0	0.015624523162841797	3950	3.1404104232788086	1186	69.97468354430379	
98073686.5945853	67.0	3.08	31.32	16.2	2.3471632985101416	79	23	67	4	58	30	67	3	29	15	699	0	0.01562356948852539	4000	3.156033992767334	1198	70.05	
84.41158764861484	67.0	3.0	29.0	15.0	2.3471632985101416	80	23	67	3	29	15	67	3	29	15	708	0	0.031247854232788086	4050	3.187281847000122	1211	70.09876543209876	
191.63008390520866	67.0	3.06	30.74	15.9	2.3471632985101416	81	23	67	4	58	30	67	3	29	15	713	0	0.0	4100	3.187281847000122	1225	70.1219512195122	
385000122.0773681	67.0	3.04	30.16	15.6	2.3471632985101416	82	23	67	4	58	30	67	3	29	15	720	0	0.01562356948852539	4150	3.2029054164886475	1238	70.16867469879517	
72.25811886919168	67.0	3.06	30.74	15.9	2.3471632985101416	83	23	67	4	58	30	67	3	29	15	726	0	0.015624046325683594	4200	3.218529462814331	1256	70.0952380952381	
246.08493028367832	67.0	3.06	30.74	15.9	2.3471632985101416	84	23	67	4	58	30	67	3	29	15	735	0	0.015624046325683594	4250	3.2341535091400146	1276	69.97647058823529	
5998.269147124271	67.0	3.06	30.74	15.9	2.3471632985101416	85	23	67	4	58	30	67	3	29	15	743	0	0.015623807907104492	4300	3.249777317047119	1298	69.81395348837209	
522.2979433245355	67.0	3.04	30.16	15.6	2.3471632985101416	86	23	67	4	58	30	67	3	29	15	752	0	0.015624523162841797	4350	3.265401840209961	1314	69.79310344827586	
38502.47036805203	67.0	3.04	30.16	15.6	2.3471632985101416	87	23	67	4	58	30	67	3	29	15	759	0	0.0	4400	3.265401840209961	1338	69.5909090909091	
840512475.2936567	67.0	3.02	29.58	15.3	2.3471632985101416	88	23	67	4	58	30	67	3	29	15	768	0	0.015623331069946289	4450	3.2810251712799072	1360	69.43820224719101	
9.618370383534737	67.0	3.04	30.16	15.6	2.3471632985101416	89	23	67	4	58	30	67	3	29	15	776	0	0.015624046325683594	4500	3.296649217605591	1380	69.33333333333334	
2.4838294653378172	67.0	3.04	30.16	15.6	2.3471632985101416	90	23	67	4	58	30	67	3	29	15	783	0	0.015624046325683594	4550	3.3122732639312744	1403	69.16483516483517	
17280000065.35849	67.0	3.04	30.16	15.6	2.3471632985101416	91	23	67	4	58	30	67	3	29	15	792	0	0.015624284744262695	4600	3.327897548675537	1422	69.08695652173913	
56.10104400264545	67.0	3.06	30.74	15.9	2.3471632985101416	92	23	67	4	58	30	67	3	29	15	798	0	0.031247615814208984	4650	3.359145164489746	1444	68.94623655913978	
5003013954003076.0	67.0	3.06	30.74	15.9	2.3471632985101416	93	23	67	4	58	30	67	3	29	15	806	0	0.0	4700	3.359145164489746	1455	69.04255319148936	
190673512451.7344	67.0	3.04	30.16	15.6	2.3471632985101416	94	23	67	4	58	30	67	3	29	15	814	0	0.015623807907104492	4750	3.3747689723968506	1469	69.07368421052632	
56.682783990234206	67.0	3.08	31.32	16.2	2.3471632985101416	95	23	67	4	58	30	67	3	29	15	826	0	0.015624523162841797	4800	3.3903934955596924	1478	69.20833333333333	
44866.261097291266	67.0	3.08	31.32	16.2	2.3471632985101416	96	23	67	4	58	30	67	3	29	15	839	0	0.031247377395629883	4850	3.4216408729553223	1486	69.36082474226804	
167325990.71881694	67.0	3.06	30.74	15.9	2.3471632985101416	97	23	67	4	58	30	67	3	29	15	848	0	0.015624523162841797	4900	3.437265396118164	1496	69.46938775510205	
135.57964765148589	67.0	3.02	29.58	15.3	2.3471632985101416	98	23	67	4	58	30	67	3	29	15	854	0	0.015624284744262695	4950	3.4528896808624268	1513	69.43434343434343	
149.8395349789378	67.0	3.06	30.74	15.9	2.3471632985101416	99	23	67	4	58	30	67	3	29	15	864	0	0.01562356948852539	5000	3.468513250350952	1524	69.52	
112.72050624835752	67.0	3.04	30.16	15.6	2.3471632985101416	100	23	67	4	58	30	67	3	29	15	870	0	0.03124713897705078	5050	3.499760389328003	1536	69.58415841584159	
195213373979.5383	67.0	3.04	30.16	15.6	2.3471632985101416	101	23	67	4	58	30	67	3	29	15	879	0	0.015625	5100	3.515385389328003	1547	69.66666666666666	
67.39338138415899	67.0	3.08	31.32	16.2	2.3471632985101416	102	23	67	4	58	30	67	3	29	15	892	0	0.015624284744262695	5150	3.5310096740722656	1557	69.76699029126213	
182199111272.16937	67.0	3.0	29.0	15.0	2.3471632985101416	103	23	67	3	29	15	67	3	29	15	898	0	0.015622615814208984	5200	3.5466322898864746	1571	69.78846153846153	
2.580735168823138	67.0	3.08	31.32	16.2	2.3471632985101416	104	23	67	4	58	30	67	3	29	15	905	0	0.031249046325683594	5250	3.577881336212158	1589	69.73333333333333	
166.5437735842841	67.0	3.06	30.74	15.9	2.3471632985101416	105	23	67	4	58	30	67	3	29	15	913	0	0.015622615814208984	5300	3.593503952026367	1598	69.84905660377359	
87.74443660212309	67.0	3.04	30.16	15.6	2.3471632985101416	106	23	67	4	58	30	67	3	29	15	923	0	0.015624284744262695	5350	3.60912823677063	1609	69.92523364485982	
57.139718976090485	67.0	3.0	29.0	15.0	2.3471632985101416	107	23	67	3	29	15	67	3	29	15	928	0	0.0	5400	3.60912823677063	1616	70.07407407407408	
2.3901289409082462	67.0	3.0	29.0	15.0	2.3471632985101416	108	23	67	3	29	15	67	3	29	15	934	0	0.031248092651367188	5450	3.640376329421997	1632	70.05504587155963	
1.1459613362149874e+16	67.0	3.08	31.32	16.2	2.3471632985101416	109	23	67	4	58	30	67	3	29	15	947	0	0.015623807907104492	5500	3.6560001373291016	1644	70.10909090909091	
285.59286215821925	67.0	3.08	31.32	16.2	2.3471632985101416	110	23	67	4	58	30	67	3	29	15	957	0	0.015623331069946289	5550	3.671623468399048	1656	70.16216216216216	
187.52131505725575	67.0	3.02	29.58	15.3	2.3471632985101416	111	23	67	4	58	30	67	3	29	15	967	0	0.015623807907104492	5600	3.6872472763061523	1666	70.25	
112064846.77814189	67.0	3.02	29.58	15.3	2.3471632985101416	112	23	67	4	58	30	67	3	29	15	980	0	0.015625953674316406	5650	3.7028732299804688	1675	70.35398230088495	
19067408.740520682	67.0	3.02	29.58	15.3	2.3471632985101416	113	23	67	4	58	30	67	3	29	15	988	0	0.031246185302734375	5700	3.734119415283203	1686	70.42105263157895	
350.27837297875874	67.0	3.06	30.74	15.9	2.3471632985101416	114	23	67	4	58	30	67	3	29	15	997	0	0.0156252384185791	5750	3.7497446537017822	1695	70.52173913043478	
65.73938600965344	67.0	3.08	31.32	16.2	2.3471632985101416	115	23	67	4	58	30	67	3	29	15	1009	0	0.015622615814208984	5800	3.765367269515991	1706	70.58620689655172	
316.26208589195755	67.0	3.0	29.0	15.0	2.3471632985101416	116	23	67	3	29	15	67	3	29	15	1017	0	0.015624284744262695	5850	3.780991554260254	1716	70.66666666666667	
96.54904201752647	67.0	3.02	29.58	15.3	2.3471632985101416	117	23	67	4	58	30	67	3	29	15	1023	0	0.01562356948852539	5900	3.7966151237487793	1728	70.71186440677965	
56.10004464721422	67.0	3.02	29.58	15.3	2.3471632985101416	118	23	67	4	58	30	67	3	29	15	1028	0	0.031249523162841797	5950	3.827864646911621	1735	70.84033613445378	
2102572758.069973	67.0	3.04	30.16	15.6	2.3471632985101416	119	23	67	4	58	30	67	3	29	15	1040	0	0.015622138977050781	6000	3.843486785888672	1738	71.03333333333333	
6502482.622209466	67.0	3.06	30.74	15.9	2.3471632985101416	120	23	67	4	58	30	67	3	29	15	1053	0	0.01562356948852539	6050	3.8591103553771973	1746	71.14049586776859	
17133.842532119652	67.0	3.0	29.0	15.0	2.3471632985101416	121	23	67	3	29	15	67	3	29	15	1056	0	0.015624284744262695	6100	3.87473464012146	1756	71.21311475409836	
1822229734.476654	67.0	3.04	30.16	15.6	2.3471632985101416	122	23	67	4	58	30	67	3	29	15	1062	0	0.015625	6150	3.89035964012146	1760	71.3821138211382	
6691.048450755474	67.0	3.0	29.0	15.0	2.3471632985101416	123	23	67	3	29	15	67	3	29	15	1070	0	0.031248092651367188	6200	3.921607732772827	1774	71.38709677419355	
64.66412604034906	67.0	3.06	30.74	15.9	2.3471632985101416	124	23	67	4	58	30	67	3	29	15	1079	0	0.015622854232788086	6250	3.9372305870056152	1781	71.504	
576407.7454559173	67.0	3.04	30.16	15.6	2.3471632985101416	125	23	67	4	58	30	67	3	29	15	1085	0	0.015624046325683594	6300	3.952854633331299	1794	71.52380952380952	
393953628.4463348	67.0	3.04	30.16	15.6	2.3471632985101416	126	23	67	4	58	30	67	3	29	15	1093	0	0.01562356948852539	6350	3.968478202819824	1805	71.5748031496063	
169.2684321502222	67.0	3.06	30.74	15.9	2.3471632985101416	127	23	67	4	58	30	67	3	29	15	1099	0	0.015624046325683594	6400	3.984102249145508	1818	71.59375	
308.81821293264625	67.0	3.0	29.0	15.0	2.3471632985101416	128	23	67	3	29	15	67	3	29	15	1104	0	0.01562356948852539	6450	3.999725818634033	1829	71.64341085271317	
148.12314194668983	67.0	3.1	31.9	16.5	2.3471632985101416	129	23	67	4	58	30	67	3	29	15	1114	0	0.015624046325683594	6500	4.015349864959717	1836	71.75384615384615	
1.9911760000000004e+35	67.0	3.08	31.32	16.2	2.3471632985101416	130	23	67	4	58	30	67	3	29	15	1125	0	0.031249284744262695	6550	4.0465991497039795	1848	71.78625954198473	
72.11540995970397	67.0	3.04	30.16	15.6	2.3471632985101416	131	23	67	4	58	30	67	3	29	15	1131	0	0.015623092651367188	6600	4.062222242355347	1866	71.72727272727272	
41513.71582581474	67.0	3.06	30.74	15.9	2.3471632985101416	132	23	67	4	58	30	67	3	29	15	1141	0	0.015623331069946289	6650	4.077845573425293	1884	71.66917293233082	
244.8550112692881	67.0	3.02	29.58	15.3	2.3471632985101416	133	23	67	4	58	30	67	3	29	15	1148	0	0.015624523162841797	6700	4.093470096588135	1896	71.70149253731343	
49604.889389491414	67.0	3.04	30.16	15.6	2.3471632985101416	134	23	67	4	58	30	67	3	29	15	1155	0	0.015624046325683594	6750	4.109094142913818	1911	71.6888888888889	
41521.60363636043	67.0	3.02	29.58	15.3	2.3471632985101416	135	23	67	4	58	30	67	3	29	15	1165	0	0.015624046325683594	6800	4.124718189239502	1924	71.70588235294117	
36224.52040143541	67.0	3.02	29.58	15.3	2.3471632985101416	136	23	67	4	58	30	67	3	29	15	1169	0	0.0	6850	4.124718189239502	1938	71.7080291970803	
9896752472765842.0	67.0	3.04	30.16	15.6	2.3471632985101416	137	23	67	4	58	30	67	3	29	15	1176	0	0.031247854232788086	6900	4.15596604347229	1945	71.81159420289855	
803276.3030608948	67.0	3.02	29.58	15.3	2.3471632985101416	138	23	67	4	58	30	67	3	29	15	1188	0	0.015623331069946289	6950	4.171589374542236	1961	71.7841726618705	
70.99079682622134	67.0	3.06	30.74	15.9	2.3471632985101416	139	23	67	4	58	30	67	3	29	15	1199	0	0.015623807907104492	7000	4.187213182449341	1979	71.72857142857143	
174445957577.14185	67.0	3.02	29.58	15.3	2.3471632985101416	140	23	67	4	58	30	67	3	29	15	1203	0	0.015624284744262695	7050	4.2028374671936035	1995	71.70212765957447	
8680720419767847.0	67.0	3.02	29.58	15.3	2.3471632985101416	141	23	67	4	58	30	67	3	29	15	1211	0	0.015623807907104492	7100	4.218461275100708	2015	71.61971830985915	
328198.3037121272	67.0	3.08	31.32	16.2	2.3471632985101416	142	23	67	4	58	30	67	3	29	15	1221	0	0.015624046325683594	7150	4.234085321426392	2027	71.65034965034965	
41440.01795734327	67.0	3.1	31.9	16.5	2.3471632985101416	143	23	67	4	58	30	67	3	29	15	1231	0	0.015623807907104492	7200	4.249709129333496	2038	71.69444444444444	
305983.71488199563	67.0	3.06	30.74	15.9	2.3471632985101416	144	23	67	4	58	30	67	3	29	15	1238	0	0.015623807907104492	7250	4.265332937240601	2052	71.69655172413793	
200.37074895824802	67.0	3.04	30.16	15.6	2.3471632985101416	145	23	67	4	58	30	67	3	29	15	1250	0	0.015624046325683594	7300	4.280956983566284	2064	71.72602739726027	
176.43432293504677	67.0	3.0	29.0	15.0	2.3471632985101416	146	23	67	3	29	15	67	3	29	15	1256	0	0.0	7350	4.280956983566284	2079	71.71428571428572	
2.394849089348417	67.0	3.06	30.74	15.9	2.3471632985101416	147	23	67	4	58	30	67	3	29	15	1266	0	0.015624046325683594	7400	4.296581029891968	2086	71.8108108108108	
74.88004670004409	67.0	3.04	30.16	15.6	2.3471632985101416	148	23	67	4	58	30	67	3	29	15	1275	0	0.015624523162841797	7450	4.31220555305481	2100	71.81208053691276	
187.36556473838235	67.0	3.08	31.32	16.2	2.3471632985101416	149	23	67	4	58	30	67	3	29	15	1286	0	0.0	7500	4.31220555305481	2105	71.93333333333334	
3.0495525073013434	67.0	3.06	30.74	15.9	2.3471632985101416	150	23	67	4	58	30	67	3	29	15	1296	0	0.031247377395629883	7550	4.3434529304504395	2117	71.96026490066225	
145.29385869316422	67.0	3.04	30.16	15.6	2.3471632985101416	151	23	67	4	58	30	67	3	29	15	1303	0	0.015624046325683594	7600	4.359076976776123	2134	71.92105263157895	
60.99536563726891	67.0	3.04	30.16	15.6	2.3471632985101416	152	23	67	4	58	30	67	3	29	15	1311	0	0.015623807907104492	7650	4.3747007846832275	2142	72.0	
114.68710521114562	67.0	3.02	29.58	15.3	2.3471632985101416	153	23	67	4	58	30	67	3	29	15	1318	0	0.01562356948852539	7700	4.390324354171753	2157	71.98701298701299	
68.02910450428271	67.0	3.04	30.16	15.6	2.3471632985101416	154	23	67	4	58	30	67	3	29	15	1331	0	0.015624523162841797	7750	4.405948877334595	2165	72.06451612903226	
120.73497666270671	67.0	3.06	30.74	15.9	2.3471632985101416	155	23	67	4	58	30	67	3	29	15	1340	0	0.015623092651367188	7800	4.421571969985962	2176	72.1025641025641	
163.77288952080758	67.0	3.08	31.32	16.2	2.3471632985101416	156	23	67	4	58	30	67	3	29	15	1354	0	0.015624523162841797	7850	4.437196493148804	2186	72.15286624203821	
64.74536899403354	67.0	3.1	31.9	16.5	2.3471632985101416	157	23	67	4	58	30	67	3	29	15	1365	0	0.015624284744262695	7900	4.452820777893066	2192	72.25316455696202	
64.23642006198826	67.0	3.04	30.16	15.6	2.3471632985101416	158	23	67	4	58	30	67	3	29	15	1377	0	0.015623331069946289	7950	4.468444108963013	2205	72.26415094339623	
204.4467698148031	67.0	3.12	32.48	16.8	2.3471632985101416	159	23	67	4	58	30	67	3	29	15	1386	0	0.0156252384185791	8000	4.484069347381592	2213	72.3375	
17772.505109795413	67.0	3.1	31.9	16.5	2.3471632985101416	160	23	67	4	58	30	67	3	29	15	1396	0	0.03124713897705078	8050	4.515316486358643	2225	72.36024844720497	
1.136613886202039e+25	67.0	3.0	29.0	15.0	2.3471632985101416	161	23	67	3	29	15	67	3	29	15	1404	0	0.015624523162841797	8100	4.530941009521484	2237	72.38271604938272	
151675620.716731	67.0	3.04	30.16	15.6	2.3471632985101416	162	23	67	4	58	30	67	3	29	15	1416	0	0.015622615814208984	8150	4.546563625335693	2245	72.45398773006134	
38266.66133319571	67.0	3.02	29.58	15.3	2.3471632985101416	163	23	67	4	58	30	67	3	29	15	1422	0	0.015623807907104492	8200	4.562187433242798	2250	72.5609756097561	
95559040.9717225	67.0	3.02	29.58	15.3	2.3471632985101416	164	23	67	4	58	30	67	3	29	15	1434	0	0.015624284744262695	8250	4.5778117179870605	2257	72.64242424242424	
205849006361.6955	67.0	3.04	30.16	15.6	2.3471632985101416	165	23	67	4	58	30	67	3	29	15	1445	0	0.01562356948852539	8300	4.593435287475586	2266	72.6987951807229	
171.1835941649401	67.0	3.16	33.64	17.4	2.3471632985101416	166	23	67	4	58	30	67	3	29	15	1463	0	0.031249046325683594	8350	4.6246843338012695	2270	72.81437125748502	
40336.44292489603	67.0	3.04	30.16	15.6	2.3471632985101416	167	23	67	4	58	30	67	3	29	15	1472	0	0.015624046325683594	8400	4.640308380126953	2278	72.88095238095238	
61.200499218016496	67.0	3.06	30.74	15.9	2.3471632985101416	168	23	67	4	58	30	67	3	29	15	1481	0	0.015623092651367188	8450	4.65593147277832	2284	72.97041420118343	
22.629557250578205	67.0	3.1	31.9	16.5	2.3471632985101416	169	23	67	6	116	60	67	3	29	15	1494	0	0.0156252384185791	8500	4.671556711196899	2289	73.07058823529411	
182.35986928941693	67.0	3.08	31.32	16.2	2.3471632985101416	170	23	67	4	58	30	67	3	29	15	1505	0	0.015622615814208984	8550	4.687179327011108	2296	73.14619883040936	
41564.133743450315	67.0	3.04	30.16	15.6	2.3471632985101416	171	23	67	4	58	30	67	3	29	15	1515	0	0.01562356948852539	8600	4.702802896499634	2303	73.22093023255815	
60.72479758849553	67.0	3.04	30.16	15.6	2.3471632985101416	172	23	67	4	58	30	67	3	29	15	1523	0	0.01562356948852539	8650	4.718426465988159	2316	73.22543352601156	
193.833625061989	67.0	3.04	30.16	15.6	2.3471632985101416	173	23	67	4	58	30	67	3	29	15	1530	0	0.015624761581420898	8700	4.73405122756958	2327	73.25287356321839	
60.45536873960289	67.0	3.04	30.16	15.6	2.3471632985101416	174	23	67	4	58	30	67	3	29	15	1538	0	0.015624046325683594	8750	4.749675273895264	2333	73.33714285714285	
413212111.4254637	67.0	3.06	30.74	15.9	2.3471632985101416	175	23	67	4	58	30	67	3	29	15	1548	0	0.015623331069946289	8800	4.76529860496521	2341	73.39772727272727	
1071627911799072.0	67.0	3.06	30.74	15.9	2.3471632985101416	176	23	67	4	58	30	67	3	29	15	1556	0	0.015624523162841797	8850	4.780923128128052	2348	73.46892655367232	
44783.042661832136	67.0	3.08	31.32	16.2	2.3471632985101416	177	23	67	4	58	30	67	3	29	15	1569	0	0.015624046325683594	8900	4.796547174453735	2352	73.57303370786516	
560910819.521883	67.0	3.06	30.74	15.9	2.3471632985101416	178	23	67	4	58	30	67	3	29	15	1577	0	0.01562356948852539	8950	4.812170743942261	2358	73.6536312849162	
2.42704615889035	67.0	3.04	30.16	15.6	2.3471632985101416	179	23	67	4	58	30	67	3	29	15	1582	0	0.0156252384185791	9000	4.82779598236084	2365	73.72222222222223	
89.11667257713864	67.0	3.06	30.74	15.9	2.3471632985101416	180	23	67	4	58	30	67	3	29	15	1592	0	0.0	9050	4.82779598236084	2368	73.8342541436464	
62.363574842603136	67.0	3.02	29.58	15.3	2.3471632985101416	181	23	67	4	58	30	67	3	29	15	1601	0	0.031246423721313477	9100	4.859042406082153	2374	73.91208791208791	
53.297711726399015	67.0	3.08	31.32	16.2	2.3471632985101416	182	23	67	4	58	30	67	3	29	15	1610	0	0.015624284744262695	9150	4.874666690826416	2383	73.95628415300547	
2.4380642445651306	67.0	3.02	29.58	15.3	2.3471632985101416	183	23	67	4	58	30	67	3	29	15	1622	0	0.015623331069946289	9200	4.890290021896362	2388	74.04347826086956	
45045.76004259086	67.0	3.08	31.32	16.2	2.3471632985101416	184	23	67	4	58	30	67	3	29	15	1632	0	0.015624046325683594	9250	4.905914068222046	2397	74.08648648648648	
38518.46898285501	67.0	3.0	29.0	15.0	2.3471632985101416	185	23	67	3	29	15	67	3	29	15	1639	0	0.0156252384185791	9300	4.921539306640625	2409	74.09677419354838	
148.82253274762232	67.0	3.08	31.32	16.2	2.3471632985101416	186	23	67	4	58	30	67	3	29	15	1649	0	0.031246662139892578	9350	4.952785968780518	2411	74.21390374331551	
1230358715.6599321	67.0	3.06	30.74	15.9	2.3471632985101416	187	23	67	4	58	30	67	3	29	15	1660	0	0.015625	9400	4.968410968780518	2418	74.27659574468085	
317835.82521183667	67.0	3.02	29.58	15.3	2.3471632985101416	188	23	67	4	58	30	67	3	29	15	1666	0	0.015623092651367188	9450	4.984034061431885	2429	74.29629629629629	
1.7444595744681075e+35	67.0	3.04	30.16	15.6	2.3471632985101416	189	23	67	4	58	30	67	3	29	15	1670	0	0.015624046325683594	9500	4.999658107757568	2437	74.34736842105264	
616.1856096213893	67.0	3.04	30.16	15.6	2.3471632985101416	190	23	67	4	58	30	67	3	29	15	1676	0	0.015625	9550	5.015283107757568	2445	74.3979057591623	
44699.19367904	67.0	3.08	31.32	16.2	2.3471632985101416	191	23	67	4	58	30	67	3	29	15	1689	0	0.015623331069946289	9600	5.030906438827515	2452	74.45833333333333	
403373669.040435	67.0	3.06	30.74	15.9	2.3471632985101416	192	23	67	4	58	30	67	3	29	15	1698	0	0.0156252384185791	9650	5.046531677246094	2464	74.46632124352331	
125.69268999898034	67.0	3.08	31.32	16.2	2.3471632985101416	193	23	67	4	58	30	67	3	29	15	1707	0	0.015624046325683594	9700	5.062155723571777	2476	74.4742268041237	
7636576711727.661	67.0	3.02	29.58	15.3	2.3471632985101416	194	23	67	4	58	30	67	3	29	15	1713	0	0.015621662139892578	9750	5.07777738571167	2488	74.48205128205129	
255.20826966450198	67.0	3.02	29.58	15.3	2.3471632985101416	195	23	67	4	58	30	67	3	29	15	1722	0	0.015624046325683594	9800	5.0934014320373535	2494	74.55102040816327	
126.77237954940684	67.0	3.0	29.0	15.0	2.3471632985101416	196	23	67	3	29	15	67	3	29	15	1725	0	0.01562356948852539	9850	5.109025001525879	2507	74.5482233502538	
136.788510526919	67.0	3.02	29.58	15.3	2.3471632985101416	197	23	67	4	58	30	67	3	29	15	1732	0	0.031250715255737305	9900	5.140275716781616	2516	74.58585858585859	
41464.37887676149	67.0	3.06	30.74	15.9	2.3471632985101416	198	23	67	4	58	30	67	3	29	15	1742	0	0.015621423721313477	9950	5.15589714050293	2523	74.64321608040201	
79335.0886383321	67.0	3.02	29.58	15.3	2.3471632985101416	199	23	67	4	58	30	67	3	29	15	1749	0	0.015625715255737305	10000	5.171522855758667	2530	74.7	
1.0886427720042668e+16	67.0	3.06	30.74	15.9	2.3471632985101416	200	23	67	4	58	30	67	3	29	15	1760	0	0.015622615814208984	10050	5.187145471572876	2535	74.77611940298507	
34692.5420057818	67.0	3.02	29.58	15.3	2.3471632985101416	201	23	67	4	58	30	67	3	29	15	1769	0	0.01562356948852539	10100	5.202769041061401	2547	74.78217821782178	
2.3923812247304137	67.0	3.12	32.48	16.8	2.3471632985101416	202	23	67	4	58	30	67	3	29	15	1781	0	0.015624523162841797	10150	5.218393564224243	2552	74.85714285714286	
43591.52580015503	67.0	3.08	31.32	16.2	2.3471632985101416	203	23	67	4	58	30	67	3	29	15	1793	0	0.015623331069946289	10200	5.2340168952941895	2563	74.87254901960785	
9.409860465116289e+21	67.0	3.02	29.58	15.3	2.3471632985101416	204	23	67	4	58	30	67	3	29	15	1801	0	0.015624046325683594	10250	5.249640941619873	2572	74.90731707317073	
190673488399.45734	67.0	3.06	30.74	15.9	2.3471632985101416	205	23	67	4	58	30	67	3	29	15	1809	0	0.0	10300	5.249640941619873	2586	74.89320388349515	
385000000038617.3	67.0	3.08	31.32	16.2	2.3471632985101416	206	23	67	4	58	30	67	3	29	15	1816	0	0.015623807907104492	10350	5.2652647495269775	2595	74.92753623188406	
84700340.63370238	67.0	3.04	30.16	15.6	2.3471632985101416	207	23	67	4	58	30	67	3	29	15	1823	0	0.015623807907104492	10400	5.280888557434082	2602	74.98076923076923	
190673585373.22284	67.0	3.06	30.74	15.9	2.3471632985101416	208	23	67	4	58	30	67	3	29	15	1831	0	0.015624761581420898	10450	5.296513319015503	2610	75.02392344497608	
408516665.0239904	67.0	3.02	29.58	15.3	2.3471632985101416	209	23	67	4	58	30	67	3	29	15	1839	0	0.03124713897705078	10500	5.327760457992554	2617	75.07619047619048	
128.04762224511367	67.0	3.04	30.16	15.6	2.3471632985101416	210	23	67	4	58	30	67	3	29	15	1847	0	0.0	10550	5.327760457992554	2626	75.1090047393365	
83314059.03221172	67.0	3.02	29.58	15.3	2.3471632985101416	211	23	67	4	58	30	67	3	29	15	1853	0	0.015623331069946289	10600	5.3433837890625	2635	75.14150943396226	
39573.38225671857	67.0	3.02	29.58	15.3	2.3471632985101416	212	23	67	4	58	30	67	3	29	15	1861	0	0.015624523162841797	10650	5.359008312225342	2644	75.17370892018779	
68.2571513095168	67.0	3.0	29.0	15.0	2.3471632985101416	213	23	67	3	29	15	67	3	29	15	1868	0	0.03124833106994629	10700	5.390256643295288	2655	75.18691588785046	
63.248450023038494	67.0	3.08	31.32	16.2	2.3471632985101416	214	23	67	4	58	30	67	3	29	15	1878	0	0.015623807907104492	10750	5.405880451202393	2659	75.26511627906977	
129916.28269228566	67.0	3.02	29.58	15.3	2.3471632985101416	215	23	67	4	58	30	67	3	29	15	1885	0	0.015624284744262695	10800	5.421504735946655	2672	75.25925925925927	
2.4050632787637722	67.0	3.0	29.0	15.0	2.3471632985101416	216	23	67	3	29	15	67	3	29	15	1894	0	0.01562356948852539	10850	5.437128305435181	2682	75.2811059907834	
80.14870374928809	67.0	3.08	31.32	16.2	2.3471632985101416	217	23	67	4	58	30	67	3	29	15	1900	0	0.015624761581420898	10900	5.452753067016602	2693	75.29357798165138	
135.47675739464933	67.0	3.06	30.74	15.9	2.3471632985101416	218	23	67	4	58	30	67	3	29	15	1912	0	0.015622615814208984	10950	5.4683756828308105	2695	75.38812785388129	
2.39199118865381	67.0	3.08	31.32	16.2	2.3471632985101416	219	23	67	4	58	30	67	3	29	15	1922	0	0.015624761581420898	11000	5.4840004444122314	2701	75.44545454545454	
2.3893070364899045	67.0	3.02	29.58	15.3	2.3471632985101416	220	23	67	4	58	30	67	3	29	15	1928	0	0.015625953674316406	11050	5.499626398086548	2706	75.51131221719457	
76057273.22973584	67.0	3.0	29.0	15.0	2.3471632985101416	221	23	67	3	29	15	67	3	29	15	1930	0	0.015621662139892578	11100	5.51524806022644	2714	75.54954954954955	
482752.19334798405	67.0	3.04	30.16	15.6	2.3471632985101416	222	23	67	4	58	30	67	3	29	15	1936	0	0.015623331069946289	11150	5.530871391296387	2722	75.58744394618834	
159460.1240439403	67.0	3.0	29.0	15.0	2.3471632985101416	223	23	67	3	29	15	67	3	29	15	1939	0	0.015625953674316406	11200	5.546497344970703	2735	75.58035714285714	
114.72015629894805	67.0	3.0	29.0	15.0	2.3471632985101416	224	23	67	3	29	15	67	3	29	15	1945	0	0.0	11250	5.546497344970703	2748	75.57333333333334	
80.99552390385645	67.0	3.04	30.16	15.6	2.3471632985101416	225	23	67	4	58	30	67	3	29	15	1954	0	0.015622138977050781	11300	5.562119483947754	2758	75.5929203539823	
103.5961330994415	67.0	3.14	33.06	17.1	2.3471632985101416	226	23	67	4	58	30	67	3	29	15	1968	0	0.015624284744262695	11350	5.577743768692017	2768	75.61233480176212	
130042.99041442554	67.0	3.04	30.16	15.6	2.3471632985101416	227	23	67	4	58	30	67	3	29	15	1976	0	0.015624046325683594	11400	5.5933678150177	2780	75.6140350877193	
2.3857716468115817	67.0	3.04	30.16	15.6	2.3471632985101416	228	23	67	4	58	30	67	3	29	15	1988	0	0.015623331069946289	11450	5.6089911460876465	2789	75.64192139737992	
127.74713746566837	67.0	3.02	29.58	15.3	2.3471632985101416	229	23	67	4	58	30	67	3	29	15	1994	0	0.0	11500	5.6089911460876465	2805	75.6086956521739	
1145939760029.9148	67.0	3.1	31.9	16.5	2.3471632985101416	230	23	67	4	58	30	67	3	29	15	2007	0	0.015624284744262695	11550	5.624615430831909	2821	75.57575757575758	
974090185.3165748	67.0	3.04	30.16	15.6	2.3471632985101416	231	23	67	4	58	30	67	3	29	15	2017	0	0.015624761581420898	11600	5.64024019241333	2827	75.62931034482759	
617735756.5193282	67.0	3.02	29.58	15.3	2.3471632985101416	232	23	67	4	58	30	67	3	29	15	2028	0	0.015623092651367188	11650	5.655863285064697	2843	75.59656652360515	
50446.8560298749	67.0	3.1	31.9	16.5	2.3471632985101416	233	23	67	4	58	30	67	3	29	15	2038	0	0.0	11700	5.655863285064697	2856	75.58974358974359	
3682611.147139895	67.0	3.02	29.58	15.3	2.3471632985101416	234	23	67	4	58	30	67	3	29	15	2043	0	0.015624284744262695	11750	5.67148756980896	2872	75.55744680851063	
202.07397521613686	67.0	3.02	29.58	15.3	2.3471632985101416	235	23	67	4	58	30	67	3	29	15	2049	0	0.015623331069946289	11800	5.687110900878906	2884	75.5593220338983	
2511119.2995728636	67.0	3.06	30.74	15.9	2.3471632985101416	236	23	67	4	58	30	67	3	29	15	2058	0	0.015624046325683594	11850	5.70273494720459	2892	75.59493670886076	
198.67204112534154	67.0	3.04	30.16	15.6	2.3471632985101416	237	23	67	4	58	30	67	3	29	15	2066	0	0.0	11900	5.70273494720459	2903	75.60504201680672	
190673527861.29492	67.0	3.12	32.48	16.8	2.3471632985101416	238	23	67	4	58	30	67	3	29	15	2074	0	0.015624046325683594	11950	5.718358993530273	2911	75.64016736401673	
56053.75937804334	67.0	3.08	31.32	16.2	2.3471632985101416	239	23	67	4	58	30	67	3	29	15	2086	0	0.015624284744262695	12000	5.733983278274536	2925	75.625	
82880.07550200295	67.0	3.02	29.58	15.3	2.3471632985101416	240	23	67	4	58	30	67	3	29	15	2096	0	0.01562356948852539	12050	5.7496068477630615	2935	75.64315352697096	
75427257.48995475	67.0	3.06	30.74	15.9	2.3471632985101416	241	23	67	4	58	30	67	3	29	15	2104	0	0.015623807907104492	12100	5.765230655670166	2940	75.70247933884298	
37771.79170877669	67.0	3.06	30.74	15.9	2.3471632985101416	242	23	67	4	58	30	67	3	29	15	2110	0	0.0	12150	5.765230655670166	2951	75.7119341563786	
408586046646.5489	67.0	3.0	29.0	15.0	2.3471632985101416	243	23	67	3	29	15	67	3	29	15	2118	0	0.03124856948852539	12200	5.796479225158691	2964	75.70491803278688	
175.01758022718573	67.0	3.04	30.16	15.6	2.3471632985101416	244	23	67	4	58	30	67	3	29	15	2126	0	0.015623092651367188	12250	5.812102317810059	2971	75.7469387755102	
3.150398881569485e+34	67.0	3.02	29.58	15.3	2.3471632985101416	245	23	67	4	58	30	67	3	29	15	2134	0	0.015624284744262695	12300	5.827726602554321	2979	75.78048780487805	
5883336.30155959	67.0	3.04	30.16	15.6	2.3471632985101416	246	23	67	4	58	30	67	3	29	15	2143	0	0.015623331069946289	12350	5.843349933624268	2991	75.78137651821862	
46040.458282702544	67.0	3.06	30.74	15.9	2.3471632985101416	247	23	67	4	58	30	67	3	29	15	2157	0	0.015631675720214844	12400	5.858981609344482	2994	75.85483870967742	
3917774000248.621	67.0	3.04	30.16	15.6	2.3471632985101416	248	23	67	4	58	30	67	3	29	15	2168	0	0.015618562698364258	12450	5.874600172042847	3001	75.89558232931726	
56326.0584773667	67.0	3.02	29.58	15.3	2.3471632985101416	249	23	67	4	58	30	67	3	29	15	2175	0	0.03124833106994629	12500	5.905848503112793	3008	75.936	
193.14342274099033	67.0	3.02	29.58	15.3	2.3471632985101416	250	23	67	4	58	30	67	3	29	15	2183	0	0.015627384185791016	12550	5.921475887298584	3018	75.95219123505976	
3.2674853612278523	67.0	3.02	29.58	15.3	2.3471632985101416	251	23	67	4	58	30	67	3	29	15	2197	0	0.015621423721313477	12600	5.9370973110198975	3025	75.9920634920635	
59.12761356441567	67.0	3.06	30.74	15.9	2.3471632985101416	252	23	67	4	58	30	67	3	29	15	2204	0	0.015622138977050781	12650	5.952719449996948	3031	76.03952569169961	
139.36546026791532	67.0	3.04	30.16	15.6	2.3471632985101416	253	23	67	4	58	30	67	3	29	15	2211	0	0.015626907348632812	12700	5.968346357345581	3045	76.02362204724409	
74.68823030964585	67.0	3.0	29.0	15.0	2.3471632985101416	254	23	67	3	29	15	67	3	29	15	2218	0	0.0312502384185791	12750	5.99959659576416	3053	76.05490196078432	
240.13859507489994	67.0	3.04	30.16	15.6	2.3471632985101416	255	23	67	4	58	30	67	3	29	15	2223	0	0.015619277954101562	12800	6.015215873718262	3058	76.109375	
43505.22173160576	67.0	3.04	30.16	15.6	2.3471632985101416	256	23	67	4	58	30	67	3	29	15	2235	0	0.01562976837158203	12850	6.030845642089844	3063	76.16342412451363	
2.4283576036231156	67.0	3.02	29.58	15.3	2.3471632985101416	257	23	67	4	58	30	67	3	29	15	2242	0	0.015616655349731445	12900	6.046462297439575	3071	76.1937984496124	
93170083.45917806	67.0	3.04	30.16	15.6	2.3471632985101416	258	23	67	4	58	30	67	3	29	15	2253	0	0.015623807907104492	12950	6.06208610534668	3078	76.23166023166023	
36205.14264927031	67.0	3.02	29.58	15.3	2.3471632985101416	259	23	67	4	58	30	67	3	29	15	2257	0	0.031247854232788086	13000	6.093333959579468	3084	76.27692307692308	
34329.9383109168	67.0	3.02	29.58	15.3	2.3471632985101416	260	23	67	4	58	30	67	3	29	15	2267	0	0.01562356948852539	13050	6.108957529067993	3089	76.32950191570882	
187.0337123411804	67.0	3.1	31.9	16.5	2.3471632985101416	261	23	67	4	58	30	67	3	29	15	2279	0	0.015624046325683594	13100	6.124581575393677	3094	76.38167938931298	
40335.70015813659	67.0	3.1	31.9	16.5	2.3471632985101416	262	23	67	4	58	30	67	3	29	15	2288	0	0.015624284744262695	13150	6.1402058601379395	3100	76.425855513308	
59.6471806350145	67.0	3.06	30.74	15.9	2.3471632985101416	263	23	67	4	58	30	67	3	29	15	2295	0	0.015624284744262695	13200	6.155830144882202	3105	76.47727272727272	
25916.397678059628	67.0	3.02	29.58	15.3	2.3471632985101416	264	23	67	4	58	30	67	3	29	15	2305	0	0.0	13250	6.155830144882202	3112	76.51320754716981	
2.3972971535170484	67.0	3.04	30.16	15.6	2.3471632985101416	265	23	67	4	58	30	67	3	29	15	2315	0	0.015622615814208984	13300	6.171452760696411	3115	76.57894736842105	
39451.18960869976	67.0	3.06	30.74	15.9	2.3471632985101416	266	23	67	4	58	30	67	3	29	15	2323	0	0.031249046325683594	13350	6.202701807022095	3119	76.63670411985018	
131.51485367344796	67.0	3.08	31.32	16.2	2.3471632985101416	267	23	67	4	58	30	67	3	29	15	2333	0	0.015623331069946289	13400	6.218325138092041	3123	76.69402985074626	
179.18787805516178	67.0	3.06	30.74	15.9	2.3471632985101416	268	23	67	4	58	30	67	3	29	15	2341	0	0.015624046325683594	13450	6.233949184417725	3131	76.72118959107807	
56157843.13203477	67.0	3.04	30.16	15.6	2.3471632985101416	269	23	67	4	58	30	67	3	29	15	2348	0	0.0	13500	6.233949184417725	3140	76.74074074074073	
153.65345918588844	67.0	3.06	30.74	15.9	2.3471632985101416	270	23	67	4	58	30	67	3	29	15	2355	0	0.015625953674316406	13550	6.249575138092041	3153	76.73062730627306	
2.523416926558041	67.0	3.12	32.48	16.8	2.3471632985101416	271	23	67	4	58	30	67	3	29	15	2368	0	0.015623092651367188	13600	6.265198230743408	3160	76.76470588235294	
36150.059506979	67.0	3.02	29.58	15.3	2.3471632985101416	272	23	67	4	58	30	67	3	29	15	2372	0	0.015624284744262695	13650	6.280822515487671	3172	76.76190476190476	
1470466097824014.2	67.0	3.06	30.74	15.9	2.3471632985101416	273	23	67	4	58	30	67	3	29	15	2382	0	0.015622377395629883	13700	6.296444892883301	3187	76.73722627737226	
121.6881945723704	67.0	3.02	29.58	15.3	2.3471632985101416	274	23	67	4	58	30	67	3	29	15	2388	0	0.0	13750	6.296444892883301	3202	76.71272727272728	
10517.91489471315	67.0	3.0	29.0	15.0	2.3471632985101416	275	23	67	3	29	15	67	3	29	15	2398	0	0.015625715255737305	13800	6.312070608139038	3213	76.71739130434783	
662476.8601169123	67.0	3.02	29.58	15.3	2.3471632985101416	276	23	67	4	58	30	67	3	29	15	2403	0	0.015622138977050781	13850	6.327692747116089	3221	76.74368231046931	
141.21365844550238	67.0	3.02	29.58	15.3	2.3471632985101416	277	23	67	4	58	30	67	3	29	15	2411	0	0.015625715255737305	13900	6.343318462371826	3225	76.79856115107914	
41786.01807752048	67.0	3.1	31.9	16.5	2.3471632985101416	278	23	67	4	58	30	67	3	29	15	2425	0	0.015622377395629883	13950	6.358940839767456	3231	76.83870967741936	
102192.28729617826	67.0	3.02	29.58	15.3	2.3471632985101416	279	23	67	4	58	30	67	3	29	15	2431	0	0.0	14000	6.358940839767456	3239	76.86428571428571	
37726.94860999956	67.0	3.02	29.58	15.3	2.3471632985101416	280	23	67	4	58	30	67	3	29	15	2437	0	0.031248092651367188	14050	6.390188932418823	3244	76.91103202846975	
47.42467974759749	67.0	3.06	30.74	15.9	2.3471632985101416	281	23	67	4	58	30	67	3	29	15	2445	0	0.015623331069946289	14100	6.4058122634887695	3250	76.95035460992908	
116.22120552083248	67.0	3.06	30.74	15.9	2.3471632985101416	282	23	67	4	58	30	67	3	29	15	2453	0	0.031247377395629883	14150	6.437059640884399	3257	76.98233215547702	
162.63997720641078	67.0	3.06	30.74	15.9	2.3471632985101416	283	23	67	4	58	30	67	3	29	15	2462	0	0.015625	14200	6.452684640884399	3267	76.99295774647888	
45922.18657147021	67.0	3.02	29.58	15.3	2.3471632985101416	284	23	67	4	58	30	67	3	29	15	2476	0	0.0	14250	6.452684640884399	3274	77.02456140350877	
1329884399.2707546	67.0	3.06	30.74	15.9	2.3471632985101416	285	23	67	4	58	30	67	3	29	15	2484	0	0.031246662139892578	14300	6.483931303024292	3289	77.0	
468.1259016868732	67.0	3.02	29.58	15.3	2.3471632985101416	286	23	67	4	58	30	67	3	29	15	2493	0	0.015624284744262695	14350	6.499555587768555	3306	76.9616724738676	
310.3912600467159	67.0	3.02	29.58	15.3	2.3471632985101416	287	23	67	4	58	30	67	3	29	15	2497	0	0.015624046325683594	14400	6.515179634094238	3321	76.9375	
945488372142271.9	67.0	3.04	30.16	15.6	2.3471632985101416	288	23	67	4	58	30	67	3	29	15	2505	0	0.031247854232788086	14450	6.546427488327026	3333	76.93425605536332	
566857.3099053712	67.0	3.1	31.9	16.5	2.3471632985101416	289	23	67	4	58	30	67	3	29	15	2518	0	0.015624284744262695	14500	6.562051773071289	3344	76.93793103448276	
5371726.778046042	67.0	3.02	29.58	15.3	2.3471632985101416	290	23	67	4	58	30	67	3	29	15	2523	0	0.0	14550	6.562051773071289	3348	76.98969072164948	
853660.8119254474	67.0	3.02	29.58	15.3	2.3471632985101416	291	23	67	4	58	30	67	3	29	15	2533	0	0.015623807907104492	14600	6.5776755809783936	3351	77.04794520547945	
2.3908957815384455	67.0	3.0	29.0	15.0	2.3471632985101416	292	23	67	3	29	15	67	3	29	15	2540	0	0.015624046325683594	14650	6.593299627304077	3356	77.09215017064847	
83795.42244948872	67.0	3.1	31.9	16.5	2.3471632985101416	293	23	67	4	58	30	67	3	29	15	2547	0	0.031247377395629883	14700	6.624547004699707	3363	77.12244897959184	
129.69343858780977	67.0	3.02	29.58	15.3	2.3471632985101416	294	23	67	4	58	30	67	3	29	15	2555	0	0.015625	14750	6.640172004699707	3372	77.13898305084746	
2.375423692252601	67.0	3.04	30.16	15.6	2.3471632985101416	295	23	67	4	58	30	67	3	29	15	2568	0	0.015623807907104492	14800	6.6557958126068115	3377	77.18243243243244	
76142.75528542478	67.0	3.0	29.0	15.0	2.3471632985101416	296	23	67	3	29	15	67	3	29	15	2570	0	0.031249046325683594	14850	6.687044858932495	3383	77.21885521885523	
241.3015020286208	67.0	3.04	30.16	15.6	2.3471632985101416	297	23	67	4	58	30	67	3	29	15	2576	0	0.015623807907104492	14900	6.7026686668396	3393	77.2281879194631	
53159.77558195966	67.0	3.04	30.16	15.6	2.3471632985101416	298	23	67	4	58	30	67	3	29	15	2584	0	0.015622138977050781	14950	6.71829080581665	3406	77.21739130434783	
89.1565657127355	67.0	3.02	29.58	15.3	2.3471632985101416	299	23	67	4	58	30	67	3	29	15	2593	0	0.015624284744262695	15000	6.733915090560913	3420	77.2	
125.91722632562653	67.0	3.04	30.16	15.6	2.3471632985101416	300	23	67	4	58	30	67	3	29	15	2604	0	0.01562356948852539	15050	6.7495386600494385	3425	77.24252491694352	
131.1297385905028	67.0	3.02	29.58	15.3	2.3471632985101416	301	23	67	4	58	30	67	3	29	15	2609	0	0.03124833106994629	15100	6.780786991119385	3428	77.2980132450331	
37647.36171946461	67.0	3.02	29.58	15.3	2.3471632985101416	302	23	67	4	58	30	67	3	29	15	2615	0	0.01562356948852539	15150	6.79641056060791	3435	77.32673267326733	
2.3823927565092453	67.0	3.02	29.58	15.3	2.3471632985101416	303	23	67	4	58	30	67	3	29	15	2621	0	0.015624046325683594	15200	6.812034606933594	3441	77.36184210526315	
574637910.4262389	67.0	3.02	29.58	15.3	2.3471632985101416	304	23	67	4	58	30	67	3	29	15	2629	0	0.015624284744262695	15250	6.8276588916778564	3447	77.3967213114754	
583.6286132013616	67.0	3.04	30.16	15.6	2.3471632985101416	305	23	67	4	58	30	67	3	29	15	2635	0	0.015623092651367188	15300	6.843281984329224	3452	77.43790849673204	
48886.08557173734	67.0	3.04	30.16	15.6	2.3471632985101416	306	23	67	4	58	30	67	3	29	15	2644	0	0.03124833106994629	15350	6.87453031539917	3461	77.45276872964169	
82.44695719677496	67.0	3.06	30.74	15.9	2.3471632985101416	307	23	67	4	58	30	67	3	29	15	2651	0	0.015624046325683594	15400	6.8901543617248535	3473	77.44805194805195	
69.22459291253134	67.0	3.06	30.74	15.9	2.3471632985101416	308	23	67	4	58	30	67	3	29	15	2657	0	0.015625	15450	6.9057793617248535	3479	77.48220064724919	
107.14016827815985	67.0	3.08	31.32	16.2	2.3471632985101416	309	23	67	4	58	30	67	3	29	15	2670	0	0.015623807907104492	15500	6.921403169631958	3482	77.53548387096774	
1749105585.6669705	67.0	3.02	29.58	15.3	2.3471632985101416	310	23	67	4	58	30	67	3	29	15	2681	0	0.015623092651367188	15550	6.937026262283325	3489	77.56270096463022	
95559103.3801867	67.0	3.08	31.32	16.2	2.3471632985101416	311	23	67	4	58	30	67	3	29	15	2693	0	0.015624284744262695	15600	6.952650547027588	3494	77.6025641025641	
6.058432576212575e+34	67.0	3.02	29.58	15.3	2.3471632985101416	312	23	67	4	58	30	67	3	29	15	2701	0	0.0	15650	6.952650547027588	3508	77.58466453674122	
118.19562092473697	67.0	3.02	29.58	15.3	2.3471632985101416	313	23	67	4	58	30	67	3	29	15	2708	0	0.015623092651367188	15700	6.968273639678955	3516	77.60509554140127	
88733336.96939251	67.0	3.06	30.74	15.9	2.3471632985101416	314	23	67	4	58	30	67	3	29	15	2717	0	0.015624284744262695	15750	6.983897924423218	3523	77.63174603174603	
90903264.25335501	67.0	3.06	30.74	15.9	2.3471632985101416	315	23	67	4	58	30	67	3	29	15	2727	0	0.015623092651367188	15800	6.999521017074585	3530	77.65822784810126	
57.126927878820204	67.0	3.02	29.58	15.3	2.3471632985101416	316	23	67	4	58	30	67	3	29	15	2735	0	0.015624523162841797	15850	7.015145540237427	3533	77.70977917981072	
60935048.19541172	67.0	3.06	30.74	15.9	2.3471632985101416	317	23	67	4	58	30	67	3	29	15	2746	0	0.015624284744262695	15900	7.0307698249816895	3540	77.73584905660377	
47.13248240262666	67.0	3.06	30.74	15.9	2.3471632985101416	318	23	67	4	58	30	67	3	29	15	2756	0	0.015624523162841797	15950	7.046394348144531	3547	77.76175548589342	
5900.372614586679	67.0	3.08	31.32	16.2	2.3471632985101416	319	23	67	4	58	30	67	3	29	15	2765	0	0.015623092651367188	16000	7.062017440795898	3555	77.78125	
4458125.652639337	67.0	3.06	30.74	15.9	2.3471632985101416	320	23	67	4	58	30	67	3	29	15	2778	0	0.015623807907104492	16050	7.077641248703003	3568	77.76947040498442	
76.3696044366401	67.0	3.08	31.32	16.2	2.3471632985101416	321	23	67	4	58	30	67	3	29	15	2787	0	0.015624046325683594	16100	7.0932652950286865	3577	77.78260869565217	
216.5323289637269	67.0	3.02	29.58	15.3	2.3471632985101416	322	23	67	4	58	30	67	3	29	15	2794	0	0.015623331069946289	16150	7.108888626098633	3586	77.79566563467492	
1749.6970490093317	67.0	3.02	29.58	15.3	2.3471632985101416	323	23	67	4	58	30	67	3	29	15	2802	0	0.015623807907104492	16200	7.124512434005737	3598	77.79012345679013	
169.65260728030572	67.0	3.1	31.9	16.5	2.3471632985101416	324	23	67	4	58	30	67	3	29	15	2815	0	0.015623807907104492	16250	7.140136241912842	3605	77.81538461538462	
124.96430291635649	67.0	3.06	30.74	15.9	2.3471632985101416	325	23	67	4	58	30	67	3	29	15	2825	0	0.015626192092895508	16300	7.155762434005737	3613	77.83435582822085	
181.44804721770868	67.0	3.06	30.74	15.9	2.3471632985101416	326	23	67	4	58	30	67	3	29	15	2835	0	0.015621662139892578	16350	7.17138409614563	3623	77.84097859327217	
1001.9357715673264	67.0	3.02	29.58	15.3	2.3471632985101416	327	23	67	4	58	30	67	3	29	15	2844	0	0.0	16400	7.17138409614563	3636	77.82926829268293	
105.8177915367564	67.0	3.04	30.16	15.6	2.3471632985101416	328	23	67	4	58	30	67	3	29	15	2850	0	0.015624284744262695	16450	7.187008380889893	3642	77.86018237082067	
83.78382810946684	67.0	3.02	29.58	15.3	2.3471632985101416	329	23	67	4	58	30	67	3	29	15	2858	0	0.015624523162841797	16500	7.202632904052734	3650	77.87878787878788	
98.90383731628255	67.0	3.04	30.16	15.6	2.3471632985101416	330	23	67	4	58	30	67	3	29	15	2864	0	0.031247377395629883	16550	7.233880281448364	3660	77.88519637462235	
189.4372931344323	67.0	3.04	30.16	15.6	2.3471632985101416	331	23	67	4	58	30	67	3	29	15	2872	0	0.0	16600	7.233880281448364	3668	77.90361445783132	
117.34771706012694	67.0	3.04	30.16	15.6	2.3471632985101416	332	23	67	4	58	30	67	3	29	15	2880	0	0.015624284744262695	16650	7.249504566192627	3675	77.92792792792793	
10301087139.476366	67.0	3.02	29.58	15.3	2.3471632985101416	333	23	67	4	58	30	67	3	29	15	2885	0	0.031247377395629883	16700	7.280751943588257	3686	77.92814371257485	
180.64171595277543	67.0	3.08	31.32	16.2	2.3471632985101416	334	23	67	4	58	30	67	3	29	15	2897	0	0.015624761581420898	16750	7.296376705169678	3697	77.92835820895522	
58.55382038638959	67.0	3.02	29.58	15.3	2.3471632985101416	335	23	67	4	58	30	67	3	29	15	2904	0	0.015623331069946289	16800	7.312000036239624	3708	77.92857142857143	
8667060462324.911	67.0	3.04	30.16	15.6	2.3471632985101416	336	23	67	4	58	30	67	3	29	15	2912	0	0.015624046325683594	16850	7.327624082565308	3715	77.95252225519287	
61.66638296132688	67.0	3.06	30.74	15.9	2.3471632985101416	337	23	67	4	58	30	67	3	29	15	2920	0	0.0156252384185791	16900	7.343249320983887	3725	77.9585798816568	
200065532100.5835	67.0	3.02	29.58	15.3	2.3471632985101416	338	23	67	4	58	30	67	3	29	15	2930	0	0.015624523162841797	16950	7.3588738441467285	3727	78.0117994100295	
172.96914306709962	67.0	3.08	31.32	16.2	2.3471632985101416	339	23	67	4	58	30	67	3	29	15	2941	0	0.015623331069946289	17000	7.374497175216675	3734	78.03529411764706	
667864165.23633	67.0	3.08	31.32	16.2	2.3471632985101416	340	23	67	4	58	30	67	3	29	15	2955	0	0.0	17050	7.374497175216675	3747	78.02346041055719	
182199111213.3096	67.0	3.02	29.58	15.3	2.3471632985101416	341	23	67	4	58	30	67	3	29	15	2961	0	0.03124690055847168	17100	7.4057440757751465	3758	78.0233918128655	
178238260947.41565	67.0	3.02	29.58	15.3	2.3471632985101416	342	23	67	4	58	30	67	3	29	15	2966	0	0.015623092651367188	17150	7.421367168426514	3766	78.04081632653062	
5808.372536070141	67.0	3.0	29.0	15.0	2.3471632985101416	343	23	67	3	29	15	67	3	29	15	2974	0	0.015624046325683594	17200	7.436991214752197	3774	78.05813953488372	
291.7209397426658	67.0	3.02	29.58	15.3	2.3471632985101416	344	23	67	4	58	30	67	3	29	15	2983	0	0.0156252384185791	17250	7.452616453170776	3779	78.0927536231884	
84.63716285378324	67.0	3.0	29.0	15.0	2.3471632985101416	345	23	67	3	29	15	67	3	29	15	2989	0	0.015623092651367188	17300	7.4682395458221436	3789	78.09826589595376	
42407.089303123874	67.0	3.04	30.16	15.6	2.3471632985101416	346	23	67	4	58	30	67	3	29	15	3000	0	0.01562356948852539	17350	7.483863115310669	3796	78.12103746397695	
62.02988541666646	67.0	3.04	30.16	15.6	2.3471632985101416	347	23	67	4	58	30	67	3	29	15	3009	0	0.03124856948852539	17400	7.515111684799194	3799	78.16666666666667	
11.625668118136224	67.0	3.08	31.32	16.2	2.3471632985101416	348	23	67	4	58	30	67	3	29	15	3024	0	0.015623092651367188	17450	7.5307347774505615	3804	78.20057306590257	
20070023.159906194	67.0	3.0	29.0	15.0	2.3471632985101416	349	23	67	3	29	15	67	3	29	15	3026	0	0.015624761581420898	17500	7.546359539031982	3816	78.19428571428571	
2.4053811702098518	67.0	3.06	30.74	15.9	2.3471632985101416	350	23	67	4	58	30	67	3	29	15	3034	0	0.015623092651367188	17550	7.56198263168335	3818	78.24501424501425	
244.5418122978027	67.0	3.02	29.58	15.3	2.3471632985101416	351	23	67	4	58	30	67	3	29	15	3043	0	0.015624761581420898	17600	7.5776073932647705	3826	78.26136363636364	
116.23133905677989	67.0	3.08	31.32	16.2	2.3471632985101416	352	23	67	4	58	30	67	3	29	15	3052	0	0.031248807907104492	17650	7.608856201171875	3836	78.26628895184136	
147.7571682374421	67.0	3.02	29.58	15.3	2.3471632985101416	353	23	67	4	58	30	67	3	29	15	3061	0	0.015623092651367188	17700	7.624479293823242	3850	78.24858757062147	
6.2231707596845496e+16	67.0	3.08	31.32	16.2	2.3471632985101416	354	23	67	4	58	30	67	3	29	15	3071	0	0.015625	17750	7.640104293823242	3867	78.21408450704226	
162.94037499034945	67.0	3.04	30.16	15.6	2.3471632985101416	355	23	67	4	58	30	67	3	29	15	3076	0	0.015622615814208984	17800	7.655726909637451	3876	78.2247191011236	
2.1179979973028117e+34	67.0	3.08	31.32	16.2	2.3471632985101416	356	23	67	4	58	30	67	3	29	15	3086	0	0.01562356948852539	17850	7.671350479125977	3883	78.24649859943978	
214037961.80953687	67.0	3.04	30.16	15.6	2.3471632985101416	357	23	67	4	58	30	67	3	29	15	3092	0	0.015623331069946289	17900	7.686973810195923	3891	78.26256983240224	
63845.02678542896	67.0	3.06	30.74	15.9	2.3471632985101416	358	23	67	4	58	30	67	3	29	15	3105	0	0.015624523162841797	17950	7.702598333358765	3896	78.29526462395543	
64.43042255451199	67.0	3.04	30.16	15.6	2.3471632985101416	359	23	67	4	58	30	67	3	29	15	3114	0	0.031248092651367188	18000	7.733846426010132	3903	78.31666666666666	
262.3323205212565	67.0	3.04	30.16	15.6	2.3471632985101416	360	23	67	4	58	30	67	3	29	15	3120	0	0.0156252384185791	18050	7.749471664428711	3912	78.32686980609418	
160.45839434938856	67.0	3.04	30.16	15.6	2.3471632985101416	361	23	67	4	58	30	67	3	29	15	3127	0	0.015624761581420898	18100	7.765096426010132	3919	78.34806629834254	
42414.18705668967	67.0	3.08	31.32	16.2	2.3471632985101416	362	23	67	4	58	30	67	3	29	15	3138	0	0.015621185302734375	18150	7.780717611312866	3925	78.37465564738292	
38664.23324429317	67.0	3.02	29.58	15.3	2.3471632985101416	363	23	67	4	58	30	67	3	29	15	3145	0	0.015625953674316406	18200	7.796343564987183	3937	78.36813186813187	
46450.33571106817	67.0	3.06	30.74	15.9	2.3471632985101416	364	23	67	4	58	30	67	3	29	15	3153	0	0.031245708465576172	18250	7.827589273452759	3949	78.36164383561643	
2.929135460164408	67.0	3.02	29.58	15.3	2.3471632985101416	365	23	67	4	58	30	67	3	29	15	3159	0	0.015625	18300	7.843214273452759	3958	78.37158469945355	
75.65361587322278	67.0	3.02	29.58	15.3	2.3471632985101416	366	23	67	4	58	30	67	3	29	15	3162	0	0.01562356948852539	18350	7.858837842941284	3965	78.39237057220708	
58.742141841536714	67.0	3.04	30.16	15.6	2.3471632985101416	367	23	67	4	58	30	67	3	29	15	3168	0	0.015624046325683594	18400	7.874461889266968	3973	78.40760869565217	
1.8220093310224692e+16	67.0	3.04	30.16	15.6	2.3471632985101416	368	23	67	4	58	30	67	3	29	15	3174	0	0.015624523162841797	18450	7.89008641242981	3978	78.4390243902439	
186361185.4472358	67.0	3.02	29.58	15.3	2.3471632985101416	369	23	67	4	58	30	67	3	29	15	3181	0	0.031248807907104492	18500	7.921335220336914	3988	78.44324324324324	
57.33023178708409	67.0	3.02	29.58	15.3	2.3471632985101416	370	23	67	4	58	30	67	3	29	15	3187	0	0.015622138977050781	18550	7.936957359313965	3997	78.45283018867924	
667822372.5582522	67.0	3.1	31.9	16.5	2.3471632985101416	371	23	67	4	58	30	67	3	29	15	3201	0	0.015624761581420898	18600	7.952582120895386	4003	78.47849462365592	
67875520834674.0	67.0	3.08	31.32	16.2	2.3471632985101416	372	23	67	4	58	30	67	3	29	15	3210	0	0.015623331069946289	18650	7.968205451965332	4009	78.50402144772119	
39399.14942023328	67.0	3.06	30.74	15.9	2.3471632985101416	373	23	67	4	58	30	67	3	29	15	3218	0	0.0312497615814209	18700	7.999455213546753	4014	78.53475935828877	
270331540367.9734	67.0	3.04	30.16	15.6	2.3471632985101416	374	23	67	4	58	30	67	3	29	15	3226	0	0.015622854232788086	18750	8.015078067779541	4022	78.54933333333334	
321.20410538343634	67.0	3.02	29.58	15.3	2.3471632985101416	375	23	67	4	58	30	67	3	29	15	3230	0	0.015623092651367188	18800	8.030701160430908	4033	78.54787234042553	
152775652316.08026	67.0	3.0	29.0	15.0	2.3471632985101416	376	23	67	3	29	15	67	3	29	15	3235	0	0.0156252384185791	18850	8.046326398849487	4045	78.54111405835543	
232.86760145859685	67.0	3.0	29.0	15.0	2.3471632985101416	377	23	67	3	29	15	67	3	29	15	3241	0	0.015622854232788086	18900	8.061949253082275	4050	78.57142857142857	
127.44454524651846	67.0	3.04	30.16	15.6	2.3471632985101416	378	23	67	4	58	30	67	3	29	15	3252	0	0.015623807907104492	18950	8.07757306098938	4058	78.58575197889182	
62.63959167009975	67.0	3.04	30.16	15.6	2.3471632985101416	379	23	67	4	58	30	67	3	29	15	3262	0	0.015624046325683594	19000	8.093197107315063	4066	78.6	
174525251264.0618	67.0	3.0	29.0	15.0	2.3471632985101416	380	23	67	3	29	15	67	3	29	15	3266	0	0.015627145767211914	19050	8.108824253082275	4070	78.63517060367454	
155.1493717202103	67.0	3.1	31.9	16.5	2.3471632985101416	381	23	67	4	58	30	67	3	29	15	3279	0	0.015624523162841797	19100	8.124448776245117	4076	78.65968586387434	
82.51075892549935	67.0	3.04	30.16	15.6	2.3471632985101416	382	23	67	4	58	30	67	3	29	15	3286	0	0.015621185302734375	19150	8.140069961547852	4083	78.67885117493472	
139.9992303196714	67.0	3.02	29.58	15.3	2.3471632985101416	383	23	67	4	58	30	67	3	29	15	3296	0	0.03124690055847168	19200	8.171316862106323	4089	78.703125	
199974675568.72446	67.0	3.06	30.74	15.9	2.3471632985101416	384	23	67	4	58	30	67	3	29	15	3306	0	0.015623092651367188	19250	8.18693995475769	4095	78.72727272727272	
1.8634243938874024e+21	67.0	3.02	29.58	15.3	2.3471632985101416	385	23	67	4	58	30	67	3	29	15	3313	0	0.015624046325683594	19300	8.202564001083374	4105	78.73056994818653	
39542.14967380247	67.0	3.04	30.16	15.6	2.3471632985101416	386	23	67	4	58	30	67	3	29	15	3321	0	0.015623807907104492	19350	8.218187808990479	4113	78.74418604651163	
204.70749837400055	67.0	3.02	29.58	15.3	2.3471632985101416	387	23	67	4	58	30	67	3	29	15	3328	0	0.03124856948852539	19400	8.249436378479004	4120	78.76288659793815	
90332.66951374544	67.0	3.04	30.16	15.6	2.3471632985101416	388	23	67	4	58	30	67	3	29	15	3332	0	0.015623331069946289	19450	8.26505970954895	4129	78.77120822622108	
119.13280999540031	67.0	3.08	31.32	16.2	2.3471632985101416	389	23	67	4	58	30	67	3	29	15	3342	0	0.015624761581420898	19500	8.280684471130371	4136	78.7897435897436	
312.5909402933706	67.0	3.08	31.32	16.2	2.3471632985101416	390	23	67	4	58	30	67	3	29	15	3352	0	0.015623092651367188	19550	8.296307563781738	4139	78.82864450127877	
81.61513864272544	67.0	3.06	30.74	15.9	2.3471632985101416	391	23	67	4	58	30	67	3	29	15	3361	0	0.031248092651367188	19600	8.327555656433105	4142	78.86734693877551	
38759.83251478809	67.0	3.06	30.74	15.9	2.3471632985101416	392	23	67	4	58	30	67	3	29	15	3368	0	0.01562356948852539	19650	8.34317922592163	4148	78.89058524173028	
84700318.5534686	67.0	3.04	30.16	15.6	2.3471632985101416	393	23	67	4	58	30	67	3	29	15	3375	0	0.015624046325683594	19700	8.358803272247314	4156	78.90355329949239	
122.90183826567143	67.0	3.08	31.32	16.2	2.3471632985101416	394	23	67	4	58	30	67	3	29	15	3385	0	0.015624046325683594	19750	8.374427318572998	4162	78.92658227848102	
86669955.87902702	67.0	3.02	29.58	15.3	2.3471632985101416	395	23	67	4	58	30	67	3	29	15	3393	0	0.015624761581420898	19800	8.390052080154419	4167	78.95454545454545	
150.58193719986895	67.0	3.04	30.16	15.6	2.3471632985101416	396	23	67	4	58	30	67	3	29	15	3408	0	0.015624284744262695	19850	8.405676364898682	4172	78.9823677581864	
41319.45179361505	67.0	3.02	29.58	15.3	2.3471632985101416	397	23	67	4	58	30	67	3	29	15	3418	0	0.015624046325683594	19900	8.421300411224365	4179	79.0	
96.97521298383056	67.0	3.08	31.32	16.2	2.3471632985101416	398	23	67	4	58	30	67	3	29	15	3432	0	0.0	19950	8.421300411224365	4182	79.0375939849624	
125.90663199104793	67.0	3.06	30.74	15.9	2.3471632985101416	399	23	67	4	58	30	67	3	29	15	3443	0	0.031247377395629883	20000	8.452547788619995	4189	79.055	
41382.442851354856	67.0	3.02	29.58	15.3	2.3471632985101416	400	23	67	4	58	30	67	3	29	15	3453	0	0.01562356948852539	20050	8.46817135810852	4192	79.0922693266833	
795626.3530925404	67.0	3.02	29.58	15.3	2.3471632985101416	401	23	67	4	58	30	67	3	29	15	3460	0	0.015623807907104492	20100	8.483795166015625	4200	79.1044776119403	
41385.85732112437	67.0	3.12	32.48	16.8	2.3471632985101416	402	23	67	4	58	30	67	3	29	15	3470	0	0.031248092651367188	20150	8.515043258666992	4205	79.13151364764268	
1839361777266.9802	67.0	3.04	30.16	15.6	2.3471632985101416	403	23	67	4	58	30	67	3	29	15	3484	0	0.0	20200	8.515043258666992	4208	79.16831683168317	
86.36905498427899	67.0	3.08	31.32	16.2	2.3471632985101416	404	23	67	4	58	30	67	3	29	15	3493	0	0.01562356948852539	20250	8.530666828155518	4216	79.18024691358025	
88.73468265837406	67.0	3.02	29.58	15.3	2.3471632985101416	405	23	67	4	58	30	67	3	29	15	3503	0	0.015623807907104492	20300	8.546290636062622	4226	79.18226600985221	
16128000382.759016	67.0	3.02	29.58	15.3	2.3471632985101416	406	23	67	4	58	30	67	3	29	15	3509	0	0.015625476837158203	20350	8.56191611289978	4235	79.1891891891892	
59.05248815842535	67.0	3.04	30.16	15.6	2.3471632985101416	407	23	67	4	58	30	67	3	29	15	3516	0	0.015623092651367188	20400	8.577539205551147	4241	79.2107843137255	
63357756.17611715	67.0	3.06	30.74	15.9	2.3471632985101416	408	23	67	4	58	30	67	3	29	15	3528	0	0.015623092651367188	20450	8.593162298202515	4250	79.21760391198043	
178238261004.21384	67.0	3.02	29.58	15.3	2.3471632985101416	409	23	67	4	58	30	67	3	29	15	3533	0	0.015624046325683594	20500	8.608786344528198	4258	79.22926829268293	
90897683.87218606	67.0	3.12	32.48	16.8	2.3471632985101416	410	23	67	4	58	30	67	3	29	15	3543	0	0.015626192092895508	20550	8.624412536621094	4261	79.26520681265207	
117.84953068137072	67.0	3.0	29.0	15.0	2.3471632985101416	411	23	67	3	29	15	67	3	29	15	3551	0	0.0	20600	8.624412536621094	4268	79.28155339805825	
550191961.311106	67.0	3.0	29.0	15.0	2.3471632985101416	412	23	67	3	29	15	67	3	29	15	3557	0	0.031245708465576172	20650	8.65565824508667	4279	79.27845036319613	
65.72865998878613	67.0	3.08	31.32	16.2	2.3471632985101416	413	23	67	4	58	30	67	3	29	15	3569	0	0.01562356948852539	20700	8.671281814575195	4289	79.28019323671498	
260.35579058673903	67.0	3.04	30.16	15.6	2.3471632985101416	414	23	67	4	58	30	67	3	29	15	3574	0	0.015624284744262695	20750	8.686906099319458	4292	79.3156626506024	
58093208.72280917	67.0	3.02	29.58	15.3	2.3471632985101416	415	23	67	4	58	30	67	3	29	15	3581	0	0.01562356948852539	20800	8.702529668807983	4296	79.34615384615384	
184006.71642206566	67.0	3.06	30.74	15.9	2.3471632985101416	416	23	67	4	58	30	67	3	29	15	3589	0	0.0	20850	8.702529668807983	4301	79.37170263788968	
169.72710912910645	67.0	3.04	30.16	15.6	2.3471632985101416	417	23	67	4	58	30	67	3	29	15	3595	0	0.015624284744262695	20900	8.718153953552246	4306	79.39712918660287	
38558.55747460043	67.0	3.04	30.16	15.6	2.3471632985101416	418	23	67	4	58	30	67	3	29	15	3602	0	0.015625	20950	8.733778953552246	4315	79.40334128878281	
3.185215499932223	67.0	3.02	29.58	15.3	2.3471632985101416	419	23	67	4	58	30	67	3	29	15	3610	0	0.0	21000	8.733778953552246	4325	79.4047619047619	
329.6550730413793	67.0	3.06	30.74	15.9	2.3471632985101416	420	23	67	4	58	30	67	3	29	15	3629	0	0.015622377395629883	21050	8.749401330947876	4330	79.42992874109264	
90.78731556064783	67.0	3.06	30.74	15.9	2.3471632985101416	421	23	67	4	58	30	67	3	29	15	3640	0	0.015623807907104492	21100	8.76502513885498	4342	79.4218009478673	
846519.8348904973	67.0	3.06	30.74	15.9	2.3471632985101416	422	23	67	4	58	30	67	3	29	15	3646	0	0.015625953674316406	21150	8.780651092529297	4352	79.42316784869976	
56196361.946103334	67.0	3.04	30.16	15.6	2.3471632985101416	423	23	67	4	58	30	67	3	29	15	3653	0	0.015624523162841797	21200	8.796275615692139	4364	79.41509433962264	
2868.6238649397255	67.0	3.06	30.74	15.9	2.3471632985101416	424	23	67	4	58	30	67	3	29	15	3659	0	0.0	21250	8.796275615692139	4377	79.40235294117647	
47.87238725284856	67.0	3.08	31.32	16.2	2.3471632985101416	425	23	67	4	58	30	67	3	29	15	3671	0	0.015622138977050781	21300	8.81189775466919	4387	79.40375586854461	
34618.97610964072	67.0	3.02	29.58	15.3	2.3471632985101416	426	23	67	4	58	30	67	3	29	15	3673	0	0.015625476837158203	21350	8.827523231506348	4393	79.42388758782201	
3.4458428005831916	67.0	3.06	30.74	15.9	2.3471632985101416	427	23	67	4	58	30	67	3	29	15	3681	0	0.015622138977050781	21400	8.843145370483398	4400	79.4392523364486	
31932.91381858921	67.0	3.06	30.74	15.9	2.3471632985101416	428	23	67	4	58	30	67	3	29	15	3688	0	0.015624761581420898	21450	8.85877013206482	4410	79.44055944055944	
333333335.8210122	67.0	3.04	30.16	15.6	2.3471632985101416	429	23	67	4	58	30	67	3	29	15	3697	0	0.015622854232788086	21500	8.874392986297607	4417	79.45581395348837	
2.4809396760783757	67.0	3.1	31.9	16.5	2.3471632985101416	430	23	67	4	58	30	67	3	29	15	3707	0	0.015624046325683594	21550	8.890017032623291	4422	79.48027842227378	
52262.832050380806	67.0	3.08	31.32	16.2	2.3471632985101416	431	23	67	4	58	30	67	3	29	15	3716	0	0.0	21600	8.890017032623291	4429	79.49537037037037	
6.000484608330823	67.0	3.02	29.58	15.3	2.3471632985101416	432	23	67	4	58	30	67	3	29	15	3722	0	0.015625953674316406	21650	8.905642986297607	4435	79.51501154734412	
244.85153862889484	67.0	3.02	29.58	15.3	2.3471632985101416	433	23	67	4	58	30	67	3	29	15	3728	0	0.015622138977050781	21700	8.921265125274658	4441	79.53456221198157	
210229743619.6399	67.0	3.0	29.0	15.0	2.3471632985101416	434	23	67	3	29	15	67	3	29	15	3740	0	0.0	21750	8.921265125274658	4442	79.57701149425287	
42413.83874639616	67.0	3.02	29.58	15.3	2.3471632985101416	435	23	67	4	58	30	67	3	29	15	3751	0	0.015624284744262695	21800	8.936889410018921	4447	79.60091743119266	
262.064737010588	67.0	3.08	31.32	16.2	2.3471632985101416	436	23	67	4	58	30	67	3	29	15	3762	0	0.015624046325683594	21850	8.952513456344604	4451	79.62929061784897	
208.61340786689215	67.0	3.04	30.16	15.6	2.3471632985101416	437	23	67	4	58	30	67	3	29	15	3771	0	0.015624523162841797	21900	8.968137979507446	4457	79.64840182648402	
42660.68467714915	67.0	3.1	31.9	16.5	2.3471632985101416	438	23	67	4	58	30	67	3	29	15	3782	0	0.015623092651367188	21950	8.983761072158813	4470	79.63553530751709	
2.381727479679066	67.0	3.02	29.58	15.3	2.3471632985101416	439	23	67	4	58	30	67	3	29	15	3787	0	0.0	22000	8.983761072158813	4475	79.6590909090909	
93170104.07951535	67.0	3.02	29.58	15.3	2.3471632985101416	440	23	67	4	58	30	67	3	29	15	3798	0	0.01562356948852539	22050	8.999384641647339	4483	79.66893424036282	
37807.91438969691	67.0	3.02	29.58	15.3	2.3471632985101416	441	23	67	4	58	30	67	3	29	15	3804	0	0.03124713897705078	22100	9.03063178062439	4487	79.69683257918552	
196.48544052906865	67.0	3.0	29.0	15.0	2.3471632985101416	442	23	67	3	29	15	67	3	29	15	3810	0	0.015624284744262695	22150	9.046256065368652	4493	79.7155756207675	
32956.14883643032	67.0	3.0	29.0	15.0	2.3471632985101416	443	23	67	3	29	15	67	3	29	15	3814	0	0.0	22200	9.046256065368652	4501	79.72522522522522	
13000.006490755677	67.0	3.14	33.06	17.1	2.3471632985101416	444	23	67	4	58	30	67	3	29	15	3828	0	0.015625715255737305	22250	9.06188178062439	4508	79.73932584269663	
2.9301966578652725	67.0	3.02	29.58	15.3	2.3471632985101416	445	23	67	4	58	30	67	3	29	15	3833	0	0.015622615814208984	22300	9.077504396438599	4514	79.75784753363229	
28677.708458039488	67.0	3.02	29.58	15.3	2.3471632985101416	446	23	67	4	58	30	67	3	29	15	3843	0	0.03125286102294922	22350	9.108757257461548	4522	79.76733780760627	
414390122.53874534	67.0	3.0	29.0	15.0	2.3471632985101416	447	23	67	3	29	15	67	3	29	15	3853	0	0.015622138977050781	22400	9.124379396438599	4529	79.78125	
138.07224139305214	67.0	3.04	30.16	15.6	2.3471632985101416	448	23	67	4	58	30	67	3	29	15	3860	0	0.015622615814208984	22450	9.140002012252808	4532	79.81291759465479	
762.6165398765961	67.0	3.06	30.74	15.9	2.3471632985101416	449	23	67	4	58	30	67	3	29	15	3872	0	0.01562356948852539	22500	9.155625581741333	4533	79.85333333333334	
179.4089029438442	67.0	3.04	30.16	15.6	2.3471632985101416	450	23	67	4	58	30	67	3	29	15	3881	0	0.015622377395629883	22550	9.171247959136963	4540	79.8669623059867	
65.79419100791775	67.0	3.06	30.74	15.9	2.3471632985101416	451	23	67	4	58	30	67	3	29	15	3893	0	0.015623331069946289	22600	9.18687129020691	4546	79.88495575221239	
122.73591244165988	67.0	3.02	29.58	15.3	2.3471632985101416	452	23	67	4	58	30	67	3	29	15	3900	0	0.015623807907104492	22650	9.202495098114014	4552	79.90286975717439	
167.62627720002348	67.0	3.06	30.74	15.9	2.3471632985101416	453	23	67	4	58	30	67	3	29	15	3907	0	0.015625715255737305	22700	9.218120813369751	4562	79.90308370044053	
61.22030351400157	67.0	3.04	30.16	15.6	2.3471632985101416	454	23	67	4	58	30	67	3	29	15	3916	0	0.031246423721313477	22750	9.249367237091064	4569	79.91648351648351	
221593513604.08838	67.0	3.1	31.9	16.5	2.3471632985101416	455	23	67	4	58	30	67	3	29	15	3930	0	0.015623807907104492	22800	9.264991044998169	4575	79.93421052631578	
313169.68587949197	67.0	3.02	29.58	15.3	2.3471632985101416	456	23	67	4	58	30	67	3	29	15	3938	0	0.015623807907104492	22850	9.280614852905273	4583	79.94310722100656	
61.21349066580814	67.0	3.06	30.74	15.9	2.3471632985101416	457	23	67	4	58	30	67	3	29	15	3947	0	0.015623807907104492	22900	9.296238660812378	4590	79.95633187772926	
108.5757844234687	67.0	3.06	30.74	15.9	2.3471632985101416	458	23	67	4	58	30	67	3	29	15	3955	0	0.0	22950	9.296238660812378	4606	79.93028322440087	
57.28293280885256	67.0	3.04	30.16	15.6	2.3471632985101416	459	23	67	4	58	30	67	3	29	15	3961	0	0.015624046325683594	23000	9.311862707138062	4615	79.93478260869566	
538.2880390421855	67.0	3.02	29.58	15.3	2.3471632985101416	460	23	67	4	58	30	67	3	29	15	3970	0	0.015624046325683594	23050	9.327486753463745	4619	79.96095444685466	
2.3953071284686667	67.0	3.0	29.0	15.0	2.3471632985101416	461	23	67	3	29	15	67	3	29	15	3976	0	0.031248092651367188	23100	9.358734846115112	4624	79.98268398268398	
171.19693616373897	67.0	3.04	30.16	15.6	2.3471632985101416	462	23	67	4	58	30	67	3	29	15	3986	0	0.01562356948852539	23150	9.374358415603638	4629	80.00431965442765	
37186.548599216185	67.0	3.0	29.0	15.0	2.3471632985101416	463	23	67	3	29	15	67	3	29	15	3991	0	0.015624046325683594	23200	9.389982461929321	4637	80.01293103448276	
2.479142680782931	67.0	3.02	29.58	15.3	2.3471632985101416	464	23	67	4	58	30	67	3	29	15	4000	0	0.015623807907104492	23250	9.405606269836426	4649	80.00430107526881	
62.64732852788456	67.0	3.06	30.74	15.9	2.3471632985101416	465	23	67	4	58	30	67	3	29	15	4010	0	0.031247615814208984	23300	9.436853885650635	4656	80.01716738197425	
62684547171965.4	67.0	3.1	31.9	16.5	2.3471632985101416	466	23	67	4	58	30	67	3	29	15	4021	0	0.0	23350	9.436853885650635	4664	80.02569593147751	
221886302.36838925	67.0	3.0	29.0	15.0	2.3471632985101416	467	23	67	3	29	15	67	3	29	15	4027	0	0.015624284744262695	23400	9.452478170394897	4670	80.04273504273505	
119.94889906692084	67.0	3.06	30.74	15.9	2.3471632985101416	468	23	67	4	58	30	67	3	29	15	4036	0	0.015624046325683594	23450	9.468102216720581	4677	80.05543710021323	
6392.11291010561	67.0	3.06	30.74	15.9	2.3471632985101416	469	23	67	4	58	30	67	3	29	15	4047	0	0.015624046325683594	23500	9.483726263046265	4685	80.06382978723404	
1.0126909507016144e+16	67.0	3.06	30.74	15.9	2.3471632985101416	470	23	67	4	58	30	67	3	29	15	4055	0	0.015625	23550	9.499351263046265	4692	80.07643312101911	
57.3355954425346	67.0	3.02	29.58	15.3	2.3471632985101416	471	23	67	4	58	30	67	3	29	15	4061	0	0.015624284744262695	23600	9.514975547790527	4694	80.11016949152543	
3.012272365042082	67.0	3.08	31.32	16.2	2.3471632985101416	472	23	67	4	58	30	67	3	29	15	4070	0	0.031247377395629883	23650	9.546222925186157	4699	80.13107822410149	
195302066784.5378	67.0	3.04	30.16	15.6	2.3471632985101416	473	23	67	4	58	30	67	3	29	15	4079	0	0.0156252384185791	23700	9.561848163604736	4711	80.12236286919831	
2.400108615193692	67.0	3.02	29.58	15.3	2.3471632985101416	474	23	67	4	58	30	67	3	29	15	4087	0	0.015624046325683594	23750	9.57747220993042	4720	80.12631578947368	
81.91454528565995	67.0	3.0	29.0	15.0	2.3471632985101416	475	23	67	3	29	15	67	3	29	15	4094	0	0.015624046325683594	23800	9.593096256256104	4722	80.15966386554622	
17562.98531807568	67.0	3.0	29.0	15.0	2.3471632985101416	476	23	67	3	29	15	67	3	29	15	4099	0	0.031246662139892578	23850	9.624342918395996	4730	80.16771488469601	
269.90051620639923	67.0	3.04	30.16	15.6	2.3471632985101416	477	23	67	4	58	30	67	3	29	15	4109	0	0.015623807907104492	23900	9.6399667263031	4737	80.17991631799163	
588384.2764157063	67.0	3.06	30.74	15.9	2.3471632985101416	478	23	67	4	58	30	67	3	29	15	4118	0	0.015622854232788086	23950	9.655589580535889	4742	80.20041753653445	
20447580148646.875	67.0	3.0	29.0	15.0	2.3471632985101416	479	23	67	3	29	15	67	3	29	15	4123	0	0.015624284744262695	24000	9.671213865280151	4746	80.225	
86848897.09200095	67.0	3.02	29.58	15.3	2.3471632985101416	480	23	67	4	58	30	67	3	29	15	4131	0	0.015625476837158203	24050	9.68683934211731	4754	80.23284823284823	
61.26376682220334	67.0	3.08	31.32	16.2	2.3471632985101416	481	23	67	4	58	30	67	3	29	15	4140	0	0.031245708465576172	24100	9.718085050582886	4768	80.21576763485477	
186340000019.66125	67.0	3.02	29.58	15.3	2.3471632985101416	482	23	67	4	58	30	67	3	29	15	4147	0	0.015624523162841797	24150	9.733709573745728	4777	80.21946169772256	
80727.89061233614	67.0	3.04	30.16	15.6	2.3471632985101416	483	23	67	4	58	30	67	3	29	15	4156	0	0.015624284744262695	24200	9.74933385848999	4779	80.25206611570248	
2.404334716389579	67.0	3.0	29.0	15.0	2.3471632985101416	484	23	67	3	29	15	67	3	29	15	4163	0	0.015622854232788086	24250	9.764956712722778	4788	80.25567010309278	
119.84695545867413	67.0	3.06	30.74	15.9	2.3471632985101416	485	23	67	4	58	30	67	3	29	15	4171	0	0.015624046325683594	24300	9.780580759048462	4799	80.25102880658436	
61510.66849639086	67.0	3.04	30.16	15.6	2.3471632985101416	486	23	67	4	58	30	67	3	29	15	4180	0	0.015624761581420898	24350	9.796205520629883	4804	80.27104722792608	
205.44220936298143	67.0	3.02	29.58	15.3	2.3471632985101416	487	23	67	4	58	30	67	3	29	15	4186	0	0.015623331069946289	24400	9.811828851699829	4809	80.29098360655738	
186340090577.49094	67.0	3.06	30.74	15.9	2.3471632985101416	488	23	67	4	58	30	67	3	29	15	4193	0	0.015624046325683594	24450	9.827452898025513	4818	80.29447852760737	
393953488630016.2	67.0	3.04	30.16	15.6	2.3471632985101416	489	23	67	4	58	30	67	3	29	15	4201	0	0.015625	24500	9.843077898025513	4827	80.29795918367347	
1.0368026400040984e+16	67.0	3.02	29.58	15.3	2.3471632985101416	490	23	67	4	58	30	67	3	29	15	4210	0	0.015623331069946289	24550	9.858701229095459	4834	80.30957230142566	
2.3917975654280434	67.0	3.04	30.16	15.6	2.3471632985101416	491	23	67	4	58	30	67	3	29	15	4223	0	0.0	24600	9.858701229095459	4838	80.33333333333334	
5682122.314859808	67.0	3.04	30.16	15.6	2.3471632985101416	492	23	67	4	58	30	67	3	29	15	4233	0	0.031247615814208984	24650	9.889948844909668	4845	80.34482758620689	
109106.75844282613	67.0	3.04	30.16	15.6	2.3471632985101416	493	23	67	4	58	30	67	3	29	15	4237	0	0.015624284744262695	24700	9.90557312965393	4852	80.35627530364373	
108.24154475172317	67.0	3.04	30.16	15.6	2.3471632985101416	494	23	67	4	58	30	67	3	29	15	4249	0	0.015623331069946289	24750	9.921196460723877	4855	80.38383838383838	
3604428.9591807304	67.0	3.0	29.0	15.0	2.3471632985101416	495	23	67	3	29	15	67	3	29	15	4253	0	0.0	24800	9.921196460723877	4861	80.3991935483871	
78.8688127024998	67.0	3.06	30.74	15.9	2.3471632985101416	496	23	67	4	58	30	67	3	29	15	4261	0	0.015623807907104492	24850	9.936820268630981	4872	80.3943661971831	
95822.8517451831	67.0	3.02	29.58	15.3	2.3471632985101416	497	23	67	4	58	30	67	3	29	15	4268	0	0.0312497615814209	24900	9.968070030212402	4879	80.40562248995984	
234.520913386342	67.0	3.02	29.58	15.3	2.3471632985101416	498	23	67	4	58	30	67	3	29	15	4272	0	0.015624284744262695	24950	9.983694314956665	4883	80.42885771543087	
61.562682930170084	67.0	3.06	30.74	15.9	2.3471632985101416	499	23	67	4	58	30	67	3	29	15	4280	0	0.0	25000	9.983694314956665	4885	80.46000000000001	
529425257.3973381	67.0	3.0	29.0	15.0	2.3471632985101416	500	23	67	3	29	15	67	3	29	15	4285	0	0.031248092651367188	25050	10.014942407608032	4889	80.48303393213573	
186340000026.8391	67.0	3.0	29.0	15.0	2.3471632985101416	501	23	67	3	29	15	67	3	29	15	4292	0	0.015623331069946289	25100	10.030565738677979	4897	80.49003984063745	
19.14304742637622	67.0	3.0	29.0	15.0	2.3471632985101416	502	23	67	3	29	15	67	3	29	15	4296	0	0.015624046325683594	25150	10.046189785003662	4906	80.49304174950298	
9.126857142857142e+25	67.0	3.06	30.74	15.9	2.3471632985101416	503	23	67	4	58	30	67	3	29	15	4305	0	0.015623807907104492	25200	10.061813592910767	4913	80.50396825396825	
259374495.03432655	67.0	3.06	30.74	15.9	2.3471632985101416	504	23	67	4	58	30	67	3	29	15	4317	0	0.01562356948852539	25250	10.077437162399292	4920	80.51485148514851	
203.80716874120597	67.0	3.04	30.16	15.6	2.3471632985101416	505	23	67	4	58	30	67	3	29	15	4327	0	0.015622854232788086	25300	10.09306001663208	4932	80.50592885375494	
3.0061681892899004	67.0	3.06	30.74	15.9	2.3471632985101416	506	23	67	4	58	30	67	3	29	15	4336	0	0.015625715255737305	25350	10.108685731887817	4939	80.51676528599606	
16244.744173179717	67.0	3.06	30.74	15.9	2.3471632985101416	507	23	67	4	58	30	67	3	29	15	4342	0	0.031247377395629883	25400	10.139933109283447	4946	80.5275590551181	
3.203907592821993	67.0	3.1	31.9	16.5	2.3471632985101416	508	23	67	4	58	30	67	3	29	15	4359	0	0.0	25450	10.139933109283447	4947	80.56188605108055	
1249.5361100774535	67.0	3.04	30.16	15.6	2.3471632985101416	509	23	67	4	58	30	67	3	29	15	4370	0	0.031250715255737305	25500	10.171183824539185	4953	80.5764705882353	
2.827281047562358e+31	67.0	3.08	31.32	16.2	2.3471632985101416	510	23	67	4	58	30	67	3	29	15	4378	0	0.0	25550	10.171183824539185	4959	80.59099804305283	
63.22567288490648	67.0	3.06	30.74	15.9	2.3471632985101416	511	23	67	4	58	30	67	3	29	15	4388	0	0.03124403953552246	25600	10.202427864074707	4963	80.61328125	
2.449856941102997	67.0	3.06	30.74	15.9	2.3471632985101416	512	23	67	4	58	30	67	3	29	15	4401	0	0.015623807907104492	25650	10.218051671981812	4967	80.63547758284601	
204974000173.1559	67.0	3.06	30.74	15.9	2.3471632985101416	513	23	67	4	58	30	67	3	29	15	4412	0	0.015623331069946289	25700	10.233675003051758	4971	80.65758754863813	
2.567258388258941	67.0	3.0	29.0	15.0	2.3471632985101416	514	23	67	3	29	15	67	3	29	15	4417	0	0.031248092651367188	25750	10.264923095703125	4976	80.67572815533981	
174534230772.38022	67.0	3.1	31.9	16.5	2.3471632985101416	515	23	67	4	58	30	67	3	29	15	4429	0	0.015623807907104492	25800	10.28054690361023	4984	80.68217054263566	
84.98769276537479	67.0	3.04	30.16	15.6	2.3471632985101416	516	23	67	4	58	30	67	3	29	15	4440	0	0.015625	25850	10.29617190361023	4990	80.6963249516441	
40469.06643921723	67.0	3.06	30.74	15.9	2.3471632985101416	517	23	67	4	58	30	67	3	29	15	4449	0	0.015624046325683594	25900	10.311795949935913	4994	80.71814671814673	
81.81216655542228	67.0	3.04	30.16	15.6	2.3471632985101416	518	23	67	4	58	30	67	3	29	15	4460	0	0.031247854232788086	25950	10.343043804168701	5005	80.71290944123314	
118.65115811951948	67.0	3.02	29.58	15.3	2.3471632985101416	519	23	67	4	58	30	67	3	29	15	4466	0	0.015622615814208984	26000	10.35866641998291	5018	80.7	
186340000026.8064	67.0	3.06	30.74	15.9	2.3471632985101416	520	23	67	4	58	30	67	3	29	15	4473	0	0.01562356948852539	26050	10.374289989471436	5026	80.70633397312861	
137.44723729571265	67.0	3.04	30.16	15.6	2.3471632985101416	521	23	67	4	58	30	67	3	29	15	4481	0	0.015624523162841797	26100	10.389914512634277	5033	80.71647509578544	
52.99397519620175	67.0	3.02	29.58	15.3	2.3471632985101416	522	23	67	4	58	30	67	3	29	15	4487	0	0.0156252384185791	26150	10.405539751052856	5038	80.73422562141491	
173339650.28118593	67.0	3.02	29.58	15.3	2.3471632985101416	523	23	67	4	58	30	67	3	29	15	4495	0	0.015623092651367188	26200	10.421162843704224	5040	80.76335877862596	
153.6339943381693	67.0	3.02	29.58	15.3	2.3471632985101416	524	23	67	4	58	30	67	3	29	15	4504	0	0.015624761581420898	26250	10.436787605285645	5043	80.78857142857143	
38641.17249686731	67.0	3.02	29.58	15.3	2.3471632985101416	525	23	67	4	58	30	67	3	29	15	4511	0	0.015622377395629883	26300	10.452409982681274	5052	80.79087452471484	
14.917406919409611	67.0	3.0	29.0	15.0	2.3471632985101416	526	23	67	3	29	15	67	3	29	15	4520	0	0.0	26350	10.452409982681274	5063	80.78557874762808	
88733335.76348291	67.0	3.02	29.58	15.3	2.3471632985101416	527	23	67	4	58	30	67	3	29	15	4529	0	0.015624761581420898	26400	10.468034744262695	5070	80.79545454545455	
3852.4247972410126	67.0	3.08	31.32	16.2	2.3471632985101416	528	23	67	4	58	30	67	3	29	15	4536	0	0.03124833106994629	26450	10.499283075332642	5082	80.78638941398866	
237.63764493374586	67.0	3.02	29.58	15.3	2.3471632985101416	529	23	67	4	58	30	67	3	29	15	4541	0	0.015624523162841797	26500	10.514907598495483	5092	80.78490566037736	
93170152.22148672	67.0	3.1	31.9	16.5	2.3471632985101416	530	23	67	4	58	30	67	3	29	15	4552	0	0.01562190055847168	26550	10.530529499053955	5098	80.79849340866289	
79363.60408474867	67.0	3.04	30.16	15.6	2.3471632985101416	531	23	67	4	58	30	67	3	29	15	4559	0	0.015624046325683594	26600	10.546153545379639	5103	80.8157894736842	
274.33170430237675	67.0	3.06	30.74	15.9	2.3471632985101416	532	23	67	4	58	30	67	3	29	15	4566	0	0.015625476837158203	26650	10.561779022216797	5107	80.83677298311444	
247.03424303716778	67.0	3.02	29.58	15.3	2.3471632985101416	533	23	67	4	58	30	67	3	29	15	4572	0	0.031247854232788086	26700	10.593026876449585	5115	80.84269662921349	
35727.26562952291	67.0	3.04	30.16	15.6	2.3471632985101416	534	23	67	4	58	30	67	3	29	15	4581	0	0.015622377395629883	26750	10.608649253845215	5118	80.86728971962617	
41491.63911347519	67.0	3.02	29.58	15.3	2.3471632985101416	535	23	67	4	58	30	67	3	29	15	4591	0	0.015625	26800	10.624274253845215	5123	80.88432835820896	
71.13699946605779	67.0	3.06	30.74	15.9	2.3471632985101416	536	23	67	4	58	30	67	3	29	15	4601	0	0.015623092651367188	26850	10.639897346496582	5131	80.89013035381751	
372271123.11280733	67.0	3.1	31.9	16.5	2.3471632985101416	537	23	67	4	58	30	67	3	29	15	4607	0	0.03124856948852539	26900	10.671145915985107	5141	80.88847583643123	
91014580.73443803	67.0	3.08	31.32	16.2	2.3471632985101416	538	23	67	4	58	30	67	3	29	15	4617	0	0.015625476837158203	26950	10.686771392822266	5149	80.89424860853433	
117.01407671958057	67.0	3.02	29.58	15.3	2.3471632985101416	539	23	67	4	58	30	67	3	29	15	4619	0	0.031246185302734375	27000	10.718017578125	5154	80.91111111111111	
214.61953543087606	67.0	3.06	30.74	15.9	2.3471632985101416	540	23	67	4	58	30	67	3	29	15	4631	0	0.015624284744262695	27050	10.733641862869263	5159	80.9279112754159	
1.2721676190476243e+21	67.0	3.02	29.58	15.3	2.3471632985101416	541	23	67	4	58	30	67	3	29	15	4640	0	0.015623807907104492	27100	10.749265670776367	5165	80.9409594095941	
61481884.7949426	67.0	3.0	29.0	15.0	2.3471632985101416	542	23	67	3	29	15	67	3	29	15	4646	0	0.015623092651367188	27150	10.764888763427734	5173	80.94659300184162	
41488.0843816079	67.0	3.02	29.58	15.3	2.3471632985101416	543	23	67	4	58	30	67	3	29	15	4655	0	0.015625715255737305	27200	10.780514478683472	5178	80.96323529411765	
40617.78665272748	67.0	3.06	30.74	15.9	2.3471632985101416	544	23	67	4	58	30	67	3	29	15	4664	0	0.015622377395629883	27250	10.796136856079102	5182	80.98348623853211	
39507.23663454915	67.0	3.06	30.74	15.9	2.3471632985101416	545	23	67	4	58	30	67	3	29	15	4672	0	0.015624046325683594	27300	10.811760902404785	5186	81.00366300366301	
3.9443478260869594e+17	67.0	3.02	29.58	15.3	2.3471632985101416	546	23	67	4	58	30	67	3	29	15	4677	0	0.015623331069946289	27350	10.827384233474731	5193	81.01279707495429	
44253.776166758595	67.0	3.08	31.32	16.2	2.3471632985101416	547	23	67	4	58	30	67	3	29	15	4686	0	0.03124856948852539	27400	10.858632802963257	5194	81.04379562043795	
378.04347403030135	67.0	3.08	31.32	16.2	2.3471632985101416	548	23	67	4	58	30	67	3	29	15	4699	0	0.015624284744262695	27450	10.87425708770752	5202	81.04918032786885	
72368.13466197297	67.0	3.04	30.16	15.6	2.3471632985101416	549	23	67	4	58	30	67	3	29	15	4705	0	0.015624046325683594	27500	10.889881134033203	5211	81.05090909090909	
86669903.76532237	67.0	3.06	30.74	15.9	2.3471632985101416	550	23	67	4	58	30	67	3	29	15	4713	0	0.015623807907104492	27550	10.905504941940308	5220	81.05263157894737	
38559.305342112195	67.0	3.0	29.0	15.0	2.3471632985101416	551	23	67	3	29	15	67	3	29	15	4720	0	0.015624523162841797	27600	10.92112946510315	5226	81.06521739130434	
381212.96235185605	67.0	3.1	31.9	16.5	2.3471632985101416	552	23	67	4	58	30	67	3	29	15	4731	0	0.015623331069946289	27650	10.936752796173096	5232	81.07775768535262	
45028.017455614645	67.0	3.1	31.9	16.5	2.3471632985101416	553	23	67	4	58	30	67	3	29	15	4747	0	0.015623092651367188	27700	10.952375888824463	5235	81.10108303249098	
42485.11636676264	67.0	3.08	31.32	16.2	2.3471632985101416	554	23	67	4	58	30	67	3	29	15	4758	0	0.03124856948852539	27750	10.983624458312988	5243	81.10630630630631	
5498.368973775047	67.0	3.02	29.58	15.3	2.3471632985101416	555	23	67	4	58	30	67	3	29	15	4764	0	0.0156252384185791	27800	10.999249696731567	5252	81.10791366906474	
144.25901749078733	67.0	3.04	30.16	15.6	2.3471632985101416	556	23	67	4	58	30	67	3	29	15	4773	0	0.015623807907104492	27850	11.014873504638672	5255	81.1310592459605	
899164444586.5571	67.0	3.0	29.0	15.0	2.3471632985101416	557	23	67	3	29	15	67	3	29	15	4779	0	0.015622615814208984	27900	11.03049612045288	5262	81.13978494623656	
64.22386052032121	67.0	3.06	30.74	15.9	2.3471632985101416	558	23	67	4	58	30	67	3	29	15	4787	0	0.03124856948852539	27950	11.061744689941406	5268	81.1520572450805	
168.73312326535645	67.0	3.02	29.58	15.3	2.3471632985101416	559	23	67	4	58	30	67	3	29	15	4793	0	0.015623331069946289	28000	11.077368021011353	5275	81.16071428571428	
2.385779571261983	67.0	3.06	30.74	15.9	2.3471632985101416	560	23	67	4	58	30	67	3	29	15	4804	0	0.0	28050	11.077368021011353	5279	81.18003565062389	
120.32533877249769	67.0	3.08	31.32	16.2	2.3471632985101416	561	23	67	4	58	30	67	3	29	15	4813	0	0.031247615814208984	28100	11.108615636825562	5282	81.20284697508896	
40544.9163801767	67.0	3.04	30.16	15.6	2.3471632985101416	562	23	67	4	58	30	67	3	29	15	4822	0	0.015623807907104492	28150	11.124239444732666	5286	81.22202486678508	
67148.0305440189	67.0	3.04	30.16	15.6	2.3471632985101416	563	23	67	4	58	30	67	3	29	15	4829	0	0.015623807907104492	28200	11.13986325263977	5292	81.23404255319149	
64.95636024765557	67.0	3.04	30.16	15.6	2.3471632985101416	564	23	67	4	58	30	67	3	29	15	4836	0	0.031247854232788086	28250	11.171111106872559	5297	81.2495575221239	
208915.01074401857	67.0	3.12	32.48	16.8	2.3471632985101416	565	23	67	4	58	30	67	3	29	15	4848	0	0.015624523162841797	28300	11.1867356300354	5304	81.25795053003534	
34025.207346115814	67.0	3.0	29.0	15.0	2.3471632985101416	566	23	67	3	29	15	67	3	29	15	4849	0	0.015623331069946289	28350	11.202358961105347	5306	81.28395061728395	
144.96572102405057	67.0	3.02	29.58	15.3	2.3471632985101416	567	23	67	4	58	30	67	3	29	15	4858	0	0.015624523162841797	28400	11.217983484268188	5310	81.30281690140845	
258.96342061328386	67.0	3.06	30.74	15.9	2.3471632985101416	568	23	67	4	58	30	67	3	29	15	4868	0	0.031247615814208984	28450	11.249231100082397	5312	81.3286467486819	
92271407.76022418	67.0	3.1	31.9	16.5	2.3471632985101416	569	23	67	4	58	30	67	3	29	15	4878	0	0.031247377395629883	28500	11.280478477478027	5315	81.35087719298245	
269.283737506209	67.0	3.02	29.58	15.3	2.3471632985101416	570	23	67	4	58	30	67	3	29	15	4885	0	0.031249284744262695	28550	11.31172776222229	5324	81.35201401050787	
93170062.38160966	67.0	3.08	31.32	16.2	2.3471632985101416	571	23	67	4	58	30	67	3	29	15	4896	0	0.015622615814208984	28600	11.327350378036499	5327	81.37412587412587	
63.36623715677042	67.0	3.06	30.74	15.9	2.3471632985101416	572	23	67	4	58	30	67	3	29	15	4906	0	0.015623807907104492	28650	11.342974185943604	5331	81.39267015706807	
109.48919169967442	67.0	3.04	30.16	15.6	2.3471632985101416	573	23	67	4	58	30	67	3	29	15	4914	0	0.03124833106994629	28700	11.37422251701355	5332	81.42160278745645	
2.389081369695497	67.0	3.12	32.48	16.8	2.3471632985101416	574	23	67	4	58	30	67	3	29	15	4927	0	0.015624523162841797	28750	11.389847040176392	5334	81.44695652173914	
60989490.500785574	67.0	3.06	30.74	15.9	2.3471632985101416	575	23	67	4	58	30	67	3	29	15	4937	0	0.015623331069946289	28800	11.405470371246338	5339	81.46180555555556	
135.728636200979	67.0	3.06	30.74	15.9	2.3471632985101416	576	23	67	4	58	30	67	3	29	15	4950	0	0.015623331069946289	28850	11.421093702316284	5345	81.47313691507799	
136.06171150434437	67.0	3.1	31.9	16.5	2.3471632985101416	577	23	67	4	58	30	67	3	29	15	4964	0	0.015624284744262695	28900	11.436717987060547	5358	81.46020761245674	
58.54270294521539	67.0	3.04	30.16	15.6	2.3471632985101416	578	23	67	4	58	30	67	3	29	15	4971	0	0.015624523162841797	28950	11.452342510223389	5367	81.46113989637306	
58.53083667412317	67.0	3.08	31.32	16.2	2.3471632985101416	579	23	67	4	58	30	67	3	29	15	4978	0	0.015622854232788086	29000	11.467965364456177	5373	81.47241379310344	
6471629.234979798	67.0	3.04	30.16	15.6	2.3471632985101416	580	23	67	4	58	30	67	3	29	15	4987	0	0.015624046325683594	29050	11.48358941078186	5379	81.48364888123925	
740851.3111388772	67.0	3.0	29.0	15.0	2.3471632985101416	581	23	67	3	29	15	67	3	29	15	4998	0	0.015623807907104492	29100	11.499213218688965	5383	81.50171821305841	
160.62953969943868	67.0	3.0	29.0	15.0	2.3471632985101416	582	23	67	3	29	15	67	3	29	15	5002	0	0.015624284744262695	29150	11.514837503433228	5392	81.50257289879931	
283223415016.63666	67.0	3.02	29.58	15.3	2.3471632985101416	583	23	67	4	58	30	67	3	29	15	5012	0	0.015624046325683594	29200	11.530461549758911	5401	81.50342465753425	
85.42300350282206	67.0	3.06	30.74	15.9	2.3471632985101416	584	23	67	4	58	30	67	3	29	15	5021	0	0.015624284744262695	29250	11.546085834503174	5412	81.49743589743589	
76.82007122303142	67.0	3.04	30.16	15.6	2.3471632985101416	585	23	67	4	58	30	67	3	29	15	5028	0	0.015624761581420898	29300	11.561710596084595	5422	81.49488054607508	
103.79535458036543	67.0	3.02	29.58	15.3	2.3471632985101416	586	23	67	4	58	30	67	3	29	15	5037	0	0.015623092651367188	29350	11.577333688735962	5425	81.51618398637137	
386797403590.371	67.0	3.04	30.16	15.6	2.3471632985101416	587	23	67	4	58	30	67	3	29	15	5045	0	0.015623092651367188	29400	11.592956781387329	5433	81.5204081632653	
982892307791.1779	67.0	3.02	29.58	15.3	2.3471632985101416	588	23	67	4	58	30	67	3	29	15	5057	0	0.015625	29450	11.608581781387329	5442	81.52122241086587	
40335.608595709324	67.0	3.06	30.74	15.9	2.3471632985101416	589	23	67	4	58	30	67	3	29	15	5066	0	0.015622615814208984	29500	11.624204397201538	5445	81.54237288135593	
7172485.484805588	67.0	3.06	30.74	15.9	2.3471632985101416	590	23	67	4	58	30	67	3	29	15	5073	0	0.0	29550	11.624204397201538	5453	81.54653130287647	
1020365.2720540923	67.0	3.06	30.74	15.9	2.3471632985101416	591	23	67	4	58	30	67	3	29	15	5080	0	0.015624523162841797	29600	11.63982892036438	5465	81.53716216216216	
47341.517413198926	67.0	3.02	29.58	15.3	2.3471632985101416	592	23	67	4	58	30	67	3	29	15	5091	0	0.015623807907104492	29650	11.655452728271484	5473	81.54131534569983	
1450.2352183435605	67.0	3.02	29.58	15.3	2.3471632985101416	593	23	67	4	58	30	67	3	29	15	5097	0	0.015623807907104492	29700	11.671076536178589	5479	81.55218855218855	
41500.631160478195	67.0	3.02	29.58	15.3	2.3471632985101416	594	23	67	4	58	30	67	3	29	15	5107	0	0.015623807907104492	29750	11.686700344085693	5483	81.56974789915967	
374793.05522281985	67.0	3.04	30.16	15.6	2.3471632985101416	595	23	67	4	58	30	67	3	29	15	5115	0	0.015627145767211914	29800	11.702327489852905	5491	81.5738255033557	
41504.74095123603	67.0	3.0	29.0	15.0	2.3471632985101416	596	23	67	3	29	15	67	3	29	15	5125	0	0.015621662139892578	29850	11.717949151992798	5496	81.58793969849246	
195.4535710633684	67.0	3.02	29.58	15.3	2.3471632985101416	597	23	67	4	58	30	67	3	29	15	5136	0	0.015624046325683594	29900	11.733573198318481	5503	81.59531772575251	
454310957099.9957	67.0	3.02	29.58	15.3	2.3471632985101416	598	23	67	4	58	30	67	3	29	15	5141	0	0.015625	29950	11.749198198318481	5516	81.58263772954925	
15830812735.784882	67.0	3.1	31.9	16.5	2.3471632985101416	599	23	67	4	58	30	67	3	29	15	5153	0	0.015622138977050781	30000	11.764820337295532	5529	81.57	
306.23690791999945	67.0	3.04	30.16	15.6	2.3471632985101416	600	23	67	4	58	30	67	3	29	15	5159	0	0.031248092651367188	30050	11.7960684299469	5535	81.58069883527455	
60.392851944797435	67.0	3.0	29.0	15.0	2.3471632985101416	601	23	67	3	29	15	67	3	29	15	5167	0	0.015624284744262695	30100	11.811692714691162	5538	81.60132890365449	
34215.98358651572	67.0	3.02	29.58	15.3	2.3471632985101416	602	23	67	4	58	30	67	3	29	15	5174	0	0.0	30150	11.811692714691162	5539	81.62852404643449	
65.7310172969337	67.0	3.06	30.74	15.9	2.3471632985101416	603	23	67	4	58	30	67	3	29	15	5186	0	0.015623331069946289	30200	11.827316045761108	5542	81.64900662251655	
17823826088049.668	67.0	3.0	29.0	15.0	2.3471632985101416	604	23	67	3	29	15	67	3	29	15	5191	0	0.015624523162841797	30250	11.84294056892395	5546	81.66611570247935	
78.35713225830986	67.0	3.04	30.16	15.6	2.3471632985101416	605	23	67	4	58	30	67	3	29	15	5202	0	0.031247377395629883	30300	11.87418794631958	5551	81.67986798679868	
43438.26995005753	67.0	3.08	31.32	16.2	2.3471632985101416	606	23	67	4	58	30	67	3	29	15	5214	0	0.015624523162841797	30350	11.889812469482422	5554	81.7001647446458	
170811674242.93704	67.0	3.0	29.0	15.0	2.3471632985101416	607	23	67	3	29	15	67	3	29	15	5217	0	0.015623807907104492	30400	11.905436277389526	5565	81.69407894736842	
2.9088463544262437e+22	67.0	3.02	29.58	15.3	2.3471632985101416	608	23	67	4	58	30	67	3	29	15	5226	0	0.015623807907104492	30450	11.92106008529663	5575	81.69129720853859	
891289600087.5404	67.0	3.04	30.16	15.6	2.3471632985101416	609	23	67	4	58	30	67	3	29	15	5237	0	0.031247854232788086	30500	11.952307939529419	5589	81.67540983606557	
194.1882470278733	67.0	3.02	29.58	15.3	2.3471632985101416	610	23	67	4	58	30	67	3	29	15	5244	0	0.031247854232788086	30550	11.983555793762207	5602	81.66284779050736	
136.75455367149752	67.0	3.1	31.9	16.5	2.3471632985101416	611	23	67	4	58	30	67	3	29	15	5258	0	0.031248807907104492	30600	12.014804601669312	5611	81.66339869281046	
274.72808391109305	67.0	3.04	30.16	15.6	2.3471632985101416	612	23	67	4	58	30	67	3	29	15	5264	0	0.031247377395629883	30650	12.046051979064941	5623	81.6541598694943	
351146250126.4706	67.0	3.04	30.16	15.6	2.3471632985101416	613	23	67	4	58	30	67	3	29	15	5279	0	0.031247854232788086	30700	12.07729983329773	5631	81.65798045602605	
41469.18795321521	67.0	3.1	31.9	16.5	2.3471632985101416	614	23	67	4	58	30	67	3	29	15	5289	0	0.031247377395629883	30750	12.10854721069336	5643	81.64878048780488	
61.22212796065238	67.0	3.06	30.74	15.9	2.3471632985101416	615	23	67	4	58	30	67	3	29	15	5298	0	0.031247854232788086	30800	12.139795064926147	5650	81.65584415584416	
39398.53190436775	67.0	3.06	30.74	15.9	2.3471632985101416	616	23	67	4	58	30	67	3	29	15	5306	0	0.031247615814208984	30850	12.171042680740356	5663	81.64343598055106	
141786570982.74857	67.0	3.08	31.32	16.2	2.3471632985101416	617	23	67	4	58	30	67	3	29	15	5319	0	0.015624523162841797	30900	12.186667203903198	5666	81.66343042071198	
8624.369250723654	67.0	3.04	30.16	15.6	2.3471632985101416	618	23	67	4	58	30	67	3	29	15	5329	0	0.015627145767211914	30950	12.20229434967041	5675	81.66397415185784	
397.54958674563665	67.0	3.02	29.58	15.3	2.3471632985101416	619	23	67	4	58	30	67	3	29	15	5336	0	0.015622615814208984	31000	12.21791696548462	5681	81.6741935483871	
262.18844025984004	67.0	3.0	29.0	15.0	2.3471632985101416	620	23	67	3	29	15	67	3	29	15	5339	0	0.03124523162841797	31050	12.249162197113037	5683	81.69726247987117	
199974634321.2223	67.0	3.04	30.16	15.6	2.3471632985101416	621	23	67	4	58	30	67	3	29	15	5349	0	0.015624523162841797	31100	12.264786720275879	5687	81.71382636655949	
255.1481350030238	67.0	3.02	29.58	15.3	2.3471632985101416	622	23	67	4	58	30	67	3	29	15	5356	0	0.015623331069946289	31150	12.280410051345825	5692	81.72712680577848	
65.73502575061077	67.0	3.06	30.74	15.9	2.3471632985101416	623	23	67	4	58	30	67	3	29	15	5368	0	0.015624284744262695	31200	12.296034336090088	5698	81.73717948717949	
135.99099544697577	67.0	3.12	32.48	16.8	2.3471632985101416	624	23	67	4	58	30	67	3	29	15	5382	0	0.0	31250	12.296034336090088	5702	81.7536	
673342.7072099646	67.0	3.08	31.32	16.2	2.3471632985101416	625	23	67	4	58	30	67	3	29	15	5394	0	0.031247377395629883	31300	12.327281713485718	5709	81.76038338658147	
21.179795632512672	67.0	3.0	29.0	15.0	2.3471632985101416	626	23	67	3	29	15	67	3	29	15	5404	0	0.031249046325683594	31350	12.358530759811401	5711	81.78309409888357	
2.4181707275138957	67.0	3.06	30.74	15.9	2.3471632985101416	627	23	67	4	58	30	67	3	29	15	5413	0	0.015624761581420898	31400	12.374155521392822	5716	81.79617834394904	
1.0368026400040468e+16	67.0	3.08	31.32	16.2	2.3471632985101416	628	23	67	4	58	30	67	3	29	15	5422	0	0.015623331069946289	31450	12.389778852462769	5721	81.80922098569158	
113.62832986410277	67.0	3.04	30.16	15.6	2.3471632985101416	629	23	67	4	58	30	67	3	29	15	5429	0	0.015623092651367188	31500	12.405401945114136	5725	81.82539682539682	
133.00464036463578	67.0	3.08	31.32	16.2	2.3471632985101416	630	23	67	4	58	30	67	3	29	15	5437	0	0.031248092651367188	31550	12.436650037765503	5729	81.84152139461173	
3.0613158416429687	67.0	3.08	31.32	16.2	2.3471632985101416	631	23	67	4	58	30	67	3	29	15	5449	0	0.0	31600	12.436650037765503	5734	81.85443037974683	
193.9074946284344	67.0	3.06	30.74	15.9	2.3471632985101416	632	23	67	4	58	30	67	3	29	15	5456	0	0.031247377395629883	31650	12.467897415161133	5742	81.85781990521326	
228.07399144667983	67.0	3.0	29.0	15.0	2.3471632985101416	633	23	67	3	29	15	67	3	29	15	5466	0	0.015624284744262695	31700	12.483521699905396	5746	81.87381703470032	
4018386.214245332	67.0	3.02	29.58	15.3	2.3471632985101416	634	23	67	4	58	30	67	3	29	15	5474	0	0.015623807907104492	31750	12.4991455078125	5750	81.88976377952756	
2854.58570076966	67.0	3.02	29.58	15.3	2.3471632985101416	635	23	67	4	58	30	67	3	29	15	5484	0	0.015624284744262695	31800	12.514769792556763	5757	81.89622641509433	
70.65421153561151	67.0	3.02	29.58	15.3	2.3471632985101416	636	23	67	4	58	30	67	3	29	15	5498	0	0.031248092651367188	31850	12.54601788520813	5766	81.89638932496075	
141.1909462412001	67.0	3.06	30.74	15.9	2.3471632985101416	637	23	67	4	58	30	67	3	29	15	5508	0	0.01562356948852539	31900	12.561641454696655	5772	81.90595611285266	
894510.4515605321	67.0	3.04	30.16	15.6	2.3471632985101416	638	23	67	4	58	30	67	3	29	15	5516	0	0.015624046325683594	31950	12.577265501022339	5779	81.91236306729265	
62.768387636050875	67.0	3.02	29.58	15.3	2.3471632985101416	639	23	67	4	58	30	67	3	29	15	5525	0	0.015625	32000	12.592890501022339	5790	81.90625	
214.78375215292212	67.0	3.04	30.16	15.6	2.3471632985101416	640	23	67	4	58	30	67	3	29	15	5534	0	0.015625	32050	12.608515501022339	5799	81.90639625585024	
138.1619003153594	67.0	3.0	29.0	15.0	2.3471632985101416	641	23	67	3	29	15	67	3	29	15	5539	0	0.015621423721313477	32100	12.624136924743652	5804	81.9190031152648	
120.67621540198813	67.0	3.08	31.32	16.2	2.3471632985101416	642	23	67	4	58	30	67	3	29	15	5548	0	0.015624046325683594	32150	12.639760971069336	5805	81.94401244167963	
2.381734326598761	67.0	3.06	30.74	15.9	2.3471632985101416	643	23	67	4	58	30	67	3	29	15	5560	0	0.015624284744262695	32200	12.655385255813599	5810	81.95652173913044	
190.2071379053494	67.0	3.02	29.58	15.3	2.3471632985101416	644	23	67	4	58	30	67	3	29	15	5568	0	0.015623807907104492	32250	12.671009063720703	5819	81.95658914728682	
87.05343737178217	67.0	3.08	31.32	16.2	2.3471632985101416	645	23	67	4	58	30	67	3	29	15	5580	0	0.0	32300	12.671009063720703	5830	81.95046439628483	
84777164.1545928	67.0	3.0	29.0	15.0	2.3471632985101416	646	23	67	3	29	15	67	3	29	15	5587	0	0.031247615814208984	32350	12.702256679534912	5837	81.95672333848532	
95559166.5012304	67.0	3.0	29.0	15.0	2.3471632985101416	647	23	67	3	29	15	67	3	29	15	5599	0	0.0	32400	12.702256679534912	5842	81.96913580246914	
119.07266729372728	67.0	3.06	30.74	15.9	2.3471632985101416	648	23	67	4	58	30	67	3	29	15	5611	0	0.015623092651367188	32450	12.71787977218628	5846	81.98459167950693	
67030.50283988062	67.0	3.0	29.0	15.0	2.3471632985101416	649	23	67	3	29	15	67	3	29	15	5615	0	0.015625	32500	12.73350477218628	5854	81.98769230769231	
109.41801121423381	67.0	3.04	30.16	15.6	2.3471632985101416	650	23	67	4	58	30	67	3	29	15	5626	0	0.015623092651367188	32550	12.749127864837646	5861	81.99385560675884	
213.86981460806786	67.0	3.0	29.0	15.0	2.3471632985101416	651	23	67	3	29	15	67	3	29	15	5632	0	0.01562356948852539	32600	12.764751434326172	5869	81.99693251533742	
88733337.28525881	67.0	3.08	31.32	16.2	2.3471632985101416	652	23	67	4	58	30	67	3	29	15	5641	0	0.015624761581420898	32650	12.780376195907593	5881	81.98774885145482	
874.5633911745405	67.0	3.06	30.74	15.9	2.3471632985101416	653	23	67	4	58	30	67	3	29	15	5649	0	0.015623092651367188	32700	12.79599928855896	5892	81.98165137614679	
200.70206689740715	67.0	3.02	29.58	15.3	2.3471632985101416	654	23	67	4	58	30	67	3	29	15	5656	0	0.015624523162841797	32750	12.811623811721802	5903	81.97557251908397	
162.0952992690886	67.0	3.06	30.74	15.9	2.3471632985101416	655	23	67	4	58	30	67	3	29	15	5663	0	0.015626192092895508	32800	12.827250003814697	5917	81.96036585365854	
1.0886465520236834e+16	67.0	3.1	31.9	16.5	2.3471632985101416	656	23	67	4	58	30	67	3	29	15	5674	0	0.015622377395629883	32850	12.842872381210327	5924	81.96651445966515	
62.66481974914335	67.0	3.0	29.0	15.0	2.3471632985101416	657	23	67	3	29	15	67	3	29	15	5678	0	0.015624523162841797	32900	12.858496904373169	5936	81.95744680851064	
55.54642346630605	67.0	3.02	29.58	15.3	2.3471632985101416	658	23	67	4	58	30	67	3	29	15	5682	0	0.015624046325683594	32950	12.874120950698853	5944	81.96054628224583	
574066.3289190265	67.0	3.04	30.16	15.6	2.3471632985101416	659	23	67	4	58	30	67	3	29	15	5692	0	0.015623807907104492	33000	12.889744758605957	5949	81.97272727272727	
62.68985187474162	67.0	3.1	31.9	16.5	2.3471632985101416	660	23	67	4	58	30	67	3	29	15	5702	0	0.015624761581420898	33050	12.905369520187378	5956	81.97881996974282	
42839.09273860788	67.0	3.04	30.16	15.6	2.3471632985101416	661	23	67	4	58	30	67	3	29	15	5713	0	0.0	33100	12.905369520187378	5962	81.98791540785498	
92.13584239395423	67.0	3.1	31.9	16.5	2.3471632985101416	662	23	67	4	58	30	67	3	29	15	5725	0	0.015622854232788086	33150	12.920992374420166	5967	82.0	
2722734042593.642	67.0	3.04	30.16	15.6	2.3471632985101416	663	23	67	4	58	30	67	3	29	15	5736	0	0.031247854232788086	33200	12.952240228652954	5971	82.01506024096386	
203.54394258176887	67.0	3.04	30.16	15.6	2.3471632985101416	664	23	67	4	58	30	67	3	29	15	5742	0	0.015624284744262695	33250	12.967864513397217	5980	82.01503759398497	
73688.17106043303	67.0	3.02	29.58	15.3	2.3471632985101416	665	23	67	4	58	30	67	3	29	15	5747	0	0.03124856948852539	33300	12.999113082885742	5989	82.01501501501501	
44921.80377921472	67.0	3.06	30.74	15.9	2.3471632985101416	666	23	67	4	58	30	67	3	29	15	5757	0	0.015627622604370117	33350	13.014740705490112	5998	82.01499250374812	
63.83340785625073	67.0	3.02	29.58	15.3	2.3471632985101416	667	23	67	4	58	30	67	3	29	15	5767	0	0.015619277954101562	33400	13.030359983444214	6004	82.02395209580838	
42516.80623241716	67.0	3.08	31.32	16.2	2.3471632985101416	668	23	67	4	58	30	67	3	29	15	5778	0	0.015626192092895508	33450	13.04598617553711	6020	82.00298953662183	
199.10282244949948	67.0	3.0	29.0	15.0	2.3471632985101416	669	23	67	3	29	15	67	3	29	15	5782	0	0.01562190055847168	33500	13.061608076095581	6030	82.0	
96811.25852768225	67.0	3.08	31.32	16.2	2.3471632985101416	670	23	67	4	58	30	67	3	29	15	5791	0	0.015624523162841797	33550	13.077232599258423	6036	82.00894187779434	
854.378259043731	67.0	3.0	29.0	15.0	2.3471632985101416	671	23	67	3	29	15	67	3	29	15	5796	0	0.031246185302734375	33600	13.108478784561157	6044	82.01190476190476	
1412050.5532971802	67.0	3.04	30.16	15.6	2.3471632985101416	672	23	67	4	58	30	67	3	29	15	5807	0	0.01562356948852539	33650	13.124102354049683	6048	82.02674591381873	
80.11252230164169	67.0	3.0	29.0	15.0	2.3471632985101416	673	23	67	3	29	15	67	3	29	15	5817	0	0.0156252384185791	33700	13.139727592468262	6060	82.01780415430267	
3939594.7703092145	67.0	3.04	30.16	15.6	2.3471632985101416	674	23	67	4	58	30	67	3	29	15	5825	0	0.031248092651367188	33750	13.170975685119629	6065	82.02962962962962	
136.82512802879762	67.0	3.06	30.74	15.9	2.3471632985101416	675	23	67	4	58	30	67	3	29	15	5837	0	0.0	33800	13.170975685119629	6078	82.01775147928994	
249.3271354135707	67.0	3.0	29.0	15.0	2.3471632985101416	676	23	67	3	29	15	67	3	29	15	5844	0	0.015625476837158203	33850	13.186601161956787	6087	82.01772525849336	
64.77123252453214	67.0	3.02	29.58	15.3	2.3471632985101416	677	23	67	4	58	30	67	3	29	15	5855	0	0.015621185302734375	33900	13.202222347259521	6093	82.02654867256638	
41319.44126555577	67.0	3.06	30.74	15.9	2.3471632985101416	678	23	67	4	58	30	67	3	29	15	5865	0	0.015624284744262695	33950	13.217846632003784	6100	82.03240058910163	
442549.2698263914	67.0	3.08	31.32	16.2	2.3471632985101416	679	23	67	4	58	30	67	3	29	15	5875	0	0.015624046325683594	34000	13.233470678329468	6112	82.02352941176471	
161.44967459525097	67.0	3.04	30.16	15.6	2.3471632985101416	680	23	67	4	58	30	67	3	29	15	5882	0	0.031248092651367188	34050	13.264718770980835	6122	82.02055800293687	
2.392905164493243	67.0	3.1	31.9	16.5	2.3471632985101416	681	23	67	4	58	30	67	3	29	15	5893	0	0.015622854232788086	34100	13.280341625213623	6128	82.02932551319648	
34354.31034629162	67.0	3.08	31.32	16.2	2.3471632985101416	682	23	67	4	58	30	67	3	29	15	5903	0	0.015624046325683594	34150	13.295965671539307	6139	82.02342606149341	
125.56017303841504	67.0	3.02	29.58	15.3	2.3471632985101416	683	23	67	4	58	30	67	3	29	15	5907	0	0.015624046325683594	34200	13.31158971786499	6150	82.01754385964912	
153857.66929423602	67.0	3.06	30.74	15.9	2.3471632985101416	684	23	67	4	58	30	67	3	29	15	5917	0	0.01562356948852539	34250	13.327213287353516	6163	82.0058394160584	
3.8500038500038504e+16	67.0	3.04	30.16	15.6	2.3471632985101416	685	23	67	4	58	30	67	3	29	15	5924	0	0.015625953674316406	34300	13.342839241027832	6180	81.98250728862973	
697910179.5013795	67.0	3.06	30.74	15.9	2.3471632985101416	686	23	67	4	58	30	67	3	29	15	5936	0	0.015623807907104492	34350	13.358463048934937	6192	81.97379912663756	
36978.28334215917	67.0	3.04	30.16	15.6	2.3471632985101416	687	23	67	4	58	30	67	3	29	15	5941	0	0.015622377395629883	34400	13.374085426330566	6205	81.96220930232558	
2097963239065883.2	67.0	3.12	32.48	16.8	2.347045064196966	688	23	67	4	58	30	67	3	29	15	5951	0	0.0	34450	13.374085426330566	6216	81.95645863570391	
726047518.8866866	67.0	3.04	30.16	15.6	2.347045064196966	689	23	67	4	58	30	67	3	29	15	5962	0	0.015623807907104492	34500	13.389709234237671	6226	81.9536231884058	
39509.5037859476	67.0	3.02	29.58	15.3	2.347045064196966	690	23	67	4	58	30	67	3	29	15	5970	0	0.031249046325683594	34550	13.420958280563354	6234	81.95658465991318	
106.59920484346024	67.0	3.02	29.58	15.3	2.347045064196966	691	23	67	4	58	30	67	3	29	15	5977	0	0.0	34600	13.420958280563354	6243	81.95664739884393	
69.05519116686641	67.0	3.0	29.0	15.0	2.347045064196966	692	23	67	3	29	15	67	3	29	15	5991	0	0.031248807907104492	34650	13.452207088470459	6253	81.95382395382396	
58.530432725875265	67.0	3.0	29.0	15.0	2.347045064196966	693	23	67	3	29	15	67	3	29	15	5998	0	0.015623331069946289	34700	13.467830419540405	6259	81.96253602305475	
116.3832463732126	67.0	3.02	29.58	15.3	2.347045064196966	694	23	67	4	58	30	67	3	29	15	6007	0	0.015623331069946289	34750	13.483453750610352	6272	81.95107913669065	
604.6402356389126	67.0	3.06	30.74	15.9	2.347045064196966	695	23	67	4	58	30	67	3	29	15	6016	0	0.031249046325683594	34800	13.514702796936035	6289	81.92816091954023	
147913.1127959297	67.0	3.06	30.74	15.9	2.347045064196966	696	23	67	4	58	30	67	3	29	15	6031	0	0.015623092651367188	34850	13.530325889587402	6309	81.89670014347203	
1083820246242644.9	67.0	3.02	29.58	15.3	2.347045064196966	697	23	67	4	58	30	67	3	29	15	6041	0	0.015622854232788086	34900	13.54594874382019	6331	81.85959885386819	
50.36825873186275	67.0	3.08	31.32	16.2	2.347045064196966	698	23	67	4	58	30	67	3	29	15	6050	0	0.015624284744262695	34950	13.561573028564453	6353	81.82260371959943	
275.4117920751157	67.0	3.02	29.58	15.3	2.347045064196966	699	23	67	4	58	30	67	3	29	15	6057	0	0.031248807907104492	35000	13.592821836471558	6365	81.81428571428572	
1501565.60547571	67.0	3.12	32.48	16.8	2.347045064196966	700	23	67	4	58	30	67	3	29	15	6069	0	0.015622377395629883	35050	13.608444213867188	6378	81.80313837375178	
77.96847993234586	67.0	3.04	30.16	15.6	2.347045064196966	701	23	67	4	58	30	67	3	29	15	6078	0	0.015626192092895508	35100	13.624070405960083	6389	81.7977207977208	
207411.44435091747	67.0	3.04	30.16	15.6	2.347045064196966	702	23	67	4	58	30	67	3	29	15	6085	0	0.031246185302734375	35150	13.655316591262817	6399	81.79516358463727	
3.4905168935310913	67.0	3.04	30.16	15.6	2.347045064196966	703	23	67	4	58	30	67	3	29	15	6093	0	0.0	35200	13.655316591262817	6408	81.79545454545455	
1183000002.4155502	67.0	3.04	30.16	15.6	2.347045064196966	704	23	67	4	58	30	67	3	29	15	6099	0	0.031247377395629883	35250	13.686563968658447	6420	81.7872340425532	
1927867807986.1038	67.0	3.06	30.74	15.9	2.347045064196966	705	23	67	4	58	30	67	3	29	15	6108	0	0.015624761581420898	35300	13.702188730239868	6435	81.77053824362606	
140094.48419885174	67.0	3.12	32.48	16.8	2.347045064196966	706	23	67	4	58	30	67	3	29	15	6121	0	0.015623092651367188	35350	13.717811822891235	6448	81.75954738330977	
64.07123474366837	67.0	3.08	31.32	16.2	2.347045064196966	707	23	67	4	58	30	67	3	29	15	6132	0	0.015623807907104492	35400	13.73343563079834	6463	81.74293785310735	
123805.38733729844	67.0	3.02	29.58	15.3	2.347045064196966	708	23	67	4	58	30	67	3	29	15	6140	0	0.015625476837158203	35450	13.749061107635498	6482	81.71509167842031	
466853676.827404	67.0	3.04	30.16	15.6	2.347045064196966	709	23	67	4	58	30	67	3	29	15	6146	0	0.031246662139892578	35500	13.78030776977539	6501	81.68732394366197	
1494.4952419648102	67.0	3.1	31.9	16.5	2.347045064196966	710	23	67	4	58	30	67	3	29	15	6158	0	0.01562356948852539	35550	13.795931339263916	6511	81.68495077355837	
1223415.4678376273	67.0	3.0	29.0	15.0	2.347045064196966	711	23	67	3	29	15	67	3	29	15	6163	0	0.0156252384185791	35600	13.811556577682495	6530	81.65730337078651	
430544.25434530544	67.0	3.04	30.16	15.6	2.347045064196966	712	23	67	4	58	30	67	3	29	15	6173	0	0.015623092651367188	35650	13.827179670333862	6543	81.64656381486677	
196.55537407015038	67.0	3.06	30.74	15.9	2.347045064196966	713	23	67	4	58	30	67	3	29	15	6181	0	0.01562356948852539	35700	13.842803239822388	6554	81.64145658263305	
923557428.1998454	67.0	3.02	29.58	15.3	2.347045064196966	714	23	67	4	58	30	67	3	29	15	6187	0	0.031247615814208984	35750	13.874050855636597	6564	81.63916083916084	
482952932.0121642	67.0	3.02	29.58	15.3	2.347045064196966	715	23	67	4	58	30	67	3	29	15	6195	0	0.015624523162841797	35800	13.889675378799438	6581	81.61731843575419	
57.39519813262582	67.0	3.04	30.16	15.6	2.347045064196966	716	23	67	4	58	30	67	3	29	15	6205	0	0.015623807907104492	35850	13.905299186706543	6592	81.61227336122734	
1836064405.4334834	67.0	3.04	30.16	15.6	2.347045064196966	717	23	67	4	58	30	67	3	29	15	6214	0	0.015626192092895508	35900	13.920925378799438	6601	81.61281337047353	
653083679152.2181	67.0	3.04	30.16	15.6	2.347045064196966	718	23	67	4	58	30	67	3	29	15	6222	0	0.015622138977050781	35950	13.93654751777649	6615	81.59944367176634	
133256.91875612197	67.0	3.04	30.16	15.6	2.347045064196966	719	23	67	4	58	30	67	3	29	15	6233	0	0.015623807907104492	36000	13.952171325683594	6630	81.58333333333333	
67.73759165493999	67.0	3.06	30.74	15.9	2.347045064196966	720	23	67	4	58	30	67	3	29	15	6245	0	0.015623807907104492	36050	13.967795133590698	6643	81.57281553398059	
506535642.6306502	67.0	3.04	30.16	15.6	2.347045064196966	721	23	67	4	58	30	67	3	29	15	6255	0	0.031247854232788086	36100	13.999042987823486	6658	81.5567867036011	
5878.331126970902	67.0	3.02	29.58	15.3	2.347045064196966	722	23	67	4	58	30	67	3	29	15	6263	0	0.015625476837158203	36150	14.014668464660645	6676	81.53250345781467	
114.0444528603826	67.0	3.04	30.16	15.6	2.347045064196966	723	23	67	4	58	30	67	3	29	15	6269	0	0.031247854232788086	36200	14.045916318893433	6692	81.51381215469613	
150.39625906834263	67.0	3.04	30.16	15.6	2.347045064196966	724	23	67	4	58	30	67	3	29	15	6278	0	0.015624523162841797	36250	14.061540842056274	6710	81.48965517241379	
506381805.1183814	67.0	3.06	30.74	15.9	2.347045064196966	725	23	67	4	58	30	67	3	29	15	6288	0	0.01562190055847168	36300	14.077162742614746	6718	81.4931129476584	
118302.31181740541	67.0	3.04	30.16	15.6	2.347045064196966	726	23	67	4	58	30	67	3	29	15	6294	0	0.015623807907104492	36350	14.09278655052185	6730	81.48555708390646	
2.4279391023835157	67.0	3.04	30.16	15.6	2.347045064196966	727	23	67	4	58	30	67	3	29	15	6306	0	0.015624761581420898	36400	14.108411312103271	6741	81.48076923076923	
179.40085775777607	67.0	3.06	30.74	15.9	2.347045064196966	728	23	67	4	58	30	67	3	29	15	6312	0	0.03124713897705078	36450	14.139658451080322	6748	81.48696844993141	
375.6031116205041	67.0	3.04	30.16	15.6	2.347045064196966	729	23	67	4	58	30	67	3	29	15	6324	0	0.015624761581420898	36500	14.155283212661743	6756	81.4904109589041	
650841140.0471065	67.0	3.0	29.0	15.0	2.347045064196966	730	23	67	3	29	15	67	3	29	15	6330	0	0.015622854232788086	36550	14.170906066894531	6776	81.4610123119015	
130769.42088563753	67.0	3.04	30.16	15.6	2.347045064196966	731	23	67	4	58	30	67	3	29	15	6340	0	0.015624284744262695	36600	14.186530351638794	6796	81.43169398907104	
729.7817167547589	67.0	3.04	30.16	15.6	2.347045064196966	732	23	67	4	58	30	67	3	29	15	6352	0	0.015623807907104492	36650	14.202154159545898	6807	81.42701227830833	
64783.32667536862	67.0	3.04	30.16	15.6	2.347045064196966	733	23	67	4	58	30	67	3	29	15	6364	0	0.015623331069946289	36700	14.217777490615845	6817	81.42506811989101	
143.35519224386732	67.0	3.0	29.0	15.0	2.347045064196966	734	23	67	3	29	15	67	3	29	15	6370	0	0.015625	36750	14.233402490615845	6830	81.41496598639456	
716216638.8593348	67.0	3.12	32.48	16.8	2.347045064196966	735	23	67	4	58	30	67	3	29	15	6387	0	0.031247377395629883	36800	14.264649868011475	6838	81.41847826086956	
4.165219971514825	67.0	3.0	29.0	15.0	2.347045064196966	736	23	67	3	29	15	67	3	29	15	6393	0	0.015623092651367188	36850	14.280272960662842	6853	81.40298507462687	
64.07650303978328	67.0	3.02	29.58	15.3	2.347045064196966	737	23	67	4	58	30	67	3	29	15	6403	0	0.015624284744262695	36900	14.295897245407104	6864	81.39837398373984	
55281.71634845317	67.0	3.06	30.74	15.9	2.347045064196966	738	23	67	4	58	30	67	3	29	15	6412	0	0.031248807907104492	36950	14.327146053314209	6871	81.40460081190798	
12031.025736437741	67.0	3.0	29.0	15.0	2.347045064196966	739	23	67	3	29	15	67	3	29	15	6418	0	0.015622377395629883	37000	14.342768430709839	6885	81.3918918918919	
2.5160952971266703	67.0	3.1	31.9	16.5	2.347045064196966	740	23	67	4	58	30	67	3	29	15	6436	0	0.015624523162841797	37050	14.35839295387268	6891	81.40080971659918	
875000110.8936777	67.0	3.08	31.32	16.2	2.347045064196966	741	23	67	4	58	30	67	3	29	15	6447	0	0.01562356948852539	37100	14.374016523361206	6902	81.39622641509433	
7777857.462871571	67.0	3.0	29.0	15.0	2.347045064196966	742	23	67	3	29	15	67	3	29	15	6453	0	0.031249284744262695	37150	14.405265808105469	6919	81.37550471063257	
2.988774841350188	67.0	3.04	30.16	15.6	2.347045064196966	743	23	67	4	58	30	67	3	29	15	6463	0	0.015622615814208984	37200	14.420888423919678	6934	81.36021505376344	
1404000000365908.5	67.0	3.14	33.06	17.1	2.347045064196966	744	23	67	4	58	30	67	3	29	15	6475	0	0.015624284744262695	37250	14.43651270866394	6947	81.3503355704698	
116310.99492664232	67.0	3.02	29.58	15.3	2.347045064196966	745	23	67	4	58	30	67	3	29	15	6487	0	0.0312502384185791	37300	14.46776294708252	6957	81.3485254691689	
210.0574790151916	67.0	3.06	30.74	15.9	2.347045064196966	746	23	67	4	58	30	67	3	29	15	6496	0	0.015620946884155273	37350	14.483383893966675	6969	81.34136546184739	
87.8511823528007	67.0	3.04	30.16	15.6	2.347045064196966	747	23	67	4	58	30	67	3	29	15	6501	0	0.015625715255737305	37400	14.499009609222412	6984	81.32620320855615	
159.57072975069818	67.0	3.0	29.0	15.0	2.347045064196966	748	23	67	3	29	15	67	3	29	15	6509	0	0.015622377395629883	37450	14.514631986618042	6996	81.31909212283044	
137223.38654394253	67.0	3.02	29.58	15.3	2.347045064196966	749	23	67	4	58	30	67	3	29	15	6517	0	0.015624284744262695	37500	14.530256271362305	7004	81.32266666666666	
184.2475888345365	67.0	3.06	30.74	15.9	2.347045064196966	750	23	67	4	58	30	67	3	29	15	6528	0	0.031248092651367188	37550	14.561504364013672	7012	81.32623169107856	
78.46100414399466	67.0	3.06	30.74	15.9	2.347045064196966	751	23	67	4	58	30	67	3	29	15	6533	0	0.0	37600	14.561504364013672	7025	81.31648936170212	
2.3916161469308723	67.0	3.12	32.48	16.8	2.347045064196966	752	23	67	4	58	30	67	3	29	15	6545	0	0.031247377395629883	37650	14.592751741409302	7031	81.3253652058433	
5.175616873666267e+23	67.0	3.06	30.74	15.9	2.347045064196966	753	23	67	4	58	30	67	3	29	15	6552	0	0.015624761581420898	37700	14.608376502990723	7039	81.3289124668435	
2.4737692066297523	67.0	3.04	30.16	15.6	2.347045064196966	754	23	67	4	58	30	67	3	29	15	6559	0	0.03124690055847168	37750	14.639623403549194	7049	81.3271523178808	
74210.76037164855	67.0	3.02	29.58	15.3	2.347045064196966	755	23	67	4	58	30	67	3	29	15	6564	0	0.015624046325683594	37800	14.655247449874878	7070	81.2962962962963	
134.07434958995734	67.0	3.06	30.74	15.9	2.347045064196966	756	23	67	4	58	30	67	3	29	15	6577	0	0.0156252384185791	37850	14.670872688293457	7081	81.29194187582563	
120991.55781994633	67.0	3.06	30.74	15.9	2.347045064196966	757	23	67	4	58	30	67	3	29	15	6584	0	0.031246662139892578	37900	14.70211935043335	7090	81.29287598944592	
54909.12796115842	67.0	3.02	29.58	15.3	2.347045064196966	758	23	67	4	58	30	67	3	29	15	6590	0	0.01562356948852539	37950	14.717742919921875	7099	81.29380764163372	
108900.28792474423	67.0	3.04	30.16	15.6	2.347045064196966	759	23	67	4	58	30	67	3	29	15	6597	0	0.015624761581420898	38000	14.733367681503296	7110	81.28947368421052	
2.5710098012368303	67.0	3.06	30.74	15.9	2.347045064196966	760	23	67	4	58	30	67	3	29	15	6604	0	0.031247854232788086	38050	14.764615535736084	7116	81.29829172141919	
118357.6799049178	67.0	3.04	30.16	15.6	2.347045064196966	761	23	67	4	58	30	67	3	29	15	6610	0	0.015625	38100	14.780240535736084	7133	81.2782152230971	
257370.42868747376	67.0	3.08	31.32	16.2	2.347045064196966	762	23	67	4	58	30	67	3	29	15	6619	0	0.015623092651367188	38150	14.795863628387451	7144	81.27391874180864	
378479.58007738314	67.0	3.08	31.32	16.2	2.347045064196966	763	23	67	4	58	30	67	3	29	15	6633	0	0.015623807907104492	38200	14.811487436294556	7152	81.27748691099477	
61.129087459277976	67.0	3.0	29.0	15.0	2.347045064196966	764	23	67	3	29	15	67	3	29	15	6641	0	0.031247615814208984	38250	14.842735052108765	7165	81.26797385620915	
129140.03570986365	67.0	3.0	29.0	15.0	2.347045064196966	765	23	67	3	29	15	67	3	29	15	6646	0	0.015625715255737305	38300	14.858360767364502	7171	81.27676240208878	
30.253524118079905	67.0	3.1	31.9	16.5	2.347045064196966	766	23	67	4	58	30	67	3	29	15	6659	0	0.01562190055847168	38350	14.873982667922974	7178	81.28292046936114	
141033.27329094734	67.0	3.02	29.58	15.3	2.347045064196966	767	23	67	4	58	30	67	3	29	15	6669	0	0.015624046325683594	38400	14.889606714248657	7182	81.296875	
129844.00062378829	67.0	3.04	30.16	15.6	2.347045064196966	768	23	67	4	58	30	67	3	29	15	6679	0	0.015623807907104492	38450	14.905230522155762	7191	81.29778933680105	
1872785571619.0093	67.0	3.06	30.74	15.9	2.347045064196966	769	23	67	4	58	30	67	3	29	15	6688	0	0.015623807907104492	38500	14.920854330062866	7198	81.30389610389611	
237.06034688787113	67.0	3.1	31.9	16.5	2.347045064196966	770	23	67	4	58	30	67	3	29	15	6699	0	0.015624523162841797	38550	14.936478853225708	7209	81.29961089494164	
68580.25270928882	67.0	3.06	30.74	15.9	2.347045064196966	771	23	67	4	58	30	67	3	29	15	6707	0	0.015624046325683594	38600	14.952102899551392	7220	81.29533678756476	
236.68644325006235	67.0	3.1	31.9	16.5	2.347045064196966	772	23	67	4	58	30	67	3	29	15	6717	0	0.015623331069946289	38650	14.967726230621338	7231	81.29107373868047	
311706791.1893242	67.0	3.06	30.74	15.9	2.347045064196966	773	23	67	4	58	30	67	3	29	15	6728	0	0.015624523162841797	38700	14.98335075378418	7246	81.27648578811369	
18402430.30614482	67.0	3.0	29.0	15.0	2.347045064196966	774	23	67	3	29	15	67	3	29	15	6735	0	0.01562356948852539	38750	14.998974323272705	7257	81.27225806451614	
2.3972012843316737	67.0	3.02	29.58	15.3	2.347045064196966	775	23	67	4	58	30	67	3	29	15	6743	0	0.015625476837158203	38800	15.014599800109863	7267	81.27061855670104	
987480620118540.6	67.0	3.0	29.0	15.0	2.347045064196966	776	23	67	3	29	15	67	3	29	15	6749	0	0.015623807907104492	38850	15.030223608016968	7281	81.25868725868726	
1779994146542.3103	67.0	3.12	32.48	16.8	2.347045064196966	777	23	67	4	58	30	67	3	29	15	6759	0	0.015622615814208984	38900	15.045846223831177	7292	81.25449871465295	
47185568290846.07	67.0	3.08	31.32	16.2	2.347045064196966	778	23	67	4	58	30	67	3	29	15	6766	0	0.015624046325683594	38950	15.06147027015686	7306	81.2426187419769	
162.93382686405764	67.0	3.04	30.16	15.6	2.347045064196966	779	23	67	4	58	30	67	3	29	15	6774	0	0.015624046325683594	39000	15.077094316482544	7318	81.23589743589744	
5213.441880740021	67.0	3.02	29.58	15.3	2.347045064196966	780	23	67	4	58	30	67	3	29	15	6781	0	0.01562356948852539	39050	15.09271788597107	7335	81.21638924455826	
1239484584.757573	67.0	3.04	30.16	15.6	2.347045064196966	781	23	67	4	58	30	67	3	29	15	6789	0	0.015625476837158203	39100	15.108343362808228	7350	81.20204603580562	
121.40322846994977	67.0	3.06	30.74	15.9	2.347045064196966	782	23	67	4	58	30	67	3	29	15	6798	0	0.015622138977050781	39150	15.123965501785278	7370	81.1749680715198	
809524136.9403294	67.0	3.04	30.16	15.6	2.347045064196966	783	23	67	4	58	30	67	3	29	15	6807	0	0.015624284744262695	39200	15.139589786529541	7379	81.17602040816327	
1330927003.5710433	67.0	3.04	30.16	15.6	2.347045064196966	784	23	67	4	58	30	67	3	29	15	6818	0	0.0	39250	15.139589786529541	7388	81.17707006369426	
70.24107575947926	67.0	3.02	29.58	15.3	2.347045064196966	785	23	67	4	58	30	67	3	29	15	6827	0	0.01562356948852539	39300	15.155213356018066	7396	81.18066157760813	
121.45920473711867	67.0	3.1	31.9	16.5	2.347045064196966	786	23	67	4	58	30	67	3	29	15	6838	0	0.015625953674316406	39350	15.170839309692383	7402	81.18932655654383	
581943072.7644309	67.0	3.0	29.0	15.0	2.347045064196966	787	23	67	3	29	15	67	3	29	15	6845	0	0.031246423721313477	39400	15.202085733413696	7417	81.17512690355329	
3778.0882938943105	67.0	3.04	30.16	15.6	2.347045064196966	788	23	67	4	58	30	67	3	29	15	6852	0	0.015625	39450	15.217710733413696	7430	81.1660329531052	
159.49866615278899	67.0	3.04	30.16	15.6	2.347045064196966	789	23	67	4	58	30	67	3	29	15	6862	0	0.015623807907104492	39500	15.2333345413208	7439	81.16708860759493	
793.6804886620059	67.0	3.06	30.74	15.9	2.347045064196966	790	23	67	4	58	30	67	3	29	15	6873	0	0.015624284744262695	39550	15.248958826065063	7446	81.173198482933	
494325002.43518627	67.0	3.1	31.9	16.5	2.347045064196966	791	23	67	4	58	30	67	3	29	15	6882	0	0.03125619888305664	39600	15.28021502494812	7455	81.17424242424242	
451340220.5384995	67.0	3.02	29.58	15.3	2.347045064196966	792	23	67	4	58	30	67	3	29	15	6887	0	0.015614986419677734	39650	15.295830011367798	7464	81.17528373266079	
137.9956069522463	67.0	3.06	30.74	15.9	2.347045064196966	793	23	67	4	58	30	67	3	29	15	6894	0	0.03124690055847168	39700	15.32707691192627	7472	81.17884130982368	
166.35246146213117	67.0	3.06	30.74	15.9	2.347045064196966	794	23	67	4	58	30	67	3	29	15	6904	0	0.015624284744262695	39750	15.342701196670532	7477	81.18993710691824	
30.26226114967025	67.0	3.02	29.58	15.3	2.347045064196966	795	23	67	4	58	30	67	3	29	15	6911	0	0.015625	39800	15.358326196670532	7488	81.1859296482412	
57.96682072754936	67.0	3.04	30.16	15.6	2.347045064196966	796	23	67	4	58	30	67	3	29	15	6917	0	0.015623807907104492	39850	15.373950004577637	7495	81.19196988707654	
65.24921105952643	67.0	3.04	30.16	15.6	2.347045064196966	797	23	67	4	58	30	67	3	29	15	6926	0	0.01562356948852539	39900	15.389573574066162	7502	81.19799498746868	
59.79766953493561	67.0	3.06	30.74	15.9	2.347045064196966	798	23	67	4	58	30	67	3	29	15	6934	0	0.03124690055847168	39950	15.420820474624634	7507	81.2090112640801	
124056.89205813168	67.0	3.06	30.74	15.9	2.347045064196966	799	23	67	4	58	30	67	3	29	15	6942	0	0.015624523162841797	40000	15.436444997787476	7514	81.215	
136503.86447659408	67.0	3.08	31.32	16.2	2.347045064196966	800	23	67	4	58	30	67	3	29	15	6954	0	0.01562356948852539	40050	15.452068567276001	7519	81.22596754057429	
13112.048027201039	67.0	3.06	30.74	15.9	2.347045064196966	801	23	67	4	58	30	67	3	29	15	6964	0	0.01562356948852539	40100	15.467692136764526	7532	81.21695760598504	
1507.6101679721428	67.0	3.14	33.06	17.1	2.347045064196966	802	23	67	4	58	30	67	3	29	15	6974	0	0.0156252384185791	40150	15.483317375183105	7538	81.22540473225405	
273911.6514229088	67.0	3.06	30.74	15.9	2.347045064196966	803	23	67	4	58	30	67	3	29	15	6985	0	0.031246662139892578	40200	15.514564037322998	7548	81.22388059701493	
259752.74680737598	67.0	3.02	29.58	15.3	2.347045064196966	804	23	67	4	58	30	67	3	29	15	6995	0	0.015623807907104492	40250	15.530187845230103	7556	81.22732919254659	
90.52938680299162	67.0	3.02	29.58	15.3	2.347045064196966	805	23	67	4	58	30	67	3	29	15	7000	0	0.01562356948852539	40300	15.545811414718628	7570	81.21588089330025	
118357.20387592823	67.0	3.02	29.58	15.3	2.347045064196966	806	23	67	4	58	30	67	3	29	15	7006	0	0.015624284744262695	40350	15.56143569946289	7579	81.21685254027261	
175782.753867688	67.0	3.04	30.16	15.6	2.347045064196966	807	23	67	4	58	30	67	3	29	15	7015	0	0.015624284744262695	40400	15.577059984207153	7586	81.22277227722772	
19468968.28153859	67.0	3.08	31.32	16.2	2.347045064196966	808	23	67	4	58	30	67	3	29	15	7022	0	0.015623331069946289	40450	15.5926833152771	7596	81.221260815822	
179.13966547793362	67.0	3.0	29.0	15.0	2.347045064196966	809	23	67	3	29	15	67	3	29	15	7027	0	0.031248807907104492	40500	15.623932123184204	7605	81.22222222222223	
125.7261436486455	67.0	3.1	31.9	16.5	2.347045064196966	810	23	67	4	58	30	67	3	29	15	7038	0	0.015622854232788086	40550	15.639554977416992	7612	81.22811344019729	
2.3786973066424904	67.0	3.02	29.58	15.3	2.347045064196966	811	23	67	4	58	30	67	3	29	15	7046	0	0.0312502384185791	40600	15.670805215835571	7624	81.22167487684729	
180.09123114582334	67.0	3.02	29.58	15.3	2.347045064196966	812	23	67	4	58	30	67	3	29	15	7054	0	0.015623331069946289	40650	15.686428546905518	7637	81.21279212792128	
121.31802612046589	67.0	3.06	30.74	15.9	2.347045064196966	813	23	67	4	58	30	67	3	29	15	7063	0	0.015623807907104492	40700	15.702052354812622	7650	81.2039312039312	
119.04365041610936	67.0	3.04	30.16	15.6	2.347045064196966	814	23	67	4	58	30	67	3	29	15	7070	0	0.015624284744262695	40750	15.717676639556885	7657	81.20981595092024	
486795.9620161986	67.0	3.06	30.74	15.9	2.347045064196966	815	23	67	4	58	30	67	3	29	15	7082	0	0.015622854232788086	40800	15.733299493789673	7666	81.2107843137255	
482952935.21853596	67.0	3.08	31.32	16.2	2.347045064196966	816	23	67	4	58	30	67	3	29	15	7090	0	0.015625476837158203	40850	15.748924970626831	7671	81.22154222766218	
120.47211083559068	67.0	3.04	30.16	15.6	2.347045064196966	817	23	67	4	58	30	67	3	29	15	7099	0	0.015624523162841797	40900	15.764549493789673	7681	81.2200488997555	
1438.174444539435	67.0	3.04	30.16	15.6	2.347045064196966	818	23	67	4	58	30	67	3	29	15	7110	0	0.015622854232788086	40950	15.780172348022461	7689	81.22344322344323	
277.09235149577347	67.0	3.04	30.16	15.6	2.347045064196966	819	23	67	4	58	30	67	3	29	15	7121	0	0.015624284744262695	41000	15.795796632766724	7701	81.21707317073171	
116.30326038281127	67.0	3.04	30.16	15.6	2.347045064196966	820	23	67	4	58	30	67	3	29	15	7129	0	0.015624523162841797	41050	15.811421155929565	7709	81.2204628501827	
58.44258952873451	67.0	3.02	29.58	15.3	2.347045064196966	821	23	67	4	58	30	67	3	29	15	7136	0	0.015623092651367188	41100	15.827044248580933	7717	81.22384428223845	
132.0078253280711	67.0	3.04	30.16	15.6	2.347045064196966	822	23	67	4	58	30	67	3	29	15	7145	0	0.015623331069946289	41150	15.842667579650879	7728	81.21992709599027	
136653.66353361728	67.0	3.04	30.16	15.6	2.347045064196966	823	23	67	4	58	30	67	3	29	15	7157	0	0.015623807907104492	41200	15.858291387557983	7732	81.23300970873787	
1331008093.6403909	67.0	3.04	30.16	15.6	2.347045064196966	824	23	67	4	58	30	67	3	29	15	7168	0	0.015623807907104492	41250	15.873915195465088	7743	81.22909090909091	
218.54282256926527	67.0	3.04	30.16	15.6	2.347045064196966	825	23	67	4	58	30	67	3	29	15	7174	0	0.015623807907104492	41300	15.889539003372192	7756	81.22033898305085	
1.238023255816808e+17	67.0	3.04	30.16	15.6	2.347045064196966	826	23	67	4	58	30	67	3	29	15	7182	0	0.0156252384185791	41350	15.905164241790771	7765	81.22128174123337	
1735121681069.51	67.0	3.04	30.16	15.6	2.347045064196966	827	23	67	4	58	30	67	3	29	15	7189	0	0.015622615814208984	41400	15.92078685760498	7773	81.22463768115942	
136628.1129198232	67.0	3.1	31.9	16.5	2.347045064196966	828	23	67	4	58	30	67	3	29	15	7201	0	0.015624284744262695	41450	15.936411142349243	7782	81.22557297949336	
482896967.80969435	67.0	3.02	29.58	15.3	2.347045064196966	829	23	67	4	58	30	67	3	29	15	7209	0	0.015623807907104492	41500	15.952034950256348	7796	81.2144578313253	
482830035425807.8	67.0	3.02	29.58	15.3	2.347045064196966	830	23	67	4	58	30	67	3	29	15	7217	0	0.015624523162841797	41550	15.96765947341919	7809	81.2057761732852	
988777047.0229193	67.0	3.02	29.58	15.3	2.347045064196966	831	23	67	4	58	30	67	3	29	15	7226	0	0.015624046325683594	41600	15.983283519744873	7820	81.20192307692308	
1065142431.1226565	67.0	3.06	30.74	15.9	2.347045064196966	832	23	67	4	58	30	67	3	29	15	7235	0	0.015622854232788086	41650	15.998906373977661	7828	81.20528211284514	
1239108002.38738	67.0	3.02	29.58	15.3	2.347045064196966	833	23	67	4	58	30	67	3	29	15	7241	0	0.031247615814208984	41700	16.03015398979187	7837	81.2062350119904	
2.1849165e+40	67.0	3.12	32.48	16.8	2.347045064196966	834	23	67	4	58	30	67	3	29	15	7256	0	0.015624046325683594	41750	16.045778036117554	7843	81.21437125748503	
2.3998984677540802	67.0	3.1	31.9	16.5	2.347045064196966	835	23	67	4	58	30	67	3	29	15	7269	0	0.015623807907104492	41800	16.061401844024658	7852	81.2153110047847	
2.4020863445782914	67.0	3.0	29.0	15.0	2.347045064196966	836	23	67	3	29	15	67	3	29	15	7279	0	0.0156252384185791	41850	16.077027082443237	7864	81.20908004778973	
91.94785930046815	67.0	3.08	31.32	16.2	2.347045064196966	837	23	67	4	58	30	67	3	29	15	7290	0	0.015623331069946289	41900	16.092650413513184	7869	81.21957040572792	
114297.83807445322	67.0	3.02	29.58	15.3	2.347045064196966	838	23	67	4	58	30	67	3	29	15	7301	0	0.015622615814208984	41950	16.108273029327393	7880	81.21573301549464	
290395493.0341427	67.0	3.04	30.16	15.6	2.347045064196966	839	23	67	4	58	30	67	3	29	15	7310	0	0.015624284744262695	42000	16.123897314071655	7892	81.2095238095238	
86.52664981902196	67.0	3.0	29.0	15.0	2.347045064196966	840	23	67	3	29	15	67	3	29	15	7317	0	0.01562356948852539	42050	16.13952088356018	7904	81.20332936979786	
191.56900115466127	67.0	3.1	31.9	16.5	2.347045064196966	841	23	67	4	58	30	67	3	29	15	7330	0	0.015624284744262695	42100	16.155145168304443	7914	81.20190023752969	
71.56409553258881	67.0	3.12	32.48	16.8	2.347045064196966	842	23	67	4	58	30	67	3	29	15	7345	0	0.015625953674316406	42150	16.17077112197876	7921	81.20759193357058	
555947663.7638005	67.0	3.06	30.74	15.9	2.347045064196966	843	23	67	4	58	30	67	3	29	15	7352	0	0.015623331069946289	42200	16.186394453048706	7932	81.20379146919431	
114.46818218557091	67.0	3.08	31.32	16.2	2.347045064196966	844	23	67	4	58	30	67	3	29	15	7365	0	0.015624046325683594	42250	16.20201849937439	7939	81.20946745562131	
223.65035609009811	67.0	3.04	30.16	15.6	2.347045064196966	845	23	67	4	58	30	67	3	29	15	7372	0	0.0	42300	16.20201849937439	7946	81.21513002364065	
595808039452.5942	67.0	3.04	30.16	15.6	2.347045064196966	846	23	67	4	58	30	67	3	29	15	7379	0	0.015622138977050781	42350	16.21764063835144	7954	81.21841794569067	
8338922.490769425	67.0	3.04	30.16	15.6	2.347045064196966	847	23	67	4	58	30	67	3	29	15	7389	0	0.015623807907104492	42400	16.233264446258545	7962	81.22169811320755	
123.58269182434019	67.0	3.08	31.32	16.2	2.347045064196966	848	23	67	4	58	30	67	3	29	15	7397	0	0.015624284744262695	42450	16.248888731002808	7972	81.22025912838635	
83667073243.66539	67.0	3.02	29.58	15.3	2.347045064196966	849	23	67	4	58	30	67	3	29	15	7407	0	0.015627145767211914	42500	16.26451587677002	7979	81.22588235294117	
1011118992104002.1	67.0	3.0	29.0	15.0	2.347045064196966	850	23	67	3	29	15	67	3	29	15	7414	0	0.03124713897705078	42550	16.29576301574707	7992	81.21739130434783	
1.1830000000000022e+17	67.0	3.02	29.58	15.3	2.347045064196966	851	23	67	4	58	30	67	3	29	15	7420	0	0.015623092651367188	42600	16.311386108398438	7995	81.23239436619718	
190207.959253601	67.0	3.02	29.58	15.3	2.347045064196966	852	23	67	4	58	30	67	3	29	15	7427	0	0.015622377395629883	42650	16.327008485794067	8004	81.23329425556858	
3.0458750000013325e+17	67.0	3.04	30.16	15.6	2.347045064196966	853	23	67	4	58	30	67	3	29	15	7438	0	0.031248092651367188	42700	16.358256578445435	8011	81.23887587822014	
258.2777857677523	67.0	3.1	31.9	16.5	2.347045064196966	854	23	67	4	58	30	67	3	29	15	7452	0	0.015625715255737305	42750	16.373882293701172	8021	81.2374269005848	
230592.77538753184	67.0	3.08	31.32	16.2	2.347045064196966	855	23	67	4	58	30	67	3	29	15	7463	0	0.015622615814208984	42800	16.38950490951538	8032	81.23364485981308	
130.54421514445053	67.0	3.04	30.16	15.6	2.347045064196966	856	23	67	4	58	30	67	3	29	15	7469	0	0.031247854232788086	42850	16.42075276374817	8040	81.23687281213536	
1927867500114.6782	67.0	3.08	31.32	16.2	2.347045064196966	857	23	67	4	58	30	67	3	29	15	7478	0	0.015624284744262695	42900	16.43637704849243	8044	81.24941724941725	
1883033372197.2314	67.0	3.08	31.32	16.2	2.347045064196966	858	23	67	4	58	30	67	3	29	15	7486	0	0.015622615814208984	42950	16.45199966430664	8057	81.24097788125728	
65.65043907825273	67.0	3.02	29.58	15.3	2.347045064196966	859	23	67	4	58	30	67	3	29	15	7498	0	0.015624284744262695	43000	16.467623949050903	8067	81.23953488372092	
3.045715306623573	67.0	3.08	31.32	16.2	2.347045064196966	860	23	67	4	58	30	67	3	29	15	7509	0	0.03124856948852539	43050	16.49887251853943	8082	81.22648083623693	
698272038.7892952	67.0	3.04	30.16	15.6	2.347045064196966	861	23	67	4	58	30	67	3	29	15	7519	0	0.01562356948852539	43100	16.514496088027954	8093	81.22273781902553	
128.58472174426834	67.0	3.02	29.58	15.3	2.347045064196966	862	23	67	4	58	30	67	3	29	15	7527	0	0.015625	43150	16.530121088027954	8103	81.22132097334878	
1261336822072167.8	67.0	3.04	30.16	15.6	2.347045064196966	863	23	67	4	58	30	67	3	29	15	7537	0	0.031246423721313477	43200	16.561367511749268	8110	81.22685185185185	
87.24840447236915	67.0	3.02	29.58	15.3	2.347045064196966	864	23	67	4	58	30	67	3	29	15	7547	0	0.015624046325683594	43250	16.57699155807495	8123	81.21849710982659	
2.716071428571428e+21	67.0	3.08	31.32	16.2	2.347045064196966	865	23	67	4	58	30	67	3	29	15	7556	0	0.015624046325683594	43300	16.592615604400635	8132	81.21939953810623	
170.24705070259262	67.0	3.02	29.58	15.3	2.347045064196966	866	23	67	4	58	30	67	3	29	15	7562	0	0.01562356948852539	43350	16.60823917388916	8143	81.2156862745098	
957608273.1503307	67.0	3.06	30.74	15.9	2.347045064196966	867	23	67	4	58	30	67	3	29	15	7570	0	0.01562643051147461	43400	16.623865604400635	8154	81.21198156682027	
281.64332928357237	67.0	3.04	30.16	15.6	2.347045064196966	868	23	67	4	58	30	67	3	29	15	7576	0	0.015622377395629883	43450	16.639487981796265	8164	81.21058688147295	
129707.11025632908	67.0	3.02	29.58	15.3	2.347045064196966	869	23	67	4	58	30	67	3	29	15	7584	0	0.031246423721313477	43500	16.670734405517578	8179	81.19770114942528	
87.52574894443312	67.0	3.04	30.16	15.6	2.347045064196966	870	23	67	4	58	30	67	3	29	15	7590	0	0.015625	43550	16.686359405517578	8188	81.19862227324914	
139464.50299934475	67.0	3.0	29.0	15.0	2.347045064196966	871	23	67	3	29	15	67	3	29	15	7598	0	0.015623807907104492	43600	16.701983213424683	8192	81.21100917431193	
373.5195386447224	67.0	3.04	30.16	15.6	2.347045064196966	872	23	67	4	58	30	67	3	29	15	7608	0	0.01562356948852539	43650	16.717606782913208	8197	81.22107674684995	
2.3888469186593393	67.0	3.16	33.64	17.4	2.347045064196966	873	23	67	4	58	30	67	3	29	15	7628	0	0.015624761581420898	43700	16.73323154449463	8204	81.22654462242562	
297.41346548380835	67.0	3.06	30.74	15.9	2.347045064196966	874	23	67	4	58	30	67	3	29	15	7640	0	0.015623807907104492	43750	16.748855352401733	8212	81.2297142857143	
3.0973912535992887	67.0	3.0	29.0	15.0	2.347045064196966	875	23	67	3	29	15	67	3	29	15	7646	0	0.031249046325683594	43800	16.780104398727417	8220	81.23287671232876	
58953695.765107356	67.0	3.06	30.74	15.9	2.347045064196966	876	23	67	4	58	30	67	3	29	15	7654	0	0.01562356948852539	43850	16.795727968215942	8230	81.2314709236032	
70.81510692150846	67.0	3.08	31.32	16.2	2.347045064196966	877	23	67	4	58	30	67	3	29	15	7669	0	0.03125	43900	16.826977968215942	8234	81.24373576309794	
24.6527978312602	67.0	3.08	31.32	16.2	2.347045064196966	878	23	67	4	58	30	67	3	29	15	7678	0	0.01562047004699707	43950	16.84259843826294	8248	81.23321956769055	
84.38682339077609	67.0	3.04	30.16	15.6	2.347045064196966	879	23	67	4	58	30	67	3	29	15	7687	0	0.031249284744262695	44000	16.873847723007202	8254	81.2409090909091	
3174625.8838515976	67.0	3.06	30.74	15.9	2.347045064196966	880	23	67	4	58	30	67	3	29	15	7695	0	0.015624284744262695	44050	16.889472007751465	8263	81.24177071509648	
35.455208862736875	67.0	3.06	30.74	15.9	2.347045064196966	881	23	67	4	58	30	67	3	29	15	7704	0	0.015623807907104492	44100	16.90509581565857	8271	81.24489795918367	
103.81797268010521	67.0	3.12	32.48	16.8	2.347045064196966	882	23	67	4	58	30	67	3	29	15	7717	0	0.03124690055847168	44150	16.93634271621704	8276	81.25481313703284	
213724478.12613085	67.0	3.02	29.58	15.3	2.347045064196966	883	23	67	4	58	30	67	3	29	15	7722	0	0.015624046325683594	44200	16.951966762542725	8287	81.25113122171946	
265349.44701407966	67.0	3.02	29.58	15.3	2.347045064196966	884	23	67	4	58	30	67	3	29	15	7730	0	0.031248092651367188	44250	16.983214855194092	8297	81.2497175141243	
5323500000163.889	67.0	3.1	31.9	16.5	2.347045064196966	885	23	67	4	58	30	67	3	29	15	7742	0	0.01562356948852539	44300	16.998838424682617	8303	81.25733634311513	
1237063633994518.0	67.0	3.06	30.74	15.9	2.347045064196966	886	23	67	4	58	30	67	3	29	15	7754	0	0.031248092651367188	44350	17.030086517333984	8310	81.26268320180384	
93.3198906669533	67.0	3.04	30.16	15.6	2.347045064196966	887	23	67	4	58	30	67	3	29	15	7765	0	0.015623092651367188	44400	17.04570960998535	8315	81.27252252252252	
151.5805138016582	67.0	3.08	31.32	16.2	2.347045064196966	888	23	67	4	58	30	67	3	29	15	7776	0	0.03124713897705078	44450	17.076956748962402	8320	81.28233970753655	
63.22035278961303	67.0	3.08	31.32	16.2	2.347045064196966	889	23	67	4	58	30	67	3	29	15	7785	0	0.015625715255737305	44500	17.09258246421814	8328	81.28539325842696	
455.8499198940888	67.0	3.06	30.74	15.9	2.347045064196966	890	23	67	4	58	30	67	3	29	15	7793	0	0.031246662139892578	44550	17.123829126358032	8340	81.27946127946129	
71.64717198312059	67.0	3.1	31.9	16.5	2.347045064196966	891	23	67	4	58	30	67	3	29	15	7808	0	0.015624523162841797	44600	17.139453649520874	8347	81.2847533632287	
57.19769696990284	67.0	3.04	30.16	15.6	2.347045064196966	892	23	67	4	58	30	67	3	29	15	7814	0	0.015623092651367188	44650	17.15507674217224	8353	81.2922732362822	
1105.4717922790364	67.0	3.02	29.58	15.3	2.347045064196966	893	23	67	4	58	30	67	3	29	15	7825	0	0.0312497615814209	44700	17.186326503753662	8365	81.28635346756153	
134.93618554777356	67.0	3.06	30.74	15.9	2.347045064196966	894	23	67	4	58	30	67	3	29	15	7835	0	0.015622615814208984	44750	17.20194911956787	8373	81.28938547486034	
847414399.828745	67.0	3.0	29.0	15.0	2.347045064196966	895	23	67	3	29	15	67	3	29	15	7837	0	0.015624046325683594	44800	17.217573165893555	8387	81.27901785714286	
134.30884079199794	67.0	3.04	30.16	15.6	2.347045064196966	896	23	67	4	58	30	67	3	29	15	7849	0	0.01562356948852539	44850	17.23319673538208	8393	81.28651059085841	
198.50715086637746	67.0	3.04	30.16	15.6	2.347045064196966	897	23	67	4	58	30	67	3	29	15	7857	0	0.015623331069946289	44900	17.248820066452026	8402	81.28730512249443	
54828321.7993026	67.0	3.02	29.58	15.3	2.347045064196966	898	23	67	4	58	30	67	3	29	15	7863	0	0.015624284744262695	44950	17.26444435119629	8409	81.29254727474972	
1.9748886631952974e+32	67.0	3.08	31.32	16.2	2.347045064196966	899	23	67	4	58	30	67	3	29	15	7873	0	0.01562666893005371	45000	17.280071020126343	8419	81.2911111111111	
2.4054215283101144	67.0	3.04	30.16	15.6	2.347045064196966	900	23	67	4	58	30	67	3	29	15	7886	0	0.031244993209838867	45050	17.31131601333618	8428	81.29189789123197	
186.71084728853654	67.0	3.08	31.32	16.2	2.347045064196966	901	23	67	4	58	30	67	3	29	15	7891	0	0.015623807907104492	45100	17.326939821243286	8436	81.29490022172949	
57495.50244125415	67.0	3.06	30.74	15.9	2.347045064196966	902	23	67	4	58	30	67	3	29	15	7899	0	0.03124856948852539	45150	17.35818839073181	8445	81.29568106312293	
159.85278135199064	67.0	3.12	32.48	16.8	2.347045064196966	903	23	67	4	58	30	67	3	29	15	7910	0	0.0	45200	17.35818839073181	8453	81.29867256637168	
2.430340553797139	67.0	3.06	30.74	15.9	2.347045064196966	904	23	67	4	58	30	67	3	29	15	7920	0	0.01562356948852539	45250	17.373811960220337	8461	81.30165745856354	
3.7059960031888632	67.0	3.06	30.74	15.9	2.347045064196966	905	23	67	4	58	30	67	3	29	15	7929	0	0.015624046325683594	45300	17.38943600654602	8470	81.30242825607064	
2.433109291921381	67.0	3.04	30.16	15.6	2.347045064196966	906	23	67	4	58	30	67	3	29	15	7940	0	0.031249046325683594	45350	17.420685052871704	8482	81.29658213891952	
302950607225256.06	67.0	3.06	30.74	15.9	2.347045064196966	907	23	67	4	58	30	67	3	29	15	7949	0	0.01562643051147461	45400	17.43631148338318	8495	81.2885462555066	
29427.85563029665	67.0	3.02	29.58	15.3	2.347045064196966	908	23	67	4	58	30	67	3	29	15	7957	0	0.031244993209838867	45450	17.467556476593018	8505	81.2871287128713	
60.239183219331544	67.0	3.08	31.32	16.2	2.347045064196966	909	23	67	4	58	30	67	3	29	15	7964	0	0.0156252384185791	45500	17.483181715011597	8514	81.28791208791209	
2.3926033196574603	67.0	3.0	29.0	15.0	2.347045064196966	910	23	67	3	29	15	67	3	29	15	7977	0	0.015622377395629883	45550	17.498804092407227	8520	81.29527991218441	
61.1217111510758	67.0	3.02	29.58	15.3	2.347045064196966	911	23	67	4	58	30	67	3	29	15	7986	0	0.01562356948852539	45600	17.514427661895752	8526	81.30263157894737	
186.2333543748202	67.0	3.08	31.32	16.2	2.347045064196966	912	23	67	4	58	30	67	3	29	15	7996	0	0.015624761581420898	45650	17.530052423477173	8531	81.31215772179628	
58.76140242001313	67.0	3.02	29.58	15.3	2.347045064196966	913	23	67	4	58	30	67	3	29	15	8008	0	0.015624046325683594	45700	17.545676469802856	8538	81.31728665207878	
866642745.5298969	67.0	3.02	29.58	15.3	2.347045064196966	914	23	67	4	58	30	67	3	29	15	8018	0	0.015622615814208984	45750	17.561299085617065	8549	81.31366120218578	
181.0091860845315	67.0	3.06	30.74	15.9	2.347045064196966	915	23	67	4	58	30	67	3	29	15	8026	0	0.015624523162841797	45800	17.576923608779907	8557	81.31659388646288	
129996.60820890676	67.0	3.1	31.9	16.5	2.347045064196966	916	23	67	4	58	30	67	3	29	15	8036	0	0.031248092651367188	45850	17.608171701431274	8562	81.32606324972737	
67.37149250924254	67.0	3.1	31.9	16.5	2.347045064196966	917	23	67	4	58	30	67	3	29	15	8047	0	0.031247377395629883	45900	17.639419078826904	8568	81.33333333333333	
546359346.4637951	67.0	3.1	31.9	16.5	2.347045064196966	918	23	67	4	58	30	67	3	29	15	8060	0	0.015625715255737305	45950	17.65504479408264	8574	81.34058759521218	
140.8786690148052	67.0	3.06	30.74	15.9	2.347045064196966	919	23	67	4	58	30	67	3	29	15	8068	0	0.03124690055847168	46000	17.686291694641113	8577	81.35434782608695	
85.78316078760652	67.0	3.06	30.74	15.9	2.347045064196966	920	23	67	4	58	30	67	3	29	15	8077	0	0.015622854232788086	46050	17.7019145488739	8587	81.3528773072747	
506381889.087913	67.0	3.0	29.0	15.0	2.347045064196966	921	23	67	3	29	15	67	3	29	15	8087	0	0.0156252384185791	46100	17.71753978729248	8599	81.3470715835141	
154.05236402269455	67.0	3.02	29.58	15.3	2.347045064196966	922	23	67	4	58	30	67	3	29	15	8093	0	0.015622854232788086	46150	17.73316264152527	8611	81.34127843987	
96.78651389220214	67.0	3.06	30.74	15.9	2.347045064196966	923	23	67	4	58	30	67	3	29	15	8100	0	0.015624284744262695	46200	17.74878692626953	8622	81.33766233766234	
471855819.7852283	67.0	3.06	30.74	15.9	2.347045064196966	924	23	67	4	58	30	67	3	29	15	8107	0	0.015624046325683594	46250	17.764410972595215	8627	81.34702702702702	
2.386223305365002	67.0	3.04	30.16	15.6	2.34703910655365	925	23	67	4	58	30	67	3	29	15	8115	0	0.03124690055847168	46300	17.795657873153687	8636	81.34773218142549	
522331775104.5443	67.0	3.02	29.58	15.3	2.34703910655365	926	23	67	4	58	30	67	3	29	15	8120	0	0.015625476837158203	46350	17.811283349990845	8644	81.35059331175836	
5.724273834053745e+33	67.0	3.02	29.58	15.3	2.34703910655365	927	23	67	4	58	30	67	3	29	15	8129	0	0.01562356948852539	46400	17.82690691947937	8655	81.3469827586207	
3327630888675.4062	67.0	3.02	29.58	15.3	2.34703910655365	928	23	67	4	58	30	67	3	29	15	8138	0	0.015624046325683594	46450	17.842530965805054	8668	81.33907427341228	
930422555233371.4	67.0	3.04	30.16	15.6	2.34703910655365	929	23	67	4	58	30	67	3	29	15	8148	0	0.015623331069946289	46500	17.858154296875	8682	81.32903225806452	
232.2555092458234	67.0	3.08	31.32	16.2	2.34703910655365	930	23	67	4	58	30	67	3	29	15	8161	0	0.031247377395629883	46550	17.88940167427063	8701	81.30827067669173	
123.4748820795762	67.0	3.02	29.58	15.3	2.34703910655365	931	23	67	4	58	30	67	3	29	15	8166	0	0.015624284744262695	46600	17.905025959014893	8718	81.29184549356223	
87.06895190105521	67.0	3.06	30.74	15.9	2.34703910655365	932	23	67	4	58	30	67	3	29	15	8173	0	0.015625476837158203	46650	17.92065143585205	8735	81.27545551982851	
70.33533680241817	67.0	3.08	31.32	16.2	2.34703910655365	933	23	67	4	58	30	67	3	29	15	8187	0	0.015623092651367188	46700	17.936274528503418	8746	81.27194860813705	
3.7660742978328132	67.0	3.06	30.74	15.9	2.34703910655365	934	23	67	4	58	30	67	3	29	15	8194	0	0.031247854232788086	46750	17.967522382736206	8759	81.26417112299465	
122.05219232029275	67.0	3.06	30.74	15.9	2.34703910655365	935	23	67	4	58	30	67	3	29	15	8202	0	0.031247854232788086	46800	17.998770236968994	8771	81.25854700854701	
137.98297391404188	67.0	3.04	30.16	15.6	2.34703910655365	936	23	67	4	58	30	67	3	29	15	8209	0	0.015622854232788086	46850	18.014393091201782	8785	81.2486659551761	
66.85965313119928	67.0	3.08	31.32	16.2	2.34703910655365	937	23	67	4	58	30	67	3	29	15	8221	0	0.031249046325683594	46900	18.045642137527466	8794	81.24946695095949	
2.3985560693662724	67.0	3.02	29.58	15.3	2.34703910655365	938	23	67	4	58	30	67	3	29	15	8229	0	0.015624523162841797	46950	18.061266660690308	8808	81.23961661341853	
376.4906141252095	67.0	3.04	30.16	15.6	2.34703910655365	939	23	67	4	58	30	67	3	29	15	8239	0	0.015622615814208984	47000	18.076889276504517	8820	81.23404255319149	
17344781725203.514	67.0	3.04	30.16	15.6	2.34703910655365	940	23	67	4	58	30	67	3	29	15	8246	0	0.031247615814208984	47050	18.108136892318726	8839	81.21360255047821	
67.95828783081701	67.0	3.08	31.32	16.2	2.34703910655365	941	23	67	4	58	30	67	3	29	15	8259	0	0.015625476837158203	47100	18.123762369155884	8850	81.21019108280254	
64.27535419338213	67.0	3.06	30.74	15.9	2.34703910655365	942	23	67	4	58	30	67	3	29	15	8269	0	0.031245946884155273	47150	18.15500831604004	8861	81.2067868504772	
3.710779534883732e+28	67.0	3.06	30.74	15.9	2.34703910655365	943	23	67	4	58	30	67	3	29	15	8277	0	0.015625715255737305	47200	18.170634031295776	8870	81.20762711864407	
65.64115812066366	67.0	3.02	29.58	15.3	2.34703910655365	944	23	67	4	58	30	67	3	29	15	8289	0	0.015622615814208984	47250	18.186256647109985	8878	81.21058201058202	
2.439655463268824	67.0	3.06	30.74	15.9	2.34703910655365	945	23	67	4	58	30	67	3	29	15	8296	0	0.015623807907104492	47300	18.20188045501709	8895	81.19450317124736	
204.44612688359854	67.0	3.04	30.16	15.6	2.34703910655365	946	23	67	4	58	30	67	3	29	15	8305	0	0.015624046325683594	47350	18.217504501342773	8909	81.18479408658922	
59.31798077288529	67.0	3.02	29.58	15.3	2.34703910655365	947	23	67	4	58	30	67	3	29	15	8312	0	0.015624284744262695	47400	18.233128786087036	8925	81.17088607594937	
132620184.17047027	67.0	3.06	30.74	15.9	2.34703910655365	948	23	67	4	58	30	67	3	29	15	8321	0	0.01562356948852539	47450	18.24875235557556	8939	81.16122233930453	
3117.752521742171	67.0	3.08	31.32	16.2	2.34703910655365	949	23	67	4	58	30	67	3	29	15	8333	0	0.031247377395629883	47500	18.27999973297119	8951	81.15578947368421	
193.60961516370008	67.0	3.04	30.16	15.6	2.34703910655365	950	23	67	4	58	30	67	3	29	15	8340	0	0.015624046325683594	47550	18.295623779296875	8963	81.15036803364879	
3482465777920.3867	67.0	3.0	29.0	15.0	2.34703910655365	951	23	67	3	29	15	67	3	29	15	8346	0	0.015623807907104492	47600	18.31124758720398	8968	81.15966386554622	
14696642.855540207	67.0	3.02	29.58	15.3	2.34703910655365	952	23	67	4	58	30	67	3	29	15	8357	0	0.031249046325683594	47650	18.342496633529663	8978	81.15844700944386	
62.57574001567839	67.0	3.04	30.16	15.6	2.34703910655365	953	23	67	4	58	30	67	3	29	15	8367	0	0.0	47700	18.342496633529663	8985	81.16352201257861	
63.149234064660995	67.0	3.06	30.74	15.9	2.34703910655365	954	23	67	4	58	30	67	3	29	15	8377	0	0.031247854232788086	47750	18.37374448776245	8997	81.15811518324608	
255.71484332079712	67.0	3.08	31.32	16.2	2.34703910655365	955	23	67	4	58	30	67	3	29	15	8386	0	0.015622615814208984	47800	18.38936710357666	9013	81.14435146443515	
274.92272462336683	67.0	3.04	30.16	15.6	2.34703910655365	956	23	67	4	58	30	67	3	29	15	8391	0	0.015624523162841797	47850	18.404991626739502	9030	81.12852664576803	
93206521862.09824	67.0	3.04	30.16	15.6	2.34703910655365	957	23	67	4	58	30	67	3	29	15	8396	0	0.015623807907104492	47900	18.420615434646606	9042	81.12317327766179	
113634.82076172829	67.0	3.04	30.16	15.6	2.34703910655365	958	23	67	4	58	30	67	3	29	15	8407	0	0.015624523162841797	47950	18.43623995780945	9057	81.11157455683004	
166.29130580441986	67.0	3.02	29.58	15.3	2.34703910655365	959	23	67	4	58	30	67	3	29	15	8415	0	0.015623092651367188	48000	18.451863050460815	9073	81.09791666666666	
1367539551948.643	67.0	3.08	31.32	16.2	2.34703910655365	960	23	67	4	58	30	67	3	29	15	8423	0	0.015623807907104492	48050	18.46748685836792	9089	81.08428720083246	
61.7112629136049	67.0	3.02	29.58	15.3	2.34703910655365	961	23	67	4	58	30	67	3	29	15	8430	0	0.015624046325683594	48100	18.483110904693604	9095	81.0914760914761	
175.070252056482	67.0	3.04	30.16	15.6	2.34703910655365	962	23	67	4	58	30	67	3	29	15	8437	0	0.01562356948852539	48150	18.49873447418213	9104	81.09241952232607	
198.35946483835795	67.0	3.04	30.16	15.6	2.34703910655365	963	23	67	4	58	30	67	3	29	15	8447	0	0.03124856948852539	48200	18.529983043670654	9113	81.09336099585062	
117.30162635555794	67.0	3.02	29.58	15.3	2.34703910655365	964	23	67	4	58	30	67	3	29	15	8455	0	0.015623331069946289	48250	18.5456063747406	9127	81.08393782383419	
1277969973914.1548	67.0	3.0	29.0	15.0	2.34703910655365	965	23	67	3	29	15	67	3	29	15	8460	0	0.015624046325683594	48300	18.561230421066284	9135	81.08695652173913	
1479881664106.059	67.0	3.06	30.74	15.9	2.34703910655365	966	23	67	4	58	30	67	3	29	15	8469	0	0.031247615814208984	48350	18.592478036880493	9145	81.08583247156153	
65.64395112336702	67.0	3.04	30.16	15.6	2.34703910655365	967	23	67	4	58	30	67	3	29	15	8481	0	0.015625953674316406	48400	18.60810399055481	9154	81.08677685950413	
124.21862911541919	67.0	3.06	30.74	15.9	2.34703910655365	968	23	67	4	58	30	67	3	29	15	8492	0	0.015623331069946289	48450	18.623727321624756	9163	81.08771929824562	
7822894545795.071	67.0	3.08	31.32	16.2	2.34703910655365	969	23	67	4	58	30	67	3	29	15	8499	0	0.015623092651367188	48500	18.639350414276123	9175	81.08247422680412	
7978295652443232.0	67.0	3.02	29.58	15.3	2.34703910655365	970	23	67	4	58	30	67	3	29	15	8504	0	0.015624284744262695	48550	18.654974699020386	9187	81.07723995880535	
70.95916443743234	67.0	3.1	31.9	16.5	2.34703910655365	971	23	67	4	58	30	67	3	29	15	8519	0	0.015623331069946289	48600	18.670598030090332	9195	81.08024691358025	
156.07444945729023	67.0	3.02	29.58	15.3	2.34703910655365	972	23	67	4	58	30	67	3	29	15	8527	0	0.015624284744262695	48650	18.686222314834595	9208	81.07297019527235	
483072.5426940611	67.0	3.06	30.74	15.9	2.34703910655365	973	23	67	4	58	30	67	3	29	15	8534	0	0.015623331069946289	48700	18.70184564590454	9226	81.05544147843942	
1507347692355.313	67.0	3.04	30.16	15.6	2.34703910655365	974	23	67	4	58	30	67	3	29	15	8546	0	0.0156252384185791	48750	18.71747088432312	9239	81.04820512820513	
60.48494604411471	67.0	3.02	29.58	15.3	2.34703910655365	975	23	67	4	58	30	67	3	29	15	8555	0	0.031247854232788086	48800	18.748718738555908	9256	81.0327868852459	
1737613333444.176	67.0	3.04	30.16	15.6	2.34703910655365	976	23	67	4	58	30	67	3	29	15	8564	0	0.015623331069946289	48850	18.764342069625854	9268	81.02763561924257	
6.6453921132468315e+34	67.0	3.02	29.58	15.3	2.34703910655365	977	23	67	4	58	30	67	3	29	15	8576	0	0.015624761581420898	48900	18.779966831207275	9282	81.01840490797547	
96423.78488055032	67.0	3.02	29.58	15.3	2.34703910655365	978	23	67	4	58	30	67	3	29	15	8585	0	0.03124690055847168	48950	18.811213731765747	9288	81.02553626149131	
135.99272820865224	67.0	3.02	29.58	15.3	2.34703910655365	979	23	67	4	58	30	67	3	29	15	8595	0	0.031247377395629883	49000	18.842461109161377	9296	81.02857142857142	
89.88295932018414	67.0	3.04	30.16	15.6	2.34703910655365	980	23	67	4	58	30	67	3	29	15	8606	0	0.015626907348632812	49050	18.85808801651001	9305	81.0295616717635	
11277867196543.38	67.0	3.0	29.0	15.0	2.34703910655365	981	23	67	3	29	15	67	3	29	15	8612	0	0.03124547004699707	49100	18.889333486557007	9322	81.0142566191446	
1283251304388.724	67.0	3.0	29.0	15.0	2.34703910655365	982	23	67	3	29	15	67	3	29	15	8617	0	0.01562356948852539	49150	18.904957056045532	9338	81.00101729399796	
235.11929606862938	67.0	3.08	31.32	16.2	2.34703910655365	983	23	67	4	58	30	67	3	29	15	8624	0	0.015624523162841797	49200	18.920581579208374	9350	80.9959349593496	
5287680000354.707	67.0	3.0	29.0	15.0	2.34703910655365	984	23	67	3	29	15	67	3	29	15	8633	0	0.015627384185791016	49250	18.936208963394165	9360	80.99492385786802	
105605.65492008091	67.0	3.04	30.16	15.6	2.34703910655365	985	23	67	4	58	30	67	3	29	15	8641	0	0.03124547004699707	49300	18.967454433441162	9369	80.99594320486815	
63.68907732929551	67.0	3.06	30.74	15.9	2.34703910655365	986	23	67	4	58	30	67	3	29	15	8651	0	0.01562190055847168	49350	18.983076333999634	9378	80.9969604863222	
2.418228331626691	67.0	3.04	30.16	15.6	2.34703910655365	987	23	67	4	58	30	67	3	29	15	8663	0	0.015624523162841797	49400	18.998700857162476	9386	81.0	
777600916.5859712	67.0	3.04	30.16	15.6	2.34703910655365	988	23	67	4	58	30	67	3	29	15	8672	0	0.031247615814208984	49450	19.029948472976685	9395	81.0010111223458	
362881619.77444565	67.0	3.06	30.74	15.9	2.34703910655365	989	23	67	4	58	30	67	3	29	15	8678	0	0.015623807907104492	49500	19.04557228088379	9404	81.0020202020202	
1367135040094.004	67.0	3.06	30.74	15.9	2.34703910655365	990	23	67	4	58	30	67	3	29	15	8686	0	0.015623807907104492	49550	19.061196088790894	9423	80.98284561049445	
58.45981623086702	67.0	3.02	29.58	15.3	2.34703910655365	991	23	67	4	58	30	67	3	29	15	8693	0	0.015624761581420898	49600	19.076820850372314	9436	80.9758064516129	
310.4708298961993	67.0	3.0	29.0	15.0	2.34703910655365	992	23	67	3	29	15	67	3	29	15	8697	0	0.031247377395629883	49650	19.108068227767944	9450	80.96676737160121	
1399680005919.0579	67.0	3.06	30.74	15.9	2.34703910655365	993	23	67	4	58	30	67	3	29	15	8706	0	0.015623807907104492	49700	19.12369203567505	9462	80.96177062374245	
169.22237959645295	67.0	3.02	29.58	15.3	2.34703910655365	994	23	67	4	58	30	67	3	29	15	8712	0	0.015624046325683594	49750	19.139316082000732	9472	80.9608040201005	
56287.33625907151	67.0	3.02	29.58	15.3	2.34703910655365	995	23	67	4	58	30	67	3	29	15	8719	0	0.015624284744262695	49800	19.154940366744995	9486	80.95180722891567	
245.90220607484937	67.0	3.0	29.0	15.0	2.34703910655365	996	23	67	3	29	15	67	3	29	15	8721	0	0.015623331069946289	49850	19.17056369781494	9499	80.94483450351053	
2.497181950391073	67.0	3.04	30.16	15.6	2.34703910655365	997	23	67	4	58	30	67	3	29	15	8730	0	0.015624046325683594	49900	19.186187744140625	9505	80.95190380761522	
1.306368000000039e+21	67.0	3.06	30.74	15.9	2.34703910655365	998	23	67	4	58	30	67	3	29	15	8736	0	0.015623807907104492	49950	19.20181155204773	9511	80.95895895895896	
362880000051.7346	67.0	3.04	30.16	15.6	2.34703910655365	999	23	67	4	58	30	67	3	29	15	8742	0	0.0	50000	19.20181155204773	9517	80.966	
3008336081241.4688	67.0	3.02	29.58	15.3	2.34703910655365	1000	23	67	4	58	30	67	3	29	15	8756	0	0.031248807907104492	50050	19.233060359954834	9523	80.97302697302698	
