ave_fitness	ave_genome_length	ave_tree_depth	ave_tree_nodes	ave_used_codons	best_fitness	gen	invalids	max_genome_length	max_tree_depth	max_tree_nodes	max_used_codons	min_genome_length	min_tree_depth	min_tree_nodes	min_used_codons	runtime_error	time_adjust	time_taken	total_inds	total_time	unique_inds	unused_search	
4.104233270199952e+32	100.55	6.48	129.92	67.2	45.16844190383335	0	0	180	10	232	120	22	3	29	15	65	0	2.452956438064575	100	2.452956438064575	35	65.0	
7.985497409736211e+19	31.43	3.475609756097561	42.792682926829265	22.134146341463413	45.16844190383335	1	18	45	5.0	87.0	45.0	22	3.0	29.0	15.0	84	0	0.15623927116394043	200	2.6091957092285156	51	74.5	
1.16291569431565e+19	30.05	3.0804597701149423	31.333333333333332	16.20689655172414	45.16844190383335	2	32	45	5.0	87.0	45.0	22	3.0	29.0	15.0	84	0	0.031247377395629883	300	2.6404430866241455	52	82.66666666666666	
47473640.25569727	29.36	3.0202020202020203	29.585858585858585	15.303030303030303	45.16844190383335	3	34	45	4.0	58.0	30.0	22	3.0	29.0	15.0	84	0	0.04687213897705078	400	2.6873152256011963	52	87.0	
47050897.572516404	28.44	3.03	29.87	15.45	45.16844190383335	4	35	45	4	58	30	22	3	29	15	84	0	0.03124833106994629	500	2.7185635566711426	52	89.6	
47102896.65378299	27.06	3.04	30.16	15.6	45.16844190383335	5	36	45	4	58	30	22	3	29	15	84	0	0.031247377395629883	600	2.7498109340667725	52	91.33333333333333	
45.60878339445457	25.45	3.01	29.29	15.15	45.16844190383335	6	37	45	4	58	30	22	3	29	15	84	0	0.031247854232788086	700	2.7810587882995605	52	92.57142857142857	
45.60878339445457	24.3	3.01	29.29	15.15	45.16844190383335	7	38	45	4	58	30	22	3	29	15	84	0	0.04687190055847168	800	2.8279306888580322	52	93.5	
45.60878339445457	25.45	3.01	29.29	15.15	45.16844190383335	8	38	45	4	58	30	22	3	29	15	84	0	0.015624046325683594	900	2.843554735183716	52	94.22222222222223	
47958056.527782276	27.52	3.020408163265306	29.591836734693878	15.306122448979592	45.16844190383335	9	41	45	4.0	58.0	30.0	22	3.0	29.0	15.0	84	0	0.031247615814208984	1000	2.874802350997925	52	94.8	
50.20533764402232	28.9	3.0306122448979593	29.887755102040817	15.459183673469388	45.16844190383335	10	44	45	5.0	87.0	45.0	22	3.0	29.0	15.0	84	0	0.03124833106994629	1100	2.906050682067871	53	95.18181818181819	
50.20533764402232	29.59	3.0306122448979593	29.887755102040817	15.459183673469388	45.16844190383335	11	47	45	5.0	87.0	45.0	22	3.0	29.0	15.0	84	0	0.04687142372131348	1200	2.9529221057891846	53	95.58333333333333	
46998896.309491254	30.74	3.02	29.58	15.3	45.16844190383335	12	48	45	4	58	30	22	3	29	15	84	0	0.031247615814208984	1300	2.9841697216033936	53	95.92307692307692	
50.20533764402232	31.66	3.0306122448979593	29.887755102040817	15.459183673469388	45.16844190383335	13	51	45	5.0	87.0	45.0	22	3.0	29.0	15.0	84	0	0.031248807907104492	1400	3.015418529510498	53	96.21428571428571	
45.60878339445457	31.2	3.01	29.29	15.15	45.16844190383335	14	51	45	4	58	30	22	3	29	15	84	0	0.031247854232788086	1500	3.046666383743286	53	96.46666666666667	
54.61820763936114	32.58	3.05	30.45	15.75	45.16844190383335	15	52	45	5	87	45	22	3	29	15	84	0	0.01562356948852539	1600	3.0622899532318115	53	96.6875	
47473636.7253243	34.19	3.04040404040404	30.171717171717173	15.606060606060606	45.16844190383335	16	54	45	5.0	87.0	45.0	22	3.0	29.0	15.0	84	0	0.015624046325683594	1700	3.077913999557495	53	96.88235294117646	
189894391.87422478	34.19	3.0505050505050506	30.464646464646464	15.757575757575758	45.16844190383335	17	56	45	4.0	58.0	30.0	22	3.0	29.0	15.0	84	0	0.04687142372131348	1800	3.1247854232788086	53	97.05555555555556	
45.60878339445457	36.03	3.01	29.29	15.15	45.16844190383335	18	56	45	4	58	30	22	3	29	15	84	0	0.031248092651367188	1900	3.156033515930176	53	97.21052631578948	
140996606.72033122	38.79	3.08	31.32	16.2	45.16844190383335	19	57	45	5	87	45	22	3	29	15	84	0	0.015623807907104492	2000	3.1716573238372803	53	97.35	
94947218.74148163	38.56	3.0303030303030303	29.87878787878788	15.454545454545455	45.16844190383335	20	59	45	4.0	58.0	30.0	22	3.0	29.0	15.0	84	0	0.03124833106994629	2100	3.2029056549072266	53	97.47619047619048	
45.60878339445457	39.94	3.01	29.29	15.15	45.16844190383335	21	59	45	4	58	30	22	3	29	15	84	0	0.046871185302734375	2200	3.249776840209961	53	97.5909090909091	
239790109.39743093	40.17	3.1020408163265305	31.959183673469386	16.53061224489796	45.16844190383335	22	62	45	5.0	87.0	45.0	22	3.0	29.0	15.0	84	0	0.031248092651367188	2300	3.281024932861328	53	97.69565217391305	
46998896.309491254	40.63	3.02	29.58	15.3	45.16844190383335	23	62	45	4	58	30	22	3	29	15	84	0	0.031247615814208984	2400	3.312272548675537	53	97.79166666666667	
45.60878339445457	40.17	3.01	29.29	15.15	45.16844190383335	24	62	45	4	58	30	22	3	29	15	84	0	0.03124856948852539	2500	3.3435211181640625	53	97.88	
45.60878339445457	39.94	3.01	29.29	15.15	45.16844190383335	25	62	45	4	58	30	22	3	29	15	84	0	0.031247377395629883	2600	3.3747684955596924	53	97.96153846153847	
50.11349551690786	37.18	3.03	29.87	15.45	45.16844190383335	26	63	45	5	87	45	22	3	29	15	84	0	0.031247854232788086	2700	3.4060163497924805	53	98.03703703703704	
93997751.51491123	37.87	3.05	30.45	15.75	45.16844190383335	27	64	45	5	87	45	22	3	29	15	84	0	0.04687142372131348	2800	3.452887773513794	53	98.10714285714286	
50.11349551690786	37.41	3.03	29.87	15.45	45.16844190383335	28	65	45	5	87	45	22	3	29	15	84	0	0.03125	2900	3.484137773513794	53	98.17241379310344	
45.60878339445457	36.72	3.01	29.29	15.15	45.16844190383335	29	65	45	4	58	30	22	3	29	15	84	0	0.031245946884155273	3000	3.515383720397949	53	98.23333333333333	
45.60878339445457	38.1	3.01	29.29	15.15	45.16844190383335	30	65	45	4	58	30	22	3	29	15	84	0	0.031247615814208984	3100	3.546631336212158	53	98.29032258064517	
142420809.85806745	38.56	3.0606060606060606	30.757575757575758	15.909090909090908	45.16844190383335	31	67	45	5.0	87.0	45.0	22	3.0	29.0	15.0	84	0	0.031247854232788086	3200	3.5778791904449463	53	98.34375	
93997747.01019911	37.64	3.03	29.87	15.45	45.16844190383335	32	68	45	4	58	30	22	3	29	15	84	0	0.031247615814208984	3300	3.6091268062591553	53	98.39393939393939	
45.60878339445457	36.72	3.01	29.29	15.15	45.16844190383335	33	68	45	4	58	30	22	3	29	15	84	0	0.015624284744262695	3400	3.624751091003418	53	98.44117647058823	
93997747.01019911	35.57	3.03	29.87	15.45	45.16844190383335	34	68	45	4	58	30	22	3	29	15	84	0	0.031247854232788086	3500	3.655998945236206	53	98.48571428571428	
46998896.309491254	32.81	3.02	29.58	15.3	45.16844190383335	35	68	45	4	58	30	22	3	29	15	84	0	0.031248092651367188	3600	3.6872470378875732	53	98.52777777777777	
46998905.3189155	33.5	3.06	30.74	15.9	45.16844190383335	36	69	45	5	87	45	22	3	29	15	84	0	0.031247377395629883	3700	3.718494415283203	53	98.56756756756756	
45.60878339445457	32.58	3.01	29.29	15.15	45.16844190383335	37	69	45	4	58	30	22	3	29	15	84	0	0.0312502384185791	3800	3.7497446537017822	53	98.60526315789474	
94947218.74148163	33.27	3.0303030303030303	29.87878787878788	15.454545454545455	45.16844190383335	38	71	45	4.0	58.0	30.0	22	3.0	29.0	15.0	84	0	0.031248092651367188	3900	3.7809927463531494	53	98.64102564102564	
45.60878339445457	31.2	3.01	29.29	15.15	45.16844190383335	39	71	45	4	58	30	22	3	29	15	84	0	0.031245946884155273	4000	3.8122386932373047	53	98.675	
45.608738466233916	30.51	3.01010101010101	29.292929292929294	15.151515151515152	45.16844190383335	40	73	45	4.0	58.0	30.0	22	3.0	29.0	15.0	84	0	0.031248092651367188	4100	3.843486785888672	53	98.70731707317073	
193809739.2198123	33.73	3.051546391752577	30.49484536082474	15.77319587628866	45.16844190383335	41	77	45	4.0	58.0	30.0	22	3.0	29.0	15.0	84	0	0.031247615814208984	4200	3.874734401702881	53	98.73809523809524	
187995448.41161484	33.04	3.05	30.45	15.75	45.16844190383335	42	78	45	4	58	30	22	3	29	15	84	0	0.031247615814208984	4300	3.90598201751709	53	98.76744186046511	
187995448.41161484	32.58	3.05	30.45	15.75	45.16844190383335	43	79	45	4	58	30	22	3	29	15	84	0	0.031248092651367188	4400	3.937230110168457	53	98.79545454545455	
93997747.01019911	30.28	3.03	29.87	15.45	45.16844190383335	44	80	45	4	58	30	22	3	29	15	84	0	0.031248807907104492	4500	3.9684789180755615	53	98.82222222222222	
46998896.309491254	31.2	3.02	29.58	15.3	45.16844190383335	45	80	45	4	58	30	22	3	29	15	84	0	0.015623331069946289	4600	3.984102249145508	53	98.84782608695652	
234994299.1123227	33.04	3.06	30.74	15.9	45.16844190383335	46	81	45	4	58	30	22	3	29	15	84	0	0.04687166213989258	4700	4.0309739112854	53	98.87234042553192	
94947218.74148163	29.13	3.0303030303030303	29.87878787878788	15.454545454545455	45.16844190383335	47	83	45	4.0	58.0	30.0	22	3.0	29.0	15.0	84	0	0.03124690055847168	4800	4.062220811843872	53	98.89583333333333	
193809739.2198123	32.12	3.051546391752577	30.49484536082474	15.77319587628866	45.16844190383335	48	87	45	4.0	58.0	30.0	22	3.0	29.0	15.0	84	0	0.031248807907104492	4900	4.093469619750977	53	98.91836734693878	
48452469.01143744	33.04	3.020618556701031	29.5979381443299	15.309278350515465	45.16844190383335	49	91	45	4.0	58.0	30.0	22	3.0	29.0	15.0	84	0	0.031247615814208984	5000	4.1247172355651855	53	98.94	
47958056.527782276	34.65	3.020408163265306	29.591836734693878	15.306122448979592	45.16844190383335	50	94	45	4.0	58.0	30.0	22	3.0	29.0	15.0	84	0	0.031249284744262695	5100	4.155966520309448	53	98.9607843137255	
189894391.87422478	38.1	3.0505050505050506	30.464646464646464	15.757575757575758	45.16844190383335	51	96	45	4.0	58.0	30.0	22	3.0	29.0	15.0	84	0	0.031248092651367188	5200	4.187214612960815	53	98.98076923076923	
189894391.87422478	36.03	3.0505050505050506	30.464646464646464	15.757575757575758	45.16844190383335	52	98	45	4.0	58.0	30.0	22	3.0	29.0	15.0	84	0	0.03125	5300	4.218464612960815	53	99.0	
143874078.36596158	35.8	3.0408163265306123	30.183673469387756	15.612244897959183	45.16844190383335	53	101	45	4.0	58.0	30.0	22	3.0	29.0	15.0	84	0	0.04686999320983887	5400	4.265334606170654	53	99.01851851851852	
93997747.01019911	37.64	3.03	29.87	15.45	45.16844190383335	54	102	45	4	58	30	22	3	29	15	84	0	0.031247615814208984	5500	4.296582221984863	53	99.03636363636363	
187995448.41161484	37.87	3.05	30.45	15.75	45.16844190383335	55	103	45	4	58	30	22	3	29	15	84	0	0.015624284744262695	5600	4.312206506729126	53	99.05357142857143	
187995448.41161484	37.41	3.05	30.45	15.75	45.16844190383335	56	104	45	4	58	30	22	3	29	15	84	0	0.03124833106994629	5700	4.343454837799072	53	99.0701754385965	
140996597.71090698	38.79	3.04	30.16	15.6	45.16844190383335	57	105	45	4	58	30	22	3	29	15	84	0	0.03124713897705078	5800	4.374701976776123	53	99.08620689655173	
45.60878339445457	36.95	3.01	29.29	15.15	45.16844190383335	58	105	45	4	58	30	22	3	29	15	84	0	0.031248092651367188	5900	4.40595006942749	53	99.10169491525424	
46998896.309491254	36.95	3.02	29.58	15.3	45.16844190383335	59	105	45	4	58	30	22	3	29	15	84	0	0.031249046325683594	6000	4.437199115753174	53	99.11666666666666	
46998896.309491254	37.87	3.02	29.58	15.3	45.16844190383335	60	105	45	4	58	30	22	3	29	15	84	0	0.031244754791259766	6100	4.468443870544434	53	99.1311475409836	
45.60878339445457	36.26	3.01	29.29	15.15	45.16844190383335	61	105	45	4	58	30	22	3	29	15	84	0	0.0468745231628418	6200	4.515318393707275	53	99.14516129032258	
46998896.309491254	36.26	3.02	29.58	15.3	45.16844190383335	62	106	45	4	58	30	22	3	29	15	84	0	0.031245946884155273	6300	4.546564340591431	53	99.15873015873017	
45.60878339445457	36.49	3.01	29.29	15.15	45.16844190383335	63	106	45	4	58	30	22	3	29	15	84	0	0.031247615814208984	6400	4.57781195640564	53	99.171875	
46998896.309491254	37.87	3.02	29.58	15.3	45.16844190383335	64	106	45	4	58	30	22	3	29	15	84	0	0.031248807907104492	6500	4.609060764312744	53	99.18461538461538	
46998896.309491254	35.57	3.02	29.58	15.3	45.16844190383335	65	106	45	4	58	30	22	3	29	15	84	0	0.015623331069946289	6600	4.62468409538269	53	99.1969696969697	
45.60878339445457	37.64	3.01	29.29	15.15	45.16844190383335	66	106	45	4	58	30	22	3	29	15	84	0	0.031247854232788086	6700	4.6559319496154785	53	99.2089552238806	
46998896.309491254	38.1	3.02	29.58	15.3	45.16844190383335	67	107	45	4	58	30	22	3	29	15	84	0	0.031247377395629883	6800	4.687179327011108	53	99.22058823529412	
47473632.175110035	39.25	3.0202020202020203	29.585858585858585	15.303030303030303	45.16844190383335	68	109	45	4.0	58.0	30.0	22	3.0	29.0	15.0	84	0	0.031247854232788086	6900	4.7184271812438965	53	99.23188405797102	
45.60878339445457	40.17	3.01	29.29	15.15	45.16844190383335	69	109	45	4	58	30	22	3	29	15	84	0	0.031248807907104492	7000	4.749675989151001	53	99.24285714285715	
45.60878339445457	36.95	3.01	29.29	15.15	45.16844190383335	70	109	45	4	58	30	22	3	29	15	84	0	0.03124713897705078	7100	4.780923128128052	53	99.25352112676056	
46998896.309491254	40.17	3.02	29.58	15.3	45.16844190383335	71	109	45	4	58	30	22	3	29	15	84	0	0.04687237739562988	7200	4.827795505523682	53	99.26388888888889	
45.6086926211108	37.87	3.010204081632653	29.29591836734694	15.153061224489797	45.16844190383335	72	112	45	4.0	58.0	30.0	22	3.0	29.0	15.0	84	0	0.015623807907104492	7300	4.843419313430786	53	99.27397260273973	
46998896.309491254	40.17	3.02	29.58	15.3	45.16844190383335	73	113	45	4	58	30	22	3	29	15	84	0	0.031247615814208984	7400	4.874666929244995	53	99.28378378378379	
47473632.175110035	40.17	3.0202020202020203	29.585858585858585	15.303030303030303	45.16844190383335	74	115	45	4.0	58.0	30.0	22	3.0	29.0	15.0	84	0	0.015624284744262695	7500	4.890291213989258	53	99.29333333333334	
237367978.44059634	39.94	3.0606060606060606	30.757575757575758	15.909090909090908	45.16844190383335	75	117	45	4.0	58.0	30.0	22	3.0	29.0	15.0	84	0	0.03124833106994629	7600	4.921539545059204	53	99.30263157894737	
281993149.81303054	39.25	3.07	31.03	16.05	45.16844190383335	76	118	45	4	58	30	22	3	29	15	84	0	0.03124690055847168	7700	4.952786445617676	53	99.31168831168831	
45.60878339445457	37.87	3.01	29.29	15.15	45.16844190383335	77	118	45	4	58	30	22	3	29	15	84	0	0.03124833106994629	7800	4.984034776687622	53	99.32051282051282	
281993149.81303054	40.63	3.07	31.03	16.05	45.16844190383335	78	119	45	4	58	30	22	3	29	15	84	0	0.04687094688415527	7900	5.030905723571777	53	99.32911392405063	
234994299.1123227	41.55	3.06	30.74	15.9	45.16844190383335	79	119	45	4	58	30	22	3	29	15	84	0	0.046872854232788086	8000	5.077778577804565	53	99.3375	
45.60878339445457	41.32	3.01	29.29	15.15	45.16844190383335	80	119	45	4	58	30	22	3	29	15	84	0	0.04687094688415527	8100	5.124649524688721	53	99.34567901234568	
46998896.309491254	41.09	3.02	29.58	15.3	45.16844190383335	81	120	45	4	58	30	22	3	29	15	84	0	0.046874284744262695	8200	5.171523809432983	53	99.35365853658537	
234994299.1123227	39.48	3.06	30.74	15.9	45.16844190383335	82	121	45	4	58	30	22	3	29	15	84	0	0.015621423721313477	8300	5.187145233154297	53	99.36144578313252	
187995448.41161484	39.71	3.05	30.45	15.75	45.16844190383335	83	121	45	4	58	30	22	3	29	15	84	0	0.046872854232788086	8400	5.234018087387085	53	99.36904761904762	
46998896.309491254	39.71	3.02	29.58	15.3	45.16844190383335	84	121	45	4	58	30	22	3	29	15	84	0	0.031247615814208984	8500	5.265265703201294	53	99.37647058823529	
45.60878339445457	39.25	3.01	29.29	15.15	45.16844190383335	85	121	45	4	58	30	22	3	29	15	84	0	0.031247854232788086	8600	5.296513557434082	53	99.38372093023256	
234994299.1123227	39.02	3.06	30.74	15.9	45.16844190383335	86	121	45	4	58	30	22	3	29	15	84	0	0.031246662139892578	8700	5.327760219573975	53	99.39080459770115	
46998896.309491254	38.1	3.02	29.58	15.3	45.16844190383335	87	122	45	4	58	30	22	3	29	15	84	0	0.031249046325683594	8800	5.359009265899658	53	99.39772727272727	
95916067.44687194	40.4	3.0306122448979593	29.887755102040817	15.459183673469388	45.16844190383335	88	125	45	4.0	58.0	30.0	22	3.0	29.0	15.0	84	0	0.03124856948852539	8900	5.390257835388184	53	99.40449438202248	
46998896.309491254	40.17	3.02	29.58	15.3	45.16844190383335	89	126	45	4	58	30	22	3	29	15	84	0	0.04687047004699707	9000	5.437128305435181	53	99.41111111111111	
140996597.71090698	38.79	3.04	30.16	15.6	45.16844190383335	90	127	45	4	58	30	22	3	29	15	84	0	0.03124833106994629	9100	5.468376636505127	53	99.41758241758242	
281993149.81303054	39.25	3.07	31.03	16.05	45.16844190383335	91	128	45	4	58	30	22	3	29	15	84	0	0.031249523162841797	9200	5.499626159667969	53	99.42391304347827	
140996597.71090698	40.4	3.04	30.16	15.6	45.16844190383335	92	129	45	4	58	30	22	3	29	15	84	0	0.03124713897705078	9300	5.5308732986450195	53	99.43010752688173	
234994299.1123227	39.25	3.06	30.74	15.9	45.16844190383335	93	130	45	4	58	30	22	3	29	15	84	0	0.031247854232788086	9400	5.562121152877808	53	99.43617021276596	
140996597.71090698	40.17	3.04	30.16	15.6	45.16844190383335	94	131	45	4	58	30	22	3	29	15	84	0	0.015624046325683594	9500	5.577745199203491	53	99.4421052631579	
140996597.71090698	40.63	3.04	30.16	15.6	45.16844190383335	95	132	45	4	58	30	22	3	29	15	84	0	0.015622854232788086	9600	5.593368053436279	53	99.44791666666667	
45.60878339445457	40.63	3.01	29.29	15.15	45.16844190383335	96	132	45	4	58	30	22	3	29	15	84	0	0.03124713897705078	9700	5.62461519241333	53	99.45360824742268	
93997747.01019911	40.4	3.03	29.87	15.45	45.16844190383335	97	132	45	4	58	30	22	3	29	15	84	0	0.0312497615814209	9800	5.655864953994751	53	99.45918367346938	
234994299.1123227	42.01	3.06	30.74	15.9	45.16844190383335	98	132	45	4	58	30	22	3	29	15	84	0	0.031246662139892578	9900	5.6871116161346436	53	99.46464646464646	
45.60878339445457	41.55	3.01	29.29	15.15	45.16844190383335	99	132	45	4	58	30	22	3	29	15	84	0	0.03124856948852539	10000	5.718360185623169	53	99.47	
45.60878339445457	39.94	3.01	29.29	15.15	45.16844190383335	100	133	45	4	58	30	22	3	29	15	84	0	0.031246423721313477	10100	5.749606609344482	53	99.47524752475248	
93997747.01019911	40.17	3.03	29.87	15.45	45.16844190383335	101	133	45	4	58	30	22	3	29	15	84	0	0.031247854232788086	10200	5.7808544635772705	53	99.48039215686275	
375990851.21444625	41.78	3.09	31.61	16.35	45.16844190383335	102	134	45	4	58	30	22	3	29	15	84	0	0.031249046325683594	10300	5.812103509902954	53	99.48543689320388	
140996597.71090698	41.55	3.04	30.16	15.6	45.16844190383335	103	134	45	4	58	30	22	3	29	15	84	0	0.04687166213989258	10400	5.858975172042847	53	99.49038461538461	
187995448.41161484	42.01	3.05	30.45	15.75	45.16844190383335	104	134	45	4	58	30	22	3	29	15	84	0	0.031247854232788086	10500	5.890223026275635	53	99.4952380952381	
187995448.41161484	42.93	3.05	30.45	15.75	45.16844190383335	105	135	45	4	58	30	22	3	29	15	84	0	0.03124833106994629	10600	5.921471357345581	53	99.5	
93997747.01019911	42.93	3.03	29.87	15.45	45.16844190383335	106	135	45	4	58	30	22	3	29	15	84	0	0.03124713897705078	10700	5.952718496322632	53	99.50467289719626	
45.60878339445457	44.08	3.01	29.29	15.15	45.16844190383335	107	135	45	4	58	30	22	3	29	15	84	0	0.015624046325683594	10800	5.968342542648315	53	99.50925925925925	
234994299.1123227	43.62	3.06	30.74	15.9	45.16844190383335	108	135	45	4	58	30	22	3	29	15	84	0	0.04687213897705078	10900	6.015214681625366	53	99.5137614678899	
328992000.51373845	43.39	3.08	31.32	16.2	45.16844190383335	109	135	45	4	58	30	22	3	29	15	84	0	0.031246423721313477	11000	6.04646110534668	53	99.51818181818182	
45.60878339445457	43.85	3.01	29.29	15.15	45.16844190383335	110	135	45	4	58	30	22	3	29	15	84	0	0.031247854232788086	11100	6.077708959579468	53	99.52252252252252	
46998896.309491254	43.85	3.02	29.58	15.3	45.16844190383335	111	135	45	4	58	30	22	3	29	15	84	0	0.04687619209289551	11200	6.124585151672363	53	99.52678571428571	
46998896.309491254	45.0	3.02	29.58	15.3	45.16844190383335	112	135	45	4	58	30	45	3	29	15	84	0	0.031245708465576172	11300	6.1558308601379395	53	99.53097345132744	
45.60878339445457	45.0	3.01	29.29	15.15	45.16844190383335	113	135	45	4	58	30	45	3	29	15	84	0	0.015621662139892578	11400	6.171452522277832	53	99.53508771929825	
45.60878339445457	45.0	3.01	29.29	15.15	45.16844190383335	114	135	45	4	58	30	45	3	29	15	84	0	0.031248807907104492	11500	6.2027013301849365	53	99.5391304347826	
469988552.61586213	45.0	3.11	32.19	16.65	45.16844190383335	115	135	45	4	58	30	45	3	29	15	84	0	0.031248807907104492	11600	6.233950138092041	53	99.54310344827586	
45.60878339445457	45.0	3.01	29.29	15.15	45.16844190383335	116	135	45	4	58	30	45	3	29	15	84	0	0.04687190055847168	11700	6.280822038650513	53	99.54700854700855	
46998896.309491254	45.0	3.02	29.58	15.3	45.16844190383335	117	135	45	4	58	30	45	3	29	15	84	0	0.031245946884155273	11800	6.312067985534668	53	99.55084745762711	
140996597.71090698	45.0	3.04	30.16	15.6	45.16844190383335	118	135	45	4	58	30	45	3	29	15	84	0	0.046874046325683594	11900	6.358942031860352	53	99.5546218487395	
45.60878339445457	45.0	3.01	29.29	15.15	45.16844190383335	119	135	45	4	58	30	45	3	29	15	84	0	0.031245708465576172	12000	6.390187740325928	53	99.55833333333334	
46998896.309491254	45.0	3.02	29.58	15.3	45.16844190383335	120	135	45	4	58	30	45	3	29	15	84	0	0.046872854232788086	12100	6.437060594558716	53	99.56198347107438	
93997747.01019911	45.0	3.03	29.87	15.45	45.16844190383335	121	135	45	4	58	30	45	3	29	15	84	0	0.015623331069946289	12200	6.452683925628662	53	99.56557377049181	
93997747.01019911	45.0	3.03	29.87	15.45	45.16844190383335	122	135	45	4	58	30	45	3	29	15	84	0	0.031248092651367188	12300	6.483932018280029	53	99.5691056910569	
45.60878339445457	45.0	3.01	29.29	15.15	45.16844190383335	123	135	45	4	58	30	45	3	29	15	84	0	0.03124856948852539	12400	6.515180587768555	53	99.5725806451613	
93997747.01019911	45.0	3.03	29.87	15.45	45.16844190383335	124	135	45	4	58	30	45	3	29	15	84	0	0.031247615814208984	12500	6.546428203582764	53	99.576	
281993149.81303054	45.0	3.07	31.03	16.05	45.16844190383335	125	135	45	4	58	30	45	3	29	15	84	0	0.04687166213989258	12600	6.593299865722656	53	99.57936507936508	
187995448.41161484	45.0	3.05	30.45	15.75	45.16844190383335	126	135	45	4	58	30	45	3	29	15	84	0	0.031246662139892578	12700	6.624546527862549	53	99.58267716535433	
46998896.309491254	45.0	3.02	29.58	15.3	45.16844190383335	127	135	45	4	58	30	45	3	29	15	84	0	0.031247615814208984	12800	6.655794143676758	53	99.5859375	
140996597.71090698	45.0	3.04	30.16	15.6	45.16844190383335	128	135	45	4	58	30	45	3	29	15	84	0	0.015624523162841797	12900	6.6714186668396	53	99.5891472868217	
46998896.309491254	45.0	3.02	29.58	15.3	45.16844190383335	129	135	45	4	58	30	45	3	29	15	84	0	0.04687166213989258	13000	6.718290328979492	53	99.5923076923077	
281993149.81303054	45.0	3.07	31.03	16.05	45.16844190383335	130	135	45	4	58	30	45	3	29	15	84	0	0.031248807907104492	13100	6.749539136886597	53	99.59541984732824	
140996597.71090698	45.0	3.04	30.16	15.6	45.16844190383335	131	135	45	4	58	30	45	3	29	15	84	0	0.031248092651367188	13200	6.780787229537964	53	99.59848484848484	
187995448.41161484	45.0	3.05	30.45	15.75	45.16844190383335	132	135	45	4	58	30	45	3	29	15	84	0	0.04687023162841797	13300	6.827657461166382	53	99.6015037593985	
140996597.71090698	45.0	3.04	30.16	15.6	45.16844190383335	133	135	45	4	58	30	45	3	29	15	84	0	0.015624523162841797	13400	6.843281984329224	53	99.6044776119403	
140996597.71090698	45.0	3.04	30.16	15.6	45.16844190383335	134	135	45	4	58	30	45	3	29	15	84	0	0.0312504768371582	13500	6.874532461166382	53	99.60740740740741	
93997747.01019911	45.0	3.03	29.87	15.45	45.16844190383335	135	135	45	4	58	30	45	3	29	15	84	0	0.04686880111694336	13600	6.921401262283325	53	99.61029411764706	
45.60878339445457	45.0	3.01	29.29	15.15	45.16844190383335	136	135	45	4	58	30	45	3	29	15	84	0	0.031249284744262695	13700	6.952650547027588	53	99.61313868613139	
281993149.81303054	45.0	3.07	31.03	16.05	45.16844190383335	137	135	45	4	58	30	45	3	29	15	84	0	0.04687142372131348	13800	6.999521970748901	53	99.6159420289855	
187995448.41161484	45.0	3.05	30.45	15.75	45.16844190383335	138	135	45	4	58	30	45	3	29	15	84	0	0.031246662139892578	13900	7.030768632888794	53	99.61870503597122	
46998896.309491254	45.0	3.02	29.58	15.3	45.16844190383335	139	135	45	4	58	30	45	3	29	15	84	0	0.031249046325683594	14000	7.0620176792144775	53	99.62142857142857	
45.60878339445457	45.0	3.01	29.29	15.15	45.16844190383335	140	135	45	4	58	30	45	3	29	15	84	0	0.03124833106994629	14100	7.093266010284424	53	99.62411347517731	
45.60878339445457	45.0	3.01	29.29	15.15	45.16844190383335	141	135	45	4	58	30	45	3	29	15	84	0	0.031245946884155273	14200	7.124511957168579	53	99.62676056338029	
45.60878339445457	45.0	3.01	29.29	15.15	45.16844190383335	142	135	45	4	58	30	45	3	29	15	84	0	0.031249523162841797	14300	7.155761480331421	53	99.62937062937063	
45.60878339445457	45.0	3.01	29.29	15.15	45.16844190383335	143	135	45	4	58	30	45	3	29	15	84	0	0.031247615814208984	14400	7.18700909614563	53	99.63194444444444	
45.60878339445457	45.0	3.01	29.29	15.15	45.16844190383335	144	135	45	4	58	30	45	3	29	15	84	0	0.031246423721313477	14500	7.218255519866943	53	99.63448275862069	
610985104.7179856	45.0	3.14	33.06	17.1	45.16844190383335	145	135	45	4	58	30	45	3	29	15	84	0	0.04687333106994629	14600	7.26512885093689	53	99.63698630136986	
140996597.71090698	45.0	3.04	30.16	15.6	45.16844190383335	146	135	45	4	58	30	45	3	29	15	84	0	0.03124856948852539	14700	7.296377420425415	53	99.63945578231292	
140996597.71090698	45.0	3.04	30.16	15.6	45.16844190383335	147	135	45	4	58	30	45	3	29	15	84	0	0.031245946884155273	14800	7.32762336730957	53	99.64189189189189	
140996597.71090698	45.0	3.04	30.16	15.6	45.16844190383335	148	135	45	4	58	30	45	3	29	15	84	0	0.031247854232788086	14900	7.358871221542358	53	99.64429530201342	
234994299.1123227	45.0	3.06	30.74	15.9	45.16844190383335	149	135	45	4	58	30	45	3	29	15	84	0	0.031248092651367188	15000	7.390119314193726	53	99.64666666666666	
45.60878339445457	45.0	3.01	29.29	15.15	45.16844190383335	150	135	45	4	58	30	45	3	29	15	84	0	0.031248807907104492	15100	7.42136812210083	53	99.64900662251655	
45.60878339445457	45.0	3.01	29.29	15.15	45.16844190383335	151	135	45	4	58	30	45	3	29	15	84	0	0.03124713897705078	15200	7.452615261077881	53	99.65131578947368	
46998896.309491254	45.0	3.02	29.58	15.3	45.16844190383335	152	135	45	4	58	30	45	3	29	15	84	0	0.04687190055847168	15300	7.4994871616363525	53	99.65359477124183	
422989701.9151541	45.0	3.1	31.9	16.5	45.16844190383335	153	135	45	4	58	30	45	3	29	15	84	0	0.031247615814208984	15400	7.5307347774505615	53	99.65584415584415	
140996597.71090698	45.0	3.04	30.16	15.6	45.16844190383335	154	135	45	4	58	30	45	3	29	15	84	0	0.031247377395629883	15500	7.561982154846191	53	99.65806451612903	
45.60878339445457	45.0	3.01	29.29	15.15	45.16844190383335	155	135	45	4	58	30	45	3	29	15	84	0	0.031247854232788086	15600	7.5932300090789795	53	99.66025641025641	
187995448.41161484	45.0	3.05	30.45	15.75	45.16844190383335	156	135	45	4	58	30	45	3	29	15	84	0	0.031250953674316406	15700	7.624480962753296	53	99.6624203821656	
45.60878339445457	45.0	3.01	29.29	15.15	45.16844190383335	157	135	45	4	58	30	45	3	29	15	84	0	0.03124523162841797	15800	7.655726194381714	53	99.66455696202532	
93997747.01019911	45.0	3.03	29.87	15.45	45.16844190383335	158	135	45	4	58	30	45	3	29	15	84	0	0.031248807907104492	15900	7.686975002288818	53	99.66666666666667	
45.60878339445457	45.0	3.01	29.29	15.15	45.16844190383335	159	135	45	4	58	30	45	3	29	15	84	0	0.031246662139892578	16000	7.718221664428711	53	99.66875	
281993149.81303054	45.0	3.07	31.03	16.05	45.16844190383335	160	135	45	4	58	30	45	3	29	15	84	0	0.04687142372131348	16100	7.765093088150024	53	99.67080745341615	
93997747.01019911	45.0	3.03	29.87	15.45	45.16844190383335	161	135	45	4	58	30	45	3	29	15	84	0	0.031249523162841797	16200	7.796342611312866	53	99.67283950617283	
187995448.41161484	45.0	3.05	30.45	15.75	45.16844190383335	162	135	45	4	58	30	45	3	29	15	84	0	0.04687166213989258	16300	7.843214273452759	53	99.67484662576688	
93997747.01019911	45.0	3.03	29.87	15.45	45.16844190383335	163	135	45	4	58	30	45	3	29	15	84	0	0.031248807907104492	16400	7.874463081359863	53	99.67682926829268	
281993149.81303054	45.0	3.07	31.03	16.05	45.16844190383335	164	135	45	4	58	30	45	3	29	15	84	0	0.031246185302734375	16500	7.905709266662598	53	99.67878787878787	
140996597.71090698	45.0	3.04	30.16	15.6	45.16844190383335	165	135	45	4	58	30	45	3	29	15	84	0	0.03124833106994629	16600	7.936957597732544	53	99.68072289156626	
187995448.41161484	45.0	3.05	30.45	15.75	45.16844190383335	166	135	45	4	58	30	45	3	29	15	84	0	0.015624046325683594	16700	7.9525816440582275	53	99.68263473053892	
45.60878339445457	45.0	3.01	29.29	15.15	45.16844190383335	167	135	45	4	58	30	45	3	29	15	84	0	0.01562356948852539	16800	7.968205213546753	53	99.68452380952381	
46998896.309491254	45.0	3.02	29.58	15.3	45.16844190383335	168	135	45	4	58	30	45	3	29	15	84	0	0.03124856948852539	16900	7.999453783035278	53	99.68639053254438	
187995448.41161484	45.0	3.05	30.45	15.75	45.16844190383335	169	135	45	4	58	30	45	3	29	15	84	0	0.031247615814208984	17000	8.030701398849487	53	99.68823529411765	
45.60878339445457	45.0	3.01	29.29	15.15	45.16844190383335	170	135	45	4	58	30	45	3	29	15	84	0	0.031247854232788086	17100	8.061949253082275	53	99.69005847953217	
45.60878339445457	45.0	3.01	29.29	15.15	45.16844190383335	171	135	45	4	58	30	45	3	29	15	84	0	0.04687142372131348	17200	8.108820676803589	53	99.69186046511628	
46998896.309491254	45.0	3.02	29.58	15.3	45.16844190383335	172	135	45	4	58	30	45	3	29	15	84	0	0.03124833106994629	17300	8.140069007873535	53	99.69364161849711	
45.60878339445457	45.0	3.01	29.29	15.15	45.16844190383335	173	135	45	4	58	30	45	3	29	15	84	0	0.031246662139892578	17400	8.171315670013428	53	99.69540229885058	
45.60878339445457	45.0	3.01	29.29	15.15	45.16844190383335	174	135	45	4	58	30	45	3	29	15	84	0	0.031247854232788086	17500	8.202563524246216	53	99.69714285714285	
234994299.1123227	45.0	3.06	30.74	15.9	45.16844190383335	175	135	45	4	58	30	45	3	29	15	84	0	0.03125143051147461	17600	8.23381495475769	53	99.69886363636364	
45.60878339445457	45.0	3.01	29.29	15.15	45.16844190383335	176	135	45	4	58	30	45	3	29	15	84	0	0.03124523162841797	17700	8.265060186386108	53	99.70056497175142	
93997747.01019911	45.0	3.03	29.87	15.45	45.16844190383335	177	135	45	4	58	30	45	3	29	15	84	0	0.031248092651367188	17800	8.296308279037476	53	99.70224719101124	
45.60878339445457	45.0	3.01	29.29	15.15	45.16844190383335	178	135	45	4	58	30	45	3	29	15	84	0	0.03124713897705078	17900	8.327555418014526	53	99.70391061452514	
187995448.41161484	45.0	3.05	30.45	15.75	45.16844190383335	179	135	45	4	58	30	45	3	29	15	84	0	0.03124856948852539	18000	8.358803987503052	53	99.70555555555555	
46998896.309491254	45.0	3.02	29.58	15.3	45.16844190383335	180	135	45	4	58	30	45	3	29	15	84	0	0.031247377395629883	18100	8.390051364898682	53	99.70718232044199	
93997747.01019911	45.0	3.03	29.87	15.45	45.16844190383335	181	135	45	4	58	30	45	3	29	15	84	0	0.046871185302734375	18200	8.436922550201416	53	99.70879120879121	
281993149.81303054	45.0	3.07	31.03	16.05	45.16844190383335	182	135	45	4	58	30	45	3	29	15	84	0	0.031248807907104492	18300	8.46817135810852	53	99.7103825136612	
422989701.9151541	45.0	3.1	31.9	16.5	45.16844190383335	183	135	45	4	58	30	45	3	29	15	84	0	0.031247615814208984	18400	8.49941897392273	53	99.71195652173913	
422989701.9151541	45.0	3.1	31.9	16.5	45.16844190383335	184	135	45	4	58	30	45	3	29	15	84	0	0.03124833106994629	18500	8.530667304992676	53	99.71351351351352	
45.60878339445457	45.0	3.01	29.29	15.15	45.16844190383335	185	135	45	4	58	30	45	3	29	15	84	0	0.031247377395629883	18600	8.561914682388306	53	99.71505376344086	
45.60878339445457	45.0	3.01	29.29	15.15	45.16844190383335	186	135	45	4	58	30	45	3	29	15	84	0	0.031247377395629883	18700	8.593162059783936	53	99.71657754010695	
45.60878339445457	45.0	3.01	29.29	15.15	45.16844190383335	187	135	45	4	58	30	45	3	29	15	84	0	0.031252145767211914	18800	8.624414205551147	53	99.71808510638297	
46998896.309491254	45.0	3.02	29.58	15.3	45.16844190383335	188	135	45	4	58	30	45	3	29	15	84	0	0.015622615814208984	18900	8.640036821365356	53	99.71957671957672	
187995448.41161484	45.0	3.05	30.45	15.75	45.16844190383335	189	135	45	4	58	30	45	3	29	15	84	0	0.031244993209838867	19000	8.671281814575195	53	99.72105263157894	
187995448.41161484	45.0	3.05	30.45	15.75	45.16844190383335	190	135	45	4	58	30	45	3	29	15	84	0	0.04687094688415527	19100	8.71815276145935	53	99.72251308900523	
45.60878339445457	45.0	3.01	29.29	15.15	45.16844190383335	191	135	45	4	58	30	45	3	29	15	84	0	0.015624046325683594	19200	8.733776807785034	53	99.72395833333333	
140996597.71090698	45.0	3.04	30.16	15.6	45.16844190383335	192	135	45	4	58	30	45	3	29	15	84	0	0.04687166213989258	19300	8.780648469924927	53	99.72538860103627	
45.60878339445457	45.0	3.01	29.29	15.15	45.16844190383335	193	135	45	4	58	30	45	3	29	15	84	0	0.031247854232788086	19400	8.811896324157715	53	99.72680412371135	
187995448.41161484	45.0	3.05	30.45	15.75	45.16844190383335	194	135	45	4	58	30	45	3	29	15	84	0	0.031248092651367188	19500	8.843144416809082	53	99.72820512820513	
45.60878339445457	45.0	3.01	29.29	15.15	45.16844190383335	195	135	45	4	58	30	45	3	29	15	84	0	0.031247377395629883	19600	8.874391794204712	53	99.7295918367347	
45.60878339445457	45.0	3.01	29.29	15.15	45.16844190383335	196	135	45	4	58	30	45	3	29	15	84	0	0.031248092651367188	19700	8.905639886856079	53	99.73096446700508	
140996597.71090698	45.0	3.04	30.16	15.6	45.16844190383335	197	135	45	4	58	30	45	3	29	15	84	0	0.03124833106994629	19800	8.936888217926025	53	99.73232323232324	
46998896.309491254	45.0	3.02	29.58	15.3	45.16844190383335	198	135	45	4	58	30	45	3	29	15	84	0	0.031247377395629883	19900	8.968135595321655	53	99.73366834170854	
93997747.01019911	45.0	3.03	29.87	15.45	45.16844190383335	199	135	45	4	58	30	45	3	29	15	84	0	0.031247615814208984	20000	8.999383211135864	53	99.735	
187995448.41161484	45.0	3.05	30.45	15.75	45.16844190383335	200	135	45	4	58	30	45	3	29	15	84	0	0.03124833106994629	20100	9.03063154220581	53	99.7363184079602	
93997747.01019911	45.0	3.03	29.87	15.45	45.16844190383335	201	135	45	4	58	30	45	3	29	15	84	0	0.04687166213989258	20200	9.077503204345703	53	99.73762376237623	
46998896.309491254	45.0	3.02	29.58	15.3	45.16844190383335	202	135	45	4	58	30	45	3	29	15	84	0	0.031247615814208984	20300	9.108750820159912	53	99.73891625615764	
46998896.309491254	45.0	3.02	29.58	15.3	45.16844190383335	203	135	45	4	58	30	45	3	29	15	84	0	0.031247854232788086	20400	9.1399986743927	53	99.74019607843137	
375990851.21444625	45.0	3.09	31.61	16.35	45.16844190383335	204	135	45	4	58	30	45	3	29	15	84	0	0.031248092651367188	20500	9.171246767044067	53	99.74146341463414	
93997747.01019911	45.0	3.03	29.87	15.45	45.16844190383335	205	135	45	4	58	30	45	3	29	15	84	0	0.03124856948852539	20600	9.202495336532593	53	99.74271844660194	
375990851.21444625	45.0	3.09	31.61	16.35	45.16844190383335	206	135	45	4	58	30	45	3	29	15	84	0	0.03124690055847168	20700	9.233742237091064	53	99.74396135265701	
45.60878339445457	45.0	3.01	29.29	15.15	45.16844190383335	207	135	45	4	58	30	45	3	29	15	84	0	0.03124856948852539	20800	9.26499080657959	53	99.7451923076923	
45.60878339445457	45.0	3.01	29.29	15.15	45.16844190383335	208	135	45	4	58	30	45	3	29	15	84	0	0.046871185302734375	20900	9.311861991882324	53	99.7464114832536	
93997747.01019911	45.0	3.03	29.87	15.45	45.16844190383335	209	135	45	4	58	30	45	3	29	15	84	0	0.015623807907104492	21000	9.327485799789429	53	99.74761904761905	
45.60878339445457	45.0	3.01	29.29	15.15	45.16844190383335	210	135	45	4	58	30	45	3	29	15	84	0	0.03124856948852539	21100	9.358734369277954	53	99.74881516587678	
46998896.309491254	45.0	3.02	29.58	15.3	45.16844190383335	211	135	45	4	58	30	45	3	29	15	84	0	0.046871185302734375	21200	9.405605554580688	53	99.75	
140996597.71090698	45.0	3.04	30.16	15.6	45.16844190383335	212	135	45	4	58	30	45	3	29	15	84	0	0.031247854232788086	21300	9.436853408813477	53	99.75117370892019	
46998896.309491254	45.0	3.02	29.58	15.3	45.16844190383335	213	135	45	4	58	30	45	3	29	15	84	0	0.031247377395629883	21400	9.468100786209106	53	99.75233644859813	
46998896.309491254	45.0	3.02	29.58	15.3	45.16844190383335	214	135	45	4	58	30	45	3	29	15	84	0	0.031249046325683594	21500	9.49934983253479	53	99.75348837209302	
46998896.309491254	45.0	3.02	29.58	15.3	45.16844190383335	215	135	45	4	58	30	45	3	29	15	84	0	0.031247615814208984	21600	9.530597448348999	53	99.75462962962963	
140996597.71090698	45.0	3.04	30.16	15.6	45.16844190383335	216	135	45	4	58	30	45	3	29	15	84	0	0.031247615814208984	21700	9.561845064163208	53	99.7557603686636	
93997747.01019911	45.0	3.03	29.87	15.45	45.16844190383335	217	135	45	4	58	30	45	3	29	15	84	0	0.031248092651367188	21800	9.593093156814575	53	99.75688073394495	
45.60878339445457	45.0	3.01	29.29	15.15	45.16844190383335	218	135	45	4	58	30	45	3	29	15	84	0	0.031247615814208984	21900	9.624340772628784	53	99.7579908675799	
93997747.01019911	45.0	3.03	29.87	15.45	45.16844190383335	219	135	45	4	58	30	45	3	29	15	84	0	0.0156252384185791	22000	9.639966011047363	53	99.75909090909092	
93997747.01019911	45.0	3.03	29.87	15.45	45.16844190383335	220	135	45	4	58	30	45	3	29	15	84	0	0.04687094688415527	22100	9.686836957931519	53	99.76018099547511	
234994299.1123227	45.0	3.06	30.74	15.9	45.16844190383335	221	135	45	4	58	30	45	3	29	15	84	0	0.031250715255737305	22200	9.718087673187256	53	99.76126126126127	
187995448.41161484	45.0	3.05	30.45	15.75	45.16844190383335	222	135	45	4	58	30	45	3	29	15	84	0	0.031246662139892578	22300	9.749334335327148	53	99.76233183856502	
93997747.01019911	45.0	3.03	29.87	15.45	45.16844190383335	223	135	45	4	58	30	45	3	29	15	84	0	0.031246185302734375	22400	9.780580520629883	53	99.76339285714286	
93997747.01019911	45.0	3.03	29.87	15.45	45.16844190383335	224	135	45	4	58	30	45	3	29	15	84	0	0.031247615814208984	22500	9.811828136444092	53	99.76444444444445	
45.60878339445457	45.0	3.01	29.29	15.15	45.16844190383335	225	135	45	4	58	30	45	3	29	15	84	0	0.03124833106994629	22600	9.843076467514038	53	99.76548672566372	
234994299.1123227	45.0	3.06	30.74	15.9	45.16844190383335	226	135	45	4	58	30	45	3	29	15	84	0	0.031247854232788086	22700	9.874324321746826	53	99.76651982378854	
187995448.41161484	45.0	3.05	30.45	15.75	45.16844190383335	227	135	45	4	58	30	45	3	29	15	84	0	0.031247615814208984	22800	9.905571937561035	53	99.76754385964912	
140996597.71090698	45.0	3.04	30.16	15.6	45.16844190383335	228	135	45	4	58	30	45	3	29	15	84	0	0.031247854232788086	22900	9.936819791793823	53	99.76855895196506	
140996597.71090698	45.0	3.04	30.16	15.6	45.16844190383335	229	135	45	4	58	30	45	3	29	15	84	0	0.04687166213989258	23000	9.983691453933716	53	99.7695652173913	
140996597.71090698	45.0	3.04	30.16	15.6	45.16844190383335	230	135	45	4	58	30	45	3	29	15	84	0	0.031247615814208984	23100	10.014939069747925	53	99.77056277056278	
281993149.81303054	45.0	3.07	31.03	16.05	45.16844190383335	231	135	45	4	58	30	45	3	29	15	84	0	0.04687190055847168	23200	10.061810970306396	53	99.77155172413794	
45.60878339445457	45.0	3.01	29.29	15.15	45.16844190383335	232	135	45	4	58	30	45	3	29	15	84	0	0.031247854232788086	23300	10.093058824539185	53	99.7725321888412	
45.60878339445457	45.0	3.01	29.29	15.15	45.16844190383335	233	135	45	4	58	30	45	3	29	15	84	0	0.031247854232788086	23400	10.124306678771973	53	99.77350427350427	
46998896.309491254	45.0	3.02	29.58	15.3	45.16844190383335	234	135	45	4	58	30	45	3	29	15	84	0	0.015624046325683594	23500	10.139930725097656	53	99.77446808510638	
140996597.71090698	45.0	3.04	30.16	15.6	45.16844190383335	235	135	45	4	58	30	45	3	29	15	84	0	0.046872854232788086	23600	10.186803579330444	53	99.77542372881356	
93997747.01019911	45.0	3.03	29.87	15.45	45.16844190383335	236	135	45	4	58	30	45	3	29	15	84	0	0.031246662139892578	23700	10.218050241470337	53	99.77637130801688	
234994299.1123227	45.0	3.06	30.74	15.9	45.16844190383335	237	135	45	4	58	30	45	3	29	15	84	0	0.031247854232788086	23800	10.249298095703125	53	99.77731092436974	
45.60878339445457	45.0	3.01	29.29	15.15	45.16844190383335	238	135	45	4	58	30	45	3	29	15	84	0	0.015624284744262695	23900	10.264922380447388	53	99.77824267782427	
45.60878339445457	45.0	3.01	29.29	15.15	45.16844190383335	239	135	45	4	58	30	45	3	29	15	84	0	0.031247854232788086	24000	10.296170234680176	53	99.77916666666667	
46998896.309491254	45.0	3.02	29.58	15.3	45.16844190383335	240	135	45	4	58	30	45	3	29	15	84	0	0.015625	24100	10.311795234680176	53	99.78008298755186	
187995448.41161484	45.0	3.05	30.45	15.75	45.16844190383335	241	135	45	4	58	30	45	3	29	15	84	0	0.03124690055847168	24200	10.343042135238647	53	99.78099173553719	
93997747.01019911	45.0	3.03	29.87	15.45	45.16844190383335	242	135	45	4	58	30	45	3	29	15	84	0	0.03124713897705078	24300	10.374289274215698	53	99.78189300411523	
46998896.309491254	45.0	3.02	29.58	15.3	45.16844190383335	243	135	45	4	58	30	45	3	29	15	84	0	0.031247615814208984	24400	10.405536890029907	53	99.7827868852459	
46998896.309491254	45.0	3.02	29.58	15.3	45.16844190383335	244	135	45	4	58	30	45	3	29	15	84	0	0.031248807907104492	24500	10.436785697937012	53	99.78367346938775	
45.60878339445457	45.0	3.01	29.29	15.15	45.16844190383335	245	135	45	4	58	30	45	3	29	15	84	0	0.031247615814208984	24600	10.46803331375122	53	99.78455284552845	
93997747.01019911	45.0	3.03	29.87	15.45	45.16844190383335	246	135	45	4	58	30	45	3	29	15	84	0	0.031248092651367188	24700	10.499281406402588	53	99.78542510121457	
45.60878339445457	45.0	3.01	29.29	15.15	45.16844190383335	247	135	45	4	58	30	45	3	29	15	84	0	0.031247854232788086	24800	10.530529260635376	53	99.78629032258064	
45.60878339445457	45.0	3.01	29.29	15.15	45.16844190383335	248	135	45	4	58	30	45	3	29	15	84	0	0.015623331069946289	24900	10.546152591705322	53	99.78714859437751	
93997747.01019911	45.0	3.03	29.87	15.45	45.16844190383335	249	135	45	4	58	30	45	3	29	15	84	0	0.0156252384185791	25000	10.561777830123901	53	99.788	
45.60878339445457	45.0	3.01	29.29	15.15	45.16844190383335	250	135	45	4	58	30	45	3	29	15	84	0	0.03124713897705078	25100	10.593024969100952	53	99.78884462151395	
93997747.01019911	45.0	3.03	29.87	15.45	45.16844190383335	251	135	45	4	58	30	45	3	29	15	84	0	0.031247854232788086	25200	10.62427282333374	53	99.78968253968254	
187995448.41161484	45.0	3.05	30.45	15.75	45.16844190383335	252	135	45	4	58	30	45	3	29	15	84	0	0.031247615814208984	25300	10.65552043914795	53	99.7905138339921	
375990851.21444625	45.0	3.09	31.61	16.35	45.16844190383335	253	135	45	4	58	30	45	3	29	15	84	0	0.031248092651367188	25400	10.686768531799316	53	99.79133858267717	
45.60878339445457	45.0	3.01	29.29	15.15	45.16844190383335	254	135	45	4	58	30	45	3	29	15	84	0	0.04687142372131348	25500	10.73363995552063	53	99.7921568627451	
140996597.71090698	45.0	3.04	30.16	15.6	45.16844190383335	255	135	45	4	58	30	45	3	29	15	84	0	0.031247854232788086	25600	10.764887809753418	53	99.79296875	
140996597.71090698	45.0	3.04	30.16	15.6	45.16844190383335	256	135	45	4	58	30	45	3	29	15	84	0	0.03124833106994629	25700	10.796136140823364	53	99.79377431906615	
93997747.01019911	45.0	3.03	29.87	15.45	45.16844190383335	257	135	45	4	58	30	45	3	29	15	84	0	0.031247615814208984	25800	10.827383756637573	53	99.79457364341086	
45.60878339445457	45.0	3.01	29.29	15.15	45.16844190383335	258	135	45	4	58	30	45	3	29	15	84	0	0.031247377395629883	25900	10.858631134033203	53	99.79536679536679	
93997747.01019911	45.0	3.03	29.87	15.45	45.16844190383335	259	135	45	4	58	30	45	3	29	15	84	0	0.031247854232788086	26000	10.889878988265991	53	99.79615384615384	
281993149.81303054	45.0	3.07	31.03	16.05	45.16844190383335	260	135	45	4	58	30	45	3	29	15	84	0	0.031248092651367188	26100	10.921127080917358	53	99.79693486590038	
140996597.71090698	45.0	3.04	30.16	15.6	45.16844190383335	261	135	45	4	58	30	45	3	29	15	84	0	0.031247854232788086	26200	10.952374935150146	53	99.79770992366412	
93997747.01019911	45.0	3.03	29.87	15.45	45.16844190383335	262	135	45	4	58	30	45	3	29	15	84	0	0.04687166213989258	26300	10.999246597290039	53	99.79847908745248	
234994299.1123227	45.0	3.06	30.74	15.9	45.16844190383335	263	135	45	4	58	30	45	3	29	15	84	0	0.031248092651367188	26400	11.030494689941406	53	99.79924242424242	
93997747.01019911	45.0	3.03	29.87	15.45	45.16844190383335	264	135	45	4	58	30	45	3	29	15	84	0	0.031248092651367188	26500	11.061742782592773	53	99.8	
328992000.51373845	45.0	3.08	31.32	16.2	45.16844190383335	265	135	45	4	58	30	45	3	29	15	84	0	0.031247854232788086	26600	11.092990636825562	53	99.80075187969925	
45.60878339445457	45.0	3.01	29.29	15.15	45.16844190383335	266	135	45	4	58	30	45	3	29	15	84	0	0.031247377395629883	26700	11.124238014221191	53	99.80149812734082	
46998896.309491254	45.0	3.02	29.58	15.3	45.16844190383335	267	135	45	4	58	30	45	3	29	15	84	0	0.031248092651367188	26800	11.155486106872559	53	99.80223880597015	
45.60878339445457	45.0	3.01	29.29	15.15	45.16844190383335	268	135	45	4	58	30	45	3	29	15	84	0	0.031247615814208984	26900	11.186733722686768	53	99.80297397769517	
140996597.71090698	45.0	3.04	30.16	15.6	45.16844190383335	269	135	45	4	58	30	45	3	29	15	84	0	0.031248092651367188	27000	11.217981815338135	53	99.8037037037037	
140996597.71090698	45.0	3.04	30.16	15.6	45.16844190383335	270	135	45	4	58	30	45	3	29	15	84	0	0.031248092651367188	27100	11.249229907989502	53	99.80442804428044	
45.60878339445457	45.0	3.01	29.29	15.15	45.16844190383335	271	135	45	4	58	30	45	3	29	15	84	0	0.031247854232788086	27200	11.28047776222229	53	99.80514705882354	
234994299.1123227	45.0	3.06	30.74	15.9	45.16844190383335	272	135	45	4	58	30	45	3	29	15	84	0	0.031247615814208984	27300	11.311725378036499	53	99.8058608058608	
140996597.71090698	45.0	3.04	30.16	15.6	45.16844190383335	273	135	45	4	58	30	45	3	29	15	84	0	0.04687166213989258	27400	11.358597040176392	53	99.80656934306569	
46998896.309491254	45.0	3.02	29.58	15.3	45.16844190383335	274	135	45	4	58	30	45	3	29	15	84	0	0.015624046325683594	27500	11.374221086502075	53	99.80727272727273	
187995448.41161484	45.0	3.05	30.45	15.75	45.16844190383335	275	135	45	4	58	30	45	3	29	15	84	0	0.015624523162841797	27600	11.389845609664917	53	99.80797101449275	
45.60878339445457	45.0	3.01	29.29	15.15	45.16844190383335	276	135	45	4	58	30	45	3	29	15	84	0	0.031247854232788086	27700	11.421093463897705	53	99.8086642599278	
281993149.81303054	45.0	3.07	31.03	16.05	45.16844190383335	277	135	45	4	58	30	45	3	29	15	84	0	0.04687166213989258	27800	11.467965126037598	53	99.80935251798562	
93997747.01019911	45.0	3.03	29.87	15.45	45.16844190383335	278	135	45	4	58	30	45	3	29	15	84	0	0.031247377395629883	27900	11.499212503433228	53	99.81003584229391	
46998896.309491254	45.0	3.02	29.58	15.3	45.16844190383335	279	135	45	4	58	30	45	3	29	15	84	0	0.031247854232788086	28000	11.530460357666016	53	99.81071428571428	
93997747.01019911	45.0	3.03	29.87	15.45	45.16844190383335	280	135	45	4	58	30	45	3	29	15	84	0	0.031248092651367188	28100	11.561708450317383	53	99.81138790035587	
45.60878339445457	45.0	3.01	29.29	15.15	45.16844190383335	281	135	45	4	58	30	45	3	29	15	84	0	0.031247615814208984	28200	11.592956066131592	53	99.81205673758865	
93997747.01019911	45.0	3.03	29.87	15.45	45.16844190383335	282	135	45	4	58	30	45	3	29	15	84	0	0.031247854232788086	28300	11.62420392036438	53	99.81272084805654	
93997747.01019911	45.0	3.03	29.87	15.45	45.16844190383335	283	135	45	4	58	30	45	3	29	15	84	0	0.015623807907104492	28400	11.639827728271484	53	99.81338028169014	
46998896.309491254	45.0	3.02	29.58	15.3	45.16844190383335	284	135	45	4	58	30	45	3	29	15	84	0	0.03124833106994629	28500	11.67107605934143	53	99.8140350877193	
234994299.1123227	45.0	3.06	30.74	15.9	45.16844190383335	285	135	45	4	58	30	45	3	29	15	84	0	0.04687190055847168	28600	11.717947959899902	53	99.81468531468532	
140996597.71090698	45.0	3.04	30.16	15.6	45.16844190383335	286	135	45	4	58	30	45	3	29	15	84	0	0.031247854232788086	28700	11.74919581413269	53	99.81533101045297	
93997747.01019911	45.0	3.03	29.87	15.45	45.16844190383335	287	135	45	4	58	30	45	3	29	15	84	0	0.031247377395629883	28800	11.78044319152832	53	99.81597222222223	
46998896.309491254	45.0	3.02	29.58	15.3	45.16844190383335	288	135	45	4	58	30	45	3	29	15	84	0	0.04687237739562988	28900	11.82731556892395	53	99.8166089965398	
140996597.71090698	45.0	3.04	30.16	15.6	45.16844190383335	289	135	45	4	58	30	45	3	29	15	84	0	0.015623331069946289	29000	11.842938899993896	53	99.81724137931035	
45.60878339445457	45.0	3.01	29.29	15.15	45.16844190383335	290	135	45	4	58	30	45	3	29	15	84	0	0.03124856948852539	29100	11.874187469482422	53	99.81786941580756	
140996597.71090698	45.0	3.04	30.16	15.6	45.16844190383335	291	135	45	4	58	30	45	3	29	15	84	0	0.031247854232788086	29200	11.90543532371521	53	99.81849315068493	
140996597.71090698	45.0	3.04	30.16	15.6	45.16844190383335	292	135	45	4	58	30	45	3	29	15	84	0	0.04687166213989258	29300	11.952306985855103	53	99.81911262798634	
187995448.41161484	45.0	3.05	30.45	15.75	45.16844190383335	293	135	45	4	58	30	45	3	29	15	84	0	0.031247615814208984	29400	11.983554601669312	53	99.81972789115646	
45.60878339445457	45.0	3.01	29.29	15.15	45.16844190383335	294	135	45	4	58	30	45	3	29	15	84	0	0.031247854232788086	29500	12.0148024559021	53	99.82033898305085	
45.60878339445457	45.0	3.01	29.29	15.15	45.16844190383335	295	135	45	4	58	30	45	3	29	15	84	0	0.031247615814208984	29600	12.046050071716309	53	99.82094594594595	
45.60878339445457	45.0	3.01	29.29	15.15	45.16844190383335	296	135	45	4	58	30	45	3	29	15	84	0	0.03124856948852539	29700	12.077298641204834	53	99.82154882154882	
46998896.309491254	45.0	3.02	29.58	15.3	45.16844190383335	297	135	45	4	58	30	45	3	29	15	84	0	0.046871185302734375	29800	12.124169826507568	53	99.82214765100672	
187995448.41161484	45.0	3.05	30.45	15.75	45.16844190383335	298	135	45	4	58	30	45	3	29	15	84	0	0.031249284744262695	29900	12.155419111251831	53	99.82274247491638	
45.60878339445457	45.0	3.01	29.29	15.15	45.16844190383335	299	135	45	4	58	30	45	3	29	15	84	0	0.031246662139892578	30000	12.186665773391724	53	99.82333333333334	
140996597.71090698	45.0	3.04	30.16	15.6	45.16844190383335	300	135	45	4	58	30	45	3	29	15	84	0	0.031247615814208984	30100	12.217913389205933	53	99.82392026578073	
46998896.309491254	45.0	3.02	29.58	15.3	45.16844190383335	301	135	45	4	58	30	45	3	29	15	84	0	0.031247615814208984	30200	12.249161005020142	53	99.82450331125828	
281993149.81303054	45.0	3.07	31.03	16.05	45.16844190383335	302	135	45	4	58	30	45	3	29	15	84	0	0.03124856948852539	30300	12.280409574508667	53	99.82508250825083	
45.60878339445457	45.0	3.01	29.29	15.15	45.16844190383335	303	135	45	4	58	30	45	3	29	15	84	0	0.031247854232788086	30400	12.311657428741455	53	99.82565789473684	
140996597.71090698	45.0	3.04	30.16	15.6	45.16844190383335	304	135	45	4	58	30	45	3	29	15	84	0	0.03124690055847168	30500	12.342904329299927	53	99.82622950819672	
281993149.81303054	45.0	3.07	31.03	16.05	45.16844190383335	305	135	45	4	58	30	45	3	29	15	84	0	0.046872615814208984	30600	12.389776945114136	53	99.82679738562092	
46998896.309491254	45.0	3.02	29.58	15.3	45.16844190383335	306	135	45	4	58	30	45	3	29	15	84	0	0.031247377395629883	30700	12.421024322509766	53	99.82736156351791	
45.60878339445457	45.0	3.01	29.29	15.15	45.16844190383335	307	135	45	4	58	30	45	3	29	15	84	0	0.03124856948852539	30800	12.452272891998291	53	99.82792207792208	
45.60878339445457	45.0	3.01	29.29	15.15	45.16844190383335	308	135	45	4	58	30	45	3	29	15	84	0	0.031247377395629883	30900	12.483520269393921	53	99.8284789644013	
187995448.41161484	45.0	3.05	30.45	15.75	45.16844190383335	309	135	45	4	58	30	45	3	29	15	84	0	0.031247615814208984	31000	12.51476788520813	53	99.82903225806452	
45.60878339445457	45.0	3.01	29.29	15.15	45.16844190383335	310	135	45	4	58	30	45	3	29	15	84	0	0.03124856948852539	31100	12.546016454696655	53	99.82958199356914	
46998896.309491254	45.0	3.02	29.58	15.3	45.16844190383335	311	135	45	4	58	30	45	3	29	15	84	0	0.031247377395629883	31200	12.577263832092285	53	99.8301282051282	
93997747.01019911	45.0	3.03	29.87	15.45	45.16844190383335	312	135	45	4	58	30	45	3	29	15	84	0	0.031247854232788086	31300	12.608511686325073	53	99.83067092651757	
45.60878339445457	45.0	3.01	29.29	15.15	45.16844190383335	313	135	45	4	58	30	45	3	29	15	84	0	0.04687190055847168	31400	12.655383586883545	53	99.8312101910828	
45.60878339445457	45.0	3.01	29.29	15.15	45.16844190383335	314	135	45	4	58	30	45	3	29	15	84	0	0.031248092651367188	31500	12.686631679534912	53	99.83174603174604	
234994299.1123227	45.0	3.06	30.74	15.9	45.16844190383335	315	135	45	4	58	30	45	3	29	15	84	0	0.015624046325683594	31600	12.702255725860596	53	99.83227848101266	
45.60878339445457	45.0	3.01	29.29	15.15	45.16844190383335	316	135	45	4	58	30	45	3	29	15	84	0	0.031247615814208984	31700	12.733503341674805	53	99.83280757097792	
187995448.41161484	45.0	3.05	30.45	15.75	45.16844190383335	317	135	45	4	58	30	45	3	29	15	84	0	0.031247854232788086	31800	12.764751195907593	53	99.83333333333333	
187995448.41161484	45.0	3.05	30.45	15.75	45.16844190383335	318	135	45	4	58	30	45	3	29	15	84	0	0.031247615814208984	31900	12.795998811721802	53	99.83385579937304	
140996597.71090698	45.0	3.04	30.16	15.6	45.16844190383335	319	135	45	4	58	30	45	3	29	15	84	0	0.031247854232788086	32000	12.82724666595459	53	99.834375	
45.60878339445457	45.0	3.01	29.29	15.15	45.16844190383335	320	135	45	4	58	30	45	3	29	15	84	0	0.031247854232788086	32100	12.858494520187378	53	99.83489096573209	
93997747.01019911	45.0	3.03	29.87	15.45	45.16844190383335	321	135	45	4	58	30	45	3	29	15	84	0	0.031248092651367188	32200	12.889742612838745	53	99.83540372670808	
45.60878339445457	45.0	3.01	29.29	15.15	45.16844190383335	322	135	45	4	58	30	45	3	29	15	84	0	0.031247615814208984	32300	12.920990228652954	53	99.83591331269349	
93997747.01019911	45.0	3.03	29.87	15.45	45.16844190383335	323	135	45	4	58	30	45	3	29	15	84	0	0.031247615814208984	32400	12.952237844467163	53	99.83641975308642	
93997747.01019911	45.0	3.03	29.87	15.45	45.16844190383335	324	135	45	4	58	30	45	3	29	15	84	0	0.03124856948852539	32500	12.983486413955688	53	99.83692307692307	
234994299.1123227	45.0	3.06	30.74	15.9	45.16844190383335	325	135	45	4	58	30	45	3	29	15	84	0	0.031247854232788086	32600	13.014734268188477	53	99.83742331288343	
140996597.71090698	45.0	3.04	30.16	15.6	45.16844190383335	326	135	45	4	58	30	45	3	29	15	84	0	0.031247377395629883	32700	13.045981645584106	53	99.83792048929664	
93997747.01019911	45.0	3.03	29.87	15.45	45.16844190383335	327	135	45	4	58	30	45	3	29	15	84	0	0.031247854232788086	32800	13.077229499816895	53	99.83841463414635	
93997747.01019911	45.0	3.03	29.87	15.45	45.16844190383335	328	135	45	4	58	30	45	3	29	15	84	0	0.031247854232788086	32900	13.108477354049683	53	99.83890577507599	
281993149.81303054	45.0	3.07	31.03	16.05	45.16844190383335	329	135	45	4	58	30	45	3	29	15	84	0	0.031247854232788086	33000	13.13972520828247	53	99.83939393939394	
46998896.309491254	45.0	3.02	29.58	15.3	45.16844190383335	330	135	45	4	58	30	45	3	29	15	84	0	0.031248092651367188	33100	13.170973300933838	53	99.83987915407855	
187995448.41161484	45.0	3.05	30.45	15.75	45.16844190383335	331	135	45	4	58	30	45	3	29	15	84	0	0.04687166213989258	33200	13.21784496307373	53	99.84036144578313	
93997747.01019911	45.0	3.03	29.87	15.45	45.16844190383335	332	135	45	4	58	30	45	3	29	15	84	0	0.031247615814208984	33300	13.24909257888794	53	99.84084084084084	
46998896.309491254	45.0	3.02	29.58	15.3	45.16844190383335	333	135	45	4	58	30	45	3	29	15	84	0	0.031248092651367188	33400	13.280340671539307	53	99.84131736526946	
45.60878339445457	45.0	3.01	29.29	15.15	45.16844190383335	334	135	45	4	58	30	45	3	29	15	84	0	0.031249046325683594	33500	13.31158971786499	53	99.84179104477612	
45.60878339445457	45.0	3.01	29.29	15.15	45.16844190383335	335	135	45	4	58	30	45	3	29	15	84	0	0.03124713897705078	33600	13.342836856842041	53	99.8422619047619	
45.60878339445457	45.0	3.01	29.29	15.15	45.16844190383335	336	135	45	4	58	30	45	3	29	15	84	0	0.031247854232788086	33700	13.374084711074829	53	99.8427299703264	
140996597.71090698	45.0	3.04	30.16	15.6	45.16844190383335	337	135	45	4	58	30	45	3	29	15	84	0	0.031247615814208984	33800	13.405332326889038	53	99.84319526627219	
187995448.41161484	45.0	3.05	30.45	15.75	45.16844190383335	338	135	45	4	58	30	45	3	29	15	84	0	0.031247854232788086	33900	13.436580181121826	53	99.84365781710915	
422989701.9151541	45.0	3.1	31.9	16.5	45.16844190383335	339	135	45	4	58	30	45	3	29	15	84	0	0.031248092651367188	34000	13.467828273773193	53	99.84411764705882	
46998896.309491254	45.0	3.02	29.58	15.3	45.16844190383335	340	135	45	4	58	30	45	3	29	15	84	0	0.031247854232788086	34100	13.499076128005981	53	99.84457478005865	
140996597.71090698	45.0	3.04	30.16	15.6	45.16844190383335	341	135	45	4	58	30	45	3	29	15	84	0	0.031247854232788086	34200	13.53032398223877	53	99.84502923976608	
93997747.01019911	45.0	3.03	29.87	15.45	45.16844190383335	342	135	45	4	58	30	45	3	29	15	84	0	0.031247854232788086	34300	13.561571836471558	53	99.84548104956268	
328992000.51373845	45.0	3.08	31.32	16.2	45.16844190383335	343	135	45	4	58	30	45	3	29	15	84	0	0.04687190055847168	34400	13.60844373703003	53	99.84593023255815	
328992000.51373845	45.0	3.08	31.32	16.2	45.16844190383335	344	135	45	4	58	30	45	3	29	15	84	0	0.031247615814208984	34500	13.639691352844238	53	99.8463768115942	
45.60878339445457	45.0	3.01	29.29	15.15	45.16844190383335	345	135	45	4	58	30	45	3	29	15	84	0	0.031247854232788086	34600	13.670939207077026	53	99.84682080924856	
46998896.309491254	45.0	3.02	29.58	15.3	45.16844190383335	346	135	45	4	58	30	45	3	29	15	84	0	0.031247615814208984	34700	13.702186822891235	53	99.84726224783861	
140996597.71090698	45.0	3.04	30.16	15.6	45.16844190383335	347	135	45	4	58	30	45	3	29	15	84	0	0.031247854232788086	34800	13.733434677124023	53	99.84770114942529	
46998896.309491254	45.0	3.02	29.58	15.3	45.16844190383335	348	135	45	4	58	30	45	3	29	15	84	0	0.031247854232788086	34900	13.764682531356812	53	99.84813753581662	
140996597.71090698	45.0	3.04	30.16	15.6	45.16844190383335	349	135	45	4	58	30	45	3	29	15	84	0	0.031248092651367188	35000	13.795930624008179	53	99.84857142857143	
45.60878339445457	45.0	3.01	29.29	15.15	45.16844190383335	350	135	45	4	58	30	45	3	29	15	84	0	0.031247615814208984	35100	13.827178239822388	53	99.84900284900284	
281993149.81303054	45.0	3.07	31.03	16.05	45.16844190383335	351	135	45	4	58	30	45	3	29	15	84	0	0.031248807907104492	35200	13.858427047729492	53	99.84943181818181	
45.60878339445457	45.0	3.01	29.29	15.15	45.16844190383335	352	135	45	4	58	30	45	3	29	15	84	0	0.03124713897705078	35300	13.889674186706543	53	99.84985835694052	
45.60878339445457	45.0	3.01	29.29	15.15	45.16844190383335	353	135	45	4	58	30	45	3	29	15	84	0	0.031247854232788086	35400	13.920922040939331	53	99.85028248587571	
45.60878339445457	45.0	3.01	29.29	15.15	45.16844190383335	354	135	45	4	58	30	45	3	29	15	84	0	0.031248092651367188	35500	13.952170133590698	53	99.85070422535212	
93997747.01019911	45.0	3.03	29.87	15.45	45.16844190383335	355	135	45	4	58	30	45	3	29	15	84	0	0.01562356948852539	35600	13.967793703079224	53	99.85112359550561	
93997747.01019911	45.0	3.03	29.87	15.45	45.16844190383335	356	135	45	4	58	30	45	3	29	15	84	0	0.031247854232788086	35700	13.999041557312012	53	99.8515406162465	
140996597.71090698	45.0	3.04	30.16	15.6	45.16844190383335	357	135	45	4	58	30	45	3	29	15	84	0	0.04687190055847168	35800	14.045913457870483	53	99.85195530726257	
93997747.01019911	45.0	3.03	29.87	15.45	45.16844190383335	358	135	45	4	58	30	45	3	29	15	84	0	0.03124713897705078	35900	14.077160596847534	53	99.85236768802228	
187995448.41161484	45.0	3.05	30.45	15.75	45.16844190383335	359	135	45	4	58	30	45	3	29	15	84	0	0.015624761581420898	36000	14.092785358428955	53	99.85277777777777	
375990851.21444625	45.0	3.09	31.61	16.35	45.16844190383335	360	135	45	4	58	30	45	3	29	15	84	0	0.04687166213989258	36100	14.139657020568848	53	99.85318559556787	
140996597.71090698	45.0	3.04	30.16	15.6	45.16844190383335	361	135	45	4	58	30	45	3	29	15	84	0	0.031247854232788086	36200	14.170904874801636	53	99.853591160221	
93997747.01019911	45.0	3.03	29.87	15.45	45.16844190383335	362	135	45	4	58	30	45	3	29	15	84	0	0.031248092651367188	36300	14.202152967453003	53	99.85399449035813	
45.60878339445457	45.0	3.01	29.29	15.15	45.16844190383335	363	135	45	4	58	30	45	3	29	15	84	0	0.031247854232788086	36400	14.233400821685791	53	99.8543956043956	
45.60878339445457	45.0	3.01	29.29	15.15	45.16844190383335	364	135	45	4	58	30	45	3	29	15	84	0	0.04687142372131348	36500	14.280272245407104	53	99.85479452054794	
140996597.71090698	45.0	3.04	30.16	15.6	45.16844190383335	365	135	45	4	58	30	45	3	29	15	84	0	0.015623807907104492	36600	14.295896053314209	53	99.85519125683061	
140996597.71090698	45.0	3.04	30.16	15.6	45.16844190383335	366	135	45	4	58	30	45	3	29	15	84	0	0.031248092651367188	36700	14.327144145965576	53	99.85558583106267	
93997747.01019911	45.0	3.03	29.87	15.45	45.16844190383335	367	135	45	4	58	30	45	3	29	15	84	0	0.031248092651367188	36800	14.358392238616943	53	99.85597826086956	
140996597.71090698	45.0	3.04	30.16	15.6	45.16844190383335	368	135	45	4	58	30	45	3	29	15	84	0	0.031247854232788086	36900	14.389640092849731	53	99.85636856368563	
45.60878339445457	45.0	3.01	29.29	15.15	45.16844190383335	369	135	45	4	58	30	45	3	29	15	84	0	0.04687190055847168	37000	14.436511993408203	53	99.85675675675675	
46998896.309491254	45.0	3.02	29.58	15.3	45.16844190383335	370	135	45	4	58	30	45	3	29	15	84	0	0.015623331069946289	37100	14.45213532447815	53	99.85714285714286	
45.60878339445457	45.0	3.01	29.29	15.15	45.16844190383335	371	135	45	4	58	30	45	3	29	15	84	0	0.03124856948852539	37200	14.483383893966675	53	99.85752688172043	
93997747.01019911	45.0	3.03	29.87	15.45	45.16844190383335	372	135	45	4	58	30	45	3	29	15	84	0	0.031247854232788086	37300	14.514631748199463	53	99.85790884718499	
45.60878339445457	45.0	3.01	29.29	15.15	45.16844190383335	373	135	45	4	58	30	45	3	29	15	84	0	0.031247377395629883	37400	14.545879125595093	53	99.85828877005348	
281993149.81303054	45.0	3.07	31.03	16.05	45.16844190383335	374	135	45	4	58	30	45	3	29	15	84	0	0.031247854232788086	37500	14.57712697982788	53	99.85866666666666	
93997747.01019911	45.0	3.03	29.87	15.45	45.16844190383335	375	135	45	4	58	30	45	3	29	15	84	0	0.031247854232788086	37600	14.608374834060669	53	99.85904255319149	
281993149.81303054	45.0	3.07	31.03	16.05	45.16844190383335	376	135	45	4	58	30	45	3	29	15	84	0	0.031247615814208984	37700	14.639622449874878	53	99.85941644562334	
93997747.01019911	45.0	3.03	29.87	15.45	45.16844190383335	377	135	45	4	58	30	45	3	29	15	84	0	0.031248807907104492	37800	14.670871257781982	53	99.85978835978835	
45.60878339445457	45.0	3.01	29.29	15.15	45.16844190383335	378	135	45	4	58	30	45	3	29	15	84	0	0.03124690055847168	37900	14.702118158340454	53	99.86015831134564	
93997747.01019911	45.0	3.03	29.87	15.45	45.16844190383335	379	135	45	4	58	30	45	3	29	15	84	0	0.031248092651367188	38000	14.733366250991821	53	99.86052631578947	
422989701.9151541	45.0	3.1	31.9	16.5	45.16844190383335	380	135	45	4	58	30	45	3	29	15	84	0	0.031247615814208984	38100	14.76461386680603	53	99.86089238845145	
281993149.81303054	45.0	3.07	31.03	16.05	45.16844190383335	381	135	45	4	58	30	45	3	29	15	84	0	0.04687190055847168	38200	14.811485767364502	53	99.86125654450262	
45.60878339445457	45.0	3.01	29.29	15.15	45.16844190383335	382	135	45	4	58	30	45	3	29	15	84	0	0.03124833106994629	38300	14.842734098434448	53	99.86161879895562	
46998896.309491254	45.0	3.02	29.58	15.3	45.16844190383335	383	135	45	4	58	30	45	3	29	15	84	0	0.031247615814208984	38400	14.873981714248657	53	99.86197916666667	
45.60878339445457	45.0	3.01	29.29	15.15	45.16844190383335	384	135	45	4	58	30	45	3	29	15	84	0	0.031247615814208984	38500	14.905229330062866	53	99.86233766233767	
45.60878339445457	45.0	3.01	29.29	15.15	45.16844190383335	385	135	45	4	58	30	45	3	29	15	84	0	0.03124833106994629	38600	14.936477661132812	53	99.86269430051813	
46998896.309491254	45.0	3.02	29.58	15.3	45.16844190383335	386	135	45	4	58	30	45	3	29	15	84	0	0.04687142372131348	38700	14.983349084854126	53	99.86304909560724	
46998896.309491254	45.0	3.02	29.58	15.3	45.16844190383335	387	135	45	4	58	30	45	3	29	15	84	0	0.031247854232788086	38800	15.014596939086914	53	99.86340206185567	
140996597.71090698	45.0	3.04	30.16	15.6	45.16844190383335	388	135	45	4	58	30	45	3	29	15	84	0	0.031247854232788086	38900	15.045844793319702	53	99.86375321336762	
281993149.81303054	45.0	3.07	31.03	16.05	45.16844190383335	389	135	45	4	58	30	45	3	29	15	84	0	0.015624046325683594	39000	15.061468839645386	53	99.86410256410257	
93997747.01019911	45.0	3.03	29.87	15.45	45.16844190383335	390	135	45	4	58	30	45	3	29	15	84	0	0.04687213897705078	39100	15.108340978622437	53	99.86445012787723	
45.60878339445457	45.0	3.01	29.29	15.15	45.16844190383335	391	135	45	4	58	30	45	3	29	15	84	0	0.031247615814208984	39200	15.139588594436646	53	99.86479591836735	
140996597.71090698	45.0	3.04	30.16	15.6	45.16844190383335	392	135	45	4	58	30	45	3	29	15	84	0	0.03124833106994629	39300	15.170836925506592	53	99.86513994910942	
45.60878339445457	45.0	3.01	29.29	15.15	45.16844190383335	393	135	45	4	58	30	45	3	29	15	84	0	0.031247615814208984	39400	15.2020845413208	53	99.86548223350253	
45.60878339445457	45.0	3.01	29.29	15.15	45.16844190383335	394	135	45	4	58	30	45	3	29	15	84	0	0.031247615814208984	39500	15.23333215713501	53	99.86582278481012	
46998896.309491254	45.0	3.02	29.58	15.3	45.16844190383335	395	135	45	4	58	30	45	3	29	15	84	0	0.031247854232788086	39600	15.264580011367798	53	99.86616161616162	
375990851.21444625	45.0	3.09	31.61	16.35	45.16844190383335	396	135	45	4	58	30	45	3	29	15	84	0	0.03124856948852539	39700	15.295828580856323	53	99.86649874055415	
45.60878339445457	45.0	3.01	29.29	15.15	45.16844190383335	397	135	45	4	58	30	45	3	29	15	84	0	0.031247377395629883	39800	15.327075958251953	53	99.86683417085428	
45.60878339445457	45.0	3.01	29.29	15.15	45.16844190383335	398	135	45	4	58	30	45	3	29	15	84	0	0.04687166213989258	39900	15.373947620391846	53	99.8671679197995	
45.60878339445457	45.0	3.01	29.29	15.15	45.16844190383335	399	135	45	4	58	30	45	3	29	15	84	0	0.031247615814208984	40000	15.405195236206055	53	99.8675	
46998896.309491254	45.0	3.02	29.58	15.3	45.16844190383335	400	135	45	4	58	30	45	3	29	15	84	0	0.031248092651367188	40100	15.436443328857422	53	99.86783042394015	
46998896.309491254	45.0	3.02	29.58	15.3	45.16844190383335	401	135	45	4	58	30	45	3	29	15	84	0	0.031247377395629883	40200	15.467690706253052	53	99.8681592039801	
93997747.01019911	45.0	3.03	29.87	15.45	45.16844190383335	402	135	45	4	58	30	45	3	29	15	84	0	0.03124833106994629	40300	15.498939037322998	53	99.86848635235732	
234994299.1123227	45.0	3.06	30.74	15.9	45.16844190383335	403	135	45	4	58	30	45	3	29	15	84	0	0.03124856948852539	40400	15.530187606811523	53	99.86881188118812	
469988552.61586213	45.0	3.11	32.19	16.65	45.16844190383335	404	135	45	4	58	30	45	3	29	15	84	0	0.046872854232788086	40500	15.577060461044312	53	99.86913580246913	
93997747.01019911	45.0	3.03	29.87	15.45	45.16844190383335	405	135	45	4	58	30	45	3	29	15	84	0	0.01562356948852539	40600	15.592684030532837	53	99.86945812807882	
234994299.1123227	45.0	3.06	30.74	15.9	45.16844190383335	406	135	45	4	58	30	45	3	29	15	84	0	0.031247377395629883	40700	15.623931407928467	53	99.86977886977887	
281993149.81303054	45.0	3.07	31.03	16.05	45.16844190383335	407	135	45	4	58	30	45	3	29	15	84	0	0.04687237739562988	40800	15.670803785324097	53	99.87009803921569	
45.60878339445457	45.0	3.01	29.29	15.15	45.16844190383335	408	135	45	4	58	30	45	3	29	15	84	0	0.015622615814208984	40900	15.686426401138306	53	99.87041564792176	
140996597.71090698	45.0	3.04	30.16	15.6	45.16844190383335	409	135	45	4	58	30	45	3	29	15	84	0	0.03124833106994629	41000	15.717674732208252	53	99.87073170731708	
46998896.309491254	45.0	3.02	29.58	15.3	45.16844190383335	410	135	45	4	58	30	45	3	29	15	84	0	0.015624523162841797	41100	15.733299255371094	53	99.87104622871047	
140996597.71090698	45.0	3.04	30.16	15.6	45.16844190383335	411	135	45	4	58	30	45	3	29	15	84	0	0.031248092651367188	41200	15.764547348022461	53	99.87135922330097	
46998896.309491254	45.0	3.02	29.58	15.3	45.16844190383335	412	135	45	4	58	30	45	3	29	15	84	0	0.03124690055847168	41300	15.795794248580933	53	99.87167070217917	
187995448.41161484	45.0	3.05	30.45	15.75	45.16844190383335	413	135	45	4	58	30	45	3	29	15	84	0	0.031248092651367188	41400	15.8270423412323	53	99.8719806763285	
45.60878339445457	45.0	3.01	29.29	15.15	45.16844190383335	414	135	45	4	58	30	45	3	29	15	84	0	0.046871185302734375	41500	15.873913526535034	53	99.87228915662651	
45.60878339445457	45.0	3.01	29.29	15.15	45.16844190383335	415	135	45	4	58	30	45	3	29	15	84	0	0.031248092651367188	41600	15.905161619186401	53	99.87259615384616	
45.60878339445457	45.0	3.01	29.29	15.15	45.16844190383335	416	135	45	4	58	30	45	3	29	15	84	0	0.031248092651367188	41700	15.936409711837769	53	99.87290167865707	
187995448.41161484	45.0	3.05	30.45	15.75	45.16844190383335	417	135	45	4	58	30	45	3	29	15	84	0	0.03124690055847168	41800	15.96765661239624	53	99.87320574162679	
281993149.81303054	45.0	3.07	31.03	16.05	45.16844190383335	418	135	45	4	58	30	45	3	29	15	84	0	0.03125286102294922	41900	15.99890947341919	53	99.87350835322195	
140996597.71090698	45.0	3.04	30.16	15.6	45.16844190383335	419	135	45	4	58	30	45	3	29	15	84	0	0.031247854232788086	42000	16.030157327651978	53	99.87380952380953	
234994299.1123227	45.0	3.06	30.74	15.9	45.16844190383335	420	135	45	4	58	30	45	3	29	15	84	0	0.03124713897705078	42100	16.06140446662903	53	99.87410926365796	
93997747.01019911	45.0	3.03	29.87	15.45	45.16844190383335	421	135	45	4	58	30	45	3	29	15	84	0	0.03124713897705078	42200	16.09265160560608	53	99.87440758293839	
93997747.01019911	45.0	3.03	29.87	15.45	45.16844190383335	422	135	45	4	58	30	45	3	29	15	84	0	0.046869754791259766	42300	16.13952136039734	53	99.87470449172577	
516987403.31657	45.0	3.12	32.48	16.8	45.16844190383335	423	135	45	4	58	30	45	3	29	15	84	0	0.0312504768371582	42400	16.170771837234497	53	99.875	
45.60878339445457	45.0	3.01	29.29	15.15	45.16844190383335	424	135	45	4	58	30	45	3	29	15	84	0	0.031246662139892578	42500	16.20201849937439	53	99.87529411764706	
93997747.01019911	45.0	3.03	29.87	15.45	45.16844190383335	425	135	45	4	58	30	45	3	29	15	84	0	0.031245946884155273	42600	16.233264446258545	53	99.8755868544601	
93997747.01019911	45.0	3.03	29.87	15.45	45.16844190383335	426	135	45	4	58	30	45	3	29	15	84	0	0.015623807907104492	42700	16.24888825416565	53	99.87587822014052	
187995448.41161484	45.0	3.05	30.45	15.75	45.16844190383335	427	135	45	4	58	30	45	3	29	15	84	0	0.031247615814208984	42800	16.28013586997986	53	99.87616822429906	
46998896.309491254	45.0	3.02	29.58	15.3	45.16844190383335	428	135	45	4	58	30	45	3	29	15	84	0	0.031247854232788086	42900	16.311383724212646	53	99.87645687645687	
93997747.01019911	45.0	3.03	29.87	15.45	45.16844190383335	429	135	45	4	58	30	45	3	29	15	84	0	0.015623807907104492	43000	16.32700753211975	53	99.87674418604651	
45.60878339445457	45.0	3.01	29.29	15.15	45.16844190383335	430	135	45	4	58	30	45	3	29	15	84	0	0.031247615814208984	43100	16.35825514793396	53	99.87703016241299	
422989701.9151541	45.0	3.1	31.9	16.5	45.16844190383335	431	135	45	4	58	30	45	3	29	15	84	0	0.03124833106994629	43200	16.389503479003906	53	99.87731481481481	
328992000.51373845	45.0	3.08	31.32	16.2	45.16844190383335	432	135	45	4	58	30	45	3	29	15	84	0	0.03124833106994629	43300	16.420751810073853	53	99.87759815242494	
140996597.71090698	45.0	3.04	30.16	15.6	45.16844190383335	433	135	45	4	58	30	45	3	29	15	84	0	0.031248092651367188	43400	16.45199990272522	53	99.8778801843318	
45.60878339445457	45.0	3.01	29.29	15.15	45.16844190383335	434	135	45	4	58	30	45	3	29	15	84	0	0.031249523162841797	43500	16.48324942588806	53	99.87816091954024	
45.60878339445457	45.0	3.01	29.29	15.15	45.16844190383335	435	135	45	4	58	30	45	3	29	15	84	0	0.031246423721313477	43600	16.514495849609375	53	99.87844036697248	
516987403.31657	45.0	3.12	32.48	16.8	45.16844190383335	436	135	45	4	58	30	45	3	29	15	84	0	0.031247854232788086	43700	16.545743703842163	53	99.8787185354691	
140996597.71090698	45.0	3.04	30.16	15.6	45.16844190383335	437	135	45	4	58	30	45	3	29	15	84	0	0.015623331069946289	43800	16.56136703491211	53	99.87899543378995	
45.60878339445457	45.0	3.01	29.29	15.15	45.16844190383335	438	135	45	4	58	30	45	3	29	15	84	0	0.046872854232788086	43900	16.608239889144897	53	99.87927107061503	
93997747.01019911	45.0	3.03	29.87	15.45	45.16844190383335	439	135	45	4	58	30	45	3	29	15	84	0	0.031247854232788086	44000	16.639487743377686	53	99.87954545454545	
93997747.01019911	45.0	3.03	29.87	15.45	45.16844190383335	440	135	45	4	58	30	45	3	29	15	84	0	0.031247854232788086	44100	16.670735597610474	53	99.87981859410431	
45.60878339445457	45.0	3.01	29.29	15.15	45.16844190383335	441	135	45	4	58	30	45	3	29	15	84	0	0.015623807907104492	44200	16.686359405517578	53	99.88009049773756	
46998896.309491254	45.0	3.02	29.58	15.3	45.16844190383335	442	135	45	4	58	30	45	3	29	15	84	0	0.031247615814208984	44300	16.717607021331787	53	99.8803611738149	
45.60878339445457	45.0	3.01	29.29	15.15	45.16844190383335	443	135	45	4	58	30	45	3	29	15	84	0	0.04687190055847168	44400	16.76447892189026	53	99.88063063063063	
93997747.01019911	45.0	3.03	29.87	15.45	45.16844190383335	444	135	45	4	58	30	45	3	29	15	84	0	0.031247854232788086	44500	16.795726776123047	53	99.8808988764045	
281993149.81303054	45.0	3.07	31.03	16.05	45.16844190383335	445	135	45	4	58	30	45	3	29	15	84	0	0.031247377395629883	44600	16.826974153518677	53	99.88116591928251	
45.60878339445457	45.0	3.01	29.29	15.15	45.16844190383335	446	135	45	4	58	30	45	3	29	15	84	0	0.04687166213989258	44700	16.87384581565857	53	99.8814317673378	
45.60878339445457	45.0	3.01	29.29	15.15	45.16844190383335	447	135	45	4	58	30	45	3	29	15	84	0	0.03124833106994629	44800	16.905094146728516	53	99.88169642857143	
46998896.309491254	45.0	3.02	29.58	15.3	45.16844190383335	448	135	45	4	58	30	45	3	29	15	84	0	0.031247615814208984	44900	16.936341762542725	53	99.88195991091314	
187995448.41161484	45.0	3.05	30.45	15.75	45.16844190383335	449	135	45	4	58	30	45	3	29	15	84	0	0.015624523162841797	45000	16.951966285705566	53	99.88222222222223	
93997747.01019911	45.0	3.03	29.87	15.45	45.16844190383335	450	135	45	4	58	30	45	3	29	15	84	0	0.04687094688415527	45100	16.99883723258972	53	99.88248337028824	
187995448.41161484	45.0	3.05	30.45	15.75	45.16844190383335	451	135	45	4	58	30	45	3	29	15	84	0	0.03124856948852539	45200	17.030085802078247	53	99.88274336283186	
375990851.21444625	45.0	3.09	31.61	16.35	45.16844190383335	452	135	45	4	58	30	45	3	29	15	84	0	0.0312502384185791	45300	17.061336040496826	53	99.88300220750551	
187995448.41161484	45.0	3.05	30.45	15.75	45.16844190383335	453	135	45	4	58	30	45	3	29	15	84	0	0.03124523162841797	45400	17.092581272125244	53	99.88325991189427	
187995448.41161484	45.0	3.05	30.45	15.75	45.16844190383335	454	135	45	4	58	30	45	3	29	15	84	0	0.04687190055847168	45500	17.139453172683716	53	99.88351648351649	
45.60878339445457	45.0	3.01	29.29	15.15	45.16844190383335	455	135	45	4	58	30	45	3	29	15	84	0	0.031247615814208984	45600	17.170700788497925	53	99.88377192982456	
234994299.1123227	45.0	3.06	30.74	15.9	45.16844190383335	456	135	45	4	58	30	45	3	29	15	84	0	0.031247854232788086	45700	17.201948642730713	53	99.8840262582057	
45.60878339445457	45.0	3.01	29.29	15.15	45.16844190383335	457	135	45	4	58	30	45	3	29	15	84	0	0.031247854232788086	45800	17.2331964969635	53	99.88427947598254	
46998896.309491254	45.0	3.02	29.58	15.3	45.16844190383335	458	135	45	4	58	30	45	3	29	15	84	0	0.04687166213989258	45900	17.280068159103394	53	99.88453159041394	
93997747.01019911	45.0	3.03	29.87	15.45	45.16844190383335	459	135	45	4	58	30	45	3	29	15	84	0	0.031246423721313477	46000	17.311314582824707	53	99.88478260869566	
281993149.81303054	45.0	3.07	31.03	16.05	45.16844190383335	460	135	45	4	58	30	45	3	29	15	84	0	0.031248807907104492	46100	17.34256339073181	53	99.88503253796095	
45.60878339445457	45.0	3.01	29.29	15.15	45.16844190383335	461	135	45	4	58	30	45	3	29	15	84	0	0.031248092651367188	46200	17.37381148338318	53	99.88528138528139	
46998896.309491254	45.0	3.02	29.58	15.3	45.16844190383335	462	135	45	4	58	30	45	3	29	15	84	0	0.031247854232788086	46300	17.405059337615967	53	99.88552915766739	
45.60878339445457	45.0	3.01	29.29	15.15	45.16844190383335	463	135	45	4	58	30	45	3	29	15	84	0	0.015624046325683594	46400	17.42068338394165	53	99.88577586206897	
281993149.81303054	45.0	3.07	31.03	16.05	45.16844190383335	464	135	45	4	58	30	45	3	29	15	84	0	0.04687309265136719	46500	17.467556476593018	53	99.88602150537635	
45.60878339445457	45.0	3.01	29.29	15.15	45.16844190383335	465	135	45	4	58	30	45	3	29	15	84	0	0.03124690055847168	46600	17.49880337715149	53	99.8862660944206	
375990851.21444625	45.0	3.09	31.61	16.35	45.16844190383335	466	135	45	4	58	30	45	3	29	15	84	0	0.015623331069946289	46700	17.514426708221436	53	99.8865096359743	
46998896.309491254	45.0	3.02	29.58	15.3	45.16844190383335	467	135	45	4	58	30	45	3	29	15	84	0	0.031247854232788086	46800	17.545674562454224	53	99.88675213675214	
140996597.71090698	45.0	3.04	30.16	15.6	45.16844190383335	468	135	45	4	58	30	45	3	29	15	84	0	0.046872854232788086	46900	17.59254741668701	53	99.88699360341151	
46998896.309491254	45.0	3.02	29.58	15.3	45.16844190383335	469	135	45	4	58	30	45	3	29	15	84	0	0.031247854232788086	47000	17.6237952709198	53	99.88723404255319	
140996597.71090698	45.0	3.04	30.16	15.6	45.16844190383335	470	135	45	4	58	30	45	3	29	15	84	0	0.03124856948852539	47100	17.655043840408325	53	99.88747346072186	
234994299.1123227	45.0	3.06	30.74	15.9	45.16844190383335	471	135	45	4	58	30	45	3	29	15	84	0	0.031246662139892578	47200	17.686290502548218	53	99.88771186440678	
45.60878339445457	45.0	3.01	29.29	15.15	45.16844190383335	472	135	45	4	58	30	45	3	29	15	84	0	0.015624046325683594	47300	17.7019145488739	53	99.88794926004228	
140996597.71090698	45.0	3.04	30.16	15.6	45.16844190383335	473	135	45	4	58	30	45	3	29	15	84	0	0.031247615814208984	47400	17.73316216468811	53	99.88818565400844	
46998896.309491254	45.0	3.02	29.58	15.3	45.16844190383335	474	135	45	4	58	30	45	3	29	15	84	0	0.04687237739562988	47500	17.78003454208374	53	99.88842105263159	
45.60878339445457	45.0	3.01	29.29	15.15	45.16844190383335	475	135	45	4	58	30	45	3	29	15	84	0	0.03124690055847168	47600	17.811281442642212	53	99.88865546218487	
140996597.71090698	45.0	3.04	30.16	15.6	45.16844190383335	476	135	45	4	58	30	45	3	29	15	84	0	0.031248092651367188	47700	17.84252953529358	53	99.88888888888889	
140996597.71090698	45.0	3.04	30.16	15.6	45.16844190383335	477	135	45	4	58	30	45	3	29	15	84	0	0.04687190055847168	47800	17.88940143585205	53	99.88912133891213	
140996597.71090698	45.0	3.04	30.16	15.6	45.16844190383335	478	135	45	4	58	30	45	3	29	15	84	0	0.031248807907104492	47900	17.920650243759155	53	99.8893528183716	
45.60878339445457	45.0	3.01	29.29	15.15	45.16844190383335	479	135	45	4	58	30	45	3	29	15	84	0	0.03124833106994629	48000	17.9518985748291	53	99.88958333333333	
93997747.01019911	45.0	3.03	29.87	15.45	45.16844190383335	480	135	45	4	58	30	45	3	29	15	84	0	0.04687142372131348	48100	17.998769998550415	53	99.88981288981289	
93997747.01019911	45.0	3.03	29.87	15.45	45.16844190383335	481	135	45	4	58	30	45	3	29	15	84	0	0.03124856948852539	48200	18.03001856803894	53	99.89004149377594	
45.60878339445457	45.0	3.01	29.29	15.15	45.16844190383335	482	135	45	4	58	30	45	3	29	15	84	0	0.03124690055847168	48300	18.061265468597412	53	99.89026915113871	
45.60878339445457	45.0	3.01	29.29	15.15	45.16844190383335	483	135	45	4	58	30	45	3	29	15	84	0	0.03124833106994629	48400	18.09251379966736	53	99.89049586776859	
45.60878339445457	45.0	3.01	29.29	15.15	45.16844190383335	484	135	45	4	58	30	45	3	29	15	84	0	0.015624523162841797	48500	18.1081383228302	53	99.89072164948453	
93997747.01019911	45.0	3.03	29.87	15.45	45.16844190383335	485	135	45	4	58	30	45	3	29	15	84	0	0.01562356948852539	48600	18.123761892318726	53	99.89094650205762	
45.60878339445457	45.0	3.01	29.29	15.15	45.16844190383335	486	135	45	4	58	30	45	3	29	15	84	0	0.031247377395629883	48700	18.155009269714355	53	99.89117043121149	
140996597.71090698	45.0	3.04	30.16	15.6	45.16844190383335	487	135	45	4	58	30	45	3	29	15	84	0	0.031248092651367188	48800	18.186257362365723	53	99.89139344262296	
234994299.1123227	45.0	3.06	30.74	15.9	45.16844190383335	488	135	45	4	58	30	45	3	29	15	84	0	0.03124713897705078	48900	18.217504501342773	53	99.89161554192229	
93997747.01019911	45.0	3.03	29.87	15.45	45.16844190383335	489	135	45	4	58	30	45	3	29	15	84	0	0.03124833106994629	49000	18.24875283241272	53	99.89183673469388	
140996597.71090698	45.0	3.04	30.16	15.6	45.16844190383335	490	135	45	4	58	30	45	3	29	15	84	0	0.04686999320983887	49100	18.29562282562256	53	99.89205702647658	
45.60878339445457	45.0	3.01	29.29	15.15	45.16844190383335	491	135	45	4	58	30	45	3	29	15	84	0	0.03124833106994629	49200	18.326871156692505	53	99.89227642276423	
281993149.81303054	45.0	3.07	31.03	16.05	45.16844190383335	492	135	45	4	58	30	45	3	29	15	84	0	0.031247615814208984	49300	18.358118772506714	53	99.89249492900609	
45.60878339445457	45.0	3.01	29.29	15.15	45.16844190383335	493	135	45	4	58	30	45	3	29	15	84	0	0.031248092651367188	49400	18.38936686515808	53	99.89271255060729	
46998896.309491254	45.0	3.02	29.58	15.3	45.16844190383335	494	135	45	4	58	30	45	3	29	15	84	0	0.031249284744262695	49500	18.420616149902344	53	99.8929292929293	
46998896.309491254	45.0	3.02	29.58	15.3	45.16844190383335	495	135	45	4	58	30	45	3	29	15	84	0	0.03124690055847168	49600	18.451863050460815	53	99.89314516129032	
45.60878339445457	45.0	3.01	29.29	15.15	45.16844190383335	496	135	45	4	58	30	45	3	29	15	84	0	0.03124833106994629	49700	18.48311138153076	53	99.8933601609658	
187995448.41161484	45.0	3.05	30.45	15.75	45.16844190383335	497	135	45	4	58	30	45	3	29	15	84	0	0.04687094688415527	49800	18.529982328414917	53	99.89357429718875	
140996597.71090698	45.0	3.04	30.16	15.6	45.16844190383335	498	135	45	4	58	30	45	3	29	15	84	0	0.031248092651367188	49900	18.561230421066284	53	99.8937875751503	
328992000.51373845	45.0	3.08	31.32	16.2	45.16844190383335	499	135	45	4	58	30	45	3	29	15	84	0	0.03124856948852539	50000	18.59247899055481	53	99.894	
93997747.01019911	45.0	3.03	29.87	15.45	45.16844190383335	500	135	45	4	58	30	45	3	29	15	84	0	0.0312497615814209	50100	18.62372875213623	53	99.8942115768463	
234994299.1123227	45.0	3.06	30.74	15.9	45.16844190383335	501	135	45	4	58	30	45	3	29	15	84	0	0.01562190055847168	50200	18.639350652694702	53	99.89442231075697	
46998896.309491254	45.0	3.02	29.58	15.3	45.16844190383335	502	135	45	4	58	30	45	3	29	15	84	0	0.03124833106994629	50300	18.67059898376465	53	99.89463220675944	
46998896.309491254	45.0	3.02	29.58	15.3	45.16844190383335	503	135	45	4	58	30	45	3	29	15	84	0	0.046871185302734375	50400	18.717470169067383	53	99.89484126984127	
93997747.01019911	45.0	3.03	29.87	15.45	45.16844190383335	504	135	45	4	58	30	45	3	29	15	84	0	0.04687213897705078	50500	18.764342308044434	53	99.89504950495049	
93997747.01019911	45.0	3.03	29.87	15.45	45.16844190383335	505	135	45	4	58	30	45	3	29	15	84	0	0.031246423721313477	50600	18.795588731765747	53	99.89525691699605	
45.60878339445457	45.0	3.01	29.29	15.15	45.16844190383335	506	135	45	4	58	30	45	3	29	15	84	0	0.031249523162841797	50700	18.82683825492859	53	99.89546351084813	
45.60878339445457	45.0	3.01	29.29	15.15	45.16844190383335	507	135	45	4	58	30	45	3	29	15	84	0	0.031247615814208984	50800	18.858085870742798	53	99.89566929133858	
46998896.309491254	45.0	3.02	29.58	15.3	45.16844190383335	508	135	45	4	58	30	45	3	29	15	84	0	0.03124856948852539	50900	18.889334440231323	53	99.89587426326129	
45.60878339445457	45.0	3.01	29.29	15.15	45.16844190383335	509	135	45	4	58	30	45	3	29	15	84	0	0.031246423721313477	51000	18.920580863952637	53	99.89607843137254	
140996597.71090698	45.0	3.04	30.16	15.6	45.16844190383335	510	135	45	4	58	30	45	3	29	15	84	0	0.03124856948852539	51100	18.951829433441162	53	99.89628180039139	
45.60878339445457	45.0	3.01	29.29	15.15	45.16844190383335	511	135	45	4	58	30	45	3	29	15	84	0	0.031248092651367188	51200	18.98307752609253	53	99.896484375	
140996597.71090698	45.0	3.04	30.16	15.6	45.16844190383335	512	135	45	4	58	30	45	3	29	15	84	0	0.031247377395629883	51300	19.01432490348816	53	99.89668615984405	
140996597.71090698	45.0	3.04	30.16	15.6	45.16844190383335	513	135	45	4	58	30	45	3	29	15	84	0	0.03124713897705078	51400	19.04557204246521	53	99.89688715953308	
46998896.309491254	45.0	3.02	29.58	15.3	45.16844190383335	514	135	45	4	58	30	45	3	29	15	84	0	0.031250715255737305	51500	19.076822757720947	53	99.89708737864078	
187995448.41161484	45.0	3.05	30.45	15.75	45.16844190383335	515	135	45	4	58	30	45	3	29	15	84	0	0.031245946884155273	51600	19.108068704605103	53	99.89728682170542	
45.60878339445457	45.0	3.01	29.29	15.15	45.16844190383335	516	135	45	4	58	30	45	3	29	15	84	0	0.03124690055847168	51700	19.139315605163574	53	99.89748549323018	
187995448.41161484	45.0	3.05	30.45	15.75	45.16844190383335	517	135	45	4	58	30	45	3	29	15	84	0	0.031249046325683594	51800	19.170564651489258	53	99.8976833976834	
93997747.01019911	45.0	3.03	29.87	15.45	45.16844190383335	518	135	45	4	58	30	45	3	29	15	84	0	0.015627384185791016	51900	19.18619203567505	53	99.89788053949904	
234994299.1123227	45.0	3.06	30.74	15.9	45.16844190383335	519	135	45	4	58	30	45	3	29	15	84	0	0.03124403953552246	52000	19.21743607521057	53	99.89807692307693	
140996597.71090698	45.0	3.04	30.16	15.6	45.16844190383335	520	135	45	4	58	30	45	3	29	15	84	0	0.03124690055847168	52100	19.248682975769043	53	99.89827255278311	
45.60878339445457	45.0	3.01	29.29	15.15	45.16844190383335	521	135	45	4	58	30	45	3	29	15	84	0	0.031247377395629883	52200	19.279930353164673	53	99.8984674329502	
45.60878339445457	45.0	3.01	29.29	15.15	45.16844190383335	522	135	45	4	58	30	45	3	29	15	84	0	0.015624523162841797	52300	19.295554876327515	53	99.89866156787762	
46998896.309491254	45.0	3.02	29.58	15.3	45.16844190383335	523	135	45	4	58	30	45	3	29	15	84	0	0.04687142372131348	52400	19.342426300048828	53	99.89885496183206	
93997747.01019911	45.0	3.03	29.87	15.45	45.16844190383335	524	135	45	4	58	30	45	3	29	15	84	0	0.01562356948852539	52500	19.358049869537354	53	99.89904761904762	
281993149.81303054	45.0	3.07	31.03	16.05	45.16844190383335	525	135	45	4	58	30	45	3	29	15	84	0	0.03125119209289551	52600	19.38930106163025	53	99.89923954372624	
422989701.9151541	45.0	3.1	31.9	16.5	45.16844190383335	526	135	45	4	58	30	45	3	29	15	84	0	0.015620946884155273	52700	19.404922008514404	53	99.89943074003796	
45.60878339445457	45.0	3.01	29.29	15.15	45.16844190383335	527	135	45	4	58	30	45	3	29	15	84	0	0.03124856948852539	52800	19.43617057800293	53	99.89962121212122	
234994299.1123227	45.0	3.06	30.74	15.9	45.16844190383335	528	135	45	4	58	30	45	3	29	15	84	0	0.03124713897705078	52900	19.46741771697998	53	99.89981096408317	
93997747.01019911	45.0	3.03	29.87	15.45	45.16844190383335	529	135	45	4	58	30	45	3	29	15	84	0	0.015624284744262695	53000	19.483042001724243	53	99.9	
45.60878339445457	45.0	3.01	29.29	15.15	45.16844190383335	530	135	45	4	58	30	45	3	29	15	84	0	0.04687190055847168	53100	19.529913902282715	53	99.90018832391713	
46998896.309491254	45.0	3.02	29.58	15.3	45.16844190383335	531	135	45	4	58	30	45	3	29	15	84	0	0.03124833106994629	53200	19.56116223335266	53	99.90037593984962	
45.60878339445457	45.0	3.01	29.29	15.15	45.16844190383335	532	135	45	4	58	30	45	3	29	15	84	0	0.03124713897705078	53300	19.592409372329712	53	99.90056285178237	
45.60878339445457	45.0	3.01	29.29	15.15	45.16844190383335	533	135	45	4	58	30	45	3	29	15	84	0	0.031247615814208984	53400	19.62365698814392	53	99.90074906367042	
46998896.309491254	45.0	3.02	29.58	15.3	45.16844190383335	534	135	45	4	58	30	45	3	29	15	84	0	0.031247854232788086	53500	19.65490484237671	53	99.90093457943925	
93997747.01019911	45.0	3.03	29.87	15.45	45.16844190383335	535	135	45	4	58	30	45	3	29	15	84	0	0.031247854232788086	53600	19.686152696609497	53	99.90111940298507	
45.60878339445457	45.0	3.01	29.29	15.15	45.16844190383335	536	135	45	4	58	30	45	3	29	15	84	0	0.031247615814208984	53700	19.717400312423706	53	99.90130353817504	
234994299.1123227	45.0	3.06	30.74	15.9	45.16844190383335	537	135	45	4	58	30	45	3	29	15	84	0	0.046872854232788086	53800	19.764273166656494	53	99.90148698884758	
46998896.309491254	45.0	3.02	29.58	15.3	45.16844190383335	538	135	45	4	58	30	45	3	29	15	84	0	0.031247377395629883	53900	19.795520544052124	53	99.90166975881262	
45.60878339445457	45.0	3.01	29.29	15.15	45.16844190383335	539	135	45	4	58	30	45	3	29	15	84	0	0.031247854232788086	54000	19.826768398284912	53	99.90185185185184	
46998896.309491254	45.0	3.02	29.58	15.3	45.16844190383335	540	135	45	4	58	30	45	3	29	15	84	0	0.031248092651367188	54100	19.85801649093628	53	99.90203327171903	
46998896.309491254	45.0	3.02	29.58	15.3	45.16844190383335	541	135	45	4	58	30	45	3	29	15	84	0	0.03124833106994629	54200	19.889264822006226	53	99.90221402214023	
187995448.41161484	45.0	3.05	30.45	15.75	45.16844190383335	542	135	45	4	58	30	45	3	29	15	84	0	0.031247615814208984	54300	19.920512437820435	53	99.902394106814	
93997747.01019911	45.0	3.03	29.87	15.45	45.16844190383335	543	135	45	4	58	30	45	3	29	15	84	0	0.04687166213989258	54400	19.967384099960327	53	99.90257352941177	
234994299.1123227	45.0	3.06	30.74	15.9	45.16844190383335	544	135	45	4	58	30	45	3	29	15	84	0	0.015623807907104492	54500	19.98300790786743	53	99.90275229357798	
140996597.71090698	45.0	3.04	30.16	15.6	45.16844190383335	545	135	45	4	58	30	45	3	29	15	84	0	0.015624046325683594	54600	19.998631954193115	53	99.90293040293041	
46998896.309491254	45.0	3.02	29.58	15.3	45.16844190383335	546	135	45	4	58	30	45	3	29	15	84	0	0.031248807907104492	54700	20.02988076210022	53	99.90310786106033	
46998896.309491254	45.0	3.02	29.58	15.3	45.16844190383335	547	135	45	4	58	30	45	3	29	15	84	0	0.031247377395629883	54800	20.06112813949585	53	99.90328467153284	
46998896.309491254	45.0	3.02	29.58	15.3	45.16844190383335	548	135	45	4	58	30	45	3	29	15	84	0	0.031247615814208984	54900	20.09237575531006	53	99.90346083788707	
93997747.01019911	45.0	3.03	29.87	15.45	45.16844190383335	549	135	45	4	58	30	45	3	29	15	84	0	0.031249046325683594	55000	20.123624801635742	53	99.90363636363637	
281993149.81303054	45.0	3.07	31.03	16.05	45.16844190383335	550	135	45	4	58	30	45	3	29	15	84	0	0.031246185302734375	55100	20.154870986938477	53	99.9038112522686	
281993149.81303054	45.0	3.07	31.03	16.05	45.16844190383335	551	135	45	4	58	30	45	3	29	15	84	0	0.031248092651367188	55200	20.186119079589844	53	99.90398550724638	
93997747.01019911	45.0	3.03	29.87	15.45	45.16844190383335	552	135	45	4	58	30	45	3	29	15	84	0	0.03124833106994629	55300	20.21736741065979	53	99.90415913200724	
46998896.309491254	45.0	3.02	29.58	15.3	45.16844190383335	553	135	45	4	58	30	45	3	29	15	84	0	0.03124856948852539	55400	20.248615980148315	53	99.9043321299639	
46998896.309491254	45.0	3.02	29.58	15.3	45.16844190383335	554	135	45	4	58	30	45	3	29	15	84	0	0.04686999320983887	55500	20.295485973358154	53	99.9045045045045	
45.60878339445457	45.0	3.01	29.29	15.15	45.16844190383335	555	135	45	4	58	30	45	3	29	15	84	0	0.031247854232788086	55600	20.326733827590942	53	99.90467625899281	
93997747.01019911	45.0	3.03	29.87	15.45	45.16844190383335	556	135	45	4	58	30	45	3	29	15	84	0	0.03124856948852539	55700	20.357982397079468	53	99.9048473967684	
187995448.41161484	45.0	3.05	30.45	15.75	45.16844190383335	557	135	45	4	58	30	45	3	29	15	84	0	0.04687166213989258	55800	20.40485405921936	53	99.90501792114695	
140996597.71090698	45.0	3.04	30.16	15.6	45.16844190383335	558	135	45	4	58	30	45	3	29	15	84	0	0.031248092651367188	55900	20.436102151870728	53	99.90518783542039	
45.60878339445457	45.0	3.01	29.29	15.15	45.16844190383335	559	135	45	4	58	30	45	3	29	15	84	0	0.031247377395629883	56000	20.467349529266357	53	99.90535714285714	
46998896.309491254	45.0	3.02	29.58	15.3	45.16844190383335	560	135	45	4	58	30	45	3	29	15	84	0	0.03124833106994629	56100	20.498597860336304	53	99.90552584670232	
187995448.41161484	45.0	3.05	30.45	15.75	45.16844190383335	561	135	45	4	58	30	45	3	29	15	84	0	0.031248092651367188	56200	20.52984595298767	53	99.90569395017793	
45.60878339445457	45.0	3.01	29.29	15.15	45.16844190383335	562	135	45	4	58	30	45	3	29	15	84	0	0.031247854232788086	56300	20.56109380722046	53	99.90586145648312	
46998896.309491254	45.0	3.02	29.58	15.3	45.16844190383335	563	135	45	4	58	30	45	3	29	15	84	0	0.031248807907104492	56400	20.592342615127563	53	99.90602836879432	
140996597.71090698	45.0	3.04	30.16	15.6	45.16844190383335	564	135	45	4	58	30	45	3	29	15	84	0	0.03124713897705078	56500	20.623589754104614	53	99.9061946902655	
46998896.309491254	45.0	3.02	29.58	15.3	45.16844190383335	565	135	45	4	58	30	45	3	29	15	84	0	0.031246662139892578	56600	20.654836416244507	53	99.90636042402826	
46998896.309491254	45.0	3.02	29.58	15.3	45.16844190383335	566	135	45	4	58	30	45	3	29	15	84	0	0.04687237739562988	56700	20.701708793640137	53	99.90652557319224	
140996597.71090698	45.0	3.04	30.16	15.6	45.16844190383335	567	135	45	4	58	30	45	3	29	15	84	0	0.031248092651367188	56800	20.732956886291504	53	99.90669014084507	
140996597.71090698	45.0	3.04	30.16	15.6	45.16844190383335	568	135	45	4	58	30	45	3	29	15	84	0	0.015624761581420898	56900	20.748581647872925	53	99.90685413005272	
140996597.71090698	45.0	3.04	30.16	15.6	45.16844190383335	569	135	45	4	58	30	45	3	29	15	84	0	0.015623092651367188	57000	20.764204740524292	53	99.90701754385965	
45.60878339445457	45.0	3.01	29.29	15.15	45.16844190383335	570	135	45	4	58	30	45	3	29	15	84	0	0.03124833106994629	57100	20.79545307159424	53	99.90718038528897	
140996597.71090698	45.0	3.04	30.16	15.6	45.16844190383335	571	135	45	4	58	30	45	3	29	15	84	0	0.031247377395629883	57200	20.826700448989868	53	99.90734265734265	
46998896.309491254	45.0	3.02	29.58	15.3	45.16844190383335	572	135	45	4	58	30	45	3	29	15	84	0	0.03124856948852539	57300	20.857949018478394	53	99.90750436300175	
45.60878339445457	45.0	3.01	29.29	15.15	45.16844190383335	573	135	45	4	58	30	45	3	29	15	84	0	0.031247854232788086	57400	20.88919687271118	53	99.90766550522648	
187995448.41161484	45.0	3.05	30.45	15.75	45.16844190383335	574	135	45	4	58	30	45	3	29	15	84	0	0.031248092651367188	57500	20.92044496536255	53	99.90782608695652	
140996597.71090698	45.0	3.04	30.16	15.6	45.16844190383335	575	135	45	4	58	30	45	3	29	15	84	0	0.04687023162841797	57600	20.967315196990967	53	99.90798611111111	
45.60878339445457	45.0	3.01	29.29	15.15	45.16844190383335	576	135	45	4	58	30	45	3	29	15	84	0	0.015626192092895508	57700	20.982941389083862	53	99.90814558058925	
187995448.41161484	45.0	3.05	30.45	15.75	45.16844190383335	577	135	45	4	58	30	45	3	29	15	84	0	0.031249523162841797	57800	21.014190912246704	53	99.9083044982699	
45.60878339445457	45.0	3.01	29.29	15.15	45.16844190383335	578	135	45	4	58	30	45	3	29	15	84	0	0.04686784744262695	57900	21.06105875968933	53	99.90846286701209	
93997747.01019911	45.0	3.03	29.87	15.45	45.16844190383335	579	135	45	4	58	30	45	3	29	15	84	0	0.031247615814208984	58000	21.09230637550354	53	99.90862068965517	
46998896.309491254	45.0	3.02	29.58	15.3	45.16844190383335	580	135	45	4	58	30	45	3	29	15	84	0	0.015623807907104492	58100	21.107930183410645	53	99.90877796901893	
140996597.71090698	45.0	3.04	30.16	15.6	45.16844190383335	581	135	45	4	58	30	45	3	29	15	84	0	0.031249284744262695	58200	21.139179468154907	53	99.90893470790378	
45.60878339445457	45.0	3.01	29.29	15.15	45.16844190383335	582	135	45	4	58	30	45	3	29	15	84	0	0.031246423721313477	58300	21.17042589187622	53	99.9090909090909	
45.60878339445457	45.0	3.01	29.29	15.15	45.16844190383335	583	135	45	4	58	30	45	3	29	15	84	0	0.03124833106994629	58400	21.201674222946167	53	99.90924657534246	
46998896.309491254	45.0	3.02	29.58	15.3	45.16844190383335	584	135	45	4	58	30	45	3	29	15	84	0	0.04687166213989258	58500	21.24854588508606	53	99.9094017094017	
469988552.61586213	45.0	3.11	32.19	16.65	45.16844190383335	585	135	45	4	58	30	45	3	29	15	84	0	0.015623807907104492	58600	21.264169692993164	53	99.90955631399318	
140996597.71090698	45.0	3.04	30.16	15.6	45.16844190383335	586	135	45	4	58	30	45	3	29	15	84	0	0.031247615814208984	58700	21.295417308807373	53	99.90971039182283	
281993149.81303054	45.0	3.07	31.03	16.05	45.16844190383335	587	135	45	4	58	30	45	3	29	15	84	0	0.031248092651367188	58800	21.32666540145874	53	99.90986394557824	
46998896.309491254	45.0	3.02	29.58	15.3	45.16844190383335	588	135	45	4	58	30	45	3	29	15	84	0	0.031248807907104492	58900	21.357914209365845	53	99.91001697792869	
93997747.01019911	45.0	3.03	29.87	15.45	45.16844190383335	589	135	45	4	58	30	45	3	29	15	84	0	0.03124690055847168	59000	21.389161109924316	53	99.91016949152542	
328992000.51373845	45.0	3.08	31.32	16.2	45.16844190383335	590	135	45	4	58	30	45	3	29	15	84	0	0.01562356948852539	59100	21.404784679412842	53	99.91032148900169	
187995448.41161484	45.0	3.05	30.45	15.75	45.16844190383335	591	135	45	4	58	30	45	3	29	15	84	0	0.031248092651367188	59200	21.43603277206421	53	99.91047297297297	
45.60878339445457	45.0	3.01	29.29	15.15	45.16844190383335	592	135	45	4	58	30	45	3	29	15	84	0	0.031248092651367188	59300	21.467280864715576	53	99.9106239460371	
281993149.81303054	45.0	3.07	31.03	16.05	45.16844190383335	593	135	45	4	58	30	45	3	29	15	84	0	0.031247615814208984	59400	21.498528480529785	53	99.91077441077441	
140996597.71090698	45.0	3.04	30.16	15.6	45.16844190383335	594	135	45	4	58	30	45	3	29	15	84	0	0.04687142372131348	59500	21.5453999042511	53	99.9109243697479	
45.60878339445457	45.0	3.01	29.29	15.15	45.16844190383335	595	135	45	4	58	30	45	3	29	15	84	0	0.03124833106994629	59600	21.576648235321045	53	99.91107382550335	
45.60878339445457	45.0	3.01	29.29	15.15	45.16844190383335	596	135	45	4	58	30	45	3	29	15	84	0	0.031247615814208984	59700	21.607895851135254	53	99.91122278056952	
45.60878339445457	45.0	3.01	29.29	15.15	45.16844190383335	597	135	45	4	58	30	45	3	29	15	84	0	0.03124833106994629	59800	21.6391441822052	53	99.9113712374582	
46998896.309491254	45.0	3.02	29.58	15.3	45.16844190383335	598	135	45	4	58	30	45	3	29	15	84	0	0.031247377395629883	59900	21.67039155960083	53	99.91151919866444	
140996597.71090698	45.0	3.04	30.16	15.6	45.16844190383335	599	135	45	4	58	30	45	3	29	15	84	0	0.031248092651367188	60000	21.701639652252197	53	99.91166666666666	
187995448.41161484	45.0	3.05	30.45	15.75	45.16844190383335	600	135	45	4	58	30	45	3	29	15	84	0	0.031248092651367188	60100	21.732887744903564	53	99.91181364392679	
45.60878339445457	45.0	3.01	29.29	15.15	45.16844190383335	601	135	45	4	58	30	45	3	29	15	84	0	0.031248092651367188	60200	21.76413583755493	53	99.91196013289037	
234994299.1123227	45.0	3.06	30.74	15.9	45.16844190383335	602	135	45	4	58	30	45	3	29	15	84	0	0.031248092651367188	60300	21.7953839302063	53	99.91210613598673	
46998896.309491254	45.0	3.02	29.58	15.3	45.16844190383335	603	135	45	4	58	30	45	3	29	15	84	0	0.046871185302734375	60400	21.842255115509033	53	99.91225165562913	
93997747.01019911	45.0	3.03	29.87	15.45	45.16844190383335	604	135	45	4	58	30	45	3	29	15	84	0	0.03124833106994629	60500	21.87350344657898	53	99.91239669421488	
93997747.01019911	45.0	3.03	29.87	15.45	45.16844190383335	605	135	45	4	58	30	45	3	29	15	84	0	0.01562356948852539	60600	21.889127016067505	53	99.91254125412541	
45.60878339445457	45.0	3.01	29.29	15.15	45.16844190383335	606	135	45	4	58	30	45	3	29	15	84	0	0.046871185302734375	60700	21.93599820137024	53	99.91268533772653	
93997747.01019911	45.0	3.03	29.87	15.45	45.16844190383335	607	135	45	4	58	30	45	3	29	15	84	0	0.031248092651367188	60800	21.967246294021606	53	99.91282894736842	
46998896.309491254	45.0	3.02	29.58	15.3	45.16844190383335	608	135	45	4	58	30	45	3	29	15	84	0	0.031247854232788086	60900	21.998494148254395	53	99.91297208538587	
140996597.71090698	45.0	3.04	30.16	15.6	45.16844190383335	609	135	45	4	58	30	45	3	29	15	84	0	0.03125	61000	22.029744148254395	53	99.91311475409836	
140996597.71090698	45.0	3.04	30.16	15.6	45.16844190383335	610	135	45	4	58	30	45	3	29	15	84	0	0.031247615814208984	61100	22.060991764068604	53	99.91325695581014	
46998896.309491254	45.0	3.02	29.58	15.3	45.16844190383335	611	135	45	4	58	30	45	3	29	15	84	0	0.031246423721313477	61200	22.092238187789917	53	99.91339869281046	
93997747.01019911	45.0	3.03	29.87	15.45	45.16844190383335	612	135	45	4	58	30	45	3	29	15	84	0	0.03124833106994629	61300	22.123486518859863	53	99.91353996737357	
46998896.309491254	45.0	3.02	29.58	15.3	45.16844190383335	613	135	45	4	58	30	45	3	29	15	84	0	0.03124713897705078	61400	22.154733657836914	53	99.91368078175896	
140996597.71090698	45.0	3.04	30.16	15.6	45.16844190383335	614	135	45	4	58	30	45	3	29	15	84	0	0.031247854232788086	61500	22.185981512069702	53	99.91382113821138	
140996597.71090698	45.0	3.04	30.16	15.6	45.16844190383335	615	135	45	4	58	30	45	3	29	15	84	0	0.03124833106994629	61600	22.21722984313965	53	99.91396103896103	
187995448.41161484	45.0	3.05	30.45	15.75	45.16844190383335	616	135	45	4	58	30	45	3	29	15	84	0	0.04687237739562988	61700	22.26410222053528	53	99.91410048622366	
140996597.71090698	45.0	3.04	30.16	15.6	45.16844190383335	617	135	45	4	58	30	45	3	29	15	84	0	0.031247377395629883	61800	22.295349597930908	53	99.91423948220064	
45.60878339445457	45.0	3.01	29.29	15.15	45.16844190383335	618	135	45	4	58	30	45	3	29	15	84	0	0.03124833106994629	61900	22.326597929000854	53	99.91437802907916	
281993149.81303054	45.0	3.07	31.03	16.05	45.16844190383335	619	135	45	4	58	30	45	3	29	15	84	0	0.031247377395629883	62000	22.357845306396484	53	99.91451612903226	
45.60878339445457	45.0	3.01	29.29	15.15	45.16844190383335	620	135	45	4	58	30	45	3	29	15	84	0	0.031247377395629883	62100	22.389092683792114	53	99.914653784219	
469988552.61586213	45.0	3.11	32.19	16.65	45.16844190383335	621	135	45	4	58	30	45	3	29	15	84	0	0.031248092651367188	62200	22.42034077644348	53	99.91479099678456	
46998896.309491254	45.0	3.02	29.58	15.3	45.16844190383335	622	135	45	4	58	30	45	3	29	15	84	0	0.031247377395629883	62300	22.45158815383911	53	99.91492776886035	
45.60878339445457	45.0	3.01	29.29	15.15	45.16844190383335	623	135	45	4	58	30	45	3	29	15	84	0	0.04687237739562988	62400	22.49846053123474	53	99.9150641025641	
93997747.01019911	45.0	3.03	29.87	15.45	45.16844190383335	624	135	45	4	58	30	45	3	29	15	84	0	0.031247615814208984	62500	22.52970814704895	53	99.9152	
45.60878339445457	45.0	3.01	29.29	15.15	45.16844190383335	625	135	45	4	58	30	45	3	29	15	84	0	0.031248092651367188	62600	22.560956239700317	53	99.91533546325878	
46998896.309491254	45.0	3.02	29.58	15.3	45.16844190383335	626	135	45	4	58	30	45	3	29	15	84	0	0.031247615814208984	62700	22.592203855514526	53	99.91547049441786	
45.60878339445457	45.0	3.01	29.29	15.15	45.16844190383335	627	135	45	4	58	30	45	3	29	15	84	0	0.031247615814208984	62800	22.623451471328735	53	99.9156050955414	
234994299.1123227	45.0	3.06	30.74	15.9	45.16844190383335	628	135	45	4	58	30	45	3	29	15	84	0	0.04687213897705078	62900	22.670323610305786	53	99.91573926868044	
45.60878339445457	45.0	3.01	29.29	15.15	45.16844190383335	629	135	45	4	58	30	45	3	29	15	84	0	0.03124833106994629	63000	22.701571941375732	53	99.91587301587302	
46998896.309491254	45.0	3.02	29.58	15.3	45.16844190383335	630	135	45	4	58	30	45	3	29	15	84	0	0.03124690055847168	63100	22.732818841934204	53	99.91600633914422	
45.60878339445457	45.0	3.01	29.29	15.15	45.16844190383335	631	135	45	4	58	30	45	3	29	15	84	0	0.015624046325683594	63200	22.748442888259888	53	99.91613924050633	
45.60878339445457	45.0	3.01	29.29	15.15	45.16844190383335	632	135	45	4	58	30	45	3	29	15	84	0	0.031247854232788086	63300	22.779690742492676	53	99.91627172195892	
46998896.309491254	45.0	3.02	29.58	15.3	45.16844190383335	633	135	45	4	58	30	45	3	29	15	84	0	0.031248092651367188	63400	22.810938835144043	53	99.91640378548895	
93997747.01019911	45.0	3.03	29.87	15.45	45.16844190383335	634	135	45	4	58	30	45	3	29	15	84	0	0.015624284744262695	63500	22.826563119888306	53	99.91653543307086	
140996597.71090698	45.0	3.04	30.16	15.6	45.16844190383335	635	135	45	4	58	30	45	3	29	15	84	0	0.04687142372131348	63600	22.87343454360962	53	99.91666666666667	
187995448.41161484	45.0	3.05	30.45	15.75	45.16844190383335	636	135	45	4	58	30	45	3	29	15	84	0	0.031247854232788086	63700	22.904682397842407	53	99.91679748822607	
45.60878339445457	45.0	3.01	29.29	15.15	45.16844190383335	637	135	45	4	58	30	45	3	29	15	84	0	0.031247615814208984	63800	22.935930013656616	53	99.91692789968653	
46998896.309491254	45.0	3.02	29.58	15.3	45.16844190383335	638	135	45	4	58	30	45	3	29	15	84	0	0.04687213897705078	63900	22.982802152633667	53	99.9170579029734	
45.60878339445457	45.0	3.01	29.29	15.15	45.16844190383335	639	135	45	4	58	30	45	3	29	15	84	0	0.031247615814208984	64000	23.014049768447876	53	99.9171875	
46998896.309491254	45.0	3.02	29.58	15.3	45.16844190383335	640	135	45	4	58	30	45	3	29	15	84	0	0.031247854232788086	64100	23.045297622680664	53	99.91731669266771	
93997747.01019911	45.0	3.03	29.87	15.45	45.16844190383335	641	135	45	4	58	30	45	3	29	15	84	0	0.015623807907104492	64200	23.06092143058777	53	99.91744548286604	
46998896.309491254	45.0	3.02	29.58	15.3	45.16844190383335	642	135	45	4	58	30	45	3	29	15	84	0	0.04687237739562988	64300	23.1077938079834	53	99.91757387247279	
45.60878339445457	45.0	3.01	29.29	15.15	45.16844190383335	643	135	45	4	58	30	45	3	29	15	84	0	0.03124713897705078	64400	23.13904094696045	53	99.91770186335404	
46998896.309491254	45.0	3.02	29.58	15.3	45.16844190383335	644	135	45	4	58	30	45	3	29	15	84	0	0.031247854232788086	64500	23.170288801193237	53	99.91782945736433	
93997747.01019911	45.0	3.03	29.87	15.45	45.16844190383335	645	135	45	4	58	30	45	3	29	15	84	0	0.015624284744262695	64600	23.1859130859375	53	99.91795665634675	
328992000.51373845	45.0	3.08	31.32	16.2	45.16844190383335	646	135	45	4	58	30	45	3	29	15	84	0	0.031247854232788086	64700	23.217160940170288	53	99.91808346213293	
46998896.309491254	45.0	3.02	29.58	15.3	45.16844190383335	647	135	45	4	58	30	45	3	29	15	84	0	0.031247615814208984	64800	23.248408555984497	53	99.91820987654322	
187995448.41161484	45.0	3.05	30.45	15.75	45.16844190383335	648	135	45	4	58	30	45	3	29	15	84	0	0.03124833106994629	64900	23.279656887054443	53	99.91833590138675	
45.60878339445457	45.0	3.01	29.29	15.15	45.16844190383335	649	135	45	4	58	30	45	3	29	15	84	0	0.031247854232788086	65000	23.31090474128723	53	99.91846153846154	
140996597.71090698	45.0	3.04	30.16	15.6	45.16844190383335	650	135	45	4	58	30	45	3	29	15	84	0	0.031247615814208984	65100	23.34215235710144	53	99.91858678955454	
187995448.41161484	45.0	3.05	30.45	15.75	45.16844190383335	651	135	45	4	58	30	45	3	29	15	84	0	0.04687213897705078	65200	23.38902449607849	53	99.91871165644172	
140996597.71090698	45.0	3.04	30.16	15.6	45.16844190383335	652	135	45	4	58	30	45	3	29	15	84	0	0.015623807907104492	65300	23.404648303985596	53	99.9188361408882	
45.60878339445457	45.0	3.01	29.29	15.15	45.16844190383335	653	135	45	4	58	30	45	3	29	15	84	0	0.031248092651367188	65400	23.435896396636963	53	99.91896024464832	
45.60878339445457	45.0	3.01	29.29	15.15	45.16844190383335	654	135	45	4	58	30	45	3	29	15	84	0	0.031247377395629883	65500	23.467143774032593	53	99.91908396946565	
45.60878339445457	45.0	3.01	29.29	15.15	45.16844190383335	655	135	45	4	58	30	45	3	29	15	84	0	0.04687166213989258	65600	23.514015436172485	53	99.91920731707317	
46998896.309491254	45.0	3.02	29.58	15.3	45.16844190383335	656	135	45	4	58	30	45	3	29	15	84	0	0.031248092651367188	65700	23.545263528823853	53	99.9193302891933	
140996597.71090698	45.0	3.04	30.16	15.6	45.16844190383335	657	135	45	4	58	30	45	3	29	15	84	0	0.031247615814208984	65800	23.57651114463806	53	99.919452887538	
45.60878339445457	45.0	3.01	29.29	15.15	45.16844190383335	658	135	45	4	58	30	45	3	29	15	84	0	0.04687190055847168	65900	23.623383045196533	53	99.9195751138088	
45.60878339445457	45.0	3.01	29.29	15.15	45.16844190383335	659	135	45	4	58	30	45	3	29	15	84	0	0.015625476837158203	66000	23.63900852203369	53	99.91969696969697	
93997747.01019911	45.0	3.03	29.87	15.45	45.16844190383335	660	135	45	4	58	30	45	3	29	15	84	0	0.031245708465576172	66100	23.670254230499268	53	99.9198184568835	
281993149.81303054	45.0	3.07	31.03	16.05	45.16844190383335	661	135	45	4	58	30	45	3	29	15	84	0	0.031249046325683594	66200	23.70150327682495	53	99.91993957703927	
45.60878339445457	45.0	3.01	29.29	15.15	45.16844190383335	662	135	45	4	58	30	45	3	29	15	84	0	0.031247854232788086	66300	23.73275113105774	53	99.92006033182504	
93997747.01019911	45.0	3.03	29.87	15.45	45.16844190383335	663	135	45	4	58	30	45	3	29	15	84	0	0.031247615814208984	66400	23.76399874687195	53	99.92018072289157	
46998896.309491254	45.0	3.02	29.58	15.3	45.16844190383335	664	135	45	4	58	30	45	3	29	15	84	0	0.031247615814208984	66500	23.795246362686157	53	99.9203007518797	
46998896.309491254	45.0	3.02	29.58	15.3	45.16844190383335	665	135	45	4	58	30	45	3	29	15	84	0	0.03124833106994629	66600	23.826494693756104	53	99.92042042042043	
45.60878339445457	45.0	3.01	29.29	15.15	45.16844190383335	666	135	45	4	58	30	45	3	29	15	84	0	0.04687142372131348	66700	23.873366117477417	53	99.92053973013493	
93997747.01019911	45.0	3.03	29.87	15.45	45.16844190383335	667	135	45	4	58	30	45	3	29	15	84	0	0.03124833106994629	66800	23.904614448547363	53	99.92065868263474	
46998896.309491254	45.0	3.02	29.58	15.3	45.16844190383335	668	135	45	4	58	30	45	3	29	15	84	0	0.031247377395629883	66900	23.935861825942993	53	99.92077727952167	
45.60878339445457	45.0	3.01	29.29	15.15	45.16844190383335	669	135	45	4	58	30	45	3	29	15	84	0	0.015624046325683594	67000	23.951485872268677	53	99.92089552238807	
45.60878339445457	45.0	3.01	29.29	15.15	45.16844190383335	670	135	45	4	58	30	45	3	29	15	84	0	0.04687142372131348	67100	23.99835729598999	53	99.92101341281669	
45.60878339445457	45.0	3.01	29.29	15.15	45.16844190383335	671	135	45	4	58	30	45	3	29	15	84	0	0.015624046325683594	67200	24.013981342315674	53	99.92113095238095	
45.60878339445457	45.0	3.01	29.29	15.15	45.16844190383335	672	135	45	4	58	30	45	3	29	15	84	0	0.04687142372131348	67300	24.060852766036987	53	99.92124814264487	
45.60878339445457	45.0	3.01	29.29	15.15	45.16844190383335	673	135	45	4	58	30	45	3	29	15	84	0	0.03124833106994629	67400	24.092101097106934	53	99.92136498516321	
45.60878339445457	45.0	3.01	29.29	15.15	45.16844190383335	674	135	45	4	58	30	45	3	29	15	84	0	0.031248092651367188	67500	24.1233491897583	53	99.92148148148148	
187995448.41161484	45.0	3.05	30.45	15.75	45.16844190383335	675	135	45	4	58	30	45	3	29	15	84	0	0.031247615814208984	67600	24.15459680557251	53	99.92159763313609	
46998896.309491254	45.0	3.02	29.58	15.3	45.16844190383335	676	135	45	4	58	30	45	3	29	15	84	0	0.031247854232788086	67700	24.185844659805298	53	99.92171344165436	
93997747.01019911	45.0	3.03	29.87	15.45	45.16844190383335	677	135	45	4	58	30	45	3	29	15	84	0	0.031247854232788086	67800	24.217092514038086	53	99.92182890855457	
46998896.309491254	45.0	3.02	29.58	15.3	45.16844190383335	678	135	45	4	58	30	45	3	29	15	84	0	0.031247854232788086	67900	24.248340368270874	53	99.9219440353461	
93997747.01019911	45.0	3.03	29.87	15.45	45.16844190383335	679	135	45	4	58	30	45	3	29	15	84	0	0.04687166213989258	68000	24.295212030410767	53	99.92205882352941	
140996597.71090698	45.0	3.04	30.16	15.6	45.16844190383335	680	135	45	4	58	30	45	3	29	15	84	0	0.03124833106994629	68100	24.326460361480713	53	99.92217327459618	
45.60878339445457	45.0	3.01	29.29	15.15	45.16844190383335	681	135	45	4	58	30	45	3	29	15	84	0	0.031247854232788086	68200	24.3577082157135	53	99.92228739002933	
187995448.41161484	45.0	3.05	30.45	15.75	45.16844190383335	682	135	45	4	58	30	45	3	29	15	84	0	0.04687166213989258	68300	24.404579877853394	53	99.92240117130308	
93997747.01019911	45.0	3.03	29.87	15.45	45.16844190383335	683	135	45	4	58	30	45	3	29	15	84	0	0.031247854232788086	68400	24.43582773208618	53	99.92251461988305	
46998896.309491254	45.0	3.02	29.58	15.3	45.16844190383335	684	135	45	4	58	30	45	3	29	15	84	0	0.031247615814208984	68500	24.46707534790039	53	99.92262773722628	
140996597.71090698	45.0	3.04	30.16	15.6	45.16844190383335	685	135	45	4	58	30	45	3	29	15	84	0	0.031247854232788086	68600	24.49832320213318	53	99.92274052478135	
45.60878339445457	45.0	3.01	29.29	15.15	45.16844190383335	686	135	45	4	58	30	45	3	29	15	84	0	0.03124833106994629	68700	24.529571533203125	53	99.92285298398835	
93997747.01019911	45.0	3.03	29.87	15.45	45.16844190383335	687	135	45	4	58	30	45	3	29	15	84	0	0.04687190055847168	68800	24.576443433761597	53	99.92296511627907	
45.60878339445457	45.0	3.01	29.29	15.15	45.16844190383335	688	135	45	4	58	30	45	3	29	15	84	0	0.031247615814208984	68900	24.607691049575806	53	99.92307692307692	
46998896.309491254	45.0	3.02	29.58	15.3	45.16844190383335	689	135	45	4	58	30	45	3	29	15	84	0	0.031247615814208984	69000	24.638938665390015	53	99.9231884057971	
46998896.309491254	45.0	3.02	29.58	15.3	45.16844190383335	690	135	45	4	58	30	45	3	29	15	84	0	0.031247854232788086	69100	24.670186519622803	53	99.9232995658466	
187995448.41161484	45.0	3.05	30.45	15.75	45.16844190383335	691	135	45	4	58	30	45	3	29	15	84	0	0.031248092651367188	69200	24.70143461227417	53	99.92341040462428	
93997747.01019911	45.0	3.03	29.87	15.45	45.16844190383335	692	135	45	4	58	30	45	3	29	15	84	0	0.031248092651367188	69300	24.732682704925537	53	99.92352092352093	
140996597.71090698	45.0	3.04	30.16	15.6	45.16844190383335	693	135	45	4	58	30	45	3	29	15	84	0	0.03124713897705078	69400	24.763929843902588	53	99.92363112391931	
93997747.01019911	45.0	3.03	29.87	15.45	45.16844190383335	694	135	45	4	58	30	45	3	29	15	84	0	0.03124833106994629	69500	24.795178174972534	53	99.92374100719424	
93997747.01019911	45.0	3.03	29.87	15.45	45.16844190383335	695	135	45	4	58	30	45	3	29	15	84	0	0.031247854232788086	69600	24.826426029205322	53	99.92385057471265	
187995448.41161484	45.0	3.05	30.45	15.75	45.16844190383335	696	135	45	4	58	30	45	3	29	15	84	0	0.03124833106994629	69700	24.85767436027527	53	99.92395982783357	
234994299.1123227	45.0	3.06	30.74	15.9	45.16844190383335	697	135	45	4	58	30	45	3	29	15	84	0	0.04687094688415527	69800	24.904545307159424	53	99.92406876790831	
46998896.309491254	45.0	3.02	29.58	15.3	45.16844190383335	698	135	45	4	58	30	45	3	29	15	84	0	0.031248092651367188	69900	24.93579339981079	53	99.9241773962804	
234994299.1123227	45.0	3.06	30.74	15.9	45.16844190383335	699	135	45	4	58	30	45	3	29	15	84	0	0.031248092651367188	70000	24.967041492462158	53	99.92428571428572	
93997747.01019911	45.0	3.03	29.87	15.45	45.16844190383335	700	135	45	4	58	30	45	3	29	15	84	0	0.031247377395629883	70100	24.998288869857788	53	99.92439372325249	
45.60878339445457	45.0	3.01	29.29	15.15	45.16844190383335	701	135	45	4	58	30	45	3	29	15	84	0	0.031247854232788086	70200	25.029536724090576	53	99.92450142450143	
140996597.71090698	45.0	3.04	30.16	15.6	45.16844190383335	702	135	45	4	58	30	45	3	29	15	84	0	0.04687213897705078	70300	25.076408863067627	53	99.92460881934566	
281993149.81303054	45.0	3.07	31.03	16.05	45.16844190383335	703	135	45	4	58	30	45	3	29	15	84	0	0.031247854232788086	70400	25.107656717300415	53	99.9247159090909	
45.60878339445457	45.0	3.01	29.29	15.15	45.16844190383335	704	135	45	4	58	30	45	3	29	15	84	0	0.03124856948852539	70500	25.13890528678894	53	99.92482269503546	
93997747.01019911	45.0	3.03	29.87	15.45	45.16844190383335	705	135	45	4	58	30	45	3	29	15	84	0	0.031247377395629883	70600	25.17015266418457	53	99.92492917847025	
45.60878339445457	45.0	3.01	29.29	15.15	45.16844190383335	706	135	45	4	58	30	45	3	29	15	84	0	0.04687166213989258	70700	25.217024326324463	53	99.92503536067892	
93997747.01019911	45.0	3.03	29.87	15.45	45.16844190383335	707	135	45	4	58	30	45	3	29	15	84	0	0.031247854232788086	70800	25.24827218055725	53	99.92514124293785	
45.60878339445457	45.0	3.01	29.29	15.15	45.16844190383335	708	135	45	4	58	30	45	3	29	15	84	0	0.031247854232788086	70900	25.27952003479004	53	99.92524682651622	
234994299.1123227	45.0	3.06	30.74	15.9	45.16844190383335	709	135	45	4	58	30	45	3	29	15	84	0	0.031248092651367188	71000	25.310768127441406	53	99.92535211267605	
187995448.41161484	45.0	3.05	30.45	15.75	45.16844190383335	710	135	45	4	58	30	45	3	29	15	84	0	0.04687190055847168	71100	25.357640027999878	53	99.9254571026723	
281993149.81303054	45.0	3.07	31.03	16.05	45.16844190383335	711	135	45	4	58	30	45	3	29	15	84	0	0.031247377395629883	71200	25.388887405395508	53	99.9255617977528	
46998896.309491254	45.0	3.02	29.58	15.3	45.16844190383335	712	135	45	4	58	30	45	3	29	15	84	0	0.031248092651367188	71300	25.420135498046875	53	99.92566619915848	
45.60878339445457	45.0	3.01	29.29	15.15	45.16844190383335	713	135	45	4	58	30	45	3	29	15	84	0	0.031247377395629883	71400	25.451382875442505	53	99.92577030812325	
45.60878339445457	45.0	3.01	29.29	15.15	45.16844190383335	714	135	45	4	58	30	45	3	29	15	84	0	0.04687190055847168	71500	25.498254776000977	53	99.92587412587413	
45.60878339445457	45.0	3.01	29.29	15.15	45.16844190383335	715	135	45	4	58	30	45	3	29	15	84	0	0.015624523162841797	71600	25.51387929916382	53	99.92597765363128	
281993149.81303054	45.0	3.07	31.03	16.05	45.16844190383335	716	135	45	4	58	30	45	3	29	15	84	0	0.031247615814208984	71700	25.545126914978027	53	99.92608089260808	
93997747.01019911	45.0	3.03	29.87	15.45	45.16844190383335	717	135	45	4	58	30	45	3	29	15	84	0	0.031247854232788086	71800	25.576374769210815	53	99.92618384401115	
234994299.1123227	45.0	3.06	30.74	15.9	45.16844190383335	718	135	45	4	58	30	45	3	29	15	84	0	0.04687190055847168	71900	25.623246669769287	53	99.92628650904034	
45.60878339445457	45.0	3.01	29.29	15.15	45.16844190383335	719	135	45	4	58	30	45	3	29	15	84	0	0.031247854232788086	72000	25.654494524002075	53	99.9263888888889	
45.60878339445457	45.0	3.01	29.29	15.15	45.16844190383335	720	135	45	4	58	30	45	3	29	15	84	0	0.015623807907104492	72100	25.67011833190918	53	99.92649098474341	
187995448.41161484	45.0	3.05	30.45	15.75	45.16844190383335	721	135	45	4	58	30	45	3	29	15	84	0	0.031247377395629883	72200	25.70136570930481	53	99.92659279778394	
140996597.71090698	45.0	3.04	30.16	15.6	45.16844190383335	722	135	45	4	58	30	45	3	29	15	84	0	0.03124833106994629	72300	25.732614040374756	53	99.92669432918396	
45.60878339445457	45.0	3.01	29.29	15.15	45.16844190383335	723	135	45	4	58	30	45	3	29	15	84	0	0.04687190055847168	72400	25.779485940933228	53	99.9267955801105	
45.60878339445457	45.0	3.01	29.29	15.15	45.16844190383335	724	135	45	4	58	30	45	3	29	15	84	0	0.031247615814208984	72500	25.810733556747437	53	99.92689655172414	
140996597.71090698	45.0	3.04	30.16	15.6	45.16844190383335	725	135	45	4	58	30	45	3	29	15	84	0	0.031247854232788086	72600	25.841981410980225	53	99.92699724517907	
140996597.71090698	45.0	3.04	30.16	15.6	45.16844190383335	726	135	45	4	58	30	45	3	29	15	84	0	0.031247377395629883	72700	25.873228788375854	53	99.92709766162311	
187995448.41161484	45.0	3.05	30.45	15.75	45.16844190383335	727	135	45	4	58	30	45	3	29	15	84	0	0.03124856948852539	72800	25.90447735786438	53	99.9271978021978	
140996597.71090698	45.0	3.04	30.16	15.6	45.16844190383335	728	135	45	4	58	30	45	3	29	15	84	0	0.031247615814208984	72900	25.93572497367859	53	99.9272976680384	
46998896.309491254	45.0	3.02	29.58	15.3	45.16844190383335	729	135	45	4	58	30	45	3	29	15	84	0	0.04687190055847168	73000	25.98259687423706	53	99.92739726027398	
46998896.309491254	45.0	3.02	29.58	15.3	45.16844190383335	730	135	45	4	58	30	45	3	29	15	84	0	0.031247615814208984	73100	26.01384449005127	53	99.92749658002737	
140996597.71090698	45.0	3.04	30.16	15.6	45.16844190383335	731	135	45	4	58	30	45	3	29	15	84	0	0.015624284744262695	73200	26.029468774795532	53	99.9275956284153	
281993149.81303054	45.0	3.07	31.03	16.05	45.16844190383335	732	135	45	4	58	30	45	3	29	15	84	0	0.015623807907104492	73300	26.045092582702637	53	99.92769440654843	
46998896.309491254	45.0	3.02	29.58	15.3	45.16844190383335	733	135	45	4	58	30	45	3	29	15	84	0	0.031247615814208984	73400	26.076340198516846	53	99.92779291553134	
45.60878339445457	45.0	3.01	29.29	15.15	45.16844190383335	734	135	45	4	58	30	45	3	29	15	84	0	0.04687190055847168	73500	26.123212099075317	53	99.92789115646258	
187995448.41161484	45.0	3.05	30.45	15.75	45.16844190383335	735	135	45	4	58	30	45	3	29	15	84	0	0.031248092651367188	73600	26.154460191726685	53	99.92798913043478	
46998896.309491254	45.0	3.02	29.58	15.3	45.16844190383335	736	135	45	4	58	30	45	3	29	15	84	0	0.031247615814208984	73700	26.185707807540894	53	99.9280868385346	
375990851.21444625	45.0	3.09	31.61	16.35	45.16844190383335	737	135	45	4	58	30	45	3	29	15	84	0	0.031248092651367188	73800	26.21695590019226	53	99.92818428184282	
45.60878339445457	45.0	3.01	29.29	15.15	45.16844190383335	738	135	45	4	58	30	45	3	29	15	84	0	0.03124856948852539	73900	26.248204469680786	53	99.92828146143437	
46998896.309491254	45.0	3.02	29.58	15.3	45.16844190383335	739	135	45	4	58	30	45	3	29	15	84	0	0.03124713897705078	74000	26.279451608657837	53	99.92837837837838	
45.60878339445457	45.0	3.01	29.29	15.15	45.16844190383335	740	135	45	4	58	30	45	3	29	15	84	0	0.031247615814208984	74100	26.310699224472046	53	99.9284750337382	
45.60878339445457	45.0	3.01	29.29	15.15	45.16844190383335	741	135	45	4	58	30	45	3	29	15	84	0	0.04687213897705078	74200	26.357571363449097	53	99.92857142857143	
187995448.41161484	45.0	3.05	30.45	15.75	45.16844190383335	742	135	45	4	58	30	45	3	29	15	84	0	0.015623807907104492	74300	26.3731951713562	53	99.92866756393002	
46998896.309491254	45.0	3.02	29.58	15.3	45.16844190383335	743	135	45	4	58	30	45	3	29	15	84	0	0.031247854232788086	74400	26.40444302558899	53	99.92876344086021	
45.60878339445457	45.0	3.01	29.29	15.15	45.16844190383335	744	135	45	4	58	30	45	3	29	15	84	0	0.031247615814208984	74500	26.4356906414032	53	99.92885906040269	
187995448.41161484	45.0	3.05	30.45	15.75	45.16844190383335	745	135	45	4	58	30	45	3	29	15	84	0	0.04687213897705078	74600	26.48256278038025	53	99.92895442359249	
45.60878339445457	45.0	3.01	29.29	15.15	45.16844190383335	746	135	45	4	58	30	45	3	29	15	84	0	0.015624523162841797	74700	26.49818730354309	53	99.92904953145917	
187995448.41161484	45.0	3.05	30.45	15.75	45.16844190383335	747	135	45	4	58	30	45	3	29	15	84	0	0.03124690055847168	74800	26.529434204101562	53	99.92914438502673	
45.60878339445457	45.0	3.01	29.29	15.15	45.16844190383335	748	135	45	4	58	30	45	3	29	15	84	0	0.031248092651367188	74900	26.56068229675293	53	99.92923898531375	
140996597.71090698	45.0	3.04	30.16	15.6	45.16844190383335	749	135	45	4	58	30	45	3	29	15	84	0	0.03124833106994629	75000	26.591930627822876	53	99.92933333333333	
45.60878339445457	45.0	3.01	29.29	15.15	45.16844190383335	750	135	45	4	58	30	45	3	29	15	84	0	0.03124713897705078	75100	26.623177766799927	53	99.92942743009321	
45.60878339445457	45.0	3.01	29.29	15.15	45.16844190383335	751	135	45	4	58	30	45	3	29	15	84	0	0.03124833106994629	75200	26.654426097869873	53	99.92952127659575	
328992000.51373845	45.0	3.08	31.32	16.2	45.16844190383335	752	135	45	4	58	30	45	3	29	15	84	0	0.031247615814208984	75300	26.685673713684082	53	99.92961487383798	
45.60878339445457	45.0	3.01	29.29	15.15	45.16844190383335	753	135	45	4	58	30	45	3	29	15	84	0	0.04687166213989258	75400	26.732545375823975	53	99.92970822281167	
187995448.41161484	45.0	3.05	30.45	15.75	45.16844190383335	754	135	45	4	58	30	45	3	29	15	84	0	0.031248092651367188	75500	26.763793468475342	53	99.92980132450332	
45.60878339445457	45.0	3.01	29.29	15.15	45.16844190383335	755	135	45	4	58	30	45	3	29	15	84	0	0.031247615814208984	75600	26.79504108428955	53	99.92989417989418	
93997747.01019911	45.0	3.03	29.87	15.45	45.16844190383335	756	135	45	4	58	30	45	3	29	15	84	0	0.03124833106994629	75700	26.826289415359497	53	99.92998678996037	
281993149.81303054	45.0	3.07	31.03	16.05	45.16844190383335	757	135	45	4	58	30	45	3	29	15	84	0	0.031247615814208984	75800	26.857537031173706	53	99.93007915567283	
45.60878339445457	45.0	3.01	29.29	15.15	45.16844190383335	758	135	45	4	58	30	45	3	29	15	84	0	0.031247615814208984	75900	26.888784646987915	53	99.93017127799736	
45.60878339445457	45.0	3.01	29.29	15.15	45.16844190383335	759	135	45	4	58	30	45	3	29	15	84	0	0.031247854232788086	76000	26.920032501220703	53	99.93026315789474	
93997747.01019911	45.0	3.03	29.87	15.45	45.16844190383335	760	135	45	4	58	30	45	3	29	15	84	0	0.031248092651367188	76100	26.95128059387207	53	99.93035479632063	
45.60878339445457	45.0	3.01	29.29	15.15	45.16844190383335	761	135	45	4	58	30	45	3	29	15	84	0	0.03124690055847168	76200	26.982527494430542	53	99.93044619422572	
281993149.81303054	45.0	3.07	31.03	16.05	45.16844190383335	762	135	45	4	58	30	45	3	29	15	84	0	0.046872615814208984	76300	27.02940011024475	53	99.9305373525557	
93997747.01019911	45.0	3.03	29.87	15.45	45.16844190383335	763	135	45	4	58	30	45	3	29	15	84	0	0.031247854232788086	76400	27.06064796447754	53	99.93062827225131	
140996597.71090698	45.0	3.04	30.16	15.6	45.16844190383335	764	135	45	4	58	30	45	3	29	15	84	0	0.031247854232788086	76500	27.091895818710327	53	99.93071895424836	
422989701.9151541	45.0	3.1	31.9	16.5	45.16844190383335	765	135	45	4	58	30	45	3	29	15	84	0	0.031247854232788086	76600	27.123143672943115	53	99.93080939947781	
93997747.01019911	45.0	3.03	29.87	15.45	45.16844190383335	766	135	45	4	58	30	45	3	29	15	84	0	0.031247615814208984	76700	27.154391288757324	53	99.93089960886572	
187995448.41161484	45.0	3.05	30.45	15.75	45.16844190383335	767	135	45	4	58	30	45	3	29	15	84	0	0.03124833106994629	76800	27.18563961982727	53	99.93098958333333	
46998896.309491254	45.0	3.02	29.58	15.3	45.16844190383335	768	135	45	4	58	30	45	3	29	15	84	0	0.031247615814208984	76900	27.21688723564148	53	99.93107932379714	
45.60878339445457	45.0	3.01	29.29	15.15	45.16844190383335	769	135	45	4	58	30	45	3	29	15	84	0	0.031247854232788086	77000	27.248135089874268	53	99.93116883116883	
281993149.81303054	45.0	3.07	31.03	16.05	45.16844190383335	770	135	45	4	58	30	45	3	29	15	84	0	0.03124833106994629	77100	27.279383420944214	53	99.93125810635539	
93997747.01019911	45.0	3.03	29.87	15.45	45.16844190383335	771	135	45	4	58	30	45	3	29	15	84	0	0.04687142372131348	77200	27.326254844665527	53	99.93134715025907	
234994299.1123227	45.0	3.06	30.74	15.9	45.16844190383335	772	135	45	4	58	30	45	3	29	15	84	0	0.015623807907104492	77300	27.341878652572632	53	99.93143596377749	
45.60878339445457	45.0	3.01	29.29	15.15	45.16844190383335	773	135	45	4	58	30	45	3	29	15	84	0	0.031247854232788086	77400	27.37312650680542	53	99.93152454780362	
281993149.81303054	45.0	3.07	31.03	16.05	45.16844190383335	774	135	45	4	58	30	45	3	29	15	84	0	0.04687166213989258	77500	27.419998168945312	53	99.93161290322581	
45.60878339445457	45.0	3.01	29.29	15.15	45.16844190383335	775	135	45	4	58	30	45	3	29	15	84	0	0.015624523162841797	77600	27.435622692108154	53	99.93170103092784	
46998896.309491254	45.0	3.02	29.58	15.3	45.16844190383335	776	135	45	4	58	30	45	3	29	15	84	0	0.04687142372131348	77700	27.482494115829468	53	99.93178893178893	
140996597.71090698	45.0	3.04	30.16	15.6	45.16844190383335	777	135	45	4	58	30	45	3	29	15	84	0	0.031247854232788086	77800	27.513741970062256	53	99.9318766066838	
46998896.309491254	45.0	3.02	29.58	15.3	45.16844190383335	778	135	45	4	58	30	45	3	29	15	84	0	0.015624046325683594	77900	27.52936601638794	53	99.93196405648267	
187995448.41161484	45.0	3.05	30.45	15.75	45.16844190383335	779	135	45	4	58	30	45	3	29	15	84	0	0.031247854232788086	78000	27.560613870620728	53	99.93205128205128	
93997747.01019911	45.0	3.03	29.87	15.45	45.16844190383335	780	135	45	4	58	30	45	3	29	15	84	0	0.031247615814208984	78100	27.591861486434937	53	99.93213828425095	
46998896.309491254	45.0	3.02	29.58	15.3	45.16844190383335	781	135	45	4	58	30	45	3	29	15	84	0	0.04687190055847168	78200	27.638733386993408	53	99.93222506393862	
45.60878339445457	45.0	3.01	29.29	15.15	45.16844190383335	782	135	45	4	58	30	45	3	29	15	84	0	0.015625	78300	27.654358386993408	53	99.93231162196679	
46998896.309491254	45.0	3.02	29.58	15.3	45.16844190383335	783	135	45	4	58	30	45	3	29	15	84	0	0.031247854232788086	78400	27.685606241226196	53	99.93239795918367	
45.60878339445457	45.0	3.01	29.29	15.15	45.16844190383335	784	135	45	4	58	30	45	3	29	15	84	0	0.031246662139892578	78500	27.71685290336609	53	99.93248407643313	
234994299.1123227	45.0	3.06	30.74	15.9	45.16844190383335	785	135	45	4	58	30	45	3	29	15	84	0	0.031247615814208984	78600	27.748100519180298	53	99.93256997455471	
46998896.309491254	45.0	3.02	29.58	15.3	45.16844190383335	786	135	45	4	58	30	45	3	29	15	84	0	0.04687237739562988	78700	27.794972896575928	53	99.93265565438374	
45.60878339445457	45.0	3.01	29.29	15.15	45.16844190383335	787	135	45	4	58	30	45	3	29	15	84	0	0.031247377395629883	78800	27.826220273971558	53	99.93274111675127	
45.60878339445457	45.0	3.01	29.29	15.15	45.16844190383335	788	135	45	4	58	30	45	3	29	15	84	0	0.031248092651367188	78900	27.857468366622925	53	99.93282636248416	
140996597.71090698	45.0	3.04	30.16	15.6	45.16844190383335	789	135	45	4	58	30	45	3	29	15	84	0	0.031248092651367188	79000	27.888716459274292	53	99.93291139240506	
93997747.01019911	45.0	3.03	29.87	15.45	45.16844190383335	790	135	45	4	58	30	45	3	29	15	84	0	0.031247377395629883	79100	27.919963836669922	53	99.9329962073325	
140996597.71090698	45.0	3.04	30.16	15.6	45.16844190383335	791	135	45	4	58	30	45	3	29	15	84	0	0.015624761581420898	79200	27.935588598251343	53	99.9330808080808	
93997747.01019911	45.0	3.03	29.87	15.45	45.16844190383335	792	135	45	4	58	30	45	3	29	15	84	0	0.015623807907104492	79300	27.951212406158447	53	99.93316519546028	
140996597.71090698	45.0	3.04	30.16	15.6	45.16844190383335	793	135	45	4	58	30	45	3	29	15	84	0	0.031247615814208984	79400	27.982460021972656	53	99.93324937027708	
46998896.309491254	45.0	3.02	29.58	15.3	45.16844190383335	794	135	45	4	58	30	45	3	29	15	84	0	0.04687190055847168	79500	28.029331922531128	53	99.93333333333334	
93997747.01019911	45.0	3.03	29.87	15.45	45.16844190383335	795	135	45	4	58	30	45	3	29	15	84	0	0.031247615814208984	79600	28.060579538345337	53	99.93341708542714	
187995448.41161484	45.0	3.05	30.45	15.75	45.16844190383335	796	135	45	4	58	30	45	3	29	15	84	0	0.031247854232788086	79700	28.091827392578125	53	99.93350062735257	
93997747.01019911	45.0	3.03	29.87	15.45	45.16844190383335	797	135	45	4	58	30	45	3	29	15	84	0	0.031247615814208984	79800	28.123075008392334	53	99.93358395989975	
234994299.1123227	45.0	3.06	30.74	15.9	45.16844190383335	798	135	45	4	58	30	45	3	29	15	84	0	0.031248092651367188	79900	28.1543231010437	53	99.93366708385481	
93997747.01019911	45.0	3.03	29.87	15.45	45.16844190383335	799	135	45	4	58	30	45	3	29	15	84	0	0.03124833106994629	80000	28.185571432113647	53	99.93375	
281993149.81303054	45.0	3.07	31.03	16.05	45.16844190383335	800	135	45	4	58	30	45	3	29	15	84	0	0.03124833106994629	80100	28.216819763183594	53	99.9338327091136	
45.60878339445457	45.0	3.01	29.29	15.15	45.16844190383335	801	135	45	4	58	30	45	3	29	15	84	0	0.015623331069946289	80200	28.23244309425354	53	99.93391521197007	
93997747.01019911	45.0	3.03	29.87	15.45	45.16844190383335	802	135	45	4	58	30	45	3	29	15	84	0	0.04687166213989258	80300	28.279314756393433	53	99.93399750933997	
45.60878339445457	45.0	3.01	29.29	15.15	45.16844190383335	803	135	45	4	58	30	45	3	29	15	84	0	0.031247854232788086	80400	28.31056261062622	53	99.93407960199005	
234994299.1123227	45.0	3.06	30.74	15.9	45.16844190383335	804	135	45	4	58	30	45	3	29	15	84	0	0.031248092651367188	80500	28.341810703277588	53	99.93416149068322	
46998896.309491254	45.0	3.02	29.58	15.3	45.16844190383335	805	135	45	4	58	30	45	3	29	15	84	0	0.04687094688415527	80600	28.388681650161743	53	99.93424317617865	
45.60878339445457	45.0	3.01	29.29	15.15	45.16844190383335	806	135	45	4	58	30	45	3	29	15	84	0	0.03124833106994629	80700	28.41992998123169	53	99.93432465923172	
187995448.41161484	45.0	3.05	30.45	15.75	45.16844190383335	807	135	45	4	58	30	45	3	29	15	84	0	0.03124833106994629	80800	28.451178312301636	53	99.93440594059406	
45.60878339445457	45.0	3.01	29.29	15.15	45.16844190383335	808	135	45	4	58	30	45	3	29	15	84	0	0.03124833106994629	80900	28.482426643371582	53	99.9344870210136	
46998896.309491254	45.0	3.02	29.58	15.3	45.16844190383335	809	135	45	4	58	30	45	3	29	15	84	0	0.046871185302734375	81000	28.529297828674316	53	99.93456790123457	
93997747.01019911	45.0	3.03	29.87	15.45	45.16844190383335	810	135	45	4	58	30	45	3	29	15	84	0	0.031247615814208984	81100	28.560545444488525	53	99.93464858199754	
234994299.1123227	45.0	3.06	30.74	15.9	45.16844190383335	811	135	45	4	58	30	45	3	29	15	84	0	0.04687166213989258	81200	28.607417106628418	53	99.9347290640394	
45.60878339445457	45.0	3.01	29.29	15.15	45.16844190383335	812	135	45	4	58	30	45	3	29	15	84	0	0.03124833106994629	81300	28.638665437698364	53	99.93480934809348	
45.60878339445457	45.0	3.01	29.29	15.15	45.16844190383335	813	135	45	4	58	30	45	3	29	15	84	0	0.031247854232788086	81400	28.669913291931152	53	99.93488943488944	
93997747.01019911	45.0	3.03	29.87	15.45	45.16844190383335	814	135	45	4	58	30	45	3	29	15	84	0	0.031247377395629883	81500	28.701160669326782	53	99.93496932515338	
140996597.71090698	45.0	3.04	30.16	15.6	45.16844190383335	815	135	45	4	58	30	45	3	29	15	84	0	0.031248092651367188	81600	28.73240876197815	53	99.93504901960785	
140996597.71090698	45.0	3.04	30.16	15.6	45.16844190383335	816	135	45	4	58	30	45	3	29	15	84	0	0.031248092651367188	81700	28.763656854629517	53	99.93512851897185	
140996597.71090698	45.0	3.04	30.16	15.6	45.16844190383335	817	135	45	4	58	30	45	3	29	15	84	0	0.031248807907104492	81800	28.79490566253662	53	99.93520782396088	
93997747.01019911	45.0	3.03	29.87	15.45	45.16844190383335	818	135	45	4	58	30	45	3	29	15	84	0	0.03124713897705078	81900	28.826152801513672	53	99.93528693528694	
234994299.1123227	45.0	3.06	30.74	15.9	45.16844190383335	819	135	45	4	58	30	45	3	29	15	84	0	0.03124690055847168	82000	28.857399702072144	53	99.93536585365854	
93997747.01019911	45.0	3.03	29.87	15.45	45.16844190383335	820	135	45	4	58	30	45	3	29	15	84	0	0.03124856948852539	82100	28.88864827156067	53	99.93544457978075	
187995448.41161484	45.0	3.05	30.45	15.75	45.16844190383335	821	135	45	4	58	30	45	3	29	15	84	0	0.031247854232788086	82200	28.919896125793457	53	99.93552311435523	
93997747.01019911	45.0	3.03	29.87	15.45	45.16844190383335	822	135	45	4	58	30	45	3	29	15	84	0	0.031247615814208984	82300	28.951143741607666	53	99.9356014580802	
93997747.01019911	45.0	3.03	29.87	15.45	45.16844190383335	823	135	45	4	58	30	45	3	29	15	84	0	0.031247854232788086	82400	28.982391595840454	53	99.93567961165049	
45.60878339445457	45.0	3.01	29.29	15.15	45.16844190383335	824	135	45	4	58	30	45	3	29	15	84	0	0.031247854232788086	82500	29.013639450073242	53	99.93575757575758	
563986254.0172778	45.0	3.13	32.77	16.95	45.16844190383335	825	135	45	4	58	30	45	3	29	15	84	0	0.04687142372131348	82600	29.060510873794556	53	99.9358353510896	
45.60878339445457	45.0	3.01	29.29	15.15	45.16844190383335	826	135	45	4	58	30	45	3	29	15	84	0	0.031248092651367188	82700	29.091758966445923	53	99.93591293833131	
46998896.309491254	45.0	3.02	29.58	15.3	45.16844190383335	827	135	45	4	58	30	45	3	29	15	84	0	0.031248092651367188	82800	29.12300705909729	53	99.93599033816425	
46998896.309491254	45.0	3.02	29.58	15.3	45.16844190383335	828	135	45	4	58	30	45	3	29	15	84	0	0.031247854232788086	82900	29.154254913330078	53	99.93606755126659	
93997747.01019911	45.0	3.03	29.87	15.45	45.16844190383335	829	135	45	4	58	30	45	3	29	15	84	0	0.031247615814208984	83000	29.185502529144287	53	99.93614457831325	
187995448.41161484	45.0	3.05	30.45	15.75	45.16844190383335	830	135	45	4	58	30	45	3	29	15	84	0	0.031247854232788086	83100	29.216750383377075	53	99.93622141997594	
45.60878339445457	45.0	3.01	29.29	15.15	45.16844190383335	831	135	45	4	58	30	45	3	29	15	84	0	0.03124833106994629	83200	29.24799871444702	53	99.93629807692308	
46998896.309491254	45.0	3.02	29.58	15.3	45.16844190383335	832	135	45	4	58	30	45	3	29	15	84	0	0.031247615814208984	83300	29.27924633026123	53	99.93637454981993	
140996597.71090698	45.0	3.04	30.16	15.6	45.16844190383335	833	135	45	4	58	30	45	3	29	15	84	0	0.04687190055847168	83400	29.326118230819702	53	99.93645083932854	
46998896.309491254	45.0	3.02	29.58	15.3	45.16844190383335	834	135	45	4	58	30	45	3	29	15	84	0	0.031247854232788086	83500	29.35736608505249	53	99.93652694610779	
45.60878339445457	45.0	3.01	29.29	15.15	45.16844190383335	835	135	45	4	58	30	45	3	29	15	84	0	0.031248092651367188	83600	29.388614177703857	53	99.9366028708134	
46998896.309491254	45.0	3.02	29.58	15.3	45.16844190383335	836	135	45	4	58	30	45	3	29	15	84	0	0.031247377395629883	83700	29.419861555099487	53	99.93667861409797	
45.60878339445457	45.0	3.01	29.29	15.15	45.16844190383335	837	135	45	4	58	30	45	3	29	15	84	0	0.03124833106994629	83800	29.451109886169434	53	99.93675417661098	
93997747.01019911	45.0	3.03	29.87	15.45	45.16844190383335	838	135	45	4	58	30	45	3	29	15	84	0	0.031247377395629883	83900	29.482357263565063	53	99.93682955899881	
45.60878339445457	45.0	3.01	29.29	15.15	45.16844190383335	839	135	45	4	58	30	45	3	29	15	84	0	0.031248092651367188	84000	29.51360535621643	53	99.93690476190476	
45.60878339445457	45.0	3.01	29.29	15.15	45.16844190383335	840	135	45	4	58	30	45	3	29	15	84	0	0.031247615814208984	84100	29.54485297203064	53	99.93697978596909	
187995448.41161484	45.0	3.05	30.45	15.75	45.16844190383335	841	135	45	4	58	30	45	3	29	15	84	0	0.015624284744262695	84200	29.560477256774902	53	99.93705463182899	
46998896.309491254	45.0	3.02	29.58	15.3	45.16844190383335	842	135	45	4	58	30	45	3	29	15	84	0	0.031247615814208984	84300	29.59172487258911	53	99.93712930011863	
46998896.309491254	45.0	3.02	29.58	15.3	45.16844190383335	843	135	45	4	58	30	45	3	29	15	84	0	0.031247615814208984	84400	29.62297248840332	53	99.93720379146919	
46998896.309491254	45.0	3.02	29.58	15.3	45.16844190383335	844	135	45	4	58	30	45	3	29	15	84	0	0.031247615814208984	84500	29.65422010421753	53	99.93727810650887	
45.60878339445457	45.0	3.01	29.29	15.15	45.16844190383335	845	135	45	4	58	30	45	3	29	15	84	0	0.0312497615814209	84600	29.68546986579895	53	99.93735224586288	
93997747.01019911	45.0	3.03	29.87	15.45	45.16844190383335	846	135	45	4	58	30	45	3	29	15	84	0	0.03124713897705078	84700	29.716717004776	53	99.93742621015349	
45.60878339445457	45.0	3.01	29.29	15.15	45.16844190383335	847	135	45	4	58	30	45	3	29	15	84	0	0.031247377395629883	84800	29.74796438217163	53	99.9375	
93997747.01019911	45.0	3.03	29.87	15.45	45.16844190383335	848	135	45	4	58	30	45	3	29	15	84	0	0.015624761581420898	84900	29.76358914375305	53	99.93757361601885	
46998896.309491254	45.0	3.02	29.58	15.3	45.16844190383335	849	135	45	4	58	30	45	3	29	15	84	0	0.03124713897705078	85000	29.794836282730103	53	99.93764705882353	
187995448.41161484	45.0	3.05	30.45	15.75	45.16844190383335	850	135	45	4	58	30	45	3	29	15	84	0	0.031247854232788086	85100	29.82608413696289	53	99.93772032902467	
45.60878339445457	45.0	3.01	29.29	15.15	45.16844190383335	851	135	45	4	58	30	45	3	29	15	84	0	0.03124713897705078	85200	29.85733127593994	53	99.93779342723005	
45.60878339445457	45.0	3.01	29.29	15.15	45.16844190383335	852	135	45	4	58	30	45	3	29	15	84	0	0.015624284744262695	85300	29.872955560684204	53	99.93786635404454	
234994299.1123227	45.0	3.06	30.74	15.9	45.16844190383335	853	135	45	4	58	30	45	3	29	15	84	0	0.031248807907104492	85400	29.90420436859131	53	99.93793911007026	
45.60878339445457	45.0	3.01	29.29	15.15	45.16844190383335	854	135	45	4	58	30	45	3	29	15	84	0	0.03124713897705078	85500	29.93545150756836	53	99.93801169590644	
140996597.71090698	45.0	3.04	30.16	15.6	45.16844190383335	855	135	45	4	58	30	45	3	29	15	84	0	0.031248092651367188	85600	29.966699600219727	53	99.93808411214954	
45.60878339445457	45.0	3.01	29.29	15.15	45.16844190383335	856	135	45	4	58	30	45	3	29	15	84	0	0.031247854232788086	85700	29.997947454452515	53	99.93815635939323	
45.60878339445457	45.0	3.01	29.29	15.15	45.16844190383335	857	135	45	4	58	30	45	3	29	15	84	0	0.031247854232788086	85800	30.029195308685303	53	99.93822843822844	
45.60878339445457	45.0	3.01	29.29	15.15	45.16844190383335	858	135	45	4	58	30	45	3	29	15	84	0	0.031247854232788086	85900	30.06044316291809	53	99.9383003492433	
93997747.01019911	45.0	3.03	29.87	15.45	45.16844190383335	859	135	45	4	58	30	45	3	29	15	84	0	0.04687142372131348	86000	30.107314586639404	53	99.93837209302326	
46998896.309491254	45.0	3.02	29.58	15.3	45.16844190383335	860	135	45	4	58	30	45	3	29	15	84	0	0.031248092651367188	86100	30.13856267929077	53	99.93844367015099	
187995448.41161484	45.0	3.05	30.45	15.75	45.16844190383335	861	135	45	4	58	30	45	3	29	15	84	0	0.03124856948852539	86200	30.169811248779297	53	99.9385150812065	
187995448.41161484	45.0	3.05	30.45	15.75	45.16844190383335	862	135	45	4	58	30	45	3	29	15	84	0	0.031247615814208984	86300	30.201058864593506	53	99.9385863267671	
46998896.309491254	45.0	3.02	29.58	15.3	45.16844190383335	863	135	45	4	58	30	45	3	29	15	84	0	0.031247615814208984	86400	30.232306480407715	53	99.9386574074074	
234994299.1123227	45.0	3.06	30.74	15.9	45.16844190383335	864	135	45	4	58	30	45	3	29	15	84	0	0.046871185302734375	86500	30.27917766571045	53	99.93872832369942	
469988552.61586213	45.0	3.11	32.19	16.65	45.16844190383335	865	135	45	4	58	30	45	3	29	15	84	0	0.031247854232788086	86600	30.310425519943237	53	99.93879907621248	
93997747.01019911	45.0	3.03	29.87	15.45	45.16844190383335	866	135	45	4	58	30	45	3	29	15	84	0	0.031247854232788086	86700	30.341673374176025	53	99.93886966551327	
45.60878339445457	45.0	3.01	29.29	15.15	45.16844190383335	867	135	45	4	58	30	45	3	29	15	84	0	0.03124833106994629	86800	30.37292170524597	53	99.9389400921659	
281993149.81303054	45.0	3.07	31.03	16.05	45.16844190383335	868	135	45	4	58	30	45	3	29	15	84	0	0.031247377395629883	86900	30.4041690826416	53	99.93901035673187	
234994299.1123227	45.0	3.06	30.74	15.9	45.16844190383335	869	135	45	4	58	30	45	3	29	15	84	0	0.03124856948852539	87000	30.435417652130127	53	99.93908045977011	
45.60878339445457	45.0	3.01	29.29	15.15	45.16844190383335	870	135	45	4	58	30	45	3	29	15	84	0	0.03124713897705078	87100	30.466664791107178	53	99.93915040183697	
140996597.71090698	45.0	3.04	30.16	15.6	45.16844190383335	871	135	45	4	58	30	45	3	29	15	84	0	0.04687190055847168	87200	30.51353669166565	53	99.93922018348624	
422989701.9151541	45.0	3.1	31.9	16.5	45.16844190383335	872	135	45	4	58	30	45	3	29	15	84	0	0.031247854232788086	87300	30.544784545898438	53	99.93928980526918	
281993149.81303054	45.0	3.07	31.03	16.05	45.16844190383335	873	135	45	4	58	30	45	3	29	15	84	0	0.031247377395629883	87400	30.576031923294067	53	99.93935926773456	
46998896.309491254	45.0	3.02	29.58	15.3	45.16844190383335	874	135	45	4	58	30	45	3	29	15	84	0	0.015624761581420898	87500	30.59165668487549	53	99.93942857142856	
93997747.01019911	45.0	3.03	29.87	15.45	45.16844190383335	875	135	45	4	58	30	45	3	29	15	84	0	0.03124856948852539	87600	30.622905254364014	53	99.93949771689498	
45.60878339445457	45.0	3.01	29.29	15.15	45.16844190383335	876	135	45	4	58	30	45	3	29	15	84	0	0.03124690055847168	87700	30.654152154922485	53	99.93956670467503	
45.60878339445457	45.0	3.01	29.29	15.15	45.16844190383335	877	135	45	4	58	30	45	3	29	15	84	0	0.031248092651367188	87800	30.685400247573853	53	99.93963553530752	
46998896.309491254	45.0	3.02	29.58	15.3	45.16844190383335	878	135	45	4	58	30	45	3	29	15	84	0	0.03124856948852539	87900	30.716648817062378	53	99.93970420932878	
45.60878339445457	45.0	3.01	29.29	15.15	45.16844190383335	879	135	45	4	58	30	45	3	29	15	84	0	0.04687094688415527	88000	30.763519763946533	53	99.93977272727273	
45.60878339445457	45.0	3.01	29.29	15.15	45.16844190383335	880	135	45	4	58	30	45	3	29	15	84	0	0.031247854232788086	88100	30.79476761817932	53	99.93984108967084	
187995448.41161484	45.0	3.05	30.45	15.75	45.16844190383335	881	135	45	4	58	30	45	3	29	15	84	0	0.015624523162841797	88200	30.810392141342163	53	99.93990929705215	
46998896.309491254	45.0	3.02	29.58	15.3	45.16844190383335	882	135	45	4	58	30	45	3	29	15	84	0	0.031247377395629883	88300	30.841639518737793	53	99.93997734994338	
46998896.309491254	45.0	3.02	29.58	15.3	45.16844190383335	883	135	45	4	58	30	45	3	29	15	84	0	0.031247615814208984	88400	30.872887134552002	53	99.94004524886878	
45.60878339445457	45.0	3.01	29.29	15.15	45.16844190383335	884	135	45	4	58	30	45	3	29	15	84	0	0.031248092651367188	88500	30.90413522720337	53	99.94011299435029	
45.60878339445457	45.0	3.01	29.29	15.15	45.16844190383335	885	135	45	4	58	30	45	3	29	15	84	0	0.04687142372131348	88600	30.951006650924683	53	99.94018058690745	
45.60878339445457	45.0	3.01	29.29	15.15	45.16844190383335	886	135	45	4	58	30	45	3	29	15	84	0	0.015624284744262695	88700	30.966630935668945	53	99.94024802705749	
46998896.309491254	45.0	3.02	29.58	15.3	45.16844190383335	887	135	45	4	58	30	45	3	29	15	84	0	0.031248092651367188	88800	30.997879028320312	53	99.94031531531532	
93997747.01019911	45.0	3.03	29.87	15.45	45.16844190383335	888	135	45	4	58	30	45	3	29	15	84	0	0.031247377395629883	88900	31.029126405715942	53	99.94038245219348	
45.60878339445457	45.0	3.01	29.29	15.15	45.16844190383335	889	135	45	4	58	30	45	3	29	15	84	0	0.04687213897705078	89000	31.075998544692993	53	99.94044943820225	
234994299.1123227	45.0	3.06	30.74	15.9	45.16844190383335	890	135	45	4	58	30	45	3	29	15	84	0	0.031247854232788086	89100	31.10724639892578	53	99.94051627384961	
187995448.41161484	45.0	3.05	30.45	15.75	45.16844190383335	891	135	45	4	58	30	45	3	29	15	84	0	0.031247377395629883	89200	31.13849377632141	53	99.94058295964126	
46998896.309491254	45.0	3.02	29.58	15.3	45.16844190383335	892	135	45	4	58	30	45	3	29	15	84	0	0.031248807907104492	89300	31.169742584228516	53	99.94064949608062	
187995448.41161484	45.0	3.05	30.45	15.75	45.16844190383335	893	135	45	4	58	30	45	3	29	15	84	0	0.031247377395629883	89400	31.200989961624146	53	99.9407158836689	
187995448.41161484	45.0	3.05	30.45	15.75	45.16844190383335	894	135	45	4	58	30	45	3	29	15	84	0	0.031247854232788086	89500	31.232237815856934	53	99.94078212290503	
93997747.01019911	45.0	3.03	29.87	15.45	45.16844190383335	895	135	45	4	58	30	45	3	29	15	84	0	0.04687190055847168	89600	31.279109716415405	53	99.94084821428571	
328992000.51373845	45.0	3.08	31.32	16.2	45.16844190383335	896	135	45	4	58	30	45	3	29	15	84	0	0.031248092651367188	89700	31.310357809066772	53	99.94091415830546	
45.60878339445457	45.0	3.01	29.29	15.15	45.16844190383335	897	135	45	4	58	30	45	3	29	15	84	0	0.031247377395629883	89800	31.341605186462402	53	99.94097995545657	
234994299.1123227	45.0	3.06	30.74	15.9	45.16844190383335	898	135	45	4	58	30	45	3	29	15	84	0	0.031248092651367188	89900	31.37285327911377	53	99.94104560622914	
140996597.71090698	45.0	3.04	30.16	15.6	45.16844190383335	899	135	45	4	58	30	45	3	29	15	84	0	0.031247854232788086	90000	31.404101133346558	53	99.94111111111111	
187995448.41161484	45.0	3.05	30.45	15.75	45.16844190383335	900	135	45	4	58	30	45	3	29	15	84	0	0.031247854232788086	90100	31.435348987579346	53	99.94117647058823	
45.60878339445457	45.0	3.01	29.29	15.15	45.16844190383335	901	135	45	4	58	30	45	3	29	15	84	0	0.031247615814208984	90200	31.466596603393555	53	99.94124168514412	
45.60878339445457	45.0	3.01	29.29	15.15	45.16844190383335	902	135	45	4	58	30	45	3	29	15	84	0	0.031247854232788086	90300	31.497844457626343	53	99.94130675526024	
45.60878339445457	45.0	3.01	29.29	15.15	45.16844190383335	903	135	45	4	58	30	45	3	29	15	84	0	0.015624046325683594	90400	31.513468503952026	53	99.94137168141593	
45.60878339445457	45.0	3.01	29.29	15.15	45.16844190383335	904	135	45	4	58	30	45	3	29	15	84	0	0.031247854232788086	90500	31.544716358184814	53	99.9414364640884	
140996597.71090698	45.0	3.04	30.16	15.6	45.16844190383335	905	135	45	4	58	30	45	3	29	15	84	0	0.015623807907104492	90600	31.56034016609192	53	99.94150110375276	
140996597.71090698	45.0	3.04	30.16	15.6	45.16844190383335	906	135	45	4	58	30	45	3	29	15	84	0	0.03124833106994629	90700	31.591588497161865	53	99.94156560088203	
93997747.01019911	45.0	3.03	29.87	15.45	45.16844190383335	907	135	45	4	58	30	45	3	29	15	84	0	0.04687142372131348	90800	31.63845992088318	53	99.94162995594714	
45.60878339445457	45.0	3.01	29.29	15.15	45.16844190383335	908	135	45	4	58	30	45	3	29	15	84	0	0.031247854232788086	90900	31.669707775115967	53	99.94169416941695	
93997747.01019911	45.0	3.03	29.87	15.45	45.16844190383335	909	135	45	4	58	30	45	3	29	15	84	0	0.04687237739562988	91000	31.716580152511597	53	99.94175824175824	
140996597.71090698	45.0	3.04	30.16	15.6	45.16844190383335	910	135	45	4	58	30	45	3	29	15	84	0	0.031247377395629883	91100	31.747827529907227	53	99.94182217343578	
45.60878339445457	45.0	3.01	29.29	15.15	45.16844190383335	911	135	45	4	58	30	45	3	29	15	84	0	0.031247854232788086	91200	31.779075384140015	53	99.94188596491227	
46998896.309491254	45.0	3.02	29.58	15.3	45.16844190383335	912	135	45	4	58	30	45	3	29	15	84	0	0.04687142372131348	91300	31.825946807861328	53	99.94194961664842	
93997747.01019911	45.0	3.03	29.87	15.45	45.16844190383335	913	135	45	4	58	30	45	3	29	15	84	0	0.03124856948852539	91400	31.857195377349854	53	99.94201312910285	
328992000.51373845	45.0	3.08	31.32	16.2	45.16844190383335	914	135	45	4	58	30	45	3	29	15	84	0	0.031247854232788086	91500	31.88844323158264	53	99.94207650273223	
93997747.01019911	45.0	3.03	29.87	15.45	45.16844190383335	915	135	45	4	58	30	45	3	29	15	84	0	0.031247377395629883	91600	31.91969060897827	53	99.94213973799127	
46998896.309491254	45.0	3.02	29.58	15.3	45.16844190383335	916	135	45	4	58	30	45	3	29	15	84	0	0.031248092651367188	91700	31.95093870162964	53	99.94220283533261	
93997747.01019911	45.0	3.03	29.87	15.45	45.16844190383335	917	135	45	4	58	30	45	3	29	15	84	0	0.031247615814208984	91800	31.982186317443848	53	99.94226579520698	
46998896.309491254	45.0	3.02	29.58	15.3	45.16844190383335	918	135	45	4	58	30	45	3	29	15	84	0	0.031247615814208984	91900	32.01343393325806	53	99.94232861806312	
93997747.01019911	45.0	3.03	29.87	15.45	45.16844190383335	919	135	45	4	58	30	45	3	29	15	84	0	0.03124833106994629	92000	32.044682264328	53	99.94239130434782	
45.60878339445457	45.0	3.01	29.29	15.15	45.16844190383335	920	135	45	4	58	30	45	3	29	15	84	0	0.031247854232788086	92100	32.07593011856079	53	99.94245385450597	
93997747.01019911	45.0	3.03	29.87	15.45	45.16844190383335	921	135	45	4	58	30	45	3	29	15	84	0	0.031248092651367188	92200	32.10717821121216	53	99.94251626898048	
140996597.71090698	45.0	3.04	30.16	15.6	45.16844190383335	922	135	45	4	58	30	45	3	29	15	84	0	0.031247377395629883	92300	32.13842558860779	53	99.94257854821235	
45.60878339445457	45.0	3.01	29.29	15.15	45.16844190383335	923	135	45	4	58	30	45	3	29	15	84	0	0.015624046325683594	92400	32.15404963493347	53	99.9426406926407	
281993149.81303054	45.0	3.07	31.03	16.05	45.16844190383335	924	135	45	4	58	30	45	3	29	15	84	0	0.04687166213989258	92500	32.200921297073364	53	99.9427027027027	
93997747.01019911	45.0	3.03	29.87	15.45	45.16844190383335	925	135	45	4	58	30	45	3	29	15	84	0	0.015624284744262695	92600	32.21654558181763	53	99.94276457883369	
46998896.309491254	45.0	3.02	29.58	15.3	45.16844190383335	926	135	45	4	58	30	45	3	29	15	84	0	0.04687142372131348	92700	32.26341700553894	53	99.9428263214671	
469988552.61586213	45.0	3.11	32.19	16.65	45.16844190383335	927	135	45	4	58	30	45	3	29	15	84	0	0.03124833106994629	92800	32.29466533660889	53	99.94288793103448	
45.60878339445457	45.0	3.01	29.29	15.15	45.16844190383335	928	135	45	4	58	30	45	3	29	15	84	0	0.031247615814208984	92900	32.325912952423096	53	99.94294940796556	
375990851.21444625	45.0	3.09	31.61	16.35	45.16844190383335	929	135	45	4	58	30	45	3	29	15	84	0	0.031247854232788086	93000	32.357160806655884	53	99.94301075268817	
93997747.01019911	45.0	3.03	29.87	15.45	45.16844190383335	930	135	45	4	58	30	45	3	29	15	84	0	0.031248092651367188	93100	32.38840889930725	53	99.94307196562836	
375990851.21444625	45.0	3.09	31.61	16.35	45.16844190383335	931	135	45	4	58	30	45	3	29	15	84	0	0.031247377395629883	93200	32.41965627670288	53	99.9431330472103	
45.60878339445457	45.0	3.01	29.29	15.15	45.16844190383335	932	135	45	4	58	30	45	3	29	15	84	0	0.031248092651367188	93300	32.45090436935425	53	99.94319399785638	
46998896.309491254	45.0	3.02	29.58	15.3	45.16844190383335	933	135	45	4	58	30	45	3	29	15	84	0	0.03124833106994629	93400	32.482152700424194	53	99.94325481798715	
45.60878339445457	45.0	3.01	29.29	15.15	45.16844190383335	934	135	45	4	58	30	45	3	29	15	84	0	0.031247377395629883	93500	32.513400077819824	53	99.94331550802139	
140996597.71090698	45.0	3.04	30.16	15.6	45.16844190383335	935	135	45	4	58	30	45	3	29	15	84	0	0.031248092651367188	93600	32.54464817047119	53	99.94337606837607	
45.60878339445457	45.0	3.01	29.29	15.15	45.16844190383335	936	135	45	4	58	30	45	3	29	15	84	0	0.031248092651367188	93700	32.57589626312256	53	99.94343649946639	
46998896.309491254	45.0	3.02	29.58	15.3	45.16844190383335	937	135	45	4	58	30	45	3	29	15	84	0	0.031247615814208984	93800	32.60714387893677	53	99.94349680170576	
45.60878339445457	45.0	3.01	29.29	15.15	45.16844190383335	938	135	45	4	58	30	45	3	29	15	84	0	0.031247854232788086	93900	32.638391733169556	53	99.94355697550586	
46998896.309491254	45.0	3.02	29.58	15.3	45.16844190383335	939	135	45	4	58	30	45	3	29	15	84	0	0.015624046325683594	94000	32.65401577949524	53	99.9436170212766	
93997747.01019911	45.0	3.03	29.87	15.45	45.16844190383335	940	135	45	4	58	30	45	3	29	15	84	0	0.031248092651367188	94100	32.685263872146606	53	99.94367693942614	
187995448.41161484	45.0	3.05	30.45	15.75	45.16844190383335	941	135	45	4	58	30	45	3	29	15	84	0	0.031248807907104492	94200	32.71651268005371	53	99.94373673036094	
281993149.81303054	45.0	3.07	31.03	16.05	45.16844190383335	942	135	45	4	58	30	45	3	29	15	84	0	0.015623092651367188	94300	32.73213577270508	53	99.94379639448569	
140996597.71090698	45.0	3.04	30.16	15.6	45.16844190383335	943	135	45	4	58	30	45	3	29	15	84	0	0.031247615814208984	94400	32.76338338851929	53	99.94385593220339	
45.60878339445457	45.0	3.01	29.29	15.15	45.16844190383335	944	135	45	4	58	30	45	3	29	15	84	0	0.031247854232788086	94500	32.794631242752075	53	99.94391534391535	
93997747.01019911	45.0	3.03	29.87	15.45	45.16844190383335	945	135	45	4	58	30	45	3	29	15	84	0	0.01562356948852539	94600	32.8102548122406	53	99.94397463002115	
281993149.81303054	45.0	3.07	31.03	16.05	45.16844190383335	946	135	45	4	58	30	45	3	29	15	84	0	0.031247615814208984	94700	32.84150242805481	53	99.9440337909187	
46998896.309491254	45.0	3.02	29.58	15.3	45.16844190383335	947	135	45	4	58	30	45	3	29	15	84	0	0.04687213897705078	94800	32.88837456703186	53	99.94409282700423	
45.60878339445457	45.0	3.01	29.29	15.15	45.16844190383335	948	135	45	4	58	30	45	3	29	15	84	0	0.031248807907104492	94900	32.919623374938965	53	99.94415173867229	
234994299.1123227	45.0	3.06	30.74	15.9	45.16844190383335	949	135	45	4	58	30	45	3	29	15	84	0	0.015622854232788086	95000	32.93524622917175	53	99.94421052631579	
234994299.1123227	45.0	3.06	30.74	15.9	45.16844190383335	950	135	45	4	58	30	45	3	29	15	84	0	0.03124856948852539	95100	32.96649479866028	53	99.94426919032597	
93997747.01019911	45.0	3.03	29.87	15.45	45.16844190383335	951	135	45	4	58	30	45	3	29	15	84	0	0.031248092651367188	95200	32.997742891311646	53	99.94432773109244	
45.60878339445457	45.0	3.01	29.29	15.15	45.16844190383335	952	135	45	4	58	30	45	3	29	15	84	0	0.046871185302734375	95300	33.04461407661438	53	99.94438614900315	
93997747.01019911	45.0	3.03	29.87	15.45	45.16844190383335	953	135	45	4	58	30	45	3	29	15	84	0	0.03124856948852539	95400	33.075862646102905	53	99.94444444444444	
93997747.01019911	45.0	3.03	29.87	15.45	45.16844190383335	954	135	45	4	58	30	45	3	29	15	84	0	0.031247854232788086	95500	33.10711050033569	53	99.94450261780105	
281993149.81303054	45.0	3.07	31.03	16.05	45.16844190383335	955	135	45	4	58	30	45	3	29	15	84	0	0.015623331069946289	95600	33.12273383140564	53	99.94456066945607	
45.60878339445457	45.0	3.01	29.29	15.15	45.16844190383335	956	135	45	4	58	30	45	3	29	15	84	0	0.031247377395629883	95700	33.15398120880127	53	99.94461859979101	
46998896.309491254	45.0	3.02	29.58	15.3	45.16844190383335	957	135	45	4	58	30	45	3	29	15	84	0	0.031247854232788086	95800	33.18522906303406	53	99.9446764091858	
45.60878339445457	45.0	3.01	29.29	15.15	45.16844190383335	958	135	45	4	58	30	45	3	29	15	84	0	0.031248092651367188	95900	33.216477155685425	53	99.94473409801877	
281993149.81303054	45.0	3.07	31.03	16.05	45.16844190383335	959	135	45	4	58	30	45	3	29	15	84	0	0.031247615814208984	96000	33.247724771499634	53	99.94479166666666	
45.60878339445457	45.0	3.01	29.29	15.15	45.16844190383335	960	135	45	4	58	30	45	3	29	15	84	0	0.031248092651367188	96100	33.278972864151	53	99.94484911550468	
140996597.71090698	45.0	3.04	30.16	15.6	45.16844190383335	961	135	45	4	58	30	45	3	29	15	84	0	0.015624284744262695	96200	33.294597148895264	53	99.94490644490645	
234994299.1123227	45.0	3.06	30.74	15.9	45.16844190383335	962	135	45	4	58	30	45	3	29	15	84	0	0.031247377395629883	96300	33.325844526290894	53	99.94496365524402	
45.60878339445457	45.0	3.01	29.29	15.15	45.16844190383335	963	135	45	4	58	30	45	3	29	15	84	0	0.031248092651367188	96400	33.35709261894226	53	99.94502074688796	
93997747.01019911	45.0	3.03	29.87	15.45	45.16844190383335	964	135	45	4	58	30	45	3	29	15	84	0	0.015624284744262695	96500	33.37271690368652	53	99.94507772020725	
281993149.81303054	45.0	3.07	31.03	16.05	45.16844190383335	965	135	45	4	58	30	45	3	29	15	84	0	0.046871185302734375	96600	33.41958808898926	53	99.94513457556936	
45.60878339445457	45.0	3.01	29.29	15.15	45.16844190383335	966	135	45	4	58	30	45	3	29	15	84	0	0.015624523162841797	96700	33.4352126121521	53	99.94519131334023	
187995448.41161484	45.0	3.05	30.45	15.75	45.16844190383335	967	135	45	4	58	30	45	3	29	15	84	0	0.046871185302734375	96800	33.482083797454834	53	99.9452479338843	
93997747.01019911	45.0	3.03	29.87	15.45	45.16844190383335	968	135	45	4	58	30	45	3	29	15	84	0	0.031247854232788086	96900	33.51333165168762	53	99.9453044375645	
93997747.01019911	45.0	3.03	29.87	15.45	45.16844190383335	969	135	45	4	58	30	45	3	29	15	84	0	0.031247615814208984	97000	33.54457926750183	53	99.94536082474227	
234994299.1123227	45.0	3.06	30.74	15.9	45.16844190383335	970	135	45	4	58	30	45	3	29	15	84	0	0.031247854232788086	97100	33.57582712173462	53	99.94541709577754	
93997747.01019911	45.0	3.03	29.87	15.45	45.16844190383335	971	135	45	4	58	30	45	3	29	15	84	0	0.03125	97200	33.60707712173462	53	99.9454732510288	
187995448.41161484	45.0	3.05	30.45	15.75	45.16844190383335	972	135	45	4	58	30	45	3	29	15	84	0	0.04687047004699707	97300	33.653947591781616	53	99.94552929085303	
45.60878339445457	45.0	3.01	29.29	15.15	45.16844190383335	973	135	45	4	58	30	45	3	29	15	84	0	0.031247615814208984	97400	33.685195207595825	53	99.94558521560575	
93997747.01019911	45.0	3.03	29.87	15.45	45.16844190383335	974	135	45	4	58	30	45	3	29	15	84	0	0.031248092651367188	97500	33.71644330024719	53	99.94564102564102	
45.60878339445457	45.0	3.01	29.29	15.15	45.16844190383335	975	135	45	4	58	30	45	3	29	15	84	0	0.031247854232788086	97600	33.74769115447998	53	99.94569672131148	
422989701.9151541	45.0	3.1	31.9	16.5	45.16844190383335	976	135	45	4	58	30	45	3	29	15	84	0	0.04687237739562988	97700	33.79456353187561	53	99.94575230296827	
46998896.309491254	45.0	3.02	29.58	15.3	45.16844190383335	977	135	45	4	58	30	45	3	29	15	84	0	0.031249046325683594	97800	33.825812578201294	53	99.94580777096114	
234994299.1123227	45.0	3.06	30.74	15.9	45.16844190383335	978	135	45	4	58	30	45	3	29	15	84	0	0.04687070846557617	97900	33.87268328666687	53	99.94586312563841	
93997747.01019911	45.0	3.03	29.87	15.45	45.16844190383335	979	135	45	4	58	30	45	3	29	15	84	0	0.015624284744262695	98000	33.88830757141113	53	99.94591836734693	
46998896.309491254	45.0	3.02	29.58	15.3	45.16844190383335	980	135	45	4	58	30	45	3	29	15	84	0	0.031246662139892578	98100	33.919554233551025	53	99.94597349643222	
187995448.41161484	45.0	3.05	30.45	15.75	45.16844190383335	981	135	45	4	58	30	45	3	29	15	84	0	0.031248807907104492	98200	33.95080304145813	53	99.94602851323829	
45.60878339445457	45.0	3.01	29.29	15.15	45.16844190383335	982	135	45	4	58	30	45	3	29	15	84	0	0.03124690055847168	98300	33.9820499420166	53	99.94608341810783	
187995448.41161484	45.0	3.05	30.45	15.75	45.16844190383335	983	135	45	4	58	30	45	3	29	15	84	0	0.04687190055847168	98400	34.02892184257507	53	99.94613821138212	
46998896.309491254	45.0	3.02	29.58	15.3	45.16844190383335	984	135	45	4	58	30	45	3	29	15	84	0	0.03124833106994629	98500	34.06017017364502	53	99.94619289340102	
187995448.41161484	45.0	3.05	30.45	15.75	45.16844190383335	985	135	45	4	58	30	45	3	29	15	84	0	0.04687237739562988	98600	34.10704255104065	53	99.94624746450305	
187995448.41161484	45.0	3.05	30.45	15.75	45.16844190383335	986	135	45	4	58	30	45	3	29	15	84	0	0.015622854232788086	98700	34.12266540527344	53	99.94630192502532	
45.60878339445457	45.0	3.01	29.29	15.15	45.16844190383335	987	135	45	4	58	30	45	3	29	15	84	0	0.031247854232788086	98800	34.153913259506226	53	99.94635627530364	
45.60878339445457	45.0	3.01	29.29	15.15	45.16844190383335	988	135	45	4	58	30	45	3	29	15	84	0	0.015625715255737305	98900	34.16953897476196	53	99.9464105156724	
46998896.309491254	45.0	3.02	29.58	15.3	45.16844190383335	989	135	45	4	58	30	45	3	29	15	84	0	0.031250715255737305	99000	34.2007896900177	53	99.94646464646465	
281993149.81303054	45.0	3.07	31.03	16.05	45.16844190383335	990	135	45	4	58	30	45	3	29	15	84	0	0.031244993209838867	99100	34.23203468322754	53	99.9465186680121	
516987403.31657	45.0	3.12	32.48	16.8	45.16844190383335	991	135	45	4	58	30	45	3	29	15	84	0	0.015626907348632812	99200	34.24766159057617	53	99.94657258064517	
93997747.01019911	45.0	3.03	29.87	15.45	45.16844190383335	992	135	45	4	58	30	45	3	29	15	84	0	0.03124403953552246	99300	34.278905630111694	53	99.94662638469285	
140996597.71090698	45.0	3.04	30.16	15.6	45.16844190383335	993	135	45	4	58	30	45	3	29	15	84	0	0.031248807907104492	99400	34.3101544380188	53	99.94668008048289	
93997747.01019911	45.0	3.03	29.87	15.45	45.16844190383335	994	135	45	4	58	30	45	3	29	15	84	0	0.015624523162841797	99500	34.32577896118164	53	99.94673366834171	
46998896.309491254	45.0	3.02	29.58	15.3	45.16844190383335	995	135	45	4	58	30	45	3	29	15	84	0	0.031249046325683594	99600	34.357028007507324	53	99.94678714859438	
281993149.81303054	45.0	3.07	31.03	16.05	45.16844190383335	996	135	45	4	58	30	45	3	29	15	84	0	0.031246662139892578	99700	34.38827466964722	53	99.9468405215647	
46998896.309491254	45.0	3.02	29.58	15.3	45.16844190383335	997	135	45	4	58	30	45	3	29	15	84	0	0.015622377395629883	99800	34.40389704704285	53	99.94689378757515	
45.60878339445457	45.0	3.01	29.29	15.15	45.16844190383335	998	135	45	4	58	30	45	3	29	15	84	0	0.031246662139892578	99900	34.43514370918274	53	99.94694694694695	
93997747.01019911	45.0	3.03	29.87	15.45	45.16844190383335	999	135	45	4	58	30	45	3	29	15	84	0	0.04687380790710449	100000	34.482017517089844	53	99.947	
45.60878339445457	45.0	3.01	29.29	15.15	45.16844190383335	1000	135	45	4	58	30	45	3	29	15	84	0	0.031247377395629883	100100	34.513264894485474	53	99.94705294705295	
