ave_fitness	ave_genome_length	ave_tree_depth	ave_tree_nodes	ave_used_codons	best_fitness	gen	invalids	max_genome_length	max_tree_depth	max_tree_nodes	max_used_codons	min_genome_length	min_tree_depth	min_tree_nodes	min_used_codons	runtime_error	time_adjust	time_taken	total_inds	total_time	unique_inds	unused_search	
2.2885784703853296e+36	99.65	6.44	128.76	66.6	77.70466585585595	0	0	180	10	232	120	22	3	29	15	61	0	2.4217095375061035	100	2.4217095375061035	39	61.0	
2.8394643336934264e+39	56.21	3.6714285714285713	48.47142857142857	25.071428571428573	67.89905302481048	1	31	180	7.0	145.0	75.0	22	3.0	29.0	15.0	80	0	0.031250715255737305	200	2.452960252761841	83	58.5	
5.00046336209415e+39	53.9	3.3793103448275863	40.0	20.689655172413794	47.871567294126066	2	45	157	8.0	174.0	90.0	22	3.0	29.0	15.0	86	0	0.04686689376831055	300	2.4998271465301514	142	52.666666666666664	
2.943561462373891e+39	65.88	3.5	43.5	22.5	47.77977995606869	3	48	135	6.0	116.0	60.0	22	3.0	29.0	15.0	88	0	0.04687142372131348	400	2.546698570251465	214	46.5	
1.4947017453677666e+39	73.08	3.5934065934065935	46.20879120879121	23.9010989010989	42.221356333383795	4	58	135	6.0	116.0	60.0	22	3.0	29.0	15.0	88	0	0.04687237739562988	500	2.5935709476470947	284	43.2	
1.4675272902261958e+39	71.25	3.857142857142857	53.857142857142854	27.857142857142858	36.919861141016405	5	61	112	7.0	145.0	75.0	22	3.0	29.0	15.0	94	0	0.04687142372131348	600	2.640442371368408	353	41.166666666666664	
1.7656329865108924e+36	73.03	3.463157894736842	42.43157894736842	21.94736842105263	29.26000174527684	6	67	112	7.0	145.0	75.0	22	3.0	29.0	15.0	94	0	0.04687166213989258	700	2.687314033508301	427	39.0	
2.5949343358478505e+22	75.24	3.663265306122449	48.234693877551024	24.948979591836736	25.103268292549522	7	70	112	7.0	145.0	75.0	22	3.0	29.0	15.0	95	0	0.031247854232788086	800	2.718561887741089	503	37.125	
1.1900421426836258e+37	76.76	3.5454545454545454	44.81818181818182	23.181818181818183	25.103268292549522	8	72	112	5.0	87.0	45.0	22	3.0	29.0	15.0	98	0	0.04687190055847168	900	2.7654337882995605	577	35.888888888888886	
2.0872049543080444e+29	81.09	3.489795918367347	43.204081632653065	22.346938775510203	25.103268292549522	9	75	112	5.0	87.0	45.0	67	3.0	29.0	15.0	99	0	0.04687237739562988	1000	2.8123061656951904	644	35.599999999999994	
169.78688188592835	92.17	3.13	32.77	16.95	24.87840325736435	10	75	112	5	87	45	67	3	29	15	99	0	0.031247377395629883	1100	2.8435535430908203	708	35.636363636363626	
970874.0954660614	84.91	3.09	31.61	16.35	24.87840325736435	11	75	112	5	87	45	67	3	29	15	99	0	0.04687166213989258	1200	2.890425205230713	775	35.41666666666666	
973631.8931201673	85.33	3.06	30.74	15.9	24.77534708956943	12	75	112	5	87	45	67	3	29	15	99	0	0.031248092651367188	1300	2.92167329788208	851	34.53846153846155	
45188.64173661884	84.45	3.1818181818181817	34.27272727272727	17.727272727272727	19.88906146627264	13	76	112	5.0	87.0	45.0	67	3.0	29.0	15.0	102	0	0.04687166213989258	1400	2.9685449600219727	923	34.07142857142857	
205378531.81639317	85.3	3.15	33.35	17.25	19.88906146627264	14	76	112	5	87	45	67	3	29	15	102	0	0.031247854232788086	1500	2.9997928142547607	996	33.599999999999994	
515365.0246739085	89.98	3.13	32.77	16.95	18.761341915934867	15	77	112	5	87	45	67	3	29	15	103	0	0.04687166213989258	1600	3.0466644763946533	1063	33.5625	
1.728445200072687e+20	92.65	3.26	36.54	18.9	18.6570738492833	16	78	112	5	87	45	67	3	29	15	103	0	0.04687190055847168	1700	3.093536376953125	1137	33.117647058823536	
58524.31506433786	86.8	3.18	34.22	17.7	18.31216849967053	17	78	112	5	87	45	67	3	29	15	103	0	0.031247854232788086	1800	3.124784231185913	1205	33.05555555555556	
48.582933666254114	86.8	3.25	36.25	18.75	15.836008251068774	18	78	112	5	87	45	67	3	29	15	103	0	0.04687190055847168	1900	3.1716561317443848	1271	33.10526315789474	
1.0146405926274122e+39	77.8	3.32	38.28	19.8	15.736516276449173	19	79	112	5	87	45	67	3	29	15	103	0	0.031248092651367188	2000	3.202904224395752	1336	33.2	
3.6558080181384335e+28	72.85	3.64	47.56	24.6	15.415382803213094	20	79	112	7	145	75	67	3	29	15	104	0	0.046872854232788086	2100	3.24977707862854	1411	32.80952380952381	
523656.8143203006	70.15	3.7551020408163267	50.89795918367347	26.3265306122449	13.40164741623788	21	82	112	5.0	87.0	45.0	67	3.0	29.0	15.0	105	0	0.04687213897705078	2200	3.296649217605591	1479	32.77272727272728	
192045561.4422163	69.7	4.23469387755102	64.8061224489796	33.52040816326531	12.909543423961221	22	85	112	5.0	87.0	45.0	67	3.0	29.0	15.0	106	0	0.04686999320983887	2300	3.3435192108154297	1564	32.0	
1982401500.8832922	69.25	4.303030303030303	66.78787878787878	34.54545454545455	12.909543423961221	23	86	112	5.0	87.0	45.0	67	3.0	29.0	15.0	110	0	0.046872615814208984	2400	3.3903918266296387	1650	31.25	
993032271.9292502	67.0	4.520408163265306	73.09183673469387	37.80612244897959	12.909522271502611	24	89	67	5.0	87.0	45.0	67	3.0	29.0	15.0	110	0	0.031248092651367188	2500	3.421639919281006	1739	30.439999999999998	
516639931564939.8	67.0	4.591836734693878	75.16326530612245	38.87755102040816	12.909522271502611	25	92	67	5.0	87.0	45.0	67	3.0	29.0	15.0	114	0	0.062494754791259766	2600	3.4841346740722656	1828	29.692307692307693	
3.889157480058631e+19	67.0	4.622448979591836	76.05102040816327	39.33673469387755	12.838658182613463	26	94	67	5.0	87.0	45.0	67	3.0	29.0	15.0	119	0	0.07811999320983887	2700	3.5622546672821045	1921	28.851851851851848	
7227764312.50542	67.0	4.56701030927835	74.44329896907216	38.50515463917526	12.838658182613463	27	97	67	5.0	87.0	45.0	67	3.0	29.0	15.0	124	0	0.06249594688415527	2800	3.6247506141662598	2010	28.214285714285708	
5.8041891306927325e+19	67.0	4.444444444444445	70.88888888888889	36.666666666666664	12.838658181133134	28	98	67	5.0	87.0	45.0	67	3.0	29.0	15.0	132	0	0.046871185302734375	2900	3.671621799468994	2094	27.793103448275858	
3.531643117135948e+23	67.0	4.51	72.79	37.65	12.770017263091377	29	98	67	5	87	45	67	3	29	15	135	0	0.07811975479125977	3000	3.749741554260254	2188	27.066666666666677	
3.0421596594263713e+35	67.0	4.525252525252525	73.23232323232324	37.878787878787875	12.770017263091377	30	99	67	5.0	87.0	45.0	67	3.0	29.0	15.0	138	0	0.04687142372131348	3100	3.7966129779815674	2283	26.354838709677423	
3.622218750375713e+19	67.0	4.618556701030927	75.9381443298969	39.27835051546392	12.748641007089343	31	103	67	5.0	87.0	45.0	67	3.0	29.0	15.0	139	0	0.07812023162841797	3200	3.8747332096099854	2373	25.84375	
331025230543917.25	67.0	4.626262626262626	76.16161616161617	39.39393939393939	12.74599751619496	32	105	67	5.0	87.0	45.0	67	3.0	29.0	15.0	140	0	0.04687166213989258	3300	3.921604871749878	2464	25.33333333333333	
1.1322620467390528e+18	67.0	4.551020408163265	73.9795918367347	38.265306122448976	12.726955493945908	33	107	67	5.0	87.0	45.0	67	3.0	29.0	15.0	141	0	0.07811951637268066	3400	3.9997243881225586	2560	24.705882352941174	
1.3589148959608144e+24	67.0	4.705263157894737	78.45263157894736	40.578947368421055	12.726955493945908	34	113	67	5.0	87.0	45.0	67	3.0	29.0	15.0	142	0	0.06249547004699707	3500	4.062219858169556	2650	24.285714285714292	
2.3226490323528716e+24	67.0	4.76530612244898	80.1938775510204	41.47959183673469	12.723670306521477	35	116	67	5.0	87.0	45.0	67	3.0	29.0	15.0	142	0	0.06249642372131348	3600	4.124716281890869	2745	23.75	
6.117699996300094e+27	67.0	4.656565656565657	77.04040404040404	39.84848484848485	12.72347754871657	36	118	67	5.0	87.0	45.0	67	3.0	29.0	15.0	143	0	0.06249570846557617	3700	4.187211990356445	2838	23.29729729729729	
1.1432224393342452e+20	67.0	4.556701030927835	74.14432989690722	38.350515463917525	12.72347754871657	37	122	67	5.0	87.0	45.0	67	3.0	29.0	15.0	144	0	0.06249547004699707	3800	4.249707460403442	2928	22.94736842105263	
5.734610227316422e+21	67.0	4.484848484848484	72.06060606060606	37.27272727272727	12.723476237306512	38	124	67	5.0	87.0	45.0	67	3.0	29.0	15.0	144	0	0.06249594688415527	3900	4.312203407287598	3021	22.538461538461547	
959548984.4438293	67.0	4.360824742268041	68.4639175257732	35.41237113402062	12.72347391844737	39	127	67	5.0	87.0	45.0	67	3.0	29.0	15.0	147	0	0.06249570846557617	4000	4.374699115753174	3111	22.224999999999994	
9.422465264919188e+34	67.0	4.181818181818182	63.27272727272727	32.72727272727273	12.72347391844737	40	128	67	5.0	87.0	45.0	67	3.0	29.0	15.0	150	0	0.06249523162841797	4100	4.437194347381592	3203	21.878048780487802	
85766588128882.22	67.0	4.1	60.9	31.5	12.72347391844737	41	129	67	5	87	45	67	3	29	15	152	0	0.04687237739562988	4200	4.484066724777222	3295	21.54761904761905	
6.180327319588074e+27	67.0	4.12	61.48	31.8	12.72347391844737	42	129	67	5	87	45	67	3	29	15	156	0	0.06249523162841797	4300	4.54656195640564	3384	21.30232558139535	
1.1937431567859336e+17	67.0	4.03030303030303	58.878787878787875	30.454545454545453	12.717220095407162	43	131	67	5.0	87.0	45.0	67	3.0	29.0	15.0	157	0	0.062496185302734375	4400	4.609058141708374	3475	21.022727272727266	
5.4971244189041836e+26	67.0	4.08080808080808	60.343434343434346	31.21212121212121	12.717220095407162	44	132	67	5.0	87.0	45.0	67	3.0	29.0	15.0	158	0	0.04687142372131348	4500	4.6559295654296875	3569	20.688888888888897	
2.088402598957408e+30	67.0	3.95	56.55	29.25	12.707378597693525	45	132	67	5	87	45	67	3	29	15	159	0	0.06249547004699707	4600	4.718425035476685	3664	20.347826086956516	
3.2377616625558404e+26	67.0	4.05	59.45	30.75	12.679129072494481	46	132	67	5	87	45	67	3	29	15	161	0	0.06249594688415527	4700	4.78092098236084	3755	20.106382978723403	
5.665111600657689e+36	67.0	4.05050505050505	59.464646464646464	30.757575757575758	12.666688837033382	47	134	67	5.0	87.0	45.0	67	3.0	29.0	15.0	163	0	0.04687142372131348	4800	4.827792406082153	3849	19.8125	
1.0747373597311703e+30	67.0	4.02	58.58	30.3	12.57173955448924	48	134	67	5	87	45	67	3	29	15	167	0	0.06249809265136719	4900	4.8902904987335205	3940	19.591836734693885	
2.7584560570572176e+31	67.0	4.04	59.16	30.6	12.57173955448924	49	134	67	5	87	45	67	3	29	15	168	0	0.04687023162841797	5000	4.9371607303619385	4031	19.379999999999995	
1.5963267265928636e+24	67.0	3.97	57.13	29.55	12.57173955448924	50	134	67	5	87	45	67	3	29	15	171	0	0.04687166213989258	5100	4.984032392501831	4115	19.313725490196077	
5.56190106542095e+36	67.0	4.030612244897959	58.88775510204081	30.459183673469386	12.57173955448924	51	137	67	5.0	87.0	45.0	67	3.0	29.0	15.0	174	0	0.04687142372131348	5200	5.0309038162231445	4206	19.115384615384613	
7.972078076856419e+23	67.0	4.04	59.16	30.6	12.57173955448924	52	137	67	5	87	45	67	3	29	15	177	0	0.06249642372131348	5300	5.093400239944458	4294	18.98113207547169	
1787103657145.821	67.0	3.96	56.84	29.4	12.569259758836875	53	137	67	5	87	45	67	3	29	15	178	0	0.04687094688415527	5400	5.140271186828613	4387	18.759259259259267	
5337036647179.948	67.0	4.02	58.58	30.3	12.54763882617381	54	137	67	5	87	45	67	3	29	15	179	0	0.04687213897705078	5500	5.187143325805664	4478	18.58181818181818	
1271169266.2535818	67.0	4.03	58.87	30.45	12.54515538134796	55	137	67	5	87	45	67	3	29	15	180	0	0.06249547004699707	5600	5.249638795852661	4571	18.375	
2.2040225405141832e+23	67.0	4.06	59.74	30.9	12.54515538134796	56	137	67	5	87	45	67	3	29	15	182	0	0.031247615814208984	5700	5.28088641166687	4664	18.175438596491233	
12970333682.230585	67.0	4.02	58.58	30.3	12.54515538134796	57	137	67	5	87	45	67	3	29	15	188	0	0.06249594688415527	5800	5.343382358551025	4753	18.051724137931032	
5.691272630465024e+29	67.0	4.06	59.74	30.9	12.542863959402201	58	137	67	5	87	45	67	3	29	15	193	0	0.062496185302734375	5900	5.40587854385376	4843	17.91525423728814	
228510389.22563708	67.0	3.97	57.13	29.55	12.542863959402201	59	137	67	5	87	45	67	3	29	15	194	0	0.06249523162841797	6000	5.468373775482178	4939	17.683333333333323	
2.4474510489814757e+19	67.0	4.0	58.0	30.0	12.541914329114048	60	138	67	5.0	87.0	45.0	67	3.0	29.0	15.0	196	0	0.04687142372131348	6100	5.515245199203491	5029	17.557377049180317	
7.673702108624689e+38	67.0	3.91	55.39	28.65	12.541914329114048	61	138	67	5	87	45	67	3	29	15	196	0	0.04687213897705078	6200	5.562117338180542	5125	17.338709677419345	
2.235254573477984e+23	67.0	4.05	59.45	30.75	12.53643406578321	62	138	67	5	87	45	67	3	29	15	202	0	0.06249713897705078	6300	5.624614477157593	5213	17.253968253968253	
2.232519365841935e+29	67.0	4.04	59.16	30.6	12.53643406578321	63	138	67	5	87	45	67	3	29	15	205	0	0.04687047004699707	6400	5.67148494720459	5301	17.171875	
7.311649237003811e+34	67.0	4.04	59.16	30.6	12.53643406578321	64	138	67	5	87	45	67	3	29	15	212	0	0.06249570846557617	6500	5.733980655670166	5390	17.07692307692308	
8.781018563891925e+38	67.0	4.08	60.32	31.2	12.53643406578321	65	138	67	5	87	45	67	3	29	15	216	0	0.06249570846557617	6600	5.796476364135742	5483	16.924242424242422	
9.061263928194217e+38	67.0	4.05	59.45	30.75	12.53643406578321	66	138	67	5	87	45	67	3	29	15	223	0	0.04687142372131348	6700	5.843347787857056	5570	16.865671641791053	
1.002316939893906e+29	67.0	4.01	58.29	30.15	12.53643406578321	67	138	67	5	87	45	67	3	29	15	228	0	0.04687237739562988	6800	5.8902201652526855	5662	16.735294117647058	
3.456850200320001e+39	67.0	4.09	60.61	31.35	12.531103513645304	68	138	67	5	87	45	67	3	29	15	229	0	0.04687166213989258	6900	5.937091827392578	5755	16.59420289855072	
6.125000000000001e+34	67.0	4.02	58.58	30.3	12.531103513645304	69	138	67	5	87	45	67	3	29	15	232	0	0.04687190055847168	7000	5.98396372795105	5843	16.528571428571425	
1385163520905899.0	67.0	4.1	60.9	31.5	12.531103513645304	70	138	67	5	87	45	67	3	29	15	233	0	0.06249642372131348	7100	6.046460151672363	5939	16.352112676056336	
1.003571796733015e+16	67.0	4.09	60.61	31.35	12.531103513645304	71	138	67	5	87	45	67	3	29	15	237	0	0.06249570846557617	7200	6.1089558601379395	6029	16.263888888888886	
1.3713917771186397e+17	67.0	4.08	60.32	31.2	12.531103513645304	72	138	67	5	87	45	67	3	29	15	238	0	0.046872615814208984	7300	6.155828475952148	6125	16.0958904109589	
7.367078829001914e+29	67.0	4.18	63.22	32.7	12.526254607060322	73	138	67	5	87	45	67	3	29	15	240	0	0.07811856269836426	7400	6.233947038650513	6216	16.0	
4.81459941963057e+29	67.0	4.08	60.32	31.2	12.523825579529657	74	139	67	5	87	45	67	3	29	15	243	0	0.04687237739562988	7500	6.280819416046143	6305	15.933333333333337	
1.2179371403102942e+31	67.0	4.08	60.32	31.2	12.521840671670116	75	139	67	5	87	45	67	3	29	15	244	0	0.06249523162841797	7600	6.3433146476745605	6396	15.84210526315789	
507257921.5817984	67.0	4.23	64.67	33.45	12.45568105856649	76	139	67	5	87	45	67	3	29	15	244	0	0.06249594688415527	7700	6.405810594558716	6488	15.740259740259745	
25597744044022.73	67.0	4.171717171717172	62.97979797979798	32.57575757575758	12.45568105856649	77	140	67	5.0	87.0	45.0	67	3.0	29.0	15.0	246	0	0.0468752384185791	7800	6.452685832977295	6578	15.666666666666657	
4.9126913710934286e+32	67.0	4.262626262626263	65.61616161616162	33.93939393939394	12.4334300914949	78	141	67	5.0	87.0	45.0	67	3.0	29.0	15.0	248	0	0.06249570846557617	7900	6.515181541442871	6671	15.556962025316452	
1.2795354317609613e+19	67.0	4.295918367346939	66.58163265306122	34.43877551020408	12.385797401370183	79	143	67	5.0	87.0	45.0	67	3.0	29.0	15.0	256	0	0.06249499320983887	8000	6.57767653465271	6758	15.525000000000006	
1.5161198408874305e+22	67.0	4.34	67.86	35.1	12.38431538988162	80	143	67	5	87	45	67	3	29	15	261	0	0.062494516372680664	8100	6.640171051025391	6850	15.432098765432102	
814853140956279.5	67.0	4.443298969072165	70.85567010309278	36.649484536082475	12.371971936242154	81	146	67	5.0	87.0	45.0	67	3.0	29.0	15.0	267	0	0.062494516372680664	8200	6.702665567398071	6936	15.41463414634147	
1.2656282379579085e+19	67.0	4.530612244897959	73.38775510204081	37.95918367346939	12.371971936242154	82	149	67	5.0	87.0	45.0	67	3.0	29.0	15.0	273	0	0.07811903953552246	8300	6.780784606933594	7022	15.39759036144578	
6.410570384518997e+21	67.0	4.494949494949495	72.35353535353535	37.42424242424242	12.371971936242154	83	150	67	5.0	87.0	45.0	67	3.0	29.0	15.0	280	0	0.06249570846557617	8400	6.84328031539917	7109	15.36904761904762	
2.1139682879820372e+16	67.0	4.520408163265306	73.09183673469387	37.80612244897959	12.371971936242154	84	152	67	5.0	87.0	45.0	67	3.0	29.0	15.0	284	0	0.062496185302734375	8500	6.905776500701904	7199	15.305882352941182	
9.110415877890923e+16	67.0	4.57	74.53	38.55	12.371971936242154	85	152	67	5	87	45	67	3	29	15	289	0	0.06249594688415527	8600	6.96827244758606	7290	15.232558139534873	
6.495999760687016e+19	67.0	4.422680412371134	70.25773195876289	36.34020618556701	12.371971936242154	86	156	67	5.0	87.0	45.0	67	3.0	29.0	15.0	290	0	0.04687190055847168	8700	7.015144348144531	7378	15.195402298850581	
1982769047480115.2	67.0	4.346938775510204	68.06122448979592	35.204081632653065	12.325458396115803	87	158	67	5.0	87.0	45.0	67	3.0	29.0	15.0	292	0	0.06249547004699707	8800	7.077639818191528	7471	15.10227272727272	
6.809340678565284e+29	67.0	4.5	72.5	37.5	12.325458396115803	88	164	67	5.0	87.0	45.0	67	3.0	29.0	15.0	296	0	0.06249594688415527	8900	7.140135765075684	7558	15.078651685393268	
2.6315814548756594e+35	67.0	4.489795918367347	72.20408163265306	37.3469387755102	12.325458396115803	89	166	67	5.0	87.0	45.0	67	3.0	29.0	15.0	300	0	0.06249547004699707	9000	7.202631235122681	7645	15.055555555555557	
1.5847145486205646e+20	67.0	4.587628865979381	75.04123711340206	38.81443298969072	12.325458396106924	90	169	67	5.0	87.0	45.0	67	3.0	29.0	15.0	305	0	0.06249690055847168	9100	7.265128135681152	7734	15.010989010989007	
1.3700118595421926e+16	67.0	4.565656565656566	74.4040404040404	38.484848484848484	12.325458396106924	91	170	67	5.0	87.0	45.0	67	3.0	29.0	15.0	313	0	0.06249523162841797	9200	7.32762336730957	7823	14.967391304347828	
2419805333814738.0	67.0	4.505050505050505	72.64646464646465	37.57575757575758	12.325458396106924	92	171	67	5.0	87.0	45.0	67	3.0	29.0	15.0	320	0	0.07811903953552246	9300	7.405742406845093	7912	14.924731182795696	
5.89291752419401e+20	67.0	4.520833333333333	73.10416666666667	37.8125	12.325458396106924	93	176	67	5.0	87.0	45.0	67	3.0	29.0	15.0	327	0	0.06249594688415527	9400	7.468238353729248	7995	14.946808510638306	
7.716377558592033e+25	67.0	4.48	71.92	37.2	12.325458396106924	94	176	67	5	87	45	67	3	29	15	332	0	0.03124856948852539	9500	7.499486923217773	8085	14.89473684210526	
90218776922.69469	67.0	4.585106382978723	74.96808510638297	38.776595744680854	12.325458396106924	95	183	67	5.0	87.0	45.0	67	3.0	29.0	15.0	336	0	0.07811880111694336	9600	7.577605724334717	8170	14.895833333333329	
2.1295703333334295e+29	67.0	4.628865979381444	76.23711340206185	39.43298969072165	12.324102880871328	96	186	67	5.0	87.0	45.0	67	3.0	29.0	15.0	344	0	0.06249594688415527	9700	7.640101671218872	8257	14.876288659793815	
1.3317823592791589e+19	67.0	4.541666666666667	73.70833333333333	38.125	12.324102880871328	97	190	67	5.0	87.0	45.0	67	3.0	29.0	15.0	349	0	0.04687070846557617	9800	7.686972379684448	8344	14.857142857142861	
4.265314522351531e+27	67.0	4.494949494949495	72.35353535353535	37.42424242424242	12.324102880871328	98	191	67	5.0	87.0	45.0	67	3.0	29.0	15.0	356	0	0.06249690055847168	9900	7.74946928024292	8432	14.828282828282823	
6.799673913249248e+20	67.0	4.530612244897959	73.38775510204081	37.95918367346939	12.324102880871328	99	193	67	5.0	87.0	45.0	67	3.0	29.0	15.0	363	0	0.06249499320983887	10000	7.811964273452759	8522	14.780000000000001	
1.9601041948168263e+39	67.0	4.541666666666667	73.70833333333333	38.125	12.324102880871328	100	198	67	5.0	87.0	45.0	67	3.0	29.0	15.0	368	0	0.06249547004699707	10100	7.874459743499756	8611	14.742574257425744	
2132884839257.8186	67.0	4.5	72.5	37.5	12.324102880871328	101	198	67	5	87	45	67	3	29	15	371	0	0.06249523162841797	10200	7.936954975128174	8707	14.637254901960787	
631957445503191.4	67.0	4.402061855670103	69.65979381443299	36.03092783505155	12.324102880871328	102	201	67	5.0	87.0	45.0	67	3.0	29.0	15.0	380	0	0.046872854232788086	10300	7.983827829360962	8788	14.679611650485441	
9.418710846569414e+16	67.0	4.326530612244898	67.46938775510205	34.89795918367347	12.324102880871328	103	203	67	5.0	87.0	45.0	67	3.0	29.0	15.0	384	0	0.04687142372131348	10400	8.030699253082275	8876	14.653846153846146	
5.771257048962954e+19	67.0	4.319148936170213	67.25531914893617	34.787234042553195	12.324102880871328	104	209	67	5.0	87.0	45.0	67	3.0	29.0	15.0	390	0	0.06249642372131348	10500	8.093195676803589	8957	14.695238095238096	
4.154167365986475e+35	67.0	4.479591836734694	71.90816326530613	37.19387755102041	12.324102880871328	105	211	67	5.0	87.0	45.0	67	3.0	29.0	15.0	398	0	0.07811903953552246	10600	8.171314716339111	9040	14.716981132075475	
6.304157949036245e+25	67.0	4.212121212121212	64.15151515151516	33.18181818181818	12.324102880871328	106	212	67	5.0	87.0	45.0	67	3.0	29.0	15.0	401	0	0.046871185302734375	10700	8.218185901641846	9131	14.663551401869157	
146834876995333.03	67.0	4.112244897959184	61.255102040816325	31.683673469387756	12.324102880871328	107	214	67	5.0	87.0	45.0	67	3.0	29.0	15.0	405	0	0.04687333106994629	10800	8.265059232711792	9221	14.620370370370367	
4.854229361921386e+35	67.0	4.08080808080808	60.343434343434346	31.21212121212121	12.324102880871328	108	215	67	5.0	87.0	45.0	67	3.0	29.0	15.0	412	0	0.04687142372131348	10900	8.311930656433105	9309	14.596330275229363	
7.538807818837565e+35	67.0	4.15	62.35	32.25	12.324102880871328	109	215	67	5	87	45	67	3	29	15	418	0	0.04687142372131348	11000	8.358802080154419	9399	14.554545454545448	
3.5988659923758484e+26	67.0	4.121212121212121	61.515151515151516	31.818181818181817	12.324102880871328	110	217	67	5.0	87.0	45.0	67	3.0	29.0	15.0	422	0	0.06249570846557617	11100	8.421297788619995	9492	14.486486486486484	
68729050.53345922	67.0	4.121212121212121	61.515151515151516	31.818181818181817	12.324102880871328	111	218	67	5.0	87.0	45.0	67	3.0	29.0	15.0	425	0	0.031247377395629883	11200	8.452545166015625	9586	14.410714285714292	
4.9626707089235595e+35	67.0	4.25	65.25	33.75	12.324102880871328	112	218	67	5	87	45	67	3	29	15	427	0	0.06249570846557617	11300	8.515040874481201	9679	14.345132743362825	
2.772537491050305e+35	67.0	4.232323232323233	64.73737373737374	33.484848484848484	12.324102880871328	113	219	67	5.0	87.0	45.0	67	3.0	29.0	15.0	433	0	0.062497615814208984	11400	8.57753849029541	9768	14.31578947368422	
9.190938361330993e+17	67.0	4.111111111111111	61.22222222222222	31.666666666666668	12.324102880871328	114	220	67	5.0	87.0	45.0	67	3.0	29.0	15.0	439	0	0.06249380111694336	11500	8.640032291412354	9857	14.286956521739143	
3.781987154538962e+35	67.0	4.18	63.22	32.7	12.324102880871328	115	220	67	5	87	45	67	3	29	15	440	0	0.04687213897705078	11600	8.686904430389404	9949	14.232758620689651	
1.4978249113359343e+36	67.0	4.25	65.25	33.75	12.324102880871328	116	220	67	5	87	45	67	3	29	15	444	0	0.06249713897705078	11700	8.749401569366455	10040	14.188034188034194	
3.8989556358983525e+35	67.0	4.35	68.15	35.25	12.324102880871328	117	220	67	5	87	45	67	3	29	15	448	0	0.09374213218688965	11800	8.843143701553345	10132	14.135593220338976	
1.2912805146592422e+23	67.0	4.622448979591836	76.05102040816327	39.33673469387755	12.324102880871328	118	223	67	5.0	87.0	45.0	67	3.0	29.0	15.0	450	0	0.04687190055847168	11900	8.890015602111816	10225	14.07563025210085	
1.3442052555167927e+36	67.0	4.6020408163265305	75.45918367346938	39.03061224489796	12.324102880871328	119	226	67	5.0	87.0	45.0	67	3.0	29.0	15.0	453	0	0.07812023162841797	12000	8.968135833740234	10313	14.058333333333323	
3.59269042554959e+25	67.0	4.783505154639175	80.72164948453609	41.75257731958763	12.324102880871328	120	230	67	5.0	87.0	45.0	67	3.0	29.0	15.0	456	0	0.09374380111694336	12100	9.061879634857178	10402	14.033057851239676	
43401595830598.26	67.0	4.717171717171717	78.79797979797979	40.75757575757576	12.324102880871328	121	232	67	5.0	87.0	45.0	67	3.0	29.0	15.0	459	0	0.06249547004699707	12200	9.124375104904175	10496	13.967213114754102	
1800692684135.196	67.0	4.726315789473684	79.06315789473685	40.89473684210526	12.324102880871328	122	237	67	5.0	87.0	45.0	67	3.0	29.0	15.0	461	0	0.062494516372680664	12300	9.186869621276855	10589	13.910569105691067	
1.0336111212004664e+17	67.0	4.717391304347826	78.80434782608695	40.76086956521739	12.324102880871328	123	246	67	5.0	87.0	45.0	67	3.0	29.0	15.0	463	0	0.07812023162841797	12400	9.264989852905273	10678	13.887096774193552	
6.457671568285468e+34	67.0	4.8125	81.5625	42.1875	12.323687107636662	124	250	67	5.0	87.0	45.0	67	3.0	29.0	15.0	474	0	0.06249570846557617	12500	9.32748556137085	10759	13.927999999999997	
2426342298.725992	67.0	4.808510638297872	81.44680851063829	42.12765957446808	12.323687107636662	125	257	67	5.0	87.0	45.0	67	3.0	29.0	15.0	483	0	0.04687309265136719	12600	9.374358654022217	10840	13.968253968253961	
3.714137200208502e+20	67.0	4.714285714285714	78.71428571428571	40.714285714285715	12.322514496102787	126	260	67	5.0	87.0	45.0	67	3.0	29.0	15.0	486	0	0.06249570846557617	12700	9.436854362487793	10931	13.929133858267718	
4.457014053450535e+18	67.0	4.865979381443299	83.11340206185567	42.98969072164948	12.322514496102787	127	264	67	5.0	87.0	45.0	67	3.0	29.0	15.0	494	0	0.06249642372131348	12800	9.499350786209106	11015	13.9453125	
526993960043798.5	67.0	4.791666666666667	80.95833333333333	41.875	12.322514496102787	128	269	67	5.0	87.0	45.0	67	3.0	29.0	15.0	499	0	0.07811880111694336	12900	9.57746958732605	11103	13.930232558139537	
426533236248810.7	67.0	4.575757575757576	74.6969696969697	38.63636363636363	12.322514496102787	129	270	67	5.0	87.0	45.0	67	3.0	29.0	15.0	506	0	0.06249427795410156	13000	9.639963865280151	11187	13.946153846153848	
2.7430023369856596e+16	67.0	4.505154639175258	72.64948453608247	37.577319587628864	12.318089380583203	130	273	67	5.0	87.0	45.0	67	3.0	29.0	15.0	513	0	0.06249523162841797	13100	9.70245909690857	11272	13.954198473282446	
3147843619301.5625	67.0	4.443298969072165	70.85567010309278	36.649484536082475	12.318089380583203	131	276	67	5.0	87.0	45.0	67	3.0	29.0	15.0	514	0	0.06249547004699707	13200	9.764954566955566	11362	13.924242424242422	
6.550647089743497e+29	67.0	4.408163265306122	69.83673469387755	36.12244897959184	12.318089380583203	132	278	67	5.0	87.0	45.0	67	3.0	29.0	15.0	524	0	0.07811975479125977	13300	9.843074321746826	11444	13.954887218045116	
3300560881219.1313	67.0	4.3061224489795915	66.87755102040816	34.59183673469388	12.318089380583203	133	280	67	5.0	87.0	45.0	67	3.0	29.0	15.0	531	0	0.062496185302734375	13400	9.90557050704956	11533	13.93283582089552	
1258606464.1961222	67.0	4.288659793814433	66.37113402061856	34.329896907216494	12.318089380583203	134	283	67	5.0	87.0	45.0	67	3.0	29.0	15.0	540	0	0.06249499320983887	13500	9.9680655002594	11617	13.94814814814815	
15153345.33528539	67.0	4.252525252525253	65.32323232323232	33.78787878787879	12.318089380583203	135	284	67	5.0	87.0	45.0	67	3.0	29.0	15.0	545	0	0.06249666213989258	13600	10.030562162399292	11703	13.94852941176471	
7.072644558404193e+18	67.0	4.291666666666667	66.45833333333333	34.375	12.318089380583203	136	288	67	5.0	87.0	45.0	67	3.0	29.0	15.0	552	0	0.06249547004699707	13700	10.093057632446289	11789	13.948905109489047	
133105938906.38412	67.0	4.22	64.38	33.3	12.318089380583203	137	288	67	5	87	45	67	3	29	15	558	0	0.04687190055847168	13800	10.13992953300476	11873	13.963768115942031	
32928648.67469371	67.0	4.12	61.48	31.8	12.318089380583203	138	288	67	5	87	45	67	3	29	15	561	0	0.06249523162841797	13900	10.202424764633179	11961	13.949640287769782	
982529188.1420796	67.0	4.142857142857143	62.142857142857146	32.142857142857146	12.318079688810862	139	290	67	5.0	87.0	45.0	67	3.0	29.0	15.0	569	0	0.06249570846557617	14000	10.264920473098755	12048	13.94285714285715	
7.529668406293807e+25	67.0	4.1313131313131315	61.80808080808081	31.96969696969697	12.318079688810862	140	291	67	5.0	87.0	45.0	67	3.0	29.0	15.0	575	0	0.06249594688415527	14100	10.32741641998291	12132	13.957446808510639	
106193340.79698211	67.0	4.171717171717172	62.97979797979798	32.57575757575758	12.318079688810862	141	292	67	5.0	87.0	45.0	67	3.0	29.0	15.0	586	0	0.06249523162841797	14200	10.389911651611328	12214	13.985915492957744	
580406475203567.1	67.0	4.26	65.54	33.9	12.318079688810862	142	292	67	5	87	45	67	3	29	15	593	0	0.06249666213989258	14300	10.45240831375122	12301	13.979020979020987	
933659049190409.4	67.0	4.14	62.06	32.1	12.318079688810862	143	292	67	5	87	45	67	3	29	15	598	0	0.046871185302734375	14400	10.499279499053955	12388	13.972222222222214	
2595796234143.5225	67.0	4.15	62.35	32.25	12.318079688810862	144	292	67	5	87	45	67	3	29	15	602	0	0.06249594688415527	14500	10.56177544593811	12475	13.965517241379317	
58159145.19598242	67.0	4.071428571428571	60.07142857142857	31.071428571428573	12.318079688810862	145	294	67	5.0	87.0	45.0	67	3.0	29.0	15.0	610	0	0.06249880790710449	14600	10.624274253845215	12562	13.958904109589042	
523322718.8112644	67.0	4.14	62.06	32.1	12.318079688810862	146	294	67	5	87	45	67	3	29	15	618	0	0.06249284744262695	14700	10.686767101287842	12648	13.959183673469383	
571535193108154.5	67.0	4.09	60.61	31.35	12.318079688810862	147	294	67	5	87	45	67	3	29	15	628	0	0.04687166213989258	14800	10.733638763427734	12724	14.027027027027032	
10932011989.472532	67.0	4.070707070707071	60.05050505050505	31.060606060606062	12.318079688810862	148	295	67	5.0	87.0	45.0	67	3.0	29.0	15.0	635	0	0.06249547004699707	14900	10.796134233474731	12809	14.033557046979865	
385094.84507466434	67.0	4.0	58.0	30.0	12.318079688810862	149	296	67	5.0	87.0	45.0	67	3.0	29.0	15.0	642	0	0.062496185302734375	15000	10.858630418777466	12891	14.059999999999988	
256757925.50086287	67.0	3.98	57.42	29.7	12.318079688810862	150	296	67	5	87	45	67	3	29	15	649	0	0.04687142372131348	15100	10.90550184249878	12971	14.099337748344382	
2635305.414057315	67.0	4.01	58.29	30.15	12.318079688810862	151	296	67	5	87	45	67	3	29	15	659	0	0.06249570846557617	15200	10.967997550964355	13054	14.118421052631575	
82686202.15762569	67.0	3.97	57.13	29.55	12.318079688810862	152	296	67	5	87	45	67	3	29	15	664	0	0.06249713897705078	15300	11.030494689941406	13139	14.124183006535958	
418.29037039549905	67.0	4.02	58.58	30.3	12.318079688810862	153	296	67	5	87	45	67	3	29	15	675	0	0.062494754791259766	15400	11.092989444732666	13217	14.175324675324674	
4578291789.60876	67.0	4.1	60.9	31.5	12.318079688810862	154	296	67	5	87	45	67	3	29	15	680	0	0.04687142372131348	15500	11.13986086845398	13302	14.180645161290315	
2.0978656576490896e+16	67.0	3.99	57.71	29.85	12.318077257483326	155	296	67	5	87	45	67	3	29	15	687	0	0.04687166213989258	15600	11.186732530593872	13389	14.17307692307692	
968295063.240637	67.0	3.99	57.71	29.85	12.318077257483326	156	296	67	5	87	45	67	3	29	15	692	0	0.062496185302734375	15700	11.249228715896606	13476	14.165605095541395	
486811406310193.2	67.0	4.01010101010101	58.292929292929294	30.151515151515152	12.317958616324079	157	297	67	5.0	87.0	45.0	67	3.0	29.0	15.0	698	0	0.06249523162841797	15800	11.311723947525024	13564	14.151898734177209	
357584.64831310057	67.0	3.99	57.71	29.85	12.317958616324079	158	297	67	5	87	45	67	3	29	15	706	0	0.04687213897705078	15900	11.358596086502075	13648	14.16352201257861	
3.6023861664025016e+16	67.0	4.0606060606060606	59.75757575757576	30.90909090909091	12.317958616324079	159	298	67	5.0	87.0	45.0	67	3.0	29.0	15.0	716	0	0.06249547004699707	16000	11.421091556549072	13733	14.168750000000003	
663622043613071.9	67.0	4.12	61.48	31.8	12.317889368652986	160	298	67	5	87	45	67	3	29	15	725	0	0.062496185302734375	16100	11.483587741851807	13819	14.167701863354026	
481080.8674679518	67.0	4.08	60.32	31.2	12.317889368652986	161	298	67	5	87	45	67	3	29	15	739	0	0.06249594688415527	16200	11.546083688735962	13899	14.20370370370371	
566321146241.044	67.0	4.020408163265306	58.59183673469388	30.306122448979593	12.317889368652986	162	300	67	5.0	87.0	45.0	67	3.0	29.0	15.0	746	0	0.062496185302734375	16300	11.608579874038696	13982	14.220858895705518	
47.22062382333641	67.0	3.98	57.42	29.7	12.317889368652986	163	300	67	5	87	45	67	3	29	15	752	0	0.04687070846557617	16400	11.655450582504272	14068	14.21951219512195	
1246.667840561918	67.0	3.97	57.13	29.55	12.317889368652986	164	300	67	5	87	45	67	3	29	15	761	0	0.04687166213989258	16500	11.702322244644165	14154	14.218181818181819	
1.0101078229643201e+23	67.0	4.02020202020202	58.58585858585859	30.303030303030305	12.317889368652986	165	301	67	5.0	87.0	45.0	67	3.0	29.0	15.0	766	0	0.03124833106994629	16600	11.733570575714111	14240	14.216867469879517	
105394649.99322864	67.0	3.99	57.71	29.85	12.317889368652986	166	301	67	5	87	45	67	3	29	15	775	0	0.04687142372131348	16700	11.780441999435425	14322	14.23952095808383	
259583977.25335312	67.0	4.03	58.87	30.45	12.317750848565337	167	301	67	5	87	45	67	3	29	15	782	0	0.04687190055847168	16800	11.827313899993896	14404	14.26190476190476	
39254952244914.41	67.0	4.08080808080808	60.343434343434346	31.21212121212121	12.317750848565337	168	302	67	5.0	87.0	45.0	67	3.0	29.0	15.0	786	0	0.062496185302734375	16900	11.88981008529663	14490	14.26035502958581	
1686623556.5715096	67.0	4.04	59.16	30.6	12.317750848565337	169	302	67	5	87	45	67	3	29	15	789	0	0.04687094688415527	17000	11.936681032180786	14579	14.241176470588229	
109354380.1366741	67.0	3.98989898989899	57.707070707070706	29.848484848484848	12.317557993828476	170	303	67	5.0	87.0	45.0	67	3.0	29.0	15.0	793	0	0.06249666213989258	17100	11.999177694320679	14666	14.233918128654963	
1.096688382711856e+23	67.0	4.02	58.58	30.3	12.317557993828476	171	303	67	5	87	45	67	3	29	15	799	0	0.06249499320983887	17200	12.061672687530518	14751	14.238372093023258	
900011.0572454054	67.0	4.03	58.87	30.45	12.317557993828476	172	303	67	5	87	45	67	3	29	15	812	0	0.04687190055847168	17300	12.10854458808899	14831	14.271676300578036	
70203.48314467429	67.0	3.95	56.55	29.25	12.317557993828476	173	303	67	5	87	45	67	3	29	15	818	0	0.04687190055847168	17400	12.155416488647461	14917	14.270114942528735	
274544345.3037303	67.0	4.02	58.58	30.3	12.317557993828476	174	303	67	5	87	45	67	3	29	15	827	0	0.031247615814208984	17500	12.18666410446167	14997	14.302857142857135	
459659307.04611933	67.0	4.061224489795919	59.775510204081634	30.918367346938776	12.317557993828476	175	305	67	5.0	87.0	45.0	67	3.0	29.0	15.0	835	0	0.04687213897705078	17600	12.23353624343872	15084	14.295454545454547	
1012171794.5429993	67.0	4.06	59.74	30.9	12.317557993828476	176	305	67	5	87	45	67	3	29	15	846	0	0.04687166213989258	17700	12.280407905578613	15168	14.305084745762713	
821658771.2881856	67.0	4.071428571428571	60.07142857142857	31.071428571428573	12.317557993828476	177	307	67	5.0	87.0	45.0	67	3.0	29.0	15.0	855	0	0.04687166213989258	17800	12.327279567718506	15248	14.337078651685403	
1.7073779619287043e+17	67.0	4.07	60.03	31.05	12.317557993828476	178	307	67	5	87	45	67	3	29	15	866	0	0.06249570846557617	17900	12.389775276184082	15330	14.357541899441344	
1285817352.129033	67.0	4.01	58.29	30.15	12.317557993828476	179	307	67	5	87	45	67	3	29	15	874	0	0.046872854232788086	18000	12.43664813041687	15416	14.355555555555554	
5.174904859615637e+26	67.0	4.07	60.03	31.05	12.317557993828476	180	307	67	5	87	45	67	3	29	15	880	0	0.04687094688415527	18100	12.483519077301025	15502	14.353591160220986	
828815677.498097	67.0	4.04	59.16	30.6	12.317557993828476	181	307	67	5	87	45	67	3	29	15	889	0	0.06249547004699707	18200	12.546014547348022	15589	14.34615384615384	
216904927.44925275	67.0	4.09	60.61	31.35	12.317557993828476	182	307	67	5	87	45	67	4	58	30	898	0	0.04687166213989258	18300	12.592886209487915	15675	14.344262295081961	
1.0318317721868003e+28	67.0	4.091836734693878	60.66326530612245	31.377551020408163	12.317557993828476	183	309	67	5.0	87.0	45.0	67	3.0	29.0	15.0	904	0	0.06249690055847168	18400	12.655383110046387	15760	14.347826086956516	
8.520356427444219e+20	67.0	4.06	59.74	30.9	12.317557993828476	184	309	67	5	87	45	67	3	29	15	918	0	0.031247377395629883	18500	12.686630487442017	15842	14.367567567567562	
219156563.23845127	67.0	3.98	57.42	29.7	12.317557993828476	185	309	67	5	87	45	67	3	29	15	926	0	0.04687237739562988	18600	12.733502864837646	15927	14.370967741935488	
449751778.397449	67.0	3.98	57.42	29.7	12.317557993828476	186	309	67	5	87	45	67	3	29	15	936	0	0.062494516372680664	18700	12.795997381210327	16008	14.395721925133685	
724529664.1501939	67.0	4.01	58.29	30.15	12.317557993828476	187	309	67	5	87	45	67	3	29	15	945	0	0.06249570846557617	18800	12.858493089675903	16094	14.393617021276597	
73140.72598696192	67.0	4.03	58.87	30.45	12.317557993828476	188	309	67	5	87	45	67	3	29	15	952	0	0.04687166213989258	18900	12.905364751815796	16183	14.37566137566138	
2189291492.766486	67.0	4.03030303030303	58.878787878787875	30.454545454545453	12.317557993828476	189	310	67	5.0	87.0	45.0	67	3.0	29.0	15.0	959	0	0.06249594688415527	19000	12.967860698699951	16266	14.389473684210529	
2514482104.561726	67.0	4.07	60.03	31.05	12.317557993828476	190	310	67	5	87	45	67	3	29	15	966	0	0.06249690055847168	19100	13.030357599258423	16353	14.382198952879577	
86112284280266.27	67.0	4.101010101010101	60.92929292929293	31.515151515151516	12.317557993828476	191	311	67	5.0	87.0	45.0	67	3.0	29.0	15.0	974	0	0.06249594688415527	19200	13.092853546142578	16439	14.380208333333329	
19687759180497.51	67.0	4.06	59.74	30.9	12.317557993828476	192	311	67	5	87	45	67	3	29	15	975	0	0.04687142372131348	19300	13.139724969863892	16528	14.362694300518129	
29256366.376193326	67.0	4.08	60.32	31.2	12.317557993828476	193	311	67	5	87	45	67	3	29	15	982	0	0.062496185302734375	19400	13.202221155166626	16612	14.371134020618555	
174332633.253215	67.0	4.05	59.45	30.75	12.317557993828476	194	311	67	5	87	45	67	3	29	15	985	0	0.06249523162841797	19500	13.264716386795044	16701	14.353846153846149	
747567.325013492	67.0	4.04	59.16	30.6	12.317557993828476	195	311	67	5	87	45	67	3	29	15	992	0	0.046871185302734375	19600	13.311587572097778	16787	14.352040816326522	
12980737313.442202	67.0	4.05	59.45	30.75	12.317557993828476	196	311	67	5	87	45	67	3	29	15	996	0	0.062496185302734375	19700	13.374083757400513	16876	14.335025380710661	
662033289.2241993	67.0	4.01	58.29	30.15	12.317557993828476	197	311	67	5	87	45	67	3	29	15	1009	0	0.06249570846557617	19800	13.436579465866089	16957	14.358585858585855	
756519158.7434664	67.0	3.95	56.55	29.25	12.317557993828476	198	311	67	5	87	45	67	3	29	15	1014	0	0.046871185302734375	19900	13.483450651168823	17045	14.346733668341699	
56923421.53496153	67.0	3.99	57.71	29.85	12.317557993828476	199	311	67	5	87	45	67	3	29	15	1020	0	0.06249594688415527	20000	13.545946598052979	17131	14.344999999999999	
4.47505176774283e+26	67.0	4.03	58.87	30.45	12.317557993828476	200	311	67	5	87	45	67	3	29	15	1028	0	0.062496185302734375	20100	13.608442783355713	17214	14.358208955223887	
1.0217167238589226e+30	67.0	4.1	60.9	31.5	12.317557993828476	201	311	67	5	87	45	67	3	29	15	1038	0	0.04687094688415527	20200	13.655313730239868	17299	14.361386138613867	
1688313611.6855526	67.0	4.02	58.58	30.3	12.317543997077767	202	311	67	5	87	45	67	3	29	15	1042	0	0.04687190055847168	20300	13.70218563079834	17387	14.349753694581281	
1573021560.624244	67.0	4.03	58.87	30.45	12.317543997077767	203	311	67	5	87	45	67	3	29	15	1050	0	0.06249547004699707	20400	13.764681100845337	17477	14.32843137254902	
1043688365.2186424	67.0	4.03	58.87	30.45	12.317523009401977	204	312	67	5	87	45	67	3	29	15	1063	0	0.031248092651367188	20500	13.795929193496704	17556	14.360975609756096	
305611145.4201768	67.0	4.08	60.32	31.2	12.317523009401977	205	312	67	5	87	45	67	3	29	15	1074	0	0.07811951637268066	20600	13.874048709869385	17633	14.40291262135922	
98143465.19675513	67.0	3.94	56.26	29.1	12.317523009401977	206	312	67	5	87	45	67	3	29	15	1079	0	0.04687190055847168	20700	13.920920610427856	17718	14.40579710144928	
1.678603923714704e+23	67.0	4.02	58.58	30.3	12.317523009401977	207	312	67	5	87	45	67	3	29	15	1089	0	0.04687190055847168	20800	13.967792510986328	17800	14.423076923076934	
9.892820083853002e+22	67.0	4.01	58.29	30.15	12.317523009401977	208	312	67	5	87	45	67	3	29	15	1093	0	0.06249499320983887	20900	14.030287504196167	17885	14.42583732057416	
16601869.763078857	67.0	3.9696969696969697	57.121212121212125	29.545454545454547	12.317519512325239	209	313	67	5.0	87.0	45.0	67	3.0	29.0	15.0	1101	0	0.04687237739562988	21000	14.077159881591797	17964	14.457142857142856	
252460607.771833	67.0	4.0	58.0	30.0	12.313977524189037	210	313	67	5	87	45	67	3	29	15	1110	0	0.06249690055847168	21100	14.139656782150269	18047	14.469194312796205	
236341537186.0305	67.0	4.05050505050505	59.464646464646464	30.757575757575758	12.313977524189037	211	314	67	5.0	87.0	45.0	67	3.0	29.0	15.0	1117	0	0.062494754791259766	21200	14.202151536941528	18125	14.504716981132077	
3793168.2058622534	67.0	3.94	56.26	29.1	12.313977524189037	212	314	67	5	87	45	67	3	29	15	1127	0	0.04687142372131348	21300	14.249022960662842	18204	14.535211267605632	
303464179.9849395	67.0	3.97	57.13	29.55	12.313977524189037	213	314	67	5	87	45	67	3	29	15	1134	0	0.062496185302734375	21400	14.311519145965576	18292	14.523364485981304	
88810722.27534623	67.0	4.04	59.16	30.6	12.313977524189037	214	314	67	5	87	45	67	3	29	15	1149	0	0.04687166213989258	21500	14.358390808105469	18371	14.553488372093028	
26159337.600666523	67.0	4.01	58.29	30.15	12.313522629034322	215	314	67	5	87	45	67	3	29	15	1157	0	0.06249547004699707	21600	14.420886278152466	18457	14.550925925925924	
15091604.819871599	67.0	3.94	56.26	29.1	12.313522629034322	216	314	67	5	87	45	67	3	29	15	1166	0	0.04687190055847168	21700	14.467758178710938	18538	14.57142857142857	
798715199.2186812	67.0	3.97	57.13	29.55	12.313522629034322	217	314	67	5	87	45	67	3	29	15	1176	0	0.06249523162841797	21800	14.530253410339355	18622	14.577981651376149	
265875900.3765662	67.0	4.01	58.29	30.15	12.313522629034322	218	314	67	5	87	45	67	3	29	15	1186	0	0.04687333106994629	21900	14.577126741409302	18708	14.575342465753423	
111505.89881294957	67.0	4.02	58.58	30.3	12.313522629034322	219	314	67	5	87	45	67	3	29	15	1199	0	0.046871185302734375	22000	14.623997926712036	18787	14.604545454545459	
3.2286884909673103e+18	67.0	3.97	57.13	29.55	12.313522629034322	220	314	67	5	87	45	67	3	29	15	1206	0	0.06249523162841797	22100	14.686493158340454	18872	14.60633484162895	
1.0662261645930295e+23	67.0	3.96	56.84	29.4	12.313522629034322	221	314	67	5	87	45	67	3	29	15	1217	0	0.04687190055847168	22200	14.733365058898926	18952	14.63063063063062	
1.0430473349279624e+23	67.0	3.96	56.84	29.4	12.313522629034322	222	314	67	5	87	45	67	3	29	15	1226	0	0.04687190055847168	22300	14.780236959457397	19029	14.668161434977577	
5.037090094953013e+34	67.0	3.97	57.13	29.55	12.313522629034322	223	314	67	5	87	45	67	3	29	15	1234	0	0.06249523162841797	22400	14.842732191085815	19111	14.683035714285722	
344358449.25770575	67.0	4.04	59.16	30.6	12.313522629034322	224	314	67	5	87	45	67	3	29	15	1243	0	0.04687237739562988	22500	14.889604568481445	19191	14.706666666666663	
7805857961.054577	67.0	3.99	57.71	29.85	12.313522629034322	225	314	67	5	87	45	67	3	29	15	1251	0	0.046871185302734375	22600	14.93647575378418	19276	14.707964601769902	
541246944.131275	67.0	4.0	58.0	30.0	12.313522629034322	226	314	67	5	87	45	67	3	29	15	1261	0	0.04687213897705078	22700	14.98334789276123	19359	14.718061674008808	
6.392070019064641e+22	67.0	4.01	58.29	30.15	12.313522629034322	227	314	67	5	87	45	67	3	29	15	1274	0	0.06249570846557617	22800	15.045843601226807	19441	14.732456140350877	
1.0318317721868104e+23	67.0	4.01	58.29	30.15	12.313522629034322	228	314	67	5	87	45	67	3	29	15	1282	0	0.031247854232788086	22900	15.077091455459595	19530	14.71615720524018	
290333422.2064967	67.0	3.99	57.71	29.85	12.313522629034322	229	314	67	5	87	45	67	3	29	15	1290	0	0.06249570846557617	23000	15.139587163925171	19609	14.743478260869566	
343441757.71161866	67.0	4.0	58.0	30.0	12.313522629034322	230	314	67	5	87	45	67	3	29	15	1301	0	0.04687190055847168	23100	15.186459064483643	19692	14.753246753246756	
751553788946270.9	67.0	3.97	57.13	29.55	12.313522629034322	231	314	67	5	87	45	67	3	29	15	1305	0	0.06249594688415527	23200	15.248955011367798	19775	14.762931034482762	
21907529.174637426	67.0	4.02	58.58	30.3	12.313522629034322	232	314	67	5	87	45	67	3	29	15	1318	0	0.06249547004699707	23300	15.311450481414795	19852	14.798283261802581	
17855748.28024071	67.0	4.06	59.74	30.9	12.313522629034322	233	314	67	5	87	45	67	3	29	15	1329	0	0.04687190055847168	23400	15.358322381973267	19936	14.803418803418793	
1.6635655102604223e+23	67.0	3.98	57.42	29.7	12.313522629034322	234	314	67	5	87	45	67	3	29	15	1337	0	0.062496185302734375	23500	15.420818567276001	20015	14.829787234042556	
359912345.0714934	67.0	3.99	57.71	29.85	12.313522629034322	235	314	67	5	87	45	67	3	29	15	1342	0	0.04687142372131348	23600	15.467689990997314	20102	14.822033898305094	
29734.26589408806	67.0	4.02020202020202	58.58585858585859	30.303030303030305	12.313522629034322	236	315	67	5.0	87.0	45.0	67	3.0	29.0	15.0	1352	0	0.06249594688415527	23700	15.53018593788147	20185	14.831223628691987	
40131071.65309519	67.0	4.0	58.0	30.0	12.313522629034322	237	315	67	5	87	45	67	3	29	15	1358	0	0.04687213897705078	23800	15.57705807685852	20274	14.815126050420162	
457252524.6235932	67.0	3.96	56.84	29.4	12.313522629034322	238	315	67	5	87	45	67	3	29	15	1364	0	0.062494754791259766	23900	15.63955283164978	20356	14.828451882845187	
87363245.18457438	67.0	4.01	58.29	30.15	12.313522629034322	239	315	67	5	87	45	67	3	29	15	1369	0	0.04687190055847168	24000	15.686424732208252	20442	14.825000000000003	
1.1820389595355367e+22	67.0	4.0	58.0	30.0	12.313522629034322	240	315	67	5	87	45	67	3	29	15	1376	0	0.062496185302734375	24100	15.748920917510986	20526	14.829875518672196	
270633936.23147637	67.0	3.98	57.42	29.7	12.313522629034322	241	315	67	5	87	45	67	3	29	15	1384	0	0.06249523162841797	24200	15.811416149139404	20611	14.830578512396698	
962198876.430535	67.0	4.0	58.0	30.0	12.313522629034322	242	315	67	5	87	45	67	3	29	15	1389	0	0.06249547004699707	24300	15.873911619186401	20700	14.81481481481481	
1089760750349100.2	67.0	4.061224489795919	59.775510204081634	30.918367346938776	12.313522629034322	243	317	67	5.0	87.0	45.0	67	3.0	29.0	15.0	1394	0	0.046872854232788086	24400	15.92078447341919	20791	14.790983606557376	
1693334.8942391027	67.0	4.16	62.64	32.4	12.313522629034322	244	317	67	5	87	45	67	3	29	15	1403	0	0.062494516372680664	24500	15.98327898979187	20874	14.799999999999997	
2909802973.2990108	67.0	4.05050505050505	59.464646464646464	30.757575757575758	12.313522629034322	245	318	67	5.0	87.0	45.0	67	3.0	29.0	15.0	1411	0	0.04687237739562988	24600	16.0301513671875	20958	14.804878048780495	
1357700670.4675744	67.0	4.03	58.87	30.45	12.313522629034322	246	318	67	5	87	45	67	3	29	15	1418	0	0.06249547004699707	24700	16.092646837234497	21046	14.793522267206484	
184884387.9462028	67.0	4.12	61.48	31.8	12.313522629034322	247	318	67	5	87	45	67	3	29	15	1424	0	0.04687166213989258	24800	16.13951849937439	21135	14.778225806451616	
470286051.36200356	67.0	4.06	59.74	30.9	12.313522629034322	248	319	67	5	87	45	67	3	29	15	1430	0	0.04687213897705078	24900	16.18639063835144	21223	14.767068273092363	
2397196951.9281077	67.0	4.06	59.74	30.9	12.313522629034322	249	319	67	5	87	45	67	3	29	15	1436	0	0.06249570846557617	25000	16.248886346817017	21307	14.771999999999991	
29871592.85928116	67.0	3.98989898989899	57.707070707070706	29.848484848484848	12.313522629034322	250	320	67	5.0	87.0	45.0	67	3.0	29.0	15.0	1443	0	0.031248092651367188	25100	16.280134439468384	21393	14.768924302788847	
2.476269667140234e+24	67.0	4.03	58.87	30.45	12.313522629034322	251	320	67	5	87	45	67	3	29	15	1448	0	0.06249570846557617	25200	16.34263014793396	21480	14.76190476190476	
6.985650937870048e+19	67.0	4.03	58.87	30.45	12.313522629034322	252	320	67	5	87	45	67	3	29	15	1454	0	0.06249570846557617	25300	16.405125856399536	21570	14.743083003952577	
6107164784450590.0	67.0	4.02	58.58	30.3	12.313522629034322	253	320	67	5	87	45	67	3	29	15	1462	0	0.04687142372131348	25400	16.45199728012085	21647	14.77559055118111	
65098947.861386165	67.0	4.01	58.29	30.15	12.313522629034322	254	320	67	5	87	45	67	3	29	15	1466	0	0.06249547004699707	25500	16.514492750167847	21734	14.76862745098039	
828132651.6597775	67.0	4.01	58.29	30.15	12.313522629034322	255	320	67	5	87	45	67	3	29	15	1471	0	0.04687190055847168	25600	16.56136465072632	21821	14.76171875	
292421865.9840186	67.0	4.05	59.45	30.75	12.313522629034322	256	320	67	5	87	45	67	3	29	15	1479	0	0.046872854232788086	25700	16.608237504959106	21906	14.762645914396884	
8.363891469703058e+22	67.0	4.07	60.03	31.05	12.313248545324406	257	320	67	5	87	45	67	3	29	15	1484	0	0.06249570846557617	25800	16.670733213424683	21992	14.759689922480618	
6.908570802217046e+16	67.0	3.99	57.71	29.85	12.313189473046695	258	320	67	5	87	45	67	3	29	15	1491	0	0.04687094688415527	25900	16.717604160308838	22079	14.752895752895753	
1657245728.61247	67.0	4.070707070707071	60.05050505050505	31.060606060606062	12.308131445863006	259	321	67	5.0	87.0	45.0	67	3.0	29.0	15.0	1497	0	0.04687166213989258	26000	16.76447582244873	22165	14.75	
614386573524554.0	67.0	4.01	58.29	30.15	12.308131445863006	260	321	67	5	87	45	67	3	29	15	1502	0	0.04687190055847168	26100	16.811347723007202	22257	14.724137931034491	
8110495.786877997	67.0	4.01	58.29	30.15	12.308131445863006	261	321	67	5	87	45	67	3	29	15	1509	0	0.04687213897705078	26200	16.858219861984253	22341	14.729007633587784	
1.6228779198859738e+18	67.0	3.98	57.42	29.7	12.308131445863006	262	321	67	5	87	45	67	3	29	15	1517	0	0.04687142372131348	26300	16.905091285705566	22425	14.733840304182507	
173628388984.21185	67.0	3.97	57.13	29.55	12.308131445863006	263	321	67	5	87	45	67	3	29	15	1520	0	0.04687857627868652	26400	16.951969861984253	22513	14.723484848484844	
89308094.79267292	67.0	3.9797979797979797	57.41414141414141	29.696969696969695	12.308131445863006	264	322	67	5.0	87.0	45.0	67	3.0	29.0	15.0	1522	0	0.046865224838256836	26500	16.99883508682251	22598	14.724528301886792	
290283936.9294836	67.0	4.02	58.58	30.3	12.308131445863006	265	322	67	5	87	45	67	3	29	15	1529	0	0.04687166213989258	26600	17.045706748962402	22686	14.714285714285708	
6.339461524190208e+18	67.0	4.03	58.87	30.45	12.30813054313606	266	322	67	5	87	45	67	3	29	15	1537	0	0.04687166213989258	26700	17.092578411102295	22773	14.707865168539328	
1.1671651314770612e+16	67.0	3.9797979797979797	57.41414141414141	29.696969696969695	12.30813054313606	267	323	67	5.0	87.0	45.0	67	3.0	29.0	15.0	1544	0	0.06249642372131348	26800	17.15507483482361	22856	14.71641791044776	
851415264.4120345	67.0	4.06	59.74	30.9	12.30813054313606	268	323	67	5	87	45	67	3	29	15	1551	0	0.04687094688415527	26900	17.201945781707764	22940	14.721189591078058	
5313367713981.531	67.0	4.01	58.29	30.15	12.30813054313606	269	323	67	5	87	45	67	3	29	15	1555	0	0.04687190055847168	27000	17.248817682266235	23030	14.70370370370371	
2.7733695653560593e+28	67.0	4.02	58.58	30.3	12.30813054313606	270	323	67	5	87	45	67	3	29	15	1564	0	0.04687237739562988	27100	17.295690059661865	23113	14.71217712177122	
1042907170.5311925	67.0	4.01	58.29	30.15	12.30813054313606	271	323	67	5	87	45	67	3	29	15	1576	0	0.04687142372131348	27200	17.34256148338318	23191	14.73897058823529	
1083736540.1142437	67.0	3.99	57.71	29.85	12.30813054313606	272	323	67	5	87	45	67	3	29	15	1580	0	0.06249547004699707	27300	17.405056953430176	23282	14.717948717948715	
745013735.3981514	67.0	3.97	57.13	29.55	12.30813054313606	273	323	67	5	87	45	67	3	29	15	1588	0	0.04687213897705078	27400	17.451929092407227	23366	14.722627737226276	
133922889.72085972	67.0	4.05	59.45	30.75	12.306000993892011	274	323	67	5	87	45	67	3	29	15	1601	0	0.06249570846557617	27500	17.514424800872803	23447	14.738181818181815	
750441041.9318948	67.0	4.04	59.16	30.6	12.305995852918338	275	323	67	5	87	45	67	3	29	15	1612	0	0.046872615814208984	27600	17.56129741668701	23529	14.75	
67713067.45819864	67.0	4.02	58.58	30.3	12.263411749169386	276	323	67	5	87	45	67	3	29	15	1617	0	0.06249523162841797	27700	17.62379264831543	23620	14.729241877256314	
418265068438041.25	67.0	4.101010101010101	60.92929292929293	31.515151515151516	12.263411749169386	277	324	67	5.0	87.0	45.0	67	3.0	29.0	15.0	1621	0	0.04687142372131348	27800	17.670664072036743	23707	14.723021582733807	
775203947.2353691	67.0	4.07	60.03	31.05	12.263405322939882	278	324	67	5	87	45	67	3	29	15	1627	0	0.07812047004699707	27900	17.74878454208374	23796	14.709677419354833	
5688337.567478811	67.0	4.15	62.35	32.25	12.247743520646084	279	324	67	5	87	45	67	3	29	15	1630	0	0.07811927795410156	28000	17.826903820037842	23888	14.685714285714297	
1184643085.714182	67.0	4.24	64.96	33.6	12.247743520646084	280	325	67	5	87	45	67	3	29	15	1645	0	0.06249547004699707	28100	17.88939929008484	23968	14.704626334519574	
228847381.40015703	67.0	4.255102040816326	65.39795918367346	33.826530612244895	12.247743520646084	281	327	67	5.0	87.0	45.0	67	3.0	29.0	15.0	1651	0	0.06249570846557617	28200	17.951894998550415	24056	14.695035460992912	
3.0233708401736556e+16	67.0	4.25	65.25	33.75	12.247743520646084	282	328	67	5	87	45	67	3	29	15	1662	0	0.04687142372131348	28300	17.99876642227173	24139	14.703180212014132	
4041011.7351721996	67.0	4.181818181818182	63.27272727272727	32.72727272727273	12.247743520646084	283	329	67	5.0	87.0	45.0	67	3.0	29.0	15.0	1673	0	0.06249594688415527	28400	18.061262369155884	24221	14.714788732394368	
5223432171.145129	67.0	4.212121212121212	64.15151515151516	33.18181818181818	12.247743520646084	284	330	67	5.0	87.0	45.0	67	3.0	29.0	15.0	1681	0	0.062496185302734375	28500	18.123758554458618	24297	14.747368421052627	
355314504.07694143	67.0	4.173469387755102	63.03061224489796	32.60204081632653	12.247743520646084	285	332	67	5.0	87.0	45.0	67	3.0	29.0	15.0	1692	0	0.046871185302734375	28600	18.170629739761353	24378	14.76223776223776	
203615827.96136492	67.0	4.111111111111111	61.22222222222222	31.666666666666668	12.247743520646084	286	333	67	5.0	87.0	45.0	67	3.0	29.0	15.0	1705	0	0.04687190055847168	28700	18.217501640319824	24462	14.766550522648075	
3946973009585.377	67.0	4.141414141414141	62.101010101010104	32.121212121212125	12.247743520646084	287	334	67	5.0	87.0	45.0	67	3.0	29.0	15.0	1713	0	0.06249570846557617	28800	18.2799973487854	24544	14.777777777777771	
1.635203076939042e+29	67.0	4.040816326530612	59.183673469387756	30.612244897959183	12.24692371893854	288	336	67	5.0	87.0	45.0	67	3.0	29.0	15.0	1721	0	0.04687237739562988	28900	18.32686972618103	24627	14.78546712802769	
612149317555088.1	67.0	4.02	58.58	30.3	12.24692371893854	289	336	67	5	87	45	67	3	29	15	1728	0	0.06249523162841797	29000	18.38936495780945	24715	14.775862068965523	
624938504.4565874	67.0	3.93	55.97	28.95	12.24692371893854	290	336	67	5	87	45	67	3	29	15	1734	0	0.04687166213989258	29100	18.43623661994934	24803	14.766323024054984	
17399377.56519644	67.0	3.99	57.71	29.85	12.24692371893854	291	336	67	5	87	45	67	3	29	15	1744	0	0.03124833106994629	29200	18.467484951019287	24892	14.75342465753424	
7.3615985858794865e+22	67.0	4.01010101010101	58.292929292929294	30.151515151515152	12.244948779158218	292	337	67	5.0	87.0	45.0	67	3.0	29.0	15.0	1751	0	0.04687142372131348	29300	18.5143563747406	24977	14.75426621160409	
315958387.6811907	67.0	4.03030303030303	58.878787878787875	30.454545454545453	12.244948779158218	293	338	67	5.0	87.0	45.0	67	3.0	29.0	15.0	1759	0	0.06249594688415527	29400	18.576852321624756	25064	14.748299319727892	
351609292.5188124	67.0	4.1	60.9	31.5	12.24494877871532	294	338	67	5	87	45	67	3	29	15	1770	0	0.031247615814208984	29500	18.608099937438965	25147	14.755932203389833	
3.8127612901357246e+24	67.0	3.96	56.84	29.4	12.24494877871532	295	338	67	5	87	45	67	3	29	15	1775	0	0.04687166213989258	29600	18.654971599578857	25234	14.75	
1439496510.6849058	67.0	4.05	59.45	30.75	12.24494877871532	296	338	67	5	87	45	67	3	29	15	1781	0	0.04687213897705078	29700	18.701843738555908	25321	14.744107744107751	
413465742123.5516	67.0	4.08080808080808	60.343434343434346	31.21212121212121	12.24494877871532	297	339	67	5.0	87.0	45.0	67	3.0	29.0	15.0	1789	0	0.04687190055847168	29800	18.74871563911438	25410	14.731543624161077	
1.3263269236844974e+19	67.0	4.070707070707071	60.05050505050505	31.060606060606062	12.24494877871532	298	340	67	5.0	87.0	45.0	67	3.0	29.0	15.0	1795	0	0.04687166213989258	29900	18.795587301254272	25500	14.715719063545151	
4517723751.724747	67.0	4.0	58.0	30.0	12.24494877871532	299	340	67	5	87	45	67	3	29	15	1798	0	0.04687190055847168	30000	18.842459201812744	25590	14.700000000000003	
318715903.9367284	67.0	4.14	62.06	32.1	12.24494877871532	300	340	67	5	87	45	67	3	29	15	1808	0	0.06249523162841797	30100	18.904954433441162	25676	14.697674418604663	
619765849.2079669	67.0	4.03030303030303	58.878787878787875	30.454545454545453	12.24494877871532	301	341	67	5.0	87.0	45.0	67	3.0	29.0	15.0	1818	0	0.04687237739562988	30200	18.951826810836792	25759	14.705298013245041	
1447853899.63458	67.0	4.12	61.48	31.8	12.244948778705687	302	341	67	5	87	45	67	3	29	15	1822	0	0.06249523162841797	30300	19.01432204246521	25851	14.683168316831683	
2.0002217108589466e+21	67.0	4.27	65.83	34.05	12.244948778705687	303	341	67	5	87	45	67	3	29	15	1832	0	0.06249547004699707	30400	19.076817512512207	25937	14.680921052631575	
303824513.4417427	67.0	4.224489795918367	64.51020408163265	33.36734693877551	12.224216854277481	304	343	67	5.0	87.0	45.0	67	3.0	29.0	15.0	1836	0	0.04687213897705078	30500	19.123689651489258	26025	14.67213114754098	
491084805.21852773	67.0	4.242424242424242	65.03030303030303	33.63636363636363	12.224216854277481	305	344	67	5.0	87.0	45.0	67	3.0	29.0	15.0	1843	0	0.06249594688415527	30600	19.186185598373413	26110	14.673202614379093	
78597509892.01967	67.0	4.141414141414141	62.101010101010104	32.121212121212125	12.209590456172624	306	345	67	5.0	87.0	45.0	67	3.0	29.0	15.0	1849	0	0.04687190055847168	30700	19.233057498931885	26195	14.674267100977204	
12651999499.897667	67.0	4.040404040404041	59.17171717171717	30.606060606060606	12.188762965864516	307	346	67	5.0	87.0	45.0	67	3.0	29.0	15.0	1858	0	0.04687142372131348	30800	19.2799289226532	26281	14.672077922077918	
136148581.47613734	67.0	4.03	58.87	30.45	12.188762965864516	308	347	67	5	87	45	67	3	29	15	1869	0	0.06249594688415527	30900	19.342424869537354	26363	14.682847896440137	
1176798488357.5576	67.0	4.08	60.32	31.2	12.188762965864516	309	347	67	5	87	45	67	3	29	15	1872	0	0.06249547004699707	31000	19.40492033958435	26456	14.65806451612903	
7657652549.979317	67.0	4.03	58.87	30.45	12.188762965864516	310	347	67	5	87	45	67	3	29	15	1874	0	0.04687237739562988	31100	19.45179271697998	26549	14.633440514469456	
83888917.14912277	67.0	4.0	58.0	30.0	12.188762965864516	311	347	67	5	87	45	67	3	29	15	1885	0	0.06249690055847168	31200	19.514289617538452	26635	14.631410256410263	
2.3498450554677265e+23	67.0	3.99	57.71	29.85	12.188762965864516	312	347	67	5	87	45	67	3	29	15	1893	0	0.06249499320983887	31300	19.57678461074829	26720	14.632587859424916	
3075189.1271506553	67.0	4.02020202020202	58.58585858585859	30.303030303030305	12.188762965864516	313	348	67	5.0	87.0	45.0	67	3.0	29.0	15.0	1898	0	0.06249547004699707	31400	19.639280080795288	26801	14.646496815286625	
1.1227729645650392e+39	67.0	4.02	58.58	30.3	12.188762965864516	314	348	67	5	87	45	67	3	29	15	1911	0	0.04687166213989258	31500	19.68615174293518	26886	14.647619047619045	
1680220173.3243198	67.0	4.04	59.16	30.6	12.188762965864516	315	348	67	5	87	45	67	3	29	15	1917	0	0.04687166213989258	31600	19.733023405075073	26973	14.642405063291136	
1111170283.9469855	67.0	4.08080808080808	60.343434343434346	31.21212121212121	12.188762965864516	316	349	67	5.0	87.0	45.0	67	3.0	29.0	15.0	1927	0	0.06249570846557617	31700	19.79551911354065	27056	14.64984227129338	
3929509.9514636393	67.0	4.05	59.45	30.75	12.188762965864516	317	349	67	5	87	45	67	3	29	15	1936	0	0.04687237739562988	31800	19.84239149093628	27142	14.647798742138363	
876135460.3573241	67.0	4.02	58.58	30.3	12.17561780039815	318	349	67	5	87	45	67	3	29	15	1943	0	0.031247854232788086	31900	19.873639345169067	27225	14.65517241379311	
948494889.9948158	67.0	4.01	58.29	30.15	12.17561780039815	319	349	67	5	87	45	67	3	29	15	1956	0	0.046872854232788086	32000	19.920512199401855	27302	14.681250000000006	
387378302.37551874	67.0	4.05050505050505	59.464646464646464	30.757575757575758	12.165044682589643	320	350	67	5.0	87.0	45.0	67	3.0	29.0	15.0	1967	0	0.06249547004699707	32100	19.983007669448853	27386	14.685358255451703	
733266579.9113276	67.0	3.98	57.42	29.7	12.165044682589643	321	350	67	5	87	45	67	3	29	15	1976	0	0.04687333106994629	32200	20.0298810005188	27471	14.686335403726716	
203608770.39747736	67.0	4.01	58.29	30.15	12.165044682589643	322	350	67	5	87	45	67	3	29	15	1985	0	0.06249356269836426	32300	20.092374563217163	27560	14.674922600619198	
2613301129.7681055	67.0	4.03	58.87	30.45	12.165044682589643	323	350	67	5	87	45	67	3	29	15	1992	0	0.06249642372131348	32400	20.154870986938477	27649	14.663580246913583	
2017048277.3045218	67.0	4.0	58.0	30.0	12.165044682589643	324	350	67	5	87	45	67	3	29	15	1996	0	0.04687356948852539	32500	20.201744556427002	27739	14.649230769230769	
505069116.909086	67.0	3.99	57.71	29.85	12.165044682589643	325	350	67	5	87	45	67	3	29	15	2002	0	0.031246185302734375	32600	20.232990741729736	27828	14.638036809815944	
1387249083.1229205	67.0	3.97	57.13	29.55	12.165044682589643	326	350	67	5	87	45	67	3	29	15	2009	0	0.06249427795410156	32700	20.295485019683838	27912	14.64220183486239	
35398461.490374	67.0	4.040404040404041	59.17171717171717	30.606060606060606	12.165044682589643	327	351	67	5.0	87.0	45.0	67	3.0	29.0	15.0	2015	0	0.06249690055847168	32800	20.35798192024231	27994	14.652439024390247	
830358437.976841	67.0	4.02	58.58	30.3	12.14960603594691	328	351	67	5	87	45	67	3	29	15	2020	0	0.03124713897705078	32900	20.38922905921936	28080	14.65045592705168	
140278799.55345526	67.0	4.02	58.58	30.3	12.14960603594691	329	351	67	5	87	45	67	3	29	15	2029	0	0.04687190055847168	33000	20.436100959777832	28165	14.651515151515156	
1299323071.4970496	67.0	4.02	58.58	30.3	12.149603282224135	330	351	67	5	87	45	67	3	29	15	2039	0	0.04687166213989258	33100	20.482972621917725	28249	14.655589123867074	
1195613014.4697032	67.0	4.09	60.61	31.35	12.149603282224135	331	351	67	5	87	45	67	3	29	15	2048	0	0.04687190055847168	33200	20.529844522476196	28332	14.662650602409641	
86923116.15146148	67.0	4.02	58.58	30.3	12.149603282224135	332	351	67	5	87	45	67	3	29	15	2054	0	0.04687166213989258	33300	20.57671618461609	28422	14.648648648648646	
1021988421.0630345	67.0	4.0	58.0	30.0	12.149603282224135	333	352	67	5.0	87.0	45.0	67	3.0	29.0	15.0	2062	0	0.06249642372131348	33400	20.639212608337402	28504	14.658682634730539	
94413517.31270663	67.0	4.01	58.29	30.15	12.149603282224135	334	352	67	5	87	45	67	3	29	15	2070	0	0.046871185302734375	33500	20.686083793640137	28590	14.656716417910445	
7.282912631454971e+21	67.0	4.07	60.03	31.05	12.149603282224135	335	352	67	5	87	45	67	3	29	15	2078	0	0.06249570846557617	33600	20.748579502105713	28677	14.651785714285708	
474722576.46114975	67.0	4.03	58.87	30.45	12.149603282224135	336	352	67	5	87	45	67	3	29	15	2090	0	0.04687166213989258	33700	20.795451164245605	28760	14.65875370919882	
566451711.4521737	67.0	4.04	59.16	30.6	12.149603282224135	337	352	67	5	87	45	67	3	29	15	2102	0	0.06249880790710449	33800	20.85794997215271	28841	14.671597633136088	
166191609.35573867	67.0	4.03	58.87	30.45	12.149603282224135	338	352	67	5	87	45	67	3	29	15	2108	0	0.04686880111694336	33900	20.904818773269653	28930	14.660766961651916	
5.187094025948497e+24	67.0	3.94	56.26	29.1	12.149603282224135	339	352	67	5	87	45	67	3	29	15	2114	0	0.06249594688415527	34000	20.96731472015381	29015	14.661764705882348	
1809105874.447708	67.0	3.98	57.42	29.7	12.149603282224135	340	352	67	5	87	45	67	3	29	15	2120	0	0.04687213897705078	34100	21.01418685913086	29101	14.659824046920818	
396573848.0913362	67.0	3.96	56.84	29.4	12.149603282224135	341	352	67	5	87	45	67	3	29	15	2132	0	0.06249427795410156	34200	21.07668113708496	29184	14.666666666666657	
1072770654.5625013	67.0	3.9	55.1	28.5	12.149382344699093	342	352	67	5	87	45	67	3	29	15	2139	0	0.04687213897705078	34300	21.12355327606201	29266	14.676384839650154	
24449586.58416359	67.0	3.95	56.55	29.25	12.148178792736292	343	352	67	5	87	45	67	3	29	15	2145	0	0.04687190055847168	34400	21.170425176620483	29352	14.674418604651166	
831990572.6114695	67.0	3.96	56.84	29.4	12.148178792736292	344	352	67	5	87	45	67	3	29	15	2152	0	0.06249523162841797	34500	21.2329204082489	29437	14.675362318840584	
1795781448.8507323	67.0	3.97	57.13	29.55	12.148178792736292	345	352	67	5	87	45	67	3	29	15	2160	0	0.06249642372131348	34600	21.295416831970215	29520	14.682080924855484	
470783126820.7121	67.0	4.02	58.58	30.3	12.148178792736292	346	352	67	5	87	45	67	3	29	15	2168	0	0.04687094688415527	34700	21.34228777885437	29606	14.680115273775215	
44473759960.39461	67.0	3.97	57.13	29.55	12.148178792736292	347	352	67	5	87	45	67	3	29	15	2175	0	0.03124856948852539	34800	21.373536348342896	29694	14.672413793103445	
410244894.4020051	67.0	4.01	58.29	30.15	12.14698147519522	348	352	67	5	87	45	67	3	29	15	2184	0	0.04687166213989258	34900	21.420408010482788	29773	14.690544412607451	
522478801.8237906	67.0	4.04	59.16	30.6	12.14698147519522	349	352	67	5	87	45	67	3	29	15	2190	0	0.04687142372131348	35000	21.4672794342041	29861	14.682857142857145	
1095066735.4067287	67.0	4.02	58.58	30.3	12.14698147519522	350	352	67	5	87	45	67	3	29	15	2199	0	0.04687309265136719	35100	21.51415252685547	29943	14.692307692307693	
1340354158.8702314	67.0	3.95	56.55	29.25	12.14698147519522	351	352	67	5	87	45	67	3	29	15	2203	0	0.062494754791259766	35200	21.57664728164673	30034	14.67613636363636	
462334598.9332407	67.0	3.98	57.42	29.7	12.14698147519522	352	352	67	5	87	45	67	3	29	15	2212	0	0.03124856948852539	35300	21.607895851135254	30119	14.677053824362602	
2348507.9297722653	67.0	3.94	56.26	29.1	12.14698147519522	353	352	67	5	87	45	67	3	29	15	2215	0	0.06249570846557617	35400	21.67039155960083	30208	14.666666666666657	
107600737.77694635	67.0	3.97	57.13	29.55	12.14678759662089	354	352	67	5	87	45	67	3	29	15	2227	0	0.06249499320983887	35500	21.73288655281067	30293	14.667605633802822	
104825087.97472587	67.0	3.97	57.13	29.55	12.14678759662089	355	352	67	5	87	45	67	3	29	15	2235	0	0.04687213897705078	35600	21.77975869178772	30377	14.671348314606746	
24674772437.950764	67.0	3.95	56.55	29.25	12.14678759662089	356	352	67	5	87	45	67	3	29	15	2239	0	0.06249570846557617	35700	21.842254400253296	30461	14.675070028011206	
6376147.056694932	67.0	3.98	57.42	29.7	12.14678759662089	357	352	67	5	87	45	67	3	29	15	2242	0	0.04687142372131348	35800	21.88912582397461	30553	14.656424581005595	
1189637813.2829163	67.0	3.98	57.42	29.7	12.14678759662089	358	352	67	5	87	45	67	3	29	15	2247	0	0.06249642372131348	35900	21.951622247695923	30642	14.646239554317546	
854184700.1155329	67.0	4.04	59.16	30.6	12.14678759662089	359	352	67	5	87	45	67	3	29	15	2259	0	0.04687190055847168	36000	21.998494148254395	30725	14.652777777777786	
361866641.2587921	67.0	4.0	58.0	30.0	12.14678759662089	360	352	67	5	87	45	67	3	29	15	2273	0	0.04687213897705078	36100	22.045366287231445	30798	14.686980609418285	
2299622893.0265207	67.0	3.96	56.84	29.4	12.14678759662089	361	352	67	5	87	45	67	3	29	15	2283	0	0.06249380111694336	36200	22.10786008834839	30877	14.70441988950276	
109860323.59224948	67.0	3.92	55.68	28.8	12.14678759662089	362	352	67	5	87	45	67	3	29	15	2297	0	0.031248807907104492	36300	22.139108896255493	30955	14.72451790633609	
318479213.077518	67.0	3.98	57.42	29.7	12.14678759662089	363	352	67	5	87	45	67	3	29	15	2303	0	0.06249856948852539	36400	22.20160746574402	31046	14.708791208791212	
8.49719880791858e+28	67.0	4.06	59.74	30.9	12.14678759662089	364	352	67	5	87	45	67	3	29	15	2316	0	0.046869754791259766	36500	22.24847722053528	31130	14.712328767123282	
912863656.3277102	67.0	4.01	58.29	30.15	12.14678759662089	365	352	67	5	87	45	67	3	29	15	2319	0	0.04687166213989258	36600	22.29534888267517	31222	14.693989071038246	
761496537.473102	67.0	4.01	58.29	30.15	12.14678759662089	366	352	67	5	87	45	67	3	29	15	2325	0	0.04687213897705078	36700	22.34222102165222	31309	14.689373297002732	
35671781.2746543	67.0	4.04	59.16	30.6	12.14678759662089	367	352	67	5	87	45	67	3	29	15	2337	0	0.06249499320983887	36800	22.40471601486206	31389	14.703804347826093	
1297809695.8728564	67.0	3.97	57.13	29.55	12.14678759662089	368	352	67	5	87	45	67	3	29	15	2342	0	0.06249570846557617	36900	22.467211723327637	31474	14.704607046070464	
1.1808000039182406e+17	67.0	4.01	58.29	30.15	12.14678759662089	369	352	67	5	87	45	67	3	29	15	2345	0	0.04687237739562988	37000	22.514084100723267	31568	14.68108108108109	
824511942.1612482	67.0	4.04	59.16	30.6	12.14678759662089	370	352	67	5	87	45	67	3	29	15	2350	0	0.06249499320983887	37100	22.576579093933105	31661	14.660377358490564	
678206827.9088093	67.0	3.99	57.71	29.85	12.14678759662089	371	352	67	5	87	45	67	3	29	15	2356	0	0.04687166213989258	37200	22.623450756072998	31746	14.66129032258064	
520173004.8477029	67.0	3.99	57.71	29.85	12.14678759662089	372	352	67	5	87	45	67	3	29	15	2363	0	0.06249642372131348	37300	22.68594717979431	31833	14.656836461126005	
1065524088.3616694	67.0	4.0	58.0	30.0	12.14678759662089	373	352	67	5	87	45	67	3	29	15	2372	0	0.04687070846557617	37400	22.732817888259888	31915	14.66577540106951	
36488991.730178095	67.0	3.99	57.71	29.85	12.14678759662089	374	352	67	5	87	45	67	3	29	15	2388	0	0.06249713897705078	37500	22.79531502723694	31988	14.698666666666668	
314652416.65636665	67.0	4.01	58.29	30.15	12.14678759662089	375	352	67	5	87	45	67	3	29	15	2396	0	0.04687094688415527	37600	22.842185974121094	32074	14.696808510638292	
12852974295.022896	67.0	4.0	58.0	30.0	12.14678759662089	376	352	67	5	87	45	67	3	29	15	2404	0	0.06249570846557617	37700	22.90468168258667	32158	14.700265251989393	
146179082838.70123	67.0	3.95	56.55	29.25	12.14678759662089	377	352	67	5	87	45	67	3	29	15	2408	0	0.04687166213989258	37800	22.951553344726562	32248	14.687830687830683	
61715558.76446481	67.0	4.0	58.0	30.0	12.14678759662089	378	352	67	5	87	45	67	3	29	15	2412	0	0.04687309265136719	37900	22.99842643737793	32336	14.680738786279676	
485731970.91923857	67.0	3.97	57.13	29.55	12.14678759662089	379	352	67	5	87	45	67	3	29	15	2417	0	0.04687070846557617	38000	23.045297145843506	32428	14.663157894736841	
483211663.1298146	67.0	3.95	56.55	29.25	12.14678759662089	380	352	67	5	87	45	67	3	29	15	2424	0	0.06249856948852539	38100	23.10779571533203	32513	14.664041994750647	
13818744.433081973	67.0	3.92	55.68	28.8	12.14678759662089	381	352	67	5	87	45	67	3	29	15	2430	0	0.046868085861206055	38200	23.154663801193237	32598	14.66492146596859	
364893935.7243928	67.0	3.98	57.42	29.7	12.14678759662089	382	352	67	5	87	45	67	3	29	15	2439	0	0.03124833106994629	38300	23.185912132263184	32683	14.665796344647518	
2318133001.9757714	67.0	3.96	56.84	29.4	12.14678759662089	383	352	67	5	87	45	67	3	29	15	2448	0	0.04687213897705078	38400	23.232784271240234	32767	14.669270833333343	
1.8214727166149486e+26	67.0	4.05	59.45	30.75	12.14678759662089	384	352	67	5	87	45	67	3	29	15	2457	0	0.062494754791259766	38500	23.295279026031494	32853	14.667532467532467	
417589010.0569056	67.0	4.01	58.29	30.15	12.14678759662089	385	352	67	5	87	45	67	3	29	15	2465	0	0.06249594688415527	38600	23.35777497291565	32938	14.668393782383419	
906602676.8363347	67.0	3.96	56.84	29.4	12.14678759662089	386	352	67	5	87	45	67	3	29	15	2474	0	0.04687237739562988	38700	23.40464735031128	33021	14.674418604651166	
402783576.24766004	67.0	3.94	56.26	29.1	12.14678759662089	387	352	67	5	87	45	67	3	29	15	2484	0	0.03124713897705078	38800	23.43589448928833	33107	14.672680412371136	
269249778.2345312	67.0	4.01	58.29	30.15	12.14678759662089	388	352	67	5	87	45	67	3	29	15	2495	0	0.04687237739562988	38900	23.48276686668396	33191	14.676092544987156	
1.75758458085575e+16	67.0	4.0	58.0	30.0	12.14678759662089	389	352	67	5	87	45	67	3	29	15	2503	0	0.06249570846557617	39000	23.545262575149536	33273	14.684615384615384	
2071615387.8158832	67.0	4.02	58.58	30.3	12.14678759662089	390	352	67	5	87	45	67	3	29	15	2513	0	0.04687142372131348	39100	23.59213399887085	33358	14.685421994884905	
52694449.80506143	67.0	3.97	57.13	29.55	12.14678759662089	391	352	67	5	87	45	67	3	29	15	2518	0	0.062496185302734375	39200	23.654630184173584	33447	14.676020408163268	
7.147796130528536e+26	67.0	3.9	55.1	28.5	12.14678759662089	392	352	67	5	87	45	67	3	29	15	2527	0	0.04687213897705078	39300	23.701502323150635	33527	14.689567430025434	
6.486484858892838e+30	67.0	4.0	58.0	30.0	12.14678759662089	393	352	67	5	87	45	67	3	29	15	2539	0	0.06249523162841797	39400	23.763997554779053	33608	14.700507614213194	
1564567044.103324	67.0	3.99	57.71	29.85	12.14678759662089	394	352	67	5	87	45	67	3	29	15	2547	0	0.06249547004699707	39500	23.82649302482605	33698	14.688607594936713	
849707627.10555	67.0	4.01	58.29	30.15	12.14678759662089	395	352	67	5	87	45	67	3	29	15	2553	0	0.04687190055847168	39600	23.87336492538452	33789	14.674242424242422	
8.351304482510878e+16	67.0	3.98	57.42	29.7	12.14678759662089	396	352	67	5	87	45	67	3	29	15	2562	0	0.06249594688415527	39700	23.935860872268677	33874	14.675062972292196	
7645422.356165931	67.0	4.04	59.16	30.6	12.14678759662089	397	352	67	5	87	45	67	3	29	15	2570	0	0.04687142372131348	39800	23.98273229598999	33958	14.678391959799	
138169781433.91455	67.0	4.0	58.0	30.0	12.14678759662089	398	352	67	5	87	45	67	3	29	15	2575	0	0.06249594688415527	39900	24.045228242874146	34042	14.681704260651628	
32223978.373494055	67.0	4.01	58.29	30.15	12.14678759662089	399	352	67	5	87	45	67	3	29	15	2580	0	0.046871185302734375	40000	24.09209942817688	34130	14.675000000000011	
1753285.6666973082	67.0	4.04	59.16	30.6	12.146566228413294	400	352	67	5	87	45	67	3	29	15	2589	0	0.062497615814208984	40100	24.15459704399109	34211	14.6857855361596	
173345631.38423082	67.0	4.0	58.0	30.0	12.146566228413294	401	352	67	5	87	45	67	3	29	15	2595	0	0.04687047004699707	40200	24.201467514038086	34300	14.676616915422898	
194838811106.58792	67.0	4.02	58.58	30.3	12.146566228413294	402	352	67	5	87	45	67	3	29	15	2606	0	0.06249642372131348	40300	24.2639639377594	34381	14.687344913151364	
1844920757.804125	67.0	4.03	58.87	30.45	12.146566228413294	403	352	67	5	87	45	67	3	29	15	2611	0	0.04687094688415527	40400	24.310834884643555	34471	14.675742574257427	
39507748.50960628	67.0	3.98	57.42	29.7	12.146566228413294	404	352	67	5	87	45	67	3	29	15	2623	0	0.06249570846557617	40500	24.37333059310913	34557	14.67407407407407	
1581909054.2899554	67.0	4.01	58.29	30.15	12.146566228413294	405	352	67	5	87	45	67	3	29	15	2627	0	0.04687309265136719	40600	24.420203685760498	34645	14.667487684729068	
1610900134.4378169	67.0	4.0	58.0	30.0	12.146566228413294	406	352	67	5	87	45	67	3	29	15	2631	0	0.04687070846557617	40700	24.467074394226074	34737	14.651105651105652	
168922134150.4526	67.0	4.0	58.0	30.0	12.146566228413294	407	352	67	5	87	45	67	3	29	15	2634	0	0.06249547004699707	40800	24.52956986427307	34824	14.64705882352942	
71440532413.73096	67.0	4.0	58.0	30.0	12.146566228413294	408	352	67	5	87	45	67	3	29	15	2642	0	0.031248092651367188	40900	24.56081795692444	34912	14.640586797066007	
1664480.7624956684	67.0	3.97	57.13	29.55	12.146566228413294	409	352	67	5	87	45	67	3	29	15	2654	0	0.06249570846557617	41000	24.623313665390015	34992	14.653658536585368	
318204218.9776495	67.0	4.01	58.29	30.15	12.146566228413294	410	352	67	5	87	45	67	3	29	15	2663	0	0.031247615814208984	41100	24.654561281204224	35078	14.652068126520675	
1059895.9938153995	67.0	4.05	59.45	30.75	12.146566228413294	411	352	67	5	87	45	67	3	29	15	2670	0	0.062496185302734375	41200	24.717057466506958	35162	14.655339805825236	
856879123346653.9	67.0	4.05	59.45	30.75	12.146566228413294	412	352	67	5	87	45	67	3	29	15	2680	0	0.06249547004699707	41300	24.779552936553955	35242	14.668280871670703	
21534093064.892616	67.0	3.97	57.13	29.55	12.146566228413294	413	352	67	5	87	45	67	3	29	15	2684	0	0.06249570846557617	41400	24.84204864501953	35325	14.673913043478265	
7089401.565784594	67.0	3.97	57.13	29.55	12.146566228413294	414	352	67	5	87	45	67	3	29	15	2696	0	0.06249523162841797	41500	24.90454387664795	35404	14.689156626506033	
71194345.66243243	67.0	3.98	57.42	29.7	12.146566228413294	415	352	67	5	87	45	67	3	29	15	2700	0	0.04687190055847168	41600	24.95141577720642	35489	14.689903846153854	
1485335503.8490496	67.0	4.01	58.29	30.15	12.146566228413294	416	352	67	5	87	45	67	3	29	15	2707	0	0.06249594688415527	41700	25.013911724090576	35575	14.68824940047962	
78892727.48796432	67.0	4.01	58.29	30.15	12.146566228413294	417	352	67	5	87	45	67	3	29	15	2716	0	0.03124856948852539	41800	25.0451602935791	35659	14.691387559808618	
1283218618.0238008	67.0	3.95	56.55	29.25	12.146566228413294	418	352	67	5	87	45	67	3	29	15	2725	0	0.06249499320983887	41900	25.10765528678894	35744	14.692124105011928	
7.444174957608982e+18	67.0	3.95	56.55	29.25	12.146566228413294	419	352	67	5	87	45	67	3	29	15	2734	0	0.04687213897705078	42000	25.15452742576599	35829	14.692857142857136	
273303461.2773236	67.0	4.02	58.58	30.3	12.146566228413294	420	352	67	5	87	45	67	3	29	15	2737	0	0.06249523162841797	42100	25.21702265739441	35918	14.684085510688831	
1988672.719944151	67.0	4.03	58.87	30.45	12.146566228413294	421	352	67	5	87	45	67	3	29	15	2747	0	0.04687213897705078	42200	25.26389479637146	36004	14.682464454976312	
73251473.11991428	67.0	4.02	58.58	30.3	12.146566228413294	422	352	67	5	87	45	67	3	29	15	2755	0	0.06249523162841797	42300	25.326390027999878	36091	14.678486997635929	
1444412712.062736	67.0	3.97	57.13	29.55	12.146566228413294	423	352	67	5	87	45	67	3	29	15	2763	0	0.04687213897705078	42400	25.37326216697693	36175	14.68160377358491	
8849398.185154272	67.0	4.05	59.45	30.75	12.146566228413294	424	352	67	5	87	45	67	4	58	30	2774	0	0.04687213897705078	42500	25.42013430595398	36257	14.68941176470588	
364391710.0877614	67.0	4.01	58.29	30.15	12.146566228413294	425	352	67	5	87	45	67	3	29	15	2780	0	0.06249547004699707	42600	25.482629776000977	36345	14.683098591549296	
1944158458.2000897	67.0	4.0	58.0	30.0	12.146566228413294	426	352	67	5	87	45	67	3	29	15	2792	0	0.04687190055847168	42700	25.52950167655945	36427	14.69086651053864	
563471016.004596	67.0	4.0	58.0	30.0	12.146566228413294	427	352	67	5	87	45	67	3	29	15	2797	0	0.06249690055847168	42800	25.59199857711792	36511	14.693925233644862	
128212370613.97784	67.0	4.05	59.45	30.75	12.146566228413294	428	352	67	5	87	45	67	3	29	15	2807	0	0.06249427795410156	42900	25.65449285507202	36595	14.696969696969703	
1613221662.7160637	67.0	3.96	56.84	29.4	12.146566228413294	429	352	67	5	87	45	67	3	29	15	2814	0	0.06249594688415527	43000	25.716988801956177	36682	14.693023255813955	
547350074.1315869	67.0	3.94	56.26	29.1	12.146566228413294	430	352	67	5	87	45	67	3	29	15	2821	0	0.06249547004699707	43100	25.779484272003174	36763	14.70301624129931	
39176231.103598505	67.0	4.0	58.0	30.0	12.146566228413294	431	352	67	5	87	45	67	3	29	15	2829	0	0.04687190055847168	43200	25.826356172561646	36844	14.712962962962962	
1393264742.0597231	67.0	3.96	56.84	29.4	12.146566228413294	432	352	67	5	87	45	67	3	29	15	2839	0	0.06249594688415527	43300	25.8888521194458	36926	14.720554272517319	
835462732.8322256	67.0	4.02	58.58	30.3	12.146566228413294	433	352	67	5	87	45	67	3	29	15	2843	0	0.04687190055847168	43400	25.935724020004272	37014	14.714285714285708	
22274936.812627707	67.0	3.95	56.55	29.25	12.146566228413294	434	352	67	5	87	45	67	3	29	15	2853	0	0.06249547004699707	43500	25.99821949005127	37096	14.721839080459773	
353002518.2425755	67.0	3.93	55.97	28.95	12.146566228413294	435	352	67	5	87	45	67	3	29	15	2857	0	0.046872615814208984	43600	26.04509210586548	37186	14.711009174311926	
302377829.3693152	67.0	4.03	58.87	30.45	12.146566228413294	436	352	67	5	87	45	67	3	29	15	2867	0	0.06249570846557617	43700	26.107587814331055	37264	14.727688787185357	
2842380325.95039	67.0	3.99	57.71	29.85	12.146566228413294	437	352	67	5	87	45	67	3	29	15	2873	0	0.04687070846557617	43800	26.15445852279663	37343	14.74200913242008	
1018407454.6928757	67.0	3.97	57.13	29.55	12.146566228413294	438	352	67	5	87	45	67	3	29	15	2881	0	0.06249594688415527	43900	26.216954469680786	37429	14.740318906605921	
1084028.7308869567	67.0	3.94	56.26	29.1	12.146566228413294	439	352	67	5	87	45	67	3	29	15	2893	0	0.04687190055847168	44000	26.263826370239258	37506	14.759090909090915	
1497169286.7802403	67.0	4.02	58.58	30.3	12.146566228413294	440	352	67	5	87	45	67	3	29	15	2901	0	0.04687190055847168	44100	26.31069827079773	37593	14.755102040816325	
816002287.9264835	67.0	3.99	57.71	29.85	12.146566228413294	441	352	67	5	87	45	67	3	29	15	2914	0	0.04687142372131348	44200	26.357569694519043	37669	14.776018099547514	
1432378301.1713493	67.0	3.98	57.42	29.7	12.146566228413294	442	352	67	5	87	45	67	3	29	15	2927	0	0.06249642372131348	44300	26.420066118240356	37750	14.785553047404065	
8241184.00404326	67.0	4.02	58.58	30.3	12.146566228413294	443	352	67	5	87	45	67	3	29	15	2937	0	0.04687142372131348	44400	26.46693754196167	37838	14.77927927927928	
836340267.3092517	67.0	3.98	57.42	29.7	12.146566228413294	444	352	67	5	87	45	67	3	29	15	2943	0	0.06249570846557617	44500	26.529433250427246	37925	14.775280898876403	
77916986.85254532	67.0	3.9	55.1	28.5	12.146566228413294	445	352	67	4	58	30	67	3	29	15	2954	0	0.04687190055847168	44600	26.576305150985718	38006	14.784753363228702	
1095519.660130807	67.0	4.02	58.58	30.3	12.146566228413294	446	352	67	5	87	45	67	3	29	15	2968	0	0.06249570846557617	44700	26.638800859451294	38081	14.807606263982095	
29321895119.604454	67.0	4.02	58.58	30.3	12.146566228413294	447	352	67	5	87	45	67	3	29	15	2980	0	0.04687166213989258	44800	26.685672521591187	38160	14.82142857142857	
973223101.1391894	67.0	4.0	58.0	30.0	12.146566228413294	448	352	67	5	87	45	67	3	29	15	2988	0	0.06249594688415527	44900	26.748168468475342	38248	14.815144766146986	
45334592.175579086	67.0	4.01	58.29	30.15	12.146566228413294	449	352	67	5	87	45	67	3	29	15	3001	0	0.031247854232788086	45000	26.77941632270813	38326	14.831111111111113	
1408353356.4367874	67.0	4.04	59.16	30.6	12.146566228413294	450	352	67	5	87	45	67	3	29	15	3007	0	0.04687166213989258	45100	26.826287984848022	38411	14.831485587583146	
1168039.0243511486	67.0	3.96	56.84	29.4	12.146566228413294	451	352	67	5	87	45	67	3	29	15	3017	0	0.04687190055847168	45200	26.873159885406494	38496	14.83185840707965	
1388773376.4424767	67.0	4.02	58.58	30.3	12.146566228413294	452	352	67	5	87	45	67	3	29	15	3021	0	0.06249547004699707	45300	26.93565535545349	38588	14.816777041942615	
211652815.92042264	67.0	3.98	57.42	29.7	12.146566228413294	453	352	67	5	87	45	67	3	29	15	3031	0	0.046871185302734375	45400	26.982526540756226	38674	14.814977973568276	
210611137.73164397	67.0	3.99	57.71	29.85	12.146566228413294	454	352	67	5	87	45	67	3	29	15	3038	0	0.03124856948852539	45500	27.01377511024475	38760	14.813186813186817	
312969156.27362144	67.0	4.01	58.29	30.15	12.146566228413294	455	352	67	5	87	45	67	3	29	15	3046	0	0.04687142372131348	45600	27.060646533966064	38835	14.835526315789465	
1452464238.5613904	67.0	4.04	59.16	30.6	12.146566228413294	456	352	67	5	87	45	67	3	29	15	3057	0	0.04687213897705078	45700	27.107518672943115	38916	14.844638949671776	
10585055.218330845	67.0	4.04	59.16	30.6	12.146566228413294	457	352	67	5	87	45	67	3	29	15	3065	0	0.06249666213989258	45800	27.170015335083008	39003	14.840611353711779	
1522522893.8123534	67.0	4.01	58.29	30.15	12.146566228413294	458	352	67	5	87	45	67	3	29	15	3072	0	0.04687094688415527	45900	27.216886281967163	39090	14.83660130718954	
348010535.2355656	67.0	3.97	57.13	29.55	12.146566228413294	459	352	67	5	87	45	67	3	29	15	3087	0	0.04687237739562988	46000	27.263758659362793	39167	14.85434782608695	
386257501.04001987	67.0	4.04	59.16	30.6	12.146566228413294	460	352	67	5	87	45	67	3	29	15	3097	0	0.04687190055847168	46100	27.310630559921265	39251	14.856832971800443	
836973302.393025	67.0	3.94	56.26	29.1	12.146566228413294	461	352	67	5	87	45	67	3	29	15	3105	0	0.04687190055847168	46200	27.357502460479736	39335	14.859307359307365	
864106309732.3999	67.0	3.98	57.42	29.7	12.146566228413294	462	352	67	5	87	45	67	3	29	15	3112	0	0.06249666213989258	46300	27.41999912261963	39418	14.863930885529157	
1525942063.2587905	67.0	3.98	57.42	29.7	12.146566228413294	463	352	67	5	87	45	67	3	29	15	3120	0	0.06249403953552246	46400	27.48249316215515	39505	14.859913793103459	
68975610.46243301	67.0	3.98	57.42	29.7	12.146566228413294	464	352	67	5	87	45	67	3	29	15	3128	0	0.031247377395629883	46500	27.51374053955078	39589	14.862365591397847	
1410479587.6724577	67.0	4.03	58.87	30.45	12.146183346870426	465	352	67	5	87	45	67	3	29	15	3132	0	0.062496185302734375	46600	27.576236724853516	39680	14.84978540772532	
1511014291.9977605	67.0	3.92	55.68	28.8	12.146183346870426	466	352	67	5	87	45	67	3	29	15	3142	0	0.046871185302734375	46700	27.62310791015625	39761	14.858672376873656	
15621731.257972835	67.0	4.01	58.29	30.15	12.146183346870426	467	352	67	5	87	45	67	3	29	15	3153	0	0.0624995231628418	46800	27.685607433319092	39842	14.867521367521363	
1577786688.9831316	67.0	3.95	56.55	29.25	12.146183346870426	468	352	67	5	87	45	67	3	29	15	3158	0	0.06249427795410156	46900	27.748101711273193	39930	14.86140724946695	
25952625519.7687	67.0	3.97	57.13	29.55	12.146183346870426	469	352	67	5	87	45	67	3	29	15	3162	0	0.06249523162841797	47000	27.81059694290161	40016	14.8595744680851	
272602336010.58606	67.0	3.99	57.71	29.85	12.146183346870426	470	352	67	5	87	45	67	3	29	15	3172	0	0.046872854232788086	47100	27.8574697971344	40099	14.86411889596603	
8.949037898925513e+20	67.0	3.99	57.71	29.85	12.146183346870426	471	352	67	5	87	45	67	3	29	15	3176	0	0.04686999320983887	47200	27.90433979034424	40189	14.853813559322035	
1173767080.4689891	67.0	3.94	56.26	29.1	12.146183346870426	472	352	67	5	87	45	67	3	29	15	3184	0	0.06249642372131348	47300	27.96683621406555	40272	14.858350951374206	
196600933.36864516	67.0	3.99	57.71	29.85	12.146183346870426	473	352	67	5	87	45	67	3	29	15	3194	0	0.06249547004699707	47400	28.02933168411255	40355	14.86286919831224	
9425995.32830583	67.0	3.99	57.71	29.85	12.146183346870426	474	352	67	5	87	45	67	3	29	15	3200	0	0.046871185302734375	47500	28.076202869415283	40442	14.858947368421056	
2651493352582.0283	67.0	4.04	59.16	30.6	12.146183346870426	475	352	67	5	87	45	67	3	29	15	3209	0	0.06249666213989258	47600	28.138699531555176	40529	14.85504201680672	
218938169079754.4	67.0	3.97	57.13	29.55	12.146183346870426	476	352	67	5	87	45	67	3	29	15	3220	0	0.06249499320983887	47700	28.201194524765015	40612	14.859538784067084	
68684537343.42896	67.0	4.04	59.16	30.6	12.146183346870426	477	352	67	5	87	45	67	3	29	15	3223	0	0.04687190055847168	47800	28.248066425323486	40702	14.84937238493724	
12203263.705635455	67.0	3.99	57.71	29.85	12.146183346870426	478	352	67	5	87	45	67	3	29	15	3229	0	0.04687190055847168	47900	28.294938325881958	40788	14.847599164926933	
10755355.807362862	67.0	3.99	57.71	29.85	12.146183346870426	479	352	67	5	87	45	67	3	29	15	3239	0	0.07811999320983887	48000	28.373058319091797	40871	14.852083333333326	
2009981823859.1516	67.0	3.98	57.42	29.7	12.146183346870426	480	352	67	5	87	45	67	3	29	15	3244	0	0.046871185302734375	48100	28.41992950439453	40955	14.854469854469855	
97627882.37650429	67.0	3.97	57.13	29.55	12.146183346870426	481	352	67	5	87	45	67	3	29	15	3254	0	0.04687213897705078	48200	28.466801643371582	41040	14.85477178423237	
101919760.13858297	67.0	3.98	57.42	29.7	12.146183346870426	482	352	67	5	87	45	67	3	29	15	3260	0	0.031247854232788086	48300	28.49804949760437	41129	14.846790890269148	
77031350.27842489	67.0	4.0	58.0	30.0	12.146183346870426	483	352	67	5	87	45	67	3	29	15	3273	0	0.062496185302734375	48400	28.560545682907104	41204	14.867768595041326	
1152293766.5236864	67.0	3.98	57.42	29.7	12.146183346870426	484	352	67	5	87	45	67	3	29	15	3284	0	0.046872854232788086	48500	28.607418537139893	41288	14.87010309278351	
2024129946.0994718	67.0	3.99	57.71	29.85	12.146183346870426	485	352	67	5	87	45	67	3	29	15	3287	0	0.04687023162841797	48600	28.65428876876831	41375	14.86625514403292	
29096875996.745144	67.0	3.9	55.1	28.5	12.146183346870426	486	352	67	5	87	45	67	3	29	15	3290	0	0.046872615814208984	48700	28.70116138458252	41464	14.858316221765904	
3.9941450249738696e+29	67.0	3.99	57.71	29.85	12.146183346870426	487	352	67	5	87	45	67	3	29	15	3302	0	0.031247854232788086	48800	28.732409238815308	41540	14.877049180327873	
4780558.058235793	67.0	4.01	58.29	30.15	12.146183346870426	488	352	67	5	87	45	67	3	29	15	3309	0	0.04687142372131348	48900	28.77928066253662	41626	14.875255623721884	
24560495.709820546	67.0	3.99	57.71	29.85	12.146183346870426	489	352	67	5	87	45	67	3	29	15	3316	0	0.06249570846557617	49000	28.841776371002197	41709	14.87959183673469	
1.755311458495362e+35	67.0	4.01	58.29	30.15	12.146183346870426	490	352	67	5	87	45	67	3	29	15	3321	0	0.062494516372680664	49100	28.904270887374878	41799	14.869653767820779	
317714.01948068425	67.0	3.97	57.13	29.55	12.146183346870426	491	352	67	5	87	45	67	3	29	15	3327	0	0.04687166213989258	49200	28.95114254951477	41887	14.863821138211392	
688175.0398025924	67.0	4.03	58.87	30.45	12.146183346870426	492	352	67	5	87	45	67	3	29	15	3335	0	0.06249594688415527	49300	29.013638496398926	41971	14.866125760649084	
1247154257210.594	67.0	3.97	57.13	29.55	12.146183346870426	493	352	67	5	87	45	67	3	29	15	3348	0	0.046872615814208984	49400	29.060511112213135	42053	14.872469635627525	
1111357216.4004526	67.0	3.89	54.81	28.35	12.146183346870426	494	352	67	5	87	45	67	3	29	15	3351	0	0.06249570846557617	49500	29.12300682067871	42140	14.868686868686865	
74470369.46964015	67.0	4.01	58.29	30.15	12.146183346870426	495	352	67	5	87	45	67	3	29	15	3358	0	0.062496185302734375	49600	29.185503005981445	42222	14.875	
2414551237879216.5	67.0	3.97	57.13	29.55	12.146183346870426	496	352	67	5	87	45	67	3	29	15	3367	0	0.046871185302734375	49700	29.23237419128418	42308	14.873239436619727	
92474170568.79808	67.0	3.97	57.13	29.55	12.146183346870426	497	352	67	5	87	45	67	3	29	15	3377	0	0.06249570846557617	49800	29.294869899749756	42393	14.873493975903614	
2234447854241.613	67.0	3.96	56.84	29.4	12.146183346870426	498	352	67	5	87	45	67	3	29	15	3385	0	0.04687070846557617	49900	29.341740608215332	42476	14.877755511022045	
2939324517.422819	67.0	4.03	58.87	30.45	12.146183346870426	499	352	67	5	87	45	67	3	29	15	3396	0	0.062496185302734375	50000	29.404236793518066	42556	14.888000000000005	
8119306.165031062	67.0	3.98	57.42	29.7	12.146183346870426	500	352	67	5	87	45	67	3	29	15	3403	0	0.04687213897705078	50100	29.451108932495117	42644	14.882235528942118	
7140072.228432205	67.0	4.0	58.0	30.0	12.146183346870426	501	352	67	5	87	45	67	3	29	15	3412	0	0.06249499320983887	50200	29.513603925704956	42730	14.880478087649408	
398440055.70148	67.0	3.93	55.97	28.95	12.146183346870426	502	352	67	5	87	45	67	3	29	15	3425	0	0.062496185302734375	50300	29.57610011100769	42807	14.896620278330019	
55971283.68920977	67.0	3.95	56.55	29.25	12.146183346870426	503	352	67	5	87	45	67	3	29	15	3431	0	0.04687166213989258	50400	29.622971773147583	42898	14.884920634920633	
4350599.867066486	67.0	4.01	58.29	30.15	12.146183346870426	504	352	67	5	87	45	67	3	29	15	3437	0	0.04687237739562988	50500	29.669844150543213	42985	14.881188118811878	
69617983074.14139	67.0	3.98	57.42	29.7	12.146183346870426	505	352	67	5	87	45	67	3	29	15	3441	0	0.06249594688415527	50600	29.732340097427368	43075	14.871541501976282	
70632838.39336842	67.0	3.98	57.42	29.7	12.146183346870426	506	352	67	5	87	45	67	3	29	15	3445	0	0.04687142372131348	50700	29.77921152114868	43160	14.871794871794876	
136879695.99309924	67.0	4.01	58.29	30.15	12.146183346870426	507	352	67	5	87	45	67	3	29	15	3449	0	0.06249594688415527	50800	29.841707468032837	43248	14.866141732283467	
56644080.80713573	67.0	3.99	57.71	29.85	12.146183346870426	508	352	67	5	87	45	67	3	29	15	3456	0	0.04687190055847168	50900	29.88857936859131	43332	14.86836935166994	
868370822.2331022	67.0	3.99	57.71	29.85	12.146183346870426	509	352	67	5	87	45	67	3	29	15	3463	0	0.06249594688415527	51000	29.951075315475464	43420	14.862745098039227	
778604581774.0286	67.0	3.93	55.97	28.95	12.146183346870426	510	352	67	5	87	45	67	3	29	15	3478	0	0.04687142372131348	51100	29.997946739196777	43494	14.884540117416833	
14441040.747233966	67.0	3.99	57.71	29.85	12.13886145978264	511	352	67	5	87	45	67	3	29	15	3482	0	0.04687094688415527	51200	30.044817686080933	43581	14.880859375	
421413986243.34235	67.0	4.02	58.58	30.3	12.13886145978264	512	352	67	5	87	45	67	3	29	15	3489	0	0.06249594688415527	51300	30.107313632965088	43665	14.883040935672511	
264442.4302023105	67.0	4.01	58.29	30.15	12.13886145978264	513	352	67	5	87	45	67	3	29	15	3497	0	0.06249570846557617	51400	30.169809341430664	43754	14.875486381322958	
13279555.81268866	67.0	3.99	57.71	29.85	12.13886145978264	514	352	67	5	87	45	67	3	29	15	3504	0	0.04687166213989258	51500	30.216681003570557	43840	14.873786407766985	
1392149.4854451278	67.0	4.01	58.29	30.15	12.13886145978264	515	352	67	5	87	45	67	3	29	15	3513	0	0.04687237739562988	51600	30.263553380966187	43922	14.879844961240309	
3.856439541492898e+20	67.0	4.02	58.58	30.3	12.13886145978264	516	352	67	5	87	45	67	3	29	15	3516	0	0.046871185302734375	51700	30.31042456626892	44014	14.866537717601545	
320138872.06135195	67.0	4.0	58.0	30.0	12.13886145978264	517	352	67	5	87	45	67	3	29	15	3526	0	0.031248092651367188	51800	30.341672658920288	44094	14.87644787644787	
35448801.049694516	67.0	4.0	58.0	30.0	12.13886145978264	518	352	67	5	87	45	67	3	29	15	3537	0	0.04687309265136719	51900	30.388545751571655	44178	14.878612716763001	
128611681.79858175	67.0	4.0	58.0	30.0	12.13886145978264	519	352	67	5	87	45	67	3	29	15	3549	0	0.046871185302734375	52000	30.43541693687439	44261	14.88269230769231	
315419779.13046	67.0	3.96	56.84	29.4	12.13886145978264	520	352	67	5	87	45	67	3	29	15	3558	0	0.046871185302734375	52100	30.482288122177124	44347	14.880998080614205	
375851175.9830685	67.0	3.94	56.26	29.1	12.13886145978264	521	352	67	5	87	45	67	3	29	15	3565	0	0.046871185302734375	52200	30.52915930747986	44433	14.879310344827587	
205092.77153394668	67.0	3.97	57.13	29.55	12.13886145978264	522	352	67	5	87	45	67	3	29	15	3571	0	0.04687309265136719	52300	30.576032400131226	44518	14.879541108986615	
1.3369623924021885e+19	67.0	3.97	57.13	29.55	12.13886145978264	523	352	67	5	87	45	67	3	29	15	3579	0	0.06249737739562988	52400	30.638529777526855	44598	14.889312977099237	
702412167.1035111	67.0	4.06	59.74	30.9	12.13886145978264	524	352	67	5	87	45	67	3	29	15	3583	0	0.04686927795410156	52500	30.685399055480957	44685	14.885714285714286	
1313742596.6053402	67.0	3.94	56.26	29.1	12.13886145978264	525	352	67	5	87	45	67	3	29	15	3585	0	0.0468745231628418	52600	30.7322735786438	44777	14.872623574144484	
75730691233.40431	67.0	4.0	58.0	30.0	12.1387674284166	526	352	67	5	87	45	67	3	29	15	3597	0	0.06249237060546875	52700	30.794765949249268	44860	14.876660341555976	
717777.9806502427	67.0	3.96	56.84	29.4	12.1387674284166	527	352	67	5	87	45	67	3	29	15	3603	0	0.06249570846557617	52800	30.857261657714844	44948	14.871212121212125	
668757670.7492706	67.0	3.99	57.71	29.85	12.1387674284166	528	352	67	5	87	45	67	3	29	15	3607	0	0.04687190055847168	52900	30.904133558273315	45038	14.86200378071834	
12211685.234021943	67.0	3.99	57.71	29.85	12.1387674284166	529	352	67	5	87	45	67	3	29	15	3622	0	0.06249547004699707	53000	30.966629028320312	45120	14.867924528301884	
48122051797512.58	67.0	3.98	57.42	29.7	12.1387674284166	530	352	67	5	87	45	67	3	29	15	3630	0	0.04687237739562988	53100	31.013501405715942	45204	14.870056497175142	
15654071.91391107	67.0	3.93	55.97	28.95	12.1387674284166	531	352	67	5	87	45	67	3	29	15	3639	0	0.06249547004699707	53200	31.07599687576294	45285	14.877819548872182	
763248789.7986596	67.0	3.98	57.42	29.7	12.1387674284166	532	352	67	5	87	45	67	3	29	15	3649	0	0.04687190055847168	53300	31.12286877632141	45364	14.889305816135092	
69776175.877966	67.0	3.91	55.39	28.65	12.1387674284166	533	352	67	5	87	45	67	3	29	15	3653	0	0.04687166213989258	53400	31.169740438461304	45450	14.887640449438194	
3.4404745195112234e+35	67.0	3.96	56.84	29.4	12.1387674284166	534	352	67	5	87	45	67	3	29	15	3658	0	0.04687166213989258	53500	31.216612100601196	45533	14.891588785046721	
267717686.57269126	67.0	3.9	55.1	28.5	12.1387674284166	535	352	67	5	87	45	67	3	29	15	3664	0	0.04687166213989258	53600	31.26348376274109	45621	14.886194029850742	
234234418.59535536	67.0	4.02	58.58	30.3	12.13328315593414	536	352	67	5	87	45	67	3	29	15	3668	0	0.04687237739562988	53700	31.31035614013672	45708	14.882681564245814	
25631680937534.16	67.0	3.95	56.55	29.25	12.13328315593414	537	352	67	5	87	45	67	3	29	15	3678	0	0.04688072204589844	53800	31.357236862182617	45792	14.884758364312262	
72286482038.79962	67.0	3.98	57.42	29.7	12.13328315593414	538	352	67	5	87	45	67	3	29	15	3688	0	0.062486886978149414	53900	31.419723749160767	45872	14.894248608534326	
223742.4232501857	67.0	3.96	56.84	29.4	12.13328315593414	539	352	67	5	87	45	67	3	29	15	3701	0	0.06249523162841797	54000	31.482218980789185	45951	14.905555555555566	
51313337394774.125	67.0	4.0	58.0	30.0	12.13328315593414	540	352	67	5	87	45	67	3	29	15	3712	0	0.04687190055847168	54100	31.529090881347656	46036	14.905730129390022	
414662.80653172487	67.0	3.94	56.26	29.1	12.13328315593414	541	352	67	5	87	45	67	3	29	15	3716	0	0.06249594688415527	54200	31.59158682823181	46126	14.896678966789665	
203153838927.78183	67.0	3.98	57.42	29.7	12.13328315593414	542	352	67	5	87	45	67	3	29	15	3721	0	0.04687166213989258	54300	31.638458490371704	46210	14.898710865561696	
70712374003.58075	67.0	4.04	59.16	30.6	12.13328315593414	543	352	67	5	87	45	67	3	29	15	3728	0	0.04687190055847168	54400	31.685330390930176	46299	14.891544117647058	
75012323.45422506	67.0	3.99	57.71	29.85	12.127222247731263	544	352	67	5	87	45	67	3	29	15	3736	0	0.04687166213989258	54500	31.73220205307007	46382	14.895412844036699	
133306.4092655552	67.0	3.97	57.13	29.55	12.127222247731263	545	352	67	5	87	45	67	3	29	15	3746	0	0.06249594688415527	54600	31.794697999954224	46466	14.897435897435898	
744828403444.4568	67.0	4.04	59.16	30.6	12.127222247731263	546	352	67	5	87	45	67	3	29	15	3753	0	0.046874284744262695	54700	31.841572284698486	46551	14.897623400365632	
209809683762.746	67.0	3.95	56.55	29.25	12.127222247731263	547	352	67	5	87	45	67	3	29	15	3761	0	0.03124856948852539	54800	31.87282085418701	46636	14.897810218978108	
298923404.4336521	67.0	3.9	55.1	28.5	12.127222247731263	548	352	67	5	87	45	67	3	29	15	3772	0	0.06249284744262695	54900	31.93531370162964	46718	14.903460837887067	
305904573.0444314	67.0	3.95	56.55	29.25	12.127222247731263	549	352	67	5	87	45	67	3	29	15	3779	0	0.06249547004699707	55000	31.997809171676636	46805	14.900000000000006	
103310459213.19084	67.0	3.98	57.42	29.7	12.127222247731263	550	352	67	5	87	45	67	3	29	15	3790	0	0.04687190055847168	55100	32.04468107223511	46886	14.907441016333934	
8.638836364527242e+25	67.0	3.97	57.13	29.55	12.127222247731263	551	352	67	5	87	45	67	3	29	15	3803	0	0.04687142372131348	55200	32.09155249595642	46966	14.916666666666671	
8.032666343653565e+22	67.0	3.96	56.84	29.4	12.127222247731263	552	352	67	5	87	45	67	3	29	15	3807	0	0.04687237739562988	55300	32.13842487335205	47057	14.905967450271248	
28324039.25583137	67.0	4.03	58.87	30.45	12.127222247731263	553	352	67	5	87	45	67	3	29	15	3821	0	0.06249547004699707	55400	32.20092034339905	47136	14.91696750902527	
494466652.59972167	67.0	4.04	59.16	30.6	12.127222247731263	554	352	67	5	87	45	67	3	29	15	3825	0	0.04687142372131348	55500	32.24779176712036	47230	14.900900900900908	
311554793.70663047	67.0	4.01	58.29	30.15	12.127222247731263	555	352	67	5	87	45	67	3	29	15	3833	0	0.04687237739562988	55600	32.29466414451599	47315	14.90107913669064	
9722317146398186.0	67.0	4.0	58.0	30.0	12.127222247731263	556	352	67	5	87	45	67	3	29	15	3841	0	0.046871185302734375	55700	32.341535329818726	47405	14.892280071813289	
5.759197698563184e+17	67.0	3.97	57.13	29.55	12.127222247731263	557	352	67	5	87	45	67	3	29	15	3849	0	0.04687190055847168	55800	32.3884072303772	47492	14.888888888888886	
170645795343336.66	67.0	3.98	57.42	29.7	12.127222247731263	558	352	67	5	87	45	67	3	29	15	3857	0	0.04687190055847168	55900	32.43527913093567	47577	14.889087656529526	
1217075092.7041266	67.0	4.0	58.0	30.0	12.127222247731263	559	352	67	5	87	45	67	3	29	15	3866	0	0.04687142372131348	56000	32.48215055465698	47663	14.887500000000003	
63826108.58235573	67.0	3.96	56.84	29.4	12.127222247731263	560	352	67	5	87	45	67	3	29	15	3877	0	0.031248807907104492	56100	32.51339936256409	47742	14.898395721925127	
21508365530.45259	67.0	3.97	57.13	29.55	12.127222247731263	561	352	67	5	87	45	67	3	29	15	3889	0	0.06249594688415527	56200	32.57589530944824	47820	14.911032028469748	
7571390.145853502	67.0	4.04	59.16	30.6	12.127222247731263	562	352	67	5	87	45	67	3	29	15	3898	0	0.03124690055847168	56300	32.607142210006714	47905	14.911190053285978	
98905808.92024335	67.0	4.02	58.58	30.3	12.127222247731263	563	352	67	5	87	45	67	3	29	15	3908	0	0.04687237739562988	56400	32.654014587402344	47988	14.914893617021278	
223410125924.49487	67.0	3.96	56.84	29.4	12.127222247731263	564	352	67	5	87	45	67	3	29	15	3913	0	0.06249499320983887	56500	32.71650958061218	48076	14.90973451327433	
39629590.27295687	67.0	3.95	56.55	29.25	12.127222247731263	565	352	67	5	87	45	67	3	29	15	3917	0	0.04687190055847168	56600	32.763381481170654	48163	14.906360424028264	
521256692.86581737	67.0	4.01	58.29	30.15	12.127222247731263	566	352	67	5	87	45	67	3	29	15	3927	0	0.06249594688415527	56700	32.82587742805481	48247	14.908289241622569	
1000944803.1966081	67.0	3.98	57.42	29.7	12.127222247731263	567	352	67	5	87	45	67	3	29	15	3935	0	0.04687190055847168	56800	32.87274932861328	48333	14.906690140845072	
2.053396455011629e+29	67.0	3.95	56.55	29.25	12.127222247731263	568	352	67	5	87	45	67	3	29	15	3943	0	0.06249570846557617	56900	32.93524503707886	48416	14.9103690685413	
56345157.3825894	67.0	3.96	56.84	29.4	12.127222247731263	569	352	67	5	87	45	67	3	29	15	3951	0	0.06249547004699707	57000	32.997740507125854	48503	14.907017543859652	
883496577.1593361	67.0	3.94	56.26	29.1	12.127222247731263	570	352	67	5	87	45	67	3	29	15	3963	0	0.04687142372131348	57100	33.04461193084717	48583	14.915936952714532	
41995459.17637751	67.0	3.96	56.84	29.4	12.127222247731263	571	352	67	5	87	45	67	3	29	15	3970	0	0.06249690055847168	57200	33.10710883140564	48667	14.917832167832174	
234082697.0379715	67.0	3.96	56.84	29.4	12.127222247731263	572	352	67	5	87	45	67	3	29	15	3982	0	0.04687142372131348	57300	33.15398025512695	48749	14.923211169284471	
8.626381860194212e+24	67.0	3.95	56.55	29.25	12.125753565431156	573	352	67	5	87	45	67	3	29	15	3988	0	0.04687166213989258	57400	33.200851917266846	48830	14.930313588850169	
9232276025577642.0	67.0	4.0	58.0	30.0	12.125753565431156	574	352	67	5	87	45	67	3	29	15	3995	0	0.062496185302734375	57500	33.26334810256958	48916	14.928695652173914	
308926899.3079576	67.0	4.02	58.58	30.3	12.125753565431156	575	352	67	5	87	45	67	3	29	15	4002	0	0.04687213897705078	57600	33.31022024154663	49000	14.930555555555557	
42157062055.405655	67.0	4.0	58.0	30.0	12.125753565431156	576	352	67	5	87	45	67	3	29	15	4003	0	0.06249570846557617	57700	33.37271595001221	49098	14.908145580589249	
78595525.77539085	67.0	3.98	57.42	29.7	12.125753565431156	577	352	67	5	87	45	67	3	29	15	4015	0	0.031247615814208984	57800	33.403963565826416	49182	14.910034602076124	
3.219261375380012e+23	67.0	3.96	56.84	29.4	12.125753565431156	578	352	67	5	87	45	67	3	29	15	4023	0	0.06249547004699707	57900	33.46645903587341	49268	14.90846286701209	
286045752.3914821	67.0	3.94	56.26	29.1	12.125753565431156	579	352	67	5	87	45	67	3	29	15	4033	0	0.0468752384185791	58000	33.51333427429199	49351	14.91206896551725	
978805938.2053261	67.0	3.97	57.13	29.55	12.125753565431156	580	352	67	5	87	45	67	3	29	15	4041	0	0.04687070846557617	58100	33.56020498275757	49434	14.915662650602414	
978341029.8699064	67.0	4.05	59.45	30.75	12.125753565431156	581	352	67	5	87	45	67	3	29	15	4047	0	0.06249499320983887	58200	33.62269997596741	49520	14.914089347079042	
7.816173408828586e+17	67.0	4.0	58.0	30.0	12.125753565431156	582	352	67	5	87	45	67	3	29	15	4054	0	0.062497854232788086	58300	33.685197830200195	49607	14.910806174957116	
598657.4202740259	67.0	3.99	57.71	29.85	12.125753565431156	583	352	67	5	87	45	67	3	29	15	4061	0	0.04687070846557617	58400	33.73206853866577	49688	14.917808219178085	
744955950.4283367	67.0	4.07	60.03	31.05	12.125753565431156	584	352	67	5	87	45	67	3	29	15	4065	0	0.04686999320983887	58500	33.77893853187561	49774	14.916239316239327	
353945623.7493405	67.0	4.02	58.58	30.3	12.125753565431156	585	352	67	5	87	45	67	3	29	15	4072	0	0.06249523162841797	58600	33.84143376350403	49859	14.916382252559728	
12285023822.696375	67.0	4.01	58.29	30.15	12.125705598550518	586	352	67	5	87	45	67	3	29	15	4081	0	0.06249690055847168	58700	33.9039306640625	49940	14.923339011925037	
143959746.3383251	67.0	3.96	56.84	29.4	12.125705598550518	587	352	67	5	87	45	67	3	29	15	4091	0	0.04687142372131348	58800	33.95080208778381	50024	14.925170068027214	
391045029.9953939	67.0	3.92	55.68	28.8	12.125705598550518	588	352	67	5	87	45	67	3	29	15	4098	0	0.062494754791259766	58900	34.01329684257507	50109	14.925297113752123	
1152790336.7435029	67.0	4.01	58.29	30.15	12.125705598550518	589	352	67	5	87	45	67	3	29	15	4111	0	0.04687190055847168	59000	34.060168743133545	50186	14.938983050847455	
171510.30110642032	67.0	3.98	57.42	29.7	12.125705598550518	590	352	67	5	87	45	67	3	29	15	4117	0	0.062497615814208984	59100	34.122666358947754	50274	14.934010152284259	
798031.1732674716	67.0	3.95	56.55	29.25	12.125705598550518	591	352	67	5	87	45	67	3	29	15	4126	0	0.046869516372680664	59200	34.169535875320435	50356	14.939189189189179	
591313909.8286414	67.0	3.98	57.42	29.7	12.125705598550518	592	352	67	5	87	45	67	3	29	15	4133	0	0.06249594688415527	59300	34.23203182220459	50442	14.937605396290053	
132834014.9798081	67.0	3.92	55.68	28.8	12.125705598550518	593	352	67	5	87	45	67	3	29	15	4141	0	0.046872615814208984	59400	34.2789044380188	50525	14.94107744107744	
189328244.70823744	67.0	3.97	57.13	29.55	12.125705598550518	594	352	67	4	58	30	67	3	29	15	4144	0	0.031247854232788086	59500	34.31015229225159	50609	14.94285714285715	
365266555.76157117	67.0	3.96	56.84	29.4	12.125705598550518	595	352	67	5	87	45	67	3	29	15	4150	0	0.062494754791259766	59600	34.37264704704285	50692	14.946308724832207	
285581149816.9185	67.0	3.98	57.42	29.7	12.125705598550518	596	352	67	5	87	45	67	3	29	15	4161	0	0.04687213897705078	59700	34.4195191860199	50772	14.954773869346738	
30438002.845279723	67.0	4.03	58.87	30.45	12.125705598550518	597	352	67	5	87	45	67	3	29	15	4167	0	0.062496185302734375	59800	34.48201537132263	50857	14.95484949832776	
2579998.043900868	67.0	4.05	59.45	30.75	12.125705598550518	598	352	67	5	87	45	67	3	29	15	4176	0	0.046872615814208984	59900	34.52888798713684	50943	14.953255425709514	
88858717.10173588	67.0	4.01	58.29	30.15	12.125705598550518	599	352	67	5	87	45	67	3	29	15	4189	0	0.06249594688415527	60000	34.591383934020996	51027	14.954999999999998	
172604149.5030685	67.0	4.0	58.0	30.0	12.125705598550518	600	352	67	5	87	45	67	3	29	15	4195	0	0.06249523162841797	60100	34.653879165649414	51117	14.94675540765391	
3424704.551204798	67.0	3.99	57.71	29.85	12.125705598550518	601	352	67	5	87	45	67	3	29	15	4205	0	0.04687190055847168	60200	34.700751066207886	51202	14.946843853820596	
163978379.06586727	67.0	4.02	58.58	30.3	12.125705598550518	602	352	67	5	87	45	67	3	29	15	4214	0	0.06249523162841797	60300	34.763246297836304	51288	14.945273631840791	
575364344.5958312	67.0	4.02	58.58	30.3	12.125705598550518	603	352	67	5	87	45	67	3	29	15	4220	0	0.04687166213989258	60400	34.810117959976196	51374	14.943708609271525	
1.6053946975794352e+17	67.0	4.01	58.29	30.15	12.125705598550518	604	352	67	5	87	45	67	3	29	15	4225	0	0.04687094688415527	60500	34.85698890686035	51460	14.942148760330582	
3908277.536234854	67.0	3.88	54.52	28.2	12.125705598550518	605	352	67	5	87	45	67	3	29	15	4239	0	0.031249523162841797	60600	34.88823843002319	51539	14.952145214521451	
7219307.1480483515	67.0	3.91	55.39	28.65	12.125705598550518	606	352	67	5	87	45	67	3	29	15	4245	0	0.04687070846557617	60700	34.93510913848877	51625	14.950576606260299	
714277194.2589732	67.0	4.04	59.16	30.6	12.125705598550518	607	352	67	5	87	45	67	3	29	15	4256	0	0.046871185302734375	60800	34.981980323791504	51709	14.952302631578945	
985622904.4315691	67.0	4.01	58.29	30.15	12.125705598550518	608	352	67	5	87	45	67	3	29	15	4264	0	0.03124833106994629	60900	35.01322865486145	51792	14.955665024630534	
27680064694.847992	67.0	3.94	56.26	29.1	12.125705598550518	609	352	67	5	87	45	67	3	29	15	4269	0	0.04687070846557617	61000	35.060099363327026	51877	14.955737704918036	
632645.5699466796	67.0	4.0	58.0	30.0	12.125705598550518	610	352	67	5	87	45	67	3	29	15	4276	0	0.046872615814208984	61100	35.106971979141235	51962	14.955810147299502	
826739891.0347618	67.0	3.99	57.71	29.85	12.125705598550518	611	352	67	5	87	45	67	3	29	15	4282	0	0.04687237739562988	61200	35.153844356536865	52045	14.959150326797385	
643660079.1874341	67.0	3.97	57.13	29.55	12.125705598550518	612	352	67	5	87	45	67	3	29	15	4289	0	0.04687213897705078	61300	35.200716495513916	52133	14.954323001631323	
5497178.832812401	67.0	3.99	57.71	29.85	12.125705598550518	613	352	67	5	87	45	67	3	29	15	4299	0	0.04687094688415527	61400	35.24758744239807	52219	14.95276872964169	
543723965.318423	67.0	4.0	58.0	30.0	12.125705598550518	614	352	67	5	87	45	67	3	29	15	4305	0	0.062496185302734375	61500	35.310083627700806	52308	14.94634146341464	
36130583173.445915	67.0	4.01	58.29	30.15	12.125705598550518	615	352	67	5	87	45	67	3	29	15	4318	0	0.046871185302734375	61600	35.35695481300354	52388	14.954545454545453	
1329972762.8132157	67.0	3.9494949494949494	56.535353535353536	29.242424242424242	12.125705598550518	616	353	67	5.0	87.0	45.0	67	3.0	29.0	15.0	4328	0	0.06249547004699707	61700	35.41945028305054	52470	14.959481361426256	
259307675.65671065	67.0	3.99	57.71	29.85	12.125705598550518	617	353	67	5	87	45	67	3	29	15	4338	0	0.04687190055847168	61800	35.46632218360901	52549	14.969255663430431	
312462618.0886759	67.0	3.97	57.13	29.55	12.125705598550518	618	353	67	5	87	45	67	3	29	15	4344	0	0.06249594688415527	61900	35.528818130493164	52636	14.966074313408726	
413950247.9540259	67.0	3.98	57.42	29.7	12.125705598550518	619	353	67	5	87	45	67	3	29	15	4355	0	0.031247854232788086	62000	35.56006598472595	52716	14.974193548387092	
83716321.80673492	67.0	3.94	56.26	29.1	12.125705598550518	620	353	67	5	87	45	67	3	29	15	4364	0	0.062496185302734375	62100	35.62256217002869	52802	14.972624798711749	
57268122.00969085	67.0	3.92	55.68	28.8	12.125560825541783	621	353	67	5	87	45	67	3	29	15	4374	0	0.04687166213989258	62200	35.66943383216858	52886	14.974276527331185	
344769076.41719115	67.0	3.95	56.55	29.25	12.125560825541783	622	353	67	5	87	45	67	3	29	15	4380	0	0.04687237739562988	62300	35.71630620956421	52967	14.980738362760832	
374539737.8315079	67.0	3.96	56.84	29.4	12.125560825541783	623	353	67	5	87	45	67	3	29	15	4387	0	0.04687142372131348	62400	35.76317763328552	53050	14.983974358974365	
779475378.3962373	67.0	3.91	55.39	28.65	12.125560825541783	624	353	67	5	87	45	67	3	29	15	4394	0	0.06249690055847168	62500	35.825674533843994	53137	14.980800000000002	
434048.7692621661	67.0	4.06	59.74	30.9	12.125560825541783	625	353	67	5	87	45	67	3	29	15	4401	0	0.04686999320983887	62600	35.87254452705383	53221	14.982428115015978	
813357976.6419028	67.0	4.07	60.03	31.05	12.125560825541783	626	353	67	5	87	45	67	3	29	15	4409	0	0.06249547004699707	62700	35.93503999710083	53306	14.982456140350877	
708648343.1489019	67.0	4.02	58.58	30.3	12.125560825541783	627	353	67	5	87	45	67	3	29	15	4412	0	0.04687166213989258	62800	35.98191165924072	53394	14.977707006369428	
1932757668.4272816	67.0	4.02	58.58	30.3	12.125560825541783	628	353	67	5	87	45	67	3	29	15	4416	0	0.04687213897705078	62900	36.02878379821777	53484	14.969793322734503	
71083229.78520389	67.0	3.99	57.71	29.85	12.125560825541783	629	353	67	5	87	45	67	3	29	15	4422	0	0.046872615814208984	63000	36.07565641403198	53575	14.96031746031747	
666354466.086565	67.0	3.97	57.13	29.55	12.124898967785684	630	353	67	5	87	45	67	3	29	15	4426	0	0.031248092651367188	63100	36.10690450668335	53666	14.950871632329637	
10771243.137933536	67.0	3.98	57.42	29.7	12.124898967785684	631	353	67	5	87	45	67	3	29	15	4434	0	0.06249523162841797	63200	36.16939973831177	53751	14.950949367088612	
3657208.0915016276	67.0	4.01	58.29	30.15	12.124898967785684	632	353	67	5	87	45	67	3	29	15	4440	0	0.06249570846557617	63300	36.231895446777344	53835	14.952606635071092	
1053966345.6375798	67.0	4.01	58.29	30.15	12.124898967785684	633	353	67	5	87	45	67	3	29	15	4448	0	0.04687166213989258	63400	36.278767108917236	53921	14.951104100946381	
2542110.1951299035	67.0	4.01	58.29	30.15	12.124898967785684	634	353	67	5	87	45	67	3	29	15	4455	0	0.04687142372131348	63500	36.32563853263855	54007	14.949606299212604	
181069037.8711302	67.0	3.95	56.55	29.25	12.124898967785684	635	353	67	5	87	45	67	3	29	15	4462	0	0.04687190055847168	63600	36.37251043319702	54091	14.951257861635227	
283378684.0251449	67.0	4.01	58.29	30.15	12.124898967785684	636	353	67	5	87	45	67	3	29	15	4469	0	0.031247615814208984	63700	36.40375804901123	54179	14.946624803767662	
2039566.5502821892	67.0	4.01	58.29	30.15	12.124898967785684	637	353	67	5	87	45	67	3	29	15	4475	0	0.04687213897705078	63800	36.45063018798828	54265	14.945141065830725	
1551259868.2888682	67.0	4.04	59.16	30.6	12.124898967785684	638	353	67	5	87	45	67	3	29	15	4480	0	0.06249666213989258	63900	36.513126850128174	54352	14.942097026604074	
6.276914245095728e+24	67.0	4.01	58.29	30.15	12.124898967785684	639	353	67	5	87	45	67	3	29	15	4486	0	0.046871185302734375	64000	36.55999803543091	54443	14.932812499999997	
35648685.82150912	67.0	3.93	55.97	28.95	12.124898967785684	640	353	67	5	87	45	67	3	29	15	4488	0	0.06249642372131348	64100	36.62249445915222	54533	14.925117004680189	
1279870613.267617	67.0	4.01	58.29	30.15	12.124898967785684	641	353	67	5	87	45	67	3	29	15	4497	0	0.07811808586120605	64200	36.70061254501343	54618	14.925233644859816	
514470394.03806543	67.0	3.98	57.42	29.7	12.124898967785684	642	353	67	5	87	45	67	3	29	15	4506	0	0.046878814697265625	64300	36.74749135971069	54704	14.923794712286153	
22635336.72806077	67.0	3.94	56.26	29.1	12.124898967785684	643	353	67	5	87	45	67	3	29	15	4511	0	0.04686474800109863	64400	36.79435610771179	54793	14.91770186335404	
9.721125818182207e+22	67.0	4.0	58.0	30.0	12.124898967785684	644	353	67	5	87	45	67	3	29	15	4513	0	0.04687190055847168	64500	36.841228008270264	54886	14.905426356589146	
6.049772593768258e+19	67.0	3.93	55.97	28.95	12.124898967785684	645	353	67	5	87	45	67	3	29	15	4521	0	0.031247854232788086	64600	36.87247586250305	54969	14.908668730650149	
690615214.2523539	67.0	4.02	58.58	30.3	12.123353042389839	646	353	67	5	87	45	67	3	29	15	4525	0	0.04687142372131348	64700	36.919347286224365	55056	14.905718701700152	
127676010.17732152	67.0	3.9	55.1	28.5	12.123353042389839	647	353	67	5	87	45	67	3	29	15	4529	0	0.031248807907104492	64800	36.95059609413147	55145	14.899691358024697	
1098897767.1537085	67.0	4.0	58.0	30.0	12.123353042389839	648	353	67	5	87	45	67	3	29	15	4533	0	0.031248092651367188	64900	36.98184418678284	55235	14.89214175654854	
35177906.27851481	67.0	4.01	58.29	30.15	12.123353042389839	649	353	67	5	87	45	67	3	29	15	4539	0	0.062494754791259766	65000	37.0443389415741	55324	14.886153846153846	
9326690.359442981	67.0	3.96	56.84	29.4	12.123353042389839	650	353	67	5	87	45	67	3	29	15	4544	0	0.06249499320983887	65100	37.106833934783936	55409	14.886328725038396	
275576385.8177719	67.0	3.98	57.42	29.7	12.122468657453833	651	353	67	5	87	45	67	3	29	15	4548	0	0.04687237739562988	65200	37.153706312179565	55491	14.891104294478524	
676793.0444115079	67.0	4.02	58.58	30.3	12.122468657453833	652	353	67	5	87	45	67	3	29	15	4552	0	0.04687166213989258	65300	37.20057797431946	55578	14.888208269525265	
240818618.21929008	67.0	4.0	58.0	30.0	12.122468657453833	653	353	67	5	87	45	67	3	29	15	4558	0	0.06249594688415527	65400	37.26307392120361	55661	14.891437308868504	
3480461.6649630065	67.0	3.99	57.71	29.85	12.122468657453833	654	353	67	5	87	45	67	3	29	15	4566	0	0.04687166213989258	65500	37.309945583343506	55744	14.894656488549614	
111157357.30009541	67.0	3.99	57.71	29.85	12.122468657453833	655	353	67	5	87	45	67	3	29	15	4575	0	0.031248092651367188	65600	37.34119367599487	55827	14.89786585365853	
306992642.68571526	67.0	4.0	58.0	30.0	12.122468657453833	656	353	67	5	87	45	67	3	29	15	4581	0	0.06249594688415527	65700	37.40368962287903	55910	14.901065449010659	
8.063023397120058e+27	67.0	4.0	58.0	30.0	12.122468657453833	657	353	67	5	87	45	67	3	29	15	4583	0	0.04687166213989258	65800	37.45056128501892	56000	14.893617021276597	
341835038.49494493	67.0	4.02	58.58	30.3	12.122468657453833	658	353	67	5	87	45	67	3	29	15	4594	0	0.06249547004699707	65900	37.51305675506592	56083	14.896813353566003	
591305321.7356488	67.0	3.98	57.42	29.7	12.122468657453833	659	353	67	5	87	45	67	3	29	15	4602	0	0.04687190055847168	66000	37.55992865562439	56170	14.893939393939391	
536689036.0143562	67.0	3.98	57.42	29.7	12.122468657453833	660	353	67	5	87	45	67	3	29	15	4608	0	0.06249570846557617	66100	37.622424364089966	56257	14.891074130105892	
113526972.36783575	67.0	3.98	57.42	29.7	12.122468657453833	661	353	67	5	87	45	67	3	29	15	4618	0	0.04687142372131348	66200	37.66929578781128	56342	14.891238670694861	
305211825.66685045	67.0	3.97	57.13	29.55	12.122468657453833	662	353	67	5	87	45	67	3	29	15	4625	0	0.046872615814208984	66300	37.71616840362549	56432	14.883861236802403	
12426644.828360634	67.0	3.94	56.26	29.1	12.122468657453833	663	353	67	5	87	45	67	3	29	15	4627	0	0.062499046325683594	66400	37.77866744995117	56525	14.871987951807228	
1477032374.5770807	67.0	3.91	55.39	28.65	12.122468657453833	664	353	67	5	87	45	67	3	29	15	4632	0	0.04686856269836426	66500	37.825536012649536	56616	14.863157894736844	
252682661.42449495	67.0	3.99	57.71	29.85	12.122468657453833	665	353	67	5	87	45	67	3	29	15	4637	0	0.04687166213989258	66600	37.87240767478943	56704	14.858858858858852	
7531092692943879.0	67.0	3.95	56.55	29.25	12.122468657453833	666	353	67	5	87	45	67	3	29	15	4650	0	0.04687094688415527	66700	37.919278621673584	56783	14.868065967016491	
2101294.323749005	67.0	3.91	55.39	28.65	12.122135159352224	667	353	67	5	87	45	67	3	29	15	4655	0	0.031248092651367188	66800	37.95052671432495	56873	14.860778443113773	
2.9036774468342875e+29	67.0	3.98	57.42	29.7	12.122135159352224	668	353	67	5	87	45	67	3	29	15	4662	0	0.06249570846557617	66900	38.01302242279053	56961	14.856502242152473	
24729122.342285756	67.0	4.01	58.29	30.15	12.122135159352224	669	353	67	5	87	45	67	3	29	15	4673	0	0.062496185302734375	67000	38.07551860809326	57047	14.85522388059701	
393854.74175046897	67.0	4.04	59.16	30.6	12.122135159352224	670	353	67	5	87	45	67	3	29	15	4678	0	0.06249547004699707	67100	38.13801407814026	57138	14.846497764530554	
854736.778476879	67.0	3.98	57.42	29.7	12.122135159352224	671	353	67	5	87	45	67	3	29	15	4682	0	0.04687190055847168	67200	38.18488597869873	57231	14.83482142857143	
2138828964043627.8	67.0	4.02	58.58	30.3	12.121692694641917	672	353	67	5	87	45	67	3	29	15	4690	0	0.06249570846557617	67300	38.24738168716431	57314	14.838038632986624	
68323421.41873668	67.0	3.97	57.13	29.55	12.121692694641917	673	353	67	5	87	45	67	3	29	15	4695	0	0.031247854232788086	67400	38.278629541397095	57404	14.830860534124625	
891315735947270.1	67.0	3.96	56.84	29.4	12.118164732512325	674	353	67	5	87	45	67	3	29	15	4704	0	0.04687166213989258	67500	38.32550120353699	57487	14.834074074074081	
30180303.494167358	67.0	4.0	58.0	30.0	12.118164732512325	675	353	67	5	87	45	67	3	29	15	4710	0	0.04687190055847168	67600	38.37237310409546	57573	14.832840236686394	
260967582.4087947	67.0	4.04	59.16	30.6	12.118164732512325	676	353	67	5	87	45	67	3	29	15	4717	0	0.06249570846557617	67700	38.434868812561035	57661	14.828655834564259	
34350981.95324988	67.0	4.01	58.29	30.15	12.118164732512325	677	353	67	5	87	45	67	3	29	15	4722	0	0.04687166213989258	67800	38.48174047470093	57750	14.82300884955751	
524865810.92958134	67.0	4.0	58.0	30.0	12.118164732512325	678	353	67	5	87	45	67	3	29	15	4731	0	0.06249570846557617	67900	38.544236183166504	57836	14.82179675994108	
87868166240.84616	67.0	3.97	57.13	29.55	12.118164732512325	679	353	67	5	87	45	67	3	29	15	4741	0	0.06249594688415527	68000	38.60673213005066	57922	14.820588235294125	
70396027.76250514	67.0	3.99	57.71	29.85	12.118164732512325	680	353	67	5	87	45	67	3	29	15	4749	0	0.04687166213989258	68100	38.65360379219055	58009	14.817914831130679	
1140315452.7466638	67.0	4.0	58.0	30.0	12.118164732512325	681	353	67	5	87	45	67	3	29	15	4756	0	0.06249570846557617	68200	38.71609950065613	58098	14.812316715542522	
5579259953935.284	67.0	4.07	60.03	31.05	12.118164732512325	682	353	67	5	87	45	67	3	29	15	4763	0	0.04687166213989258	68300	38.76297116279602	58184	14.811127379209367	
2.288633699827312e+20	67.0	4.01	58.29	30.15	12.118164732512325	683	353	67	5	87	45	67	3	29	15	4769	0	0.031248092651367188	68400	38.79421925544739	58268	14.812865497076018	
953571624.8200458	67.0	3.98	57.42	29.7	12.118164732512325	684	353	67	5	87	45	67	3	29	15	4777	0	0.06249570846557617	68500	38.856714963912964	58355	14.810218978102185	
1716362447.482435	67.0	4.0	58.0	30.0	12.118164732512325	685	353	67	5	87	45	67	3	29	15	4789	0	0.04687166213989258	68600	38.903586626052856	58440	14.81049562682216	
527163453.1786772	67.0	4.03	58.87	30.45	12.118164732512325	686	353	67	5	87	45	67	3	29	15	4796	0	0.06249594688415527	68700	38.96608257293701	58528	14.806404657933044	
42706306.404401906	67.0	4.09	60.61	31.35	12.118164732512325	687	353	67	5	87	45	67	4	58	30	4802	0	0.04687166213989258	68800	39.012954235076904	58610	14.811046511627907	
96243245.29148892	67.0	3.95	56.55	29.25	12.118164732512325	688	353	67	5	87	45	67	3	29	15	4809	0	0.06250572204589844	68900	39.0754599571228	58689	14.820029027576197	
64521280.28309823	67.0	3.98	57.42	29.7	12.118164732512325	689	353	67	5	87	45	67	3	29	15	4811	0	0.04686164855957031	69000	39.12232160568237	58779	14.813043478260866	
47916914.94302953	67.0	4.05	59.45	30.75	12.118164732512325	690	353	67	5	87	45	67	3	29	15	4815	0	0.06249570846557617	69100	39.18481731414795	58869	14.806078147612155	
25543953.724571787	67.0	4.0	58.0	30.0	12.118164732512325	691	353	67	5	87	45	67	3	29	15	4822	0	0.04687213897705078	69200	39.231689453125	58953	14.807803468208093	
104132198.705059	67.0	3.93	55.97	28.95	12.118164732512325	692	353	67	5	87	45	67	3	29	15	4824	0	0.06249570846557617	69300	39.294185161590576	59041	14.803751803751808	
152936324.7611121	67.0	3.97	57.13	29.55	12.118164732512325	693	353	67	5	87	45	67	3	29	15	4831	0	0.046871185302734375	69400	39.34105634689331	59126	14.804034582132559	
582506457.8405055	67.0	4.02	58.58	30.3	12.118164732512325	694	353	67	5	87	45	67	3	29	15	4837	0	0.06249642372131348	69500	39.403552770614624	59216	14.797122302158272	
30354753.301705632	67.0	4.0	58.0	30.0	12.118164732512325	695	353	67	5	87	45	67	3	29	15	4843	0	0.04687166213989258	69600	39.45042443275452	59302	14.795977011494259	
300003233.8172498	67.0	4.01	58.29	30.15	12.118164732512325	696	353	67	5	87	45	67	3	29	15	4852	0	0.04687166213989258	69700	39.49729609489441	59382	14.80344332855094	
695064400.2230278	67.0	3.95	56.55	29.25	12.118164732512325	697	353	67	5	87	45	67	3	29	15	4857	0	0.04687142372131348	69800	39.54416751861572	59471	14.797994269340975	
567520861.5661151	67.0	3.95	56.55	29.25	12.118164732512325	698	353	67	5	87	45	67	3	29	15	4866	0	0.06249642372131348	69900	39.606663942337036	59556	14.798283261802581	
290962591.96237904	67.0	3.99	57.71	29.85	12.118164732512325	699	353	67	5	87	45	67	3	29	15	4871	0	0.04687142372131348	70000	39.65353536605835	59646	14.791428571428568	
613380247.7810624	67.0	4.05	59.45	30.75	12.118164732512325	700	353	67	5	87	45	67	3	29	15	4875	0	0.06249547004699707	70100	39.71603083610535	59734	14.787446504992857	
774261197.0218669	67.0	3.96	56.84	29.4	12.118164732512325	701	353	67	5	87	45	67	3	29	15	4881	0	0.04687213897705078	70200	39.7629029750824	59823	14.782051282051285	
406404660342535.94	67.0	3.96	56.84	29.4	12.118164732512325	702	353	67	5	87	45	67	3	29	15	4890	0	0.04687213897705078	70300	39.80977511405945	59903	14.789473684210535	
1006369782.4559531	67.0	3.98	57.42	29.7	12.118164732512325	703	353	67	5	87	45	67	3	29	15	4897	0	0.06249547004699707	70400	39.872270584106445	59990	14.786931818181813	
57768654.56669356	67.0	4.02	58.58	30.3	12.118164732512325	704	353	67	5	87	45	67	3	29	15	4903	0	0.06249570846557617	70500	39.93476629257202	60080	14.780141843971634	
123554706.60050704	67.0	4.0	58.0	30.0	12.118164732512325	705	353	67	5	87	45	67	3	29	15	4911	0	0.04687142372131348	70600	39.981637716293335	60161	14.786118980169974	
339436516.1656401	67.0	3.93	55.97	28.95	12.118164732512325	706	353	67	5	87	45	67	3	29	15	4921	0	0.04687213897705078	70700	40.028509855270386	60243	14.790664780763791	
61253547.79963984	67.0	4.02	58.58	30.3	12.118164732512325	707	353	67	5	87	45	67	3	29	15	4934	0	0.06249570846557617	70800	40.09100556373596	60324	14.79661016949153	
1174697424.749086	67.0	3.96	56.84	29.4	12.118164732512325	708	353	67	5	87	45	67	3	29	15	4944	0	0.031247615814208984	70900	40.12225317955017	60407	14.799717912552893	
357509629.41014355	67.0	4.0	58.0	30.0	12.118164732512325	709	353	67	5	87	45	67	3	29	15	4954	0	0.04687237739562988	71000	40.1691255569458	60491	14.80140845070423	
679950639.2822815	67.0	4.0	58.0	30.0	12.118164732512325	710	353	67	5	87	45	67	3	29	15	4958	0	0.06249523162841797	71100	40.23162078857422	60580	14.79606188466947	
316840660.7643071	67.0	3.97	57.13	29.55	12.118164732512325	711	353	67	5	87	45	67	3	29	15	4965	0	0.04687213897705078	71200	40.27849292755127	60664	14.797752808988761	
6.892104488305683e+19	67.0	4.0	58.0	30.0	12.118164732512325	712	353	67	5	87	45	67	3	29	15	4968	0	0.06249547004699707	71300	40.34098839759827	60757	14.786816269284714	
332739257.65439945	67.0	3.96	56.84	29.4	12.118164732512325	713	353	67	5	87	45	67	3	29	15	4975	0	0.04687190055847168	71400	40.38786029815674	60842	14.787114845938376	
1799945684.9058497	67.0	4.02	58.58	30.3	12.118164732512325	714	353	67	5	87	45	67	3	29	15	4985	0	0.04687237739562988	71500	40.43473267555237	60927	14.78741258741259	
2632426.7138191713	67.0	3.94	56.26	29.1	12.118164732512325	715	353	67	5	87	45	67	3	29	15	4989	0	0.04687190055847168	71600	40.48160457611084	61016	14.782122905027933	
215939022.54772678	67.0	3.97	57.13	29.55	12.118164732512325	716	353	67	5	87	45	67	3	29	15	4997	0	0.03124833106994629	71700	40.512852907180786	61103	14.779637377963738	
1112967770.6618335	67.0	3.96	56.84	29.4	12.118164732512325	717	353	67	5	87	45	67	3	29	15	5006	0	0.03124690055847168	71800	40.54409980773926	61190	14.777158774373262	
779684196.8396691	67.0	3.98	57.42	29.7	12.118164732512325	718	353	67	5	87	45	67	3	29	15	5012	0	0.04687356948852539	71900	40.59097337722778	61278	14.773296244784419	
68837884.31762658	67.0	4.0	58.0	30.0	12.118164732512325	719	353	67	5	87	45	67	3	29	15	5020	0	0.04687023162841797	72000	40.6378436088562	61367	14.768055555555563	
1102644810.5470183	67.0	3.98	57.42	29.7	12.118164732512325	720	353	67	5	87	45	67	3	29	15	5027	0	0.04687166213989258	72100	40.684715270996094	61455	14.76421636615811	
822481082.317248	67.0	4.0	58.0	30.0	12.118164732512325	721	353	67	5	87	45	67	3	29	15	5032	0	0.06249547004699707	72200	40.74721074104309	61545	14.757617728531855	
786345126.8255582	67.0	3.98	57.42	29.7	12.118164732512325	722	353	67	5	87	45	67	3	29	15	5038	0	0.04687190055847168	72300	40.79408264160156	61635	14.751037344398341	
1194300004.5823808	67.0	4.01	58.29	30.15	12.118164732512325	723	353	67	5	87	45	67	3	29	15	5049	0	0.062496185302734375	72400	40.8565788269043	61720	14.751381215469621	
915454693.5665157	67.0	3.97	57.13	29.55	12.118164732512325	724	353	67	5	87	45	67	3	29	15	5055	0	0.06249713897705078	72500	40.91907596588135	61806	14.750344827586204	
7.552315983045476e+24	67.0	3.98	57.42	29.7	12.118164732512325	725	353	67	5	87	45	67	3	29	15	5062	0	0.04687190055847168	72600	40.96594786643982	61894	14.746556473829202	
551066914.5628268	67.0	3.99	57.71	29.85	12.118164732512325	726	353	67	5	87	45	67	3	29	15	5070	0	0.06249523162841797	72700	41.02844309806824	61984	14.740027510316366	
8.778664025457299e+18	67.0	3.97	57.13	29.55	12.118164732512325	727	353	67	5	87	45	67	3	29	15	5075	0	0.04687142372131348	72800	41.07531452178955	62072	14.736263736263737	
296486700.1952443	67.0	4.0	58.0	30.0	12.118164732512325	728	353	67	5	87	45	67	3	29	15	5083	0	0.06249523162841797	72900	41.13780975341797	62153	14.742112482853216	
339015974.5780698	67.0	3.98	57.42	29.7	12.118164732512325	729	353	67	5	87	45	67	3	29	15	5090	0	0.031247615814208984	73000	41.16905736923218	62244	14.734246575342468	
1.8610233966023241e+27	67.0	4.0	58.0	30.0	12.118164732512325	730	353	67	5	87	45	67	3	29	15	5097	0	0.046872615814208984	73100	41.21592998504639	62324	14.741450068399459	
309432494.56834024	67.0	3.98	57.42	29.7	12.118164732512325	731	353	67	5	87	45	67	3	29	15	5105	0	0.06249594688415527	73200	41.27842593193054	62408	14.743169398907114	
885763559.2168084	67.0	3.98	57.42	29.7	12.118164732512325	732	353	67	5	87	45	67	3	29	15	5112	0	0.04687190055847168	73300	41.325297832489014	62493	14.743519781718959	
881534147.2449	67.0	4.02	58.58	30.3	12.118164732512325	733	353	67	5	87	45	67	3	29	15	5118	0	0.04687070846557617	73400	41.37216854095459	62580	14.741144414168943	
2428347.680023092	67.0	4.04	59.16	30.6	12.118164732512325	734	353	67	5	87	45	67	3	29	15	5127	0	0.04687190055847168	73500	41.41904044151306	62662	14.745578231292527	
56546371.826241195	67.0	3.96	56.84	29.4	12.118164732512325	735	353	67	5	87	45	67	3	29	15	5133	0	0.04687237739562988	73600	41.46591281890869	62745	14.748641304347828	
6702605042801.392	67.0	3.93	55.97	28.95	12.118164732512325	736	353	67	5	87	45	67	3	29	15	5143	0	0.04687142372131348	73700	41.512784242630005	62827	14.753052917232026	
85938323.01256856	67.0	4.01	58.29	30.15	12.118164732512325	737	353	67	5	87	45	67	3	29	15	5146	0	0.062496185302734375	73800	41.57528042793274	62912	14.75338753387534	
295923825417.8613	67.0	3.99	57.71	29.85	12.118164732512325	738	353	67	5	87	45	67	3	29	15	5148	0	0.046871185302734375	73900	41.622151613235474	63002	14.746955345060897	
1109477832.4147942	67.0	3.96	56.84	29.4	12.118164732512325	739	353	67	5	87	45	67	3	29	15	5152	0	0.04687237739562988	74000	41.6690239906311	63090	14.743243243243242	
87681095958.71785	67.0	3.97	57.13	29.55	12.118164732512325	740	353	67	5	87	45	67	3	29	15	5154	0	0.04687166213989258	74100	41.715895652770996	63182	14.734143049932527	
4289814.389646891	67.0	4.03	58.87	30.45	12.118164732512325	741	353	67	5	87	45	67	3	29	15	5161	0	0.031247854232788086	74200	41.747143507003784	63269	14.731805929919133	
5.220209896398537e+27	67.0	3.99	57.71	29.85	12.118164732512325	742	353	67	5	87	45	67	3	29	15	5164	0	0.03124856948852539	74300	41.77839207649231	63352	14.734858681022871	
27405490.721407887	67.0	4.02	58.58	30.3	12.118164732512325	743	353	67	5	87	45	67	3	29	15	5169	0	0.06249523162841797	74400	41.84088730812073	63437	14.73521505376344	
4165919.8239566116	67.0	4.0	58.0	30.0	12.118164732512325	744	353	67	5	87	45	67	3	29	15	5177	0	0.046871185302734375	74500	41.88775849342346	63520	14.738255033557053	
712696844.9170713	67.0	3.96	56.84	29.4	12.118164732512325	745	353	67	5	87	45	67	3	29	15	5180	0	0.04687309265136719	74600	41.93463158607483	63603	14.741286863270773	
88742251534.32971	67.0	3.96	56.84	29.4	12.118164732512325	746	353	67	5	87	45	67	3	29	15	5183	0	0.031245946884155273	74700	41.965877532958984	63691	14.737617135207486	
326665.5479703553	67.0	3.98	57.42	29.7	12.118164732512325	747	353	67	5	87	45	67	3	29	15	5190	0	0.04687166213989258	74800	42.01274919509888	63779	14.733957219251337	
347448125.3830691	67.0	3.99	57.71	29.85	12.118164732512325	748	353	67	5	87	45	67	3	29	15	5194	0	0.04687237739562988	74900	42.05962157249451	63866	14.731642189586111	
8394919355340781.0	67.0	4.04	59.16	30.6	12.118164732512325	749	353	67	5	87	45	67	3	29	15	5200	0	0.031247377395629883	75000	42.09086894989014	63951	14.732	
782789.0490119416	67.0	4.07	60.03	31.05	12.118164732512325	750	353	67	5	87	45	67	3	29	15	5206	0	0.062496185302734375	75100	42.15336513519287	64038	14.729693741677764	
305267516.49399585	67.0	3.98	57.42	29.7	12.118164732512325	751	353	67	5	87	45	67	3	29	15	5212	0	0.04687213897705078	75200	42.20023727416992	64124	14.72872340425532	
70508464.47675218	67.0	4.09	60.61	31.35	12.117722267802014	752	353	67	5	87	45	67	3	29	15	5218	0	0.07811903953552246	75300	42.278356313705444	64207	14.731739707835317	
875539151.9603622	67.0	4.06	59.74	30.9	12.117722267802014	753	353	67	5	87	45	67	3	29	15	5222	0	0.04687190055847168	75400	42.325228214263916	64296	14.726790450928391	
534592870.0457047	67.0	4.02	58.58	30.3	12.117722267802014	754	353	67	5	87	45	67	3	29	15	5224	0	0.046871185302734375	75500	42.37209939956665	64387	14.71920529801325	
101762265.54757814	67.0	3.95	56.55	29.25	12.117722267802014	755	353	67	5	87	45	67	3	29	15	5231	0	0.0468745231628418	75600	42.41897392272949	64466	14.727513227513228	
7224724.049947796	67.0	4.02	58.58	30.3	12.117722267802014	756	353	67	5	87	45	67	3	29	15	5237	0	0.062493324279785156	75700	42.48146724700928	64551	14.72787318361955	
80480873.13785942	67.0	3.94	56.26	29.1	12.117722267802014	757	353	67	5	87	45	67	3	29	15	5241	0	0.04687237739562988	75800	42.52833962440491	64639	14.724274406332455	
1091700572.7218502	67.0	4.02	58.58	30.3	12.117500967414792	758	353	67	5	87	45	67	3	29	15	5249	0	0.04687213897705078	75900	42.57521176338196	64720	14.729907773386032	
7.888371919320627e+23	67.0	3.99	57.71	29.85	12.117500967414792	759	353	67	5	87	45	67	3	29	15	5261	0	0.046871185302734375	76000	42.62208294868469	64798	14.739473684210523	
1113942813.8148866	67.0	3.96	56.84	29.4	12.117500967414792	760	353	67	5	87	45	67	3	29	15	5267	0	0.031248092651367188	76100	42.65333104133606	64888	14.733245729303547	
510896210.72000325	67.0	4.01	58.29	30.15	12.117500967414792	761	353	67	5	87	45	67	3	29	15	5274	0	0.06249523162841797	76200	42.71582627296448	64975	14.730971128608928	
3269472.704645607	67.0	3.99	57.71	29.85	12.117500967414792	762	353	67	5	87	45	67	3	29	15	5279	0	0.046872854232788086	76300	42.762699127197266	65061	14.730013106159902	
100373402.0792536	67.0	3.98	57.42	29.7	12.117500967414792	763	353	67	5	87	45	67	3	29	15	5286	0	0.04687070846557617	76400	42.80956983566284	65146	14.7303664921466	
114928126.75960976	67.0	4.01	58.29	30.15	12.117500967414792	764	353	67	5	87	45	67	3	29	15	5292	0	0.04687237739562988	76500	42.85644221305847	65233	14.7281045751634	
27846980.088027604	67.0	4.0	58.0	30.0	12.117500967414792	765	353	67	5	87	45	67	3	29	15	5299	0	0.06249570846557617	76600	42.91893792152405	65320	14.725848563968668	
1004079588.7088426	67.0	4.02	58.58	30.3	12.117500967414792	766	353	67	5	87	45	67	3	29	15	5307	0	0.06249642372131348	76700	42.98143434524536	65405	14.72620599739244	
1.04122347576626e+18	67.0	3.98	57.42	29.7	12.117500967414792	767	353	67	5	87	45	67	3	29	15	5314	0	0.04687142372131348	76800	43.028305768966675	65485	14.733072916666671	
1519217088.9387267	67.0	4.0	58.0	30.0	12.117500967414792	768	353	67	5	87	45	67	3	29	15	5322	0	0.04687094688415527	76900	43.07517671585083	65575	14.726918075422617	
659772426.3140849	67.0	3.93	55.97	28.95	12.117500967414792	769	353	67	5	87	45	67	3	29	15	5323	0	0.06249666213989258	77000	43.13767337799072	65667	14.718181818181819	
885110301.5683873	67.0	3.97	57.13	29.55	12.117500967414792	770	353	67	5	87	45	67	3	29	15	5330	0	0.031247854232788086	77100	43.16892123222351	65747	14.725032425421531	
2.056956774545689e+18	67.0	3.96	56.84	29.4	12.117500967414792	771	353	67	5	87	45	67	3	29	15	5338	0	0.04687190055847168	77200	43.21579313278198	65830	14.7279792746114	
304000293.1038095	67.0	3.95	56.55	29.25	12.117500967414792	772	353	67	5	87	45	67	3	29	15	5345	0	0.062496185302734375	77300	43.27828931808472	65918	14.724450194049155	
598389309.6399255	67.0	4.0	58.0	30.0	12.117500967414792	773	353	67	5	87	45	67	3	29	15	5351	0	0.04687023162841797	77400	43.325159549713135	66004	14.723514211886297	
566883292.7574784	67.0	4.03	58.87	30.45	12.117500967414792	774	353	67	5	87	45	67	3	29	15	5362	0	0.06249523162841797	77500	43.38765478134155	66087	14.726451612903219	
318865231.26910585	67.0	4.04	59.16	30.6	12.117500967414792	775	353	67	5	87	45	67	3	29	15	5371	0	0.04687237739562988	77600	43.43452715873718	66174	14.724226804123703	
536064907.7424505	67.0	3.93	55.97	28.95	12.117500967414792	776	353	67	5	87	45	67	3	29	15	5381	0	0.06249570846557617	77700	43.49702286720276	66255	14.72972972972974	
136647708.04097536	67.0	3.98	57.42	29.7	12.117500967414792	777	353	67	5	87	45	67	3	29	15	5388	0	0.04687166213989258	77800	43.54389452934265	66341	14.728791773778909	
1570287820.516747	67.0	3.96	56.84	29.4	12.117500967414792	778	353	67	5	87	45	67	3	29	15	5392	0	0.04687190055847168	77900	43.59076642990112	66431	14.722721437740688	
281363404.10064507	67.0	4.03	58.87	30.45	12.117500967414792	779	353	67	5	87	45	67	3	29	15	5400	0	0.06249713897705078	78000	43.653263568878174	66516	14.723076923076931	
60278299.236718684	67.0	4.02	58.58	30.3	12.117500967414792	780	353	67	5	87	45	67	3	29	15	5409	0	0.031247377395629883	78100	43.684510946273804	66600	14.724711907810502	
69853680.62767273	67.0	3.96	56.84	29.4	12.117500967414792	781	353	67	5	87	45	67	3	29	15	5417	0	0.06249499320983887	78200	43.74700593948364	66688	14.72122762148338	
398348125.0659254	67.0	4.03	58.87	30.45	12.117500967414792	782	353	67	5	87	45	67	3	29	15	5420	0	0.04687333106994629	78300	43.79387927055359	66779	14.7139208173691	
3077477.1067171693	67.0	3.99	57.71	29.85	12.117500967414792	783	353	67	5	87	45	67	3	29	15	5431	0	0.062494754791259766	78400	43.85637402534485	66864	14.714285714285708	
7405387.938959795	67.0	4.0	58.0	30.0	12.117500967414792	784	353	67	5	87	45	67	3	29	15	5436	0	0.062494754791259766	78500	43.91886878013611	66955	14.70700636942675	
753400893.2543823	67.0	4.0	58.0	30.0	12.117500967414792	785	353	67	5	87	45	67	3	29	15	5439	0	0.046874284744262695	78600	43.96574306488037	67043	14.703562340966926	
829035374683.5533	67.0	3.97	57.13	29.55	12.117500967414792	786	353	67	5	87	45	67	3	29	15	5443	0	0.046869516372680664	78700	44.01261258125305	67127	14.705209656925035	
524849325.2835912	67.0	4.03	58.87	30.45	12.117500967414792	787	353	67	5	87	45	67	3	29	15	5454	0	0.06249570846557617	78800	44.07510828971863	67211	14.706852791878177	
3081173.8404965717	67.0	4.0	58.0	30.0	12.117500967414792	788	353	67	5	87	45	67	3	29	15	5461	0	0.04687190055847168	78900	44.1219801902771	67296	14.707224334600767	
107928828311725.44	67.0	3.98	57.42	29.7	12.117500967414792	789	353	67	5	87	45	67	3	29	15	5465	0	0.031247615814208984	79000	44.15322780609131	67386	14.70126582278482	
714747019.3979859	67.0	4.06	59.74	30.9	12.117500967414792	790	353	67	5	87	45	67	3	29	15	5472	0	0.04687190055847168	79100	44.20009970664978	67473	14.69911504424779	
52983652.81490592	67.0	3.95	56.55	29.25	12.117500967414792	791	353	67	5	87	45	67	3	29	15	5479	0	0.04687142372131348	79200	44.246971130371094	67560	14.696969696969703	
279983878.83804715	67.0	3.95	56.55	29.25	12.117500967414792	792	353	67	5	87	45	67	3	29	15	5482	0	0.06249547004699707	79300	44.30946660041809	67649	14.692307692307693	
630614055.784204	67.0	4.02	58.58	30.3	12.117500967414792	793	353	67	5	87	45	67	3	29	15	5491	0	0.06249570846557617	79400	44.37196230888367	67736	14.69017632241814	
278906385.7920431	67.0	3.99	57.71	29.85	12.117500967414792	794	353	67	5	87	45	67	3	29	15	5501	0	0.06249642372131348	79500	44.43445873260498	67818	14.694339622641508	
2.4099579177701077e+27	67.0	4.05	59.45	30.75	12.117500967414792	795	353	67	5	87	45	67	3	29	15	5509	0	0.046871185302734375	79600	44.481329917907715	67907	14.689698492462313	
8898669.781146822	67.0	3.98	57.42	29.7	12.117500967414792	796	353	67	5	87	45	67	3	29	15	5516	0	0.031248092651367188	79700	44.51257801055908	67996	14.685069008782932	
407224845.31730783	67.0	3.94	56.26	29.1	12.117500967414792	797	353	67	5	87	45	67	3	29	15	5522	0	0.04687166213989258	79800	44.559449672698975	68074	14.694235588972433	
13222282.033470964	67.0	3.96	56.84	29.4	12.117500967414792	798	353	67	5	87	45	67	3	29	15	5528	0	0.04687237739562988	79900	44.606322050094604	68159	14.694618272841055	
103826.635487315	67.0	3.98	57.42	29.7	12.117500967414792	799	353	67	5	87	45	67	3	29	15	5533	0	0.046871185302734375	80000	44.65319323539734	68240	14.700000000000003	
6883824.1431266945	67.0	3.92	55.68	28.8	12.117500967414792	800	353	67	5	87	45	67	3	29	15	5537	0	0.06249594688415527	80100	44.715689182281494	68326	14.699126092384518	
278954401.92086226	67.0	4.01	58.29	30.15	12.117500967414792	801	353	67	5	87	45	67	3	29	15	5544	0	0.04687166213989258	80200	44.76256084442139	68408	14.70324189526184	
721732.8404233666	67.0	4.02	58.58	30.3	12.117500967414792	802	353	67	5	87	45	67	3	29	15	5549	0	0.031248092651367188	80300	44.793808937072754	68493	14.703611457036118	
1.912436058595591e+21	67.0	4.01	58.29	30.15	12.117500967414792	803	353	67	5	87	45	67	3	29	15	5554	0	0.04687166213989258	80400	44.84068059921265	68579	14.702736318407958	
271912534.54286504	67.0	3.93	55.97	28.95	12.117500967414792	804	353	67	5	87	45	67	3	29	15	5562	0	0.04687190055847168	80500	44.88755249977112	68656	14.713043478260872	
741353400.0562485	67.0	3.99	57.71	29.85	12.117121816501827	805	353	67	5	87	45	67	3	29	15	5567	0	0.031247615814208984	80600	44.91880011558533	68741	14.713399503722087	
839961550.3870711	67.0	3.98	57.42	29.7	12.117121816501827	806	353	67	5	87	45	67	3	29	15	5571	0	0.04687333106994629	80700	44.96567344665527	68829	14.710037174721194	
1000204854802.9141	67.0	3.98	57.42	29.7	12.117121816501827	807	353	67	5	87	45	67	3	29	15	5574	0	0.04687356948852539	80800	45.0125470161438	68922	14.700495049504951	
8066775.0619960725	67.0	3.98	57.42	29.7	12.117121816501827	808	353	67	5	87	45	67	3	29	15	5580	0	0.06249237060546875	80900	45.07503938674927	69010	14.697156983930782	
557345594.9877847	67.0	3.99	57.71	29.85	12.117121816501827	809	353	67	5	87	45	67	3	29	15	5590	0	0.062496185302734375	81000	45.137535572052	69094	14.698765432098767	
580408856.9896145	67.0	3.95	56.55	29.25	12.117121816501827	810	353	67	4	58	30	67	3	29	15	5594	0	0.04687142372131348	81100	45.184406995773315	69185	14.691738594327987	
8767344.13440997	67.0	4.01	58.29	30.15	12.117121816501827	811	353	67	5	87	45	67	3	29	15	5599	0	0.06249547004699707	81200	45.24690246582031	69272	14.689655172413794	
353078953.23611563	67.0	3.99	57.71	29.85	12.117121816501827	812	353	67	5	87	45	67	3	29	15	5607	0	0.062496185302734375	81300	45.30939865112305	69354	14.693726937269375	
601202610510685.2	67.0	4.01	58.29	30.15	12.117121816501827	813	353	67	5	87	45	67	3	29	15	5614	0	0.04687166213989258	81400	45.35627031326294	69438	14.695331695331689	
331417317.95593524	67.0	3.98	57.42	29.7	12.117121816501827	814	353	67	5	87	45	67	3	29	15	5620	0	0.031247854232788086	81500	45.38751816749573	69524	14.694478527607359	
4.846488635528584e+29	67.0	3.99	57.71	29.85	12.117121816501827	815	353	67	5	87	45	67	3	29	15	5627	0	0.04687166213989258	81600	45.43438982963562	69609	14.694852941176478	
677533372.7973769	67.0	3.98	57.42	29.7	12.117121816501827	816	353	67	5	87	45	67	3	29	15	5632	0	0.04687190055847168	81700	45.48126173019409	69697	14.69155446756426	
328677116.0699099	67.0	4.04	59.16	30.6	12.117121816501827	817	353	67	5	87	45	67	3	29	15	5639	0	0.06249594688415527	81800	45.54375767707825	69781	14.69315403422982	
380595860.2715465	67.0	4.0	58.0	30.0	12.117121816501827	818	353	67	5	87	45	67	3	29	15	5643	0	0.04687166213989258	81900	45.59062933921814	69870	14.688644688644686	
7679026527.038673	67.0	4.05	59.45	30.75	12.117121816501827	819	353	67	5	87	45	67	3	29	15	5647	0	0.06249594688415527	82000	45.653125286102295	69956	14.68780487804878	
354606005.39412016	67.0	4.03	58.87	30.45	12.117121816501827	820	353	67	5	87	45	67	3	29	15	5651	0	0.04687190055847168	82100	45.69999718666077	70048	14.67965895249695	
1027917454.2991508	67.0	4.01	58.29	30.15	12.117121816501827	821	353	67	5	87	45	67	3	29	15	5659	0	0.06249570846557617	82200	45.76249289512634	70130	14.68369829683698	
612105946.7812804	67.0	3.96	56.84	29.4	12.117121816501827	822	353	67	5	87	45	67	3	29	15	5662	0	0.04687166213989258	82300	45.809364557266235	70218	14.680437424058326	
567969190.2685901	67.0	3.94	56.26	29.1	12.117121816501827	823	353	67	5	87	45	67	3	29	15	5664	0	0.04687166213989258	82400	45.85623621940613	70307	14.675970873786397	
371814709.2772758	67.0	3.93	55.97	28.95	12.117121816501827	824	353	67	5	87	45	67	3	29	15	5670	0	0.031247615814208984	82500	45.88748383522034	70390	14.678787878787887	
1701746276.9287832	67.0	3.93	55.97	28.95	12.117121816501827	825	353	67	5	87	45	67	3	29	15	5675	0	0.04687213897705078	82600	45.93435597419739	70474	14.68038740920096	
834247820.7284393	67.0	4.03	58.87	30.45	12.117121816501827	826	353	67	5	87	45	67	3	29	15	5680	0	0.06249570846557617	82700	45.996851682662964	70561	14.678355501813783	
3553787.7689970783	67.0	3.98	57.42	29.7	12.117121816501827	827	353	67	5	87	45	67	3	29	15	5685	0	0.04687166213989258	82800	46.043723344802856	70646	14.678743961352652	
195963947.56506863	67.0	3.99	57.71	29.85	12.117121816501827	828	353	67	5	87	45	67	3	29	15	5692	0	0.06249594688415527	82900	46.10621929168701	70731	14.679131483715324	
352978945.9240553	67.0	3.97	57.13	29.55	12.117121816501827	829	353	67	5	87	45	67	3	29	15	5697	0	0.04687142372131348	83000	46.153090715408325	70819	14.675903614457837	
931483122.5137901	67.0	3.99	57.71	29.85	12.117121816501827	830	353	67	5	87	45	67	3	29	15	5702	0	0.06249594688415527	83100	46.21558666229248	70906	14.67388688327317	
162138367.05336717	67.0	4.01	58.29	30.15	12.117121816501827	831	353	67	5	87	45	67	3	29	15	5710	0	0.06249737739562988	83200	46.27808403968811	70993	14.671875	
353058942.51207304	67.0	4.02	58.58	30.3	12.117121816501827	832	353	67	5	87	45	67	3	29	15	5712	0	0.04687047004699707	83300	46.32495450973511	71086	14.66266506602642	
1104254.7918649071	67.0	3.98	57.42	29.7	12.117121816501827	833	353	67	5	87	45	67	3	29	15	5717	0	0.04687213897705078	83400	46.37182664871216	71168	14.666666666666657	
1874635738.911851	67.0	4.03	58.87	30.45	12.117121816501827	834	353	67	5	87	45	67	3	29	15	5724	0	0.06249690055847168	83500	46.43432354927063	71255	14.664670658682638	
702012377.4232984	67.0	3.94	56.26	29.1	12.117121816501827	835	353	67	5	87	45	67	3	29	15	5730	0	0.031246185302734375	83600	46.465569734573364	71337	14.668660287081337	
387881270.5011094	67.0	3.99	57.71	29.85	12.117121816501827	836	353	67	5	87	45	67	3	29	15	5734	0	0.046872854232788086	83700	46.51244258880615	71423	14.667861409796885	
573742519.17023	67.0	4.05	59.45	30.75	12.117121816501827	837	353	67	5	87	45	67	3	29	15	5740	0	0.04687070846557617	83800	46.55931329727173	71513	14.662291169451066	
18572946.824949708	67.0	4.03	58.87	30.45	12.117121816501827	838	353	67	5	87	45	67	3	29	15	5748	0	0.04687237739562988	83900	46.60618567466736	71592	14.669845053635271	
693784.3498426973	67.0	4.01	58.29	30.15	12.117121816501827	839	353	67	5	87	45	67	3	29	15	5756	0	0.06249547004699707	84000	46.668681144714355	71679	14.667857142857144	
538259402.1736408	67.0	3.98	57.42	29.7	12.117121816501827	840	353	67	5	87	45	67	3	29	15	5757	0	0.046874284744262695	84100	46.71555542945862	71772	14.658739595719382	
4030685.605063072	67.0	4.01	58.29	30.15	12.117121816501827	841	353	67	5	87	45	67	3	29	15	5764	0	0.04687237739562988	84200	46.76242780685425	71861	14.654394299287404	
278798511083.6965	67.0	3.98	57.42	29.7	12.117121816501827	842	353	67	5	87	45	67	3	29	15	5769	0	0.046869516372680664	84300	46.80929732322693	71946	14.654804270462634	
153756845.29404765	67.0	3.99	57.71	29.85	12.117121816501827	843	353	67	5	87	45	67	3	29	15	5773	0	0.062497854232788086	84400	46.87179517745972	72031	14.65521327014217	
252763885.1951455	67.0	3.98	57.42	29.7	12.117121816501827	844	353	67	5	87	45	67	3	29	15	5778	0	0.06249380111694336	84500	46.93428897857666	72113	14.659171597633133	
297571485.90537035	67.0	3.97	57.13	29.55	12.117121816501827	845	353	67	5	87	45	67	3	29	15	5780	0	0.04687023162841797	84600	46.98115921020508	72198	14.659574468085097	
4008851232229919.5	67.0	3.97	57.13	29.55	12.117121816501827	846	353	67	5	87	45	67	3	29	15	5787	0	0.07812047004699707	84700	47.059279680252075	72285	14.65761511216057	
621137305.636201	67.0	3.98	57.42	29.7	12.117121816501827	847	353	67	5	87	45	67	3	29	15	5789	0	0.031248092651367188	84800	47.09052777290344	72378	14.648584905660371	
1234165020.3456337	67.0	4.04	59.16	30.6	12.117121816501827	848	353	67	5	87	45	67	3	29	15	5796	0	0.04687142372131348	84900	47.137399196624756	72467	14.644287396937571	
2752116307.0031137	67.0	4.03	58.87	30.45	12.117121816501827	849	353	67	5	87	45	67	3	29	15	5802	0	0.04687166213989258	85000	47.18427085876465	72553	14.643529411764717	
308803960.49582297	67.0	3.99	57.71	29.85	12.117121816501827	850	353	67	5	87	45	67	3	29	15	5807	0	0.062496185302734375	85100	47.24676704406738	72642	14.639247943595763	
544101060.443854	67.0	3.95	56.55	29.25	12.117121816501827	851	353	67	5	87	45	67	3	29	15	5811	0	0.06249594688415527	85200	47.30926299095154	72733	14.632629107981217	
1.0083333334808637e+18	67.0	3.92	55.68	28.8	12.117121816501827	852	353	67	5	87	45	67	3	29	15	5816	0	0.04687166213989258	85300	47.35613465309143	72820	14.630715123094959	
47277598.337605186	67.0	3.99	57.71	29.85	12.117121816501827	853	353	67	5	87	45	67	3	29	15	5824	0	0.06249570846557617	85400	47.41863036155701	72904	14.632318501170957	
6863307.679931783	67.0	3.99	57.71	29.85	12.117121816501827	854	353	67	5	87	45	67	3	29	15	5826	0	0.046872615814208984	85500	47.465502977371216	72995	14.625730994152036	
15373481.315527124	67.0	4.02	58.58	30.3	12.117121816501827	855	353	67	5	87	45	67	3	29	15	5830	0	0.04687094688415527	85600	47.51237392425537	73083	14.622663551401871	
34773819.86192872	67.0	3.99	57.71	29.85	12.117121816501827	856	353	67	5	87	45	67	3	29	15	5839	0	0.04687213897705078	85700	47.55924606323242	73165	14.626604434072348	
740698899.3443562	67.0	3.99	57.71	29.85	12.117121816501827	857	353	67	5	87	45	67	3	29	15	5844	0	0.06249523162841797	85800	47.62174129486084	73252	14.624708624708632	
102643465.13331987	67.0	3.95	56.55	29.25	12.117121816501827	858	353	67	5	87	45	67	3	29	15	5851	0	0.06249570846557617	85900	47.684237003326416	73337	14.625145518044235	
51852471141.74808	67.0	3.97	57.13	29.55	12.117121816501827	859	353	67	5	87	45	67	3	29	15	5854	0	0.06249547004699707	86000	47.74673247337341	73426	14.620930232558138	
27526821.72463501	67.0	4.02	58.58	30.3	12.117121816501827	860	353	67	5	87	45	67	3	29	15	5861	0	0.04687094688415527	86100	47.79360342025757	73510	14.62253193960511	
12057425.803688103	67.0	3.96	56.84	29.4	12.117121816501827	861	353	67	5	87	45	67	3	29	15	5868	0	0.04687190055847168	86200	47.84047532081604	73602	14.614849187935036	
96155713.8357227	67.0	4.0	58.0	30.0	12.117121816501827	862	353	67	5	87	45	67	3	29	15	5872	0	0.04687213897705078	86300	47.88734745979309	73691	14.61066048667439	
397241007.5721209	67.0	3.93	55.97	28.95	12.117121816501827	863	353	67	5	87	45	67	3	29	15	5878	0	0.046872615814208984	86400	47.9342200756073	73776	14.611111111111114	
411587.8539992447	67.0	3.99	57.71	29.85	12.117121816501827	864	353	67	5	87	45	67	3	29	15	5884	0	0.04687142372131348	86500	47.98109149932861	73863	14.609248554913293	
2.0156625150128975e+18	67.0	3.98	57.42	29.7	12.117121816501827	865	353	67	5	87	45	67	3	29	15	5893	0	0.06249523162841797	86600	48.04358673095703	73946	14.612009237875284	
672477044.7875621	67.0	3.97	57.13	29.55	12.117121816501827	866	353	67	5	87	45	67	3	29	15	5896	0	0.06249642372131348	86700	48.106083154678345	74034	14.608996539792386	
3589519.836051994	67.0	3.97	57.13	29.55	12.117121816501827	867	353	67	5	87	45	67	3	29	15	5905	0	0.04687142372131348	86800	48.15295457839966	74113	14.616359447004612	
203142742.1629087	67.0	4.03	58.87	30.45	12.117121816501827	868	353	67	5	87	45	67	3	29	15	5911	0	0.046871185302734375	86900	48.19982576370239	74199	14.615650172612192	
329835359.70012194	67.0	3.94	56.26	29.1	12.117121816501827	869	353	67	5	87	45	67	3	29	15	5920	0	0.04687237739562988	87000	48.24669814109802	74279	14.621839080459779	
52142503.64676643	67.0	3.95	56.55	29.25	12.117121816501827	870	353	67	5	87	45	67	3	29	15	5926	0	0.06249499320983887	87100	48.30919313430786	74361	14.625717566016078	
74545512.4532155	67.0	4.01	58.29	30.15	12.117121816501827	871	353	67	5	87	45	67	3	29	15	5933	0	0.03124833106994629	87200	48.34044146537781	74447	14.625	
1067814261.7136699	67.0	3.99	57.71	29.85	12.117121816501827	872	353	67	5	87	45	67	3	29	15	5944	0	0.06249570846557617	87300	48.402937173843384	74528	14.630011454753728	
18732418.442985862	67.0	3.99	57.71	29.85	12.117121816501827	873	353	67	5	87	45	67	3	29	15	5951	0	0.04687213897705078	87400	48.449809312820435	74605	14.639588100686495	
2927338024.7932796	67.0	4.08	60.32	31.2	12.117121816501827	874	353	67	5	87	45	67	3	29	15	5960	0	0.062496185302734375	87500	48.51230549812317	74686	14.644571428571425	
1121686312.7603083	67.0	3.96	56.84	29.4	12.117121816501827	875	353	67	5	87	45	67	3	29	15	5967	0	0.04687166213989258	87600	48.55917716026306	74770	14.646118721461193	
193902084.64605248	67.0	4.02	58.58	30.3	12.117121816501827	876	353	67	5	87	45	67	3	29	15	5972	0	0.04687094688415527	87700	48.60604810714722	74857	14.644241733181289	
7228159540.110564	67.0	4.0	58.0	30.0	12.117121816501827	877	353	67	5	87	45	67	3	29	15	5976	0	0.06249690055847168	87800	48.66854500770569	74947	14.638952164009112	
792897552.2732868	67.0	4.03	58.87	30.45	12.117121816501827	878	353	67	5	87	45	67	3	29	15	5988	0	0.046871185302734375	87900	48.71541619300842	75030	14.641638225255974	
103939108788.65175	67.0	4.01	58.29	30.15	12.117121816501827	879	353	67	5	87	45	67	3	29	15	5997	0	0.031247854232788086	88000	48.74666404724121	75114	14.643181818181816	
793253334.5300565	67.0	4.0	58.0	30.0	12.117121816501827	880	353	67	5	87	45	67	3	29	15	6001	0	0.046883344650268555	88100	48.79354739189148	75201	14.641316685584556	
806436819.0158516	67.0	4.06	59.74	30.9	12.117121816501827	881	353	67	5	87	45	67	3	29	15	6010	0	0.0624849796295166	88200	48.856032371520996	75283	14.645124716553298	
6276737592095748.0	67.0	3.97	57.13	29.55	12.117121816501827	882	353	67	5	87	45	67	3	29	15	6013	0	0.04687070846557617	88300	48.90290307998657	75372	14.640996602491512	
85450662.67334138	67.0	4.02	58.58	30.3	12.117121816501827	883	353	67	5	87	45	67	3	29	15	6016	0	0.03124833106994629	88400	48.93415141105652	75461	14.636877828054295	
1111046806.2372365	67.0	3.92	55.68	28.8	12.117121816501827	884	353	67	5	87	45	67	3	29	15	6021	0	0.031247854232788086	88500	48.96539926528931	75547	14.636158192090392	
1070100286860656.4	67.0	3.98	57.42	29.7	12.117121816501827	885	353	67	5	87	45	67	3	29	15	6022	0	0.04687213897705078	88600	49.01227140426636	75633	14.635440180586912	
293189445.79570633	67.0	4.0	58.0	30.0	12.117121816501827	886	353	67	5	87	45	67	3	29	15	6027	0	0.04687142372131348	88700	49.05914282798767	75723	14.630214205186022	
520320861.66960436	67.0	4.05	59.45	30.75	12.117121816501827	887	353	67	5	87	45	67	3	29	15	6033	0	0.06249499320983887	88800	49.12163782119751	75809	14.62950450450451	
3683694.645174863	67.0	3.96	56.84	29.4	12.117121816501827	888	353	67	5	87	45	67	3	29	15	6036	0	0.04687213897705078	88900	49.16850996017456	75897	14.626546681664792	
2151143.9280457417	67.0	4.02	58.58	30.3	12.117121816501827	889	353	67	5	87	45	67	3	29	15	6048	0	0.04687142372131348	89000	49.215381383895874	75980	14.62921348314606	
311877189.7696373	67.0	4.01	58.29	30.15	12.117121816501827	890	353	67	5	87	45	67	3	29	15	6055	0	0.04687166213989258	89100	49.26225304603577	76067	14.627384960718288	
33464758.328980003	67.0	3.98	57.42	29.7	12.117121816501827	891	353	67	5	87	45	67	3	29	15	6061	0	0.046872615814208984	89200	49.309125661849976	76154	14.625560538116588	
707225075.4491017	67.0	3.92	55.68	28.8	12.117121816501827	892	353	67	5	87	45	67	3	29	15	6067	0	0.06249523162841797	89300	49.371620893478394	76240	14.624860022396419	
1.0556701037942638e+18	67.0	4.02	58.58	30.3	12.117121816501827	893	353	67	5	87	45	67	3	29	15	6071	0	0.062496185302734375	89400	49.43411707878113	76328	14.62192393736018	
44503246.045843594	67.0	3.99	57.71	29.85	12.117121816501827	894	353	67	5	87	45	67	3	29	15	6078	0	0.04687142372131348	89500	49.48098850250244	76415	14.62011173184358	
1781957478250097.8	67.0	4.01	58.29	30.15	12.117121816501827	895	353	67	5	87	45	67	3	29	15	6085	0	0.06249690055847168	89600	49.54348540306091	76500	14.620535714285708	
38640909.584803134	67.0	4.01	58.29	30.15	12.117121816501827	896	353	67	5	87	45	67	3	29	15	6095	0	0.04687094688415527	89700	49.59035634994507	76583	14.623188405797109	
79925055.15103115	67.0	3.97	57.13	29.55	12.117121816501827	897	353	67	5	87	45	67	3	29	15	6104	0	0.046872615814208984	89800	49.63722896575928	76669	14.622494432071264	
133662018.59271194	67.0	4.01	58.29	30.15	12.117121816501827	898	353	67	5	87	45	67	3	29	15	6111	0	0.062494754791259766	89900	49.69972372055054	76758	14.618464961067858	
5053862737.347971	67.0	3.99	57.71	29.85	12.117121816501827	899	353	67	5	87	45	67	3	29	15	6122	0	0.046875715255737305	90000	49.746599435806274	76840	14.62222222222222	
30627881.051542923	67.0	4.01	58.29	30.15	12.117121816501827	900	353	67	5	87	45	67	3	29	15	6126	0	0.04686760902404785	90100	49.79346704483032	76927	14.620421753607104	
165490942.21064255	67.0	4.01	58.29	30.15	12.117121816501827	901	353	67	5	87	45	67	3	29	15	6133	0	0.06249547004699707	90200	49.85596251487732	77014	14.618625277161868	
137601381.63279828	67.0	3.96	56.84	29.4	12.117121816501827	902	353	67	5	87	45	67	3	29	15	6145	0	0.04687190055847168	90300	49.90283441543579	77096	14.622369878183832	
2.4350253108838945e+21	67.0	4.07	60.03	31.05	12.117121816501827	903	353	67	5	87	45	67	3	29	15	6149	0	0.06249570846557617	90400	49.96533012390137	77187	14.616150442477874	
254821354.01432765	67.0	4.03	58.87	30.45	12.117121816501827	904	353	67	5	87	45	67	3	29	15	6155	0	0.04687190055847168	90500	50.01220202445984	77269	14.619889502762433	
1935682219.0527344	67.0	3.98	57.42	29.7	12.117121816501827	905	353	67	5	87	45	67	3	29	15	6165	0	0.06249570846557617	90600	50.074697732925415	77348	14.62693156732891	
980089737.4821726	67.0	3.97	57.13	29.55	12.117121816501827	906	353	67	5	87	45	67	3	29	15	6174	0	0.04687190055847168	90700	50.12156963348389	77430	14.63065049614113	
838795395.8258107	67.0	3.93	55.97	28.95	12.117121816501827	907	353	67	5	87	45	67	3	29	15	6184	0	0.04687142372131348	90800	50.1684410572052	77507	14.639867841409696	
1039748315.5911411	67.0	3.91	55.39	28.65	12.117121816501827	908	353	67	5	87	45	67	3	29	15	6189	0	0.06249570846557617	90900	50.230936765670776	77588	14.644664466446642	
60384394.3640816	67.0	4.05	59.45	30.75	12.117121816501827	909	353	67	5	87	45	67	3	29	15	6197	0	0.04687213897705078	91000	50.27780890464783	77672	14.646153846153837	
403191258.64802545	67.0	3.98	57.42	29.7	12.117121816501827	910	353	67	5	87	45	67	3	29	15	6205	0	0.06249570846557617	91100	50.3403046131134	77755	14.648737650933043	
1125967470.748781	67.0	3.97	57.13	29.55	12.117121816501827	911	353	67	5	87	45	67	3	29	15	6210	0	0.046871185302734375	91200	50.38717579841614	77836	14.653508771929822	
5767558.370375535	67.0	3.91	55.39	28.65	12.117121816501827	912	353	67	5	87	45	67	3	29	15	6221	0	0.06249594688415527	91300	50.44967174530029	77913	14.662650602409641	
305601316.8378159	67.0	3.95	56.55	29.25	12.117121816501827	913	353	67	5	87	45	67	3	29	15	6227	0	0.031248092651367188	91400	50.48091983795166	77996	14.665207877461711	
9708091287132724.0	67.0	3.96	56.84	29.4	12.117121816501827	914	353	67	5	87	45	67	3	29	15	6231	0	0.04687166213989258	91500	50.52779150009155	78079	14.667759562841525	
1.224577320368297e+24	67.0	4.01	58.29	30.15	12.117121816501827	915	353	67	5	87	45	67	3	29	15	6235	0	0.06249570846557617	91600	50.59028720855713	78167	14.664847161572041	
688362947.2812935	67.0	3.99	57.71	29.85	12.117121816501827	916	353	67	5	87	45	67	3	29	15	6242	0	0.031249046325683594	91700	50.62153625488281	78249	14.668484187568154	
269530127.1651908	67.0	4.04	59.16	30.6	12.117121816501827	917	353	67	5	87	45	67	3	29	15	6248	0	0.04687094688415527	91800	50.66840720176697	78334	14.66884531590415	
2563886979.9777117	67.0	4.01	58.29	30.15	12.117121816501827	918	353	67	5	87	45	67	3	29	15	6251	0	0.062499046325683594	91900	50.73090624809265	78424	14.66376496191512	
1060229612.0262622	67.0	4.0	58.0	30.0	12.117121816501827	919	353	67	5	87	45	67	3	29	15	6258	0	0.04686903953552246	92000	50.777775287628174	78515	14.657608695652172	
130556227.39969565	67.0	3.97	57.13	29.55	12.117121816501827	920	353	67	5	87	45	67	3	29	15	6263	0	0.06249499320983887	92100	50.84027028083801	78600	14.657980456026053	
2041590787.2588959	67.0	3.99	57.71	29.85	12.117121816501827	921	353	67	5	87	45	67	3	29	15	6272	0	0.04687142372131348	92200	50.887141704559326	78680	14.663774403470725	
3494876855.7246547	67.0	3.95	56.55	29.25	12.117121816501827	922	353	67	5	87	45	67	3	29	15	6276	0	0.062496185302734375	92300	50.94963788986206	78759	14.670639219934998	
4651816826013.358	67.0	4.0	58.0	30.0	12.117121816501827	923	353	67	5	87	45	67	3	29	15	6283	0	0.04687166213989258	92400	50.99650955200195	78839	14.676406926406926	
870814018.6036853	67.0	3.97	57.13	29.55	12.117121816501827	924	353	67	5	87	45	67	3	29	15	6289	0	0.06249570846557617	92500	51.05900526046753	78922	14.67891891891891	
567654394713.3832	67.0	3.94	56.26	29.1	12.117121816501827	925	353	67	5	87	45	67	3	29	15	6298	0	0.04687166213989258	92600	51.10587692260742	79000	14.686825053995676	
52392421.79777767	67.0	3.96	56.84	29.4	12.117121816501827	926	353	67	5	87	45	67	3	29	15	6304	0	0.06249570846557617	92700	51.168372631073	79085	14.687162891046384	
694740696.3914949	67.0	3.95	56.55	29.25	12.115241032496552	927	353	67	5	87	45	67	3	29	15	6308	0	0.06249570846557617	92800	51.230868339538574	79171	14.686422413793096	
3.819658649470797e+18	67.0	3.99	57.71	29.85	12.115241032496552	928	353	67	5	87	45	67	3	29	15	6310	0	0.06249594688415527	92900	51.29336428642273	79254	14.688912809472555	
17825815.639598705	67.0	4.03	58.87	30.45	12.115241032496552	929	353	67	5	87	45	67	3	29	15	6319	0	0.031248092651367188	93000	51.3246123790741	79339	14.689247311827955	
759098265.4863615	67.0	4.06	59.74	30.9	12.115241032496552	930	353	67	5	87	45	67	3	29	15	6324	0	0.04687142372131348	93100	51.37148380279541	79430	14.683136412459717	
350945906898.3647	67.0	3.97	57.13	29.55	12.115241032496552	931	353	67	5	87	45	67	3	29	15	6329	0	0.04687190055847168	93200	51.41835570335388	79519	14.679184549356222	
2116379423554.986	67.0	4.05	59.45	30.75	12.115241032496552	932	353	67	5	87	45	67	3	29	15	6336	0	0.04687166213989258	93300	51.465227365493774	79604	14.679528403001072	
1214033831.545278	67.0	3.98	57.42	29.7	12.115241032496552	933	353	67	5	87	45	67	3	29	15	6340	0	0.04687213897705078	93400	51.512099504470825	79697	14.671306209850115	
12198625535.190876	67.0	3.99	57.71	29.85	12.115241032496552	934	353	67	5	87	45	67	3	29	15	6343	0	0.04687190055847168	93500	51.5589714050293	79786	14.66737967914439	
7.147800007674481e+27	67.0	3.96	56.84	29.4	12.115241032496552	935	353	67	5	87	45	67	3	29	15	6349	0	0.06249547004699707	93600	51.621466875076294	79870	14.66880341880342	
2350170381.925896	67.0	3.97	57.13	29.55	12.115241032496552	936	353	67	5	87	45	67	3	29	15	6351	0	0.04687190055847168	93700	51.668338775634766	79962	14.661686232657416	
1441158503.1607602	67.0	3.94	56.26	29.1	12.115241032496552	937	353	67	5	87	45	67	3	29	15	6358	0	0.04687190055847168	93800	51.71521067619324	80051	14.657782515991471	
1701058018593.7314	67.0	3.98	57.42	29.7	12.115241032496552	938	353	67	5	87	45	67	3	29	15	6366	0	0.046871185302734375	93900	51.76208186149597	80139	14.654952076677318	
154895557.92530426	67.0	3.94	56.26	29.1	12.115241032496552	939	353	67	5	87	45	67	3	29	15	6373	0	0.06249690055847168	94000	51.82457876205444	80226	14.653191489361703	
3.570718987175127e+21	67.0	3.93	55.97	28.95	12.115107214587216	940	353	67	4	58	30	67	3	29	15	6381	0	0.04687190055847168	94100	51.871450662612915	80314	14.650371944739632	
1339098768.4647167	67.0	4.0	58.0	30.0	12.115107214587216	941	353	67	5	87	45	67	3	29	15	6392	0	0.062494516372680664	94200	51.933945178985596	80392	14.658174097664542	
9418417902052038.0	67.0	4.05	59.45	30.75	12.115107214587216	942	353	67	5	87	45	67	3	29	15	6397	0	0.03124833106994629	94300	51.96519351005554	80478	14.657476139978783	
1011155194.963154	67.0	4.0	58.0	30.0	12.115107214587216	943	353	67	5	87	45	67	3	29	15	6401	0	0.06249570846557617	94400	52.02768921852112	80567	14.653601694915253	
300321819.21670675	67.0	3.94	56.26	29.1	12.11492854437658	944	353	67	5	87	45	67	3	29	15	6407	0	0.04687142372131348	94500	52.07456064224243	80654	14.651851851851845	
135425461.64164224	67.0	3.93	55.97	28.95	12.11492854437658	945	353	67	5	87	45	67	3	29	15	6412	0	0.04687190055847168	94600	52.1214325428009	80741	14.650105708245249	
678015638.8733168	67.0	4.01	58.29	30.15	12.11492854437658	946	353	67	5	87	45	67	3	29	15	6415	0	0.06249547004699707	94700	52.1839280128479	80829	14.64730728616685	
592324738.740151	67.0	4.02	58.58	30.3	12.11492854437658	947	353	67	5	87	45	67	3	29	15	6422	0	0.062496185302734375	94800	52.246424198150635	80913	14.64873417721519	
1567823332.7104464	67.0	4.05	59.45	30.75	12.114883832890174	948	353	67	5	87	45	67	3	29	15	6429	0	0.04687166213989258	94900	52.29329586029053	81000	14.646996838777653	
32509142.750584498	67.0	3.99	57.71	29.85	12.114883832890174	949	353	67	5	87	45	67	3	29	15	6439	0	0.06249570846557617	95000	52.3557915687561	81085	14.647368421052633	
97094843.83389023	67.0	4.03	58.87	30.45	12.114883832890174	950	353	67	5	87	45	67	3	29	15	6445	0	0.06249594688415527	95100	52.41828751564026	81174	14.64353312302839	
3406852253795868.0	67.0	3.97	57.13	29.55	12.114883832890174	951	353	67	5	87	45	67	3	29	15	6450	0	0.04687166213989258	95200	52.46515917778015	81263	14.639705882352942	
1025173152.6868088	67.0	3.98	57.42	29.7	12.114883832890174	952	353	67	5	87	45	67	3	29	15	6459	0	0.04687166213989258	95300	52.512030839920044	81347	14.641133263378805	
43814635.34095588	67.0	3.98	57.42	29.7	12.114883832890174	953	353	67	5	87	45	67	3	29	15	6463	0	0.06249570846557617	95400	52.57452654838562	81439	14.634171907756809	
434054185.30492014	67.0	3.98	57.42	29.7	12.114883832890174	954	353	67	5	87	45	67	3	29	15	6468	0	0.04687190055847168	95500	52.62139844894409	81530	14.6282722513089	
9.806110814623987e+23	67.0	3.97	57.13	29.55	12.114883832890174	955	353	67	5	87	45	67	3	29	15	6473	0	0.06249547004699707	95600	52.68389391899109	81619	14.624476987447693	
885914571.679271	67.0	4.03	58.87	30.45	12.114883832890174	956	353	67	5	87	45	67	3	29	15	6477	0	0.04687237739562988	95700	52.73076629638672	81708	14.620689655172413	
757592248.5402553	67.0	3.97	57.13	29.55	12.114883832890174	957	353	67	5	87	45	67	3	29	15	6489	0	0.031247615814208984	95800	52.76201391220093	81789	14.625260960334032	
85316373.97457378	67.0	3.99	57.71	29.85	12.114883832890174	958	353	67	5	87	45	67	3	29	15	6492	0	0.03124856948852539	95900	52.79326248168945	81876	14.623566214807099	
1047421333.1706151	67.0	4.01	58.29	30.15	12.114883832890174	959	353	67	5	87	45	67	3	29	15	6498	0	0.04687070846557617	96000	52.84013319015503	81966	14.618750000000006	
908752191.4633051	67.0	4.03	58.87	30.45	12.114883832890174	960	353	67	5	87	45	67	3	29	15	6501	0	0.03124856948852539	96100	52.871381759643555	82058	14.611862643080116	
1056982424.0533367	67.0	4.04	59.16	30.6	12.114883832890174	961	353	67	5	87	45	67	4	58	30	6509	0	0.04687166213989258	96200	52.91825342178345	82141	14.614345114345113	
1860683910.990703	67.0	4.01	58.29	30.15	12.114883832890174	962	353	67	5	87	45	67	3	29	15	6518	0	0.06249547004699707	96300	52.980748891830444	82225	14.615784008307372	
722670065.9580746	67.0	4.0	58.0	30.0	12.114883832890174	963	353	67	5	87	45	67	3	29	15	6528	0	0.03124833106994629	96400	53.01199722290039	82304	14.622406639004154	
337332662.81799537	67.0	4.0	58.0	30.0	12.114883832890174	964	353	67	5	87	45	67	3	29	15	6535	0	0.03124713897705078	96500	53.04324436187744	82391	14.620725388601045	
1146361414.5532687	67.0	4.03	58.87	30.45	12.114883832890174	965	353	67	5	87	45	67	3	29	15	6537	0	0.03124833106994629	96600	53.07449269294739	82481	14.6159420289855	
357792299.1260734	67.0	3.99	57.71	29.85	12.114883832890174	966	353	67	5	87	45	67	3	29	15	6544	0	0.06249547004699707	96700	53.136988162994385	82565	14.617373319544981	
1355291752.7681384	67.0	4.01	58.29	30.15	12.114883832890174	967	353	67	5	87	45	67	3	29	15	6551	0	0.06249570846557617	96800	53.19948387145996	82649	14.618801652892571	
8.230607675914999e+34	67.0	3.99	57.71	29.85	12.114883832890174	968	353	67	5	87	45	67	3	29	15	6558	0	0.04687166213989258	96900	53.24635553359985	82740	14.61300309597523	
794508191.5981472	67.0	4.02	58.58	30.3	12.114883832890174	969	353	67	5	87	45	67	3	29	15	6566	0	0.04687190055847168	97000	53.293227434158325	82829	14.609278350515467	
91194446.16435835	67.0	3.98	57.42	29.7	12.114883832890174	970	353	67	5	87	45	67	3	29	15	6575	0	0.04687190055847168	97100	53.3400993347168	82911	14.612770339855814	
569052497.3657829	67.0	4.02	58.58	30.3	12.114883832890174	971	353	67	5	87	45	67	3	29	15	6581	0	0.031249046325683594	97200	53.37134838104248	82999	14.610082304526756	
680513026.341272	67.0	4.01	58.29	30.15	12.114883832890174	972	353	67	5	87	45	67	3	29	15	6588	0	0.04687023162841797	97300	53.4182186126709	83084	14.61048304213773	
2.3134426372061834e+26	67.0	4.02	58.58	30.3	12.114883832890174	973	353	67	5	87	45	67	3	29	15	6597	0	0.04687213897705078	97400	53.46509075164795	83164	14.616016427104725	
1.93227188923667e+19	67.0	3.95	56.55	29.25	12.114883832890174	974	353	67	4	58	30	67	3	29	15	6605	0	0.04687213897705078	97500	53.511962890625	83249	14.616410256410262	
585758.3518882606	67.0	3.99	57.71	29.85	12.114883832890174	975	353	67	5	87	45	67	3	29	15	6612	0	0.04687213897705078	97600	53.55883502960205	83331	14.619877049180332	
685106338.0968518	67.0	4.02	58.58	30.3	12.114883832890174	976	353	67	5	87	45	67	3	29	15	6616	0	0.046871185302734375	97700	53.605706214904785	83422	14.614124872057317	
22966670.098211948	67.0	3.95	56.55	29.25	12.114883832890174	977	353	67	5	87	45	67	3	29	15	6620	0	0.06249570846557617	97800	53.66820192337036	83510	14.611451942740288	
749793280.74582	67.0	3.95	56.55	29.25	12.114883832890174	978	353	67	4	58	30	67	3	29	15	6625	0	0.04687213897705078	97900	53.71507406234741	83595	14.611848825331975	
215014213.225315	67.0	3.99	57.71	29.85	12.114883832890174	979	353	67	5	87	45	67	3	29	15	6633	0	0.04687142372131348	98000	53.761945486068726	83683	14.609183673469389	
112602976.92534818	67.0	3.97	57.13	29.55	12.114883832890174	980	353	67	5	87	45	67	3	29	15	6638	0	0.06249547004699707	98100	53.82444095611572	83772	14.605504587155963	
450573613.42474604	67.0	3.94	56.26	29.1	12.114883832890174	981	353	67	5	87	45	67	3	29	15	6650	0	0.06249594688415527	98200	53.88693690299988	83852	14.610997963340125	
389847265.3143786	67.0	3.97	57.13	29.55	12.114883832890174	982	353	67	5	87	45	67	3	29	15	6657	0	0.04687166213989258	98300	53.93380856513977	83937	14.611393692777213	
1027059698.7470249	67.0	4.03	58.87	30.45	12.114883832890174	983	353	67	5	87	45	67	3	29	15	6664	0	0.06249570846557617	98400	53.99630427360535	84021	14.612804878048777	
33196710.504035253	67.0	3.9	55.1	28.5	12.114883832890174	984	353	67	5	87	45	67	3	29	15	6668	0	0.06249594688415527	98500	54.0588002204895	84115	14.604060913705581	
580344760.5707997	67.0	3.96	56.84	29.4	12.114883832890174	985	353	67	5	87	45	67	3	29	15	6677	0	0.04687190055847168	98600	54.105672121047974	84197	14.607505070993923	
314619831.6647825	67.0	4.07	60.03	31.05	12.114883832890174	986	353	67	5	87	45	67	3	29	15	6679	0	0.031247615814208984	98700	54.13691973686218	84284	14.605876393110435	
132784261.97710246	67.0	3.98	57.42	29.7	12.114883832890174	987	353	67	5	87	45	67	3	29	15	6687	0	0.04687190055847168	98800	54.183791637420654	84369	14.606275303643727	
234607132.99649185	67.0	4.02	58.58	30.3	12.114883832890174	988	353	67	5	87	45	67	3	29	15	6696	0	0.04687166213989258	98900	54.23066329956055	84448	14.612740141557126	
743820229.0438881	67.0	4.02	58.58	30.3	12.114883832890174	989	353	67	5	87	45	67	3	29	15	6705	0	0.06249547004699707	99000	54.293158769607544	84529	14.617171717171715	
1178068482.4485476	67.0	4.01	58.29	30.15	12.114883832890174	990	353	67	5	87	45	67	3	29	15	6711	0	0.04687213897705078	99100	54.340030908584595	84617	14.614530776992936	
1.0235207816618308e+16	67.0	4.02	58.58	30.3	12.114883832890174	991	353	67	5	87	45	67	3	29	15	6720	0	0.062496185302734375	99200	54.40252709388733	84704	14.612903225806448	
367972848.9903004	67.0	4.03	58.87	30.45	12.114883832890174	992	353	67	5	87	45	67	3	29	15	6726	0	0.04687213897705078	99300	54.44939923286438	84791	14.611278952668684	
3.1781508387097525e+26	67.0	4.03	58.87	30.45	12.114883832890174	993	353	67	5	87	45	67	3	29	15	6734	0	0.046871185302734375	99400	54.496270418167114	84876	14.611670020120727	
1386635192.74045	67.0	3.94	56.26	29.1	12.114883832890174	994	353	67	5	87	45	67	3	29	15	6738	0	0.06249523162841797	99500	54.55876564979553	84962	14.611055276381919	
871895863.1130438	67.0	3.9	55.1	28.5	12.114883832890174	995	353	67	5	87	45	67	3	29	15	6746	0	0.04687309265136719	99600	54.6056387424469	85045	14.613453815261039	
209531.1850026362	67.0	3.97	57.13	29.55	12.114883832890174	996	353	67	5	87	45	67	3	29	15	6755	0	0.04687094688415527	99700	54.652509689331055	85126	14.61785356068205	
809202167.8746601	67.0	4.0	58.0	30.0	12.114883832890174	997	353	67	5	87	45	67	3	29	15	6761	0	0.06249594688415527	99800	54.71500563621521	85215	14.614228456913821	
792810579.2703035	67.0	3.96	56.84	29.4	12.114883832890174	998	353	67	5	87	45	67	3	29	15	6767	0	0.046871185302734375	99900	54.761876821517944	85299	14.615615615615624	
306546398.1857563	67.0	4.01	58.29	30.15	12.114883832890174	999	353	67	5	87	45	67	3	29	15	6775	0	0.04687213897705078	100000	54.808748960494995	85383	14.617000000000004	
698087795.0350178	67.0	3.96	56.84	29.4	12.114883832890174	1000	353	67	5	87	45	67	3	29	15	6781	0	0.06249570846557617	100100	54.87124466896057	85466	14.619380619380621	
