ave_fitness	ave_genome_length	ave_tree_depth	ave_tree_nodes	ave_used_codons	best_fitness	gen	invalids	max_genome_length	max_tree_depth	max_tree_nodes	max_used_codons	min_genome_length	min_tree_depth	min_tree_nodes	min_used_codons	runtime_error	time_adjust	time_taken	total_inds	total_time	unique_inds	unused_search	
1.3731353053094451e+35	102.34	6.56	132.24	68.4	73.31353323045333	0	0	180	10	232	120	22	3	29	15	29	0	1.8280017375946045	50	1.8280017375946045	21	58.0	
2.8288949076915975e+24	80.28	4.783783783783784	80.72972972972973	41.75675675675676	73.31353323045333	1	14	180	8.0	174.0	90.0	22	3.0	29.0	15.0	38	0	0.03125	100	1.8592517375946045	38	62.0	
1.7255489733354546e+16	99.18	5.1063829787234045	90.08510638297872	46.59574468085106	32.58462508488898	2	18	180	8.0	174.0	90.0	45	3.0	29.0	15.0	38	0	0.031246423721313477	150	1.890498161315918	52	65.33333333333333	
1104483.796920544	91.98	4.375	68.875	35.625	32.58462508488898	3	20	180	6.0	116.0	60.0	45	4.0	58.0	30.0	39	0	0.015621185302734375	200	1.9061193466186523	58	71.0	
1919.3510126572774	93.2	4.68	77.72	40.2	32.584574366870164	4	20	112	6	116	60	67	4	58	30	39	0	0.03124833106994629	250	1.9373676776885986	64	74.4	
38.63221972941751	108.4	5.795918367346939	110.08163265306122	56.93877551020408	32.584574366870164	5	22	112	6.0	116.0	60.0	67	4.0	58.0	30.0	39	0	0.04687047004699707	300	1.9842381477355957	64	78.66666666666666	
32.58458045303242	112.0	6.0	116.0	60.0	32.584574366870164	6	22	112	6	116	60	112	6	116	60	39	0	0.04687356948852539	350	2.031111717224121	64	81.71428571428572	
32.58457436687016	112.0	6.0	116.0	60.0	32.584574366870164	7	22	112	6	116	60	112	6	116	60	39	0	0.04687047004699707	400	2.077982187271118	64	84.0	
32.58457436687016	112.0	6.0	116.0	60.0	32.584574366870164	8	22	112	6	116	60	112	6	116	60	39	0	0.031247615814208984	450	2.109229803085327	64	85.77777777777777	
32.58457436687016	112.0	6.0	116.0	60.0	32.584574366870164	9	22	112	6	116	60	112	6	116	60	39	0	0.046872615814208984	500	2.156102418899536	64	87.2	
32.58457436687016	112.0	6.0	116.0	60.0	32.584574366870164	10	22	112	6	116	60	112	6	116	60	39	0	0.046871185302734375	550	2.2029736042022705	64	88.36363636363636	
32.58457436687016	112.0	6.0	116.0	60.0	32.584574366870164	11	22	112	6	116	60	112	6	116	60	39	0	0.03124713897705078	600	2.2342207431793213	64	89.33333333333333	
32.58457436687016	112.0	6.0	116.0	60.0	32.584574366870164	12	22	112	6	116	60	112	6	116	60	39	0	0.046872854232788086	650	2.2810935974121094	64	90.15384615384616	
32.58457436687016	112.0	6.0	116.0	60.0	32.584574366870164	13	22	112	6	116	60	112	6	116	60	39	0	0.04687166213989258	700	2.327965259552002	64	90.85714285714286	
32.58457436687016	112.0	6.0	116.0	60.0	32.584574366870164	14	22	112	6	116	60	112	6	116	60	39	0	0.03124856948852539	750	2.3592138290405273	64	91.46666666666667	
32.58457436687016	112.0	6.0	116.0	60.0	32.584574366870164	15	22	112	6	116	60	112	6	116	60	39	0	0.04687213897705078	800	2.406085968017578	64	92.0	
32.58457436687016	112.0	6.0	116.0	60.0	32.584574366870164	16	22	112	6	116	60	112	6	116	60	39	0	0.046871185302734375	850	2.4529571533203125	64	92.47058823529412	
32.58457436687016	112.0	6.0	116.0	60.0	32.584574366870164	17	22	112	6	116	60	112	6	116	60	39	0	0.03124713897705078	900	2.4842042922973633	64	92.88888888888889	
32.58457436687016	112.0	6.0	116.0	60.0	32.584574366870164	18	22	112	6	116	60	112	6	116	60	39	0	0.031248092651367188	950	2.5154523849487305	64	93.26315789473685	
32.58457436687016	112.0	6.0	116.0	60.0	32.584574366870164	19	22	112	6	116	60	112	6	116	60	39	0	0.04687166213989258	1000	2.562324047088623	64	93.6	
32.58457436687016	112.0	6.0	116.0	60.0	32.584574366870164	20	22	112	6	116	60	112	6	116	60	39	0	0.031249046325683594	1050	2.5935730934143066	64	93.9047619047619	
32.58457436687016	112.0	6.0	116.0	60.0	32.584574366870164	21	22	112	6	116	60	112	6	116	60	39	0	0.06249713897705078	1100	2.6560702323913574	64	94.18181818181819	
32.58457436687016	112.0	6.0	116.0	60.0	32.584574366870164	22	22	112	6	116	60	112	6	116	60	39	0	0.031246185302734375	1150	2.687316417694092	64	94.43478260869566	
32.58457436687016	112.0	6.0	116.0	60.0	32.584574366870164	23	22	112	6	116	60	112	6	116	60	39	0	0.046871185302734375	1200	2.734187602996826	64	94.66666666666667	
32.58457436687016	112.0	6.0	116.0	60.0	32.584574366870164	24	22	112	6	116	60	112	6	116	60	39	0	0.04687213897705078	1250	2.781059741973877	64	94.88	
32.58457436687016	112.0	6.0	116.0	60.0	32.584574366870164	25	22	112	6	116	60	112	6	116	60	39	0	0.031249284744262695	1300	2.8123090267181396	64	95.07692307692308	
32.58457436687016	112.0	6.0	116.0	60.0	32.584574366870164	26	22	112	6	116	60	112	6	116	60	39	0	0.04687047004699707	1350	2.8591794967651367	64	95.25925925925927	
32.58457436687016	112.0	6.0	116.0	60.0	32.584574366870164	27	22	112	6	116	60	112	6	116	60	39	0	0.04687166213989258	1400	2.9060511589050293	64	95.42857142857143	
32.58457436687016	112.0	6.0	116.0	60.0	32.584574366870164	28	22	112	6	116	60	112	6	116	60	39	0	0.04687142372131348	1450	2.9529225826263428	64	95.58620689655173	
32.58457436687016	112.0	6.0	116.0	60.0	32.584574366870164	29	22	112	6	116	60	112	6	116	60	39	0	0.04687213897705078	1500	2.9997947216033936	64	95.73333333333333	
32.58457436687016	112.0	6.0	116.0	60.0	32.584574366870164	30	22	112	6	116	60	112	6	116	60	39	0	0.031247615814208984	1550	3.0310423374176025	64	95.87096774193549	
32.58457436687016	112.0	6.0	116.0	60.0	32.584574366870164	31	22	112	6	116	60	112	6	116	60	39	0	0.031247615814208984	1600	3.0622899532318115	64	96.0	
32.58457436687016	112.0	6.0	116.0	60.0	32.584574366870164	32	22	112	6	116	60	112	6	116	60	39	0	0.04687237739562988	1650	3.1091623306274414	64	96.12121212121212	
32.58457436687016	112.0	6.0	116.0	60.0	32.584574366870164	33	22	112	6	116	60	112	6	116	60	39	0	0.04687094688415527	1700	3.1560332775115967	64	96.23529411764706	
32.58457436687016	112.0	6.0	116.0	60.0	32.584574366870164	34	22	112	6	116	60	112	6	116	60	39	0	0.04687213897705078	1750	3.2029054164886475	64	96.34285714285714	
32.58457436687016	112.0	6.0	116.0	60.0	32.584574366870164	35	22	112	6	116	60	112	6	116	60	39	0	0.04687190055847168	1800	3.249777317047119	64	96.44444444444444	
32.58457436687016	112.0	6.0	116.0	60.0	32.584574366870164	36	22	112	6	116	60	112	6	116	60	39	0	0.015624046325683594	1850	3.2654013633728027	64	96.54054054054055	
32.58457436687016	112.0	6.0	116.0	60.0	32.584574366870164	37	22	112	6	116	60	112	6	116	60	39	0	0.04687094688415527	1900	3.312272310256958	64	96.63157894736842	
32.58457436687016	112.0	6.0	116.0	60.0	32.584574366870164	38	22	112	6	116	60	112	6	116	60	39	0	0.04687166213989258	1950	3.3591439723968506	64	96.71794871794872	
32.58457436687016	112.0	6.0	116.0	60.0	32.584574366870164	39	22	112	6	116	60	112	6	116	60	39	0	0.04687166213989258	2000	3.406015634536743	64	96.8	
32.58457436687016	112.0	6.0	116.0	60.0	32.584574366870164	40	22	112	6	116	60	112	6	116	60	39	0	0.031249284744262695	2050	3.437264919281006	64	96.8780487804878	
32.58457436687016	112.0	6.0	116.0	60.0	32.584574366870164	41	22	112	6	116	60	112	6	116	60	39	0	0.04687142372131348	2100	3.4841363430023193	64	96.95238095238095	
32.58457436687016	112.0	6.0	116.0	60.0	32.584574366870164	42	22	112	6	116	60	112	6	116	60	39	0	0.04687142372131348	2150	3.531007766723633	64	97.02325581395348	
32.58457436687016	112.0	6.0	116.0	60.0	32.584574366870164	43	22	112	6	116	60	112	6	116	60	39	0	0.04687142372131348	2200	3.5778791904449463	64	97.0909090909091	
32.58457436687016	112.0	6.0	116.0	60.0	32.584574366870164	44	22	112	6	116	60	112	6	116	60	39	0	0.04687166213989258	2250	3.624750852584839	64	97.15555555555555	
32.58457436687016	112.0	6.0	116.0	60.0	32.584574366870164	45	22	112	6	116	60	112	6	116	60	39	0	0.031250715255737305	2300	3.656001567840576	64	97.21739130434783	
32.58457436687016	112.0	6.0	116.0	60.0	32.584574366870164	46	22	112	6	116	60	112	6	116	60	39	0	0.046869754791259766	2350	3.702871322631836	64	97.27659574468085	
32.58457436687016	112.0	6.0	116.0	60.0	32.584574366870164	47	22	112	6	116	60	112	6	116	60	39	0	0.031248092651367188	2400	3.734119415283203	64	97.33333333333333	
32.58457436687016	112.0	6.0	116.0	60.0	32.584574366870164	48	22	112	6	116	60	112	6	116	60	39	0	0.04687237739562988	2450	3.780991792678833	64	97.38775510204081	
32.58457436687016	112.0	6.0	116.0	60.0	32.584574366870164	49	22	112	6	116	60	112	6	116	60	39	0	0.031246662139892578	2500	3.8122384548187256	64	97.44	
32.58457436687016	112.0	6.0	116.0	60.0	32.584574366870164	50	22	112	6	116	60	112	6	116	60	39	0	0.04687190055847168	2550	3.8591103553771973	64	97.49019607843137	
32.58457436687016	112.0	6.0	116.0	60.0	32.584574366870164	51	22	112	6	116	60	112	6	116	60	39	0	0.04687213897705078	2600	3.905982494354248	64	97.53846153846153	
32.58457436687016	112.0	6.0	116.0	60.0	32.584574366870164	52	22	112	6	116	60	112	6	116	60	39	0	0.04687142372131348	2650	3.9528539180755615	64	97.58490566037736	
32.58457436687016	112.0	6.0	116.0	60.0	32.584574366870164	53	22	112	6	116	60	112	6	116	60	39	0	0.03124713897705078	2700	3.9841010570526123	64	97.62962962962963	
32.58457436687016	112.0	6.0	116.0	60.0	32.584574366870164	54	22	112	6	116	60	112	6	116	60	39	0	0.04687237739562988	2750	4.030973434448242	64	97.67272727272727	
32.58457436687016	112.0	6.0	116.0	60.0	32.584574366870164	55	22	112	6	116	60	112	6	116	60	39	0	0.04687213897705078	2800	4.077845573425293	64	97.71428571428571	
32.58457436687016	112.0	6.0	116.0	60.0	32.584574366870164	56	22	112	6	116	60	112	6	116	60	39	0	0.031248092651367188	2850	4.10909366607666	64	97.75438596491227	
32.58457436687016	112.0	6.0	116.0	60.0	32.584574366870164	57	22	112	6	116	60	112	6	116	60	39	0	0.06249594688415527	2900	4.171589612960815	64	97.79310344827586	
32.58457436687016	112.0	6.0	116.0	60.0	32.584574366870164	58	22	112	6	116	60	112	6	116	60	39	0	0.04687070846557617	2950	4.218460321426392	64	97.83050847457628	
32.58457436687016	112.0	6.0	116.0	60.0	32.584574366870164	59	22	112	6	116	60	112	6	116	60	39	0	0.03124833106994629	3000	4.249708652496338	64	97.86666666666666	
32.58457436687016	112.0	6.0	116.0	60.0	32.584574366870164	60	22	112	6	116	60	112	6	116	60	39	0	0.04687237739562988	3050	4.296581029891968	64	97.90163934426229	
32.58457436687016	112.0	6.0	116.0	60.0	32.584574366870164	61	22	112	6	116	60	112	6	116	60	39	0	0.03124833106994629	3100	4.327829360961914	64	97.93548387096774	
32.58457436687016	112.0	6.0	116.0	60.0	32.584574366870164	62	22	112	6	116	60	112	6	116	60	39	0	0.046871185302734375	3150	4.374700546264648	64	97.96825396825398	
32.58457436687016	112.0	6.0	116.0	60.0	32.584574366870164	63	22	112	6	116	60	112	6	116	60	39	0	0.04687023162841797	3200	4.421570777893066	64	98.0	
32.58457436687016	112.0	6.0	116.0	60.0	32.584574366870164	64	22	112	6	116	60	112	6	116	60	39	0	0.04687333106994629	3250	4.468444108963013	64	98.03076923076924	
32.58457436687016	112.0	6.0	116.0	60.0	32.584574366870164	65	22	112	6	116	60	112	6	116	60	39	0	0.031247615814208984	3300	4.499691724777222	64	98.06060606060606	
32.58457436687016	112.0	6.0	116.0	60.0	32.584574366870164	66	22	112	6	116	60	112	6	116	60	39	0	0.03125	3350	4.530941724777222	64	98.08955223880596	
32.58457436687016	112.0	6.0	116.0	60.0	32.584574366870164	67	22	112	6	116	60	112	6	116	60	39	0	0.062493324279785156	3400	4.593435049057007	64	98.11764705882354	
32.58457436687016	112.0	6.0	116.0	60.0	32.584574366870164	68	22	112	6	116	60	112	6	116	60	39	0	0.031249046325683594	3450	4.62468409538269	64	98.14492753623189	
32.58457436687016	112.0	6.0	116.0	60.0	32.584574366870164	69	22	112	6	116	60	112	6	116	60	39	0	0.04687047004699707	3500	4.6715545654296875	64	98.17142857142858	
32.58457436687016	112.0	6.0	116.0	60.0	32.584574366870164	70	22	112	6	116	60	112	6	116	60	39	0	0.04687190055847168	3550	4.718426465988159	64	98.19718309859155	
32.58457436687016	112.0	6.0	116.0	60.0	32.584574366870164	71	22	112	6	116	60	112	6	116	60	39	0	0.031247854232788086	3600	4.749674320220947	64	98.22222222222223	
32.58457436687016	112.0	6.0	116.0	60.0	32.584574366870164	72	22	112	6	116	60	112	6	116	60	39	0	0.031248807907104492	3650	4.780923128128052	64	98.24657534246575	
32.58457436687016	112.0	6.0	116.0	60.0	32.584574366870164	73	22	112	6	116	60	112	6	116	60	39	0	0.04687142372131348	3700	4.827794551849365	64	98.27027027027027	
32.58457436687016	112.0	6.0	116.0	60.0	32.584574366870164	74	22	112	6	116	60	112	6	116	60	39	0	0.03125166893005371	3750	4.859046220779419	64	98.29333333333334	
32.58457436687016	112.0	6.0	116.0	60.0	32.584574366870164	75	22	112	6	116	60	112	6	116	60	39	0	0.04686903953552246	3800	4.905915260314941	64	98.3157894736842	
32.58457436687016	112.0	6.0	116.0	60.0	32.584574366870164	76	22	112	6	116	60	112	6	116	60	39	0	0.0468745231628418	3850	4.952789783477783	64	98.33766233766234	
32.58457436687016	112.0	6.0	116.0	60.0	32.584574366870164	77	22	112	6	116	60	112	6	116	60	39	0	0.031246662139892578	3900	4.984036445617676	64	98.35897435897436	
32.58457436687016	112.0	6.0	116.0	60.0	32.584574366870164	78	22	112	6	116	60	112	6	116	60	39	0	0.04687023162841797	3950	5.030906677246094	64	98.37974683544304	
32.58457436687016	112.0	6.0	116.0	60.0	32.584574366870164	79	22	112	6	116	60	112	6	116	60	39	0	0.04687047004699707	4000	5.077777147293091	64	98.4	
32.58457436687016	112.0	6.0	116.0	60.0	32.584574366870164	80	22	112	6	116	60	112	6	116	60	39	0	0.031248807907104492	4050	5.109025955200195	64	98.41975308641975	
32.58457436687016	112.0	6.0	116.0	60.0	32.584574366870164	81	22	112	6	116	60	112	6	116	60	39	0	0.06249499320983887	4100	5.171520948410034	64	98.4390243902439	
32.58457436687016	112.0	6.0	116.0	60.0	32.584574366870164	82	22	112	6	116	60	112	6	116	60	39	0	0.03124713897705078	4150	5.202768087387085	64	98.4578313253012	
32.58457436687016	112.0	6.0	116.0	60.0	32.584574366870164	83	22	112	6	116	60	112	6	116	60	39	0	0.04687237739562988	4200	5.249640464782715	64	98.47619047619048	
32.58457436687016	112.0	6.0	116.0	60.0	32.584574366870164	84	22	112	6	116	60	112	6	116	60	39	0	0.04687213897705078	4250	5.296512603759766	64	98.49411764705883	
32.58457436687016	112.0	6.0	116.0	60.0	32.584574366870164	85	22	112	6	116	60	112	6	116	60	39	0	0.04687047004699707	4300	5.343383073806763	64	98.51162790697674	
32.58457436687016	112.0	6.0	116.0	60.0	32.584574366870164	86	22	112	6	116	60	112	6	116	60	39	0	0.062496185302734375	4350	5.405879259109497	64	98.52873563218391	
32.58457436687016	112.0	6.0	116.0	60.0	32.584574366870164	87	22	112	6	116	60	112	6	116	60	39	0	0.03124833106994629	4400	5.437127590179443	64	98.54545454545455	
32.58457436687016	112.0	6.0	116.0	60.0	32.584574366870164	88	22	112	6	116	60	112	6	116	60	39	0	0.04687166213989258	4450	5.483999252319336	64	98.56179775280899	
32.58457436687016	112.0	6.0	116.0	60.0	32.584574366870164	89	22	112	6	116	60	112	6	116	60	39	0	0.04687142372131348	4500	5.530870676040649	64	98.57777777777778	
32.58457436687016	112.0	6.0	116.0	60.0	32.584574366870164	90	22	112	6	116	60	112	6	116	60	39	0	0.03124833106994629	4550	5.562119007110596	64	98.5934065934066	
32.58457436687016	112.0	6.0	116.0	60.0	32.584574366870164	91	22	112	6	116	60	112	6	116	60	39	0	0.04687142372131348	4600	5.608990430831909	64	98.6086956521739	
32.58457436687016	112.0	6.0	116.0	60.0	32.584574366870164	92	22	112	6	116	60	112	6	116	60	39	0	0.04687166213989258	4650	5.655862092971802	64	98.6236559139785	
32.58457436687016	112.0	6.0	116.0	60.0	32.584574366870164	93	22	112	6	116	60	112	6	116	60	39	0	0.031249284744262695	4700	5.6871113777160645	64	98.63829787234043	
32.58457436687016	112.0	6.0	116.0	60.0	32.584574366870164	94	22	112	6	116	60	112	6	116	60	39	0	0.04687213897705078	4750	5.733983516693115	64	98.65263157894736	
32.58457436687016	112.0	6.0	116.0	60.0	32.584574366870164	95	22	112	6	116	60	112	6	116	60	39	0	0.03124690055847168	4800	5.765230417251587	64	98.66666666666667	
32.58457436687016	112.0	6.0	116.0	60.0	32.584574366870164	96	22	112	6	116	60	112	6	116	60	39	0	0.04687190055847168	4850	5.812102317810059	64	98.68041237113403	
32.58457436687016	112.0	6.0	116.0	60.0	32.584574366870164	97	22	112	6	116	60	112	6	116	60	39	0	0.04687070846557617	4900	5.858973026275635	64	98.6938775510204	
32.58457436687016	112.0	6.0	116.0	60.0	32.584574366870164	98	22	112	6	116	60	112	6	116	60	39	0	0.046872854232788086	4950	5.905845880508423	64	98.70707070707071	
32.58457436687016	112.0	6.0	116.0	60.0	32.584574366870164	99	22	112	6	116	60	112	6	116	60	39	0	0.015623331069946289	5000	5.921469211578369	64	98.72	
32.58457436687016	112.0	6.0	116.0	60.0	32.584574366870164	100	22	112	6	116	60	112	6	116	60	39	0	0.046872615814208984	5050	5.968341827392578	64	98.73267326732673	
32.58457436687016	112.0	6.0	116.0	60.0	32.584574366870164	101	22	112	6	116	60	112	6	116	60	39	0	0.031247377395629883	5100	5.999589204788208	64	98.74509803921569	
32.58457436687016	112.0	6.0	116.0	60.0	32.584574366870164	102	22	112	6	116	60	112	6	116	60	39	0	0.03124856948852539	5150	6.030837774276733	64	98.75728155339806	
32.58457436687016	112.0	6.0	116.0	60.0	32.584574366870164	103	22	112	6	116	60	112	6	116	60	39	0	0.031249284744262695	5200	6.062087059020996	64	98.76923076923077	
32.58457436687016	112.0	6.0	116.0	60.0	32.584574366870164	104	22	112	6	116	60	112	6	116	60	39	0	0.031246185302734375	5250	6.0933332443237305	64	98.78095238095239	
32.58457436687016	112.0	6.0	116.0	60.0	32.584574366870164	105	22	112	6	116	60	112	6	116	60	39	0	0.031247854232788086	5300	6.1245810985565186	64	98.79245283018868	
32.58457436687016	112.0	6.0	116.0	60.0	32.584574366870164	106	22	112	6	116	60	112	6	116	60	39	0	0.04687047004699707	5350	6.171451568603516	64	98.80373831775701	
32.58457436687016	112.0	6.0	116.0	60.0	32.584574366870164	107	22	112	6	116	60	112	6	116	60	39	0	0.031249523162841797	5400	6.202701091766357	64	98.81481481481481	
32.58457436687016	112.0	6.0	116.0	60.0	32.584574366870164	108	22	112	6	116	60	112	6	116	60	39	0	0.03124713897705078	5450	6.233948230743408	64	98.8256880733945	
32.58457436687016	112.0	6.0	116.0	60.0	32.584574366870164	109	22	112	6	116	60	112	6	116	60	39	0	0.04687166213989258	5500	6.280819892883301	64	98.83636363636364	
32.58457436687016	112.0	6.0	116.0	60.0	32.584574366870164	110	22	112	6	116	60	112	6	116	60	39	0	0.04687213897705078	5550	6.327692031860352	64	98.84684684684684	
32.58457436687016	112.0	6.0	116.0	60.0	32.584574366870164	111	22	112	6	116	60	112	6	116	60	39	0	0.031249523162841797	5600	6.358941555023193	64	98.85714285714286	
32.58457436687016	112.0	6.0	116.0	60.0	32.584574366870164	112	22	112	6	116	60	112	6	116	60	39	0	0.03124713897705078	5650	6.390188694000244	64	98.86725663716814	
32.58457436687016	112.0	6.0	116.0	60.0	32.584574366870164	113	22	112	6	116	60	112	6	116	60	39	0	0.015623807907104492	5700	6.405812501907349	64	98.87719298245614	
32.58457436687016	112.0	6.0	116.0	60.0	32.584574366870164	114	22	112	6	116	60	112	6	116	60	39	0	0.03125	5750	6.437062501907349	64	98.88695652173914	
32.58457436687016	112.0	6.0	116.0	60.0	32.584574366870164	115	22	112	6	116	60	112	6	116	60	39	0	0.015622615814208984	5800	6.452685117721558	64	98.89655172413794	
32.58457436687016	112.0	6.0	116.0	60.0	32.584574366870164	116	22	112	6	116	60	112	6	116	60	39	0	0.04687166213989258	5850	6.49955677986145	64	98.90598290598291	
32.58457436687016	112.0	6.0	116.0	60.0	32.584574366870164	117	22	112	6	116	60	112	6	116	60	39	0	0.046869516372680664	5900	6.546426296234131	64	98.91525423728814	
32.58457436687016	112.0	6.0	116.0	60.0	32.584574366870164	118	22	112	6	116	60	112	6	116	60	39	0	0.04687166213989258	5950	6.593297958374023	64	98.92436974789916	
32.58457436687016	112.0	6.0	116.0	60.0	32.584574366870164	119	22	112	6	116	60	112	6	116	60	39	0	0.031247854232788086	6000	6.6245458126068115	64	98.93333333333334	
32.58457436687016	112.0	6.0	116.0	60.0	32.584574366870164	120	22	112	6	116	60	112	6	116	60	39	0	0.0468745231628418	6050	6.671420335769653	64	98.94214876033058	
32.58457436687016	112.0	6.0	116.0	60.0	32.584574366870164	121	22	112	6	116	60	112	6	116	60	39	0	0.031246423721313477	6100	6.702666759490967	64	98.95081967213115	
32.58457436687016	112.0	6.0	116.0	60.0	32.584574366870164	122	22	112	6	116	60	112	6	116	60	39	0	0.015624046325683594	6150	6.71829080581665	64	98.95934959349593	
32.58457436687016	112.0	6.0	116.0	60.0	32.584574366870164	123	22	112	6	116	60	112	6	116	60	39	0	0.04687333106994629	6200	6.765164136886597	64	98.96774193548387	
32.58457436687016	112.0	6.0	116.0	60.0	32.584574366870164	124	22	112	6	116	60	112	6	116	60	39	0	0.04686903953552246	6250	6.812033176422119	64	98.976	
32.58457436687016	112.0	6.0	116.0	60.0	32.584574366870164	125	22	112	6	116	60	112	6	116	60	39	0	0.015623807907104492	6300	6.827656984329224	64	98.98412698412699	
32.58457436687016	112.0	6.0	116.0	60.0	32.584574366870164	126	22	112	6	116	60	112	6	116	60	39	0	0.031248092651367188	6350	6.858905076980591	64	98.99212598425197	
32.58457436687016	112.0	6.0	116.0	60.0	32.584574366870164	127	22	112	6	116	60	112	6	116	60	39	0	0.06249690055847168	6400	6.9214019775390625	64	99.0	
32.58457436687016	112.0	6.0	116.0	60.0	32.584574366870164	128	22	112	6	116	60	112	6	116	60	39	0	0.031247854232788086	6450	6.952649831771851	64	99.0077519379845	
32.58457436687016	112.0	6.0	116.0	60.0	32.584574366870164	129	22	112	6	116	60	112	6	116	60	39	0	0.031247377395629883	6500	6.9838972091674805	64	99.01538461538462	
32.58457436687016	112.0	6.0	116.0	60.0	32.584574366870164	130	22	112	6	116	60	112	6	116	60	39	0	0.031248807907104492	6550	7.015146017074585	64	99.02290076335878	
32.58457436687016	112.0	6.0	116.0	60.0	32.584574366870164	131	22	112	6	116	60	112	6	116	60	39	0	0.0312504768371582	6600	7.046396493911743	64	99.03030303030303	
32.58457436687016	112.0	6.0	116.0	60.0	32.584574366870164	132	22	112	6	116	60	112	6	116	60	39	0	0.046869516372680664	6650	7.093266010284424	64	99.0375939849624	
32.58457436687016	112.0	6.0	116.0	60.0	32.584574366870164	133	22	112	6	116	60	112	6	116	60	39	0	0.04687023162841797	6700	7.140136241912842	64	99.04477611940298	
32.58457436687016	112.0	6.0	116.0	60.0	32.584574366870164	134	22	112	6	116	60	112	6	116	60	39	0	0.04687333106994629	6750	7.187009572982788	64	99.05185185185185	
32.58457436687016	112.0	6.0	116.0	60.0	32.584574366870164	135	22	112	6	116	60	112	6	116	60	39	0	0.046871185302734375	6800	7.2338807582855225	64	99.05882352941177	
32.58457436687016	112.0	6.0	116.0	60.0	32.584574366870164	136	22	112	6	116	60	112	6	116	60	39	0	0.031246185302734375	6850	7.265126943588257	64	99.06569343065694	
32.58457436687016	112.0	6.0	116.0	60.0	32.584574366870164	137	22	112	6	116	60	112	6	116	60	39	0	0.0468745231628418	6900	7.312001466751099	64	99.07246376811594	
32.58457436687016	112.0	6.0	116.0	60.0	32.584574366870164	138	22	112	6	116	60	112	6	116	60	39	0	0.031246662139892578	6950	7.343248128890991	64	99.07913669064749	
32.58457436687016	112.0	6.0	116.0	60.0	32.584574366870164	139	22	112	6	116	60	112	6	116	60	39	0	0.04687166213989258	7000	7.390119791030884	64	99.08571428571429	
32.58457436687016	112.0	6.0	116.0	60.0	32.584574366870164	140	22	112	6	116	60	112	6	116	60	39	0	0.03124833106994629	7050	7.42136812210083	64	99.09219858156028	
32.58457436687016	112.0	6.0	116.0	60.0	32.584574366870164	141	22	112	6	116	60	112	6	116	60	39	0	0.04686999320983887	7100	7.468238115310669	64	99.09859154929578	
32.58457436687016	112.0	6.0	116.0	60.0	32.584574366870164	142	22	112	6	116	60	112	6	116	60	39	0	0.04687309265136719	7150	7.515111207962036	64	99.1048951048951	
32.58457436687016	112.0	6.0	116.0	60.0	32.584574366870164	143	22	112	6	116	60	112	6	116	60	39	0	0.03124713897705078	7200	7.546358346939087	64	99.11111111111111	
32.58457436687016	112.0	6.0	116.0	60.0	32.584574366870164	144	22	112	6	116	60	112	6	116	60	39	0	0.04687190055847168	7250	7.593230247497559	64	99.11724137931034	
32.58457436687016	112.0	6.0	116.0	60.0	32.584574366870164	145	22	112	6	116	60	112	6	116	60	39	0	0.03124833106994629	7300	7.624478578567505	64	99.12328767123287	
32.58457436687016	112.0	6.0	116.0	60.0	32.584574366870164	146	22	112	6	116	60	112	6	116	60	39	0	0.04687142372131348	7350	7.671350002288818	64	99.12925170068027	
32.58457436687016	112.0	6.0	116.0	60.0	32.584574366870164	147	22	112	6	116	60	112	6	116	60	39	0	0.03124713897705078	7400	7.702597141265869	64	99.13513513513513	
32.58457436687016	112.0	6.0	116.0	60.0	32.584574366870164	148	22	112	6	116	60	112	6	116	60	39	0	0.03125	7450	7.733847141265869	64	99.14093959731544	
32.58457436687016	112.0	6.0	116.0	60.0	32.584574366870164	149	22	112	6	116	60	112	6	116	60	39	0	0.04686999320983887	7500	7.780717134475708	64	99.14666666666666	
32.58457436687016	112.0	6.0	116.0	60.0	32.584574366870164	150	22	112	6	116	60	112	6	116	60	39	0	0.04687309265136719	7550	7.827590227127075	64	99.1523178807947	
32.58457436687016	112.0	6.0	116.0	60.0	32.584574366870164	151	22	112	6	116	60	112	6	116	60	39	0	0.046871185302734375	7600	7.87446141242981	64	99.15789473684211	
32.58457436687016	112.0	6.0	116.0	60.0	32.584574366870164	152	22	112	6	116	60	112	6	116	60	39	0	0.04687190055847168	7650	7.921333312988281	64	99.16339869281046	
32.58457436687016	112.0	6.0	116.0	60.0	32.584574366870164	153	22	112	6	116	60	112	6	116	60	39	0	0.04687190055847168	7700	7.968205213546753	64	99.16883116883118	
32.58457436687016	112.0	6.0	116.0	60.0	32.584574366870164	154	22	112	6	116	60	112	6	116	60	39	0	0.04687309265136719	7750	8.01507830619812	64	99.1741935483871	
32.58457436687016	112.0	6.0	116.0	60.0	32.584574366870164	155	22	112	6	116	60	112	6	116	60	39	0	0.015623092651367188	7800	8.030701398849487	64	99.17948717948718	
32.58457436687016	112.0	6.0	116.0	60.0	32.584574366870164	156	22	112	6	116	60	112	6	116	60	39	0	0.04687047004699707	7850	8.077571868896484	64	99.18471337579618	
32.58457436687016	112.0	6.0	116.0	60.0	32.584574366870164	157	22	112	6	116	60	112	6	116	60	39	0	0.03124690055847168	7900	8.108818769454956	64	99.18987341772151	
32.58457436687016	112.0	6.0	116.0	60.0	32.584574366870164	158	22	112	6	116	60	112	6	116	60	39	0	0.046874046325683594	7950	8.15569281578064	64	99.19496855345912	
32.58457436687016	112.0	6.0	116.0	60.0	32.584574366870164	159	22	112	6	116	60	112	6	116	60	39	0	0.03124713897705078	8000	8.18693995475769	64	99.2	
32.58457436687016	112.0	6.0	116.0	60.0	32.584574366870164	160	22	112	6	116	60	112	6	116	60	39	0	0.04687309265136719	8050	8.233813047409058	64	99.20496894409938	
32.58457436687016	112.0	6.0	116.0	60.0	32.584574366870164	161	22	112	6	116	60	112	6	116	60	39	0	0.031246185302734375	8100	8.265059232711792	64	99.20987654320987	
32.58457436687016	112.0	6.0	116.0	60.0	32.584574366870164	162	22	112	6	116	60	112	6	116	60	39	0	0.04687237739562988	8150	8.311931610107422	64	99.21472392638037	
32.58457436687016	112.0	6.0	116.0	60.0	32.584574366870164	163	22	112	6	116	60	112	6	116	60	39	0	0.031249046325683594	8200	8.343180656433105	64	99.21951219512195	
32.58457436687016	112.0	6.0	116.0	60.0	32.584574366870164	164	22	112	6	116	60	112	6	116	60	39	0	0.015622615814208984	8250	8.358803272247314	64	99.22424242424242	
32.58457436687016	112.0	6.0	116.0	60.0	32.584574366870164	165	22	112	6	116	60	112	6	116	60	39	0	0.04687070846557617	8300	8.40567398071289	64	99.2289156626506	
32.58457436687016	112.0	6.0	116.0	60.0	32.584574366870164	166	22	112	6	116	60	112	6	116	60	39	0	0.04687237739562988	8350	8.45254635810852	64	99.23353293413173	
32.58457436687016	112.0	6.0	116.0	60.0	32.584574366870164	167	22	112	6	116	60	112	6	116	60	39	0	0.046871185302734375	8400	8.499417543411255	64	99.23809523809524	
32.58457436687016	112.0	6.0	116.0	60.0	32.584574366870164	168	22	112	6	116	60	112	6	116	60	39	0	0.046872854232788086	8450	8.546290397644043	64	99.24260355029585	
32.58457436687016	112.0	6.0	116.0	60.0	32.584574366870164	169	22	112	6	116	60	112	6	116	60	39	0	0.04687166213989258	8500	8.593162059783936	64	99.24705882352941	
32.58457436687016	112.0	6.0	116.0	60.0	32.584574366870164	170	22	112	6	116	60	112	6	116	60	39	0	0.031247615814208984	8550	8.624409675598145	64	99.25146198830409	
32.58457436687016	112.0	6.0	116.0	60.0	32.584574366870164	171	22	112	6	116	60	112	6	116	60	39	0	0.04687166213989258	8600	8.671281337738037	64	99.25581395348837	
32.58457436687016	112.0	6.0	116.0	60.0	32.584574366870164	172	22	112	6	116	60	112	6	116	60	39	0	0.031248807907104492	8650	8.702530145645142	64	99.26011560693641	
32.58457436687016	112.0	6.0	116.0	60.0	32.584574366870164	173	22	112	6	116	60	112	6	116	60	39	0	0.03124690055847168	8700	8.733777046203613	64	99.26436781609195	
32.58457436687016	112.0	6.0	116.0	60.0	32.584574366870164	174	22	112	6	116	60	112	6	116	60	39	0	0.046872854232788086	8750	8.780649900436401	64	99.26857142857143	
32.58457436687016	112.0	6.0	116.0	60.0	32.584574366870164	175	22	112	6	116	60	112	6	116	60	39	0	0.04687047004699707	8800	8.827520370483398	64	99.27272727272727	
32.58457436687016	112.0	6.0	116.0	60.0	32.584574366870164	176	22	112	6	116	60	112	6	116	60	39	0	0.031248807907104492	8850	8.858769178390503	64	99.2768361581921	
32.58457436687016	112.0	6.0	116.0	60.0	32.584574366870164	177	22	112	6	116	60	112	6	116	60	39	0	0.031247377395629883	8900	8.890016555786133	64	99.28089887640449	
32.58457436687016	112.0	6.0	116.0	60.0	32.584574366870164	178	22	112	6	116	60	112	6	116	60	39	0	0.031247615814208984	8950	8.921264171600342	64	99.28491620111731	
32.58457436687016	112.0	6.0	116.0	60.0	32.584574366870164	179	22	112	6	116	60	112	6	116	60	39	0	0.046871185302734375	9000	8.968135356903076	64	99.28888888888889	
32.58457436687016	112.0	6.0	116.0	60.0	32.584574366870164	180	22	112	6	116	60	112	6	116	60	39	0	0.04687333106994629	9050	9.015008687973022	64	99.29281767955801	
32.58457436687016	112.0	6.0	116.0	60.0	32.584574366870164	181	22	112	6	116	60	112	6	116	60	39	0	0.03124833106994629	9100	9.046257019042969	64	99.2967032967033	
32.58457436687016	112.0	6.0	116.0	60.0	32.584574366870164	182	22	112	6	116	60	112	6	116	60	39	0	0.04687047004699707	9150	9.093127489089966	64	99.30054644808743	
32.58457436687016	112.0	6.0	116.0	60.0	32.584574366870164	183	22	112	6	116	60	112	6	116	60	39	0	0.03124856948852539	9200	9.124376058578491	64	99.30434782608695	
32.58457436687016	112.0	6.0	116.0	60.0	32.584574366870164	184	22	112	6	116	60	112	6	116	60	39	0	0.04687070846557617	9250	9.171246767044067	64	99.30810810810812	
32.58457436687016	112.0	6.0	116.0	60.0	32.584574366870164	185	22	112	6	116	60	112	6	116	60	39	0	0.031249284744262695	9300	9.20249605178833	64	99.31182795698925	
32.58457436687016	112.0	6.0	116.0	60.0	32.584574366870164	186	22	112	6	116	60	112	6	116	60	39	0	0.04687237739562988	9350	9.24936842918396	64	99.31550802139037	
32.58457436687016	112.0	6.0	116.0	60.0	32.584574366870164	187	22	112	6	116	60	112	6	116	60	39	0	0.03124690055847168	9400	9.280615329742432	64	99.31914893617021	
32.58457436687016	112.0	6.0	116.0	60.0	32.584574366870164	188	22	112	6	116	60	112	6	116	60	39	0	0.04687047004699707	9450	9.327485799789429	64	99.32275132275132	
32.58457436687016	112.0	6.0	116.0	60.0	32.584574366870164	189	22	112	6	116	60	112	6	116	60	39	0	0.03124833106994629	9500	9.358734130859375	64	99.32631578947368	
32.58457436687016	112.0	6.0	116.0	60.0	32.584574366870164	190	22	112	6	116	60	112	6	116	60	39	0	0.031250715255737305	9550	9.389984846115112	64	99.32984293193718	
32.58457436687016	112.0	6.0	116.0	60.0	32.584574366870164	191	22	112	6	116	60	112	6	116	60	39	0	0.031246185302734375	9600	9.421231031417847	64	99.33333333333333	
32.58457436687016	112.0	6.0	116.0	60.0	32.584574366870164	192	22	112	6	116	60	112	6	116	60	39	0	0.031245946884155273	9650	9.452476978302002	64	99.33678756476684	
32.58457436687016	112.0	6.0	116.0	60.0	32.584574366870164	193	22	112	6	116	60	112	6	116	60	39	0	0.04687166213989258	9700	9.499348640441895	64	99.34020618556701	
32.58457436687016	112.0	6.0	116.0	60.0	32.584574366870164	194	22	112	6	116	60	112	6	116	60	39	0	0.04687213897705078	9750	9.546220779418945	64	99.34358974358975	
32.58457436687016	112.0	6.0	116.0	60.0	32.584574366870164	195	22	112	6	116	60	112	6	116	60	39	0	0.031247615814208984	9800	9.577468395233154	64	99.34693877551021	
32.58457436687016	112.0	6.0	116.0	60.0	32.584574366870164	196	22	112	6	116	60	112	6	116	60	39	0	0.031248092651367188	9850	9.608716487884521	64	99.3502538071066	
32.58457436687016	112.0	6.0	116.0	60.0	32.584574366870164	197	22	112	6	116	60	112	6	116	60	39	0	0.031247854232788086	9900	9.63996434211731	64	99.35353535353535	
32.58457436687016	112.0	6.0	116.0	60.0	32.584574366870164	198	22	112	6	116	60	112	6	116	60	39	0	0.046872854232788086	9950	9.686837196350098	64	99.35678391959799	
32.58457436687016	112.0	6.0	116.0	60.0	32.584574366870164	199	22	112	6	116	60	112	6	116	60	39	0	0.04687023162841797	10000	9.733707427978516	64	99.36	
32.58457436687016	112.0	6.0	116.0	60.0	32.584574366870164	200	22	112	6	116	60	112	6	116	60	39	0	0.031247854232788086	10050	9.764955282211304	64	99.363184079602	
32.58457436687016	112.0	6.0	116.0	60.0	32.584574366870164	201	22	112	6	116	60	112	6	116	60	39	0	0.04687213897705078	10100	9.811827421188354	64	99.36633663366337	
32.58457436687016	112.0	6.0	116.0	60.0	32.584574366870164	202	22	112	6	116	60	112	6	116	60	39	0	0.031247377395629883	10150	9.843074798583984	64	99.36945812807882	
32.58457436687016	112.0	6.0	116.0	60.0	32.584574366870164	203	22	112	6	116	60	112	6	116	60	39	0	0.04687190055847168	10200	9.889946699142456	64	99.37254901960785	
32.58457436687016	112.0	6.0	116.0	60.0	32.584574366870164	204	22	112	6	116	60	112	6	116	60	39	0	0.04687309265136719	10250	9.936819791793823	64	99.37560975609756	
32.58457436687016	112.0	6.0	116.0	60.0	32.584574366870164	205	22	112	6	116	60	112	6	116	60	39	0	0.031246662139892578	10300	9.968066453933716	64	99.37864077669903	
32.58457436687016	112.0	6.0	116.0	60.0	32.584574366870164	206	22	112	6	116	60	112	6	116	60	39	0	0.04687309265136719	10350	10.014939546585083	64	99.38164251207729	
32.58457436687016	112.0	6.0	116.0	60.0	32.584574366870164	207	22	112	6	116	60	112	6	116	60	39	0	0.04687094688415527	10400	10.061810493469238	64	99.38461538461539	
32.58457436687016	112.0	6.0	116.0	60.0	32.584574366870164	208	22	112	6	116	60	112	6	116	60	39	0	0.031248092651367188	10450	10.093058586120605	64	99.38755980861244	
32.58457436687016	112.0	6.0	116.0	60.0	32.584574366870164	209	22	112	6	116	60	112	6	116	60	39	0	0.031247615814208984	10500	10.124306201934814	64	99.39047619047619	
32.58457436687016	112.0	6.0	116.0	60.0	32.584574366870164	210	22	112	6	116	60	112	6	116	60	39	0	0.031247615814208984	10550	10.155553817749023	64	99.39336492890995	
32.58457436687016	112.0	6.0	116.0	60.0	32.584574366870164	211	22	112	6	116	60	112	6	116	60	39	0	0.031249046325683594	10600	10.186802864074707	64	99.39622641509433	
32.58457436687016	112.0	6.0	116.0	60.0	32.584574366870164	212	22	112	6	116	60	112	6	116	60	39	0	0.01562356948852539	10650	10.202426433563232	64	99.39906103286386	
32.58457436687016	112.0	6.0	116.0	60.0	32.584574366870164	213	22	112	6	116	60	112	6	116	60	39	0	0.046871185302734375	10700	10.249297618865967	64	99.40186915887851	
32.58457436687016	112.0	6.0	116.0	60.0	32.584574366870164	214	22	112	6	116	60	112	6	116	60	39	0	0.031248092651367188	10750	10.280545711517334	64	99.4046511627907	
32.58457436687016	112.0	6.0	116.0	60.0	32.584574366870164	215	22	112	6	116	60	112	6	116	60	39	0	0.031248807907104492	10800	10.311794519424438	64	99.4074074074074	
32.58457436687016	112.0	6.0	116.0	60.0	32.584574366870164	216	22	112	6	116	60	112	6	116	60	39	0	0.03124713897705078	10850	10.34304165840149	64	99.41013824884793	
32.58457436687016	112.0	6.0	116.0	60.0	32.584574366870164	217	22	112	6	116	60	112	6	116	60	39	0	0.046871185302734375	10900	10.389912843704224	64	99.41284403669725	
32.58457436687016	112.0	6.0	116.0	60.0	32.584574366870164	218	22	112	6	116	60	112	6	116	60	39	0	0.015624284744262695	10950	10.405537128448486	64	99.41552511415526	
32.58457436687016	112.0	6.0	116.0	60.0	32.584574366870164	219	22	112	6	116	60	112	6	116	60	39	0	0.04687356948852539	11000	10.452410697937012	64	99.41818181818182	
32.58457436687016	112.0	6.0	116.0	60.0	32.584574366870164	220	22	112	6	116	60	112	6	116	60	39	0	0.04687047004699707	11050	10.499281167984009	64	99.42081447963801	
32.58457436687016	112.0	6.0	116.0	60.0	32.584574366870164	221	22	112	6	116	60	112	6	116	60	39	0	0.03124690055847168	11100	10.53052806854248	64	99.42342342342343	
32.58457436687016	112.0	6.0	116.0	60.0	32.584574366870164	222	22	112	6	116	60	112	6	116	60	39	0	0.04687237739562988	11150	10.57740044593811	64	99.42600896860986	
32.58457436687016	112.0	6.0	116.0	60.0	32.584574366870164	223	22	112	6	116	60	112	6	116	60	39	0	0.04687166213989258	11200	10.624272108078003	64	99.42857142857143	
32.58457436687016	112.0	6.0	116.0	60.0	32.584574366870164	224	22	112	6	116	60	112	6	116	60	39	0	0.04687237739562988	11250	10.671144485473633	64	99.43111111111111	
32.58457436687016	112.0	6.0	116.0	60.0	32.584574366870164	225	22	112	6	116	60	112	6	116	60	39	0	0.031247854232788086	11300	10.702392339706421	64	99.43362831858407	
32.58457436687016	112.0	6.0	116.0	60.0	32.584574366870164	226	22	112	6	116	60	112	6	116	60	39	0	0.046871185302734375	11350	10.749263525009155	64	99.43612334801762	
32.58457436687016	112.0	6.0	116.0	60.0	32.584574366870164	227	22	112	6	116	60	112	6	116	60	39	0	0.04687190055847168	11400	10.796135425567627	64	99.43859649122807	
32.58457436687016	112.0	6.0	116.0	60.0	32.584574366870164	228	22	112	6	116	60	112	6	116	60	39	0	0.04687166213989258	11450	10.84300708770752	64	99.4410480349345	
32.58457436687016	112.0	6.0	116.0	60.0	32.584574366870164	229	22	112	6	116	60	112	6	116	60	39	0	0.031248092651367188	11500	10.874255180358887	64	99.44347826086957	
32.58457436687016	112.0	6.0	116.0	60.0	32.584574366870164	230	22	112	6	116	60	112	6	116	60	39	0	0.031247377395629883	11550	10.905502557754517	64	99.44588744588745	
32.58457436687016	112.0	6.0	116.0	60.0	32.584574366870164	231	22	112	6	116	60	112	6	116	60	39	0	0.03124856948852539	11600	10.936751127243042	64	99.44827586206897	
32.58457436687016	112.0	6.0	116.0	60.0	32.584574366870164	232	22	112	6	116	60	112	6	116	60	39	0	0.031247377395629883	11650	10.967998504638672	64	99.45064377682404	
32.58457436687016	112.0	6.0	116.0	60.0	32.584574366870164	233	22	112	6	116	60	112	6	116	60	39	0	0.031248092651367188	11700	10.999246597290039	64	99.45299145299145	
32.58457436687016	112.0	6.0	116.0	60.0	32.584574366870164	234	22	112	6	116	60	112	6	116	60	39	0	0.031247854232788086	11750	11.030494451522827	64	99.45531914893617	
32.58457436687016	112.0	6.0	116.0	60.0	32.584574366870164	235	22	112	6	116	60	112	6	116	60	39	0	0.031247854232788086	11800	11.061742305755615	64	99.45762711864407	
32.58457436687016	112.0	6.0	116.0	60.0	32.584574366870164	236	22	112	6	116	60	112	6	116	60	39	0	0.04687166213989258	11850	11.108613967895508	64	99.45991561181435	
32.58457436687016	112.0	6.0	116.0	60.0	32.584574366870164	237	22	112	6	116	60	112	6	116	60	39	0	0.04687356948852539	11900	11.155487537384033	64	99.46218487394958	
32.58457436687016	112.0	6.0	116.0	60.0	32.584574366870164	238	22	112	6	116	60	112	6	116	60	39	0	0.04687094688415527	11950	11.202358484268188	64	99.46443514644352	
32.58457436687016	112.0	6.0	116.0	60.0	32.584574366870164	239	22	112	6	116	60	112	6	116	60	39	0	0.04687047004699707	12000	11.249228954315186	64	99.46666666666667	
32.58457436687016	112.0	6.0	116.0	60.0	32.584574366870164	240	22	112	6	116	60	112	6	116	60	39	0	0.04687190055847168	12050	11.296100854873657	64	99.4688796680498	
32.58457436687016	112.0	6.0	116.0	60.0	32.584574366870164	241	22	112	6	116	60	112	6	116	60	39	0	0.04687237739562988	12100	11.342973232269287	64	99.47107438016529	
32.58457436687016	112.0	6.0	116.0	60.0	32.584574366870164	242	22	112	6	116	60	112	6	116	60	39	0	0.031247377395629883	12150	11.374220609664917	64	99.47325102880659	
32.58457436687016	112.0	6.0	116.0	60.0	32.584574366870164	243	22	112	6	116	60	112	6	116	60	39	0	0.04687166213989258	12200	11.42109227180481	64	99.47540983606558	
32.58457436687016	112.0	6.0	116.0	60.0	32.584574366870164	244	22	112	6	116	60	112	6	116	60	39	0	0.04687237739562988	12250	11.46796464920044	64	99.47755102040816	
32.58457436687016	112.0	6.0	116.0	60.0	32.584574366870164	245	22	112	6	116	60	112	6	116	60	39	0	0.031247377395629883	12300	11.49921202659607	64	99.47967479674797	
32.58457436687016	112.0	6.0	116.0	60.0	32.584574366870164	246	22	112	6	116	60	112	6	116	60	39	0	0.03124833106994629	12350	11.530460357666016	64	99.48178137651821	
32.58457436687016	112.0	6.0	116.0	60.0	32.584574366870164	247	22	112	6	116	60	112	6	116	60	39	0	0.046871185302734375	12400	11.57733154296875	64	99.48387096774194	
32.58457436687016	112.0	6.0	116.0	60.0	32.584574366870164	248	22	112	6	116	60	112	6	116	60	39	0	0.046872615814208984	12450	11.624204158782959	64	99.4859437751004	
32.58457436687016	112.0	6.0	116.0	60.0	32.584574366870164	249	22	112	6	116	60	112	6	116	60	39	0	0.04687142372131348	12500	11.671075582504272	64	99.488	
32.58457436687016	112.0	6.0	116.0	60.0	32.584574366870164	250	22	112	6	116	60	112	6	116	60	39	0	0.04687166213989258	12550	11.717947244644165	64	99.49003984063745	
32.58457436687016	112.0	6.0	116.0	60.0	32.584574366870164	251	22	112	6	116	60	112	6	116	60	39	0	0.046872615814208984	12600	11.764819860458374	64	99.4920634920635	
32.58457436687016	112.0	6.0	116.0	60.0	32.584574366870164	252	22	112	6	116	60	112	6	116	60	39	0	0.03124713897705078	12650	11.796066999435425	64	99.49407114624506	
32.58457436687016	112.0	6.0	116.0	60.0	32.584574366870164	253	22	112	6	116	60	112	6	116	60	39	0	0.04687142372131348	12700	11.842938423156738	64	99.49606299212599	
32.58457436687016	112.0	6.0	116.0	60.0	32.584574366870164	254	22	112	6	116	60	112	6	116	60	39	0	0.031247615814208984	12750	11.874186038970947	64	99.49803921568628	
32.58457436687016	112.0	6.0	116.0	60.0	32.584574366870164	255	22	112	6	116	60	112	6	116	60	39	0	0.046872615814208984	12800	11.921058654785156	64	99.5	
32.58457436687016	112.0	6.0	116.0	60.0	32.584574366870164	256	22	112	6	116	60	112	6	116	60	39	0	0.031247854232788086	12850	11.952306509017944	64	99.50194552529183	
32.58457436687016	112.0	6.0	116.0	60.0	32.584574366870164	257	22	112	6	116	60	112	6	116	60	39	0	0.04687142372131348	12900	11.999177932739258	64	99.50387596899225	
32.58457436687016	112.0	6.0	116.0	60.0	32.584574366870164	258	22	112	6	116	60	112	6	116	60	39	0	0.031247854232788086	12950	12.030425786972046	64	99.5057915057915	
32.58457436687016	112.0	6.0	116.0	60.0	32.584574366870164	259	22	112	6	116	60	112	6	116	60	39	0	0.031248092651367188	13000	12.061673879623413	64	99.50769230769231	
32.58457436687016	112.0	6.0	116.0	60.0	32.584574366870164	260	22	112	6	116	60	112	6	116	60	39	0	0.04687142372131348	13050	12.108545303344727	64	99.5095785440613	
32.58457436687016	112.0	6.0	116.0	60.0	32.584574366870164	261	22	112	6	116	60	112	6	116	60	39	0	0.031248092651367188	13100	12.139793395996094	64	99.5114503816794	
32.58457436687016	112.0	6.0	116.0	60.0	32.584574366870164	262	22	112	6	116	60	112	6	116	60	39	0	0.04687166213989258	13150	12.186665058135986	64	99.51330798479087	
32.58457436687016	112.0	6.0	116.0	60.0	32.584574366870164	263	22	112	6	116	60	112	6	116	60	39	0	0.04687142372131348	13200	12.2335364818573	64	99.51515151515152	
32.58457436687016	112.0	6.0	116.0	60.0	32.584574366870164	264	22	112	6	116	60	112	6	116	60	39	0	0.04687237739562988	13250	12.28040885925293	64	99.51698113207547	
32.58457436687016	112.0	6.0	116.0	60.0	32.584574366870164	265	22	112	6	116	60	112	6	116	60	39	0	0.04687237739562988	13300	12.32728123664856	64	99.5187969924812	
32.58457436687016	112.0	6.0	116.0	60.0	32.584574366870164	266	22	112	6	116	60	112	6	116	60	39	0	0.031247377395629883	13350	12.35852861404419	64	99.52059925093633	
32.58457436687016	112.0	6.0	116.0	60.0	32.584574366870164	267	22	112	6	116	60	112	6	116	60	39	0	0.04687166213989258	13400	12.405400276184082	64	99.5223880597015	
32.58457436687016	112.0	6.0	116.0	60.0	32.584574366870164	268	22	112	6	116	60	112	6	116	60	39	0	0.04687213897705078	13450	12.452272415161133	64	99.52416356877323	
32.58457436687016	112.0	6.0	116.0	60.0	32.584574366870164	269	22	112	6	116	60	112	6	116	60	39	0	0.04687094688415527	13500	12.499143362045288	64	99.52592592592593	
32.58457436687016	112.0	6.0	116.0	60.0	32.584574366870164	270	22	112	6	116	60	112	6	116	60	39	0	0.03124856948852539	13550	12.530391931533813	64	99.52767527675277	
32.58457436687016	112.0	6.0	116.0	60.0	32.584574366870164	271	22	112	6	116	60	112	6	116	60	39	0	0.031247615814208984	13600	12.561639547348022	64	99.52941176470588	
32.58457436687016	112.0	6.0	116.0	60.0	32.584574366870164	272	22	112	6	116	60	112	6	116	60	39	0	0.046872615814208984	13650	12.608512163162231	64	99.53113553113553	
32.58457436687016	112.0	6.0	116.0	60.0	32.584574366870164	273	22	112	6	116	60	112	6	116	60	39	0	0.031248807907104492	13700	12.639760971069336	64	99.53284671532846	
32.58457436687016	112.0	6.0	116.0	60.0	32.584574366870164	274	22	112	6	116	60	112	6	116	60	39	0	0.04687190055847168	13750	12.686632871627808	64	99.53454545454545	
32.58457436687016	112.0	6.0	116.0	60.0	32.584574366870164	275	22	112	6	116	60	112	6	116	60	39	0	0.031246423721313477	13800	12.717879295349121	64	99.53623188405797	
32.58457436687016	112.0	6.0	116.0	60.0	32.584574366870164	276	22	112	6	116	60	112	6	116	60	39	0	0.031248092651367188	13850	12.749127388000488	64	99.53790613718411	
32.58457436687016	112.0	6.0	116.0	60.0	32.584574366870164	277	22	112	6	116	60	112	6	116	60	39	0	0.031248092651367188	13900	12.780375480651855	64	99.53956834532374	
32.58457436687016	112.0	6.0	116.0	60.0	32.584574366870164	278	22	112	6	116	60	112	6	116	60	39	0	0.031247377395629883	13950	12.811622858047485	64	99.54121863799283	
32.58457436687016	112.0	6.0	116.0	60.0	32.584574366870164	279	22	112	6	116	60	112	6	116	60	39	0	0.031247615814208984	14000	12.842870473861694	64	99.54285714285714	
32.58457436687016	112.0	6.0	116.0	60.0	32.584574366870164	280	22	112	6	116	60	112	6	116	60	39	0	0.031247854232788086	14050	12.874118328094482	64	99.54448398576513	
32.58457436687016	112.0	6.0	116.0	60.0	32.584574366870164	281	22	112	6	116	60	112	6	116	60	39	0	0.031249523162841797	14100	12.905367851257324	64	99.54609929078015	
32.58457436687016	112.0	6.0	116.0	60.0	32.584574366870164	282	22	112	6	116	60	112	6	116	60	39	0	0.031247615814208984	14150	12.936615467071533	64	99.54770318021201	
32.58457436687016	112.0	6.0	116.0	60.0	32.584574366870164	283	22	112	6	116	60	112	6	116	60	39	0	0.04687047004699707	14200	12.98348593711853	64	99.54929577464789	
32.58457436687016	112.0	6.0	116.0	60.0	32.584574366870164	284	22	112	6	116	60	112	6	116	60	39	0	0.03125	14250	13.01473593711853	64	99.55087719298245	
32.58457436687016	112.0	6.0	116.0	60.0	32.584574366870164	285	22	112	6	116	60	112	6	116	60	39	0	0.04687070846557617	14300	13.061606645584106	64	99.55244755244755	
32.58457436687016	112.0	6.0	116.0	60.0	32.584574366870164	286	22	112	6	116	60	112	6	116	60	39	0	0.04687619209289551	14350	13.108482837677002	64	99.55400696864112	
32.58457436687016	112.0	6.0	116.0	60.0	32.584574366870164	287	22	112	6	116	60	112	6	116	60	39	0	0.031244993209838867	14400	13.13972783088684	64	99.55555555555556	
32.58457436687016	112.0	6.0	116.0	60.0	32.584574366870164	288	22	112	6	116	60	112	6	116	60	39	0	0.031248807907104492	14450	13.170976638793945	64	99.55709342560553	
32.58457436687016	112.0	6.0	116.0	60.0	32.584574366870164	289	22	112	6	116	60	112	6	116	60	39	0	0.046869754791259766	14500	13.217846393585205	64	99.55862068965517	
32.58457436687016	112.0	6.0	116.0	60.0	32.584574366870164	290	22	112	6	116	60	112	6	116	60	39	0	0.046871185302734375	14550	13.26471757888794	64	99.56013745704468	
32.58457436687016	112.0	6.0	116.0	60.0	32.584574366870164	291	22	112	6	116	60	112	6	116	60	39	0	0.046871185302734375	14600	13.311588764190674	64	99.56164383561644	
32.58457436687016	112.0	6.0	116.0	60.0	32.584574366870164	292	22	112	6	116	60	112	6	116	60	39	0	0.031248092651367188	14650	13.342836856842041	64	99.56313993174061	
32.58457436687016	112.0	6.0	116.0	60.0	32.584574366870164	293	22	112	6	116	60	112	6	116	60	39	0	0.03124690055847168	14700	13.374083757400513	64	99.56462585034014	
32.58457436687016	112.0	6.0	116.0	60.0	32.584574366870164	294	22	112	6	116	60	112	6	116	60	39	0	0.04687309265136719	14750	13.42095685005188	64	99.56610169491526	
32.58457436687016	112.0	6.0	116.0	60.0	32.584574366870164	295	22	112	6	116	60	112	6	116	60	39	0	0.04687190055847168	14800	13.467828750610352	64	99.56756756756756	
32.58457436687016	112.0	6.0	116.0	60.0	32.584574366870164	296	22	112	6	116	60	112	6	116	60	39	0	0.0312497615814209	14850	13.499078512191772	64	99.56902356902357	
32.58457436687016	112.0	6.0	116.0	60.0	32.584574366870164	297	22	112	6	116	60	112	6	116	60	39	0	0.04687070846557617	14900	13.545949220657349	64	99.57046979865771	
32.58457436687016	112.0	6.0	116.0	60.0	32.584574366870164	298	22	112	6	116	60	112	6	116	60	39	0	0.04687094688415527	14950	13.592820167541504	64	99.57190635451505	
32.58457436687016	112.0	6.0	116.0	60.0	32.584574366870164	299	22	112	6	116	60	112	6	116	60	39	0	0.046872615814208984	15000	13.639692783355713	64	99.57333333333334	
32.58457436687016	112.0	6.0	116.0	60.0	32.584574366870164	300	22	112	6	116	60	112	6	116	60	39	0	0.03124833106994629	15050	13.67094111442566	64	99.57475083056478	
32.58457436687016	112.0	6.0	116.0	60.0	32.584574366870164	301	22	112	6	116	60	112	6	116	60	39	0	0.03124547004699707	15100	13.702186584472656	64	99.57615894039735	
32.58457436687016	112.0	6.0	116.0	60.0	32.584574366870164	302	22	112	6	116	60	112	6	116	60	39	0	0.04687619209289551	15150	13.749062776565552	64	99.57755775577557	
32.58457436687016	112.0	6.0	116.0	60.0	32.584574366870164	303	22	112	6	116	60	112	6	116	60	39	0	0.06249189376831055	15200	13.811554670333862	64	99.57894736842105	
32.58457436687016	112.0	6.0	116.0	60.0	32.584574366870164	304	22	112	6	116	60	112	6	116	60	39	0	0.04687309265136719	15250	13.85842776298523	64	99.58032786885246	
32.58457436687016	112.0	6.0	116.0	60.0	32.584574366870164	305	22	112	6	116	60	112	6	116	60	39	0	0.046871185302734375	15300	13.905298948287964	64	99.58169934640523	
32.58457436687016	112.0	6.0	116.0	60.0	32.584574366870164	306	22	112	6	116	60	112	6	116	60	39	0	0.046872854232788086	15350	13.952171802520752	64	99.58306188925081	
32.58457436687016	112.0	6.0	116.0	60.0	32.584574366870164	307	22	112	6	116	60	112	6	116	60	39	0	0.06249523162841797	15400	14.01466703414917	64	99.58441558441558	
32.58457436687016	112.0	6.0	116.0	60.0	32.584574366870164	308	22	112	6	116	60	112	6	116	60	39	0	0.046874046325683594	15450	14.061541080474854	64	99.58576051779936	
32.58457436687016	112.0	6.0	116.0	60.0	32.584574366870164	309	22	112	6	116	60	112	6	116	60	39	0	0.046869754791259766	15500	14.108410835266113	64	99.58709677419355	
32.58457436687016	112.0	6.0	116.0	60.0	32.584574366870164	310	22	112	6	116	60	112	6	116	60	39	0	0.04687190055847168	15550	14.155282735824585	64	99.58842443729904	
32.58457436687016	112.0	6.0	116.0	60.0	32.584574366870164	311	22	112	6	116	60	112	6	116	60	39	0	0.031247615814208984	15600	14.186530351638794	64	99.58974358974359	
32.58457436687016	112.0	6.0	116.0	60.0	32.584574366870164	312	22	112	6	116	60	112	6	116	60	39	0	0.031246185302734375	15650	14.217776536941528	64	99.59105431309904	
32.58457436687016	112.0	6.0	116.0	60.0	32.584574366870164	313	22	112	6	116	60	112	6	116	60	39	0	0.04687237739562988	15700	14.264648914337158	64	99.59235668789809	
32.58457436687016	112.0	6.0	116.0	60.0	32.584574366870164	314	22	112	6	116	60	112	6	116	60	39	0	0.031249046325683594	15750	14.295897960662842	64	99.5936507936508	
32.58457436687016	112.0	6.0	116.0	60.0	32.584574366870164	315	22	112	6	116	60	112	6	116	60	39	0	0.04687047004699707	15800	14.342768430709839	64	99.59493670886076	
32.58457436687016	112.0	6.0	116.0	60.0	32.584574366870164	316	22	112	6	116	60	112	6	116	60	39	0	0.046872854232788086	15850	14.389641284942627	64	99.59621451104101	
32.58457436687016	112.0	6.0	116.0	60.0	32.584574366870164	317	22	112	6	116	60	112	6	116	60	39	0	0.031247615814208984	15900	14.420888900756836	64	99.59748427672956	
32.58457436687016	112.0	6.0	116.0	60.0	32.584574366870164	318	22	112	6	116	60	112	6	116	60	39	0	0.04687237739562988	15950	14.467761278152466	64	99.5987460815047	
32.58457436687016	112.0	6.0	116.0	60.0	32.584574366870164	319	22	112	6	116	60	112	6	116	60	39	0	0.046871185302734375	16000	14.5146324634552	64	99.6	
32.58457436687016	112.0	6.0	116.0	60.0	32.584574366870164	320	22	112	6	116	60	112	6	116	60	39	0	0.04687237739562988	16050	14.56150484085083	64	99.601246105919	
32.58457436687016	112.0	6.0	116.0	60.0	32.584574366870164	321	22	112	6	116	60	112	6	116	60	39	0	0.031247615814208984	16100	14.592752456665039	64	99.6024844720497	
32.58457436687016	112.0	6.0	116.0	60.0	32.584574366870164	322	22	112	6	116	60	112	6	116	60	39	0	0.03124690055847168	16150	14.62399935722351	64	99.60371517027863	
32.58457436687016	112.0	6.0	116.0	60.0	32.584574366870164	323	22	112	6	116	60	112	6	116	60	39	0	0.03124690055847168	16200	14.655246257781982	64	99.60493827160494	
32.58457436687016	112.0	6.0	116.0	60.0	32.584574366870164	324	22	112	6	116	60	112	6	116	60	39	0	0.046872615814208984	16250	14.702118873596191	64	99.60615384615384	
32.58457436687016	112.0	6.0	116.0	60.0	32.584574366870164	325	22	112	6	116	60	112	6	116	60	39	0	0.046872615814208984	16300	14.7489914894104	64	99.60736196319019	
32.58457436687016	112.0	6.0	116.0	60.0	32.584574366870164	326	22	112	6	116	60	112	6	116	60	39	0	0.031249046325683594	16350	14.780240535736084	64	99.6085626911315	
32.58457436687016	112.0	6.0	116.0	60.0	32.584574366870164	327	22	112	6	116	60	112	6	116	60	39	0	0.04687237739562988	16400	14.827112913131714	64	99.60975609756098	
32.58457436687016	112.0	6.0	116.0	60.0	32.584574366870164	328	22	112	6	116	60	112	6	116	60	39	0	0.046871185302734375	16450	14.873984098434448	64	99.61094224924013	
32.58457436687016	112.0	6.0	116.0	60.0	32.584574366870164	329	22	112	6	116	60	112	6	116	60	39	0	0.04687023162841797	16500	14.920854330062866	64	99.61212121212121	
32.58457436687016	112.0	6.0	116.0	60.0	32.584574366870164	330	22	112	6	116	60	112	6	116	60	39	0	0.046871185302734375	16550	14.9677255153656	64	99.61329305135952	
32.58457436687016	112.0	6.0	116.0	60.0	32.584574366870164	331	22	112	6	116	60	112	6	116	60	39	0	0.031249046325683594	16600	14.998974561691284	64	99.6144578313253	
32.58457436687016	112.0	6.0	116.0	60.0	32.584574366870164	332	22	112	6	116	60	112	6	116	60	39	0	0.046871185302734375	16650	15.045845746994019	64	99.61561561561561	
32.58457436687016	112.0	6.0	116.0	60.0	32.584574366870164	333	22	112	6	116	60	112	6	116	60	39	0	0.04687094688415527	16700	15.092716693878174	64	99.61676646706587	
32.58457436687016	112.0	6.0	116.0	60.0	32.584574366870164	334	22	112	6	116	60	112	6	116	60	39	0	0.04687190055847168	16750	15.139588594436646	64	99.61791044776119	
32.58457436687016	112.0	6.0	116.0	60.0	32.584574366870164	335	22	112	6	116	60	112	6	116	60	39	0	0.031247615814208984	16800	15.170836210250854	64	99.61904761904762	
32.58457436687016	112.0	6.0	116.0	60.0	32.584574366870164	336	22	112	6	116	60	112	6	116	60	39	0	0.062497615814208984	16850	15.233333826065063	64	99.62017804154303	
32.58457436687016	112.0	6.0	116.0	60.0	32.584574366870164	337	22	112	6	116	60	112	6	116	60	39	0	0.015622615814208984	16900	15.248956441879272	64	99.62130177514793	
32.58457436687016	112.0	6.0	116.0	60.0	32.584574366870164	338	22	112	6	116	60	112	6	116	60	39	0	0.04687333106994629	16950	15.295829772949219	64	99.62241887905604	
32.58457436687016	112.0	6.0	116.0	60.0	32.584574366870164	339	22	112	6	116	60	112	6	116	60	39	0	0.03124833106994629	17000	15.327078104019165	64	99.62352941176471	
32.58457436687016	112.0	6.0	116.0	60.0	32.584574366870164	340	22	112	6	116	60	112	6	116	60	39	0	0.031247377395629883	17050	15.358325481414795	64	99.62463343108504	
32.58457436687016	112.0	6.0	116.0	60.0	32.584574366870164	341	22	112	6	116	60	112	6	116	60	39	0	0.031246423721313477	17100	15.389571905136108	64	99.62573099415205	
32.58457436687016	112.0	6.0	116.0	60.0	32.584574366870164	342	22	112	6	116	60	112	6	116	60	39	0	0.031249046325683594	17150	15.420820951461792	64	99.6268221574344	
32.58457436687016	112.0	6.0	116.0	60.0	32.584574366870164	343	22	112	6	116	60	112	6	116	60	39	0	0.046869754791259766	17200	15.467690706253052	64	99.62790697674419	
32.58457436687016	112.0	6.0	116.0	60.0	32.584574366870164	344	22	112	6	116	60	112	6	116	60	39	0	0.06249737739562988	17250	15.530188083648682	64	99.62898550724638	
32.58457436687016	112.0	6.0	116.0	60.0	32.584574366870164	345	22	112	6	116	60	112	6	116	60	39	0	0.03124713897705078	17300	15.561435222625732	64	99.6300578034682	
32.58457436687016	112.0	6.0	116.0	60.0	32.584574366870164	346	22	112	6	116	60	112	6	116	60	39	0	0.046871185302734375	17350	15.608306407928467	64	99.63112391930835	
32.58457436687016	112.0	6.0	116.0	60.0	32.584574366870164	347	22	112	6	116	60	112	6	116	60	39	0	0.046872854232788086	17400	15.655179262161255	64	99.63218390804597	
32.58457436687016	112.0	6.0	116.0	60.0	32.584574366870164	348	22	112	6	116	60	112	6	116	60	39	0	0.04687070846557617	17450	15.702049970626831	64	99.63323782234957	
32.58457436687016	112.0	6.0	116.0	60.0	32.584574366870164	349	22	112	6	116	60	112	6	116	60	39	0	0.03124833106994629	17500	15.733298301696777	64	99.63428571428571	
32.58457436687016	112.0	6.0	116.0	60.0	32.584574366870164	350	22	112	6	116	60	112	6	116	60	39	0	0.04687213897705078	17550	15.780170440673828	64	99.63532763532764	
32.58457436687016	112.0	6.0	116.0	60.0	32.584574366870164	351	22	112	6	116	60	112	6	116	60	39	0	0.04687380790710449	17600	15.827044248580933	64	99.63636363636364	
32.58457436687016	112.0	6.0	116.0	60.0	32.584574366870164	352	22	112	6	116	60	112	6	116	60	39	0	0.031246662139892578	17650	15.858290910720825	64	99.63739376770538	
32.58457436687016	112.0	6.0	116.0	60.0	32.584574366870164	353	22	112	6	116	60	112	6	116	60	39	0	0.046871185302734375	17700	15.90516209602356	64	99.63841807909604	
32.58457436687016	112.0	6.0	116.0	60.0	32.584574366870164	354	22	112	6	116	60	112	6	116	60	39	0	0.04687070846557617	17750	15.952032804489136	64	99.63943661971831	
32.58457436687016	112.0	6.0	116.0	60.0	32.584574366870164	355	22	112	6	116	60	112	6	116	60	39	0	0.04687309265136719	17800	15.998905897140503	64	99.64044943820225	
32.58457436687016	112.0	6.0	116.0	60.0	32.584574366870164	356	22	112	6	116	60	112	6	116	60	39	0	0.04687213897705078	17850	16.045778036117554	64	99.64145658263305	
32.58457436687016	112.0	6.0	116.0	60.0	32.584574366870164	357	22	112	6	116	60	112	6	116	60	39	0	0.03124856948852539	17900	16.07702660560608	64	99.64245810055866	
32.58457436687016	112.0	6.0	116.0	60.0	32.584574366870164	358	22	112	6	116	60	112	6	116	60	39	0	0.031247377395629883	17950	16.10827398300171	64	99.64345403899722	
32.58457436687016	112.0	6.0	116.0	60.0	32.584574366870164	359	22	112	6	116	60	112	6	116	60	39	0	0.03124690055847168	18000	16.13952088356018	64	99.64444444444445	
32.58457436687016	112.0	6.0	116.0	60.0	32.584574366870164	360	22	112	6	116	60	112	6	116	60	39	0	0.03124833106994629	18050	16.170769214630127	64	99.64542936288089	
32.58457436687016	112.0	6.0	116.0	60.0	32.584574366870164	361	22	112	6	116	60	112	6	116	60	39	0	0.04687237739562988	18100	16.217641592025757	64	99.646408839779	
32.58457436687016	112.0	6.0	116.0	60.0	32.584574366870164	362	22	112	6	116	60	112	6	116	60	39	0	0.04687023162841797	18150	16.264511823654175	64	99.64738292011019	
32.58457436687016	112.0	6.0	116.0	60.0	32.584574366870164	363	22	112	6	116	60	112	6	116	60	39	0	0.031249284744262695	18200	16.295761108398438	64	99.64835164835165	
32.58457436687016	112.0	6.0	116.0	60.0	32.584574366870164	364	22	112	6	116	60	112	6	116	60	39	0	0.04687142372131348	18250	16.34263253211975	64	99.64931506849315	
32.58457436687016	112.0	6.0	116.0	60.0	32.584574366870164	365	22	112	6	116	60	112	6	116	60	39	0	0.031247854232788086	18300	16.37388038635254	64	99.65027322404372	
32.58457436687016	112.0	6.0	116.0	60.0	32.584574366870164	366	22	112	6	116	60	112	6	116	60	39	0	0.031247615814208984	18350	16.405128002166748	64	99.65122615803814	
32.58457436687016	112.0	6.0	116.0	60.0	32.584574366870164	367	22	112	6	116	60	112	6	116	60	39	0	0.03124713897705078	18400	16.4363751411438	64	99.65217391304348	
32.58457436687016	112.0	6.0	116.0	60.0	32.584574366870164	368	22	112	6	116	60	112	6	116	60	39	0	0.031248092651367188	18450	16.467623233795166	64	99.65311653116531	
32.58457436687016	112.0	6.0	116.0	60.0	32.584574366870164	369	22	112	6	116	60	112	6	116	60	39	0	0.03124856948852539	18500	16.49887180328369	64	99.65405405405406	
32.58457436687016	112.0	6.0	116.0	60.0	32.584574366870164	370	22	112	6	116	60	112	6	116	60	39	0	0.031248092651367188	18550	16.53011989593506	64	99.65498652291105	
32.58457436687016	112.0	6.0	116.0	60.0	32.584574366870164	371	22	112	6	116	60	112	6	116	60	39	0	0.04687166213989258	18600	16.57699155807495	64	99.65591397849462	
32.58457436687016	112.0	6.0	116.0	60.0	32.584574366870164	372	22	112	6	116	60	112	6	116	60	39	0	0.031247377395629883	18650	16.60823893547058	64	99.656836461126	
32.58457436687016	112.0	6.0	116.0	60.0	32.584574366870164	373	22	112	6	116	60	112	6	116	60	39	0	0.046871185302734375	18700	16.655110120773315	64	99.65775401069519	
32.58457436687016	112.0	6.0	116.0	60.0	32.584574366870164	374	22	112	6	116	60	112	6	116	60	39	0	0.04687070846557617	18750	16.70198082923889	64	99.65866666666666	
32.58457436687016	112.0	6.0	116.0	60.0	32.584574366870164	375	22	112	6	116	60	112	6	116	60	39	0	0.031249046325683594	18800	16.733229875564575	64	99.65957446808511	
32.58457436687016	112.0	6.0	116.0	60.0	32.584574366870164	376	22	112	6	116	60	112	6	116	60	39	0	0.03124833106994629	18850	16.76447820663452	64	99.6604774535809	
32.58457436687016	112.0	6.0	116.0	60.0	32.584574366870164	377	22	112	6	116	60	112	6	116	60	39	0	0.03124713897705078	18900	16.795725345611572	64	99.66137566137566	
32.58457436687016	112.0	6.0	116.0	60.0	32.584574366870164	378	22	112	6	116	60	112	6	116	60	39	0	0.015624523162841797	18950	16.811349868774414	64	99.6622691292876	
32.58457436687016	112.0	6.0	116.0	60.0	32.584574366870164	379	22	112	6	116	60	112	6	116	60	39	0	0.04687047004699707	19000	16.85822033882141	64	99.66315789473684	
32.58457436687016	112.0	6.0	116.0	60.0	32.584574366870164	380	22	112	6	116	60	112	6	116	60	39	0	0.03124833106994629	19050	16.889468669891357	64	99.66404199475066	
32.58457436687016	112.0	6.0	116.0	60.0	32.584574366870164	381	22	112	6	116	60	112	6	116	60	39	0	0.04687166213989258	19100	16.93634033203125	64	99.66492146596859	
32.58457436687016	112.0	6.0	116.0	60.0	32.584574366870164	382	22	112	6	116	60	112	6	116	60	39	0	0.031247615814208984	19150	16.96758794784546	64	99.66579634464752	
32.58457436687016	112.0	6.0	116.0	60.0	32.584574366870164	383	22	112	6	116	60	112	6	116	60	39	0	0.04687213897705078	19200	17.01446008682251	64	99.66666666666667	
32.58457436687016	112.0	6.0	116.0	60.0	32.584574366870164	384	22	112	6	116	60	112	6	116	60	39	0	0.0312502384185791	19250	17.04571032524109	64	99.66753246753247	
32.58457436687016	112.0	6.0	116.0	60.0	32.584574366870164	385	22	112	6	116	60	112	6	116	60	39	0	0.04686927795410156	19300	17.09257960319519	64	99.66839378238342	
32.58457436687016	112.0	6.0	116.0	60.0	32.584574366870164	386	22	112	6	116	60	112	6	116	60	39	0	0.031247377395629883	19350	17.12382698059082	64	99.66925064599484	
32.58457436687016	112.0	6.0	116.0	60.0	32.584574366870164	387	22	112	6	116	60	112	6	116	60	39	0	0.04687166213989258	19400	17.170698642730713	64	99.6701030927835	
32.58457436687016	112.0	6.0	116.0	60.0	32.584574366870164	388	22	112	6	116	60	112	6	116	60	39	0	0.04687309265136719	19450	17.21757173538208	64	99.67095115681234	
32.58457436687016	112.0	6.0	116.0	60.0	32.584574366870164	389	22	112	6	116	60	112	6	116	60	39	0	0.04687094688415527	19500	17.264442682266235	64	99.67179487179487	
32.58457436687016	112.0	6.0	116.0	60.0	32.584574366870164	390	22	112	6	116	60	112	6	116	60	39	0	0.031247615814208984	19550	17.295690298080444	64	99.67263427109974	
32.58457436687016	112.0	6.0	116.0	60.0	32.584574366870164	391	22	112	6	116	60	112	6	116	60	39	0	0.04687166213989258	19600	17.342561960220337	64	99.6734693877551	
32.58457436687016	112.0	6.0	116.0	60.0	32.584574366870164	392	22	112	6	116	60	112	6	116	60	39	0	0.03124856948852539	19650	17.373810529708862	64	99.67430025445293	
32.58457436687016	112.0	6.0	116.0	60.0	32.584574366870164	393	22	112	6	116	60	112	6	116	60	39	0	0.0156252384185791	19700	17.38943576812744	64	99.6751269035533	
32.58457436687016	112.0	6.0	116.0	60.0	32.584574366870164	394	22	112	6	116	60	112	6	116	60	39	0	0.031245946884155273	19750	17.420681715011597	64	99.6759493670886	
32.58457436687016	112.0	6.0	116.0	60.0	32.584574366870164	395	22	112	6	116	60	112	6	116	60	39	0	0.031248092651367188	19800	17.451929807662964	64	99.67676767676768	
32.58457436687016	112.0	6.0	116.0	60.0	32.584574366870164	396	22	112	6	116	60	112	6	116	60	39	0	0.04687166213989258	19850	17.498801469802856	64	99.67758186397985	
32.58457436687016	112.0	6.0	116.0	60.0	32.584574366870164	397	22	112	6	116	60	112	6	116	60	39	0	0.046872615814208984	19900	17.545674085617065	64	99.678391959799	
32.58457436687016	112.0	6.0	116.0	60.0	32.584574366870164	398	22	112	6	116	60	112	6	116	60	39	0	0.04687094688415527	19950	17.59254503250122	64	99.67919799498746	
32.58457436687016	112.0	6.0	116.0	60.0	32.584574366870164	399	22	112	6	116	60	112	6	116	60	39	0	0.0156252384185791	20000	17.6081702709198	64	99.68	
32.58457436687016	112.0	6.0	116.0	60.0	32.584574366870164	400	22	112	6	116	60	112	6	116	60	39	0	0.046871185302734375	20050	17.655041456222534	64	99.68079800498754	
32.58457436687016	112.0	6.0	116.0	60.0	32.584574366870164	401	22	112	6	116	60	112	6	116	60	39	0	0.046871185302734375	20100	17.70191264152527	64	99.68159203980099	
32.58457436687016	112.0	6.0	116.0	60.0	32.584574366870164	402	22	112	6	116	60	112	6	116	60	39	0	0.046871185302734375	20150	17.748783826828003	64	99.68238213399503	
32.58457436687016	112.0	6.0	116.0	60.0	32.584574366870164	403	22	112	6	116	60	112	6	116	60	39	0	0.04687237739562988	20200	17.795656204223633	64	99.68316831683168	
32.58457436687016	112.0	6.0	116.0	60.0	32.584574366870164	404	22	112	6	116	60	112	6	116	60	39	0	0.04687213897705078	20250	17.842528343200684	64	99.68395061728395	
32.58457436687016	112.0	6.0	116.0	60.0	32.584574366870164	405	22	112	6	116	60	112	6	116	60	39	0	0.031247377395629883	20300	17.873775720596313	64	99.6847290640394	
32.58457436687016	112.0	6.0	116.0	60.0	32.584574366870164	406	22	112	6	116	60	112	6	116	60	39	0	0.046872854232788086	20350	17.9206485748291	64	99.68550368550369	
32.58457436687016	112.0	6.0	116.0	60.0	32.584574366870164	407	22	112	6	116	60	112	6	116	60	39	0	0.04687166213989258	20400	17.967520236968994	64	99.68627450980392	
32.58457436687016	112.0	6.0	116.0	60.0	32.584574366870164	408	22	112	6	116	60	112	6	116	60	39	0	0.031247377395629883	20450	17.998767614364624	64	99.68704156479218	
32.58457436687016	112.0	6.0	116.0	60.0	32.584574366870164	409	22	112	6	116	60	112	6	116	60	39	0	0.031247615814208984	20500	18.030015230178833	64	99.68780487804878	
32.58457436687016	112.0	6.0	116.0	60.0	32.584574366870164	410	22	112	6	116	60	112	6	116	60	39	0	0.04687190055847168	20550	18.076887130737305	64	99.68856447688565	
32.58457436687016	112.0	6.0	116.0	60.0	32.584574366870164	411	22	112	6	116	60	112	6	116	60	39	0	0.04687166213989258	20600	18.123758792877197	64	99.68932038834951	
32.58457436687016	112.0	6.0	116.0	60.0	32.584574366870164	412	22	112	6	116	60	112	6	116	60	39	0	0.031247615814208984	20650	18.155006408691406	64	99.69007263922518	
32.58457436687016	112.0	6.0	116.0	60.0	32.584574366870164	413	22	112	6	116	60	112	6	116	60	39	0	0.031247854232788086	20700	18.186254262924194	64	99.69082125603865	
32.58457436687016	112.0	6.0	116.0	60.0	32.584574366870164	414	22	112	6	116	60	112	6	116	60	39	0	0.04687213897705078	20750	18.233126401901245	64	99.69156626506025	
32.58457436687016	112.0	6.0	116.0	60.0	32.584574366870164	415	22	112	6	116	60	112	6	116	60	39	0	0.031247854232788086	20800	18.264374256134033	64	99.6923076923077	
32.58457436687016	112.0	6.0	116.0	60.0	32.584574366870164	416	22	112	6	116	60	112	6	116	60	39	0	0.031247377395629883	20850	18.295621633529663	64	99.69304556354916	
32.58457436687016	112.0	6.0	116.0	60.0	32.584574366870164	417	22	112	6	116	60	112	6	116	60	39	0	0.03124833106994629	20900	18.32686996459961	64	99.69377990430623	
32.58457436687016	112.0	6.0	116.0	60.0	32.584574366870164	418	22	112	6	116	60	112	6	116	60	39	0	0.04687190055847168	20950	18.37374186515808	64	99.6945107398568	
32.58457436687016	112.0	6.0	116.0	60.0	32.584574366870164	419	22	112	6	116	60	112	6	116	60	39	0	0.04687166213989258	21000	18.420613527297974	64	99.6952380952381	
32.58457436687016	112.0	6.0	116.0	60.0	32.584574366870164	420	22	112	6	116	60	112	6	116	60	39	0	0.031247615814208984	21050	18.451861143112183	64	99.6959619952494	
32.58457436687016	112.0	6.0	116.0	60.0	32.584574366870164	421	22	112	6	116	60	112	6	116	60	39	0	0.046872615814208984	21100	18.49873375892639	64	99.69668246445498	
32.58457436687016	112.0	6.0	116.0	60.0	32.584574366870164	422	22	112	6	116	60	112	6	116	60	39	0	0.031247615814208984	21150	18.5299813747406	64	99.69739952718676	
32.58457436687016	112.0	6.0	116.0	60.0	32.584574366870164	423	22	112	6	116	60	112	6	116	60	39	0	0.04687166213989258	21200	18.576853036880493	64	99.69811320754717	
32.58457436687016	112.0	6.0	116.0	60.0	32.584574366870164	424	22	112	6	116	60	112	6	116	60	39	0	0.031247377395629883	21250	18.608100414276123	64	99.69882352941177	
32.58457436687016	112.0	6.0	116.0	60.0	32.584574366870164	425	22	112	6	116	60	112	6	116	60	39	0	0.04687309265136719	21300	18.65497350692749	64	99.69953051643192	
32.58457436687016	112.0	6.0	116.0	60.0	32.584574366870164	426	22	112	6	116	60	112	6	116	60	39	0	0.04687094688415527	21350	18.701844453811646	64	99.70023419203747	
32.58457436687016	112.0	6.0	116.0	60.0	32.584574366870164	427	22	112	6	116	60	112	6	116	60	39	0	0.031247854232788086	21400	18.733092308044434	64	99.70093457943925	
32.58457436687016	112.0	6.0	116.0	60.0	32.584574366870164	428	22	112	6	116	60	112	6	116	60	39	0	0.03124833106994629	21450	18.76434063911438	64	99.7016317016317	
32.58457436687016	112.0	6.0	116.0	60.0	32.584574366870164	429	22	112	6	116	60	112	6	116	60	39	0	0.03124713897705078	21500	18.79558777809143	64	99.70232558139534	
32.58457436687016	112.0	6.0	116.0	60.0	32.584574366870164	430	22	112	6	116	60	112	6	116	60	39	0	0.031249284744262695	21550	18.826837062835693	64	99.70301624129931	
32.58457436687016	112.0	6.0	116.0	60.0	32.584574366870164	431	22	112	6	116	60	112	6	116	60	39	0	0.04687070846557617	21600	18.87370777130127	64	99.70370370370371	
32.58457436687016	112.0	6.0	116.0	60.0	32.584574366870164	432	22	112	6	116	60	112	6	116	60	39	0	0.031247377395629883	21650	18.9049551486969	64	99.70438799076213	
32.58457436687016	112.0	6.0	116.0	60.0	32.584574366870164	433	22	112	6	116	60	112	6	116	60	39	0	0.04687237739562988	21700	18.95182752609253	64	99.70506912442396	
32.58457436687016	112.0	6.0	116.0	60.0	32.584574366870164	434	22	112	6	116	60	112	6	116	60	39	0	0.046871185302734375	21750	18.998698711395264	64	99.70574712643678	
32.58457436687016	112.0	6.0	116.0	60.0	32.584574366870164	435	22	112	6	116	60	112	6	116	60	39	0	0.04687333106994629	21800	19.04557204246521	64	99.70642201834862	
32.58457436687016	112.0	6.0	116.0	60.0	32.584574366870164	436	22	112	6	116	60	112	6	116	60	39	0	0.04687070846557617	21850	19.092442750930786	64	99.7070938215103	
32.58457436687016	112.0	6.0	116.0	60.0	32.584574366870164	437	22	112	6	116	60	112	6	116	60	39	0	0.03124713897705078	21900	19.123689889907837	64	99.70776255707763	
32.58457436687016	112.0	6.0	116.0	60.0	32.584574366870164	438	22	112	6	116	60	112	6	116	60	39	0	0.04687190055847168	21950	19.17056179046631	64	99.70842824601367	
32.58457436687016	112.0	6.0	116.0	60.0	32.584574366870164	439	22	112	6	116	60	112	6	116	60	39	0	0.04687237739562988	22000	19.21743416786194	64	99.7090909090909	
32.58457436687016	112.0	6.0	116.0	60.0	32.584574366870164	440	22	112	6	116	60	112	6	116	60	39	0	0.031248092651367188	22050	19.248682260513306	64	99.70975056689342	
32.58457436687016	112.0	6.0	116.0	60.0	32.584574366870164	441	22	112	6	116	60	112	6	116	60	39	0	0.046871185302734375	22100	19.29555344581604	64	99.710407239819	
32.58457436687016	112.0	6.0	116.0	60.0	32.584574366870164	442	22	112	6	116	60	112	6	116	60	39	0	0.031248807907104492	22150	19.326802253723145	64	99.71106094808127	
32.58457436687016	112.0	6.0	116.0	60.0	32.584574366870164	443	22	112	6	116	60	112	6	116	60	39	0	0.04687094688415527	22200	19.3736732006073	64	99.71171171171171	
32.58457436687016	112.0	6.0	116.0	60.0	32.584574366870164	444	22	112	6	116	60	112	6	116	60	39	0	0.03124833106994629	22250	19.404921531677246	64	99.7123595505618	
32.58457436687016	112.0	6.0	116.0	60.0	32.584574366870164	445	22	112	6	116	60	112	6	116	60	39	0	0.04687190055847168	22300	19.451793432235718	64	99.71300448430493	
32.58457436687016	112.0	6.0	116.0	60.0	32.584574366870164	446	22	112	6	116	60	112	6	116	60	39	0	0.046871185302734375	22350	19.498664617538452	64	99.71364653243847	
32.58457436687016	112.0	6.0	116.0	60.0	32.584574366870164	447	22	112	6	116	60	112	6	116	60	39	0	0.031247615814208984	22400	19.52991223335266	64	99.71428571428571	
32.58457436687016	112.0	6.0	116.0	60.0	32.584574366870164	448	22	112	6	116	60	112	6	116	60	39	0	0.04687237739562988	22450	19.57678461074829	64	99.71492204899778	
32.58457436687016	112.0	6.0	116.0	60.0	32.584574366870164	449	22	112	6	116	60	112	6	116	60	39	0	0.031247377395629883	22500	19.60803198814392	64	99.71555555555555	
32.58457436687016	112.0	6.0	116.0	60.0	32.584574366870164	450	22	112	6	116	60	112	6	116	60	39	0	0.031248092651367188	22550	19.639280080795288	64	99.71618625277162	
32.58457436687016	112.0	6.0	116.0	60.0	32.584574366870164	451	22	112	6	116	60	112	6	116	60	39	0	0.04687213897705078	22600	19.68615221977234	64	99.71681415929204	
32.58457436687016	112.0	6.0	116.0	60.0	32.584574366870164	452	22	112	6	116	60	112	6	116	60	39	0	0.04687190055847168	22650	19.73302412033081	64	99.71743929359823	
32.58457436687016	112.0	6.0	116.0	60.0	32.584574366870164	453	22	112	6	116	60	112	6	116	60	39	0	0.031247615814208984	22700	19.76427173614502	64	99.71806167400881	
32.58457436687016	112.0	6.0	116.0	60.0	32.584574366870164	454	22	112	6	116	60	112	6	116	60	39	0	0.04687166213989258	22750	19.811143398284912	64	99.71868131868132	
32.58457436687016	112.0	6.0	116.0	60.0	32.584574366870164	455	22	112	6	116	60	112	6	116	60	39	0	0.04687237739562988	22800	19.858015775680542	64	99.71929824561404	
32.58457436687016	112.0	6.0	116.0	60.0	32.584574366870164	456	22	112	6	116	60	112	6	116	60	39	0	0.031247377395629883	22850	19.889263153076172	64	99.7199124726477	
32.58457436687016	112.0	6.0	116.0	60.0	32.584574366870164	457	22	112	6	116	60	112	6	116	60	39	0	0.031247854232788086	22900	19.92051100730896	64	99.72052401746726	
32.58457436687016	112.0	6.0	116.0	60.0	32.584574366870164	458	22	112	6	116	60	112	6	116	60	39	0	0.031248092651367188	22950	19.951759099960327	64	99.72113289760348	
32.58457436687016	112.0	6.0	116.0	60.0	32.584574366870164	459	22	112	6	116	60	112	6	116	60	39	0	0.04687166213989258	23000	19.99863076210022	64	99.72173913043478	
32.58457436687016	112.0	6.0	116.0	60.0	32.584574366870164	460	22	112	6	116	60	112	6	116	60	39	0	0.031248092651367188	23050	20.029878854751587	64	99.72234273318873	
32.58457436687016	112.0	6.0	116.0	60.0	32.584574366870164	461	22	112	6	116	60	112	6	116	60	39	0	0.04687190055847168	23100	20.07675075531006	64	99.72294372294373	
32.58457436687016	112.0	6.0	116.0	60.0	32.584574366870164	462	22	112	6	116	60	112	6	116	60	39	0	0.031247377395629883	23150	20.10799813270569	64	99.72354211663067	
32.58457436687016	112.0	6.0	116.0	60.0	32.584574366870164	463	22	112	6	116	60	112	6	116	60	39	0	0.04687190055847168	23200	20.15487003326416	64	99.72413793103448	
32.58457436687016	112.0	6.0	116.0	60.0	32.584574366870164	464	22	112	6	116	60	112	6	116	60	39	0	0.031247615814208984	23250	20.18611764907837	64	99.7247311827957	
32.58457436687016	112.0	6.0	116.0	60.0	32.584574366870164	465	22	112	6	116	60	112	6	116	60	39	0	0.031248807907104492	23300	20.217366456985474	64	99.72532188841201	
32.58457436687016	112.0	6.0	116.0	60.0	32.584574366870164	466	22	112	6	116	60	112	6	116	60	39	0	0.03124690055847168	23350	20.248613357543945	64	99.72591006423983	
32.58457436687016	112.0	6.0	116.0	60.0	32.584574366870164	467	22	112	6	116	60	112	6	116	60	39	0	0.031247854232788086	23400	20.279861211776733	64	99.72649572649573	
32.58457436687016	112.0	6.0	116.0	60.0	32.584574366870164	468	22	112	6	116	60	112	6	116	60	39	0	0.031248092651367188	23450	20.3111093044281	64	99.72707889125799	
32.58457436687016	112.0	6.0	116.0	60.0	32.584574366870164	469	22	112	6	116	60	112	6	116	60	39	0	0.04687142372131348	23500	20.357980728149414	64	99.72765957446809	
32.58457436687016	112.0	6.0	116.0	60.0	32.584574366870164	470	22	112	6	116	60	112	6	116	60	39	0	0.06249642372131348	23550	20.420477151870728	64	99.72823779193206	
32.58457436687016	112.0	6.0	116.0	60.0	32.584574366870164	471	22	112	6	116	60	112	6	116	60	39	0	0.015624761581420898	23600	20.43610191345215	64	99.72881355932203	
32.58457436687016	112.0	6.0	116.0	60.0	32.584574366870164	472	22	112	6	116	60	112	6	116	60	39	0	0.04687094688415527	23650	20.482972860336304	64	99.72938689217759	
32.58457436687016	112.0	6.0	116.0	60.0	32.584574366870164	473	22	112	6	116	60	112	6	116	60	39	0	0.031247377395629883	23700	20.514220237731934	64	99.72995780590718	
32.58457436687016	112.0	6.0	116.0	60.0	32.584574366870164	474	22	112	6	116	60	112	6	116	60	39	0	0.031248092651367188	23750	20.5454683303833	64	99.73052631578948	
32.58457436687016	112.0	6.0	116.0	60.0	32.584574366870164	475	22	112	6	116	60	112	6	116	60	39	0	0.04687166213989258	23800	20.592339992523193	64	99.73109243697479	
32.58457436687016	112.0	6.0	116.0	60.0	32.584574366870164	476	22	112	6	116	60	112	6	116	60	39	0	0.04687142372131348	23850	20.639211416244507	64	99.73165618448637	
32.58457436687016	112.0	6.0	116.0	60.0	32.584574366870164	477	22	112	6	116	60	112	6	116	60	39	0	0.03124856948852539	23900	20.670459985733032	64	99.73221757322176	
32.58457436687016	112.0	6.0	116.0	60.0	32.584574366870164	478	22	112	6	116	60	112	6	116	60	39	0	0.046871185302734375	23950	20.717331171035767	64	99.73277661795407	
32.58457436687016	112.0	6.0	116.0	60.0	32.584574366870164	479	22	112	6	116	60	112	6	116	60	39	0	0.04687213897705078	24000	20.764203310012817	64	99.73333333333333	
32.58457436687016	112.0	6.0	116.0	60.0	32.584574366870164	480	22	112	6	116	60	112	6	116	60	39	0	0.031248092651367188	24050	20.795451402664185	64	99.73388773388774	
32.58457436687016	112.0	6.0	116.0	60.0	32.584574366870164	481	22	112	6	116	60	112	6	116	60	39	0	0.046871185302734375	24100	20.84232258796692	64	99.7344398340249	
32.58457436687016	112.0	6.0	116.0	60.0	32.584574366870164	482	22	112	6	116	60	112	6	116	60	39	0	0.031248092651367188	24150	20.873570680618286	64	99.73498964803312	
32.58457436687016	112.0	6.0	116.0	60.0	32.584574366870164	483	22	112	6	116	60	112	6	116	60	39	0	0.04687142372131348	24200	20.9204421043396	64	99.73553719008264	
32.58457436687016	112.0	6.0	116.0	60.0	32.584574366870164	484	22	112	6	116	60	112	6	116	60	39	0	0.04687213897705078	24250	20.96731424331665	64	99.7360824742268	
32.58457436687016	112.0	6.0	116.0	60.0	32.584574366870164	485	22	112	6	116	60	112	6	116	60	39	0	0.031247854232788086	24300	20.99856209754944	64	99.73662551440329	
32.58457436687016	112.0	6.0	116.0	60.0	32.584574366870164	486	22	112	6	116	60	112	6	116	60	39	0	0.04687213897705078	24350	21.04543423652649	64	99.73716632443532	
32.58457436687016	112.0	6.0	116.0	60.0	32.584574366870164	487	22	112	6	116	60	112	6	116	60	39	0	0.031247615814208984	24400	21.0766818523407	64	99.73770491803279	
32.58457436687016	112.0	6.0	116.0	60.0	32.584574366870164	488	22	112	6	116	60	112	6	116	60	39	0	0.031249046325683594	24450	21.107930898666382	64	99.73824130879346	
32.58457436687016	112.0	6.0	116.0	60.0	32.584574366870164	489	22	112	6	116	60	112	6	116	60	39	0	0.03124690055847168	24500	21.139177799224854	64	99.73877551020408	
32.58457436687016	112.0	6.0	116.0	60.0	32.584574366870164	490	22	112	6	116	60	112	6	116	60	39	0	0.031247615814208984	24550	21.170425415039062	64	99.73930753564154	
32.58457436687016	112.0	6.0	116.0	60.0	32.584574366870164	491	22	112	6	116	60	112	6	116	60	39	0	0.04687142372131348	24600	21.217296838760376	64	99.73983739837398	
32.58457436687016	112.0	6.0	116.0	60.0	32.584574366870164	492	22	112	6	116	60	112	6	116	60	39	0	0.03124833106994629	24650	21.248545169830322	64	99.74036511156187	
32.58457436687016	112.0	6.0	116.0	60.0	32.584574366870164	493	22	112	6	116	60	112	6	116	60	39	0	0.03124856948852539	24700	21.279793739318848	64	99.74089068825911	
32.58457436687016	112.0	6.0	116.0	60.0	32.584574366870164	494	22	112	6	116	60	112	6	116	60	39	0	0.04687190055847168	24750	21.32666563987732	64	99.74141414141414	
32.58457436687016	112.0	6.0	116.0	60.0	32.584574366870164	495	22	112	6	116	60	112	6	116	60	39	0	0.031247615814208984	24800	21.35791325569153	64	99.74193548387096	
32.58457436687016	112.0	6.0	116.0	60.0	32.584574366870164	496	22	112	6	116	60	112	6	116	60	39	0	0.04687213897705078	24850	21.40478539466858	64	99.74245472837022	
32.58457436687016	112.0	6.0	116.0	60.0	32.584574366870164	497	22	112	6	116	60	112	6	116	60	39	0	0.04687070846557617	24900	21.451656103134155	64	99.7429718875502	
32.58457436687016	112.0	6.0	116.0	60.0	32.584574366870164	498	22	112	6	116	60	112	6	116	60	39	0	0.031249284744262695	24950	21.482905387878418	64	99.7434869739479	
32.58457436687016	112.0	6.0	116.0	60.0	32.584574366870164	499	22	112	6	116	60	112	6	116	60	39	0	0.04687070846557617	25000	21.529776096343994	64	99.744	
32.58457436687016	112.0	6.0	116.0	60.0	32.584574366870164	500	22	112	6	116	60	112	6	116	60	39	0	0.04687190055847168	25050	21.576647996902466	64	99.7445109780439	
32.58457436687016	112.0	6.0	116.0	60.0	32.584574366870164	501	22	112	6	116	60	112	6	116	60	39	0	0.06249642372131348	25100	21.63914442062378	64	99.74501992031873	
32.58457436687016	112.0	6.0	116.0	60.0	32.584574366870164	502	22	112	6	116	60	112	6	116	60	39	0	0.04687166213989258	25150	21.686016082763672	64	99.7455268389662	
32.58457436687016	112.0	6.0	116.0	60.0	32.584574366870164	503	22	112	6	116	60	112	6	116	60	39	0	0.04687094688415527	25200	21.732887029647827	64	99.74603174603175	
32.58457436687016	112.0	6.0	116.0	60.0	32.584574366870164	504	22	112	6	116	60	112	6	116	60	39	0	0.031248807907104492	25250	21.76413583755493	64	99.74653465346535	
32.58457436687016	112.0	6.0	116.0	60.0	32.584574366870164	505	22	112	6	116	60	112	6	116	60	39	0	0.06249737739562988	25300	21.82663321495056	64	99.74703557312253	
32.58457436687016	112.0	6.0	116.0	60.0	32.584574366870164	506	22	112	6	116	60	112	6	116	60	39	0	0.03124713897705078	25350	21.857880353927612	64	99.74753451676528	
32.58457436687016	112.0	6.0	116.0	60.0	32.584574366870164	507	22	112	6	116	60	112	6	116	60	39	0	0.04687213897705078	25400	21.904752492904663	64	99.74803149606299	
32.58457436687016	112.0	6.0	116.0	60.0	32.584574366870164	508	22	112	6	116	60	112	6	116	60	39	0	0.04687237739562988	25450	21.951624870300293	64	99.74852652259332	
32.58457436687016	112.0	6.0	116.0	60.0	32.584574366870164	509	22	112	6	116	60	112	6	116	60	39	0	0.031246662139892578	25500	21.982871532440186	64	99.74901960784314	
32.58457436687016	112.0	6.0	116.0	60.0	32.584574366870164	510	22	112	6	116	60	112	6	116	60	39	0	0.04687070846557617	25550	22.02974224090576	64	99.7495107632094	
32.58457436687016	112.0	6.0	116.0	60.0	32.584574366870164	511	22	112	6	116	60	112	6	116	60	39	0	0.04687380790710449	25600	22.076616048812866	64	99.75	
32.58457436687016	112.0	6.0	116.0	60.0	32.584574366870164	512	22	112	6	116	60	112	6	116	60	39	0	0.031246423721313477	25650	22.10786247253418	64	99.75048732943469	
32.58457436687016	112.0	6.0	116.0	60.0	32.584574366870164	513	22	112	6	116	60	112	6	116	60	39	0	0.04687166213989258	25700	22.154734134674072	64	99.75097276264592	
32.58457436687016	112.0	6.0	116.0	60.0	32.584574366870164	514	22	112	6	116	60	112	6	116	60	39	0	0.04687142372131348	25750	22.201605558395386	64	99.75145631067961	
32.58457436687016	112.0	6.0	116.0	60.0	32.584574366870164	515	22	112	6	116	60	112	6	116	60	39	0	0.06249523162841797	25800	22.264100790023804	64	99.75193798449612	
32.58457436687016	112.0	6.0	116.0	60.0	32.584574366870164	516	22	112	6	116	60	112	6	116	60	39	0	0.031249046325683594	25850	22.295349836349487	64	99.75241779497098	
32.58457436687016	112.0	6.0	116.0	60.0	32.584574366870164	517	22	112	6	116	60	112	6	116	60	39	0	0.04687094688415527	25900	22.342220783233643	64	99.75289575289575	
32.58457436687016	112.0	6.0	116.0	60.0	32.584574366870164	518	22	112	6	116	60	112	6	116	60	39	0	0.04687237739562988	25950	22.389093160629272	64	99.7533718689788	
32.58457436687016	112.0	6.0	116.0	60.0	32.584574366870164	519	22	112	6	116	60	112	6	116	60	39	0	0.04687094688415527	26000	22.435964107513428	64	99.75384615384615	
32.58457436687016	112.0	6.0	116.0	60.0	32.584574366870164	520	22	112	6	116	60	112	6	116	60	39	0	0.04687237739562988	26050	22.482836484909058	64	99.75431861804222	
32.58457436687016	112.0	6.0	116.0	60.0	32.584574366870164	521	22	112	6	116	60	112	6	116	60	39	0	0.031248092651367188	26100	22.514084577560425	64	99.75478927203065	
32.58457436687016	112.0	6.0	116.0	60.0	32.584574366870164	522	22	112	6	116	60	112	6	116	60	39	0	0.04687166213989258	26150	22.560956239700317	64	99.75525812619503	
32.58457436687016	112.0	6.0	116.0	60.0	32.584574366870164	523	22	112	6	116	60	112	6	116	60	39	0	0.031247377395629883	26200	22.592203617095947	64	99.7557251908397	
32.58457436687016	112.0	6.0	116.0	60.0	32.584574366870164	524	22	112	6	116	60	112	6	116	60	39	0	0.015624284744262695	26250	22.60782790184021	64	99.75619047619048	
32.58457436687016	112.0	6.0	116.0	60.0	32.584574366870164	525	22	112	6	116	60	112	6	116	60	39	0	0.046872615814208984	26300	22.65470051765442	64	99.75665399239544	
32.58457436687016	112.0	6.0	116.0	60.0	32.584574366870164	526	22	112	6	116	60	112	6	116	60	39	0	0.031246662139892578	26350	22.68594717979431	64	99.75711574952561	
32.58457436687016	112.0	6.0	116.0	60.0	32.584574366870164	527	22	112	6	116	60	112	6	116	60	39	0	0.031248807907104492	26400	22.717195987701416	64	99.75757575757575	
32.58457436687016	112.0	6.0	116.0	60.0	32.584574366870164	528	22	112	6	116	60	112	6	116	60	39	0	0.04687094688415527	26450	22.76406693458557	64	99.75803402646503	
32.58457436687016	112.0	6.0	116.0	60.0	32.584574366870164	529	22	112	6	116	60	112	6	116	60	39	0	0.031247854232788086	26500	22.79531478881836	64	99.75849056603774	
32.58457436687016	112.0	6.0	116.0	60.0	32.584574366870164	530	22	112	6	116	60	112	6	116	60	39	0	0.03124833106994629	26550	22.826563119888306	64	99.75894538606403	
32.58457436687016	112.0	6.0	116.0	60.0	32.584574366870164	531	22	112	6	116	60	112	6	116	60	39	0	0.031248092651367188	26600	22.857811212539673	64	99.7593984962406	
32.58457436687016	112.0	6.0	116.0	60.0	32.584574366870164	532	22	112	6	116	60	112	6	116	60	39	0	0.01562356948852539	26650	22.8734347820282	64	99.75984990619136	
32.58457436687016	112.0	6.0	116.0	60.0	32.584574366870164	533	22	112	6	116	60	112	6	116	60	39	0	0.03124833106994629	26700	22.904683113098145	64	99.76029962546816	
32.58457436687016	112.0	6.0	116.0	60.0	32.584574366870164	534	22	112	6	116	60	112	6	116	60	39	0	0.04687190055847168	26750	22.951555013656616	64	99.7607476635514	
32.58457436687016	112.0	6.0	116.0	60.0	32.584574366870164	535	22	112	6	116	60	112	6	116	60	39	0	0.03124690055847168	26800	22.982801914215088	64	99.76119402985074	
32.58457436687016	112.0	6.0	116.0	60.0	32.584574366870164	536	22	112	6	116	60	112	6	116	60	39	0	0.04687333106994629	26850	23.029675245285034	64	99.76163873370577	
32.58457436687016	112.0	6.0	116.0	60.0	32.584574366870164	537	22	112	6	116	60	112	6	116	60	39	0	0.046869754791259766	26900	23.076545000076294	64	99.76208178438662	
32.58457436687016	112.0	6.0	116.0	60.0	32.584574366870164	538	22	112	6	116	60	112	6	116	60	39	0	0.04687309265136719	26950	23.12341809272766	64	99.76252319109462	
32.58457436687016	112.0	6.0	116.0	60.0	32.584574366870164	539	22	112	6	116	60	112	6	116	60	39	0	0.04687166213989258	27000	23.170289754867554	64	99.76296296296296	
32.58457436687016	112.0	6.0	116.0	60.0	32.584574366870164	540	22	112	6	116	60	112	6	116	60	39	0	0.04687237739562988	27050	23.217162132263184	64	99.7634011090573	
32.58457436687016	112.0	6.0	116.0	60.0	32.584574366870164	541	22	112	6	116	60	112	6	116	60	39	0	0.031247377395629883	27100	23.248409509658813	64	99.76383763837639	
32.58457436687016	112.0	6.0	116.0	60.0	32.584574366870164	542	22	112	6	116	60	112	6	116	60	39	0	0.04687166213989258	27150	23.295281171798706	64	99.76427255985267	
32.58457436687016	112.0	6.0	116.0	60.0	32.584574366870164	543	22	112	6	116	60	112	6	116	60	39	0	0.04687094688415527	27200	23.34215211868286	64	99.76470588235294	
32.58457436687016	112.0	6.0	116.0	60.0	32.584574366870164	544	22	112	6	116	60	112	6	116	60	39	0	0.046872615814208984	27250	23.38902473449707	64	99.7651376146789	
32.58457436687016	112.0	6.0	116.0	60.0	32.584574366870164	545	22	112	6	116	60	112	6	116	60	39	0	0.04687166213989258	27300	23.435896396636963	64	99.76556776556777	
32.58457436687016	112.0	6.0	116.0	60.0	32.584574366870164	546	22	112	6	116	60	112	6	116	60	39	0	0.04687142372131348	27350	23.482767820358276	64	99.76599634369288	
32.58457436687016	112.0	6.0	116.0	60.0	32.584574366870164	547	22	112	6	116	60	112	6	116	60	39	0	0.04687213897705078	27400	23.529639959335327	64	99.76642335766424	
32.58457436687016	112.0	6.0	116.0	60.0	32.584574366870164	548	22	112	6	116	60	112	6	116	60	39	0	0.04687190055847168	27450	23.5765118598938	64	99.76684881602914	
32.58457436687016	112.0	6.0	116.0	60.0	32.584574366870164	549	22	112	6	116	60	112	6	116	60	39	0	0.04687142372131348	27500	23.623383283615112	64	99.76727272727273	
32.58457436687016	112.0	6.0	116.0	60.0	32.584574366870164	550	22	112	6	116	60	112	6	116	60	39	0	0.04687142372131348	27550	23.670254707336426	64	99.76769509981851	
32.58457436687016	112.0	6.0	116.0	60.0	32.584574366870164	551	22	112	6	116	60	112	6	116	60	39	0	0.04687213897705078	27600	23.717126846313477	64	99.76811594202898	
32.58457436687016	112.0	6.0	116.0	60.0	32.584574366870164	552	22	112	6	116	60	112	6	116	60	39	0	0.031247854232788086	27650	23.748374700546265	64	99.76853526220614	
32.58457436687016	112.0	6.0	116.0	60.0	32.584574366870164	553	22	112	6	116	60	112	6	116	60	39	0	0.04687142372131348	27700	23.795246124267578	64	99.76895306859205	
32.58457436687016	112.0	6.0	116.0	60.0	32.584574366870164	554	22	112	6	116	60	112	6	116	60	39	0	0.031249284744262695	27750	23.82649540901184	64	99.76936936936937	
32.58457436687016	112.0	6.0	116.0	60.0	32.584574366870164	555	22	112	6	116	60	112	6	116	60	39	0	0.046871185302734375	27800	23.873366594314575	64	99.76978417266187	
32.58457436687016	112.0	6.0	116.0	60.0	32.584574366870164	556	22	112	6	116	60	112	6	116	60	39	0	0.04687166213989258	27850	23.920238256454468	64	99.77019748653501	
32.58457436687016	112.0	6.0	116.0	60.0	32.584574366870164	557	22	112	6	116	60	112	6	116	60	39	0	0.031247615814208984	27900	23.951485872268677	64	99.77060931899642	
32.58457436687016	112.0	6.0	116.0	60.0	32.584574366870164	558	22	112	6	116	60	112	6	116	60	39	0	0.031247854232788086	27950	23.982733726501465	64	99.77101967799642	
32.58457436687016	112.0	6.0	116.0	60.0	32.584574366870164	559	22	112	6	116	60	112	6	116	60	39	0	0.06249690055847168	28000	24.045230627059937	64	99.77142857142857	
32.58457436687016	112.0	6.0	116.0	60.0	32.584574366870164	560	22	112	6	116	60	112	6	116	60	39	0	0.04687094688415527	28050	24.092101573944092	64	99.77183600713012	
32.58457436687016	112.0	6.0	116.0	60.0	32.584574366870164	561	22	112	6	116	60	112	6	116	60	39	0	0.04687237739562988	28100	24.13897395133972	64	99.77224199288256	
32.58457436687016	112.0	6.0	116.0	60.0	32.584574366870164	562	22	112	6	116	60	112	6	116	60	39	0	0.046872615814208984	28150	24.18584656715393	64	99.77264653641208	
32.58457436687016	112.0	6.0	116.0	60.0	32.584574366870164	563	22	112	6	116	60	112	6	116	60	39	0	0.04687047004699707	28200	24.232717037200928	64	99.77304964539007	
32.58457436687016	112.0	6.0	116.0	60.0	32.584574366870164	564	22	112	6	116	60	112	6	116	60	39	0	0.04687237739562988	28250	24.279589414596558	64	99.77345132743363	
32.58457436687016	112.0	6.0	116.0	60.0	32.584574366870164	565	22	112	6	116	60	112	6	116	60	39	0	0.04687070846557617	28300	24.326460123062134	64	99.773851590106	
32.58457436687016	112.0	6.0	116.0	60.0	32.584574366870164	566	22	112	6	116	60	112	6	116	60	39	0	0.031247377395629883	28350	24.357707500457764	64	99.77425044091711	
32.58457436687016	112.0	6.0	116.0	60.0	32.584574366870164	567	22	112	6	116	60	112	6	116	60	39	0	0.07812261581420898	28400	24.435830116271973	64	99.77464788732394	
32.58457436687016	112.0	6.0	116.0	60.0	32.584574366870164	568	22	112	6	116	60	112	6	116	60	39	0	0.062493324279785156	28450	24.498323440551758	64	99.77504393673111	
32.58457436687016	112.0	6.0	116.0	60.0	32.584574366870164	569	22	112	6	116	60	112	6	116	60	39	0	0.06249594688415527	28500	24.560819387435913	64	99.77543859649123	
32.58457436687016	112.0	6.0	116.0	60.0	32.584574366870164	570	22	112	6	116	60	112	6	116	60	39	0	0.04687166213989258	28550	24.607691049575806	64	99.77583187390543	
32.58457436687016	112.0	6.0	116.0	60.0	32.584574366870164	571	22	112	6	116	60	112	6	116	60	39	0	0.03124713897705078	28600	24.638938188552856	64	99.77622377622377	
32.58457436687016	112.0	6.0	116.0	60.0	32.584574366870164	572	22	112	6	116	60	112	6	116	60	39	0	0.046872854232788086	28650	24.685811042785645	64	99.77661431064573	
32.58457436687016	112.0	6.0	116.0	60.0	32.584574366870164	573	22	112	6	116	60	112	6	116	60	39	0	0.046871185302734375	28700	24.73268222808838	64	99.77700348432056	
32.58457436687016	112.0	6.0	116.0	60.0	32.584574366870164	574	22	112	6	116	60	112	6	116	60	39	0	0.031248092651367188	28750	24.763930320739746	64	99.77739130434783	
32.58457436687016	112.0	6.0	116.0	60.0	32.584574366870164	575	22	112	6	116	60	112	6	116	60	39	0	0.04687166213989258	28800	24.81080198287964	64	99.77777777777777	
32.58457436687016	112.0	6.0	116.0	60.0	32.584574366870164	576	22	112	6	116	60	112	6	116	60	39	0	0.04687190055847168	28850	24.85767388343811	64	99.77816291161179	
32.58457436687016	112.0	6.0	116.0	60.0	32.584574366870164	577	22	112	6	116	60	112	6	116	60	39	0	0.04687237739562988	28900	24.90454626083374	64	99.77854671280276	
32.58457436687016	112.0	6.0	116.0	60.0	32.584574366870164	578	22	112	6	116	60	112	6	116	60	39	0	0.046872615814208984	28950	24.95141887664795	64	99.77892918825562	
32.58457436687016	112.0	6.0	116.0	60.0	32.584574366870164	579	22	112	6	116	60	112	6	116	60	39	0	0.031246185302734375	29000	24.982665061950684	64	99.77931034482759	
32.58457436687016	112.0	6.0	116.0	60.0	32.584574366870164	580	22	112	6	116	60	112	6	116	60	39	0	0.0468754768371582	29050	25.029540538787842	64	99.77969018932875	
32.58457436687016	112.0	6.0	116.0	60.0	32.584574366870164	581	22	112	6	116	60	112	6	116	60	39	0	0.03124380111694336	29100	25.060784339904785	64	99.78006872852234	
32.58457436687016	112.0	6.0	116.0	60.0	32.584574366870164	582	22	112	6	116	60	112	6	116	60	39	0	0.031247377395629883	29150	25.092031717300415	64	99.78044596912521	
32.58457436687016	112.0	6.0	116.0	60.0	32.584574366870164	583	22	112	6	116	60	112	6	116	60	39	0	0.046872615814208984	29200	25.138904333114624	64	99.78082191780823	
32.58457436687016	112.0	6.0	116.0	60.0	32.584574366870164	584	22	112	6	116	60	112	6	116	60	39	0	0.062494754791259766	29250	25.201399087905884	64	99.78119658119658	
32.58457436687016	112.0	6.0	116.0	60.0	32.584574366870164	585	22	112	6	116	60	112	6	116	60	39	0	0.03125357627868652	29300	25.23265266418457	64	99.7815699658703	
32.58457436687016	112.0	6.0	116.0	60.0	32.584574366870164	586	22	112	6	116	60	112	6	116	60	39	0	0.03124260902404785	29350	25.263895273208618	64	99.78194207836457	
32.58457436687016	112.0	6.0	116.0	60.0	32.584574366870164	587	22	112	6	116	60	112	6	116	60	39	0	0.03124833106994629	29400	25.295143604278564	64	99.78231292517007	
32.58457436687016	112.0	6.0	116.0	60.0	32.584574366870164	588	22	112	6	116	60	112	6	116	60	39	0	0.04687190055847168	29450	25.342015504837036	64	99.78268251273344	
32.58457436687016	112.0	6.0	116.0	60.0	32.584574366870164	589	22	112	6	116	60	112	6	116	60	39	0	0.04687166213989258	29500	25.38888716697693	64	99.78305084745763	
32.58457436687016	112.0	6.0	116.0	60.0	32.584574366870164	590	22	112	6	116	60	112	6	116	60	39	0	0.04687142372131348	29550	25.435758590698242	64	99.7834179357022	
32.58457436687016	112.0	6.0	116.0	60.0	32.584574366870164	591	22	112	6	116	60	112	6	116	60	39	0	0.04687190055847168	29600	25.482630491256714	64	99.78378378378379	
32.58457436687016	112.0	6.0	116.0	60.0	32.584574366870164	592	22	112	6	116	60	112	6	116	60	39	0	0.031248092651367188	29650	25.51387858390808	64	99.7841483979764	
32.58457436687016	112.0	6.0	116.0	60.0	32.584574366870164	593	22	112	6	116	60	112	6	116	60	39	0	0.04687166213989258	29700	25.560750246047974	64	99.78451178451178	
32.58457436687016	112.0	6.0	116.0	60.0	32.584574366870164	594	22	112	6	116	60	112	6	116	60	39	0	0.04687190055847168	29750	25.607622146606445	64	99.78487394957983	
32.58457436687016	112.0	6.0	116.0	60.0	32.584574366870164	595	22	112	6	116	60	112	6	116	60	39	0	0.031247854232788086	29800	25.638870000839233	64	99.78523489932886	
32.58457436687016	112.0	6.0	116.0	60.0	32.584574366870164	596	22	112	6	116	60	112	6	116	60	39	0	0.04687166213989258	29850	25.685741662979126	64	99.78559463986599	
32.58457436687016	112.0	6.0	116.0	60.0	32.584574366870164	597	22	112	6	116	60	112	6	116	60	39	0	0.031248092651367188	29900	25.716989755630493	64	99.78595317725753	
32.58457436687016	112.0	6.0	116.0	60.0	32.584574366870164	598	22	112	6	116	60	112	6	116	60	39	0	0.046872615814208984	29950	25.763862371444702	64	99.78631051752922	
32.58457436687016	112.0	6.0	116.0	60.0	32.584574366870164	599	22	112	6	116	60	112	6	116	60	39	0	0.04687047004699707	30000	25.8107328414917	64	99.78666666666666	
32.58457436687016	112.0	6.0	116.0	60.0	32.584574366870164	600	22	112	6	116	60	112	6	116	60	39	0	0.03124856948852539	30050	25.841981410980225	64	99.78702163061564	
32.58457436687016	112.0	6.0	116.0	60.0	32.584574366870164	601	22	112	6	116	60	112	6	116	60	39	0	0.015624284744262695	30100	25.857605695724487	64	99.7873754152824	
32.58457436687016	112.0	6.0	116.0	60.0	32.584574366870164	602	22	112	6	116	60	112	6	116	60	39	0	0.046871185302734375	30150	25.90447688102722	64	99.787728026534	
32.58457436687016	112.0	6.0	116.0	60.0	32.584574366870164	603	22	112	6	116	60	112	6	116	60	39	0	0.031247615814208984	30200	25.93572449684143	64	99.78807947019868	
32.58457436687016	112.0	6.0	116.0	60.0	32.584574366870164	604	22	112	6	116	60	112	6	116	60	39	0	0.04687213897705078	30250	25.98259663581848	64	99.78842975206612	
32.58457436687016	112.0	6.0	116.0	60.0	32.584574366870164	605	22	112	6	116	60	112	6	116	60	39	0	0.031247377395629883	30300	26.01384401321411	64	99.7887788778878	
32.58457436687016	112.0	6.0	116.0	60.0	32.584574366870164	606	22	112	6	116	60	112	6	116	60	39	0	0.04687213897705078	30350	26.060716152191162	64	99.78912685337727	
32.58457436687016	112.0	6.0	116.0	60.0	32.584574366870164	607	22	112	6	116	60	112	6	116	60	39	0	0.031247854232788086	30400	26.09196400642395	64	99.78947368421052	
32.58457436687016	112.0	6.0	116.0	60.0	32.584574366870164	608	22	112	6	116	60	112	6	116	60	39	0	0.04687142372131348	30450	26.138835430145264	64	99.78981937602627	
32.58457436687016	112.0	6.0	116.0	60.0	32.584574366870164	609	22	112	6	116	60	112	6	116	60	39	0	0.04687213897705078	30500	26.185707569122314	64	99.79016393442623	
32.58457436687016	112.0	6.0	116.0	60.0	32.584574366870164	610	22	112	6	116	60	112	6	116	60	39	0	0.015623807907104492	30550	26.20133137702942	64	99.79050736497545	
32.58457436687016	112.0	6.0	116.0	60.0	32.584574366870164	611	22	112	6	116	60	112	6	116	60	39	0	0.04687237739562988	30600	26.24820375442505	64	99.79084967320262	
32.58457436687016	112.0	6.0	116.0	60.0	32.584574366870164	612	22	112	6	116	60	112	6	116	60	39	0	0.031247377395629883	30650	26.27945113182068	64	99.79119086460032	
32.58457436687016	112.0	6.0	116.0	60.0	32.584574366870164	613	22	112	6	116	60	112	6	116	60	39	0	0.031247377395629883	30700	26.31069850921631	64	99.7915309446254	
32.58457436687016	112.0	6.0	116.0	60.0	32.584574366870164	614	22	112	6	116	60	112	6	116	60	39	0	0.031248092651367188	30750	26.341946601867676	64	99.79186991869919	
32.58457436687016	112.0	6.0	116.0	60.0	32.584574366870164	615	22	112	6	116	60	112	6	116	60	39	0	0.031247854232788086	30800	26.373194456100464	64	99.79220779220779	
32.58457436687016	112.0	6.0	116.0	60.0	32.584574366870164	616	22	112	6	116	60	112	6	116	60	39	0	0.04687213897705078	30850	26.420066595077515	64	99.79254457050243	
32.58457436687016	112.0	6.0	116.0	60.0	32.584574366870164	617	22	112	6	116	60	112	6	116	60	39	0	0.04687213897705078	30900	26.466938734054565	64	99.79288025889967	
32.58457436687016	112.0	6.0	116.0	60.0	32.584574366870164	618	22	112	6	116	60	112	6	116	60	39	0	0.031247615814208984	30950	26.498186349868774	64	99.79321486268175	
32.58457436687016	112.0	6.0	116.0	60.0	32.584574366870164	619	22	112	6	116	60	112	6	116	60	39	0	0.031248807907104492	31000	26.52943515777588	64	99.79354838709678	
32.58457436687016	112.0	6.0	116.0	60.0	32.584574366870164	620	22	112	6	116	60	112	6	116	60	39	0	0.015622377395629883	31050	26.54505753517151	64	99.7938808373591	
32.58457436687016	112.0	6.0	116.0	60.0	32.584574366870164	621	22	112	6	116	60	112	6	116	60	39	0	0.04687380790710449	31100	26.591931343078613	64	99.79421221864952	
32.58457436687016	112.0	6.0	116.0	60.0	32.584574366870164	622	22	112	6	116	60	112	6	116	60	39	0	0.046869754791259766	31150	26.638801097869873	64	99.79454253611557	
32.58457436687016	112.0	6.0	116.0	60.0	32.584574366870164	623	22	112	6	116	60	112	6	116	60	39	0	0.04687213897705078	31200	26.685673236846924	64	99.7948717948718	
32.58457436687016	112.0	6.0	116.0	60.0	32.584574366870164	624	22	112	6	116	60	112	6	116	60	39	0	0.031248092651367188	31250	26.71692132949829	64	99.7952	
32.58457436687016	112.0	6.0	116.0	60.0	32.584574366870164	625	22	112	6	116	60	112	6	116	60	39	0	0.04687166213989258	31300	26.763792991638184	64	99.79552715654953	
32.58457436687016	112.0	6.0	116.0	60.0	32.584574366870164	626	22	112	6	116	60	112	6	116	60	39	0	0.04687142372131348	31350	26.810664415359497	64	99.79585326953747	
32.58457436687016	112.0	6.0	116.0	60.0	32.584574366870164	627	22	112	6	116	60	112	6	116	60	39	0	0.03124833106994629	31400	26.841912746429443	64	99.79617834394904	
32.58457436687016	112.0	6.0	116.0	60.0	32.584574366870164	628	22	112	6	116	60	112	6	116	60	39	0	0.04687190055847168	31450	26.888784646987915	64	99.79650238473768	
32.58457436687016	112.0	6.0	116.0	60.0	32.584574366870164	629	22	112	6	116	60	112	6	116	60	39	0	0.04687094688415527	31500	26.93565559387207	64	99.7968253968254	
32.58457436687016	112.0	6.0	116.0	60.0	32.584574366870164	630	22	112	6	116	60	112	6	116	60	39	0	0.03124833106994629	31550	26.966903924942017	64	99.79714738510302	
32.58457436687016	112.0	6.0	116.0	60.0	32.584574366870164	631	22	112	6	116	60	112	6	116	60	39	0	0.04687213897705078	31600	27.013776063919067	64	99.79746835443038	
32.58457436687016	112.0	6.0	116.0	60.0	32.584574366870164	632	22	112	6	116	60	112	6	116	60	39	0	0.046871185302734375	31650	27.0606472492218	64	99.79778830963664	
32.58457436687016	112.0	6.0	116.0	60.0	32.584574366870164	633	22	112	6	116	60	112	6	116	60	39	0	0.031248092651367188	31700	27.09189534187317	64	99.7981072555205	
32.58457436687016	112.0	6.0	116.0	60.0	32.584574366870164	634	22	112	6	116	60	112	6	116	60	39	0	0.04687213897705078	31750	27.13876748085022	64	99.79842519685039	
32.58457436687016	112.0	6.0	116.0	60.0	32.584574366870164	635	22	112	6	116	60	112	6	116	60	39	0	0.04687166213989258	31800	27.185639142990112	64	99.79874213836477	
32.58457436687016	112.0	6.0	116.0	60.0	32.584574366870164	636	22	112	6	116	60	112	6	116	60	39	0	0.04687309265136719	31850	27.23251223564148	64	99.79905808477237	
32.58457436687016	112.0	6.0	116.0	60.0	32.584574366870164	637	22	112	6	116	60	112	6	116	60	39	0	0.031246423721313477	31900	27.263758659362793	64	99.79937304075236	
32.58457436687016	112.0	6.0	116.0	60.0	32.584574366870164	638	22	112	6	116	60	112	6	116	60	39	0	0.046872615814208984	31950	27.310631275177002	64	99.79968701095461	
32.58457436687016	112.0	6.0	116.0	60.0	32.584574366870164	639	22	112	6	116	60	112	6	116	60	39	0	0.015624046325683594	32000	27.326255321502686	64	99.8	
32.58457436687016	112.0	6.0	116.0	60.0	32.584574366870164	640	22	112	6	116	60	112	6	116	60	39	0	0.04687047004699707	32050	27.373125791549683	64	99.8003120124805	
32.58457436687016	112.0	6.0	116.0	60.0	32.584574366870164	641	22	112	6	116	60	112	6	116	60	39	0	0.04687213897705078	32100	27.419997930526733	64	99.80062305295951	
32.58457436687016	112.0	6.0	116.0	60.0	32.584574366870164	642	22	112	6	116	60	112	6	116	60	39	0	0.04687213897705078	32150	27.466870069503784	64	99.80093312597201	
32.58457436687016	112.0	6.0	116.0	60.0	32.584574366870164	643	22	112	6	116	60	112	6	116	60	39	0	0.031247615814208984	32200	27.498117685317993	64	99.80124223602485	
32.58457436687016	112.0	6.0	116.0	60.0	32.584574366870164	644	22	112	6	116	60	112	6	116	60	39	0	0.04687166213989258	32250	27.544989347457886	64	99.8015503875969	
32.58457436687016	112.0	6.0	116.0	60.0	32.584574366870164	645	22	112	6	116	60	112	6	116	60	39	0	0.031247854232788086	32300	27.576237201690674	64	99.80185758513932	
32.58457436687016	112.0	6.0	116.0	60.0	32.584574366870164	646	22	112	6	116	60	112	6	116	60	39	0	0.04687190055847168	32350	27.623109102249146	64	99.80216383307574	
32.58457436687016	112.0	6.0	116.0	60.0	32.584574366870164	647	22	112	6	116	60	112	6	116	60	39	0	0.04687142372131348	32400	27.66998052597046	64	99.80246913580247	
32.58457436687016	112.0	6.0	116.0	60.0	32.584574366870164	648	22	112	6	116	60	112	6	116	60	39	0	0.04687309265136719	32450	27.716853618621826	64	99.80277349768875	
32.58457436687016	112.0	6.0	116.0	60.0	32.584574366870164	649	22	112	6	116	60	112	6	116	60	39	0	0.031246662139892578	32500	27.74810028076172	64	99.80307692307693	
32.58457436687016	112.0	6.0	116.0	60.0	32.584574366870164	650	22	112	6	116	60	112	6	116	60	39	0	0.04687190055847168	32550	27.79497218132019	64	99.80337941628264	
32.58457436687016	112.0	6.0	116.0	60.0	32.584574366870164	651	22	112	6	116	60	112	6	116	60	39	0	0.046872615814208984	32600	27.8418447971344	64	99.8036809815951	
32.58457436687016	112.0	6.0	116.0	60.0	32.584574366870164	652	22	112	6	116	60	112	6	116	60	39	0	0.04687094688415527	32650	27.888715744018555	64	99.80398162327718	
32.58457436687016	112.0	6.0	116.0	60.0	32.584574366870164	653	22	112	6	116	60	112	6	116	60	39	0	0.031249046325683594	32700	27.91996479034424	64	99.80428134556576	
32.58457436687016	112.0	6.0	116.0	60.0	32.584574366870164	654	22	112	6	116	60	112	6	116	60	39	0	0.04687094688415527	32750	27.966835737228394	64	99.80458015267176	
32.58457436687016	112.0	6.0	116.0	60.0	32.584574366870164	655	22	112	6	116	60	112	6	116	60	39	0	0.04687190055847168	32800	28.013707637786865	64	99.8048780487805	
32.58457436687016	112.0	6.0	116.0	60.0	32.584574366870164	656	22	112	6	116	60	112	6	116	60	39	0	0.04687166213989258	32850	28.060579299926758	64	99.80517503805174	
32.58457436687016	112.0	6.0	116.0	60.0	32.584574366870164	657	22	112	6	116	60	112	6	116	60	39	0	0.046872615814208984	32900	28.107451915740967	64	99.80547112462006	
32.58457436687016	112.0	6.0	116.0	60.0	32.584574366870164	658	22	112	6	116	60	112	6	116	60	39	0	0.031247377395629883	32950	28.138699293136597	64	99.80576631259484	
32.58457436687016	112.0	6.0	116.0	60.0	32.584574366870164	659	22	112	6	116	60	112	6	116	60	39	0	0.046871185302734375	33000	28.18557047843933	64	99.80606060606061	
32.58457436687016	112.0	6.0	116.0	60.0	32.584574366870164	660	22	112	6	116	60	112	6	116	60	39	0	0.046872854232788086	33050	28.23244333267212	64	99.80635400907715	
32.58457436687016	112.0	6.0	116.0	60.0	32.584574366870164	661	22	112	6	116	60	112	6	116	60	39	0	0.04687070846557617	33100	28.279314041137695	64	99.80664652567975	
32.58457436687016	112.0	6.0	116.0	60.0	32.584574366870164	662	22	112	6	116	60	112	6	116	60	39	0	0.04687213897705078	33150	28.326186180114746	64	99.80693815987934	
32.58457436687016	112.0	6.0	116.0	60.0	32.584574366870164	663	22	112	6	116	60	112	6	116	60	39	0	0.031248092651367188	33200	28.357434272766113	64	99.80722891566265	
32.58457436687016	112.0	6.0	116.0	60.0	32.584574366870164	664	22	112	6	116	60	112	6	116	60	39	0	0.031248807907104492	33250	28.388683080673218	64	99.80751879699248	
32.58457436687016	112.0	6.0	116.0	60.0	32.584574366870164	665	22	112	6	116	60	112	6	116	60	39	0	0.04687070846557617	33300	28.435553789138794	64	99.8078078078078	
32.58457436687016	112.0	6.0	116.0	60.0	32.584574366870164	666	22	112	6	116	60	112	6	116	60	39	0	0.04687166213989258	33350	28.482425451278687	64	99.80809595202399	
32.58457436687016	112.0	6.0	116.0	60.0	32.584574366870164	667	22	112	6	116	60	112	6	116	60	39	0	0.031247854232788086	33400	28.513673305511475	64	99.80838323353294	
32.58457436687016	112.0	6.0	116.0	60.0	32.584574366870164	668	22	112	6	116	60	112	6	116	60	39	0	0.04687166213989258	33450	28.560544967651367	64	99.80866965620329	
32.58457436687016	112.0	6.0	116.0	60.0	32.584574366870164	669	22	112	6	116	60	112	6	116	60	39	0	0.031248092651367188	33500	28.591793060302734	64	99.8089552238806	
32.58457436687016	112.0	6.0	116.0	60.0	32.584574366870164	670	22	112	6	116	60	112	6	116	60	39	0	0.031247615814208984	33550	28.623040676116943	64	99.80923994038749	
32.58457436687016	112.0	6.0	116.0	60.0	32.584574366870164	671	22	112	6	116	60	112	6	116	60	39	0	0.031248807907104492	33600	28.654289484024048	64	99.80952380952381	
32.58457436687016	112.0	6.0	116.0	60.0	32.584574366870164	672	22	112	6	116	60	112	6	116	60	39	0	0.04687094688415527	33650	28.701160430908203	64	99.80980683506687	
32.58457436687016	112.0	6.0	116.0	60.0	32.584574366870164	673	22	112	6	116	60	112	6	116	60	39	0	0.04687190055847168	33700	28.748032331466675	64	99.81008902077151	
32.58457436687016	112.0	6.0	116.0	60.0	32.584574366870164	674	22	112	6	116	60	112	6	116	60	39	0	0.031247854232788086	33750	28.779280185699463	64	99.81037037037036	
32.58457436687016	112.0	6.0	116.0	60.0	32.584574366870164	675	22	112	6	116	60	112	6	116	60	39	0	0.04687237739562988	33800	28.826152563095093	64	99.81065088757397	
32.58457436687016	112.0	6.0	116.0	60.0	32.584574366870164	676	22	112	6	116	60	112	6	116	60	39	0	0.04687190055847168	33850	28.873024463653564	64	99.8109305760709	
32.58457436687016	112.0	6.0	116.0	60.0	32.584574366870164	677	22	112	6	116	60	112	6	116	60	39	0	0.04687142372131348	33900	28.919895887374878	64	99.81120943952803	
32.58457436687016	112.0	6.0	116.0	60.0	32.584574366870164	678	22	112	6	116	60	112	6	116	60	39	0	0.04687142372131348	33950	28.96676731109619	64	99.81148748159058	
32.58457436687016	112.0	6.0	116.0	60.0	32.584574366870164	679	22	112	6	116	60	112	6	116	60	39	0	0.04687142372131348	34000	29.013638734817505	64	99.81176470588235	
32.58457436687016	112.0	6.0	116.0	60.0	32.584574366870164	680	22	112	6	116	60	112	6	116	60	39	0	0.03124833106994629	34050	29.04488706588745	64	99.81204111600587	
32.58457436687016	112.0	6.0	116.0	60.0	32.584574366870164	681	22	112	6	116	60	112	6	116	60	39	0	0.031247854232788086	34100	29.07613492012024	64	99.81231671554252	
32.58457436687016	112.0	6.0	116.0	60.0	32.584574366870164	682	22	112	6	116	60	112	6	116	60	39	0	0.031247615814208984	34150	29.10738253593445	64	99.8125915080527	
32.58457436687016	112.0	6.0	116.0	60.0	32.584574366870164	683	22	112	6	116	60	112	6	116	60	39	0	0.03124833106994629	34200	29.138630867004395	64	99.81286549707602	
32.58457436687016	112.0	6.0	116.0	60.0	32.584574366870164	684	22	112	6	116	60	112	6	116	60	39	0	0.031248092651367188	34250	29.16987895965576	64	99.81313868613138	
32.58457436687016	112.0	6.0	116.0	60.0	32.584574366870164	685	22	112	6	116	60	112	6	116	60	39	0	0.031249284744262695	34300	29.201128244400024	64	99.8134110787172	
32.58457436687016	112.0	6.0	116.0	60.0	32.584574366870164	686	22	112	6	116	60	112	6	116	60	39	0	0.046869754791259766	34350	29.247997999191284	64	99.8136826783115	
32.58457436687016	112.0	6.0	116.0	60.0	32.584574366870164	687	22	112	6	116	60	112	6	116	60	39	0	0.015625715255737305	34400	29.26362371444702	64	99.81395348837209	
32.58457436687016	112.0	6.0	116.0	60.0	32.584574366870164	688	22	112	6	116	60	112	6	116	60	39	0	0.03124713897705078	34450	29.294870853424072	64	99.81422351233672	
32.58457436687016	112.0	6.0	116.0	60.0	32.584574366870164	689	22	112	6	116	60	112	6	116	60	39	0	0.046872615814208984	34500	29.34174346923828	64	99.81449275362318	
32.58457436687016	112.0	6.0	116.0	60.0	32.584574366870164	690	22	112	6	116	60	112	6	116	60	39	0	0.04687023162841797	34550	29.3886137008667	64	99.81476121562952	
32.58457436687016	112.0	6.0	116.0	60.0	32.584574366870164	691	22	112	6	116	60	112	6	116	60	39	0	0.03124833106994629	34600	29.419862031936646	64	99.81502890173411	
32.58457436687016	112.0	6.0	116.0	60.0	32.584574366870164	692	22	112	6	116	60	112	6	116	60	39	0	0.04687070846557617	34650	29.46673274040222	64	99.81529581529581	
32.58457436687016	112.0	6.0	116.0	60.0	32.584574366870164	693	22	112	6	116	60	112	6	116	60	39	0	0.04687213897705078	34700	29.513604879379272	64	99.81556195965418	
32.58457436687016	112.0	6.0	116.0	60.0	32.584574366870164	694	22	112	6	116	60	112	6	116	60	39	0	0.04687213897705078	34750	29.560477018356323	64	99.8158273381295	
32.58457436687016	112.0	6.0	116.0	60.0	32.584574366870164	695	22	112	6	116	60	112	6	116	60	39	0	0.046872854232788086	34800	29.60734987258911	64	99.816091954023	
32.58457436687016	112.0	6.0	116.0	60.0	32.584574366870164	696	22	112	6	116	60	112	6	116	60	39	0	0.031248092651367188	34850	29.63859796524048	64	99.81635581061693	
32.58457436687016	112.0	6.0	116.0	60.0	32.584574366870164	697	22	112	6	116	60	112	6	116	60	39	0	0.04687309265136719	34900	29.685471057891846	64	99.81661891117479	
32.58457436687016	112.0	6.0	116.0	60.0	32.584574366870164	698	22	112	6	116	60	112	6	116	60	39	0	0.04687142372131348	34950	29.73234248161316	64	99.81688125894135	
32.58457436687016	112.0	6.0	116.0	60.0	32.584574366870164	699	22	112	6	116	60	112	6	116	60	39	0	0.031246662139892578	35000	29.76358914375305	64	99.81714285714285	
32.58457436687016	112.0	6.0	116.0	60.0	32.584574366870164	700	22	112	6	116	60	112	6	116	60	39	0	0.04687213897705078	35050	29.810461282730103	64	99.81740370898716	
32.58457436687016	112.0	6.0	116.0	60.0	32.584574366870164	701	22	112	6	116	60	112	6	116	60	39	0	0.03124856948852539	35100	29.841709852218628	64	99.81766381766381	
32.58457436687016	112.0	6.0	116.0	60.0	32.584574366870164	702	22	112	6	116	60	112	6	116	60	39	0	0.031247615814208984	35150	29.872957468032837	64	99.81792318634425	
32.58457436687016	112.0	6.0	116.0	60.0	32.584574366870164	703	22	112	6	116	60	112	6	116	60	39	0	0.04686999320983887	35200	29.919827461242676	64	99.81818181818181	
32.58457436687016	112.0	6.0	116.0	60.0	32.584574366870164	704	22	112	6	116	60	112	6	116	60	39	0	0.046871185302734375	35250	29.96669864654541	64	99.81843971631206	
32.58457436687016	112.0	6.0	116.0	60.0	32.584574366870164	705	22	112	6	116	60	112	6	116	60	39	0	0.0312497615814209	35300	29.99794840812683	64	99.8186968838527	
32.58457436687016	112.0	6.0	116.0	60.0	32.584574366870164	706	22	112	6	116	60	112	6	116	60	39	0	0.04687166213989258	35350	30.044820070266724	64	99.81895332390381	
32.58457436687016	112.0	6.0	116.0	60.0	32.584574366870164	707	22	112	6	116	60	112	6	116	60	39	0	0.04687166213989258	35400	30.091691732406616	64	99.81920903954803	
32.58457436687016	112.0	6.0	116.0	60.0	32.584574366870164	708	22	112	6	116	60	112	6	116	60	39	0	0.04687142372131348	35450	30.13856315612793	64	99.8194640338505	
32.58457436687016	112.0	6.0	116.0	60.0	32.584574366870164	709	22	112	6	116	60	112	6	116	60	39	0	0.03124856948852539	35500	30.169811725616455	64	99.81971830985916	
32.58457436687016	112.0	6.0	116.0	60.0	32.584574366870164	710	22	112	6	116	60	112	6	116	60	39	0	0.04687190055847168	35550	30.216683626174927	64	99.81997187060479	
32.58457436687016	112.0	6.0	116.0	60.0	32.584574366870164	711	22	112	6	116	60	112	6	116	60	39	0	0.04687142372131348	35600	30.26355504989624	64	99.82022471910112	
32.58457436687016	112.0	6.0	116.0	60.0	32.584574366870164	712	22	112	6	116	60	112	6	116	60	39	0	0.04687070846557617	35650	30.310425758361816	64	99.82047685834502	
32.58457436687016	112.0	6.0	116.0	60.0	32.584574366870164	713	22	112	6	116	60	112	6	116	60	39	0	0.046872615814208984	35700	30.357298374176025	64	99.82072829131653	
32.58457436687016	112.0	6.0	116.0	60.0	32.584574366870164	714	22	112	6	116	60	112	6	116	60	39	0	0.03124713897705078	35750	30.388545513153076	64	99.82097902097902	
32.58457436687016	112.0	6.0	116.0	60.0	32.584574366870164	715	22	112	6	116	60	112	6	116	60	39	0	0.04687237739562988	35800	30.435417890548706	64	99.82122905027933	
32.58457436687016	112.0	6.0	116.0	60.0	32.584574366870164	716	22	112	6	116	60	112	6	116	60	39	0	0.031247377395629883	35850	30.466665267944336	64	99.82147838214784	
32.58457436687016	112.0	6.0	116.0	60.0	32.584574366870164	717	22	112	6	116	60	112	6	116	60	39	0	0.031247854232788086	35900	30.497913122177124	64	99.82172701949861	
32.58457436687016	112.0	6.0	116.0	60.0	32.584574366870164	718	22	112	6	116	60	112	6	116	60	39	0	0.04687309265136719	35950	30.54478621482849	64	99.82197496522949	
32.58457436687016	112.0	6.0	116.0	60.0	32.584574366870164	719	22	112	6	116	60	112	6	116	60	39	0	0.04686999320983887	36000	30.59165620803833	64	99.82222222222222	
32.58457436687016	112.0	6.0	116.0	60.0	32.584574366870164	720	22	112	6	116	60	112	6	116	60	39	0	0.031248092651367188	36050	30.622904300689697	64	99.82246879334258	
32.58457436687016	112.0	6.0	116.0	60.0	32.584574366870164	721	22	112	6	116	60	112	6	116	60	39	0	0.031247377395629883	36100	30.654151678085327	64	99.82271468144044	
32.58457436687016	112.0	6.0	116.0	60.0	32.584574366870164	722	22	112	6	116	60	112	6	116	60	39	0	0.04687333106994629	36150	30.701025009155273	64	99.82295988934993	
32.58457436687016	112.0	6.0	116.0	60.0	32.584574366870164	723	22	112	6	116	60	112	6	116	60	39	0	0.04687190055847168	36200	30.747896909713745	64	99.8232044198895	
32.58457436687016	112.0	6.0	116.0	60.0	32.584574366870164	724	22	112	6	116	60	112	6	116	60	39	0	0.031248092651367188	36250	30.779145002365112	64	99.82344827586206	
32.58457436687016	112.0	6.0	116.0	60.0	32.584574366870164	725	22	112	6	116	60	112	6	116	60	39	0	0.04687070846557617	36300	30.82601571083069	64	99.8236914600551	
32.58457436687016	112.0	6.0	116.0	60.0	32.584574366870164	726	22	112	6	116	60	112	6	116	60	39	0	0.04687356948852539	36350	30.872889280319214	64	99.82393397524072	
32.58457436687016	112.0	6.0	116.0	60.0	32.584574366870164	727	22	112	6	116	60	112	6	116	60	39	0	0.04687094688415527	36400	30.91976022720337	64	99.82417582417582	
32.58457436687016	112.0	6.0	116.0	60.0	32.584574366870164	728	22	112	6	116	60	112	6	116	60	39	0	0.04687166213989258	36450	30.96663188934326	64	99.8244170096022	
32.58457436687016	112.0	6.0	116.0	60.0	32.584574366870164	729	22	112	6	116	60	112	6	116	60	39	0	0.031247854232788086	36500	30.99787974357605	64	99.82465753424657	
32.58457436687016	112.0	6.0	116.0	60.0	32.584574366870164	730	22	112	6	116	60	112	6	116	60	39	0	0.031246662139892578	36550	31.029126405715942	64	99.82489740082079	
32.58457436687016	112.0	6.0	116.0	60.0	32.584574366870164	731	22	112	6	116	60	112	6	116	60	39	0	0.04687213897705078	36600	31.075998544692993	64	99.82513661202186	
32.58457436687016	112.0	6.0	116.0	60.0	32.584574366870164	732	22	112	6	116	60	112	6	116	60	39	0	0.046872615814208984	36650	31.122871160507202	64	99.82537517053206	
32.58457436687016	112.0	6.0	116.0	60.0	32.584574366870164	733	22	112	6	116	60	112	6	116	60	39	0	0.04687142372131348	36700	31.169742584228516	64	99.82561307901908	
32.58457436687016	112.0	6.0	116.0	60.0	32.584574366870164	734	22	112	6	116	60	112	6	116	60	39	0	0.04687142372131348	36750	31.21661400794983	64	99.82585034013606	
32.58457436687016	112.0	6.0	116.0	60.0	32.584574366870164	735	22	112	6	116	60	112	6	116	60	39	0	0.015624046325683594	36800	31.232238054275513	64	99.82608695652173	
32.58457436687016	112.0	6.0	116.0	60.0	32.584574366870164	736	22	112	6	116	60	112	6	116	60	39	0	0.031247377395629883	36850	31.263485431671143	64	99.82632293080054	
32.58457436687016	112.0	6.0	116.0	60.0	32.584574366870164	737	22	112	6	116	60	112	6	116	60	39	0	0.06249713897705078	36900	31.325982570648193	64	99.82655826558266	
32.58457436687016	112.0	6.0	116.0	60.0	32.584574366870164	738	22	112	6	116	60	112	6	116	60	39	0	0.031247377395629883	36950	31.357229948043823	64	99.82679296346414	
32.58457436687016	112.0	6.0	116.0	60.0	32.584574366870164	739	22	112	6	116	60	112	6	116	60	39	0	0.046872854232788086	37000	31.40410280227661	64	99.82702702702703	
32.58457436687016	112.0	6.0	116.0	60.0	32.584574366870164	740	22	112	6	116	60	112	6	116	60	39	0	0.04687094688415527	37050	31.450973749160767	64	99.8272604588394	
32.58457436687016	112.0	6.0	116.0	60.0	32.584574366870164	741	22	112	6	116	60	112	6	116	60	39	0	0.04687047004699707	37100	31.497844219207764	64	99.82749326145553	
32.58457436687016	112.0	6.0	116.0	60.0	32.584574366870164	742	22	112	6	116	60	112	6	116	60	39	0	0.06249642372131348	37150	31.560340642929077	64	99.82772543741588	
32.58457436687016	112.0	6.0	116.0	60.0	32.584574366870164	743	22	112	6	116	60	112	6	116	60	39	0	0.06249642372131348	37200	31.62283706665039	64	99.82795698924731	
32.58457436687016	112.0	6.0	116.0	60.0	32.584574366870164	744	22	112	6	116	60	112	6	116	60	39	0	0.04687190055847168	37250	31.669708967208862	64	99.82818791946309	
32.58457436687016	112.0	6.0	116.0	60.0	32.584574366870164	745	22	112	6	116	60	112	6	116	60	39	0	0.031247377395629883	37300	31.700956344604492	64	99.828418230563	
32.58457436687016	112.0	6.0	116.0	60.0	32.584574366870164	746	22	112	6	116	60	112	6	116	60	39	0	0.031247615814208984	37350	31.7322039604187	64	99.82864792503347	
32.58457436687016	112.0	6.0	116.0	60.0	32.584574366870164	747	22	112	6	116	60	112	6	116	60	39	0	0.031248807907104492	37400	31.763452768325806	64	99.8288770053476	
32.58457436687016	112.0	6.0	116.0	60.0	32.584574366870164	748	22	112	6	116	60	112	6	116	60	39	0	0.03125	37450	31.794702768325806	64	99.82910547396529	
32.58457436687016	112.0	6.0	116.0	60.0	32.584574366870164	749	22	112	6	116	60	112	6	116	60	39	0	0.04686999320983887	37500	31.841572761535645	64	99.82933333333334	
32.58457436687016	112.0	6.0	116.0	60.0	32.584574366870164	750	22	112	6	116	60	112	6	116	60	39	0	0.04687166213989258	37550	31.888444423675537	64	99.82956058588549	
32.58457436687016	112.0	6.0	116.0	60.0	32.584574366870164	751	22	112	6	116	60	112	6	116	60	39	0	0.04687190055847168	37600	31.93531632423401	64	99.82978723404256	
32.58457436687016	112.0	6.0	116.0	60.0	32.584574366870164	752	22	112	6	116	60	112	6	116	60	39	0	0.04687190055847168	37650	31.98218822479248	64	99.83001328021248	
32.58457436687016	112.0	6.0	116.0	60.0	32.584574366870164	753	22	112	6	116	60	112	6	116	60	39	0	0.06249380111694336	37700	32.044682025909424	64	99.83023872679045	
32.58457436687016	112.0	6.0	116.0	60.0	32.584574366870164	754	22	112	6	116	60	112	6	116	60	39	0	0.031247854232788086	37750	32.07592988014221	64	99.83046357615893	
32.58457436687016	112.0	6.0	116.0	60.0	32.584574366870164	755	22	112	6	116	60	112	6	116	60	39	0	0.01562356948852539	37800	32.09155344963074	64	99.83068783068784	
32.58457436687016	112.0	6.0	116.0	60.0	32.584574366870164	756	22	112	6	116	60	112	6	116	60	39	0	0.04687237739562988	37850	32.13842582702637	64	99.83091149273447	
32.58457436687016	112.0	6.0	116.0	60.0	32.584574366870164	757	22	112	6	116	60	112	6	116	60	39	0	0.04687190055847168	37900	32.18529772758484	64	99.8311345646438	
32.58457436687016	112.0	6.0	116.0	60.0	32.584574366870164	758	22	112	6	116	60	112	6	116	60	39	0	0.04687309265136719	37950	32.232170820236206	64	99.83135704874836	
32.58457436687016	112.0	6.0	116.0	60.0	32.584574366870164	759	22	112	6	116	60	112	6	116	60	39	0	0.031248807907104492	38000	32.26341962814331	64	99.83157894736843	
32.58457436687016	112.0	6.0	116.0	60.0	32.584574366870164	760	22	112	6	116	60	112	6	116	60	39	0	0.046869754791259766	38050	32.31028938293457	64	99.8318002628121	
32.58457436687016	112.0	6.0	116.0	60.0	32.584574366870164	761	22	112	6	116	60	112	6	116	60	39	0	0.031247854232788086	38100	32.34153723716736	64	99.83202099737532	
32.58457436687016	112.0	6.0	116.0	60.0	32.584574366870164	762	22	112	6	116	60	112	6	116	60	39	0	0.031247615814208984	38150	32.37278485298157	64	99.83224115334207	
32.58457436687016	112.0	6.0	116.0	60.0	32.584574366870164	763	22	112	6	116	60	112	6	116	60	39	0	0.06249547004699707	38200	32.435280323028564	64	99.83246073298429	
32.58457436687016	112.0	6.0	116.0	60.0	32.584574366870164	764	22	112	6	116	60	112	6	116	60	39	0	0.031247615814208984	38250	32.46652793884277	64	99.83267973856209	
32.58457436687016	112.0	6.0	116.0	60.0	32.584574366870164	765	22	112	6	116	60	112	6	116	60	39	0	0.0468745231628418	38300	32.513402462005615	64	99.83289817232377	
32.58457436687016	112.0	6.0	116.0	60.0	32.584574366870164	766	22	112	6	116	60	112	6	116	60	39	0	0.04687094688415527	38350	32.56027340888977	64	99.83311603650587	
32.58457436687016	112.0	6.0	116.0	60.0	32.584574366870164	767	22	112	6	116	60	112	6	116	60	39	0	0.046869754791259766	38400	32.60714316368103	64	99.83333333333333	
32.58457436687016	112.0	6.0	116.0	60.0	32.584574366870164	768	22	112	6	116	60	112	6	116	60	39	0	0.062497854232788086	38450	32.66964101791382	64	99.83355006501951	
32.58457436687016	112.0	6.0	116.0	60.0	32.584574366870164	769	22	112	6	116	60	112	6	116	60	39	0	0.046871185302734375	38500	32.71651220321655	64	99.83376623376624	
32.58457436687016	112.0	6.0	116.0	60.0	32.584574366870164	770	22	112	6	116	60	112	6	116	60	39	0	0.031247377395629883	38550	32.74775958061218	64	99.83398184176394	
32.58457436687016	112.0	6.0	116.0	60.0	32.584574366870164	771	22	112	6	116	60	112	6	116	60	39	0	0.04687309265136719	38600	32.79463267326355	64	99.83419689119171	
32.58457436687016	112.0	6.0	116.0	60.0	32.584574366870164	772	22	112	6	116	60	112	6	116	60	39	0	0.031246185302734375	38650	32.825878858566284	64	99.83441138421733	
32.58457436687016	112.0	6.0	116.0	60.0	32.584574366870164	773	22	112	6	116	60	112	6	116	60	39	0	0.04687190055847168	38700	32.872750759124756	64	99.83462532299741	
32.58457436687016	112.0	6.0	116.0	60.0	32.584574366870164	774	22	112	6	116	60	112	6	116	60	39	0	0.031247854232788086	38750	32.903998613357544	64	99.83483870967741	
32.58457436687016	112.0	6.0	116.0	60.0	32.584574366870164	775	22	112	6	116	60	112	6	116	60	39	0	0.03124833106994629	38800	32.93524694442749	64	99.83505154639175	
32.58457436687016	112.0	6.0	116.0	60.0	32.584574366870164	776	22	112	6	116	60	112	6	116	60	39	0	0.046871185302734375	38850	32.982118129730225	64	99.83526383526383	
32.58457436687016	112.0	6.0	116.0	60.0	32.584574366870164	777	22	112	6	116	60	112	6	116	60	39	0	0.04687142372131348	38900	33.02898955345154	64	99.83547557840618	
32.58457436687016	112.0	6.0	116.0	60.0	32.584574366870164	778	22	112	6	116	60	112	6	116	60	39	0	0.031247854232788086	38950	33.060237407684326	64	99.83568677792042	
32.58457436687016	112.0	6.0	116.0	60.0	32.584574366870164	779	22	112	6	116	60	112	6	116	60	39	0	0.031247615814208984	39000	33.091485023498535	64	99.83589743589744	
32.58457436687016	112.0	6.0	116.0	60.0	32.584574366870164	780	22	112	6	116	60	112	6	116	60	39	0	0.04687190055847168	39050	33.13835692405701	64	99.83610755441741	
32.58457436687016	112.0	6.0	116.0	60.0	32.584574366870164	781	22	112	6	116	60	112	6	116	60	39	0	0.04687237739562988	39100	33.18522930145264	64	99.83631713554988	
32.58457436687016	112.0	6.0	116.0	60.0	32.584574366870164	782	22	112	6	116	60	112	6	116	60	39	0	0.04687166213989258	39150	33.23210096359253	64	99.83652618135376	
32.58457436687016	112.0	6.0	116.0	60.0	32.584574366870164	783	22	112	6	116	60	112	6	116	60	39	0	0.04687213897705078	39200	33.27897310256958	64	99.83673469387755	
32.58457436687016	112.0	6.0	116.0	60.0	32.584574366870164	784	22	112	6	116	60	112	6	116	60	39	0	0.0312497615814209	39250	33.310222864151	64	99.83694267515924	
32.58457436687016	112.0	6.0	116.0	60.0	32.584574366870164	785	22	112	6	116	60	112	6	116	60	39	0	0.031247377395629883	39300	33.34147024154663	64	99.83715012722647	
32.58457436687016	112.0	6.0	116.0	60.0	32.584574366870164	786	22	112	6	116	60	112	6	116	60	39	0	0.04687023162841797	39350	33.38834047317505	64	99.83735705209656	
32.58457436687016	112.0	6.0	116.0	60.0	32.584574366870164	787	22	112	6	116	60	112	6	116	60	39	0	0.031248807907104492	39400	33.41958928108215	64	99.83756345177665	
32.58457436687016	112.0	6.0	116.0	60.0	32.584574366870164	788	22	112	6	116	60	112	6	116	60	39	0	0.04687070846557617	39450	33.46645998954773	64	99.83776932826362	
32.58457436687016	112.0	6.0	116.0	60.0	32.584574366870164	789	22	112	6	116	60	112	6	116	60	39	0	0.04687309265136719	39500	33.5133330821991	64	99.8379746835443	
32.58457436687016	112.0	6.0	116.0	60.0	32.584574366870164	790	22	112	6	116	60	112	6	116	60	39	0	0.04687047004699707	39550	33.560203552246094	64	99.83817951959544	
32.58457436687016	112.0	6.0	116.0	60.0	32.584574366870164	791	22	112	6	116	60	112	6	116	60	39	0	0.04687213897705078	39600	33.607075691223145	64	99.83838383838383	
32.58457436687016	112.0	6.0	116.0	60.0	32.584574366870164	792	22	112	6	116	60	112	6	116	60	39	0	0.03125143051147461	39650	33.63832712173462	64	99.83858764186633	
32.58457436687016	112.0	6.0	116.0	60.0	32.584574366870164	793	22	112	6	116	60	112	6	116	60	39	0	0.04686737060546875	39700	33.68519449234009	64	99.83879093198992	
32.58457436687016	112.0	6.0	116.0	60.0	32.584574366870164	794	22	112	6	116	60	112	6	116	60	39	0	0.03125119209289551	39750	33.71644568443298	64	99.83899371069182	
32.58457436687016	112.0	6.0	116.0	60.0	32.584574366870164	795	22	112	6	116	60	112	6	116	60	39	0	0.031246185302734375	39800	33.74769186973572	64	99.8391959798995	
32.58457436687016	112.0	6.0	116.0	60.0	32.584574366870164	796	22	112	6	116	60	112	6	116	60	39	0	0.04687190055847168	39850	33.79456377029419	64	99.83939774153075	
32.58457436687016	112.0	6.0	116.0	60.0	32.584574366870164	797	22	112	6	116	60	112	6	116	60	39	0	0.04687166213989258	39900	33.84143543243408	64	99.83959899749374	
32.58457436687016	112.0	6.0	116.0	60.0	32.584574366870164	798	22	112	6	116	60	112	6	116	60	39	0	0.031249523162841797	39950	33.872684955596924	64	99.8397997496871	
32.58457436687016	112.0	6.0	116.0	60.0	32.584574366870164	799	22	112	6	116	60	112	6	116	60	39	0	0.04686903953552246	40000	33.919553995132446	64	99.84	
32.58457436687016	112.0	6.0	116.0	60.0	32.584574366870164	800	22	112	6	116	60	112	6	116	60	39	0	0.046872854232788086	40050	33.966426849365234	64	99.84019975031211	
32.58457436687016	112.0	6.0	116.0	60.0	32.584574366870164	801	22	112	6	116	60	112	6	116	60	39	0	0.04687047004699707	40100	34.01329731941223	64	99.84039900249377	
32.58457436687016	112.0	6.0	116.0	60.0	32.584574366870164	802	22	112	6	116	60	112	6	116	60	39	0	0.04687333106994629	40150	34.06017065048218	64	99.84059775840598	
32.58457436687016	112.0	6.0	116.0	60.0	32.584574366870164	803	22	112	6	116	60	112	6	116	60	39	0	0.04687190055847168	40200	34.10704255104065	64	99.8407960199005	
32.58457436687016	112.0	6.0	116.0	60.0	32.584574366870164	804	22	112	6	116	60	112	6	116	60	39	0	0.031246185302734375	40250	34.138288736343384	64	99.84099378881987	
32.58457436687016	112.0	6.0	116.0	60.0	32.584574366870164	805	22	112	6	116	60	112	6	116	60	39	0	0.04687190055847168	40300	34.185160636901855	64	99.84119106699752	
32.58457436687016	112.0	6.0	116.0	60.0	32.584574366870164	806	22	112	6	116	60	112	6	116	60	39	0	0.046874284744262695	40350	34.23203492164612	64	99.84138785625774	
32.58457436687016	112.0	6.0	116.0	60.0	32.584574366870164	807	22	112	6	116	60	112	6	116	60	39	0	0.031247377395629883	40400	34.26328229904175	64	99.84158415841584	
32.58457436687016	112.0	6.0	116.0	60.0	32.584574366870164	808	22	112	6	116	60	112	6	116	60	39	0	0.046871185302734375	40450	34.31015348434448	64	99.84177997527811	
32.58457436687016	112.0	6.0	116.0	60.0	32.584574366870164	809	22	112	6	116	60	112	6	116	60	39	0	0.06249499320983887	40500	34.37264847755432	64	99.84197530864198	
32.58457436687016	112.0	6.0	116.0	60.0	32.584574366870164	810	22	112	6	116	60	112	6	116	60	39	0	0.031248092651367188	40550	34.40389657020569	64	99.84217016029594	
32.58457436687016	112.0	6.0	116.0	60.0	32.584574366870164	811	22	112	6	116	60	112	6	116	60	39	0	0.04687142372131348	40600	34.450767993927	64	99.8423645320197	
32.58457436687016	112.0	6.0	116.0	60.0	32.584574366870164	812	22	112	6	116	60	112	6	116	60	39	0	0.046872615814208984	40650	34.49764060974121	64	99.84255842558426	
32.58457436687016	112.0	6.0	116.0	60.0	32.584574366870164	813	22	112	6	116	60	112	6	116	60	39	0	0.046872854232788086	40700	34.544513463974	64	99.84275184275184	
32.58457436687016	112.0	6.0	116.0	60.0	32.584574366870164	814	22	112	6	116	60	112	6	116	60	39	0	0.06249403953552246	40750	34.60700750350952	64	99.84294478527607	
32.58457436687016	112.0	6.0	116.0	60.0	32.584574366870164	815	22	112	6	116	60	112	6	116	60	39	0	0.06249547004699707	40800	34.66950297355652	64	99.84313725490196	
32.58457436687016	112.0	6.0	116.0	60.0	32.584574366870164	816	22	112	6	116	60	112	6	116	60	39	0	0.04687142372131348	40850	34.71637439727783	64	99.84332925336598	
32.58457436687016	112.0	6.0	116.0	60.0	32.584574366870164	817	22	112	6	116	60	112	6	116	60	39	0	0.06249547004699707	40900	34.77886986732483	64	99.84352078239608	
32.58457436687016	112.0	6.0	116.0	60.0	32.584574366870164	818	22	112	6	116	60	112	6	116	60	39	0	0.046877145767211914	40950	34.82574701309204	64	99.84371184371184	
32.58457436687016	112.0	6.0	116.0	60.0	32.584574366870164	819	22	112	6	116	60	112	6	116	60	39	0	0.04686713218688965	41000	34.87261414527893	64	99.84390243902439	
32.58457436687016	112.0	6.0	116.0	60.0	32.584574366870164	820	22	112	6	116	60	112	6	116	60	39	0	0.046871185302734375	41050	34.919485330581665	64	99.84409257003654	
32.58457436687016	112.0	6.0	116.0	60.0	32.584574366870164	821	22	112	6	116	60	112	6	116	60	39	0	0.031248092651367188	41100	34.95073342323303	64	99.84428223844282	
32.58457436687016	112.0	6.0	116.0	60.0	32.584574366870164	822	22	112	6	116	60	112	6	116	60	39	0	0.046872615814208984	41150	34.99760603904724	64	99.84447144592953	
32.58457436687016	112.0	6.0	116.0	60.0	32.584574366870164	823	22	112	6	116	60	112	6	116	60	39	0	0.031246423721313477	41200	35.028852462768555	64	99.84466019417475	
32.58457436687016	112.0	6.0	116.0	60.0	32.584574366870164	824	22	112	6	116	60	112	6	116	60	39	0	0.04687190055847168	41250	35.075724363327026	64	99.84484848484848	
32.58457436687016	112.0	6.0	116.0	60.0	32.584574366870164	825	22	112	6	116	60	112	6	116	60	39	0	0.03124833106994629	41300	35.10697269439697	64	99.84503631961259	
32.58457436687016	112.0	6.0	116.0	60.0	32.584574366870164	826	22	112	6	116	60	112	6	116	60	39	0	0.04687070846557617	41350	35.15384340286255	64	99.84522370012093	
32.58457436687016	112.0	6.0	116.0	60.0	32.584574366870164	827	22	112	6	116	60	112	6	116	60	39	0	0.04687309265136719	41400	35.200716495513916	64	99.84541062801932	
32.58457436687016	112.0	6.0	116.0	60.0	32.584574366870164	828	22	112	6	116	60	112	6	116	60	39	0	0.04687190055847168	41450	35.24758839607239	64	99.84559710494572	
32.58457436687016	112.0	6.0	116.0	60.0	32.584574366870164	829	22	112	6	116	60	112	6	116	60	39	0	0.031248092651367188	41500	35.278836488723755	64	99.84578313253012	
32.58457436687016	112.0	6.0	116.0	60.0	32.584574366870164	830	22	112	6	116	60	112	6	116	60	39	0	0.04687166213989258	41550	35.32570815086365	64	99.84596871239471	
32.58457436687016	112.0	6.0	116.0	60.0	32.584574366870164	831	22	112	6	116	60	112	6	116	60	39	0	0.031249046325683594	41600	35.35695719718933	64	99.84615384615384	
32.58457436687016	112.0	6.0	116.0	60.0	32.584574366870164	832	22	112	6	116	60	112	6	116	60	39	0	0.04686999320983887	41650	35.40382719039917	64	99.84633853541416	
32.58457436687016	112.0	6.0	116.0	60.0	32.584574366870164	833	22	112	6	116	60	112	6	116	60	39	0	0.04687333106994629	41700	35.450700521469116	64	99.84652278177458	
32.58457436687016	112.0	6.0	116.0	60.0	32.584574366870164	834	22	112	6	116	60	112	6	116	60	39	0	0.031246423721313477	41750	35.48194694519043	64	99.84670658682634	
32.58457436687016	112.0	6.0	116.0	60.0	32.584574366870164	835	22	112	6	116	60	112	6	116	60	39	0	0.04687237739562988	41800	35.52881932258606	64	99.8468899521531	
32.58457436687016	112.0	6.0	116.0	60.0	32.584574366870164	836	22	112	6	116	60	112	6	116	60	39	0	0.04687309265136719	41850	35.57569241523743	64	99.84707287933094	
32.58457436687016	112.0	6.0	116.0	60.0	32.584574366870164	837	22	112	6	116	60	112	6	116	60	39	0	0.04687023162841797	41900	35.622562646865845	64	99.8472553699284	
32.58457436687016	112.0	6.0	116.0	60.0	32.584574366870164	838	22	112	6	116	60	112	6	116	60	39	0	0.031249046325683594	41950	35.65381169319153	64	99.84743742550656	
32.58457436687016	112.0	6.0	116.0	60.0	32.584574366870164	839	22	112	6	116	60	112	6	116	60	39	0	0.04687166213989258	42000	35.70068335533142	64	99.84761904761905	
32.58457436687016	112.0	6.0	116.0	60.0	32.584574366870164	840	22	112	6	116	60	112	6	116	60	39	0	0.04687047004699707	42050	35.74755382537842	64	99.84780023781212	
32.58457436687016	112.0	6.0	116.0	60.0	32.584574366870164	841	22	112	6	116	60	112	6	116	60	39	0	0.03124856948852539	42100	35.77880239486694	64	99.8479809976247	
32.58457436687016	112.0	6.0	116.0	60.0	32.584574366870164	842	22	112	6	116	60	112	6	116	60	39	0	0.04687166213989258	42150	35.825674057006836	64	99.84816132858838	
32.58457436687016	112.0	6.0	116.0	60.0	32.584574366870164	843	22	112	6	116	60	112	6	116	60	39	0	0.03124690055847168	42200	35.85692095756531	64	99.84834123222748	
32.58457436687016	112.0	6.0	116.0	60.0	32.584574366870164	844	22	112	6	116	60	112	6	116	60	39	0	0.031247854232788086	42250	35.888168811798096	64	99.84852071005918	
32.58457436687016	112.0	6.0	116.0	60.0	32.584574366870164	845	22	112	6	116	60	112	6	116	60	39	0	0.046874046325683594	42300	35.93504285812378	64	99.84869976359339	
32.58457436687016	112.0	6.0	116.0	60.0	32.584574366870164	846	22	112	6	116	60	112	6	116	60	39	0	0.04687047004699707	42350	35.981913328170776	64	99.84887839433294	
32.58457436687016	112.0	6.0	116.0	60.0	32.584574366870164	847	22	112	6	116	60	112	6	116	60	39	0	0.046872854232788086	42400	36.028786182403564	64	99.84905660377359	
32.58457436687016	112.0	6.0	116.0	60.0	32.584574366870164	848	22	112	6	116	60	112	6	116	60	39	0	0.03124690055847168	42450	36.060033082962036	64	99.849234393404	
32.58457436687016	112.0	6.0	116.0	60.0	32.584574366870164	849	22	112	6	116	60	112	6	116	60	39	0	0.046872854232788086	42500	36.106905937194824	64	99.84941176470588	
32.58457436687016	112.0	6.0	116.0	60.0	32.584574366870164	850	22	112	6	116	60	112	6	116	60	39	0	0.031246662139892578	42550	36.13815259933472	64	99.84958871915394	
32.58457436687016	112.0	6.0	116.0	60.0	32.584574366870164	851	22	112	6	116	60	112	6	116	60	39	0	0.04687190055847168	42600	36.18502449989319	64	99.84976525821597	
32.58457436687016	112.0	6.0	116.0	60.0	32.584574366870164	852	22	112	6	116	60	112	6	116	60	39	0	0.031247615814208984	42650	36.2162721157074	64	99.84994138335287	
32.58457436687016	112.0	6.0	116.0	60.0	32.584574366870164	853	22	112	6	116	60	112	6	116	60	39	0	0.015624284744262695	42700	36.23189640045166	64	99.85011709601874	
32.58457436687016	112.0	6.0	116.0	60.0	32.584574366870164	854	22	112	6	116	60	112	6	116	60	39	0	0.031248807907104492	42750	36.263145208358765	64	99.85029239766082	
32.58457436687016	112.0	6.0	116.0	60.0	32.584574366870164	855	22	112	6	116	60	112	6	116	60	39	0	0.04687023162841797	42800	36.31001543998718	64	99.85046728971963	
32.58457436687016	112.0	6.0	116.0	60.0	32.584574366870164	856	22	112	6	116	60	112	6	116	60	39	0	0.04687166213989258	42850	36.356887102127075	64	99.85064177362894	
32.58457436687016	112.0	6.0	116.0	60.0	32.584574366870164	857	22	112	6	116	60	112	6	116	60	39	0	0.03124856948852539	42900	36.3881356716156	64	99.85081585081585	
32.58457436687016	112.0	6.0	116.0	60.0	32.584574366870164	858	22	112	6	116	60	112	6	116	60	39	0	0.031247854232788086	42950	36.41938352584839	64	99.85098952270081	
32.58457436687016	112.0	6.0	116.0	60.0	32.584574366870164	859	22	112	6	116	60	112	6	116	60	39	0	0.04687070846557617	43000	36.466254234313965	64	99.85116279069767	
32.58457436687016	112.0	6.0	116.0	60.0	32.584574366870164	860	22	112	6	116	60	112	6	116	60	39	0	0.04687213897705078	43050	36.513126373291016	64	99.8513356562137	
32.58457436687016	112.0	6.0	116.0	60.0	32.584574366870164	861	22	112	6	116	60	112	6	116	60	39	0	0.04687237739562988	43100	36.559998750686646	64	99.85150812064965	
32.58457436687016	112.0	6.0	116.0	60.0	32.584574366870164	862	22	112	6	116	60	112	6	116	60	39	0	0.046872854232788086	43150	36.606871604919434	64	99.85168018539977	
32.58457436687016	112.0	6.0	116.0	60.0	32.584574366870164	863	22	112	6	116	60	112	6	116	60	39	0	0.031247854232788086	43200	36.63811945915222	64	99.85185185185185	
32.58457436687016	112.0	6.0	116.0	60.0	32.584574366870164	864	22	112	6	116	60	112	6	116	60	39	0	0.046869516372680664	43250	36.6849889755249	64	99.85202312138728	
32.58457436687016	112.0	6.0	116.0	60.0	32.584574366870164	865	22	112	6	116	60	112	6	116	60	39	0	0.04687619209289551	43300	36.7318651676178	64	99.85219399538106	
32.58457436687016	112.0	6.0	116.0	60.0	32.584574366870164	866	22	112	6	116	60	112	6	116	60	39	0	0.03124713897705078	43350	36.76311230659485	64	99.85236447520184	
32.58457436687016	112.0	6.0	116.0	60.0	32.584574366870164	867	22	112	6	116	60	112	6	116	60	39	0	0.04686856269836426	43400	36.80998086929321	64	99.85253456221199	
32.58457436687016	112.0	6.0	116.0	60.0	32.584574366870164	868	22	112	6	116	60	112	6	116	60	39	0	0.031247615814208984	43450	36.84122848510742	64	99.85270425776756	
32.58457436687016	112.0	6.0	116.0	60.0	32.584574366870164	869	22	112	6	116	60	112	6	116	60	39	0	0.04687166213989258	43500	36.888100147247314	64	99.8528735632184	
32.58457436687016	112.0	6.0	116.0	60.0	32.584574366870164	870	22	112	6	116	60	112	6	116	60	39	0	0.031249046325683594	43550	36.919349193573	64	99.85304247990815	
32.58457436687016	112.0	6.0	116.0	60.0	32.584574366870164	871	22	112	6	116	60	112	6	116	60	39	0	0.04687023162841797	43600	36.966219425201416	64	99.85321100917432	
32.58457436687016	112.0	6.0	116.0	60.0	32.584574366870164	872	22	112	6	116	60	112	6	116	60	39	0	0.04687333106994629	43650	37.01309275627136	64	99.85337915234823	
32.58457436687016	112.0	6.0	116.0	60.0	32.584574366870164	873	22	112	6	116	60	112	6	116	60	39	0	0.04687070846557617	43700	37.05996346473694	64	99.85354691075514	
32.58457436687016	112.0	6.0	116.0	60.0	32.584574366870164	874	22	112	6	116	60	112	6	116	60	39	0	0.04687356948852539	43750	37.106837034225464	64	99.85371428571429	
32.58457436687016	112.0	6.0	116.0	60.0	32.584574366870164	875	22	112	6	116	60	112	6	116	60	39	0	0.031245946884155273	43800	37.13808298110962	64	99.85388127853881	
32.58457436687016	112.0	6.0	116.0	60.0	32.584574366870164	876	22	112	6	116	60	112	6	116	60	39	0	0.04687142372131348	43850	37.18495440483093	64	99.85404789053592	
32.58457436687016	112.0	6.0	116.0	60.0	32.584574366870164	877	22	112	6	116	60	112	6	116	60	39	0	0.046872615814208984	43900	37.23182702064514	64	99.85421412300683	
32.58457436687016	112.0	6.0	116.0	60.0	32.584574366870164	878	22	112	6	116	60	112	6	116	60	39	0	0.046871185302734375	43950	37.278698205947876	64	99.85437997724686	
32.58457436687016	112.0	6.0	116.0	60.0	32.584574366870164	879	22	112	6	116	60	112	6	116	60	39	0	0.031248092651367188	44000	37.30994629859924	64	99.85454545454546	
32.58457436687016	112.0	6.0	116.0	60.0	32.584574366870164	880	22	112	6	116	60	112	6	116	60	39	0	0.031248092651367188	44050	37.34119439125061	64	99.85471055618615	
32.58457436687016	112.0	6.0	116.0	60.0	32.584574366870164	881	22	112	6	116	60	112	6	116	60	39	0	0.015624046325683594	44100	37.356818437576294	64	99.85487528344672	
32.58457436687016	112.0	6.0	116.0	60.0	32.584574366870164	882	22	112	6	116	60	112	6	116	60	39	0	0.04687237739562988	44150	37.403690814971924	64	99.85503963759909	
32.58457436687016	112.0	6.0	116.0	60.0	32.584574366870164	883	22	112	6	116	60	112	6	116	60	39	0	0.04687094688415527	44200	37.45056176185608	64	99.8552036199095	
32.58457436687016	112.0	6.0	116.0	60.0	32.584574366870164	884	22	112	6	116	60	112	6	116	60	39	0	0.04687237739562988	44250	37.49743413925171	64	99.85536723163843	
32.58457436687016	112.0	6.0	116.0	60.0	32.584574366870164	885	22	112	6	116	60	112	6	116	60	39	0	0.031247854232788086	44300	37.5286819934845	64	99.85553047404063	
32.58457436687016	112.0	6.0	116.0	60.0	32.584574366870164	886	22	112	6	116	60	112	6	116	60	39	0	0.04687166213989258	44350	37.57555365562439	64	99.85569334836528	
32.58457436687016	112.0	6.0	116.0	60.0	32.584574366870164	887	22	112	6	116	60	112	6	116	60	39	0	0.04687213897705078	44400	37.62242579460144	64	99.85585585585585	
32.58457436687016	112.0	6.0	116.0	60.0	32.584574366870164	888	22	112	6	116	60	112	6	116	60	39	0	0.04687166213989258	44450	37.66929745674133	64	99.85601799775029	
32.58457436687016	112.0	6.0	116.0	60.0	32.584574366870164	889	22	112	6	116	60	112	6	116	60	39	0	0.046872854232788086	44500	37.71617031097412	64	99.85617977528089	
32.58457436687016	112.0	6.0	116.0	60.0	32.584574366870164	890	22	112	6	116	60	112	6	116	60	39	0	0.03124690055847168	44550	37.74741721153259	64	99.85634118967452	
32.58457436687016	112.0	6.0	116.0	60.0	32.584574366870164	891	22	112	6	116	60	112	6	116	60	39	0	0.04687094688415527	44600	37.79428815841675	64	99.85650224215247	
32.58457436687016	112.0	6.0	116.0	60.0	32.584574366870164	892	22	112	6	116	60	112	6	116	60	39	0	0.03124833106994629	44650	37.825536489486694	64	99.85666293393056	
32.58457436687016	112.0	6.0	116.0	60.0	32.584574366870164	893	22	112	6	116	60	112	6	116	60	39	0	0.031250715255737305	44700	37.85678720474243	64	99.85682326621924	
32.58457436687016	112.0	6.0	116.0	60.0	32.584574366870164	894	22	112	6	116	60	112	6	116	60	39	0	0.046869516372680664	44750	37.90365672111511	64	99.85698324022346	
32.58457436687016	112.0	6.0	116.0	60.0	32.584574366870164	895	22	112	6	116	60	112	6	116	60	39	0	0.062496185302734375	44800	37.96615290641785	64	99.85714285714286	
32.58457436687016	112.0	6.0	116.0	60.0	32.584574366870164	896	22	112	6	116	60	112	6	116	60	39	0	0.046872615814208984	44850	38.013025522232056	64	99.85730211817169	
32.58457436687016	112.0	6.0	116.0	60.0	32.584574366870164	897	22	112	6	116	60	112	6	116	60	39	0	0.04687213897705078	44900	38.059897661209106	64	99.85746102449889	
32.58457436687016	112.0	6.0	116.0	60.0	32.584574366870164	898	22	112	6	116	60	112	6	116	60	39	0	0.03124856948852539	44950	38.09114623069763	64	99.85761957730811	
32.58457436687016	112.0	6.0	116.0	60.0	32.584574366870164	899	22	112	6	116	60	112	6	116	60	39	0	0.04686880111694336	45000	38.138015031814575	64	99.85777777777778	
32.58457436687016	112.0	6.0	116.0	60.0	32.584574366870164	900	22	112	6	116	60	112	6	116	60	39	0	0.046872854232788086	45050	38.18488788604736	64	99.85793562708102	
32.58457436687016	112.0	6.0	116.0	60.0	32.584574366870164	901	22	112	6	116	60	112	6	116	60	39	0	0.04687213897705078	45100	38.231760025024414	64	99.85809312638581	
32.58457436687016	112.0	6.0	116.0	60.0	32.584574366870164	902	22	112	6	116	60	112	6	116	60	39	0	0.04687094688415527	45150	38.27863097190857	64	99.85825027685493	
32.58457436687016	112.0	6.0	116.0	60.0	32.584574366870164	903	22	112	6	116	60	112	6	116	60	39	0	0.031247615814208984	45200	38.30987858772278	64	99.85840707964601	
32.58457436687016	112.0	6.0	116.0	60.0	32.584574366870164	904	22	112	6	116	60	112	6	116	60	39	0	0.06249642372131348	45250	38.37237501144409	64	99.8585635359116	
32.58457436687016	112.0	6.0	116.0	60.0	32.584574366870164	905	22	112	6	116	60	112	6	116	60	39	0	0.04687213897705078	45300	38.41924715042114	64	99.85871964679912	
32.58457436687016	112.0	6.0	116.0	60.0	32.584574366870164	906	22	112	6	116	60	112	6	116	60	39	0	0.04687094688415527	45350	38.4661180973053	64	99.85887541345093	
32.58457436687016	112.0	6.0	116.0	60.0	32.584574366870164	907	22	112	6	116	60	112	6	116	60	39	0	0.04687166213989258	45400	38.51298975944519	64	99.85903083700441	
32.58457436687016	112.0	6.0	116.0	60.0	32.584574366870164	908	22	112	6	116	60	112	6	116	60	39	0	0.04687190055847168	45450	38.55986166000366	64	99.85918591859186	
32.58457436687016	112.0	6.0	116.0	60.0	32.584574366870164	909	22	112	6	116	60	112	6	116	60	39	0	0.04687166213989258	45500	38.606733322143555	64	99.85934065934066	
32.58457436687016	112.0	6.0	116.0	60.0	32.584574366870164	910	22	112	6	116	60	112	6	116	60	39	0	0.031247854232788086	45550	38.63798117637634	64	99.85949506037322	
32.58457436687016	112.0	6.0	116.0	60.0	32.584574366870164	911	22	112	6	116	60	112	6	116	60	39	0	0.06249690055847168	45600	38.700478076934814	64	99.85964912280701	
32.58457436687016	112.0	6.0	116.0	60.0	32.584574366870164	912	22	112	6	116	60	112	6	116	60	39	0	0.03124690055847168	45650	38.731724977493286	64	99.85980284775465	
32.58457436687016	112.0	6.0	116.0	60.0	32.584574366870164	913	22	112	6	116	60	112	6	116	60	39	0	0.04687166213989258	45700	38.77859663963318	64	99.85995623632385	
32.58457436687016	112.0	6.0	116.0	60.0	32.584574366870164	914	22	112	6	116	60	112	6	116	60	39	0	0.046872854232788086	45750	38.82546949386597	64	99.86010928961748	
32.58457436687016	112.0	6.0	116.0	60.0	32.584574366870164	915	22	112	6	116	60	112	6	116	60	39	0	0.04687070846557617	45800	38.87234020233154	64	99.86026200873363	
32.58457436687016	112.0	6.0	116.0	60.0	32.584574366870164	916	22	112	6	116	60	112	6	116	60	39	0	0.031248807907104492	45850	38.90358901023865	64	99.86041439476554	
32.58457436687016	112.0	6.0	116.0	60.0	32.584574366870164	917	22	112	6	116	60	112	6	116	60	39	0	0.04687190055847168	45900	38.95046091079712	64	99.86056644880175	
32.58457436687016	112.0	6.0	116.0	60.0	32.584574366870164	918	22	112	6	116	60	112	6	116	60	39	0	0.03124713897705078	45950	38.98170804977417	64	99.86071817192601	
32.58457436687016	112.0	6.0	116.0	60.0	32.584574366870164	919	22	112	6	116	60	112	6	116	60	39	0	0.046872854232788086	46000	39.02858090400696	64	99.86086956521739	
32.58457436687016	112.0	6.0	116.0	60.0	32.584574366870164	920	22	112	6	116	60	112	6	116	60	39	0	0.046869754791259766	46050	39.07545065879822	64	99.86102062975027	
32.58457436687016	112.0	6.0	116.0	60.0	32.584574366870164	921	22	112	6	116	60	112	6	116	60	39	0	0.03124856948852539	46100	39.10669922828674	64	99.86117136659436	
32.58457436687016	112.0	6.0	116.0	60.0	32.584574366870164	922	22	112	6	116	60	112	6	116	60	39	0	0.031247615814208984	46150	39.13794684410095	64	99.86132177681473	
32.58457436687016	112.0	6.0	116.0	60.0	32.584574366870164	923	22	112	6	116	60	112	6	116	60	39	0	0.046872854232788086	46200	39.18481969833374	64	99.86147186147186	
32.58457436687016	112.0	6.0	116.0	60.0	32.584574366870164	924	22	112	6	116	60	112	6	116	60	39	0	0.04687070846557617	46250	39.231690406799316	64	99.86162162162162	
32.58457436687016	112.0	6.0	116.0	60.0	32.584574366870164	925	22	112	6	116	60	112	6	116	60	39	0	0.046872615814208984	46300	39.278563022613525	64	99.86177105831534	
32.58457436687016	112.0	6.0	116.0	60.0	32.584574366870164	926	22	112	6	116	60	112	6	116	60	39	0	0.04687047004699707	46350	39.32543349266052	64	99.86192017259978	
32.58457436687016	112.0	6.0	116.0	60.0	32.584574366870164	927	22	112	6	116	60	112	6	116	60	39	0	0.04687380790710449	46400	39.37230730056763	64	99.86206896551724	
32.58457436687016	112.0	6.0	116.0	60.0	32.584574366870164	928	22	112	6	116	60	112	6	116	60	39	0	0.03124690055847168	46450	39.4035542011261	64	99.86221743810549	
32.58457436687016	112.0	6.0	116.0	60.0	32.584574366870164	929	22	112	6	116	60	112	6	116	60	39	0	0.046871185302734375	46500	39.45042538642883	64	99.86236559139785	
32.58457436687016	112.0	6.0	116.0	60.0	32.584574366870164	930	22	112	6	116	60	112	6	116	60	39	0	0.06249570846557617	46550	39.51292109489441	64	99.8625134264232	
32.58457436687016	112.0	6.0	116.0	60.0	32.584574366870164	931	22	112	6	116	60	112	6	116	60	39	0	0.03124833106994629	46600	39.544169425964355	64	99.86266094420601	
32.58457436687016	112.0	6.0	116.0	60.0	32.584574366870164	932	22	112	6	116	60	112	6	116	60	39	0	0.04687166213989258	46650	39.59104108810425	64	99.86280814576635	
32.58457436687016	112.0	6.0	116.0	60.0	32.584574366870164	933	22	112	6	116	60	112	6	116	60	39	0	0.04687166213989258	46700	39.63791275024414	64	99.86295503211991	
32.58457436687016	112.0	6.0	116.0	60.0	32.584574366870164	934	22	112	6	116	60	112	6	116	60	39	0	0.04687166213989258	46750	39.68478441238403	64	99.86310160427807	
32.58457436687016	112.0	6.0	116.0	60.0	32.584574366870164	935	22	112	6	116	60	112	6	116	60	39	0	0.04687190055847168	46800	39.731656312942505	64	99.86324786324786	
32.58457436687016	112.0	6.0	116.0	60.0	32.584574366870164	936	22	112	6	116	60	112	6	116	60	39	0	0.015623807907104492	46850	39.74728012084961	64	99.86339381003202	
32.58457436687016	112.0	6.0	116.0	60.0	32.584574366870164	937	22	112	6	116	60	112	6	116	60	39	0	0.046872615814208984	46900	39.79415273666382	64	99.863539445629	
32.58457436687016	112.0	6.0	116.0	60.0	32.584574366870164	938	22	112	6	116	60	112	6	116	60	39	0	0.04687213897705078	46950	39.84102487564087	64	99.86368477103301	
32.58457436687016	112.0	6.0	116.0	60.0	32.584574366870164	939	22	112	6	116	60	112	6	116	60	39	0	0.06249403953552246	47000	39.90351891517639	64	99.86382978723404	
32.58457436687016	112.0	6.0	116.0	60.0	32.584574366870164	940	22	112	6	116	60	112	6	116	60	39	0	0.0312497615814209	47050	39.93476867675781	64	99.86397449521786	
32.58457436687016	112.0	6.0	116.0	60.0	32.584574366870164	941	22	112	6	116	60	112	6	116	60	39	0	0.046874046325683594	47100	39.981642723083496	64	99.86411889596603	
32.58457436687016	112.0	6.0	116.0	60.0	32.584574366870164	942	22	112	6	116	60	112	6	116	60	39	0	0.04686784744262695	47150	40.02851057052612	64	99.864262990456	
32.58457436687016	112.0	6.0	116.0	60.0	32.584574366870164	943	22	112	6	116	60	112	6	116	60	39	0	0.031248807907104492	47200	40.05975937843323	64	99.86440677966101	
32.58457436687016	112.0	6.0	116.0	60.0	32.584574366870164	944	22	112	6	116	60	112	6	116	60	39	0	0.031247854232788086	47250	40.091007232666016	64	99.86455026455026	
32.58457436687016	112.0	6.0	116.0	60.0	32.584574366870164	945	22	112	6	116	60	112	6	116	60	39	0	0.031249046325683594	47300	40.1222562789917	64	99.8646934460888	
32.58457436687016	112.0	6.0	116.0	60.0	32.584574366870164	946	22	112	6	116	60	112	6	116	60	39	0	0.04687094688415527	47350	40.169127225875854	64	99.86483632523759	
32.58457436687016	112.0	6.0	116.0	60.0	32.584574366870164	947	22	112	6	116	60	112	6	116	60	39	0	0.03124856948852539	47400	40.20037579536438	64	99.86497890295358	
32.58457436687016	112.0	6.0	116.0	60.0	32.584574366870164	948	22	112	6	116	60	112	6	116	60	39	0	0.04686999320983887	47450	40.24724578857422	64	99.86512118018967	
32.58457436687016	112.0	6.0	116.0	60.0	32.584574366870164	949	22	112	6	116	60	112	6	116	60	39	0	0.03124856948852539	47500	40.278494358062744	64	99.86526315789473	
32.58457436687016	112.0	6.0	116.0	60.0	32.584574366870164	950	22	112	6	116	60	112	6	116	60	39	0	0.04687166213989258	47550	40.32536602020264	64	99.86540483701367	
32.58457436687016	112.0	6.0	116.0	60.0	32.584574366870164	951	22	112	6	116	60	112	6	116	60	39	0	0.046871185302734375	47600	40.37223720550537	64	99.8655462184874	
32.58457436687016	112.0	6.0	116.0	60.0	32.584574366870164	952	22	112	6	116	60	112	6	116	60	39	0	0.031248807907104492	47650	40.403486013412476	64	99.86568730325288	
32.58457436687016	112.0	6.0	116.0	60.0	32.584574366870164	953	22	112	6	116	60	112	6	116	60	39	0	0.04687190055847168	47700	40.45035791397095	64	99.86582809224319	
32.58457436687016	112.0	6.0	116.0	60.0	32.584574366870164	954	22	112	6	116	60	112	6	116	60	39	0	0.031247615814208984	47750	40.481605529785156	64	99.86596858638744	
32.58457436687016	112.0	6.0	116.0	60.0	32.584574366870164	955	22	112	6	116	60	112	6	116	60	39	0	0.062494754791259766	47800	40.544100284576416	64	99.86610878661088	
32.58457436687016	112.0	6.0	116.0	60.0	32.584574366870164	956	22	112	6	116	60	112	6	116	60	39	0	0.04687190055847168	47850	40.59097218513489	64	99.8662486938349	
32.58457436687016	112.0	6.0	116.0	60.0	32.584574366870164	957	22	112	6	116	60	112	6	116	60	39	0	0.015623807907104492	47900	40.60659599304199	64	99.86638830897704	
32.58457436687016	112.0	6.0	116.0	60.0	32.584574366870164	958	22	112	6	116	60	112	6	116	60	39	0	0.031249284744262695	47950	40.637845277786255	64	99.86652763295099	
32.58457436687016	112.0	6.0	116.0	60.0	32.584574366870164	959	22	112	6	116	60	112	6	116	60	39	0	0.04687190055847168	48000	40.68471717834473	64	99.86666666666666	
32.58457436687016	112.0	6.0	116.0	60.0	32.584574366870164	960	22	112	6	116	60	112	6	116	60	39	0	0.04687094688415527	48050	40.73158812522888	64	99.86680541103017	
32.58457436687016	112.0	6.0	116.0	60.0	32.584574366870164	961	22	112	6	116	60	112	6	116	60	39	0	0.046872854232788086	48100	40.77846097946167	64	99.86694386694387	
32.58457436687016	112.0	6.0	116.0	60.0	32.584574366870164	962	22	112	6	116	60	112	6	116	60	39	0	0.04687094688415527	48150	40.825331926345825	64	99.86708203530634	
32.58457436687016	112.0	6.0	116.0	60.0	32.584574366870164	963	22	112	6	116	60	112	6	116	60	39	0	0.04687142372131348	48200	40.87220335006714	64	99.86721991701245	
32.58457436687016	112.0	6.0	116.0	60.0	32.584574366870164	964	22	112	6	116	60	112	6	116	60	39	0	0.04687142372131348	48250	40.91907477378845	64	99.86735751295336	
32.58457436687016	112.0	6.0	116.0	60.0	32.584574366870164	965	22	112	6	116	60	112	6	116	60	39	0	0.0468747615814209	48300	40.96594953536987	64	99.86749482401656	
32.58457436687016	112.0	6.0	116.0	60.0	32.584574366870164	966	22	112	6	116	60	112	6	116	60	39	0	0.04686880111694336	48350	41.012818336486816	64	99.86763185108583	
32.58457436687016	112.0	6.0	116.0	60.0	32.584574366870164	967	22	112	6	116	60	112	6	116	60	39	0	0.031247615814208984	48400	41.044065952301025	64	99.86776859504133	
32.58457436687016	112.0	6.0	116.0	60.0	32.584574366870164	968	22	112	6	116	60	112	6	116	60	39	0	0.04687166213989258	48450	41.09093761444092	64	99.86790505675954	
32.58457436687016	112.0	6.0	116.0	60.0	32.584574366870164	969	22	112	6	116	60	112	6	116	60	39	0	0.04687213897705078	48500	41.13780975341797	64	99.8680412371134	
32.58457436687016	112.0	6.0	116.0	60.0	32.584574366870164	970	22	112	6	116	60	112	6	116	60	39	0	0.04687166213989258	48550	41.18468141555786	64	99.8681771369722	
32.58457436687016	112.0	6.0	116.0	60.0	32.584574366870164	971	22	112	6	116	60	112	6	116	60	39	0	0.04687213897705078	48600	41.23155355453491	64	99.86831275720165	
32.58457436687016	112.0	6.0	116.0	60.0	32.584574366870164	972	22	112	6	116	60	112	6	116	60	39	0	0.04687142372131348	48650	41.278424978256226	64	99.86844809866393	
32.58457436687016	112.0	6.0	116.0	60.0	32.584574366870164	973	22	112	6	116	60	112	6	116	60	39	0	0.046872854232788086	48700	41.325297832489014	64	99.86858316221766	
32.58457436687016	112.0	6.0	116.0	60.0	32.584574366870164	974	22	112	6	116	60	112	6	116	60	39	0	0.04687070846557617	48750	41.37216854095459	64	99.86871794871794	
32.58457436687016	112.0	6.0	116.0	60.0	32.584574366870164	975	22	112	6	116	60	112	6	116	60	39	0	0.031247615814208984	48800	41.4034161567688	64	99.8688524590164	
32.58457436687016	112.0	6.0	116.0	60.0	32.584574366870164	976	22	112	6	116	60	112	6	116	60	39	0	0.04687190055847168	48850	41.45028805732727	64	99.8689866939611	
32.58457436687016	112.0	6.0	116.0	60.0	32.584574366870164	977	22	112	6	116	60	112	6	116	60	39	0	0.031248092651367188	48900	41.48153614997864	64	99.86912065439672	
32.58457436687016	112.0	6.0	116.0	60.0	32.584574366870164	978	22	112	6	116	60	112	6	116	60	39	0	0.04687190055847168	48950	41.52840805053711	64	99.86925434116445	
32.58457436687016	112.0	6.0	116.0	60.0	32.584574366870164	979	22	112	6	116	60	112	6	116	60	39	0	0.031247615814208984	49000	41.55965566635132	64	99.86938775510204	
32.58457436687016	112.0	6.0	116.0	60.0	32.584574366870164	980	22	112	6	116	60	112	6	116	60	39	0	0.04687237739562988	49050	41.60652804374695	64	99.86952089704383	
32.58457436687016	112.0	6.0	116.0	60.0	32.584574366870164	981	22	112	6	116	60	112	6	116	60	39	0	0.04687142372131348	49100	41.65339946746826	64	99.86965376782078	
32.58457436687016	112.0	6.0	116.0	60.0	32.584574366870164	982	22	112	6	116	60	112	6	116	60	39	0	0.015624046325683594	49150	41.669023513793945	64	99.86978636826042	
32.58457436687016	112.0	6.0	116.0	60.0	32.584574366870164	983	22	112	6	116	60	112	6	116	60	39	0	0.04687094688415527	49200	41.7158944606781	64	99.869918699187	
32.58457436687016	112.0	6.0	116.0	60.0	32.584574366870164	984	22	112	6	116	60	112	6	116	60	39	0	0.031248807907104492	49250	41.747143268585205	64	99.87005076142133	
32.58457436687016	112.0	6.0	116.0	60.0	32.584574366870164	985	22	112	6	116	60	112	6	116	60	39	0	0.031247377395629883	49300	41.778390645980835	64	99.87018255578093	
32.58457436687016	112.0	6.0	116.0	60.0	32.584574366870164	986	22	112	6	116	60	112	6	116	60	39	0	0.046871185302734375	49350	41.82526183128357	64	99.87031408308005	
32.58457436687016	112.0	6.0	116.0	60.0	32.584574366870164	987	22	112	6	116	60	112	6	116	60	39	0	0.046872854232788086	49400	41.87213468551636	64	99.87044534412955	
32.58457436687016	112.0	6.0	116.0	60.0	32.584574366870164	988	22	112	6	116	60	112	6	116	60	39	0	0.04687142372131348	49450	41.91900610923767	64	99.87057633973711	
32.58457436687016	112.0	6.0	116.0	60.0	32.584574366870164	989	22	112	6	116	60	112	6	116	60	39	0	0.04687190055847168	49500	41.96587800979614	64	99.87070707070707	
32.58457436687016	112.0	6.0	116.0	60.0	32.584574366870164	990	22	112	6	116	60	112	6	116	60	39	0	0.031248092651367188	49550	41.99712610244751	64	99.87083753784057	
32.58457436687016	112.0	6.0	116.0	60.0	32.584574366870164	991	22	112	6	116	60	112	6	116	60	39	0	0.04687142372131348	49600	42.04399752616882	64	99.87096774193549	
32.58457436687016	112.0	6.0	116.0	60.0	32.584574366870164	992	22	112	6	116	60	112	6	116	60	39	0	0.04687166213989258	49650	42.090869188308716	64	99.8710976837865	
32.58457436687016	112.0	6.0	116.0	60.0	32.584574366870164	993	22	112	6	116	60	112	6	116	60	39	0	0.031247854232788086	49700	42.122117042541504	64	99.87122736418512	
32.58457436687016	112.0	6.0	116.0	60.0	32.584574366870164	994	22	112	6	116	60	112	6	116	60	39	0	0.031247615814208984	49750	42.15336465835571	64	99.8713567839196	
32.58457436687016	112.0	6.0	116.0	60.0	32.584574366870164	995	22	112	6	116	60	112	6	116	60	39	0	0.046872615814208984	49800	42.20023727416992	64	99.8714859437751	
32.58457436687016	112.0	6.0	116.0	60.0	32.584574366870164	996	22	112	6	116	60	112	6	116	60	39	0	0.04687166213989258	49850	42.247108936309814	64	99.8716148445336	
32.58457436687016	112.0	6.0	116.0	60.0	32.584574366870164	997	22	112	6	116	60	112	6	116	60	39	0	0.046871185302734375	49900	42.29398012161255	64	99.87174348697395	
32.58457436687016	112.0	6.0	116.0	60.0	32.584574366870164	998	22	112	6	116	60	112	6	116	60	39	0	0.031248092651367188	49950	42.325228214263916	64	99.87187187187187	
32.58457436687016	112.0	6.0	116.0	60.0	32.584574366870164	999	22	112	6	116	60	112	6	116	60	39	0	0.04687213897705078	50000	42.37210035324097	64	99.872	
32.58457436687016	112.0	6.0	116.0	60.0	32.584574366870164	1000	22	112	6	116	60	112	6	116	60	39	0	0.04687190055847168	50050	42.41897225379944	64	99.87212787212788	
