ave_fitness	ave_genome_length	ave_tree_depth	ave_tree_nodes	ave_used_codons	best_fitness	gen	invalids	max_genome_length	max_tree_depth	max_tree_nodes	max_used_codons	min_genome_length	min_tree_depth	min_tree_nodes	min_used_codons	runtime_error	time_adjust	time_taken	total_inds	total_time	unique_inds	unused_search	
6.861239513718085e+49	101.0	6.5	130.5	67.5	57.59544304381678	0	0	180	10	232	120	22	3	29	15	300	0	7.171383619308472	500	7.171383619308472	200	60.0	
6.661194812495572e+36	31.886	3.2793296089385473	37.100558659217874	19.189944134078214	57.59544304381678	1	142	112	7.0	145.0	75.0	22	3.0	29.0	15.0	374	0	0.4687175750732422	1000	7.640101194381714	272	72.8	
9.378146004114697e+28	36.026	3.156182212581345	33.529284164859	17.342733188720175	57.59544304381678	2	182	112	7.0	145.0	75.0	22	3.0	29.0	15.0	388	0	0.15623927116394043	1500	7.796340465545654	298	80.13333333333333	
7510207.614561838	35.432	3.0431211498973307	30.250513347022586	15.646817248459959	57.59544304381678	3	196	45	5.0	87.0	45.0	22	3.0	29.0	15.0	391	0	0.18748736381530762	2000	7.983827829360962	305	84.75	
61.93416497101462	34.604	3.002	29.058	15.03	57.59544304381678	4	196	45	4	58	30	22	3	29	15	391	0	0.12499141693115234	2500	8.108819246292114	306	87.76	
59.144388150027154	33.5	3.002	29.058	15.03	57.59544304381678	5	196	45	4	58	30	22	3	29	15	391	0	0.17186307907104492	3000	8.28068232536316	306	89.8	
1300500143820074.5	35.156	3.006	29.174	15.09	57.59544304381678	6	197	45	5	87	45	22	3	29	15	391	0	0.14061546325683594	3500	8.421297788619995	307	91.22857142857143	
128315.06787565154	34.88	3.0080160320641283	29.23246492985972	15.120240480961924	57.59544304381678	7	199	45	5.0	87.0	45.0	22	3.0	29.0	15.0	391	0	0.15623927116394043	4000	8.577537059783936	309	92.275	
58.59305351140692	35.754	3.008	29.232	15.12	57.59544304381678	8	199	45	5	87	45	22	3	29	15	391	0	0.12499189376831055	4500	8.702528953552246	311	93.08888888888889	
58.59305372867685	35.57	3.006	29.174	15.09	57.59544304381678	9	199	45	4	58	30	22	3	29	15	392	0	0.12499094009399414	5000	8.82751989364624	312	93.76	
128058.54343916854	37.088	3.012	29.348	15.18	57.59544304381678	10	200	45	5	87	45	22	3	29	15	392	0	0.14061546325683594	5500	8.968135356903076	313	94.30909090909091	
764382.89462603	35.524	3.0080321285140563	29.23293172690763	15.120481927710843	57.59544304381678	11	203	45	4.0	58.0	30.0	22	3.0	29.0	15.0	393	0	0.17186331748962402	6000	9.1399986743927	314	94.76666666666667	
58.48768800594712	34.972	3.004008016032064	29.11623246492986	15.060120240480963	57.59544304381678	12	204	45	4.0	58.0	30.0	22	3.0	29.0	15.0	394	0	0.14061594009399414	6500	9.280614614486694	314	95.16923076923077	
58.44052638051866	34.282	3.002004008016032	29.05811623246493	15.030060120240481	57.59544304381678	13	205	45	4.0	58.0	30.0	22	3.0	29.0	15.0	395	0	0.10936713218688965	7000	9.389981746673584	314	95.51428571428572	
128058.70728483536	34.88	3.012	29.348	15.18	57.59544304381678	14	206	45	5	87	45	22	3	29	15	395	0	0.15623927116394043	7500	9.546221017837524	314	95.81333333333333	
128058.44930456436	35.57	3.006	29.174	15.09	57.59544304381678	15	206	45	5	87	45	22	3	29	15	396	0	0.15623879432678223	8000	9.702459812164307	314	96.075	
3129310.6389601924	36.03	3.020242914979757	29.587044534412957	15.303643724696355	57.59544304381678	16	212	45	5.0	87.0	45.0	22	3.0	29.0	15.0	400	0	0.14061570167541504	8500	9.843075513839722	314	96.30588235294118	
128315.06801245935	35.616	3.0080160320641283	29.23246492985972	15.120240480961924	57.59544304381678	17	214	45	5.0	87.0	45.0	22	3.0	29.0	15.0	400	0	0.17186355590820312	9000	10.014939069747925	314	96.5111111111111	
128315.00950676872	34.604	3.01	29.29	15.15	57.59544304381678	18	215	45	5	87	45	22	3	29	15	401	0	0.14061570167541504	9500	10.15555477142334	314	96.69473684210526	
58.440529774427645	33.132	3.002	29.058	15.03	57.59544304381678	19	215	45	4	58	30	22	3	29	15	401	0	0.15623855590820312	10000	10.311793327331543	314	96.86	
58.48759741192222	33.178	3.004	29.116	15.06	57.59544304381678	20	215	45	4	58	30	22	3	29	15	401	0	0.15623974800109863	10500	10.468033075332642	314	97.00952380952381	
58.44051955172795	33.546	3.0020120724346078	29.058350100603622	15.030181086519114	57.59544304381678	21	218	45	4.0	58.0	30.0	22	3.0	29.0	15.0	402	0	0.14061546325683594	11000	10.608648538589478	314	97.14545454545454	
58.5346650494168	34.834	3.006	29.174	15.09	57.59544304381678	22	219	45	4	58	30	22	3	29	15	402	0	0.15623950958251953	11500	10.764888048171997	314	97.2695652173913	
1545795.7758990123	35.248	3.0100200400801604	29.29058116232465	15.150300601202405	57.59544304381678	23	221	45	4.0	58.0	30.0	22	3.0	29.0	15.0	404	0	0.17186307907104492	12000	10.936751127243042	314	97.38333333333334	
58.54640280907856	35.57	3.004016064257028	29.116465863453815	15.060240963855422	57.59544304381678	24	224	45	4.0	58.0	30.0	22	3.0	29.0	15.0	404	0	0.15623879432678223	12500	11.092989921569824	314	97.488	
58.44052297297953	36.168	3.002008032128514	29.05823293172691	15.03012048192771	57.59544304381678	25	227	45	4.0	58.0	30.0	22	3.0	29.0	15.0	404	0	0.15623927116394043	13000	11.249229192733765	314	97.58461538461539	
58.440529774427645	35.708	3.002	29.058	15.03	57.59544304381678	26	227	45	4	58	30	22	3	29	15	404	0	0.14061546325683594	13500	11.3898446559906	314	97.67407407407407	
58.4877794189882	35.938	3.012	29.348	15.18	57.59544304381678	27	228	45	5	87	45	22	3	29	15	406	0	0.14061522483825684	14000	11.530459880828857	314	97.75714285714285	
58.44052638051866	35.478	3.006	29.174	15.09	57.59544304381678	28	229	45	5	87	45	22	3	29	15	407	0	0.14061570167541504	14500	11.671075582504272	314	97.8344827586207	
1542691.9329274122	34.512	3.0080321285140563	29.23293172690763	15.120481927710843	57.59544304381678	29	232	45	4.0	58.0	30.0	22	3.0	29.0	15.0	407	0	0.14061594009399414	15000	11.811691522598267	314	97.90666666666667	
58.440529774427645	34.742	3.002	29.058	15.03	57.59544304381678	30	232	45	4	58	30	22	3	29	15	407	0	0.14061522483825684	15500	11.952306747436523	314	97.97419354838709	
58.440529774427645	35.11	3.002	29.058	15.03	57.59544304381678	31	232	45	4	58	30	22	3	29	15	407	0	0.12499189376831055	16000	12.077298641204834	314	98.0375	
58.74679575533744	34.558	3.0120481927710845	29.349397590361445	15.180722891566266	57.59544304381678	32	235	45	5.0	87.0	45.0	22	3.0	29.0	15.0	407	0	0.12499141693115234	16500	12.202290058135986	314	98.0969696969697	
58.48787129971043	34.65	3.004024144869215	29.116700201207244	15.060362173038229	57.59544304381678	33	239	45	4.0	58.0	30.0	22	3.0	29.0	15.0	407	0	0.15623879432678223	17000	12.358528852462769	314	98.15294117647059	
58.440529774427645	34.834	3.002	29.058	15.03	57.59544304381678	34	240	45	4	58	30	22	3	29	15	407	0	0.12499165534973145	17500	12.4835205078125	314	98.20571428571428	
3072984.052351509	35.34	3.006	29.174	15.09	57.59544304381678	35	240	45	4	58	30	22	3	29	15	408	0	0.17186284065246582	18000	12.655383348464966	314	98.25555555555556	
3091533.0051855994	35.984	3.012024048096192	29.34869739478958	15.180360721442886	57.59544304381678	36	242	45	4.0	58.0	30.0	22	3.0	29.0	15.0	410	0	0.14061546325683594	18500	12.795998811721802	314	98.3027027027027	
3072984.052351509	36.444	3.006	29.174	15.09	57.59544304381678	37	242	45	4	58	30	22	3	29	15	410	0	0.14061522483825684	19000	12.936614036560059	314	98.34736842105264	
58.545986091182286	36.766	3.004	29.116	15.06	57.59544304381678	38	243	45	4	58	30	22	3	29	15	410	0	0.15623927116394043	19500	13.092853307723999	314	98.38974358974359	
58.440529774427645	36.03	3.002	29.058	15.03	57.59544304381678	39	243	45	4	58	30	22	3	29	15	410	0	0.14061617851257324	20000	13.233469486236572	314	98.43	
58.54682288760303	35.156	3.0080321285140563	29.23293172690763	15.120481927710843	57.59544304381678	40	245	45	4.0	58.0	30.0	22	3.0	29.0	15.0	413	0	0.14061474800109863	20500	13.374084234237671	314	98.46829268292683	
1536521.2935082791	33.684	3.006	29.174	15.09	57.59544304381678	41	246	45	4	58	30	22	3	29	15	413	0	0.14061570167541504	21000	13.514699935913086	314	98.5047619047619	
58.44052638051866	33.96	3.002004008016032	29.05811623246493	15.030060120240481	57.59544304381678	42	248	45	4.0	58.0	30.0	22	3.0	29.0	15.0	413	0	0.12499094009399414	21500	13.63969087600708	314	98.53953488372093	
4618684.156758867	33.086	3.012024048096192	29.34869739478958	15.180360721442886	57.59544304381678	43	250	45	5.0	87.0	45.0	22	3.0	29.0	15.0	413	0	0.10936737060546875	22000	13.749058246612549	314	98.57272727272728	
58.44052638051866	31.522	3.002004008016032	29.05811623246493	15.030060120240481	57.59544304381678	44	252	45	4.0	58.0	30.0	22	3.0	29.0	15.0	413	0	0.17186379432678223	22500	13.920922040939331	314	98.60444444444444	
1536521.2935082791	32.258	3.006	29.174	15.09	57.59544304381678	45	253	45	4	58	30	22	3	29	15	413	0	0.14061522483825684	23000	14.061537265777588	314	98.63478260869566	
58.440529774427645	32.166	3.002	29.058	15.03	57.59544304381678	46	253	45	4	58	30	22	3	29	15	413	0	0.14061522483825684	23500	14.202152490615845	314	98.66382978723404	
1539600.377378372	31.154	3.0080160320641283	29.23246492985972	15.120240480961924	57.59544304381678	47	255	45	5.0	87.0	45.0	22	3.0	29.0	15.0	413	0	0.17186331748962402	24000	14.374015808105469	314	98.69166666666666	
3085325.1190588507	30.648	3.0080160320641283	29.23246492985972	15.120240480961924	57.59544304381678	48	256	45	4.0	58.0	30.0	22	3.0	29.0	15.0	415	0	0.15623903274536133	24500	14.53025484085083	314	98.71836734693878	
58.440529774427645	30.832	3.002	29.058	15.03	57.59544304381678	49	256	45	4	58	30	22	3	29	15	415	0	0.14061546325683594	25000	14.670870304107666	314	98.744	
58.440529774427645	29.636	3.002	29.058	15.03	57.59544304381678	50	256	45	4	58	30	22	3	29	15	415	0	0.15623927116394043	25500	14.827109575271606	314	98.76862745098039	
58.59365925508723	30.878	3.0080321285140563	29.23293172690763	15.120481927710843	57.59544304381678	51	259	45	5.0	87.0	45.0	22	3.0	29.0	15.0	415	0	0.14061522483825684	26000	14.967724800109863	314	98.79230769230769	
58.440529774427645	30.648	3.002	29.058	15.03	57.59544304381678	52	259	45	4	58	30	22	3	29	15	415	0	0.15623927116394043	26500	15.123964071273804	314	98.81509433962265	
58.545986091182286	31.246	3.004	29.116	15.06	57.59544304381678	53	260	45	4	58	30	22	3	29	15	415	0	0.14061570167541504	27000	15.264579772949219	314	98.83703703703704	
58.44052297297953	31.292	3.002008032128514	29.05823293172691	15.03012048192771	57.59544304381678	54	263	45	4.0	58.0	30.0	22	3.0	29.0	15.0	415	0	0.15623903274536133	27500	15.42081880569458	314	98.85818181818182	
1545795.6698061384	30.602	3.004024144869215	29.116700201207244	15.060362173038229	57.59544304381678	55	267	45	4.0	58.0	30.0	22	3.0	29.0	15.0	415	0	0.15623950958251953	28000	15.5770583152771	314	98.87857142857143	
1542691.7797909118	31.384	3.006012024048096	29.17434869739479	15.090180360721442	57.59544304381678	56	268	45	4.0	58.0	30.0	22	3.0	29.0	15.0	417	0	0.15624070167541504	28500	15.733299016952515	314	98.89824561403509	
58.440529774427645	30.97	3.002	29.058	15.03	57.59544304381678	57	269	45	4	58	30	22	3	29	15	417	0	0.12498974800109863	29000	15.858288764953613	314	98.91724137931034	
58.48768834193607	30.602	3.004008016032064	29.11623246492986	15.060120240480963	57.59544304381678	58	271	45	4.0	58.0	30.0	22	3.0	29.0	15.0	417	0	0.14061546325683594	29500	15.99890422821045	314	98.93559322033899	
58.54682288760303	32.166	3.004032258064516	29.116935483870968	15.060483870967742	57.59544304381678	59	276	45	4.0	58.0	30.0	22	3.0	29.0	15.0	417	0	0.14061570167541504	30000	16.139519929885864	314	98.95333333333333	
58.440529774427645	32.304	3.002	29.058	15.03	57.59544304381678	60	277	45	4	58	30	22	3	29	15	417	0	0.12499117851257324	30500	16.264511108398438	314	98.97049180327869	
1539600.3302166283	32.948	3.004008016032064	29.11623246492986	15.060120240480963	57.59544304381678	61	279	45	4.0	58.0	30.0	22	3.0	29.0	15.0	417	0	0.14061570167541504	31000	16.405126810073853	314	98.98709677419355	
58.440529774427645	32.074	3.002	29.058	15.03	57.59544304381678	62	280	45	4	58	30	22	3	29	15	417	0	0.12499141693115234	31500	16.530118227005005	314	99.0031746031746	
58.440529774427645	31.016	3.002	29.058	15.03	57.59544304381678	63	280	45	4	58	30	22	3	29	15	417	0	0.14061522483825684	32000	16.67073345184326	314	99.01875	
58.54640280907856	31.982	3.006012024048096	29.17434869739479	15.090180360721442	57.59544304381678	64	282	45	4.0	58.0	30.0	22	3.0	29.0	15.0	418	0	0.18748784065246582	32500	16.858221292495728	314	99.03384615384616	
58.440529774427645	32.028	3.002	29.058	15.03	57.59544304381678	65	282	45	4	58	30	22	3	29	15	418	0	0.15623855590820312	33000	17.01445984840393	314	99.04848484848485	
1545795.6698061384	31.66	3.004024144869215	29.116700201207244	15.060362173038229	57.59544304381678	66	286	45	4.0	58.0	30.0	22	3.0	29.0	15.0	418	0	0.15624022483825684	33500	17.170700073242188	314	99.06268656716418	
58.54661242572658	30.786	3.004024144869215	29.116700201207244	15.060362173038229	57.59544304381678	67	290	45	4.0	58.0	30.0	22	3.0	29.0	15.0	418	0	0.14061594009399414	34000	17.31131601333618	314	99.0764705882353	
58.440529774427645	32.212	3.002	29.058	15.03	57.59544304381678	68	290	45	4	58	30	22	3	29	15	418	0	0.14061427116394043	34500	17.451930284500122	314	99.08985507246376	
58.44052638051866	33.178	3.004	29.116	15.06	57.59544304381678	69	291	45	4	58	30	22	3	29	15	419	0	0.12499117851257324	35000	17.576921463012695	314	99.10285714285715	
58.440529774427645	33.086	3.002	29.058	15.03	57.59544304381678	70	291	45	4	58	30	22	3	29	15	420	0	0.17186403274536133	35500	17.748785495758057	314	99.11549295774648	
1552041.1202887155	32.764	3.0120724346076457	29.35010060362173	15.181086519114688	57.59544304381678	71	295	45	5.0	87.0	45.0	22	3.0	29.0	15.0	422	0	0.15623855590820312	36000	17.90502405166626	314	99.12777777777778	
58.44052638051866	33.132	3.002004008016032	29.05811623246493	15.030060120240481	57.59544304381678	72	296	45	4.0	58.0	30.0	22	3.0	29.0	15.0	423	0	0.15623950958251953	36500	18.06126356124878	314	99.13972602739726	
58.440529774427645	33.914	3.002	29.058	15.03	57.59544304381678	73	296	45	4	58	30	22	3	29	15	423	0	0.15623927116394043	37000	18.21750283241272	314	99.15135135135135	
3085325.1190588507	33.684	3.0080160320641283	29.23246492985972	15.120240480961924	57.59544304381678	74	298	45	4.0	58.0	30.0	22	3.0	29.0	15.0	424	0	0.14061594009399414	37500	18.358118772506714	314	99.16266666666667	
1539600.4245401155	33.592	3.012024048096192	29.34869739478958	15.180360721442886	57.59544304381678	75	300	45	5.0	87.0	45.0	22	3.0	29.0	15.0	424	0	0.14061474800109863	38000	18.498733520507812	314	99.17368421052632	
58.440529774427645	33.178	3.002	29.058	15.03	57.59544304381678	76	301	45	4	58	30	22	3	29	15	424	0	0.15623927116394043	38500	18.654972791671753	314	99.18441558441559	
58.440529774427645	33.04	3.002	29.058	15.03	57.59544304381678	77	302	45	4	58	30	22	3	29	15	424	0	0.14061522483825684	39000	18.79558801651001	314	99.1948717948718	
58.44052297297953	33.546	3.002008032128514	29.05823293172691	15.03012048192771	57.59544304381678	78	305	45	4.0	58.0	30.0	22	3.0	29.0	15.0	424	0	0.14061617851257324	39500	18.936204195022583	314	99.20506329113924	
3074444.5192777505	33.27	3.0140845070422535	29.408450704225352	15.211267605633802	57.59544304381678	79	308	45	5.0	87.0	45.0	22	3.0	29.0	15.0	425	0	0.14061498641967773	40000	19.07681918144226	314	99.215	
1561504.3814685652	34.052	3.01010101010101	29.292929292929294	15.151515151515152	57.59544304381678	80	314	45	4.0	58.0	30.0	22	3.0	29.0	15.0	428	0	0.17186284065246582	40500	19.248682022094727	314	99.22469135802469	
1542691.885670748	33.408	3.0080160320641283	29.23246492985972	15.120240480961924	57.59544304381678	81	316	45	4.0	58.0	30.0	22	3.0	29.0	15.0	429	0	0.17186331748962402	41000	19.42054533958435	314	99.23414634146341	
58.440529774427645	33.776	3.002	29.058	15.03	57.59544304381678	82	316	45	4	58	30	22	3	29	15	429	0	0.12499165534973145	41500	19.545536994934082	314	99.24337349397591	
58.54640280907856	33.454	3.004016064257028	29.116465863453815	15.060240963855422	57.59544304381678	83	319	45	4.0	58.0	30.0	22	3.0	29.0	15.0	429	0	0.14061522483825684	42000	19.68615221977234	314	99.25238095238095	
1536521.293508062	33.546	3.008	29.232	15.12	57.59544304381678	84	320	45	5	87	45	22	3	29	15	429	0	0.17186331748962402	42500	19.858015537261963	314	99.26117647058824	
58.440529774427645	33.638	3.002	29.058	15.03	57.59544304381678	85	320	45	4	58	30	22	3	29	15	429	0	0.15623927116394043	43000	20.014254808425903	314	99.26976744186047	
1536521.2464406416	34.328	3.004	29.116	15.06	57.59544304381678	86	320	45	4	58	30	22	3	29	15	429	0	0.17186331748962402	43500	20.186118125915527	314	99.27816091954023	
58.44052638051866	33.638	3.002004008016032	29.05811623246493	15.030060120240481	57.59544304381678	87	322	45	4.0	58.0	30.0	22	3.0	29.0	15.0	429	0	0.15623974800109863	44000	20.342357873916626	314	99.28636363636363	
1542691.7797909118	33.914	3.004016064257028	29.116465863453815	15.060240963855422	57.59544304381678	88	325	45	4.0	58.0	30.0	22	3.0	29.0	15.0	429	0	0.14061474800109863	44500	20.482972621917725	314	99.29438202247191	
1545795.7171576677	34.696	3.0080482897384306	29.233400402414485	15.120724346076459	57.59544304381678	89	328	45	5.0	87.0	45.0	22	3.0	29.0	15.0	430	0	0.15623998641967773	45000	20.639212608337402	314	99.30222222222223	
3079142.2199068763	34.65	3.008	29.232	15.12	57.59544304381678	90	328	45	4	58	30	22	3	29	15	432	0	0.15623879432678223	45500	20.795451402664185	314	99.3098901098901	
2296259.6954335845	34.466	3.01	29.29	15.15	57.59544304381678	91	329	45	5	87	45	22	3	29	15	432	0	0.15623903274536133	46000	20.951690435409546	314	99.31739130434782	
1539600.3302166283	34.282	3.004008016032064	29.11623246492986	15.060120240480963	57.59544304381678	92	331	45	4.0	58.0	30.0	22	3.0	29.0	15.0	432	0	0.14061546325683594	46500	21.092305898666382	314	99.3247311827957	
4627958.45832679	33.454	3.0100200400801604	29.29058116232465	15.150300601202405	57.59544304381678	93	332	45	4.0	58.0	30.0	22	3.0	29.0	15.0	434	0	0.15623927116394043	47000	21.248545169830322	314	99.33191489361703	
58.440529774427645	33.73	3.002	29.058	15.03	57.59544304381678	94	332	45	4	58	30	22	3	29	15	434	0	0.15623974800109863	47500	21.40478491783142	314	99.33894736842105	
58.440529774427645	34.374	3.002	29.058	15.03	57.59544304381678	95	332	45	4	58	30	22	3	29	15	435	0	0.14061546325683594	48000	21.545400381088257	314	99.34583333333333	
58.440529774427645	35.34	3.002	29.058	15.03	57.59544304381678	96	332	45	4	58	30	22	3	29	15	435	0	0.14061498641967773	48500	21.686015367507935	314	99.35257731958762	
3072984.052351509	36.26	3.006	29.174	15.09	57.59544304381678	97	333	45	4	58	30	22	3	29	15	435	0	0.15623974800109863	49000	21.842255115509033	314	99.35918367346939	
58.440529774427645	36.03	3.002	29.058	15.03	57.59544304381678	98	333	45	4	58	30	22	3	29	15	436	0	0.17186307907104492	49500	22.014118194580078	314	99.36565656565656	
58.545986091182286	36.168	3.004	29.116	15.06	57.59544304381678	99	333	45	4	58	30	22	3	29	15	437	0	0.14061570167541504	50000	22.154733896255493	314	99.372	
58.48768812423073	35.984	3.006012024048096	29.17434869739479	15.090180360721442	57.59544304381678	100	335	45	5.0	87.0	45.0	22	3.0	29.0	15.0	437	0	0.14061474800109863	50500	22.295348644256592	314	99.37821782178217	
58.487597194652274	36.352	3.006	29.174	15.09	57.59544304381678	101	335	45	5	87	45	22	3	29	15	438	0	0.14061522483825684	51000	22.43596386909485	314	99.3843137254902	
58.48768812423073	35.064	3.006012024048096	29.17434869739479	15.090180360721442	57.59544304381678	102	336	45	5.0	87.0	45.0	22	3.0	29.0	15.0	439	0	0.14061546325683594	51500	22.576579332351685	314	99.39029126213592	
58.440529774427645	34.88	3.002	29.058	15.03	57.59544304381678	103	337	45	4	58	30	22	3	29	15	439	0	0.15623950958251953	52000	22.732818841934204	314	99.39615384615385	
58.44051611668101	34.328	3.004024144869215	29.116700201207244	15.060362173038229	57.59544304381678	104	340	45	4.0	58.0	30.0	22	3.0	29.0	15.0	441	0	0.14062118530273438	52500	22.87344002723694	314	99.40190476190476	
1536521.2464406416	33.178	3.004	29.116	15.06	57.59544304381678	105	341	45	4	58	30	22	3	29	15	441	0	0.1406097412109375	53000	23.014049768447876	314	99.40754716981132	
58.54661242572658	32.856	3.004024144869215	29.116700201207244	15.060362173038229	57.59544304381678	106	344	45	4.0	58.0	30.0	22	3.0	29.0	15.0	442	0	0.15623950958251953	53500	23.170289278030396	314	99.41308411214953	
58.440529774427645	33.316	3.002	29.058	15.03	57.59544304381678	107	344	45	4	58	30	22	3	29	15	442	0	0.15623879432678223	54000	23.326528072357178	314	99.41851851851852	
58.44052297297953	34.696	3.002008032128514	29.05823293172691	15.03012048192771	57.59544304381678	108	347	45	4.0	58.0	30.0	22	3.0	29.0	15.0	442	0	0.12499141693115234	54500	23.45151948928833	314	99.42385321100917	
1548912.0755069102	35.524	3.006036217303823	29.175050301810867	15.090543259557345	57.59544304381678	109	350	45	4.0	58.0	30.0	22	3.0	29.0	15.0	444	0	0.17186355590820312	55000	23.623383045196533	314	99.4290909090909	
3091533.1586300028	35.018	3.0160642570281126	29.46586345381526	15.240963855421686	57.59544304381678	110	353	45	5.0	87.0	45.0	22	3.0	29.0	15.0	445	0	0.18748688697814941	55500	23.810869932174683	314	99.43423423423424	
58.59335577628948	35.57	3.0080160320641283	29.23246492985972	15.120240480961924	57.59544304381678	111	354	45	5.0	87.0	45.0	22	3.0	29.0	15.0	446	0	0.15623950958251953	56000	23.967109441757202	314	99.43928571428572	
58.44052297297953	35.8	3.004008016032064	29.11623246492986	15.060120240480963	57.59544304381678	112	356	45	4.0	58.0	30.0	22	3.0	29.0	15.0	447	0	0.14061522483825684	56500	24.10772466659546	314	99.44424778761062	
58.44052638051866	35.984	3.002004008016032	29.05811623246493	15.030060120240481	57.59544304381678	113	357	45	4.0	58.0	30.0	22	3.0	29.0	15.0	448	0	0.15623950958251953	57000	24.26396417617798	314	99.44912280701755	
1542691.98018364	35.616	3.0140562248995986	29.407630522088354	15.210843373493976	57.59544304381678	114	359	45	5.0	87.0	45.0	22	3.0	29.0	15.0	449	0	0.15624070167541504	57500	24.420204877853394	314	99.45391304347827	
58.440529774427645	35.846	3.002	29.058	15.03	57.59544304381678	115	359	45	4	58	30	22	3	29	15	449	0	0.15623879432678223	58000	24.576443672180176	314	99.45862068965518	
58.440529774427645	35.432	3.002	29.058	15.03	57.59544304381678	116	359	45	4	58	30	22	3	29	15	450	0	0.14061427116394043	58500	24.717057943344116	314	99.46324786324786	
58.44052297297953	35.616	3.004008016032064	29.11623246492986	15.060120240480963	57.59544304381678	117	361	45	4.0	58.0	30.0	22	3.0	29.0	15.0	451	0	0.15623950958251953	59000	24.873297452926636	314	99.46779661016949	
1545795.6698061384	36.26	3.0060240963855422	29.174698795180724	15.090361445783133	57.59544304381678	118	364	45	4.0	58.0	30.0	22	3.0	29.0	15.0	452	0	0.15623903274536133	59500	25.029536485671997	314	99.47226890756302	
5445420.326568733	37.364	3.0121457489878543	29.352226720647774	15.182186234817813	57.59544304381678	119	371	45	4.0	58.0	30.0	22	3.0	29.0	15.0	453	0	0.17186379432678223	60000	25.20140027999878	314	99.47666666666666	
1536521.2464406416	38.238	3.004	29.116	15.06	57.59544304381678	120	371	45	4	58	30	22	3	29	15	454	0	0.17186284065246582	60500	25.373263120651245	314	99.48099173553719	
3091533.111278473	39.112	3.0140280561122244	29.406813627254508	15.210420841683367	57.59544304381678	121	372	45	4.0	58.0	30.0	22	3.0	29.0	15.0	457	0	0.17186331748962402	61000	25.54512643814087	314	99.48524590163935	
7744326.615470083	40.078	3.02	29.58	15.3	57.59544304381678	122	372	45	4	58	30	22	3	29	15	462	0	0.17186331748962402	61500	25.716989755630493	314	99.48943089430894	
58.440529774427645	40.262	3.002	29.058	15.03	57.59544304381678	123	373	45	4	58	30	22	3	29	15	462	0	0.12499260902404785	62000	25.84198236465454	314	99.49354838709678	
58.440529774427645	40.078	3.002	29.058	15.03	57.59544304381678	124	373	45	4	58	30	22	3	29	15	462	0	0.15623784065246582	62500	25.998220205307007	314	99.4976	
58.545986091182286	39.756	3.004	29.116	15.06	57.59544304381678	125	374	45	4	58	30	22	3	29	15	462	0	0.15623998641967773	63000	26.154460191726685	314	99.5015873015873	
1536521.2464406416	40.17	3.004	29.116	15.06	57.59544304381678	126	375	45	4	58	30	22	3	29	15	462	0	0.14061570167541504	63500	26.2950758934021	314	99.50551181102362	
3072984.1578078256	39.434	3.008	29.232	15.12	57.59544304381678	127	375	45	4	58	30	22	3	29	15	463	0	0.12499094009399414	64000	26.420066833496094	314	99.509375	
4609446.858262376	39.802	3.008	29.232	15.12	57.59544304381678	128	376	45	4	58	30	22	3	29	15	463	0	0.12499117851257324	64500	26.545058012008667	314	99.51317829457365	
58.440529774427645	40.078	3.002	29.058	15.03	57.59544304381678	129	376	45	4	58	30	22	3	29	15	463	0	0.12499141693115234	65000	26.67004942893982	314	99.51692307692308	
58.44052638051866	40.262	3.002004008016032	29.05811623246493	15.030060120240481	57.59544304381678	130	377	45	4.0	58.0	30.0	22	3.0	29.0	15.0	464	0	0.15623927116394043	65500	26.82628870010376	314	99.5206106870229	
58.545986091182286	40.814	3.004	29.116	15.06	57.59544304381678	131	377	45	4	58	30	22	3	29	15	465	0	0.14061522483825684	66000	26.966903924942017	314	99.52424242424243	
6158226.104955023	41.228	3.014	29.406	15.21	57.59544304381678	132	377	45	4	58	30	22	3	29	15	467	0	0.10936832427978516	66500	27.0762722492218	314	99.52781954887217	
3091533.0051855994	40.492	3.012024048096192	29.34869739478958	15.180360721442886	57.59544304381678	133	379	45	4.0	58.0	30.0	22	3.0	29.0	15.0	469	0	0.14061594009399414	67000	27.216888189315796	314	99.53134328358209	
1536521.3518969584	39.94	3.006	29.174	15.09	57.59544304381678	134	379	45	4	58	30	22	3	29	15	469	0	0.15623807907104492	67500	27.37312626838684	314	99.53481481481481	
1536521.2464406416	40.492	3.004	29.116	15.06	57.59544304381678	135	379	45	4	58	30	22	3	29	15	469	0	0.15623974800109863	68000	27.52936601638794	314	99.53823529411764	
1536521.2464406416	39.618	3.004	29.116	15.06	57.59544304381678	136	379	45	4	58	30	22	3	29	15	470	0	0.17186355590820312	68500	27.701229572296143	314	99.54160583941606	
5390748.018492977	40.722	3.014	29.406	15.21	57.59544304381678	137	379	45	4	58	30	22	3	29	15	473	0	0.15623927116394043	69000	27.857468843460083	314	99.54492753623188	
1536521.2464406416	40.216	3.004	29.116	15.06	57.59544304381678	138	379	45	4	58	30	22	3	29	15	473	0	0.15624308586120605	69500	28.01371192932129	314	99.54820143884892	
3079142.2199068763	41.228	3.008	29.232	15.12	57.59544304381678	139	380	45	4	58	30	22	3	29	15	474	0	0.1406114101409912	70000	28.15432333946228	314	99.55142857142857	
58.440529774427645	41.136	3.002	29.058	15.03	57.59544304381678	140	380	45	4	58	30	22	3	29	15	474	0	0.15623903274536133	70500	28.31056237220764	314	99.55460992907801	
4609446.963718693	41.182	3.01	29.29	15.15	57.59544304381678	141	380	45	4	58	30	22	3	29	15	474	0	0.15623950958251953	71000	28.46680188179016	314	99.55774647887324	
7665386.468024288	41.228	3.014	29.406	15.21	57.59544304381678	142	381	45	4	58	30	22	3	29	15	474	0	0.15623927116394043	71500	28.6230411529541	314	99.56083916083917	
3072984.052351509	40.4	3.006	29.174	15.09	57.59544304381678	143	381	45	4	58	30	22	3	29	15	475	0	0.15623974800109863	72000	28.7792809009552	314	99.56388888888888	
759796.8424552971	39.71	3.004	29.116	15.06	57.59544304381678	144	381	45	4	58	30	22	3	29	15	475	0	0.17186260223388672	72500	28.951143503189087	314	99.56689655172414	
58.440529774427645	40.262	3.002	29.058	15.03	57.59544304381678	145	381	45	4	58	30	22	3	29	15	475	0	0.12499237060546875	73000	29.076135873794556	314	99.56986301369864	
3072984.052351509	39.94	3.006	29.174	15.09	57.59544304381678	146	381	45	4	58	30	22	3	29	15	476	0	0.15623950958251953	73500	29.232375383377075	314	99.57278911564626	
58.440529774427645	40.308	3.002	29.058	15.03	57.59544304381678	147	381	45	4	58	30	22	3	29	15	476	0	0.14061427116394043	74000	29.372989654541016	314	99.57567567567567	
2300861.2539896974	40.17	3.008	29.232	15.12	57.59544304381678	148	382	45	4	58	30	22	3	29	15	477	0	0.15623903274536133	74500	29.529228687286377	314	99.57852348993289	
3072984.052351509	40.4	3.006	29.174	15.09	57.59544304381678	149	382	45	4	58	30	22	3	29	15	478	0	0.10936808586120605	75000	29.638596773147583	314	99.58133333333333	
4618684.109597123	40.078	3.0080160320641283	29.23246492985972	15.120240480961924	57.59544304381678	150	384	45	4.0	58.0	30.0	22	3.0	29.0	15.0	478	0	0.14061713218688965	75500	29.779213905334473	314	99.5841059602649	
6919486.92306044	40.078	3.012024048096192	29.34869739478958	15.180360721442886	57.59544304381678	151	385	45	4.0	58.0	30.0	22	3.0	29.0	15.0	479	0	0.15623712539672852	76000	29.9354510307312	314	99.58684210526316	
58.440529774427645	39.434	3.002	29.058	15.03	57.59544304381678	152	385	45	4	58	30	22	3	29	15	479	0	0.15623950958251953	76500	30.09169054031372	314	99.58954248366013	
58.54640280907856	39.572	3.008	29.232	15.12	57.59544304381678	153	385	45	4	58	30	22	3	29	15	482	0	0.14061570167541504	77000	30.232306241989136	314	99.59220779220779	
58.545986091182286	39.94	3.004	29.116	15.06	57.59544304381678	154	385	45	4	58	30	22	3	29	15	482	0	0.17186284065246582	77500	30.4041690826416	314	99.59483870967742	
6905648.0660987655	40.538	3.012	29.348	15.18	57.59544304381678	155	385	45	4	58	30	22	3	29	15	483	0	0.14061546325683594	78000	30.544784545898438	314	99.5974358974359	
58.440529774427645	40.538	3.002	29.058	15.03	57.59544304381678	156	385	45	4	58	30	22	3	29	15	483	0	0.14061570167541504	78500	30.685400247573853	314	99.6	
58.440529774427645	41.228	3.002	29.058	15.03	57.59544304381678	157	385	45	4	58	30	22	3	29	15	484	0	0.15623998641967773	79000	30.84164023399353	314	99.60253164556963	
4637270.128379311	41.366	3.012024048096192	29.34869739478958	15.180360721442886	57.59544304381678	158	387	45	4.0	58.0	30.0	22	3.0	29.0	15.0	486	0	0.12499094009399414	79500	30.966631174087524	314	99.60503144654088	
58.545986091182286	42.194	3.004	29.116	15.06	57.59544304381678	159	387	45	4	58	30	22	3	29	15	486	0	0.17186307907104492	80000	31.13849425315857	314	99.6075	
58.440529774427645	42.746	3.002	29.058	15.03	57.59544304381678	160	387	45	4	58	30	22	3	29	15	486	0	0.14061546325683594	80500	31.279109716415405	314	99.60993788819876	
58.440529774427645	42.884	3.002	29.058	15.03	57.59544304381678	161	387	45	4	58	30	22	3	29	15	486	0	0.15623903274536133	81000	31.435348749160767	314	99.61234567901235	
58.44051611668101	42.378	3.0080160320641283	29.23246492985972	15.120240480961924	57.59544304381678	162	388	45	4.0	58.0	30.0	22	3.0	29.0	15.0	490	0	0.14062023162841797	81500	31.575968980789185	314	99.61472392638036	
58.440529774427645	41.596	3.002	29.058	15.03	57.59544304381678	163	388	45	4	58	30	22	3	29	15	491	0	0.1562342643737793	82000	31.732203245162964	314	99.6170731707317	
58.440529774427645	41.366	3.002	29.058	15.03	57.59544304381678	164	388	45	4	58	30	22	3	29	15	491	0	0.17186307907104492	82500	31.90406632423401	314	99.61939393939394	
58.440529774427645	41.688	3.002	29.058	15.03	57.59544304381678	165	388	45	4	58	30	22	3	29	15	491	0	0.12499117851257324	83000	32.02905750274658	314	99.62168674698795	
3072984.052351509	41.872	3.006	29.174	15.09	57.59544304381678	166	388	45	4	58	30	22	3	29	15	492	0	0.14061641693115234	83500	32.169673919677734	314	99.62395209580838	
58.440529774427645	42.01	3.002	29.058	15.03	57.59544304381678	167	388	45	4	58	30	22	3	29	15	493	0	0.17186260223388672	84000	32.34153652191162	314	99.62619047619047	
58.440529774427645	41.412	3.002	29.058	15.03	57.59544304381678	168	388	45	4	58	30	22	3	29	15	493	0	0.15623950958251953	84500	32.49777603149414	314	99.62840236686391	
58.440529774427645	40.538	3.002	29.058	15.03	57.59544304381678	169	389	45	4	58	30	22	3	29	15	493	0	0.12499213218688965	85000	32.62276816368103	314	99.63058823529411	
2296259.648366165	40.078	3.006	29.174	15.09	57.59544304381678	170	389	45	4	58	30	22	3	29	15	493	0	0.17186331748962402	85500	32.794631481170654	314	99.6327485380117	
1536521.2464406416	40.308	3.004	29.116	15.06	57.59544304381678	171	390	45	4	58	30	22	3	29	15	493	0	0.14061474800109863	86000	32.93524622917175	314	99.63488372093023	
3072984.052351509	40.216	3.006	29.174	15.09	57.59544304381678	172	391	45	4	58	30	22	3	29	15	493	0	0.14061522483825684	86500	33.07586145401001	314	99.63699421965318	
1536521.2464406416	40.354	3.004	29.116	15.06	57.59544304381678	173	391	45	4	58	30	22	3	29	15	493	0	0.15623903274536133	87000	33.23210048675537	314	99.63908045977011	
58.44051955172795	40.446	3.006012024048096	29.17434869739479	15.090180360721442	57.59544304381678	174	392	45	4.0	58.0	30.0	22	3.0	29.0	15.0	496	0	0.12499141693115234	87500	33.35709190368652	314	99.64114285714285	
1536521.2464406416	40.952	3.004	29.116	15.06	57.59544304381678	175	392	45	4	58	30	22	3	29	15	496	0	0.12499189376831055	88000	33.482083797454834	314	99.64318181818182	
58.440529774427645	40.216	3.002	29.058	15.03	57.59544304381678	176	392	45	4	58	30	22	3	29	15	497	0	0.12499117851257324	88500	33.60707497596741	314	99.64519774011299	
58.440529774427645	39.94	3.002	29.058	15.03	57.59544304381678	177	392	45	4	58	30	22	3	29	15	497	0	0.15623903274536133	89000	33.76331400871277	314	99.64719101123596	
58.54619403257742	40.078	3.004008016032064	29.11623246492986	15.060120240480963	57.59544304381678	178	393	45	4.0	58.0	30.0	22	3.0	29.0	15.0	498	0	0.15624046325683594	89500	33.919554471969604	314	99.64916201117319	
58.440529774427645	39.434	3.002	29.058	15.03	57.59544304381678	179	393	45	4	58	30	22	3	29	15	498	0	0.17186284065246582	90000	34.09141731262207	314	99.6511111111111	
1536521.2464406416	39.94	3.004	29.116	15.06	57.59544304381678	180	394	45	4	58	30	22	3	29	15	498	0	0.12499117851257324	90500	34.216408491134644	314	99.65303867403316	
1536521.2464406416	40.17	3.004	29.116	15.06	57.59544304381678	181	394	45	4	58	30	22	3	29	15	499	0	0.15623974800109863	91000	34.37264823913574	314	99.65494505494506	
1536521.2464406416	40.17	3.004	29.116	15.06	57.59544304381678	182	394	45	4	58	30	22	3	29	15	500	0	0.15623903274536133	91500	34.5288872718811	314	99.65683060109289	
58.545986091182286	40.63	3.004	29.116	15.06	57.59544304381678	183	394	45	4	58	30	22	3	29	15	500	0	0.14061570167541504	92000	34.66950297355652	314	99.65869565217392	
58.44052638051866	40.262	3.004	29.116	15.06	57.59544304381678	184	395	45	4	58	30	22	3	29	15	501	0	0.12499141693115234	92500	34.79449439048767	314	99.66054054054054	
58.440529774427645	39.894	3.002	29.058	15.03	57.59544304381678	185	395	45	4	58	30	22	3	29	15	501	0	0.2656059265136719	93000	35.06010031700134	314	99.66236559139784	
3079142.2199068763	39.112	3.006012024048096	29.17434869739479	15.090180360721442	57.59544304381678	186	396	45	4.0	58.0	30.0	22	3.0	29.0	15.0	502	0	0.14061546325683594	93500	35.20071578025818	314	99.66417112299466	
58.440529774427645	38.928	3.002	29.058	15.03	57.59544304381678	187	396	45	4	58	30	22	3	29	15	503	0	0.12499642372131348	94000	35.32571220397949	314	99.6659574468085	
1542691.885670748	39.204	3.0080160320641283	29.23246492985972	15.120240480961924	57.59544304381678	188	397	45	4.0	58.0	30.0	22	3.0	29.0	15.0	505	0	0.12498760223388672	94500	35.45069980621338	314	99.66772486772487	
2300861.359657349	39.204	3.0080160320641283	29.23246492985972	15.120240480961924	57.59544304381678	189	399	45	4.0	58.0	30.0	22	3.0	29.0	15.0	505	0	0.14061522483825684	95000	35.591315031051636	314	99.66947368421053	
6128923.662113422	40.63	3.012	29.348	15.18	57.59544304381678	190	400	45	4	58	30	22	3	29	15	505	0	0.14061522483825684	95500	35.73193025588989	314	99.67120418848168	
58.440529774427645	40.768	3.002	29.058	15.03	57.59544304381678	191	400	45	4	58	30	22	3	29	15	505	0	0.15623831748962402	96000	35.88816857337952	314	99.67291666666667	
58.440529774427645	41.09	3.002	29.058	15.03	57.59544304381678	192	400	45	4	58	30	22	3	29	15	505	0	0.14061570167541504	96500	36.02878427505493	314	99.67461139896373	
1542691.7797909118	40.814	3.006012024048096	29.17434869739479	15.090180360721442	57.59544304381678	193	401	45	4.0	58.0	30.0	22	3.0	29.0	15.0	507	0	0.12499189376831055	97000	36.15377616882324	314	99.67628865979381	
762848.1065689964	40.63	3.0080160320641283	29.23246492985972	15.120240480961924	57.59544304381678	194	403	45	4.0	58.0	30.0	22	3.0	29.0	15.0	508	0	0.15623950958251953	97500	36.31001567840576	314	99.67794871794872	
5352199.258128077	41.136	3.012	29.348	15.18	57.59544304381678	195	404	45	4	58	30	22	3	29	15	508	0	0.09374308586120605	98000	36.40375876426697	314	99.67959183673469	
3832722.454277032	40.63	3.008	29.232	15.12	57.59544304381678	196	404	45	4	58	30	22	3	29	15	509	0	0.15623950958251953	98500	36.55999827384949	314	99.68121827411167	
58.440529774427645	41.09	3.002	29.058	15.03	57.59544304381678	197	404	45	4	58	30	22	3	29	15	510	0	0.14061522483825684	99000	36.700613498687744	314	99.68282828282828	
58.440529774427645	42.24	3.002	29.058	15.03	57.59544304381678	198	404	45	4	58	30	22	3	29	15	510	0	0.15623927116394043	99500	36.856852769851685	314	99.68442211055276	
1525637.560855348	42.24	3.01	29.29	15.15	57.59544304381678	199	404	45	4	58	30	22	3	29	15	513	0	0.15623927116394043	100000	37.013092041015625	314	99.686	
2296259.648366165	42.148	3.006	29.174	15.09	57.59544304381678	200	404	45	4	58	30	22	3	29	15	514	0	0.12499213218688965	100500	37.138084173202515	314	99.68756218905473	
58.440529774427645	41.504	3.002	29.058	15.03	57.59544304381678	201	404	45	4	58	30	22	3	29	15	515	0	0.15623855590820312	101000	37.29432272911072	314	99.6891089108911	
2296259.648366165	40.952	3.006	29.174	15.09	57.59544304381678	202	404	45	4	58	30	22	3	29	15	515	0	0.14061594009399414	101500	37.43493866920471	314	99.69064039408867	
759796.8424552971	40.032	3.004	29.116	15.06	57.59544304381678	203	404	45	4	58	30	22	3	29	15	515	0	0.15623927116394043	102000	37.59117794036865	314	99.6921568627451	
58.44052297297953	39.756	3.004008016032064	29.11623246492986	15.060120240480963	57.59544304381678	204	405	45	4.0	58.0	30.0	22	3.0	29.0	15.0	517	0	0.15623855590820312	102500	37.747416496276855	314	99.69365853658536	
58.44052297297953	40.722	3.004008016032064	29.11623246492986	15.060120240480963	57.59544304381678	205	406	45	4.0	58.0	30.0	22	3.0	29.0	15.0	519	0	0.15623950958251953	103000	37.903656005859375	314	99.69514563106796	
3848114.6792250383	40.86	3.012	29.348	15.18	57.59544304381678	206	407	45	4	58	30	22	3	29	15	521	0	0.17186331748962402	103500	38.075519323349	314	99.69661835748792	
2310120.0178197427	40.676	3.0080321285140563	29.23293172690763	15.120481927710843	57.59544304381678	207	409	45	4.0	58.0	30.0	22	3.0	29.0	15.0	523	0	0.15623974800109863	104000	38.2317590713501	314	99.69807692307693	
5390748.018492977	40.63	3.012024048096192	29.34869739478958	15.180360721442886	57.59544304381678	208	410	45	4.0	58.0	30.0	22	3.0	29.0	15.0	525	0	0.15623879432678223	104500	38.38799786567688	314	99.69952153110047	
58.44052297297953	41.32	3.004008016032064	29.11623246492986	15.060120240480963	57.59544304381678	209	411	45	4.0	58.0	30.0	22	3.0	29.0	15.0	527	0	0.12499189376831055	105000	38.51298975944519	314	99.70095238095239	
58.44052638051866	41.596	3.002004008016032	29.05811623246493	15.030060120240481	57.59544304381678	210	412	45	4.0	58.0	30.0	22	3.0	29.0	15.0	528	0	0.12499094009399414	105500	38.637980699539185	314	99.70236966824645	
1539600.3302166283	42.516	3.006	29.174	15.09	57.59544304381678	211	412	45	4	58	30	22	3	29	15	530	0	0.12499165534973145	106000	38.762972354888916	314	99.70377358490566	
58.440529774427645	42.148	3.002	29.058	15.03	57.59544304381678	212	412	45	4	58	30	22	3	29	15	531	0	0.15623998641967773	106500	38.919212341308594	314	99.70516431924882	
58.440529774427645	41.688	3.002	29.058	15.03	57.59544304381678	213	412	45	4	58	30	22	3	29	15	532	0	0.14061570167541504	107000	39.05982804298401	314	99.70654205607477	
58.44051611668101	41.32	3.0080160320641283	29.23246492985972	15.120240480961924	57.59544304381678	214	414	45	4.0	58.0	30.0	22	3.0	29.0	15.0	535	0	0.15623831748962402	107500	39.21606636047363	314	99.70790697674418	
58.440529774427645	40.998	3.002	29.058	15.03	57.59544304381678	215	414	45	4	58	30	22	3	29	15	535	0	0.14061570167541504	108000	39.35668206214905	314	99.70925925925926	
761319.3642994493	40.032	3.006	29.174	15.09	57.59544304381678	216	414	45	4	58	30	22	3	29	15	537	0	0.15623903274536133	108500	39.51292109489441	314	99.71059907834102	
762848.0006891604	40.262	3.008	29.232	15.12	57.59544304381678	217	415	45	4	58	30	22	3	29	15	539	0	0.15623903274536133	109000	39.66916012763977	314	99.71192660550459	
759796.8424552971	40.952	3.004	29.116	15.06	57.59544304381678	218	415	45	4	58	30	22	3	29	15	540	0	0.15623974800109863	109500	39.82539987564087	314	99.71324200913241	
58.440529774427645	40.446	3.002	29.058	15.03	57.59544304381678	219	415	45	4	58	30	22	3	29	15	540	0	0.10936713218688965	110000	39.93476700782776	314	99.71454545454546	
58.440529774427645	40.768	3.002	29.058	15.03	57.59544304381678	220	415	45	4	58	30	22	3	29	15	540	0	0.10936784744262695	110500	40.044134855270386	314	99.71583710407239	
4609446.858262376	40.492	3.008	29.232	15.12	57.59544304381678	221	415	45	4	58	30	22	3	29	15	541	0	0.17186331748962402	111000	40.21599817276001	314	99.71711711711711	
58.440529774427645	41.136	3.002	29.058	15.03	57.59544304381678	222	415	45	4	58	30	22	3	29	15	541	0	0.14061546325683594	111500	40.356613636016846	314	99.71838565022422	
1536521.2464406416	41.504	3.004	29.116	15.06	57.59544304381678	223	415	45	4	58	30	22	3	29	15	542	0	0.14061546325683594	112000	40.49722909927368	314	99.71964285714286	
3085325.224938687	41.55	3.0100200400801604	29.29058116232465	15.150300601202405	57.59544304381678	224	416	45	4.0	58.0	30.0	22	3.0	29.0	15.0	544	0	0.14061546325683594	112500	40.63784456253052	314	99.7208888888889	
58.440529774427645	42.148	3.002	29.058	15.03	57.59544304381678	225	416	45	4	58	30	22	3	29	15	544	0	0.15623903274536133	113000	40.79408359527588	314	99.7221238938053	
58.440529774427645	42.148	3.002	29.058	15.03	57.59544304381678	226	416	45	4	58	30	22	3	29	15	544	0	0.14061522483825684	113500	40.934698820114136	314	99.72334801762115	
1536521.2464406416	42.516	3.004	29.116	15.06	57.59544304381678	227	416	45	4	58	30	22	3	29	15	545	0	0.17186355590820312	114000	41.10656237602234	314	99.72456140350877	
1542691.7797909118	42.7	3.008	29.232	15.12	57.59544304381678	228	417	45	4	58	30	22	3	29	15	547	0	0.15623927116394043	114500	41.26280164718628	314	99.72576419213974	
58.44052638051866	43.298	3.004	29.116	15.06	57.59544304381678	229	417	45	4	58	30	22	3	29	15	549	0	0.17186355590820312	115000	41.43466520309448	314	99.72695652173913	
5369185.260187899	43.712	3.01	29.29	15.15	57.59544304381678	230	417	45	4	58	30	22	3	29	15	550	0	0.12499141693115234	115500	41.559656620025635	314	99.72813852813853	
58.440529774427645	43.528	3.002	29.058	15.03	57.59544304381678	231	417	45	4	58	30	22	3	29	15	550	0	0.17186307907104492	116000	41.73151969909668	314	99.72931034482758	
58.440529774427645	42.976	3.002	29.058	15.03	57.59544304381678	232	417	45	4	58	30	22	3	29	15	551	0	0.15623903274536133	116500	41.88775873184204	314	99.73047210300429	
3079142.2199068763	43.804	3.008	29.232	15.12	57.59544304381678	233	417	45	4	58	30	22	3	29	15	553	0	0.17186284065246582	117000	42.05962157249451	314	99.73162393162393	
1525637.560855348	44.034	3.01	29.29	15.15	57.59544304381678	234	417	45	4	58	30	22	3	29	15	556	0	0.12499260902404785	117500	42.184614181518555	314	99.7327659574468	
3072984.052351509	43.62	3.006	29.174	15.09	57.59544304381678	235	417	45	4	58	30	22	3	29	15	557	0	0.15623855590820312	118000	42.34085273742676	314	99.73389830508475	
1542691.885670748	43.39	3.0080160320641283	29.23246492985972	15.120240480961924	57.59544304381678	236	418	45	4.0	58.0	30.0	22	3.0	29.0	15.0	559	0	0.14061522483825684	118500	42.481467962265015	314	99.73502109704641	
58.440529774427645	43.804	3.002	29.058	15.03	57.59544304381678	237	418	45	4	58	30	22	3	29	15	559	0	0.15623950958251953	119000	42.637707471847534	314	99.73613445378152	
1542691.885670748	43.482	3.0080160320641283	29.23246492985972	15.120240480961924	57.59544304381678	238	420	45	4.0	58.0	30.0	22	3.0	29.0	15.0	560	0	0.15623903274536133	119500	42.793946504592896	314	99.73723849372385	
58.545986091182286	43.574	3.004	29.116	15.06	57.59544304381678	239	420	45	4	58	30	22	3	29	15	560	0	0.15623974800109863	120000	42.950186252593994	314	99.73833333333333	
58.440529774427645	43.39	3.002	29.058	15.03	57.59544304381678	240	420	45	4	58	30	22	3	29	15	560	0	0.10936689376831055	120500	43.059553146362305	314	99.73941908713692	
759796.8424552971	43.068	3.004	29.116	15.06	57.59544304381678	241	420	45	4	58	30	22	3	29	15	561	0	0.17186355590820312	121000	43.23141670227051	314	99.7404958677686	
3848114.6792250383	43.252	3.012	29.348	15.18	57.59544304381678	242	420	45	4	58	30	22	3	29	15	564	0	0.14061522483825684	121500	43.372031927108765	314	99.74156378600823	
58.440529774427645	42.976	3.002	29.058	15.03	57.59544304381678	243	420	45	4	58	30	22	3	29	15	564	0	0.14061594009399414	122000	43.51264786720276	314	99.74262295081967	
2296259.648366165	43.206	3.006	29.174	15.09	57.59544304381678	244	420	45	4	58	30	22	3	29	15	565	0	0.15623855590820312	122500	43.66888642311096	314	99.74367346938776	
2296259.648366165	43.252	3.006	29.174	15.09	57.59544304381678	245	420	45	4	58	30	22	3	29	15	565	0	0.14061546325683594	123000	43.8095018863678	314	99.74471544715448	
58.440529774427645	43.252	3.002	29.058	15.03	57.59544304381678	246	420	45	4	58	30	22	3	29	15	565	0	0.15624022483825684	123500	43.965742111206055	314	99.74574898785426	
58.44052638051866	43.804	3.004	29.116	15.06	57.59544304381678	247	420	45	4	58	30	22	3	29	15	567	0	0.15623855590820312	124000	44.12198066711426	314	99.74677419354839	
58.44052638051866	43.574	3.004	29.116	15.06	57.59544304381678	248	420	45	4	58	30	22	3	29	15	569	0	0.15623950958251953	124500	44.27822017669678	314	99.74779116465864	
58.440529774427645	43.298	3.002	29.058	15.03	57.59544304381678	249	420	45	4	58	30	22	3	29	15	569	0	0.14061570167541504	125000	44.41883587837219	314	99.7488	
7682372.47008411	43.298	3.012	29.348	15.18	57.59544304381678	250	420	45	4	58	30	22	3	29	15	570	0	0.15623879432678223	125500	44.575074672698975	314	99.74980079681275	
58.440529774427645	42.7	3.002	29.058	15.03	57.59544304381678	251	420	45	4	58	30	22	3	29	15	570	0	0.17186307907104492	126000	44.74693775177002	314	99.75079365079365	
58.440529774427645	43.114	3.002	29.058	15.03	57.59544304381678	252	420	45	4	58	30	22	3	29	15	570	0	0.14061570167541504	126500	44.887553453445435	314	99.75177865612648	
5379945.033370192	43.206	3.012	29.348	15.18	57.59544304381678	253	420	45	4	58	30	22	3	29	15	572	0	0.10936737060546875	127000	44.9969208240509	314	99.7527559055118	
3079142.2199068763	42.516	3.008	29.232	15.12	57.59544304381678	254	420	45	4	58	30	22	3	29	15	574	0	0.14061570167541504	127500	45.13753652572632	314	99.75372549019608	
5379945.033370192	42.286	3.012	29.348	15.18	57.59544304381678	255	420	45	4	58	30	22	3	29	15	576	0	0.14061498641967773	128000	45.278151512145996	314	99.7546875	
6145909.664173243	42.286	3.01	29.29	15.15	57.59544304381678	256	420	45	4	58	30	22	3	29	15	577	0	0.15623950958251953	128500	45.434391021728516	314	99.7556420233463	
58.440529774427645	41.964	3.002	29.058	15.03	57.59544304381678	257	420	45	4	58	30	22	3	29	15	578	0	0.17186307907104492	129000	45.60625410079956	314	99.75658914728682	
4618684.109597123	41.872	3.0080160320641283	29.23246492985972	15.120240480961924	57.59544304381678	258	422	45	4.0	58.0	30.0	22	3.0	29.0	15.0	578	0	0.15623927116394043	129500	45.7624933719635	314	99.75752895752896	
2300861.2539896974	42.102	3.008	29.232	15.12	57.59544304381678	259	422	45	4	58	30	22	3	29	15	580	0	0.15623974800109863	130000	45.9187331199646	314	99.75846153846153	
3079142.2199068763	41.964	3.006012024048096	29.17434869739479	15.090180360721442	57.59544304381678	260	423	45	4.0	58.0	30.0	22	3.0	29.0	15.0	581	0	0.15623879432678223	130500	46.07497191429138	314	99.75938697318007	
3085325.1190588507	42.01	3.0080160320641283	29.23246492985972	15.120240480961924	57.59544304381678	261	424	45	4.0	58.0	30.0	22	3.0	29.0	15.0	583	0	0.14061570167541504	131000	46.2155876159668	314	99.76030534351145	
58.440529774427645	42.194	3.002	29.058	15.03	57.59544304381678	262	424	45	4	58	30	22	3	29	15	584	0	0.10936760902404785	131500	46.324955224990845	314	99.76121673003803	
4627958.45832679	42.838	3.012	29.348	15.18	57.59544304381678	263	424	45	4	58	30	22	3	29	15	587	0	0.17186284065246582	132000	46.49681806564331	314	99.76212121212122	
58.440529774427645	42.93	3.002	29.058	15.03	57.59544304381678	264	424	45	4	58	30	22	3	29	15	588	0	0.14061546325683594	132500	46.63743352890015	314	99.76301886792453	
1536521.2464406416	43.298	3.004	29.116	15.06	57.59544304381678	265	424	45	4	58	30	22	3	29	15	588	0	0.14061522483825684	133000	46.7780487537384	314	99.76390977443609	
58.44052297297953	42.792	3.006	29.174	15.09	57.59544304381678	266	425	45	4	58	30	22	3	29	15	590	0	0.12499284744262695	133500	46.90304160118103	314	99.76479400749064	
58.440529774427645	42.792	3.002	29.058	15.03	57.59544304381678	267	425	45	4	58	30	22	3	29	15	591	0	0.17186331748962402	134000	47.074904918670654	314	99.76567164179104	
58.44052638051866	43.206	3.004	29.116	15.06	57.59544304381678	268	425	45	4	58	30	22	3	29	15	593	0	0.14061474800109863	134500	47.21551966667175	314	99.76654275092937	
58.440529774427645	43.298	3.002	29.058	15.03	57.59544304381678	269	425	45	4	58	30	22	3	29	15	593	0	0.10936713218688965	135000	47.32488679885864	314	99.7674074074074	
58.440529774427645	43.114	3.002	29.058	15.03	57.59544304381678	270	425	45	4	58	30	22	3	29	15	593	0	0.15623879432678223	135500	47.481125593185425	314	99.76826568265683	
1539600.3302166283	43.022	3.006	29.174	15.09	57.59544304381678	271	425	45	4	58	30	22	3	29	15	595	0	0.15624070167541504	136000	47.63736629486084	314	99.76911764705882	
4618684.109597123	42.976	3.01	29.29	15.15	57.59544304381678	272	425	45	4	58	30	22	3	29	15	597	0	0.12499046325683594	136500	47.762356758117676	314	99.76996336996336	
4637270.128379311	42.792	3.014	29.406	15.21	57.59544304381678	273	426	45	4	58	30	22	3	29	15	600	0	0.15623927116394043	137000	47.918596029281616	314	99.77080291970803	
7697767.888977618	42.516	3.012024048096192	29.34869739478958	15.180360721442886	57.59544304381678	274	427	45	4.0	58.0	30.0	22	3.0	29.0	15.0	601	0	0.15623903274536133	137500	48.07483506202698	314	99.77163636363636	
58.44052297297953	42.424	3.006	29.174	15.09	57.59544304381678	275	427	45	4	58	30	22	3	29	15	604	0	0.14061546325683594	138000	48.21545052528381	314	99.77246376811594	
761319.3642994493	42.332	3.004008016032064	29.11623246492986	15.060120240480963	57.59544304381678	276	428	45	4.0	58.0	30.0	22	3.0	29.0	15.0	605	0	0.14061617851257324	138500	48.35606670379639	314	99.77328519855595	
58.44052297297953	41.872	3.006	29.174	15.09	57.59544304381678	277	428	45	4	58	30	22	3	29	15	608	0	0.17186260223388672	139000	48.52792930603027	314	99.77410071942447	
6165918.82440652	41.366	3.018	29.522	15.27	57.59544304381678	278	429	45	4	58	30	22	3	29	15	611	0	0.17186331748962402	139500	48.6997926235199	314	99.77491039426523	
3104023.7049790663	41.412	3.0120481927710845	29.349397590361445	15.180722891566266	57.59544304381678	279	431	45	4.0	58.0	30.0	22	3.0	29.0	15.0	615	0	0.17186331748962402	140000	48.87165594100952	314	99.77571428571429	
1536521.2464406416	40.86	3.004	29.116	15.06	57.59544304381678	280	431	45	4	58	30	22	3	29	15	615	0	0.12499117851257324	140500	48.996647119522095	314	99.77651245551601	
1542691.7797909118	40.768	3.008	29.232	15.12	57.59544304381678	281	431	45	4	58	30	22	3	29	15	618	0	0.12499165534973145	141000	49.121638774871826	314	99.77730496453901	
3072984.052351509	41.596	3.006	29.174	15.09	57.59544304381678	282	431	45	4	58	30	22	3	29	15	618	0	0.15623998641967773	141500	49.277878761291504	314	99.77809187279152	
58.440529774427645	41.504	3.002	29.058	15.03	57.59544304381678	283	431	45	4	58	30	22	3	29	15	619	0	0.14061474800109863	142000	49.4184935092926	314	99.77887323943662	
3072984.052351509	41.964	3.006	29.174	15.09	57.59544304381678	284	431	45	4	58	30	22	3	29	15	620	0	0.12499213218688965	142500	49.54348564147949	314	99.77964912280702	
1536521.2464406416	41.826	3.004	29.116	15.06	57.59544304381678	285	431	45	4	58	30	22	3	29	15	620	0	0.15623903274536133	143000	49.69972467422485	314	99.78041958041958	
3832722.454277032	41.688	3.008	29.232	15.12	57.59544304381678	286	432	45	4	58	30	22	3	29	15	620	0	0.15623998641967773	143500	49.85596466064453	314	99.78118466898955	
3091532.8990927255	41.274	3.0100200400801604	29.29058116232465	15.150300601202405	57.59544304381678	287	434	45	4.0	58.0	30.0	22	3.0	29.0	15.0	622	0	0.14061427116394043	144000	49.99657893180847	314	99.78194444444445	
58.440529774427645	41.228	3.002	29.058	15.03	57.59544304381678	288	434	45	4	58	30	22	3	29	15	623	0	0.17186331748962402	144500	50.168442249298096	314	99.78269896193771	
3072984.052351509	40.814	3.006	29.174	15.09	57.59544304381678	289	434	45	4	58	30	22	3	29	15	624	0	0.15623927116394043	145000	50.324681520462036	314	99.78344827586207	
58.440529774427645	40.446	3.002	29.058	15.03	57.59544304381678	290	434	45	4	58	30	22	3	29	15	624	0	0.15623903274536133	145500	50.4809205532074	314	99.78419243986254	
4618684.109597123	39.618	3.0080160320641283	29.23246492985972	15.120240480961924	57.59544304381678	291	435	45	4.0	58.0	30.0	22	3.0	29.0	15.0	625	0	0.15623998641967773	146000	50.637160539627075	314	99.78493150684932	
3097765.710497704	39.48	3.0080482897384306	29.233400402414485	15.120724346076459	57.59544304381678	292	438	45	4.0	58.0	30.0	22	3.0	29.0	15.0	627	0	0.15623879432678223	146500	50.79339933395386	314	99.78566552901025	
3832722.454277032	40.538	3.008	29.232	15.12	57.59544304381678	293	438	45	4	58	30	22	3	29	15	627	0	0.15624046325683594	147000	50.94963979721069	314	99.78639455782313	
6158225.9992873715	41.136	3.0100200400801604	29.29058116232465	15.150300601202405	57.59544304381678	294	440	45	4.0	58.0	30.0	22	3.0	29.0	15.0	627	0	0.15623807907104492	147500	51.10587787628174	314	99.7871186440678	
58.440529774427645	40.906	3.002	29.058	15.03	57.59544304381678	295	440	45	4	58	30	22	3	29	15	627	0	0.17186427116394043	148000	51.27774214744568	314	99.78783783783784	
58.440529774427645	40.308	3.002	29.058	15.03	57.59544304381678	296	440	45	4	58	30	22	3	29	15	627	0	0.15623974800109863	148500	51.43398189544678	314	99.78855218855219	
58.440529774427645	39.986	3.002	29.058	15.03	57.59544304381678	297	440	45	4	58	30	22	3	29	15	627	0	0.12499046325683594	149000	51.55897235870361	314	99.78926174496644	
1536521.2464406416	39.986	3.004	29.116	15.06	57.59544304381678	298	440	45	4	58	30	22	3	29	15	627	0	0.15623998641967773	149500	51.71521234512329	314	99.78996655518395	
58.44051611668101	39.848	3.004024144869215	29.116700201207244	15.060362173038229	57.59544304381678	299	443	45	4.0	58.0	30.0	22	3.0	29.0	15.0	629	0	0.15623903274536133	150000	51.87145137786865	314	99.79066666666667	
58.440529774427645	40.032	3.002	29.058	15.03	57.59544304381678	300	443	45	4	58	30	22	3	29	15	629	0	0.15623879432678223	150500	52.027690172195435	314	99.79136212624584	
3079142.2199068763	40.078	3.008	29.232	15.12	57.59544304381678	301	444	45	4	58	30	22	3	29	15	630	0	0.12499094009399414	151000	52.15268111228943	314	99.79205298013245	
759796.8424552971	39.572	3.004	29.116	15.06	57.59544304381678	302	444	45	4	58	30	22	3	29	15	630	0	0.14061546325683594	151500	52.293296575546265	314	99.7927392739274	
58.440529774427645	40.354	3.002	29.058	15.03	57.59544304381678	303	444	45	4	58	30	22	3	29	15	631	0	0.12499141693115234	152000	52.41828799247742	314	99.79342105263157	
3079142.2199068763	40.676	3.008	29.232	15.12	57.59544304381678	304	444	45	4	58	30	22	3	29	15	633	0	0.15623950958251953	152500	52.57452750205994	314	99.79409836065574	
4618684.109597123	41.596	3.01	29.29	15.15	57.59544304381678	305	445	45	4	58	30	22	3	29	15	634	0	0.2031114101409912	153000	52.77763891220093	314	99.79477124183006	
3072984.052351509	42.424	3.006	29.174	15.09	57.59544304381678	306	446	45	4	58	30	22	3	29	15	634	0	0.15623903274536133	153500	52.93387794494629	314	99.79543973941368	
58.440529774427645	42.608	3.002	29.058	15.03	57.59544304381678	307	446	45	4	58	30	22	3	29	15	634	0	0.15623950958251953	154000	53.09011745452881	314	99.7961038961039	
1536521.2464406416	41.734	3.004	29.116	15.06	57.59544304381678	308	446	45	4	58	30	22	3	29	15	634	0	0.17186355590820312	154500	53.26198101043701	314	99.7967637540453	
4609446.858262376	41.688	3.008	29.232	15.12	57.59544304381678	309	446	45	4	58	30	22	3	29	15	635	0	0.15623879432678223	155000	53.418219804763794	314	99.79741935483871	
58.440529774427645	42.24	3.002	29.058	15.03	57.59544304381678	310	446	45	4	58	30	22	3	29	15	635	0	0.12499213218688965	155500	53.543211936950684	314	99.79807073954984	
1539600.3302166283	41.78	3.006	29.174	15.09	57.59544304381678	311	446	45	4	58	30	22	3	29	15	637	0	0.14061474800109863	156000	53.68382668495178	314	99.79871794871795	
6145909.664173243	41.458	3.01	29.29	15.15	57.59544304381678	312	446	45	4	58	30	22	3	29	15	638	0	0.10936784744262695	156500	53.79319453239441	314	99.79936102236422	
58.440529774427645	41.366	3.002	29.058	15.03	57.59544304381678	313	446	45	4	58	30	22	3	29	15	638	0	0.14061474800109863	157000	53.93380928039551	314	99.8	
1536521.2464406416	42.7	3.004	29.116	15.06	57.59544304381678	314	446	45	4	58	30	22	3	29	15	639	0	0.15623974800109863	157500	54.090049028396606	314	99.80063492063492	
1536521.2464406416	42.884	3.004	29.116	15.06	57.59544304381678	315	446	45	4	58	30	22	3	29	15	639	0	0.14061546325683594	158000	54.23066449165344	314	99.80126582278481	
58.440529774427645	43.436	3.002	29.058	15.03	57.59544304381678	316	446	45	4	58	30	22	3	29	15	639	0	0.17186307907104492	158500	54.40252757072449	314	99.80189274447949	
6145909.664173243	43.804	3.01	29.29	15.15	57.59544304381678	317	446	45	4	58	30	22	3	29	15	640	0	0.12499117851257324	159000	54.52751874923706	314	99.80251572327045	
3072984.052351509	43.988	3.006	29.174	15.09	57.59544304381678	318	446	45	4	58	30	22	3	29	15	640	0	0.12499141693115234	159500	54.65251016616821	314	99.80313479623824	
5369185.260187899	43.574	3.01	29.29	15.15	57.59544304381678	319	446	45	4	58	30	22	3	29	15	641	0	0.15623998641967773	160000	54.80875015258789	314	99.80375	
4609446.963718693	42.93	3.01	29.29	15.15	57.59544304381678	320	446	45	4	58	30	22	3	29	15	642	0	0.15623950958251953	160500	54.96498966217041	314	99.8043613707165	
1536521.2464406416	42.7	3.004	29.116	15.06	57.59544304381678	321	446	45	4	58	30	22	3	29	15	642	0	0.15623831748962402	161000	55.121227979660034	314	99.80496894409939	
4609446.858262376	42.792	3.008	29.232	15.12	57.59544304381678	322	446	45	4	58	30	22	3	29	15	642	0	0.17186355590820312	161500	55.29309153556824	314	99.80557275541796	
1536521.2464406416	42.838	3.004	29.116	15.06	57.59544304381678	323	446	45	4	58	30	22	3	29	15	643	0	0.14061546325683594	162000	55.43370699882507	314	99.80617283950617	
3072984.052351509	42.47	3.006	29.174	15.09	57.59544304381678	324	446	45	4	58	30	22	3	29	15	644	0	0.18748712539672852	162500	55.6211941242218	314	99.80676923076923	
1542691.885670748	42.332	3.0080160320641283	29.23246492985972	15.120240480961924	57.59544304381678	325	447	45	4.0	58.0	30.0	22	3.0	29.0	15.0	646	0	0.15623927116394043	163000	55.77743339538574	314	99.80736196319019	
1542691.7797909118	42.424	3.008	29.232	15.12	57.59544304381678	326	448	45	4	58	30	22	3	29	15	648	0	0.15623974800109863	163500	55.93367314338684	314	99.80795107033639	
3840403.1436799453	42.47	3.01	29.29	15.15	57.59544304381678	327	448	45	4	58	30	22	3	29	15	650	0	0.14061546325683594	164000	56.07428860664368	314	99.80853658536586	
58.440529774427645	42.424	3.002	29.058	15.03	57.59544304381678	328	448	45	4	58	30	22	3	29	15	650	0	0.12499117851257324	164500	56.19927978515625	314	99.80911854103343	
4609446.963718693	43.068	3.01	29.29	15.15	57.59544304381678	329	448	45	4	58	30	22	3	29	15	651	0	0.14061522483825684	165000	56.33989500999451	314	99.80969696969697	
58.440529774427645	43.16	3.002	29.058	15.03	57.59544304381678	330	448	45	4	58	30	22	3	29	15	651	0	0.15623927116394043	165500	56.49613428115845	314	99.81027190332327	
3072984.052351509	43.62	3.006	29.174	15.09	57.59544304381678	331	448	45	4	58	30	22	3	29	15	651	0	0.14061522483825684	166000	56.636749505996704	314	99.81084337349398	
7713225.136862667	43.666	3.016	29.464	15.24	57.59544304381678	332	449	45	4	58	30	22	3	29	15	653	0	0.14061617851257324	166500	56.77736568450928	314	99.81141141141141	
4609446.963718693	44.08	3.01	29.29	15.15	57.59544304381678	333	449	45	4	58	30	22	3	29	15	654	0	0.17186236381530762	167000	56.949228048324585	314	99.8119760479042	
1536521.2464406416	44.356	3.004	29.116	15.06	57.59544304381678	334	449	45	4	58	30	22	3	29	15	654	0	0.17186498641967773	167500	57.12109303474426	314	99.81253731343284	
3085325.1190588507	44.54	3.01	29.29	15.15	57.59544304381678	335	449	45	4	58	30	22	3	29	15	657	0	0.17186236381530762	168000	57.29295539855957	314	99.81309523809524	
1536521.2464406416	44.586	3.004	29.116	15.06	57.59544304381678	336	449	45	4	58	30	22	3	29	15	657	0	0.15623879432678223	168500	57.44919419288635	314	99.81364985163205	
1536521.2464406416	44.678	3.004	29.116	15.06	57.59544304381678	337	449	45	4	58	30	22	3	29	15	657	0	0.15623927116394043	169000	57.60543346405029	314	99.81420118343195	
58.65186168463617	44.632	3.008	29.232	15.12	57.59544304381678	338	449	45	4	58	30	22	3	29	15	659	0	0.14061546325683594	169500	57.74604892730713	314	99.81474926253688	
58.440529774427645	44.448	3.002	29.058	15.03	57.59544304381678	339	449	45	4	58	30	22	3	29	15	660	0	0.12499213218688965	170000	57.87104105949402	314	99.81529411764706	
58.440529774427645	44.31	3.002	29.058	15.03	57.59544304381678	340	449	45	4	58	30	22	3	29	15	660	0	0.15623831748962402	170500	58.02727937698364	314	99.8158357771261	
58.440529774427645	44.448	3.002	29.058	15.03	57.59544304381678	341	449	45	4	58	30	22	3	29	15	661	0	0.10936808586120605	171000	58.13664746284485	314	99.81637426900585	
3085325.1190588507	44.494	3.01	29.29	15.15	57.59544304381678	342	449	45	4	58	30	22	3	29	15	664	0	0.14061498641967773	171500	58.277262449264526	314	99.81690962099125	
1539600.3302166283	44.356	3.006	29.174	15.09	57.59544304381678	343	449	45	4	58	30	22	3	29	15	666	0	0.17186355590820312	172000	58.44912600517273	314	99.81744186046511	
1539600.3302166283	44.77	3.006	29.174	15.09	57.59544304381678	344	449	45	4	58	30	22	3	29	15	668	0	0.15623950958251953	172500	58.60536551475525	314	99.81797101449276	
58.440529774427645	44.954	3.002	29.058	15.03	57.59544304381678	345	449	45	4	58	30	22	3	29	15	669	0	0.15623927116394043	173000	58.76160478591919	314	99.8184971098266	
6170591.903474565	44.724	3.016	29.464	15.24	57.59544304381678	346	449	45	4	58	30	22	3	29	15	672	0	0.17186307907104492	173500	58.933467864990234	314	99.81902017291067	
3072984.052351509	44.77	3.006	29.174	15.09	57.59544304381678	347	449	45	4	58	30	22	3	29	15	673	0	0.15623927116394043	174000	59.089707136154175	314	99.81954022988506	
58.440529774427645	44.724	3.002	29.058	15.03	57.59544304381678	348	449	45	4	58	30	22	3	29	15	674	0	0.15623927116394043	174500	59.245946407318115	314	99.82005730659026	
58.440529774427645	44.724	3.002	29.058	15.03	57.59544304381678	349	449	45	4	58	30	22	3	29	15	674	0	0.12499213218688965	175000	59.370938539505005	314	99.82057142857143	
3072984.052351509	44.816	3.006	29.174	15.09	57.59544304381678	350	449	45	4	58	30	22	3	29	15	675	0	0.15624046325683594	175500	59.52717900276184	314	99.82108262108262	
58.44052297297953	44.77	3.006	29.174	15.09	57.59544304381678	351	449	45	4	58	30	22	3	29	15	678	0	0.15623736381530762	176000	59.68341636657715	314	99.82159090909092	
1539600.3302166283	44.724	3.006	29.174	15.09	57.59544304381678	352	449	45	4	58	30	22	3	29	15	680	0	0.14061617851257324	176500	59.82403254508972	314	99.82209631728045	
58.440529774427645	44.678	3.002	29.058	15.03	57.59544304381678	353	449	45	4	58	30	22	3	29	15	680	0	0.14061403274536133	177000	59.96464657783508	314	99.8225988700565	
58.440529774427645	44.632	3.002	29.058	15.03	57.59544304381678	354	449	45	4	58	30	22	3	29	15	680	0	0.15624046325683594	177500	60.12088704109192	314	99.8230985915493	
3072984.052351509	44.586	3.006	29.174	15.09	57.59544304381678	355	449	45	4	58	30	22	3	29	15	680	0	0.14061522483825684	178000	60.261502265930176	314	99.82359550561797	
1539600.4358842804	44.494	3.008	29.232	15.12	57.59544304381678	356	449	45	4	58	30	22	3	29	15	682	0	0.14061474800109863	178500	60.402117013931274	314	99.82408963585434	
1536521.2464406416	44.77	3.004	29.116	15.06	57.59544304381678	357	449	45	4	58	30	22	3	29	15	682	0	0.15623927116394043	179000	60.558356285095215	314	99.8245810055866	
58.440529774427645	44.77	3.002	29.058	15.03	57.59544304381678	358	449	45	4	58	30	22	3	29	15	682	0	0.12499141693115234	179500	60.68334770202637	314	99.825069637883	
58.440529774427645	44.954	3.002	29.058	15.03	57.59544304381678	359	449	45	4	58	30	22	3	29	15	682	0	0.12499117851257324	180000	60.80833888053894	314	99.82555555555555	
1536521.2464406416	44.816	3.004	29.116	15.06	57.59544304381678	360	449	45	4	58	30	22	3	29	15	683	0	0.14061594009399414	180500	60.948954820632935	314	99.82603878116343	
765923.7650378129	44.862	3.012	29.348	15.18	57.59544304381678	361	449	45	4	58	30	22	3	29	15	688	0	0.17186331748962402	181000	61.12081813812256	314	99.82651933701658	
4627958.45832679	44.724	3.012	29.348	15.18	57.59544304381678	362	449	45	4	58	30	22	3	29	15	691	0	0.12499117851257324	181500	61.24580931663513	314	99.82699724517906	
58.440529774427645	44.54	3.002	29.058	15.03	57.59544304381678	363	449	45	4	58	30	22	3	29	15	692	0	0.15623974800109863	182000	61.40204906463623	314	99.82747252747252	
58.440529774427645	44.402	3.002	29.058	15.03	57.59544304381678	364	449	45	4	58	30	22	3	29	15	692	0	0.15623903274536133	182500	61.55828809738159	314	99.82794520547945	
58.440529774427645	44.494	3.002	29.058	15.03	57.59544304381678	365	449	45	4	58	30	22	3	29	15	692	0	0.12499189376831055	183000	61.6832799911499	314	99.82841530054645	
58.440529774427645	44.724	3.002	29.058	15.03	57.59544304381678	366	449	45	4	58	30	22	3	29	15	692	0	0.14061498641967773	183500	61.82389497756958	314	99.82888283378746	
3110307.035470474	44.908	3.018	29.522	15.27	57.59544304381678	367	449	45	4	58	30	22	3	29	15	699	0	0.17186284065246582	184000	61.995757818222046	314	99.82934782608696	
3832722.454277032	44.816	3.008	29.232	15.12	57.59544304381678	368	449	45	4	58	30	22	3	29	15	700	0	0.15624022483825684	184500	62.1519980430603	314	99.82981029810298	
58.440529774427645	44.908	3.002	29.058	15.03	57.59544304381678	369	449	45	4	58	30	22	3	29	15	700	0	0.14061522483825684	185000	62.29261326789856	314	99.83027027027028	
3848114.6792250383	44.816	3.012	29.348	15.18	57.59544304381678	370	449	45	4	58	30	22	3	29	15	703	0	0.15623927116394043	185500	62.4488525390625	314	99.83072776280324	
58.440529774427645	44.724	3.002	29.058	15.03	57.59544304381678	371	449	45	4	58	30	22	3	29	15	704	0	0.15623879432678223	186000	62.60509133338928	314	99.83118279569892	
761319.3642994493	44.816	3.006	29.174	15.09	57.59544304381678	372	449	45	4	58	30	22	3	29	15	706	0	0.17186355590820312	186500	62.776954889297485	314	99.83163538873994	
58.44052297297953	44.862	3.006	29.174	15.09	57.59544304381678	373	449	45	4	58	30	22	3	29	15	709	0	0.14061498641967773	187000	62.91756987571716	314	99.83208556149732	
3072984.052351509	44.678	3.006	29.174	15.09	57.59544304381678	374	449	45	4	58	30	22	3	29	15	710	0	0.14061665534973145	187500	63.058186531066895	314	99.83253333333333	
58.440529774427645	44.356	3.002	29.058	15.03	57.59544304381678	375	449	45	4	58	30	22	3	29	15	711	0	0.14061474800109863	188000	63.19880127906799	314	99.83297872340425	
3887141.72570205	44.724	3.024	29.696	15.36	57.59544304381678	376	449	45	4	58	30	22	3	29	15	719	0	0.14061498641967773	188500	63.33941626548767	314	99.83342175066313	
5401594.582485789	44.586	3.018	29.522	15.27	57.59544304381678	377	449	45	4	58	30	22	3	29	15	723	0	0.17186355590820312	189000	63.511279821395874	314	99.83386243386244	
1536521.2464406416	44.678	3.004	29.116	15.06	57.59544304381678	378	449	45	4	58	30	22	3	29	15	724	0	0.14061546325683594	189500	63.65189528465271	314	99.83430079155673	
2305481.6575966077	44.678	3.016	29.464	15.24	57.59544304381678	379	449	45	4	58	30	22	3	29	15	727	0	0.15624141693115234	190000	63.80813670158386	314	99.83473684210526	
3832722.454277032	44.77	3.008	29.232	15.12	57.59544304381678	380	449	45	4	58	30	22	3	29	15	728	0	0.1718606948852539	190500	63.979997396469116	314	99.83517060367454	
1539600.3302166283	44.678	3.006	29.174	15.09	57.59544304381678	381	449	45	4	58	30	22	3	29	15	730	0	0.12499117851257324	191000	64.10498857498169	314	99.83560209424084	
3832722.454277032	44.402	3.008	29.232	15.12	57.59544304381678	382	449	45	4	58	30	22	3	29	15	730	0	0.15623950958251953	191500	64.26122808456421	314	99.8360313315927	
759796.8424552971	44.356	3.004	29.116	15.06	57.59544304381678	383	449	45	4	58	30	22	3	29	15	730	0	0.15623950958251953	192000	64.41746759414673	314	99.83645833333334	
58.440529774427645	44.402	3.002	29.058	15.03	57.59544304381678	384	449	45	4	58	30	22	3	29	15	730	0	0.15623903274536133	192500	64.57370662689209	314	99.83688311688312	
58.440529774427645	44.402	3.002	29.058	15.03	57.59544304381678	385	449	45	4	58	30	22	3	29	15	730	0	0.14061617851257324	193000	64.71432280540466	314	99.83730569948186	
4609446.858262376	44.172	3.008	29.232	15.12	57.59544304381678	386	449	45	4	58	30	22	3	29	15	731	0	0.15623879432678223	193500	64.87056159973145	314	99.83772609819121	
58.440529774427645	44.402	3.002	29.058	15.03	57.59544304381678	387	449	45	4	58	30	22	3	29	15	731	0	0.15623927116394043	194000	65.02680087089539	314	99.8381443298969	
3832722.454277032	44.632	3.008	29.232	15.12	57.59544304381678	388	449	45	4	58	30	22	3	29	15	732	0	0.14061617851257324	194500	65.16741704940796	314	99.83856041131105	
58.440529774427645	44.862	3.002	29.058	15.03	57.59544304381678	389	449	45	4	58	30	22	3	29	15	733	0	0.14061474800109863	195000	65.30803179740906	314	99.83897435897435	
58.440529774427645	44.954	3.002	29.058	15.03	57.59544304381678	390	449	45	4	58	30	22	3	29	15	734	0	0.17186284065246582	195500	65.47989463806152	314	99.8393861892583	
1536521.2464406416	44.954	3.004	29.116	15.06	57.59544304381678	391	449	45	4	58	30	22	3	29	15	735	0	0.14061927795410156	196000	65.62051391601562	314	99.83979591836734	
759796.9479116139	44.954	3.006	29.174	15.09	57.59544304381678	392	449	45	4	58	30	22	3	29	15	735	0	0.156235933303833	196500	65.77674984931946	314	99.84020356234096	
58.44052638051866	44.908	3.004	29.116	15.06	57.59544304381678	393	449	45	4	58	30	22	3	29	15	737	0	0.15623879432678223	197000	65.93298864364624	314	99.84060913705584	
3072984.052351509	44.862	3.006	29.174	15.09	57.59544304381678	394	449	45	4	58	30	22	3	29	15	738	0	0.14061546325683594	197500	66.07360410690308	314	99.84101265822785	
1555182.8447270023	44.954	3.018	29.522	15.27	57.59544304381678	395	449	45	4	58	30	22	3	29	15	745	0	0.17186355590820312	198000	66.24546766281128	314	99.84141414141415	
3062122.177762766	44.954	3.01	29.29	15.15	57.59544304381678	396	449	45	4	58	30	22	3	29	15	747	0	0.14061522483825684	198500	66.38608288764954	314	99.84181360201511	
58.44052638051866	44.816	3.004	29.116	15.06	57.59544304381678	397	449	45	4	58	30	22	3	29	15	749	0	0.14061474800109863	199000	66.52669763565063	314	99.84221105527638	
58.440529774427645	44.678	3.002	29.058	15.03	57.59544304381678	398	449	45	4	58	30	22	3	29	15	749	0	0.14061594009399414	199500	66.66731357574463	314	99.84260651629073	
58.54619403257742	44.77	3.006	29.174	15.09	57.59544304381678	399	449	45	4	58	30	22	3	29	15	751	0	0.15623927116394043	200000	66.82355284690857	314	99.843	
58.44052638051866	44.448	3.004	29.116	15.06	57.59544304381678	400	449	45	4	58	30	22	3	29	15	753	0	0.15623950958251953	200500	66.97979235649109	314	99.843391521197	
3079142.2199068763	44.586	3.008	29.232	15.12	57.59544304381678	401	449	45	4	58	30	22	3	29	15	755	0	0.15623998641967773	201000	67.13603234291077	314	99.84378109452736	
58.545986091182286	44.448	3.004	29.116	15.06	57.59544304381678	402	449	45	4	58	30	22	3	29	15	755	0	0.14061450958251953	201500	67.27664685249329	314	99.84416873449132	
759796.8424552971	44.632	3.004	29.116	15.06	57.59544304381678	403	449	45	4	58	30	22	3	29	15	756	0	0.15623950958251953	202000	67.4328863620758	314	99.84455445544555	
4609446.963718693	44.448	3.01	29.29	15.15	57.59544304381678	404	449	45	4	58	30	22	3	29	15	756	0	0.14061999320983887	202500	67.57350635528564	314	99.84493827160493	
58.440529774427645	44.862	3.002	29.058	15.03	57.59544304381678	405	449	45	4	58	30	22	3	29	15	756	0	0.1562349796295166	203000	67.72974133491516	314	99.84532019704433	
58.65144240793692	44.954	3.006	29.174	15.09	57.59544304381678	406	449	45	4	58	30	22	3	29	15	757	0	0.17186307907104492	203500	67.9016044139862	314	99.84570024570024	
762848.1065689964	44.908	3.01	29.29	15.15	57.59544304381678	407	449	45	4	58	30	22	3	29	15	760	0	0.15623879432678223	204000	68.05784320831299	314	99.84607843137255	
1536521.2464406416	44.724	3.004	29.116	15.06	57.59544304381678	408	449	45	4	58	30	22	3	29	15	761	0	0.15623950958251953	204500	68.21408271789551	314	99.84645476772616	
6141205.957143261	44.862	3.014	29.406	15.21	57.59544304381678	409	449	45	4	58	30	22	3	29	15	763	0	0.12499094009399414	205000	68.3390736579895	314	99.84682926829268	
3840403.1436799453	44.908	3.01	29.29	15.15	57.59544304381678	410	449	45	4	58	30	22	3	29	15	765	0	0.15623998641967773	205500	68.49531364440918	314	99.84720194647203	
58.440529774427645	44.908	3.002	29.058	15.03	57.59544304381678	411	449	45	4	58	30	22	3	29	15	765	0	0.14061522483825684	206000	68.63592886924744	314	99.84757281553398	
3823383.207203487	44.954	3.014	29.406	15.21	57.59544304381678	412	449	45	4	58	30	22	3	29	15	767	0	0.14061498641967773	206500	68.77654385566711	314	99.84794188861986	
1536521.2464406416	44.77	3.004	29.116	15.06	57.59544304381678	413	449	45	4	58	30	22	3	29	15	768	0	0.17186355590820312	207000	68.94840741157532	314	99.84830917874396	
759797.0533679306	44.54	3.008	29.232	15.12	57.59544304381678	414	449	45	4	58	30	22	3	29	15	768	0	0.15623927116394043	207500	69.10464668273926	314	99.84867469879518	
58.440529774427645	44.632	3.002	29.058	15.03	57.59544304381678	415	449	45	4	58	30	22	3	29	15	768	0	0.17186331748962402	208000	69.27651000022888	314	99.84903846153846	
3097765.816804474	44.586	3.016	29.464	15.24	57.59544304381678	416	449	45	4	58	30	22	3	29	15	773	0	0.15623974800109863	208500	69.43274974822998	314	99.8494004796163	
58.545986091182286	44.632	3.004	29.116	15.06	57.59544304381678	417	449	45	4	58	30	22	3	29	15	774	0	0.12499094009399414	209000	69.55774068832397	314	99.84976076555024	
2296259.859278798	44.494	3.01	29.29	15.15	57.59544304381678	418	449	45	4	58	30	22	3	29	15	775	0	0.14061522483825684	209500	69.69835591316223	314	99.85011933174225	
3072984.2632641424	44.632	3.01	29.29	15.15	57.59544304381678	419	449	45	4	58	30	22	3	29	15	776	0	0.14061570167541504	210000	69.83897161483765	314	99.85047619047619	
1525637.560855348	44.448	3.01	29.29	15.15	57.59544304381678	420	449	45	4	58	30	22	3	29	15	779	0	0.15623950958251953	210500	69.99521112442017	314	99.85083135391923	
3832722.5597333484	44.172	3.01	29.29	15.15	57.59544304381678	421	449	45	4	58	30	22	3	29	15	780	0	0.17186307907104492	211000	70.16707420349121	314	99.85118483412322	
3072984.1578078256	44.678	3.008	29.232	15.12	57.59544304381678	422	449	45	4	58	30	22	3	29	15	781	0	0.14061546325683594	211500	70.30768966674805	314	99.85153664302601	
1519535.24438082	44.586	3.006	29.174	15.09	57.59544304381678	423	450	45	4	58	30	22	3	29	15	781	0	0.14061498641967773	212000	70.44830465316772	314	99.85188679245283	
58.440529774427645	44.678	3.002	29.058	15.03	57.59544304381678	424	450	45	4	58	30	22	3	29	15	782	0	0.15623927116394043	212500	70.60454392433167	314	99.85223529411765	
58.545986091182286	44.54	3.004	29.116	15.06	57.59544304381678	425	450	45	4	58	30	22	3	29	15	782	0	0.15623950958251953	213000	70.76078343391418	314	99.85258215962442	
1536521.2464406416	44.816	3.004	29.116	15.06	57.59544304381678	426	450	45	4	58	30	22	3	29	15	782	0	0.12499213218688965	213500	70.88577556610107	314	99.85292740046839	
759796.8424552971	44.954	3.004	29.116	15.06	57.59544304381678	427	450	45	4	58	30	22	3	29	15	782	0	0.14061498641967773	214000	71.02639055252075	314	99.85327102803738	
58.440529774427645	44.954	3.002	29.058	15.03	57.59544304381678	428	450	45	4	58	30	22	3	29	15	782	0	0.15623974800109863	214500	71.18263030052185	314	99.85361305361306	
58.440529774427645	44.954	3.002	29.058	15.03	57.59544304381678	429	450	45	4	58	30	22	3	29	15	782	0	0.15623903274536133	215000	71.33886933326721	314	99.8539534883721	
3072984.052351509	44.816	3.006	29.174	15.09	57.59544304381678	430	450	45	4	58	30	22	3	29	15	783	0	0.15623950958251953	215500	71.49510884284973	314	99.85429234338747	
58.440529774427645	44.816	3.002	29.058	15.03	57.59544304381678	431	450	45	4	58	30	22	3	29	15	783	0	0.14061522483825684	216000	71.63572406768799	314	99.85462962962963	
4592460.856202554	44.448	3.01	29.29	15.15	57.59544304381678	432	450	45	4	58	30	22	3	29	15	783	0	0.15623903274536133	216500	71.79196310043335	314	99.85496535796767	
1542691.7797909118	44.034	3.008	29.232	15.12	57.59544304381678	433	450	45	4	58	30	22	3	29	15	786	0	0.14061570167541504	217000	71.93257880210876	314	99.8552995391705	
58.440529774427645	44.08	3.002	29.058	15.03	57.59544304381678	434	450	45	4	58	30	22	3	29	15	786	0	0.15623950958251953	217500	72.08881831169128	314	99.85563218390804	
58.440529774427645	44.034	3.002	29.058	15.03	57.59544304381678	435	450	45	4	58	30	22	3	29	15	786	0	0.15623903274536133	218000	72.24505734443665	314	99.8559633027523	
759796.8424552971	43.988	3.004	29.116	15.06	57.59544304381678	436	450	45	4	58	30	22	3	29	15	786	0	0.15623855590820312	218500	72.40129590034485	314	99.8562929061785	
58.545986091182286	43.988	3.004	29.116	15.06	57.59544304381678	437	450	45	4	58	30	22	3	29	15	787	0	0.12499237060546875	219000	72.52628827095032	314	99.85662100456621	
58.440529774427645	44.31	3.002	29.058	15.03	57.59544304381678	438	450	45	4	58	30	22	3	29	15	787	0	0.12499165534973145	219500	72.65127992630005	314	99.85694760820046	
2279273.646306343	44.31	3.008	29.232	15.12	57.59544304381678	439	450	45	4	58	30	22	3	29	15	788	0	0.14061498641967773	220000	72.79189491271973	314	99.85727272727273	
58.440529774427645	44.356	3.002	29.058	15.03	57.59544304381678	440	450	45	4	58	30	22	3	29	15	788	0	0.15623950958251953	220500	72.94813442230225	314	99.85759637188208	
58.440529774427645	44.356	3.002	29.058	15.03	57.59544304381678	441	450	45	4	58	30	22	3	29	15	788	0	0.15623855590820312	221000	73.10437297821045	314	99.8579185520362	
3068270.9001232875	44.034	3.012	29.348	15.18	57.59544304381678	442	450	45	4	58	30	22	3	29	15	791	0	0.17186450958251953	221500	73.27623748779297	314	99.85823927765237	
58.440529774427645	44.724	3.002	29.058	15.03	57.59544304381678	443	450	45	4	58	30	22	3	29	15	791	0	0.12499117851257324	222000	73.40122866630554	314	99.85855855855856	
58.440529774427645	44.724	3.002	29.058	15.03	57.59544304381678	444	450	45	4	58	30	22	3	29	15	791	0	0.15623950958251953	222500	73.55746817588806	314	99.85887640449438	
3072984.052351509	44.632	3.006	29.174	15.09	57.59544304381678	445	451	45	4	58	30	22	3	29	15	791	0	0.14061713218688965	223000	73.69808530807495	314	99.8591928251121	
1536521.2464406416	44.586	3.004	29.116	15.06	57.59544304381678	446	451	45	4	58	30	22	3	29	15	792	0	0.14061570167541504	223500	73.83870100975037	314	99.85950782997763	
2279273.8572189766	44.494	3.012	29.348	15.18	57.59544304381678	447	451	45	4	58	30	22	3	29	15	793	0	0.15623855590820312	224000	73.99493956565857	314	99.85982142857142	
2296259.859278798	44.908	3.01	29.29	15.15	57.59544304381678	448	451	45	4	58	30	22	3	29	15	793	0	0.12499213218688965	224500	74.11993169784546	314	99.86013363028954	
6128923.873026054	44.816	3.016	29.464	15.24	57.59544304381678	449	451	45	4	58	30	22	3	29	15	794	0	0.1718606948852539	225000	74.29179239273071	314	99.86044444444444	
3823383.207203487	44.816	3.014	29.406	15.21	57.59544304381678	450	451	45	4	58	30	22	3	29	15	796	0	0.17186355590820312	225500	74.46365594863892	314	99.86075388026607	
2296259.7538224817	44.816	3.008	29.232	15.12	57.59544304381678	451	451	45	4	58	30	22	3	29	15	797	0	0.12499189376831055	226000	74.58864784240723	314	99.86106194690265	
3832722.770645982	44.816	3.014	29.406	15.21	57.59544304381678	452	451	45	4	58	30	22	3	29	15	797	0	0.14061617851257324	226500	74.7292640209198	314	99.86136865342164	
4575474.95959905	44.816	3.014	29.406	15.21	57.59544304381678	453	451	45	4	58	30	22	3	29	15	798	0	0.15623903274536133	227000	74.88550305366516	314	99.86167400881057	
2296259.648366165	44.908	3.006	29.174	15.09	57.59544304381678	454	451	45	4	58	30	22	3	29	15	799	0	0.15623927116394043	227500	75.0417423248291	314	99.86197802197802	
58.440529774427645	44.954	3.002	29.058	15.03	57.59544304381678	455	451	45	4	58	30	22	3	29	15	799	0	0.14061379432678223	228000	75.18235611915588	314	99.86228070175439	
58.440529774427645	44.954	3.002	29.058	15.03	57.59544304381678	456	451	45	4	58	30	22	3	29	15	799	0	0.14061594009399414	228500	75.32297205924988	314	99.86258205689278	
58.440529774427645	44.908	3.002	29.058	15.03	57.59544304381678	457	451	45	4	58	30	22	3	29	15	799	0	0.14061641693115234	229000	75.46358847618103	314	99.86288209606987	
6902466.88091633	44.586	3.016	29.464	15.24	57.59544304381678	458	452	45	4	58	30	22	3	29	15	800	0	0.15623998641967773	229500	75.61982846260071	314	99.86318082788671	
58.440529774427645	44.31	3.002	29.058	15.03	57.59544304381678	459	452	45	4	58	30	22	3	29	15	800	0	0.15623760223388672	230000	75.7760660648346	314	99.86347826086957	
759796.9479116139	43.666	3.006	29.174	15.09	57.59544304381678	460	452	45	4	58	30	22	3	29	15	800	0	0.10936975479125977	230500	75.88543581962585	314	99.86377440347071	
3854278.65433836	43.758	3.02	29.58	15.3	57.59544304381678	461	452	45	4	58	30	22	3	29	15	806	0	0.1718616485595703	231000	76.05729746818542	314	99.86406926406926	
761319.3642994493	44.172	3.004008016032064	29.11623246492986	15.060120240480963	57.59544304381678	462	453	45	4.0	58.0	30.0	22	3.0	29.0	15.0	807	0	0.14061617851257324	231500	76.197913646698	314	99.86436285097193	
58.440529774427645	44.31	3.002	29.058	15.03	57.59544304381678	463	453	45	4	58	30	22	3	29	15	807	0	0.15623807907104492	232000	76.35415172576904	314	99.86465517241379	
3832722.454277032	44.172	3.008	29.232	15.12	57.59544304381678	464	453	45	4	58	30	22	3	29	15	808	0	0.15623927116394043	232500	76.51039099693298	314	99.86494623655913	
58.440529774427645	44.494	3.002	29.058	15.03	57.59544304381678	465	453	45	4	58	30	22	3	29	15	808	0	0.14061880111694336	233000	76.65100979804993	314	99.86523605150215	
1519535.24438082	44.586	3.006	29.174	15.09	57.59544304381678	466	453	45	4	58	30	22	3	29	15	809	0	0.1562349796295166	233500	76.80724477767944	314	99.86552462526767	
3072984.1578078256	44.356	3.008	29.232	15.12	57.59544304381678	467	453	45	4	58	30	22	3	29	15	810	0	0.14061546325683594	234000	76.94786024093628	314	99.86581196581197	
58.44052297297953	44.356	3.006	29.174	15.09	57.59544304381678	468	453	45	4	58	30	22	3	29	15	813	0	0.15623903274536133	234500	77.10409927368164	314	99.86609808102345	
58.440529774427645	44.494	3.002	29.058	15.03	57.59544304381678	469	453	45	4	58	30	22	3	29	15	813	0	0.14061546325683594	235000	77.24471473693848	314	99.86638297872341	
58.440529774427645	44.264	3.002	29.058	15.03	57.59544304381678	470	453	45	4	58	30	22	3	29	15	813	0	0.12499475479125977	235500	77.36970949172974	314	99.86666666666666	
6124185.914999152	44.31	3.016	29.464	15.24	57.59544304381678	471	453	45	4	58	30	22	3	29	15	815	0	0.1562366485595703	236000	77.5259461402893	314	99.86694915254238	
1542691.885670748	44.218	3.01	29.29	15.15	57.59544304381678	472	453	45	4	58	30	22	3	29	15	818	0	0.15623879432678223	236500	77.68218493461609	314	99.86723044397463	
58.440529774427645	44.264	3.002	29.058	15.03	57.59544304381678	473	453	45	4	58	30	22	3	29	15	818	0	0.15623903274536133	237000	77.83842396736145	314	99.86751054852321	
58.440529774427645	44.172	3.002	29.058	15.03	57.59544304381678	474	453	45	4	58	30	22	3	29	15	819	0	0.14061594009399414	237500	77.97903990745544	314	99.86778947368421	
58.440529774427645	43.942	3.002	29.058	15.03	57.59544304381678	475	453	45	4	58	30	22	3	29	15	819	0	0.17186307907104492	238000	78.15090298652649	314	99.86806722689076	
58.545986091182286	44.126	3.004	29.116	15.06	57.59544304381678	476	453	45	4	58	30	22	3	29	15	820	0	0.15623927116394043	238500	78.30714225769043	314	99.86834381551363	
4592460.961658871	43.85	3.012	29.348	15.18	57.59544304381678	477	453	45	4	58	30	22	3	29	15	821	0	0.15623927116394043	239000	78.46338152885437	314	99.86861924686193	
58.440529774427645	43.988	3.002	29.058	15.03	57.59544304381678	478	454	45	4	58	30	22	3	29	15	821	0	0.15623903274536133	239500	78.61962056159973	314	99.86889352818372	
58.440529774427645	44.034	3.002	29.058	15.03	57.59544304381678	479	454	45	4	58	30	22	3	29	15	822	0	0.15623927116394043	240000	78.77585983276367	314	99.86916666666667	
58.440529774427645	43.896	3.002	29.058	15.03	57.59544304381678	480	454	45	4	58	30	22	3	29	15	822	0	0.12499189376831055	240500	78.90085172653198	314	99.86943866943867	
1536521.2464406416	43.896	3.004	29.116	15.06	57.59544304381678	481	454	45	4	58	30	22	3	29	15	822	0	0.12499141693115234	241000	79.02584314346313	314	99.86970954356846	
58.440529774427645	44.218	3.002	29.058	15.03	57.59544304381678	482	454	45	4	58	30	22	3	29	15	822	0	0.15623927116394043	241500	79.18208241462708	314	99.86997929606625	
58.440529774427645	43.896	3.002	29.058	15.03	57.59544304381678	483	454	45	4	58	30	22	3	29	15	822	0	0.14061546325683594	242000	79.32269787788391	314	99.8702479338843	
58.440529774427645	44.172	3.002	29.058	15.03	57.59544304381678	484	454	45	4	58	30	22	3	29	15	822	0	0.14061546325683594	242500	79.46331334114075	314	99.87051546391753	
58.440529774427645	44.448	3.002	29.058	15.03	57.59544304381678	485	454	45	4	58	30	22	3	29	15	822	0	0.15623903274536133	243000	79.61955237388611	314	99.87078189300412	
8458960.47809329	44.402	3.0180360721442887	29.52304609218437	15.270541082164328	57.59544304381678	486	455	45	4.0	58.0	30.0	22	3.0	29.0	15.0	824	0	0.14061546325683594	243500	79.76016783714294	314	99.87104722792608	
58.440529774427645	44.77	3.002	29.058	15.03	57.59544304381678	487	455	45	4	58	30	22	3	29	15	824	0	0.15624165534973145	244000	79.91640949249268	314	99.87131147540984	
2296259.648366165	44.448	3.006	29.174	15.09	57.59544304381678	488	455	45	4	58	30	22	3	29	15	824	0	0.12498974800109863	244500	80.04139924049377	314	99.87157464212679	
3072984.052351509	44.264	3.006	29.174	15.09	57.59544304381678	489	455	45	4	58	30	22	3	29	15	825	0	0.17186236381530762	245000	80.21326160430908	314	99.87183673469387	
2296259.648366165	44.034	3.006	29.174	15.09	57.59544304381678	490	455	45	4	58	30	22	3	29	15	825	0	0.15623927116394043	245500	80.36950087547302	314	99.87209775967413	
1536521.3518969584	44.264	3.006	29.174	15.09	57.59544304381678	491	455	45	4	58	30	22	3	29	15	826	0	0.14061546325683594	246000	80.51011633872986	314	99.87235772357724	
3815736.45221721	44.034	3.01	29.29	15.15	57.59544304381678	492	456	45	4	58	30	22	3	29	15	826	0	0.15623927116394043	246500	80.6663556098938	314	99.87261663286004	
3832722.5597333484	43.344	3.01	29.29	15.15	57.59544304381678	493	456	45	4	58	30	22	3	29	15	827	0	0.14061617851257324	247000	80.80697178840637	314	99.87287449392713	
58.440529774427645	42.93	3.002	29.058	15.03	57.59544304381678	494	456	45	4	58	30	22	3	29	15	828	0	0.14061546325683594	247500	80.94758725166321	314	99.87313131313131	
3832722.454277032	43.344	3.008	29.232	15.12	57.59544304381678	495	456	45	4	58	30	22	3	29	15	829	0	0.15623927116394043	248000	81.10382652282715	314	99.8733870967742	
1536521.2464406416	43.022	3.004	29.116	15.06	57.59544304381678	496	456	45	4	58	30	22	3	29	15	830	0	0.12499451637268066	248500	81.22882103919983	314	99.87364185110664	
58.440529774427645	43.528	3.002	29.058	15.03	57.59544304381678	497	456	45	4	58	30	22	3	29	15	831	0	0.15623998641967773	249000	81.3850610256195	314	99.87389558232931	
58.440529774427645	43.712	3.002	29.058	15.03	57.59544304381678	498	456	45	4	58	30	22	3	29	15	832	0	0.1562361717224121	249500	81.54129719734192	314	99.87414829659319	
4627958.45832679	43.666	3.0100200400801604	29.29058116232465	15.150300601202405	57.59544304381678	499	457	45	4.0	58.0	30.0	22	3.0	29.0	15.0	834	0	0.14061546325683594	250000	81.68191266059875	314	99.8744	
58.44052638051866	43.574	3.004	29.116	15.06	57.59544304381678	500	457	45	4	58	30	22	3	29	15	836	0	0.17186236381530762	250500	81.85377502441406	314	99.87465069860279	
3072984.052351509	43.482	3.006	29.174	15.09	57.59544304381678	501	457	45	4	58	30	22	3	29	15	837	0	0.15623974800109863	251000	82.01001477241516	314	99.87490039840637	
58.440529774427645	43.528	3.002	29.058	15.03	57.59544304381678	502	457	45	4	58	30	22	3	29	15	837	0	0.15623998641967773	251500	82.16625475883484	314	99.8751491053678	
3832722.454277032	43.574	3.008	29.232	15.12	57.59544304381678	503	457	45	4	58	30	22	3	29	15	837	0	0.12499499320983887	252000	82.29124975204468	314	99.87539682539682	
58.440529774427645	43.666	3.002	29.058	15.03	57.59544304381678	504	457	45	4	58	30	22	3	29	15	837	0	0.1406104564666748	252500	82.43186020851135	314	99.87564356435644	
5369185.260187899	43.712	3.01	29.29	15.15	57.59544304381678	505	457	45	4	58	30	22	3	29	15	838	0	0.17186427116394043	253000	82.6037244796753	314	99.87588932806324	
58.440529774427645	43.344	3.002	29.058	15.03	57.59544304381678	506	457	45	4	58	30	22	3	29	15	838	0	0.15623903274536133	253500	82.75996351242065	314	99.87613412228797	
4609447.06917501	43.39	3.012	29.348	15.18	57.59544304381678	507	457	45	4	58	30	22	3	29	15	838	0	0.15623903274536133	254000	82.91620254516602	314	99.8763779527559	
6158225.9992873715	43.712	3.012	29.348	15.18	57.59544304381678	508	457	45	4	58	30	22	3	29	15	840	0	0.15623974800109863	254500	83.07244229316711	314	99.87662082514734	
3079142.2199068763	43.896	3.008	29.232	15.12	57.59544304381678	509	457	45	4	58	30	22	3	29	15	842	0	0.15624022483825684	255000	83.22868251800537	314	99.87686274509804	
58.440529774427645	43.85	3.002	29.058	15.03	57.59544304381678	510	457	45	4	58	30	22	3	29	15	842	0	0.2031104564666748	255500	83.43179297447205	314	99.8771037181996	
759796.8424552971	44.172	3.004	29.116	15.06	57.59544304381678	511	457	45	4	58	30	22	3	29	15	842	0	0.15623974800109863	256000	83.58803272247314	314	99.87734375	
4618684.320932427	43.712	3.014	29.406	15.21	57.59544304381678	512	457	45	4	58	30	22	3	29	15	844	0	0.15623903274536133	256500	83.7442717552185	314	99.8775828460039	
58.545986091182286	43.804	3.004	29.116	15.06	57.59544304381678	513	458	45	4	58	30	22	3	29	15	844	0	0.12498998641967773	257000	83.86926174163818	314	99.87782101167315	
759796.8424552971	44.126	3.004	29.116	15.06	57.59544304381678	514	458	45	4	58	30	22	3	29	15	844	0	0.12499260902404785	257500	83.99425435066223	314	99.87805825242718	
1536521.2464406416	43.758	3.004	29.116	15.06	57.59544304381678	515	458	45	4	58	30	22	3	29	15	844	0	0.12499117851257324	258000	84.1192455291748	314	99.87829457364342	
6158226.210622675	43.666	3.016	29.464	15.24	57.59544304381678	516	459	45	4	58	30	22	3	29	15	845	0	0.12499094009399414	258500	84.2442364692688	314	99.87852998065765	
7682372.680996743	43.804	3.016	29.464	15.24	57.59544304381678	517	459	45	4	58	30	22	3	29	15	846	0	0.14061522483825684	259000	84.38485169410706	314	99.87876447876448	
1539600.3302166283	43.528	3.006	29.174	15.09	57.59544304381678	518	459	45	4	58	30	22	3	29	15	848	0	0.12499141693115234	259500	84.50984311103821	314	99.87899807321773	
1536521.3518969584	43.298	3.006	29.174	15.09	57.59544304381678	519	459	45	4	58	30	22	3	29	15	849	0	0.12499260902404785	260000	84.63483572006226	314	99.87923076923077	
58.440529774427645	43.39	3.002	29.058	15.03	57.59544304381678	520	459	45	4	58	30	22	3	29	15	849	0	0.15623784065246582	260500	84.79107356071472	314	99.87946257197697	
58.440529774427645	43.39	3.002	29.058	15.03	57.59544304381678	521	459	45	4	58	30	22	3	29	15	849	0	0.15624284744262695	261000	84.94731640815735	314	99.87969348659004	
58.440529774427645	42.884	3.002	29.058	15.03	57.59544304381678	522	459	45	4	58	30	22	3	29	15	849	0	0.1718597412109375	261500	85.11917614936829	314	99.87992351816443	
58.54619403257742	42.608	3.006	29.174	15.09	57.59544304381678	523	460	45	4	58	30	22	3	29	15	850	0	0.14061570167541504	262000	85.2597918510437	314	99.88015267175572	
1536521.2464406416	43.206	3.004	29.116	15.06	57.59544304381678	524	460	45	4	58	30	22	3	29	15	851	0	0.12499117851257324	262500	85.38478302955627	314	99.88038095238095	
4618684.109597123	43.298	3.01	29.29	15.15	57.59544304381678	525	460	45	4	58	30	22	3	29	15	853	0	0.12499141693115234	263000	85.50977444648743	314	99.88060836501901	
58.440529774427645	43.298	3.002	29.058	15.03	57.59544304381678	526	460	45	4	58	30	22	3	29	15	853	0	0.12499141693115234	263500	85.63476586341858	314	99.880834914611	
3840403.355015249	43.482	3.014	29.406	15.21	57.59544304381678	527	461	45	4	58	30	22	3	29	15	854	0	0.17186403274536133	264000	85.80662989616394	314	99.8810606060606	
58.440529774427645	43.298	3.002	29.058	15.03	57.59544304381678	528	461	45	4	58	30	22	3	29	15	854	0	0.14061546325683594	264500	85.94724535942078	314	99.88128544423441	
1536521.3518969584	43.252	3.006	29.174	15.09	57.59544304381678	529	461	45	4	58	30	22	3	29	15	854	0	0.15623879432678223	265000	86.10348415374756	314	99.88150943396226	
3079142.43124218	43.298	3.012	29.348	15.18	57.59544304381678	530	461	45	4	58	30	22	3	29	15	856	0	0.14061594009399414	265500	86.24410009384155	314	99.88173258003766	
1536521.2464406416	43.528	3.004	29.116	15.06	57.59544304381678	531	461	45	4	58	30	22	3	29	15	856	0	0.14061474800109863	266000	86.38471484184265	314	99.88195488721804	
1536521.3518969584	43.528	3.006	29.174	15.09	57.59544304381678	532	461	45	4	58	30	22	3	29	15	857	0	0.14061522483825684	266500	86.52533006668091	314	99.88217636022515	
58.440529774427645	43.206	3.002	29.058	15.03	57.59544304381678	533	461	45	4	58	30	22	3	29	15	858	0	0.15624022483825684	267000	86.68157029151917	314	99.88239700374533	
58.440529774427645	42.148	3.002	29.058	15.03	57.59544304381678	534	461	45	4	58	30	22	3	29	15	858	0	0.15623831748962402	267500	86.83780860900879	314	99.88261682242991	
3079142.2199068763	41.826	3.008	29.232	15.12	57.59544304381678	535	461	45	4	58	30	22	3	29	15	860	0	0.12499141693115234	268000	86.96280002593994	314	99.88283582089552	
3079142.43124218	41.734	3.0100200400801604	29.29058116232465	15.150300601202405	57.59544304381678	536	462	45	4.0	58.0	30.0	22	3.0	29.0	15.0	861	0	0.14061546325683594	268500	87.10341548919678	314	99.8830540037244	
58.440529774427645	41.688	3.002	29.058	15.03	57.59544304381678	537	462	45	4	58	30	22	3	29	15	861	0	0.15623974800109863	269000	87.25965523719788	314	99.88327137546469	
3079142.2199068763	41.136	3.008	29.232	15.12	57.59544304381678	538	462	45	4	58	30	22	3	29	15	863	0	0.15623879432678223	269500	87.41589403152466	314	99.8834879406308	
1536521.2464406416	41.596	3.004	29.116	15.06	57.59544304381678	539	462	45	4	58	30	22	3	29	15	864	0	0.14061546325683594	270000	87.5565094947815	314	99.8837037037037	
3085325.1190588507	41.596	3.01	29.29	15.15	57.59544304381678	540	462	45	4	58	30	22	3	29	15	867	0	0.15623903274536133	270500	87.71274852752686	314	99.88391866913123	
1539600.3302166283	42.148	3.004008016032064	29.11623246492986	15.060120240480963	57.59544304381678	541	464	45	4.0	58.0	30.0	22	3.0	29.0	15.0	867	0	0.14061570167541504	271000	87.85336422920227	314	99.88413284132841	
1542691.7797909118	42.194	3.006012024048096	29.17434869739479	15.090180360721442	57.59544304381678	542	466	45	4.0	58.0	30.0	22	3.0	29.0	15.0	868	0	0.15623903274536133	271500	88.00960326194763	314	99.88434622467771	
58.440529774427645	41.78	3.002	29.058	15.03	57.59544304381678	543	466	45	4	58	30	22	3	29	15	868	0	0.14061546325683594	272000	88.15021872520447	314	99.88455882352942	
1539600.3302166283	41.136	3.004008016032064	29.11623246492986	15.060120240480963	57.59544304381678	544	467	45	4.0	58.0	30.0	22	3.0	29.0	15.0	869	0	0.15623903274536133	272500	88.30645775794983	314	99.88477064220183	
1539600.3302166283	40.676	3.006	29.174	15.09	57.59544304381678	545	467	45	4	58	30	22	3	29	15	871	0	0.15623950958251953	273000	88.46269726753235	314	99.88498168498168	
58.440529774427645	40.032	3.002	29.058	15.03	57.59544304381678	546	467	45	4	58	30	22	3	29	15	871	0	0.15623950958251953	273500	88.61893677711487	314	99.88519195612432	
3072984.052351509	40.262	3.006	29.174	15.09	57.59544304381678	547	467	45	4	58	30	22	3	29	15	872	0	0.14061522483825684	274000	88.75955200195312	314	99.88540145985401	
3079142.2199068763	41.274	3.006012024048096	29.17434869739479	15.090180360721442	57.59544304381678	548	468	45	4.0	58.0	30.0	22	3.0	29.0	15.0	873	0	0.14061546325683594	274500	88.90016746520996	314	99.8856102003643	
1542691.7797909118	41.32	3.008	29.232	15.12	57.59544304381678	549	468	45	4	58	30	22	3	29	15	876	0	0.14061594009399414	275000	89.04078340530396	314	99.88581818181818	
1536521.2464406416	41.228	3.004	29.116	15.06	57.59544304381678	550	468	45	4	58	30	22	3	29	15	877	0	0.14061474800109863	275500	89.18139815330505	314	99.88602540834846	
1536521.2464406416	41.412	3.004	29.116	15.06	57.59544304381678	551	468	45	4	58	30	22	3	29	15	878	0	0.15623974800109863	276000	89.33763790130615	314	99.88623188405798	
58.440529774427645	41.228	3.002	29.058	15.03	57.59544304381678	552	468	45	4	58	30	22	3	29	15	878	0	0.15623903274536133	276500	89.49387693405151	314	99.8864376130199	
58.440529774427645	42.148	3.002	29.058	15.03	57.59544304381678	553	468	45	4	58	30	22	3	29	15	879	0	0.15623903274536133	277000	89.65011596679688	314	99.88664259927798	
58.440529774427645	42.148	3.002	29.058	15.03	57.59544304381678	554	468	45	4	58	30	22	3	29	15	879	0	0.12499141693115234	277500	89.77510738372803	314	99.88684684684685	
4646619.345488497	42.378	3.0140280561122244	29.406813627254508	15.210420841683367	57.59544304381678	555	469	45	4.0	58.0	30.0	22	3.0	29.0	15.0	883	0	0.14061856269836426	278000	89.91572594642639	314	99.88705035971223	
1539600.3302166283	42.884	3.006	29.174	15.09	57.59544304381678	556	469	45	4	58	30	22	3	29	15	885	0	0.14061260223388672	278500	90.05633854866028	314	99.88725314183124	
2300861.2539896974	43.574	3.008	29.232	15.12	57.59544304381678	557	469	45	4	58	30	22	3	29	15	887	0	0.12499189376831055	279000	90.18133044242859	314	99.88745519713261	
58.440529774427645	43.16	3.002	29.058	15.03	57.59544304381678	558	469	45	4	58	30	22	3	29	15	888	0	0.12499094009399414	279500	90.30632138252258	314	99.88765652951699	
58.44052638051866	41.734	3.004	29.116	15.06	57.59544304381678	559	469	45	4	58	30	22	3	29	15	890	0	0.12499284744262695	280000	90.43131422996521	314	99.88785714285714	
58.44052638051866	41.734	3.004	29.116	15.06	57.59544304381678	560	469	45	4	58	30	22	3	29	15	892	0	0.12499022483825684	280500	90.55630445480347	314	99.88805704099822	
2305481.3399571	42.378	3.01	29.29	15.15	57.59544304381678	561	470	45	4	58	30	22	3	29	15	894	0	0.17186355590820312	281000	90.72816801071167	314	99.888256227758	
1539600.3302166283	42.424	3.006	29.174	15.09	57.59544304381678	562	470	45	4	58	30	22	3	29	15	896	0	0.15623903274536133	281500	90.88440704345703	314	99.88845470692718	
765923.7650378129	42.47	3.012	29.348	15.18	57.59544304381678	563	471	45	4	58	30	22	3	29	15	900	0	0.15623927116394043	282000	91.04064631462097	314	99.8886524822695	
58.440529774427645	41.918	3.002	29.058	15.03	57.59544304381678	564	471	45	4	58	30	22	3	29	15	900	0	0.15623974800109863	282500	91.19688606262207	314	99.88884955752212	
58.440529774427645	41.826	3.002	29.058	15.03	57.59544304381678	565	471	45	4	58	30	22	3	29	15	901	0	0.14061474800109863	283000	91.33750081062317	314	99.88904593639576	
58.440529774427645	42.562	3.002	29.058	15.03	57.59544304381678	566	471	45	4	58	30	22	3	29	15	901	0	0.14061522483825684	283500	91.47811603546143	314	99.88924162257496	
1539600.3302166283	42.608	3.006	29.174	15.09	57.59544304381678	567	472	45	4	58	30	22	3	29	15	902	0	0.14061617851257324	284000	91.618732213974	314	99.88943661971831	
3085325.1190588507	43.666	3.0060240963855422	29.174698795180724	15.090361445783133	57.59544304381678	568	474	45	4.0	58.0	30.0	22	3.0	29.0	15.0	903	0	0.17186379432678223	284500	91.79059600830078	314	99.8896309314587	
58.44052297297953	43.436	3.006	29.174	15.09	57.59544304381678	569	474	45	4	58	30	22	3	29	15	906	0	0.17186331748962402	285000	91.9624593257904	314	99.88982456140351	
2296259.648366165	43.344	3.006	29.174	15.09	57.59544304381678	570	474	45	4	58	30	22	3	29	15	906	0	0.15623903274536133	285500	92.11869835853577	314	99.89001751313485	
58.44051955172795	43.436	3.006012024048096	29.17434869739479	15.090180360721442	57.59544304381678	571	475	45	4.0	58.0	30.0	22	3.0	29.0	15.0	909	0	0.14061498641967773	286000	92.25931334495544	314	99.8902097902098	
58.440529774427645	43.666	3.002	29.058	15.03	57.59544304381678	572	475	45	4	58	30	22	3	29	15	909	0	0.14061594009399414	286500	92.39992928504944	314	99.89040139616056	
58.440529774427645	43.804	3.002	29.058	15.03	57.59544304381678	573	475	45	4	58	30	22	3	29	15	909	0	0.17186379432678223	287000	92.57179307937622	314	99.89059233449477	
3079142.2199068763	43.804	3.008	29.232	15.12	57.59544304381678	574	475	45	4	58	30	22	3	29	15	911	0	0.17186284065246582	287500	92.74365592002869	314	99.89078260869566	
4609446.858262376	43.85	3.008	29.232	15.12	57.59544304381678	575	475	45	4	58	30	22	3	29	15	912	0	0.17186260223388672	288000	92.91551852226257	314	99.89097222222222	
3848114.6792250383	43.252	3.012	29.348	15.18	57.59544304381678	576	475	45	4	58	30	22	3	29	15	915	0	0.17186355590820312	288500	93.08738207817078	314	99.89116117850953	
3079142.2199068763	44.034	3.006012024048096	29.17434869739479	15.090180360721442	57.59544304381678	577	476	45	4.0	58.0	30.0	22	3.0	29.0	15.0	916	0	0.17186284065246582	289000	93.25924491882324	314	99.89134948096886	
6145909.664173243	44.356	3.01	29.29	15.15	57.59544304381678	578	476	45	4	58	30	22	3	29	15	917	0	0.17186427116394043	289500	93.43110918998718	314	99.8915371329879	
58.440529774427645	44.356	3.002	29.058	15.03	57.59544304381678	579	476	45	4	58	30	22	3	29	15	917	0	0.15623903274536133	290000	93.58734822273254	314	99.89172413793104	
3085325.1190588507	44.172	3.01	29.29	15.15	57.59544304381678	580	476	45	4	58	30	22	3	29	15	920	0	0.14061570167541504	290500	93.72796392440796	314	99.89191049913941	
58.545986091182286	44.402	3.004	29.116	15.06	57.59544304381678	581	476	45	4	58	30	22	3	29	15	920	0	0.14061546325683594	291000	93.8685793876648	314	99.89209621993128	
3079142.2199068763	44.402	3.008	29.232	15.12	57.59544304381678	582	476	45	4	58	30	22	3	29	15	922	0	0.17186260223388672	291500	94.04044198989868	314	99.89228130360206	
1536521.2464406416	43.988	3.004	29.116	15.06	57.59544304381678	583	476	45	4	58	30	22	3	29	15	923	0	0.17186450958251953	292000	94.2123064994812	314	99.89246575342466	
58.54619403257742	44.264	3.006	29.174	15.09	57.59544304381678	584	476	45	4	58	30	22	3	29	15	925	0	0.1874866485595703	292500	94.39979314804077	314	99.89264957264957	
3091532.8990927255	44.08	3.012	29.348	15.18	57.59544304381678	585	476	45	4	58	30	22	3	29	15	929	0	0.14061379432678223	293000	94.54040694236755	314	99.89283276450512	
3085325.1190588507	43.896	3.01	29.29	15.15	57.59544304381678	586	476	45	4	58	30	22	3	29	15	932	0	0.17186474800109863	293500	94.71227169036865	314	99.89301533219762	
759796.8424552971	43.988	3.004	29.116	15.06	57.59544304381678	587	476	45	4	58	30	22	3	29	15	932	0	0.15623855590820312	294000	94.86851024627686	314	99.89319727891156	
1536521.2464406416	44.264	3.004	29.116	15.06	57.59544304381678	588	476	45	4	58	30	22	3	29	15	933	0	0.17186260223388672	294500	95.04037284851074	314	99.89337860780985	
3091532.8990927255	44.08	3.012	29.348	15.18	57.59544304381678	589	476	45	4	58	30	22	3	29	15	937	0	0.15623903274536133	295000	95.1966118812561	314	99.8935593220339	
58.440529774427645	43.436	3.002	29.058	15.03	57.59544304381678	590	476	45	4	58	30	22	3	29	15	938	0	0.15623974800109863	295500	95.3528516292572	314	99.8937394247039	
3072984.052351509	43.39	3.006	29.174	15.09	57.59544304381678	591	476	45	4	58	30	22	3	29	15	939	0	0.15623855590820312	296000	95.5090901851654	314	99.89391891891891	
58.440529774427645	43.896	3.002	29.058	15.03	57.59544304381678	592	476	45	4	58	30	22	3	29	15	939	0	0.12499237060546875	296500	95.63408255577087	314	99.89409780775716	
1536521.2464406416	43.942	3.004	29.116	15.06	57.59544304381678	593	476	45	4	58	30	22	3	29	15	940	0	0.14061474800109863	297000	95.77469730377197	314	99.8942760942761	
58.440529774427645	44.218	3.002	29.058	15.03	57.59544304381678	594	476	45	4	58	30	22	3	29	15	940	0	0.10936760902404785	297500	95.88406491279602	314	99.89445378151261	
6158225.9992873715	44.264	3.012	29.348	15.18	57.59544304381678	595	476	45	4	58	30	22	3	29	15	942	0	0.2187352180480957	298000	96.10280013084412	314	99.89463087248322	
7696170.917927103	44.402	3.018	29.522	15.27	57.59544304381678	596	476	45	4	58	30	22	3	29	15	945	0	0.14061522483825684	298500	96.24341535568237	314	99.89480737018425	
4618684.109597123	44.678	3.01	29.29	15.15	57.59544304381678	597	476	45	4	58	30	22	3	29	15	947	0	0.15623927116394043	299000	96.39965462684631	314	99.89498327759198	
3079142.2199068763	44.632	3.008	29.232	15.12	57.59544304381678	598	476	45	4	58	30	22	3	29	15	949	0	0.12499141693115234	299500	96.52464604377747	314	99.89515859766277	
6145909.664173243	44.724	3.01	29.29	15.15	57.59544304381678	599	476	45	4	58	30	22	3	29	15	950	0	0.12499189376831055	300000	96.64963793754578	314	99.89533333333334	
58.440529774427645	44.816	3.002	29.058	15.03	57.59544304381678	600	476	45	4	58	30	22	3	29	15	950	0	0.14061546325683594	300500	96.79025340080261	314	99.8955074875208	
58.440529774427645	44.908	3.002	29.058	15.03	57.59544304381678	601	476	45	4	58	30	22	3	29	15	951	0	0.15623855590820312	301000	96.94649195671082	314	99.89568106312292	
4618684.109597123	44.77	3.01	29.29	15.15	57.59544304381678	602	476	45	4	58	30	22	3	29	15	953	0	0.14061522483825684	301500	97.08710718154907	314	99.89585406301825	
7713225.136862667	44.862	3.016	29.464	15.24	57.59544304381678	603	477	45	4	58	30	22	3	29	15	955	0	0.15623974800109863	302000	97.24334692955017	314	99.89602649006622	
10755298.081905846	44.77	3.016	29.464	15.24	57.59544304381678	604	477	45	4	58	30	22	3	29	15	956	0	0.15623927116394043	302500	97.39958620071411	314	99.89619834710744	
3072984.052351509	44.908	3.006	29.174	15.09	57.59544304381678	605	477	45	4	58	30	22	3	29	15	957	0	0.15623974800109863	303000	97.55582594871521	314	99.8963696369637	
1536521.2464406416	44.954	3.004	29.116	15.06	57.59544304381678	606	477	45	4	58	30	22	3	29	15	957	0	0.17186331748962402	303500	97.72768926620483	314	99.89654036243822	
58.440529774427645	44.908	3.002	29.058	15.03	57.59544304381678	607	477	45	4	58	30	22	3	29	15	957	0	0.12499117851257324	304000	97.85268044471741	314	99.89671052631579	
1536521.2464406416	44.77	3.004	29.116	15.06	57.59544304381678	608	477	45	4	58	30	22	3	29	15	958	0	0.14061522483825684	304500	97.99329566955566	314	99.89688013136289	
3072984.052351509	44.77	3.006	29.174	15.09	57.59544304381678	609	477	45	4	58	30	22	3	29	15	958	0	0.14061594009399414	305000	98.13391160964966	314	99.89704918032787	
58.440529774427645	44.724	3.002	29.058	15.03	57.59544304381678	610	477	45	4	58	30	22	3	29	15	959	0	0.14061450958251953	305500	98.27452611923218	314	99.89721767594108	
9237309.778667867	44.586	3.016	29.464	15.24	57.59544304381678	611	477	45	4	58	30	22	3	29	15	961	0	0.14061546325683594	306000	98.41514158248901	314	99.89738562091503	
4618684.109597123	44.632	3.01	29.29	15.15	57.59544304381678	612	477	45	4	58	30	22	3	29	15	963	0	0.14061594009399414	306500	98.55575752258301	314	99.89755301794453	
9237309.778667867	44.77	3.016	29.464	15.24	57.59544304381678	613	478	45	4	58	30	22	3	29	15	964	0	0.17186260223388672	307000	98.7276201248169	314	99.89771986970685	
6145909.664173243	44.816	3.01	29.29	15.15	57.59544304381678	614	478	45	4	58	30	22	3	29	15	964	0	0.12499141693115234	307500	98.85261154174805	314	99.89788617886178	
6905648.0660987655	44.908	3.012	29.348	15.18	57.59544304381678	615	478	45	4	58	30	22	3	29	15	965	0	0.17186331748962402	308000	99.02447485923767	314	99.89805194805194	
17660887.70747484	44.954	3.026	29.754	15.39	57.59544304381678	616	478	45	4	58	30	22	3	29	15	966	0	0.15623974800109863	308500	99.18071460723877	314	99.89821717990276	
58.440529774427645	44.954	3.002	29.058	15.03	57.59544304381678	617	478	45	4	58	30	22	3	29	15	966	0	0.15623903274536133	309000	99.33695363998413	314	99.89838187702266	
1536521.2464406416	44.954	3.004	29.116	15.06	57.59544304381678	618	478	45	4	58	30	22	3	29	15	966	0	0.15623927116394043	309500	99.49319291114807	314	99.89854604200323	
58.440529774427645	44.954	3.002	29.058	15.03	57.59544304381678	619	478	45	4	58	30	22	3	29	15	966	0	0.10936808586120605	310000	99.60256099700928	314	99.89870967741936	
1536521.2464406416	44.862	3.004	29.116	15.06	57.59544304381678	620	479	45	4	58	30	22	3	29	15	966	0	0.14061522483825684	310500	99.74317622184753	314	99.89887278582931	
7682372.47008411	44.816	3.012	29.348	15.18	57.59544304381678	621	479	45	4	58	30	22	3	29	15	966	0	0.14061474800109863	311000	99.88379096984863	314	99.89903536977492	
1536521.2464406416	44.816	3.004	29.116	15.06	57.59544304381678	622	479	45	4	58	30	22	3	29	15	966	0	0.14061665534973145	311500	100.02440762519836	314	99.8991974317817	
1536521.2464406416	44.954	3.004	29.116	15.06	57.59544304381678	623	479	45	4	58	30	22	3	29	15	966	0	0.10936641693115234	312000	100.13377404212952	314	99.89935897435898	
9218835.381451294	44.816	3.016	29.464	15.24	57.59544304381678	624	479	45	4	58	30	22	3	29	15	966	0	0.17186307907104492	312500	100.30563712120056	314	99.89952	
4618684.109597123	44.448	3.01	29.29	15.15	57.59544304381678	625	479	45	4	58	30	22	3	29	15	968	0	0.15624046325683594	313000	100.4618775844574	314	99.89968051118211	
1536521.2464406416	44.494	3.004	29.116	15.06	57.59544304381678	626	479	45	4	58	30	22	3	29	15	968	0	0.15623831748962402	313500	100.61811590194702	314	99.89984051036683	
3072984.052351509	44.448	3.006	29.174	15.09	57.59544304381678	627	479	45	4	58	30	22	3	29	15	968	0	0.17186427116394043	314000	100.78998017311096	314	99.9	
58.440529774427645	44.264	3.002	29.058	15.03	57.59544304381678	628	479	45	4	58	30	22	3	29	15	968	0	0.14061427116394043	314500	100.9305944442749	314	99.90015898251193	
58.440529774427645	44.172	3.002	29.058	15.03	57.59544304381678	629	479	45	4	58	30	22	3	29	15	968	0	0.14061546325683594	315000	101.07120990753174	314	99.90031746031747	
6145909.664173243	44.034	3.01	29.29	15.15	57.59544304381678	630	479	45	4	58	30	22	3	29	15	968	0	0.14061641693115234	315500	101.21182632446289	314	99.90047543581616	
3072984.052351509	44.218	3.006	29.174	15.09	57.59544304381678	631	479	45	4	58	30	22	3	29	15	968	0	0.12499046325683594	316000	101.33681678771973	314	99.9006329113924	
4609446.963718693	44.402	3.01	29.29	15.15	57.59544304381678	632	479	45	4	58	30	22	3	29	15	968	0	0.17186331748962402	316500	101.50868010520935	314	99.90078988941548	
58.440529774427645	44.126	3.002	29.058	15.03	57.59544304381678	633	479	45	4	58	30	22	3	29	15	968	0	0.15623974800109863	317000	101.66491985321045	314	99.90094637223974	
3085325.1190588507	44.218	3.0080160320641283	29.23246492985972	15.120240480961924	57.59544304381678	634	480	45	4.0	58.0	30.0	22	3.0	29.0	15.0	970	0	0.14061474800109863	317500	101.80553460121155	314	99.90110236220472	
4609446.858262376	44.126	3.008	29.232	15.12	57.59544304381678	635	480	45	4	58	30	22	3	29	15	971	0	0.17186331748962402	318000	101.97739791870117	314	99.90125786163522	
7682372.47008411	44.494	3.012	29.348	15.18	57.59544304381678	636	481	45	4	58	30	22	3	29	15	971	0	0.15623927116394043	318500	102.13363718986511	314	99.90141287284145	
58.440529774427645	43.896	3.002	29.058	15.03	57.59544304381678	637	481	45	4	58	30	22	3	29	15	971	0	0.14061522483825684	319000	102.27425241470337	314	99.90156739811913	
1536521.2464406416	43.758	3.004	29.116	15.06	57.59544304381678	638	481	45	4	58	30	22	3	29	15	972	0	0.12499141693115234	319500	102.39924383163452	314	99.90172143974961	
1536521.2464406416	43.482	3.004	29.116	15.06	57.59544304381678	639	481	45	4	58	30	22	3	29	15	972	0	0.15624022483825684	320000	102.55548405647278	314	99.901875	
5369185.260187899	43.39	3.01	29.29	15.15	57.59544304381678	640	481	45	4	58	30	22	3	29	15	972	0	0.14061546325683594	320500	102.69609951972961	314	99.90202808112325	
3832722.454277032	43.712	3.008	29.232	15.12	57.59544304381678	641	481	45	4	58	30	22	3	29	15	972	0	0.15623950958251953	321000	102.85233902931213	314	99.90218068535826	
58.440529774427645	44.31	3.002	29.058	15.03	57.59544304381678	642	481	45	4	58	30	22	3	29	15	972	0	0.15623927116394043	321500	103.00857830047607	314	99.90233281493002	
7682372.47008411	44.126	3.012	29.348	15.18	57.59544304381678	643	482	45	4	58	30	22	3	29	15	972	0	0.14061427116394043	322000	103.14919257164001	314	99.9024844720497	
58.440529774427645	44.356	3.002	29.058	15.03	57.59544304381678	644	482	45	4	58	30	22	3	29	15	972	0	0.14061546325683594	322500	103.28980803489685	314	99.90263565891473	
3072984.052351509	44.632	3.006	29.174	15.09	57.59544304381678	645	482	45	4	58	30	22	3	29	15	972	0	0.12499213218688965	323000	103.41480016708374	314	99.90278637770898	
3072984.1578078256	44.724	3.008	29.232	15.12	57.59544304381678	646	483	45	4	58	30	22	3	29	15	972	0	0.17186260223388672	323500	103.58666276931763	314	99.90293663060278	
3832722.454277032	44.632	3.008	29.232	15.12	57.59544304381678	647	483	45	4	58	30	22	3	29	15	972	0	0.14061641693115234	324000	103.72727918624878	314	99.90308641975308	
7682372.575540427	44.448	3.014	29.406	15.21	57.59544304381678	648	483	45	4	58	30	22	3	29	15	972	0	0.15623831748962402	324500	103.8835175037384	314	99.90323574730354	
58.440529774427645	44.54	3.002	29.058	15.03	57.59544304381678	649	483	45	4	58	30	22	3	29	15	972	0	0.15624070167541504	325000	104.03975820541382	314	99.90338461538461	
759796.8424552971	44.678	3.004	29.116	15.06	57.59544304381678	650	483	45	4	58	30	22	3	29	15	972	0	0.14061474800109863	325500	104.18037295341492	314	99.90353302611368	
1536521.2464406416	44.31	3.004	29.116	15.06	57.59544304381678	651	483	45	4	58	30	22	3	29	15	972	0	0.10936713218688965	326000	104.2897400856018	314	99.90368098159509	
58.440529774427645	44.034	3.002	29.058	15.03	57.59544304381678	652	483	45	4	58	30	22	3	29	15	972	0	0.14061570167541504	326500	104.43035578727722	314	99.90382848392036	
58.545986091182286	44.494	3.004	29.116	15.06	57.59544304381678	653	483	45	4	58	30	22	3	29	15	972	0	0.12499141693115234	327000	104.55534720420837	314	99.9039755351682	
58.440529774427645	44.402	3.002	29.058	15.03	57.59544304381678	654	483	45	4	58	30	22	3	29	15	972	0	0.12499094009399414	327500	104.68033814430237	314	99.90412213740458	
3072984.052351509	44.494	3.006	29.174	15.09	57.59544304381678	655	483	45	4	58	30	22	3	29	15	972	0	0.15623950958251953	328000	104.83657765388489	314	99.90426829268293	
3072984.052351509	44.31	3.006	29.174	15.09	57.59544304381678	656	483	45	4	58	30	22	3	29	15	972	0	0.15623903274536133	328500	104.99281668663025	314	99.90441400304414	
759796.8424552971	44.356	3.004	29.116	15.06	57.59544304381678	657	483	45	4	58	30	22	3	29	15	972	0	0.14061546325683594	329000	105.13343214988708	314	99.90455927051671	
58.440529774427645	44.494	3.002	29.058	15.03	57.59544304381678	658	483	45	4	58	30	22	3	29	15	972	0	0.15623927116394043	329500	105.28967142105103	314	99.90470409711685	
3072984.052351509	44.448	3.006	29.174	15.09	57.59544304381678	659	483	45	4	58	30	22	3	29	15	972	0	0.14061546325683594	330000	105.43028688430786	314	99.90484848484849	
58.440529774427645	43.758	3.002	29.058	15.03	57.59544304381678	660	483	45	4	58	30	22	3	29	15	972	0	0.15624022483825684	330500	105.58652710914612	314	99.90499243570348	
1536521.2464406416	43.804	3.004	29.116	15.06	57.59544304381678	661	483	45	4	58	30	22	3	29	15	972	0	0.14061427116394043	331000	105.72714138031006	314	99.90513595166163	
3840403.1436799453	43.298	3.0080160320641283	29.23246492985972	15.120240480961924	57.59544304381678	662	484	45	4.0	58.0	30.0	22	3.0	29.0	15.0	973	0	0.14061546325683594	331500	105.8677568435669	314	99.90527903469079	
1539600.4358842804	42.792	3.008	29.232	15.12	57.59544304381678	663	485	45	4	58	30	22	3	29	15	974	0	0.12499547004699707	332000	105.99275231361389	314	99.90542168674699	
58.440529774427645	42.516	3.002	29.058	15.03	57.59544304381678	664	485	45	4	58	30	22	3	29	15	974	0	0.1562354564666748	332500	106.14898777008057	314	99.90556390977443	
3072984.052351509	41.734	3.006	29.174	15.09	57.59544304381678	665	486	45	4	58	30	22	3	29	15	974	0	0.14061546325683594	333000	106.2896032333374	314	99.9057057057057	
9998570.91377624	42.332	3.0200400801603204	29.5811623246493	15.30060120240481	57.59544304381678	666	488	45	4.0	58.0	30.0	22	3.0	29.0	15.0	974	0	0.12499260902404785	333500	106.41459584236145	314	99.90584707646177	
5369185.260187899	41.918	3.01	29.29	15.15	57.59544304381678	667	488	45	4	58	30	22	3	29	15	974	0	0.17186284065246582	334000	106.58645868301392	314	99.90598802395209	
5369185.365644216	41.55	3.012	29.348	15.18	57.59544304381678	668	488	45	4	58	30	22	3	29	15	974	0	0.14061450958251953	334500	106.72707319259644	314	99.90612855007474	
58.545986091182286	41.366	3.004	29.116	15.06	57.59544304381678	669	488	45	4	58	30	22	3	29	15	974	0	0.14061522483825684	335000	106.86768841743469	314	99.90626865671642	
58.440529774427645	41.964	3.002	29.058	15.03	57.59544304381678	670	488	45	4	58	30	22	3	29	15	974	0	0.15624022483825684	335500	107.02392864227295	314	99.90640834575261	
58.440529774427645	41.688	3.002	29.058	15.03	57.59544304381678	671	488	45	4	58	30	22	3	29	15	974	0	0.15623831748962402	336000	107.18016695976257	314	99.90654761904761	
1536521.2464406416	41.688	3.004	29.116	15.06	57.59544304381678	672	488	45	4	58	30	22	3	29	15	974	0	0.15623950958251953	336500	107.33640646934509	314	99.90668647845467	
58.440529774427645	41.458	3.002	29.058	15.03	57.59544304381678	673	488	45	4	58	30	22	3	29	15	974	0	0.17186355590820312	337000	107.5082700252533	314	99.90682492581603	
1536521.3518969584	41.458	3.006	29.174	15.09	57.59544304381678	674	488	45	4	58	30	22	3	29	15	974	0	0.14061522483825684	337500	107.64888525009155	314	99.90696296296296	
3055998.155748004	42.102	3.01	29.29	15.15	57.59544304381678	675	488	45	4	58	30	22	3	29	15	975	0	0.15623927116394043	338000	107.8051245212555	314	99.90710059171597	
3055998.0502916877	41.734	3.008	29.232	15.12	57.59544304381678	676	488	45	4	58	30	22	3	29	15	975	0	0.15623927116394043	338500	107.96136379241943	314	99.90723781388479	
5369185.260187899	41.688	3.01	29.29	15.15	57.59544304381678	677	488	45	4	58	30	22	3	29	15	975	0	0.14061546325683594	339000	108.10197925567627	314	99.90737463126844	
2279273.7517626598	41.596	3.01	29.29	15.15	57.59544304381678	678	488	45	4	58	30	22	3	29	15	975	0	0.14061689376831055	339500	108.24259614944458	314	99.90751104565537	
58.440529774427645	40.814	3.002	29.058	15.03	57.59544304381678	679	489	45	4	58	30	22	3	29	15	975	0	0.17186188697814941	340000	108.41445803642273	314	99.90764705882353	
8442008.87627423	41.458	3.0180360721442887	29.52304609218437	15.270541082164328	57.59544304381678	680	491	45	4.0	58.0	30.0	22	3.0	29.0	15.0	975	0	0.14061498641967773	340500	108.55507302284241	314	99.90778267254038	
1536521.2464406416	40.768	3.004	29.116	15.06	57.59544304381678	681	492	45	4	58	30	22	3	29	15	975	0	0.14061546325683594	341000	108.69568848609924	314	99.90791788856305	
2296259.7538224817	41.228	3.008	29.232	15.12	57.59544304381678	682	492	45	4	58	30	22	3	29	15	975	0	0.15623998641967773	341500	108.85192847251892	314	99.90805270863837	
1519535.24438082	41.182	3.006	29.174	15.09	57.59544304381678	683	492	45	4	58	30	22	3	29	15	975	0	0.15623855590820312	342000	109.00816702842712	314	99.90818713450292	
58.440529774427645	41.412	3.002	29.058	15.03	57.59544304381678	684	492	45	4	58	30	22	3	29	15	975	0	0.17186331748962402	342500	109.18003034591675	314	99.90832116788322	
5335213.256068256	41.78	3.014	29.406	15.21	57.59544304381678	685	492	45	4	58	30	22	3	29	15	975	0	0.12499237060546875	343000	109.30502271652222	314	99.90845481049563	
759796.8424552971	41.274	3.004	29.116	15.06	57.59544304381678	686	492	45	4	58	30	22	3	29	15	975	0	0.14061427116394043	343500	109.44563698768616	314	99.90858806404658	
7665386.468024288	41.044	3.014	29.406	15.21	57.59544304381678	687	493	45	4	58	30	22	3	29	15	975	0	0.14061546325683594	344000	109.586252450943	314	99.90872093023256	
1536521.2464406416	39.802	3.004	29.116	15.06	57.59544304381678	688	493	45	4	58	30	22	3	29	15	975	0	0.14061522483825684	344500	109.72686767578125	314	99.9088534107402	
9220289.736523757	40.308	3.0160320641282565	29.46492985971944	15.240480961923847	57.59544304381678	689	494	45	4.0	58.0	30.0	22	3.0	29.0	15.0	976	0	0.14061570167541504	345000	109.86748337745667	314	99.90898550724637	
10759831.626214007	39.664	3.0180360721442887	29.52304609218437	15.270541082164328	57.59544304381678	690	495	45	4.0	58.0	30.0	22	3.0	29.0	15.0	977	0	0.15623927116394043	345500	110.0237226486206	314	99.90911722141823	
58.440529774427645	39.342	3.002	29.058	15.03	57.59544304381678	691	495	45	4	58	30	22	3	29	15	977	0	0.14061546325683594	346000	110.16433811187744	314	99.90924855491329	
9201849.273935158	38.744	3.016	29.464	15.24	57.59544304381678	692	496	45	4	58	30	22	3	29	15	977	0	0.14061522483825684	346500	110.3049533367157	314	99.9093795093795	
1536521.2464406416	38.606	3.004	29.116	15.06	57.59544304381678	693	497	45	4	58	30	22	3	29	15	977	0	0.15623950958251953	347000	110.46119284629822	314	99.90951008645533	
58.440529774427645	37.824	3.002	29.058	15.03	57.59544304381678	694	497	45	4	58	30	22	3	29	15	977	0	0.17186284065246582	347500	110.63305568695068	314	99.90964028776979	
2296259.648366165	37.686	3.006	29.174	15.09	57.59544304381678	695	498	45	4	58	30	22	3	29	15	977	0	0.15624046325683594	348000	110.78929615020752	314	99.90977011494253	
58.440529774427645	36.352	3.002	29.058	15.03	57.59544304381678	696	498	45	4	58	30	22	3	29	15	977	0	0.17186212539672852	348500	110.96115827560425	314	99.90989956958393	
5369185.260187899	36.858	3.01	29.29	15.15	57.59544304381678	697	499	45	4	58	30	22	3	29	15	977	0	0.15623950958251953	349000	111.11739778518677	314	99.91002865329513	
8459028.812750688	36.628	3.0140280561122244	29.406813627254508	15.210420841683367	57.59544304381678	698	501	45	4.0	58.0	30.0	22	3.0	29.0	15.0	977	0	0.14061570167541504	349500	111.25801348686218	314	99.91015736766809	
58.440529774427645	35.846	3.002	29.058	15.03	57.59544304381678	699	501	45	4	58	30	22	3	29	15	977	0	0.15623903274536133	350000	111.41425251960754	314	99.91028571428572	
58.440529774427645	35.8	3.002	29.058	15.03	57.59544304381678	700	501	45	4	58	30	22	3	29	15	977	0	0.12499237060546875	350500	111.53924489021301	314	99.91041369472183	
58.440529774427645	36.26	3.002	29.058	15.03	57.59544304381678	701	501	45	4	58	30	22	3	29	15	977	0	0.17186212539672852	351000	111.71110701560974	314	99.9105413105413	
5379945.033370192	36.306	3.0100200400801604	29.29058116232465	15.150300601202405	57.59544304381678	702	503	45	4.0	58.0	30.0	22	3.0	29.0	15.0	977	0	0.14061546325683594	351500	111.85172247886658	314	99.91066856330015	
58.44052638051866	35.846	3.002004008016032	29.05811623246493	15.030060120240481	57.59544304381678	703	505	45	4.0	58.0	30.0	22	3.0	29.0	15.0	977	0	0.14061570167541504	352000	111.99233818054199	314	99.91079545454545	
58.440529774427645	35.478	3.002	29.058	15.03	57.59544304381678	704	505	45	4	58	30	22	3	29	15	977	0	0.12499094009399414	352500	112.11732912063599	314	99.9109219858156	
759796.8424552971	35.478	3.004	29.116	15.06	57.59544304381678	705	505	45	4	58	30	22	3	29	15	977	0	0.17186355590820312	353000	112.28919267654419	314	99.91104815864023	
4627958.564206626	36.398	3.0100401606425704	29.29116465863454	15.150602409638553	57.59544304381678	706	508	45	4.0	58.0	30.0	22	3.0	29.0	15.0	977	0	0.15624022483825684	353500	112.44543290138245	314	99.9111739745403	
58.440529774427645	36.72	3.002	29.058	15.03	57.59544304381678	707	508	45	4	58	30	22	3	29	15	977	0	0.15623903274536133	354000	112.60167193412781	314	99.91129943502825	
58.440529774427645	36.582	3.002	29.058	15.03	57.59544304381678	708	508	45	4	58	30	22	3	29	15	977	0	0.15623879432678223	354500	112.75791072845459	314	99.9114245416079	
58.440529774427645	36.536	3.002	29.058	15.03	57.59544304381678	709	508	45	4	58	30	22	3	29	15	977	0	0.15624046325683594	355000	112.91415119171143	314	99.91154929577465	
58.440529774427645	37.64	3.002	29.058	15.03	57.59544304381678	710	508	45	4	58	30	22	3	29	15	977	0	0.14061403274536133	355500	113.05476522445679	314	99.91167369901547	
1539600.3302166283	38.054	3.004008016032064	29.11623246492986	15.060120240480963	57.59544304381678	711	510	45	4.0	58.0	30.0	22	3.0	29.0	15.0	977	0	0.14061546325683594	356000	113.19538068771362	314	99.911797752809	
58.440529774427645	38.284	3.002	29.058	15.03	57.59544304381678	712	510	45	4	58	30	22	3	29	15	977	0	0.14061522483825684	356500	113.33599591255188	314	99.91192145862553	
2296259.648366165	38.054	3.006	29.174	15.09	57.59544304381678	713	510	45	4	58	30	22	3	29	15	977	0	0.15623950958251953	357000	113.4922354221344	314	99.91204481792717	
3055998.0502916877	38.468	3.008	29.232	15.12	57.59544304381678	714	510	45	4	58	30	22	3	29	15	977	0	0.15623927116394043	357500	113.64847469329834	314	99.91216783216784	
58.440529774427645	38.284	3.002	29.058	15.03	57.59544304381678	715	510	45	4	58	30	22	3	29	15	977	0	0.17186355590820312	358000	113.82033824920654	314	99.9122905027933	
58.440529774427645	38.744	3.002	29.058	15.03	57.59544304381678	716	510	45	4	58	30	22	3	29	15	977	0	0.14061522483825684	358500	113.9609534740448	314	99.91241283124128	
58.440529774427645	38.192	3.002	29.058	15.03	57.59544304381678	717	510	45	4	58	30	22	3	29	15	977	0	0.17186474800109863	359000	114.1328182220459	314	99.91253481894151	
58.440529774427645	38.376	3.002	29.058	15.03	57.59544304381678	718	510	45	4	58	30	22	3	29	15	977	0	0.12498998641967773	359500	114.25780820846558	314	99.91265646731571	
1536521.2464406416	38.836	3.004	29.116	15.06	57.59544304381678	719	511	45	4	58	30	22	3	29	15	977	0	0.10936737060546875	360000	114.36717557907104	314	99.91277777777778	
2296259.648366165	40.308	3.006	29.174	15.09	57.59544304381678	720	511	45	4	58	30	22	3	29	15	977	0	0.17186307907104492	360500	114.53903865814209	314	99.9128987517337	
7682372.47008411	41.274	3.012	29.348	15.18	57.59544304381678	721	512	45	4	58	30	22	3	29	15	977	0	0.15623950958251953	361000	114.69527816772461	314	99.91301939058172	
9237309.778667867	41.366	3.0140280561122244	29.406813627254508	15.210420841683367	57.59544304381678	722	514	45	4.0	58.0	30.0	22	3.0	29.0	15.0	977	0	0.17186307907104492	361500	114.86714124679565	314	99.9131396957123	
58.440529774427645	41.826	3.002	29.058	15.03	57.59544304381678	723	514	45	4	58	30	22	3	29	15	977	0	0.12499141693115234	362000	114.9921326637268	314	99.91325966850829	
2296259.648366165	41.228	3.006	29.174	15.09	57.59544304381678	724	514	45	4	58	30	22	3	29	15	977	0	0.14061570167541504	362500	115.13274836540222	314	99.91337931034482	
759796.8424552971	42.424	3.004	29.116	15.06	57.59544304381678	725	514	45	4	58	30	22	3	29	15	977	0	0.15623879432678223	363000	115.288987159729	314	99.91349862258953	
58.440529774427645	43.16	3.002	29.058	15.03	57.59544304381678	726	514	45	4	58	30	22	3	29	15	977	0	0.12499141693115234	363500	115.41397857666016	314	99.91361760660247	
58.440529774427645	43.206	3.002	29.058	15.03	57.59544304381678	727	514	45	4	58	30	22	3	29	15	977	0	0.15623998641967773	364000	115.57021856307983	314	99.91373626373627	
58.440529774427645	43.252	3.002	29.058	15.03	57.59544304381678	728	514	45	4	58	30	22	3	29	15	977	0	0.14061474800109863	364500	115.71083331108093	314	99.91385459533608	
1536521.2464406416	43.712	3.004	29.116	15.06	57.59544304381678	729	515	45	4	58	30	22	3	29	15	977	0	0.14061546325683594	365000	115.85144877433777	314	99.91397260273973	
58.440529774427645	43.988	3.002	29.058	15.03	57.59544304381678	730	515	45	4	58	30	22	3	29	15	977	0	0.15623974800109863	365500	116.00768852233887	314	99.9140902872777	
3815736.45221721	43.482	3.01	29.29	15.15	57.59544304381678	731	515	45	4	58	30	22	3	29	15	977	0	0.14061498641967773	366000	116.14830350875854	314	99.91420765027323	
58.440529774427645	43.252	3.002	29.058	15.03	57.59544304381678	732	515	45	4	58	30	22	3	29	15	977	0	0.17186450958251953	366500	116.32016801834106	314	99.91432469304229	
58.440529774427645	42.838	3.002	29.058	15.03	57.59544304381678	733	515	45	4	58	30	22	3	29	15	977	0	0.15623807907104492	367000	116.47640609741211	314	99.91444141689374	
1536521.2464406416	42.746	3.004	29.116	15.06	57.59544304381678	734	516	45	4	58	30	22	3	29	15	977	0	0.17186307907104492	367500	116.64826917648315	314	99.91455782312926	
4609446.858262376	43.16	3.008	29.232	15.12	57.59544304381678	735	517	45	4	58	30	22	3	29	15	977	0	0.15623974800109863	368000	116.80450892448425	314	99.91467391304347	
3072984.1578078256	42.976	3.008	29.232	15.12	57.59544304381678	736	517	45	4	58	30	22	3	29	15	978	0	0.15623927116394043	368500	116.9607481956482	314	99.91478968792401	
58.440529774427645	42.976	3.002	29.058	15.03	57.59544304381678	737	517	45	4	58	30	22	3	29	15	978	0	0.15623927116394043	369000	117.11698746681213	314	99.91490514905149	
1519535.4552934535	42.792	3.01	29.29	15.15	57.59544304381678	738	517	45	4	58	30	22	3	29	15	978	0	0.14061498641967773	369500	117.25760245323181	314	99.9150202976996	
58.44052638051866	42.424	3.002004008016032	29.05811623246493	15.030060120240481	57.59544304381678	739	518	45	4.0	58.0	30.0	22	3.0	29.0	15.0	979	0	0.17186403274536133	370000	117.42946648597717	314	99.91513513513513	
1536521.2464406416	42.7	3.004	29.116	15.06	57.59544304381678	740	518	45	4	58	30	22	3	29	15	979	0	0.14061498641967773	370500	117.57008147239685	314	99.91524966261808	
759796.8424552971	42.976	3.004	29.116	15.06	57.59544304381678	741	518	45	4	58	30	22	3	29	15	979	0	0.14061570167541504	371000	117.71069717407227	314	99.91536388140162	
3055998.0502916877	42.884	3.008	29.232	15.12	57.59544304381678	742	518	45	4	58	30	22	3	29	15	979	0	0.14061522483825684	371500	117.85131239891052	314	99.91547779273216	
58.440529774427645	42.608	3.002	29.058	15.03	57.59544304381678	743	518	45	4	58	30	22	3	29	15	979	0	0.14061498641967773	372000	117.9919273853302	314	99.91559139784947	
5369185.260187899	42.194	3.01	29.29	15.15	57.59544304381678	744	518	45	4	58	30	22	3	29	15	979	0	0.14061617851257324	372500	118.13254356384277	314	99.91570469798658	
1536521.2464406416	43.39	3.004	29.116	15.06	57.59544304381678	745	518	45	4	58	30	22	3	29	15	979	0	0.15623879432678223	373000	118.28878235816956	314	99.91581769436998	
2296259.648366165	43.022	3.006	29.174	15.09	57.59544304381678	746	519	45	4	58	30	22	3	29	15	979	0	0.15623927116394043	373500	118.4450216293335	314	99.91593038821955	
4609446.858262376	42.93	3.008	29.232	15.12	57.59544304381678	747	519	45	4	58	30	22	3	29	15	980	0	0.15623950958251953	374000	118.60126113891602	314	99.91604278074867	
58.545986091182286	42.608	3.004	29.116	15.06	57.59544304381678	748	520	45	4	58	30	22	3	29	15	980	0	0.14061474800109863	374500	118.74187588691711	314	99.91615487316422	
58.440529774427645	43.206	3.002	29.058	15.03	57.59544304381678	749	520	45	4	58	30	22	3	29	15	980	0	0.15623998641967773	375000	118.89811587333679	314	99.91626666666667	
1536521.2464406416	43.528	3.004	29.116	15.06	57.59544304381678	750	520	45	4	58	30	22	3	29	15	981	0	0.10936713218688965	375500	119.00748300552368	314	99.91637816245007	
1519535.24438082	43.574	3.006	29.174	15.09	57.59544304381678	751	520	45	4	58	30	22	3	29	15	981	0	0.14061522483825684	376000	119.14809823036194	314	99.91648936170213	
58.440529774427645	43.114	3.002	29.058	15.03	57.59544304381678	752	520	45	4	58	30	22	3	29	15	981	0	0.15623974800109863	376500	119.30433797836304	314	99.91660026560425	
1536521.2464406416	43.022	3.004	29.116	15.06	57.59544304381678	753	520	45	4	58	30	22	3	29	15	982	0	0.10936713218688965	377000	119.41370511054993	314	99.91671087533156	
3072984.1578078256	43.022	3.008	29.232	15.12	57.59544304381678	754	521	45	4	58	30	22	3	29	15	982	0	0.17186331748962402	377500	119.58556842803955	314	99.91682119205298	
58.440529774427645	42.838	3.002	29.058	15.03	57.59544304381678	755	521	45	4	58	30	22	3	29	15	982	0	0.15624332427978516	378000	119.74181175231934	314	99.91693121693122	
4609446.858262376	42.93	3.008	29.232	15.12	57.59544304381678	756	521	45	4	58	30	22	3	29	15	982	0	0.12498736381530762	378500	119.86679911613464	314	99.91704095112286	
7665386.468024288	42.332	3.014	29.406	15.21	57.59544304381678	757	522	45	4	58	30	22	3	29	15	982	0	0.14061570167541504	379000	120.00741481781006	314	99.91715039577836	
58.440529774427645	42.516	3.002	29.058	15.03	57.59544304381678	758	522	45	4	58	30	22	3	29	15	982	0	0.15623927116394043	379500	120.163654088974	314	99.91725955204215	
761319.3642994493	42.24	3.004008016032064	29.11623246492986	15.060120240480963	57.59544304381678	759	524	45	4.0	58.0	30.0	22	3.0	29.0	15.0	982	0	0.14061522483825684	380000	120.30426931381226	314	99.91736842105263	
2296259.648366165	42.01	3.006	29.174	15.09	57.59544304381678	760	524	45	4	58	30	22	3	29	15	983	0	0.12499141693115234	380500	120.42926073074341	314	99.91747700394218	
58.440529774427645	41.734	3.002	29.058	15.03	57.59544304381678	761	524	45	4	58	30	22	3	29	15	984	0	0.15623974800109863	381000	120.5855004787445	314	99.91758530183726	
3072984.2632641424	41.918	3.01	29.29	15.15	57.59544304381678	762	525	45	4	58	30	22	3	29	15	984	0	0.14061474800109863	381500	120.7261152267456	314	99.91769331585846	
8442110.872009633	42.332	3.014	29.406	15.21	57.59544304381678	763	525	45	4	58	30	22	3	29	15	985	0	0.17186331748962402	382000	120.89797854423523	314	99.91780104712042	
1539600.3302166283	42.792	3.004008016032064	29.11623246492986	15.060120240480963	57.59544304381678	764	527	45	4.0	58.0	30.0	22	3.0	29.0	15.0	985	0	0.15623950958251953	382500	121.05421805381775	314	99.91790849673203	
3072984.1578078256	43.16	3.008	29.232	15.12	57.59544304381678	765	528	45	4	58	30	22	3	29	15	985	0	0.14061641693115234	383000	121.1948344707489	314	99.91801566579635	
1519535.24438082	43.206	3.006	29.174	15.09	57.59544304381678	766	528	45	4	58	30	22	3	29	15	985	0	0.17186212539672852	383500	121.36669659614563	314	99.91812255541069	
1519535.24438082	43.068	3.006	29.174	15.09	57.59544304381678	767	529	45	4	58	30	22	3	29	15	985	0	0.14061522483825684	384000	121.50731182098389	314	99.91822916666666	
58.440529774427645	42.47	3.002	29.058	15.03	57.59544304381678	768	529	45	4	58	30	22	3	29	15	985	0	0.15623998641967773	384500	121.66355180740356	314	99.9183355006502	
58.440529774427645	41.872	3.002	29.058	15.03	57.59544304381678	769	529	45	4	58	30	22	3	29	15	985	0	0.17186260223388672	385000	121.83541440963745	314	99.91844155844156	
5369185.365644216	42.424	3.012	29.348	15.18	57.59544304381678	770	529	45	4	58	30	22	3	29	15	985	0	0.15623998641967773	385500	121.99165439605713	314	99.91854734111543	
1539600.4358842804	42.194	3.006012024048096	29.17434869739479	15.090180360721442	57.59544304381678	771	531	45	4.0	58.0	30.0	22	3.0	29.0	15.0	985	0	0.12499141693115234	386000	122.11664581298828	314	99.91865284974094	
7713225.348622338	41.458	3.0160642570281126	29.46586345381526	15.240963855421686	57.59544304381678	772	534	45	4.0	58.0	30.0	22	3.0	29.0	15.0	985	0	0.15623879432678223	386500	122.27288460731506	314	99.91875808538163	
1522580.3937401702	41.872	3.0080160320641283	29.23246492985972	15.120240480961924	57.59544304381678	773	535	45	4.0	58.0	30.0	22	3.0	29.0	15.0	986	0	0.17186379432678223	387000	122.44474840164185	314	99.9188630490956	
58.440529774427645	42.24	3.002	29.058	15.03	57.59544304381678	774	535	45	4	58	30	22	3	29	15	986	0	0.10936713218688965	387500	122.55411553382874	314	99.91896774193549	
58.440529774427645	42.01	3.002	29.058	15.03	57.59544304381678	775	535	45	4	58	30	22	3	29	15	986	0	0.15623903274536133	388000	122.7103545665741	314	99.91907216494846	
2296259.9647351145	42.332	3.012	29.348	15.18	57.59544304381678	776	535	45	4	58	30	22	3	29	15	987	0	0.15624308586120605	388500	122.8665976524353	314	99.91917631917632	
58.440529774427645	42.286	3.002	29.058	15.03	57.59544304381678	777	535	45	4	58	30	22	3	29	15	987	0	0.12498831748962402	389000	122.99158596992493	314	99.91928020565553	
1536521.457353275	43.206	3.008	29.232	15.12	57.59544304381678	778	535	45	4	58	30	22	3	29	15	987	0	0.15623879432678223	389500	123.14782476425171	314	99.9193838254172	
5369185.365644216	42.562	3.012	29.348	15.18	57.59544304381678	779	535	45	4	58	30	22	3	29	15	987	0	0.14061570167541504	390000	123.28844046592712	314	99.91948717948718	
1536521.3518969584	42.7	3.006	29.174	15.09	57.59544304381678	780	535	45	4	58	30	22	3	29	15	988	0	0.15623903274536133	390500	123.44467949867249	314	99.91959026888604	
58.440529774427645	42.608	3.002	29.058	15.03	57.59544304381678	781	535	45	4	58	30	22	3	29	15	988	0	0.12499165534973145	391000	123.56967115402222	314	99.91969309462915	
759796.8424552971	42.562	3.004	29.116	15.06	57.59544304381678	782	535	45	4	58	30	22	3	29	15	988	0	0.14061546325683594	391500	123.71028661727905	314	99.9197956577267	
1536521.2464406416	42.332	3.004	29.116	15.06	57.59544304381678	783	535	45	4	58	30	22	3	29	15	989	0	0.17186427116394043	392000	123.882150888443	314	99.91989795918367	
2296259.7538224817	42.654	3.008	29.232	15.12	57.59544304381678	784	535	45	4	58	30	22	3	29	15	989	0	0.14061498641967773	392500	124.02276587486267	314	99.92	
58.440529774427645	42.24	3.002	29.058	15.03	57.59544304381678	785	535	45	4	58	30	22	3	29	15	990	0	0.15623855590820312	393000	124.17900443077087	314	99.92010178117049	
58.545986091182286	42.608	3.004	29.116	15.06	57.59544304381678	786	535	45	4	58	30	22	3	29	15	990	0	0.10936880111694336	393500	124.28837323188782	314	99.92020330368489	
58.440529774427645	42.148	3.002	29.058	15.03	57.59544304381678	787	535	45	4	58	30	22	3	29	15	990	0	0.14061522483825684	394000	124.42898845672607	314	99.92030456852792	
58.440529774427645	42.378	3.002	29.058	15.03	57.59544304381678	788	535	45	4	58	30	22	3	29	15	990	0	0.15623855590820312	394500	124.58522701263428	314	99.92040557667934	
58.440529774427645	42.01	3.002	29.058	15.03	57.59544304381678	789	535	45	4	58	30	22	3	29	15	990	0	0.14061546325683594	395000	124.72584247589111	314	99.92050632911392	
759796.8424552971	42.93	3.004	29.116	15.06	57.59544304381678	790	535	45	4	58	30	22	3	29	15	991	0	0.12499094009399414	395500	124.85083341598511	314	99.92060682680152	
759796.9479116139	42.654	3.006	29.174	15.09	57.59544304381678	791	535	45	4	58	30	22	3	29	15	991	0	0.15623950958251953	396000	125.00707292556763	314	99.92070707070707	
58.545986091182286	42.24	3.004	29.116	15.06	57.59544304381678	792	535	45	4	58	30	22	3	29	15	991	0	0.14061498641967773	396500	125.1476879119873	314	99.92080706179067	
58.440529774427645	42.746	3.002	29.058	15.03	57.59544304381678	793	536	45	4	58	30	22	3	29	15	991	0	0.15623950958251953	397000	125.30392742156982	314	99.92090680100756	
2296259.859278798	43.114	3.01	29.29	15.15	57.59544304381678	794	537	45	4	58	30	22	3	29	15	991	0	0.15624022483825684	397500	125.46016764640808	314	99.92100628930818	
58.75689872469155	43.298	3.008	29.232	15.12	57.59544304381678	795	537	45	4	58	30	22	3	29	15	991	0	0.12499046325683594	398000	125.58515810966492	314	99.92110552763819	
58.440529774427645	42.562	3.002	29.058	15.03	57.59544304381678	796	537	45	4	58	30	22	3	29	15	991	0	0.17186355590820312	398500	125.75702166557312	314	99.92120451693852	
58.440529774427645	42.608	3.002	29.058	15.03	57.59544304381678	797	537	45	4	58	30	22	3	29	15	991	0	0.15623903274536133	399000	125.91326069831848	314	99.92130325814536	
58.440529774427645	42.378	3.002	29.058	15.03	57.59544304381678	798	538	45	4	58	30	22	3	29	15	991	0	0.15623927116394043	399500	126.06949996948242	314	99.92140175219023	
3055998.472116954	42.424	3.016	29.464	15.24	57.59544304381678	799	539	45	4	58	30	22	3	29	15	991	0	0.15623927116394043	400000	126.22573924064636	314	99.9215	
58.440529774427645	42.884	3.002	29.058	15.03	57.59544304381678	800	539	45	4	58	30	22	3	29	15	991	0	0.2031116485595703	400500	126.42885088920593	314	99.92159800249688	
58.54619403257742	43.482	3.006	29.174	15.09	57.59544304381678	801	539	45	4	58	30	22	3	29	15	993	0	0.14061522483825684	401000	126.56946611404419	314	99.92169576059851	
2283841.4231808917	43.574	3.014	29.406	15.21	57.59544304381678	802	540	45	4	58	30	22	3	29	15	994	0	0.15623903274536133	401500	126.72570514678955	314	99.92179327521794	
762848.2124488326	43.666	3.0100200400801604	29.29058116232465	15.150300601202405	57.59544304381678	803	541	45	4.0	58.0	30.0	22	3.0	29.0	15.0	996	0	0.12499141693115234	402000	126.8506965637207	314	99.92189054726369	
759796.8424552971	44.08	3.004	29.116	15.06	57.59544304381678	804	542	45	4	58	30	22	3	29	15	996	0	0.14061522483825684	402500	126.99131178855896	314	99.92198757763975	
3831060.777928983	43.666	3.0180360721442887	29.52304609218437	15.270541082164328	57.59544304381678	805	544	45	4.0	58.0	30.0	22	3.0	29.0	15.0	997	0	0.17186355590820312	403000	127.16317534446716	314	99.92208436724566	
58.54619403257742	43.252	3.006	29.174	15.09	57.59544304381678	806	544	45	4	58	30	22	3	29	15	999	0	0.12499237060546875	403500	127.28816771507263	314	99.92218091697646	
759796.8424552971	42.7	3.004	29.116	15.06	57.59544304381678	807	544	45	4	58	30	22	3	29	15	999	0	0.14061403274536133	404000	127.428781747818	314	99.92227722772277	
58.440529774427645	42.654	3.002	29.058	15.03	57.59544304381678	808	544	45	4	58	30	22	3	29	15	999	0	0.14061665534973145	404500	127.56939840316772	314	99.92237330037082	
759797.0533679306	42.7	3.008	29.232	15.12	57.59544304381678	809	545	45	4	58	30	22	3	29	15	999	0	0.12499046325683594	405000	127.69438886642456	314	99.92246913580247	
2296259.7538224817	42.93	3.008	29.232	15.12	57.59544304381678	810	545	45	4	58	30	22	3	29	15	1000	0	0.14061546325683594	405500	127.8350043296814	314	99.92256473489519	
58.440529774427645	42.838	3.002	29.058	15.03	57.59544304381678	811	545	45	4	58	30	22	3	29	15	1000	0	0.12499213218688965	406000	127.95999646186829	314	99.92266009852217	
58.440529774427645	42.24	3.002	29.058	15.03	57.59544304381678	812	545	45	4	58	30	22	3	29	15	1001	0	0.14061427116394043	406500	128.10061073303223	314	99.92275522755227	
1519535.3498371367	42.47	3.008	29.232	15.12	57.59544304381678	813	545	45	4	58	30	22	3	29	15	1001	0	0.10936856269836426	407000	128.2099792957306	314	99.92285012285012	
58.440529774427645	42.148	3.002	29.058	15.03	57.59544304381678	814	545	45	4	58	30	22	3	29	15	1001	0	0.14061498641967773	407500	128.35059428215027	314	99.92294478527607	
759796.9479116139	42.424	3.006	29.174	15.09	57.59544304381678	815	545	45	4	58	30	22	3	29	15	1001	0	0.15623903274536133	408000	128.50683331489563	314	99.92303921568627	
759796.9479116139	42.792	3.006	29.174	15.09	57.59544304381678	816	545	45	4	58	30	22	3	29	15	1001	0	0.14061522483825684	408500	128.6474485397339	314	99.92313341493268	
1536521.3518969584	43.344	3.006	29.174	15.09	57.59544304381678	817	546	45	4	58	30	22	3	29	15	1001	0	0.14061546325683594	409000	128.78806400299072	314	99.92322738386308	
58.440529774427645	43.62	3.002	29.058	15.03	57.59544304381678	818	546	45	4	58	30	22	3	29	15	1001	0	0.10936760902404785	409500	128.89743161201477	314	99.92332112332112	
58.440529774427645	43.482	3.002	29.058	15.03	57.59544304381678	819	546	45	4	58	30	22	3	29	15	1001	0	0.15623998641967773	410000	129.05367159843445	314	99.92341463414634	
58.545986091182286	42.884	3.004	29.116	15.06	57.59544304381678	820	546	45	4	58	30	22	3	29	15	1001	0	0.17186284065246582	410500	129.2255344390869	314	99.92350791717418	
3832722.5597333484	42.654	3.01	29.29	15.15	57.59544304381678	821	547	45	4	58	30	22	3	29	15	1001	0	0.15623879432678223	411000	129.3817732334137	314	99.923600973236	
58.440529774427645	43.298	3.002	29.058	15.03	57.59544304381678	822	547	45	4	58	30	22	3	29	15	1001	0	0.14061546325683594	411500	129.52238869667053	314	99.92369380315917	
1519535.24438082	43.206	3.006	29.174	15.09	57.59544304381678	823	548	45	4	58	30	22	3	29	15	1001	0	0.14061546325683594	412000	129.66300415992737	314	99.923786407767	
759796.9479116139	43.39	3.006	29.174	15.09	57.59544304381678	824	548	45	4	58	30	22	3	29	15	1001	0	0.14061546325683594	412500	129.8036196231842	314	99.92387878787879	
58.545986091182286	42.654	3.004	29.116	15.06	57.59544304381678	825	548	45	4	58	30	22	3	29	15	1001	0	0.15623927116394043	413000	129.95985889434814	314	99.92397094430993	
2296259.648366165	42.516	3.006	29.174	15.09	57.59544304381678	826	549	45	4	58	30	22	3	29	15	1001	0	0.14061570167541504	413500	130.10047459602356	314	99.92406287787182	
58.545986091182286	43.068	3.004	29.116	15.06	57.59544304381678	827	549	45	4	58	30	22	3	29	15	1001	0	0.15623879432678223	414000	130.25671339035034	314	99.92415458937198	
58.440529774427645	43.252	3.002	29.058	15.03	57.59544304381678	828	549	45	4	58	30	22	3	29	15	1002	0	0.15623950958251953	414500	130.41295289993286	314	99.924246079614	
759796.9479116139	43.206	3.006	29.174	15.09	57.59544304381678	829	549	45	4	58	30	22	3	29	15	1002	0	0.15623903274536133	415000	130.56919193267822	314	99.92433734939759	
58.440529774427645	43.022	3.002	29.058	15.03	57.59544304381678	830	549	45	4	58	30	22	3	29	15	1002	0	0.14061570167541504	415500	130.70980763435364	314	99.92442839951865	
3055998.261204321	42.7	3.012	29.348	15.18	57.59544304381678	831	549	45	4	58	30	22	3	29	15	1003	0	0.15623927116394043	416000	130.86604690551758	314	99.92451923076923	
58.440529774427645	42.746	3.002	29.058	15.03	57.59544304381678	832	549	45	4	58	30	22	3	29	15	1003	0	0.12499189376831055	416500	130.9910387992859	314	99.92460984393757	
1519535.24438082	42.838	3.006	29.174	15.09	57.59544304381678	833	549	45	4	58	30	22	3	29	15	1003	0	0.12499094009399414	417000	131.11602973937988	314	99.92470023980816	
759796.8424552971	43.39	3.004	29.116	15.06	57.59544304381678	834	550	45	4	58	30	22	3	29	15	1003	0	0.14061641693115234	417500	131.25664615631104	314	99.92479041916168	
2296259.648366165	43.758	3.006	29.174	15.09	57.59544304381678	835	550	45	4	58	30	22	3	29	15	1003	0	0.15623807907104492	418000	131.41288423538208	314	99.92488038277511	
5369185.365644216	43.942	3.012	29.348	15.18	57.59544304381678	836	551	45	4	58	30	22	3	29	15	1003	0	0.15623950958251953	418500	131.5691237449646	314	99.92497013142174	
58.440529774427645	43.758	3.002	29.058	15.03	57.59544304381678	837	551	45	4	58	30	22	3	29	15	1003	0	0.14061522483825684	419000	131.70973896980286	314	99.92505966587112	
6111937.7655099165	43.666	3.016	29.464	15.24	57.59544304381678	838	551	45	4	58	30	22	3	29	15	1003	0	0.14061546325683594	419500	131.8503544330597	314	99.92514898688916	
3832722.454277032	43.712	3.008	29.232	15.12	57.59544304381678	839	552	45	4	58	30	22	3	29	15	1003	0	0.17186331748962402	420000	132.02221775054932	314	99.9252380952381	
1536521.3518969584	43.804	3.006	29.174	15.09	57.59544304381678	840	552	45	4	58	30	22	3	29	15	1004	0	0.14061570167541504	420500	132.16283345222473	314	99.92532699167657	
1539600.3302166283	42.884	3.006	29.174	15.09	57.59544304381678	841	552	45	4	58	30	22	3	29	15	1006	0	0.14061498641967773	421000	132.3034484386444	314	99.92541567695962	
58.440529774427645	42.976	3.002	29.058	15.03	57.59544304381678	842	553	45	4	58	30	22	3	29	15	1006	0	0.15624046325683594	421500	132.45968890190125	314	99.92550415183867	
759796.9479116139	42.884	3.006	29.174	15.09	57.59544304381678	843	553	45	4	58	30	22	3	29	15	1006	0	0.14061427116394043	422000	132.60030317306519	314	99.92559241706161	
58.440529774427645	43.206	3.002	29.058	15.03	57.59544304381678	844	553	45	4	58	30	22	3	29	15	1006	0	0.09374356269836426	422500	132.69404673576355	314	99.92568047337278	
58.545986091182286	43.068	3.004	29.116	15.06	57.59544304381678	845	553	45	4	58	30	22	3	29	15	1006	0	0.14061713218688965	423000	132.83466386795044	314	99.925768321513	
4609446.858262376	42.654	3.008	29.232	15.12	57.59544304381678	846	553	45	4	58	30	22	3	29	15	1006	0	0.12498950958251953	423500	132.95965337753296	314	99.9258559622196	
1519535.5607497701	41.964	3.012	29.348	15.18	57.59544304381678	847	553	45	4	58	30	22	3	29	15	1007	0	0.17186403274536133	424000	133.13151741027832	314	99.92594339622642	
58.440529774427645	41.918	3.002	29.058	15.03	57.59544304381678	848	553	45	4	58	30	22	3	29	15	1007	0	0.14061498641967773	424500	133.272132396698	314	99.92603062426384	
1536521.2464406416	41.688	3.004	29.116	15.06	57.59544304381678	849	553	45	4	58	30	22	3	29	15	1008	0	0.12499141693115234	425000	133.39712381362915	314	99.92611764705882	
1536521.2464406416	42.01	3.004	29.116	15.06	57.59544304381678	850	553	45	4	58	30	22	3	29	15	1009	0	0.14061522483825684	425500	133.5377390384674	314	99.9262044653349	
1519535.3498371367	42.838	3.008	29.232	15.12	57.59544304381678	851	554	45	4	58	30	22	3	29	15	1009	0	0.15623950958251953	426000	133.69397854804993	314	99.9262910798122	
58.545986091182286	42.102	3.004	29.116	15.06	57.59544304381678	852	555	45	4	58	30	22	3	29	15	1009	0	0.17186307907104492	426500	133.86584162712097	314	99.9263774912075	
2279273.7517626598	41.642	3.01	29.29	15.15	57.59544304381678	853	555	45	4	58	30	22	3	29	15	1009	0	0.14061665534973145	427000	134.0064582824707	314	99.9264637002342	
58.440529774427645	41.734	3.002	29.058	15.03	57.59544304381678	854	555	45	4	58	30	22	3	29	15	1009	0	0.17186260223388672	427500	134.1783208847046	314	99.92654970760233	
1536521.3518969584	41.55	3.006	29.174	15.09	57.59544304381678	855	556	45	4	58	30	22	3	29	15	1009	0	0.15624046325683594	428000	134.33456134796143	314	99.92663551401868	
4609446.858262376	41.964	3.008	29.232	15.12	57.59544304381678	856	556	45	4	58	30	22	3	29	15	1009	0	0.10936570167541504	428500	134.44392704963684	314	99.9267211201867	
2296259.859278798	41.78	3.01	29.29	15.15	57.59544304381678	857	557	45	4	58	30	22	3	29	15	1009	0	0.15623927116394043	429000	134.60016632080078	314	99.92680652680653	
58.545986091182286	42.654	3.004	29.116	15.06	57.59544304381678	858	557	45	4	58	30	22	3	29	15	1009	0	0.17186355590820312	429500	134.77202987670898	314	99.9268917345751	
1536521.457353275	42.93	3.008	29.232	15.12	57.59544304381678	859	557	45	4	58	30	22	3	29	15	1010	0	0.14061522483825684	430000	134.91264510154724	314	99.92697674418605	
1536521.2464406416	42.654	3.004	29.116	15.06	57.59544304381678	860	557	45	4	58	30	22	3	29	15	1010	0	0.17186331748962402	430500	135.08450841903687	314	99.92706155632985	
58.545986091182286	42.378	3.004	29.116	15.06	57.59544304381678	861	557	45	4	58	30	22	3	29	15	1010	0	0.12499141693115234	431000	135.20949983596802	314	99.92714617169374	
1539600.3302166283	42.608	3.004008016032064	29.11623246492986	15.060120240480963	57.59544304381678	862	559	45	4.0	58.0	30.0	22	3.0	29.0	15.0	1010	0	0.12499141693115234	431500	135.33449125289917	314	99.92723059096176	
5362924.991226083	43.344	3.012024048096192	29.34869739478958	15.180360721442886	57.59544304381678	863	561	45	4.0	58.0	30.0	22	3.0	29.0	15.0	1010	0	0.12499165534973145	432000	135.4594829082489	314	99.92731481481482	
4609446.858262376	43.482	3.008	29.232	15.12	57.59544304381678	864	562	45	4	58	30	22	3	29	15	1010	0	0.15623950958251953	432500	135.61572241783142	314	99.92739884393063	
759796.8424552971	43.804	3.004	29.116	15.06	57.59544304381678	865	563	45	4	58	30	22	3	29	15	1010	0	0.14061546325683594	433000	135.75633788108826	314	99.92748267898384	
2305481.3399571	43.39	3.0060240963855422	29.174698795180724	15.090361445783133	57.59544304381678	866	565	45	4.0	58.0	30.0	22	3.0	29.0	15.0	1011	0	0.15623831748962402	433500	135.91257619857788	314	99.92756632064591	
1536521.2464406416	42.792	3.004	29.116	15.06	57.59544304381678	867	565	45	4	58	30	22	3	29	15	1011	0	0.14061760902404785	434000	136.05319380760193	314	99.92764976958526	
1536521.2464406416	42.93	3.004	29.116	15.06	57.59544304381678	868	565	45	4	58	30	22	3	29	15	1012	0	0.14061379432678223	434500	136.1938076019287	314	99.92773302646721	
2279273.646306343	43.114	3.008	29.232	15.12	57.59544304381678	869	566	45	4	58	30	22	3	29	15	1012	0	0.17186331748962402	435000	136.36567091941833	314	99.92781609195403	
1536521.2464406416	43.252	3.004	29.116	15.06	57.59544304381678	870	566	45	4	58	30	22	3	29	15	1012	0	0.14061522483825684	435500	136.5062861442566	314	99.92789896670493	
4609446.858262376	42.976	3.008	29.232	15.12	57.59544304381678	871	567	45	4	58	30	22	3	29	15	1012	0	0.14061665534973145	436000	136.64690279960632	314	99.92798165137614	
9218835.381451294	43.022	3.016	29.464	15.24	57.59544304381678	872	567	45	4	58	30	22	3	29	15	1012	0	0.14061403274536133	436500	136.78751683235168	314	99.92806414662084	
6128923.662113422	43.114	3.012	29.348	15.18	57.59544304381678	873	567	45	4	58	30	22	3	29	15	1012	0	0.17186331748962402	437000	136.9593801498413	314	99.92814645308924	
1536521.2464406416	43.252	3.004	29.116	15.06	57.59544304381678	874	567	45	4	58	30	22	3	29	15	1012	0	0.15623903274536133	437500	137.11561918258667	314	99.92822857142858	
58.440529774427645	42.93	3.002	29.058	15.03	57.59544304381678	875	567	45	4	58	30	22	3	29	15	1012	0	0.14061522483825684	438000	137.25623440742493	314	99.92831050228311	
1536521.2464406416	42.608	3.004	29.116	15.06	57.59544304381678	876	567	45	4	58	30	22	3	29	15	1012	0	0.15624022483825684	438500	137.41247463226318	314	99.92839224629418	
58.440529774427645	43.114	3.002	29.058	15.03	57.59544304381678	877	567	45	4	58	30	22	3	29	15	1012	0	0.10936689376831055	439000	137.5218415260315	314	99.92847380410022	
759796.8424552971	42.286	3.004	29.116	15.06	57.59544304381678	878	567	45	4	58	30	22	3	29	15	1012	0	0.14061594009399414	439500	137.6624574661255	314	99.92855517633674	
58.440529774427645	41.412	3.002	29.058	15.03	57.59544304381678	879	567	45	4	58	30	22	3	29	15	1012	0	0.12499165534973145	440000	137.78744912147522	314	99.92863636363636	
58.44052297297953	41.504	3.006	29.174	15.09	57.59544304381678	880	568	45	4	58	30	22	3	29	15	1014	0	0.12499070167541504	440500	137.91243982315063	314	99.92871736662883	
1536521.3518969584	40.86	3.006	29.174	15.09	57.59544304381678	881	568	45	4	58	30	22	3	29	15	1015	0	0.14061546325683594	441000	138.05305528640747	314	99.92879818594105	
4609446.858262376	41.458	3.008	29.232	15.12	57.59544304381678	882	568	45	4	58	30	22	3	29	15	1015	0	0.17186355590820312	441500	138.22491884231567	314	99.92887882219705	
58.440529774427645	42.24	3.002	29.058	15.03	57.59544304381678	883	568	45	4	58	30	22	3	29	15	1015	0	0.14061522483825684	442000	138.36553406715393	314	99.9289592760181	
58.440529774427645	41.78	3.002	29.058	15.03	57.59544304381678	884	568	45	4	58	30	22	3	29	15	1015	0	0.15623974800109863	442500	138.52177381515503	314	99.9290395480226	
58.440529774427645	42.194	3.002	29.058	15.03	57.59544304381678	885	568	45	4	58	30	22	3	29	15	1015	0	0.15624380111694336	443000	138.67801761627197	314	99.92911963882618	
58.440529774427645	42.884	3.002	29.058	15.03	57.59544304381678	886	568	45	4	58	30	22	3	29	15	1015	0	0.171858549118042	443500	138.84987616539001	314	99.92919954904171	
58.440529774427645	43.344	3.002	29.058	15.03	57.59544304381678	887	568	45	4	58	30	22	3	29	15	1015	0	0.15623879432678223	444000	139.0061149597168	314	99.92927927927929	
58.440529774427645	43.114	3.002	29.058	15.03	57.59544304381678	888	568	45	4	58	30	22	3	29	15	1015	0	0.15623950958251953	444500	139.16235446929932	314	99.92935883014623	
759796.8424552971	42.792	3.004	29.116	15.06	57.59544304381678	889	568	45	4	58	30	22	3	29	15	1015	0	0.15623927116394043	445000	139.31859374046326	314	99.9294382022472	
6128923.873026054	42.93	3.016	29.464	15.24	57.59544304381678	890	568	45	4	58	30	22	3	29	15	1015	0	0.12499117851257324	445500	139.44358491897583	314	99.92951739618407	
2300861.4653250016	43.206	3.012	29.348	15.18	57.59544304381678	891	569	45	4	58	30	22	3	29	15	1016	0	0.15623950958251953	446000	139.59982442855835	314	99.92959641255605	
2300861.4653250016	43.482	3.012	29.348	15.18	57.59544304381678	892	569	45	4	58	30	22	3	29	15	1018	0	0.15624046325683594	446500	139.75606489181519	314	99.92967525195968	
1536521.2464406416	43.298	3.004	29.116	15.06	57.59544304381678	893	569	45	4	58	30	22	3	29	15	1018	0	0.10936689376831055	447000	139.8654317855835	314	99.92975391498881	
58.440529774427645	44.034	3.002	29.058	15.03	57.59544304381678	894	570	45	4	58	30	22	3	29	15	1018	0	0.14061522483825684	447500	140.00604701042175	314	99.92983240223464	
1536521.3518969584	43.85	3.006	29.174	15.09	57.59544304381678	895	571	45	4	58	30	22	3	29	15	1018	0	0.17186498641967773	448000	140.17791199684143	314	99.92991071428571	
3832722.454277032	43.574	3.008	29.232	15.12	57.59544304381678	896	571	45	4	58	30	22	3	29	15	1018	0	0.14061927795410156	448500	140.31853127479553	314	99.92998885172798	
1519535.24438082	43.758	3.006	29.174	15.09	57.59544304381678	897	571	45	4	58	30	22	3	29	15	1018	0	0.1562342643737793	449000	140.4747655391693	314	99.93006681514477	
8442110.97746595	44.264	3.016	29.464	15.24	57.59544304381678	898	571	45	4	58	30	22	3	29	15	1018	0	0.12499284744262695	449500	140.59975838661194	314	99.9301446051168	
1519535.24438082	44.356	3.006	29.174	15.09	57.59544304381678	899	571	45	4	58	30	22	3	29	15	1018	0	0.15623807907104492	450000	140.75599646568298	314	99.93022222222223	
58.545986091182286	44.264	3.004	29.116	15.06	57.59544304381678	900	571	45	4	58	30	22	3	29	15	1018	0	0.15624022483825684	450500	140.91223669052124	314	99.93029966703662	
58.440529774427645	44.31	3.002	29.058	15.03	57.59544304381678	901	571	45	4	58	30	22	3	29	15	1018	0	0.14061450958251953	451000	141.05285120010376	314	99.93037694013304	
58.440529774427645	44.678	3.002	29.058	15.03	57.59544304381678	902	571	45	4	58	30	22	3	29	15	1018	0	0.12499117851257324	451500	141.17784237861633	314	99.93045404208195	
58.440529774427645	44.54	3.002	29.058	15.03	57.59544304381678	903	571	45	4	58	30	22	3	29	15	1018	0	0.12499213218688965	452000	141.30283451080322	314	99.93053097345133	
3072984.052351509	44.632	3.006	29.174	15.09	57.59544304381678	904	571	45	4	58	30	22	3	29	15	1019	0	0.12499260902404785	452500	141.42782711982727	314	99.93060773480663	
58.440529774427645	44.862	3.002	29.058	15.03	57.59544304381678	905	571	45	4	58	30	22	3	29	15	1019	0	0.17186331748962402	453000	141.5996904373169	314	99.93068432671082	
3055998.472116954	44.954	3.016	29.464	15.24	57.59544304381678	906	571	45	4	58	30	22	3	29	15	1020	0	0.17186307907104492	453500	141.77155351638794	314	99.93076074972437	
759797.0533679306	44.862	3.008	29.232	15.12	57.59544304381678	907	571	45	4	58	30	22	3	29	15	1020	0	0.15623807907104492	454000	141.92779159545898	314	99.93083700440529	
58.440529774427645	44.816	3.002	29.058	15.03	57.59544304381678	908	571	45	4	58	30	22	3	29	15	1021	0	0.15623974800109863	454500	142.08403134346008	314	99.93091309130914	
58.440529774427645	44.862	3.002	29.058	15.03	57.59544304381678	909	571	45	4	58	30	22	3	29	15	1021	0	0.15623927116394043	455000	142.24027061462402	314	99.93098901098901	
1519535.24438082	44.862	3.006	29.174	15.09	57.59544304381678	910	571	45	4	58	30	22	3	29	15	1021	0	0.17186546325683594	455500	142.41213607788086	314	99.93106476399561	
58.440529774427645	44.908	3.002	29.058	15.03	57.59544304381678	911	571	45	4	58	30	22	3	29	15	1021	0	0.12498903274536133	456000	142.53712511062622	314	99.93114035087719	
58.440529774427645	44.908	3.002	29.058	15.03	57.59544304381678	912	571	45	4	58	30	22	3	29	15	1021	0	0.10936617851257324	456500	142.6464912891388	314	99.93121577217963	
58.545986091182286	44.816	3.004	29.116	15.06	57.59544304381678	913	571	45	4	58	30	22	3	29	15	1021	0	0.15624094009399414	457000	142.8027322292328	314	99.9312910284464	
1536521.2464406416	44.816	3.004	29.116	15.06	57.59544304381678	914	571	45	4	58	30	22	3	29	15	1021	0	0.17186236381530762	457500	142.9745945930481	314	99.93136612021858	
759796.8424552971	44.77	3.004	29.116	15.06	57.59544304381678	915	571	45	4	58	30	22	3	29	15	1022	0	0.10936665534973145	458000	143.08396124839783	314	99.93144104803494	
1539600.3302166283	44.724	3.004008016032064	29.11623246492986	15.060120240480963	57.59544304381678	916	572	45	4.0	58.0	30.0	22	3.0	29.0	15.0	1023	0	0.14061570167541504	458500	143.22457695007324	314	99.93151581243184	
4618684.215264775	44.586	3.012	29.348	15.18	57.59544304381678	917	572	45	4	58	30	22	3	29	15	1025	0	0.14061617851257324	459000	143.36519312858582	314	99.93159041394335	
58.440529774427645	44.724	3.002	29.058	15.03	57.59544304381678	918	572	45	4	58	30	22	3	29	15	1025	0	0.15623855590820312	459500	143.52143168449402	314	99.9316648531012	
58.440529774427645	44.862	3.002	29.058	15.03	57.59544304381678	919	572	45	4	58	30	22	3	29	15	1025	0	0.14061617851257324	460000	143.6620478630066	314	99.93173913043478	
58.440529774427645	44.908	3.002	29.058	15.03	57.59544304381678	920	572	45	4	58	30	22	3	29	15	1025	0	0.15623974800109863	460500	143.8182876110077	314	99.93181324647122	
58.440529774427645	44.724	3.002	29.058	15.03	57.59544304381678	921	572	45	4	58	30	22	3	29	15	1025	0	0.17186331748962402	461000	143.99015092849731	314	99.93188720173536	
3832722.454277032	44.494	3.008	29.232	15.12	57.59544304381678	922	572	45	4	58	30	22	3	29	15	1026	0	0.17186260223388672	461500	144.1620135307312	314	99.93196099674972	
58.440529774427645	44.356	3.002	29.058	15.03	57.59544304381678	923	572	45	4	58	30	22	3	29	15	1026	0	0.14061450958251953	462000	144.30262804031372	314	99.93203463203463	
58.440529774427645	43.85	3.002	29.058	15.03	57.59544304381678	924	572	45	4	58	30	22	3	29	15	1027	0	0.17186307907104492	462500	144.47449111938477	314	99.93210810810811	
58.440529774427645	43.528	3.002	29.058	15.03	57.59544304381678	925	572	45	4	58	30	22	3	29	15	1027	0	0.10936713218688965	463000	144.58385825157166	314	99.93218142548596	
3072984.052351509	43.528	3.006	29.174	15.09	57.59544304381678	926	572	45	4	58	30	22	3	29	15	1028	0	0.15623950958251953	463500	144.74009776115417	314	99.93225458468177	
3072984.052351509	43.528	3.006	29.174	15.09	57.59544304381678	927	573	45	4	58	30	22	3	29	15	1028	0	0.14061594009399414	464000	144.88071370124817	314	99.9323275862069	
1536521.3518969584	43.85	3.006	29.174	15.09	57.59544304381678	928	574	45	4	58	30	22	3	29	15	1028	0	0.17186760902404785	464500	145.05258131027222	314	99.93240043057051	
2296259.859278798	43.942	3.01	29.29	15.15	57.59544304381678	929	574	45	4	58	30	22	3	29	15	1028	0	0.1562342643737793	465000	145.208815574646	314	99.93247311827957	
58.440529774427645	44.356	3.002	29.058	15.03	57.59544304381678	930	574	45	4	58	30	22	3	29	15	1028	0	0.15623927116394043	465500	145.36505484580994	314	99.93254564983889	
58.440529774427645	44.126	3.002	29.058	15.03	57.59544304381678	931	574	45	4	58	30	22	3	29	15	1028	0	0.14061522483825684	466000	145.5056700706482	314	99.93261802575107	
3072984.1578078256	43.804	3.008	29.232	15.12	57.59544304381678	932	574	45	4	58	30	22	3	29	15	1029	0	0.15624046325683594	466500	145.66191053390503	314	99.93269024651661	
58.440529774427645	43.528	3.002	29.058	15.03	57.59544304381678	933	574	45	4	58	30	22	3	29	15	1029	0	0.15623855590820312	467000	145.81814908981323	314	99.93276231263383	
58.440529774427645	44.494	3.002	29.058	15.03	57.59544304381678	934	574	45	4	58	30	22	3	29	15	1029	0	0.15623903274536133	467500	145.9743881225586	314	99.93283422459893	
58.440529774427645	44.724	3.002	29.058	15.03	57.59544304381678	935	574	45	4	58	30	22	3	29	15	1029	0	0.14061570167541504	468000	146.115003824234	314	99.93290598290598	
58.440529774427645	44.678	3.002	29.058	15.03	57.59544304381678	936	574	45	4	58	30	22	3	29	15	1029	0	0.15623879432678223	468500	146.2712426185608	314	99.93297758804695	
1536521.457353275	44.54	3.008	29.232	15.12	57.59544304381678	937	574	45	4	58	30	22	3	29	15	1029	0	0.14061570167541504	469000	146.4118583202362	314	99.93304904051173	
58.440529774427645	44.08	3.002	29.058	15.03	57.59544304381678	938	574	45	4	58	30	22	3	29	15	1029	0	0.12499237060546875	469500	146.53685069084167	314	99.93312034078808	
58.545986091182286	43.85	3.004	29.116	15.06	57.59544304381678	939	574	45	4	58	30	22	3	29	15	1029	0	0.17186260223388672	470000	146.70871329307556	314	99.9331914893617	
4609446.963718693	44.126	3.01	29.29	15.15	57.59544304381678	940	575	45	4	58	30	22	3	29	15	1029	0	0.17186307907104492	470500	146.8805763721466	314	99.93326248671626	
1536521.3518969584	44.172	3.006	29.174	15.09	57.59544304381678	941	575	45	4	58	30	22	3	29	15	1029	0	0.15624022483825684	471000	147.03681659698486	314	99.93333333333334	
58.545986091182286	44.356	3.004	29.116	15.06	57.59544304381678	942	575	45	4	58	30	22	3	29	15	1029	0	0.15623998641967773	471500	147.19305658340454	314	99.93340402969247	
6145909.7696295595	44.724	3.012	29.348	15.18	57.59544304381678	943	575	45	4	58	30	22	3	29	15	1029	0	0.15623998641967773	472000	147.34929656982422	314	99.93347457627118	
58.440529774427645	44.816	3.002	29.058	15.03	57.59544304381678	944	575	45	4	58	30	22	3	29	15	1029	0	0.14061856269836426	472500	147.48991513252258	314	99.93354497354497	
1536521.3518969584	44.862	3.006	29.174	15.09	57.59544304381678	945	575	45	4	58	30	22	3	29	15	1029	0	0.10936546325683594	473000	147.59928059577942	314	99.93361522198731	
1536521.3518969584	44.954	3.006	29.174	15.09	57.59544304381678	946	575	45	4	58	30	22	3	29	15	1029	0	0.15623760223388672	473500	147.7555181980133	314	99.93368532206969	
2300861.359657349	44.908	3.01	29.29	15.15	57.59544304381678	947	575	45	4	58	30	22	3	29	15	1031	0	0.10937190055847168	474000	147.86489009857178	314	99.9337552742616	
58.440529774427645	44.954	3.002	29.058	15.03	57.59544304381678	948	575	45	4	58	30	22	3	29	15	1031	0	0.1406097412109375	474500	148.00549983978271	314	99.93382507903056	
58.440529774427645	44.908	3.002	29.058	15.03	57.59544304381678	949	575	45	4	58	30	22	3	29	15	1031	0	0.14061498641967773	475000	148.1461148262024	314	99.9338947368421	
6905648.382467716	44.862	3.018	29.522	15.27	57.59544304381678	950	575	45	4	58	30	22	3	29	15	1031	0	0.15624046325683594	475500	148.30235528945923	314	99.93396424815982	
58.545986091182286	44.908	3.004	29.116	15.06	57.59544304381678	951	575	45	4	58	30	22	3	29	15	1032	0	0.17186260223388672	476000	148.47421789169312	314	99.93403361344538	
58.440529774427645	44.954	3.002	29.058	15.03	57.59544304381678	952	575	45	4	58	30	22	3	29	15	1032	0	0.14061570167541504	476500	148.61483359336853	314	99.93410283315845	
3055998.155748004	44.77	3.01	29.29	15.15	57.59544304381678	953	575	45	4	58	30	22	3	29	15	1032	0	0.14061498641967773	477000	148.7554485797882	314	99.93417190775682	
3072984.474176776	44.678	3.014	29.406	15.21	57.59544304381678	954	575	45	4	58	30	22	3	29	15	1032	0	0.14061594009399414	477500	148.8960645198822	314	99.93424083769634	
4592461.172571504	44.54	3.016	29.464	15.24	57.59544304381678	955	575	45	4	58	30	22	3	29	15	1032	0	0.15623998641967773	478000	149.05230450630188	314	99.93430962343096	
1536521.5628095919	44.54	3.01	29.29	15.15	57.59544304381678	956	575	45	4	58	30	22	3	29	15	1032	0	0.12499022483825684	478500	149.17729473114014	314	99.93437826541275	
3079142.2199068763	44.218	3.008	29.232	15.12	57.59544304381678	957	576	45	4	58	30	22	3	29	15	1033	0	0.14061522483825684	479000	149.3179099559784	314	99.93444676409186	
58.440529774427645	43.988	3.002	29.058	15.03	57.59544304381678	958	576	45	4	58	30	22	3	29	15	1033	0	0.12499189376831055	479500	149.4429018497467	314	99.93451511991658	
759797.4751931976	44.31	3.016	29.464	15.24	57.59544304381678	959	576	45	4	58	30	22	3	29	15	1033	0	0.15623903274536133	480000	149.59914088249207	314	99.93458333333334	
6145909.664173243	44.448	3.01	29.29	15.15	57.59544304381678	960	576	45	4	58	30	22	3	29	15	1033	0	0.15623950958251953	480500	149.75538039207458	314	99.93465140478668	
58.440529774427645	44.678	3.002	29.058	15.03	57.59544304381678	961	576	45	4	58	30	22	3	29	15	1033	0	0.12499165534973145	481000	149.88037204742432	314	99.93471933471933	
4609446.963718693	44.586	3.01	29.29	15.15	57.59544304381678	962	576	45	4	58	30	22	3	29	15	1034	0	0.17186355590820312	481500	150.05223560333252	314	99.93478712357216	
58.545986091182286	44.264	3.004	29.116	15.06	57.59544304381678	963	576	45	4	58	30	22	3	29	15	1034	0	0.14061713218688965	482000	150.1928527355194	314	99.93485477178423	
58.440529774427645	43.942	3.002	29.058	15.03	57.59544304381678	964	576	45	4	58	30	22	3	29	15	1034	0	0.14061307907104492	482500	150.33346581459045	314	99.93492227979274	
58.440529774427645	43.39	3.002	29.058	15.03	57.59544304381678	965	576	45	4	58	30	22	3	29	15	1034	0	0.15624189376831055	483000	150.48970770835876	314	99.93498964803312	
4609446.963718693	43.482	3.01	29.29	15.15	57.59544304381678	966	576	45	4	58	30	22	3	29	15	1035	0	0.14061260223388672	483500	150.63032031059265	314	99.93505687693899	
1536521.5628095919	43.758	3.01	29.29	15.15	57.59544304381678	967	576	45	4	58	30	22	3	29	15	1035	0	0.14061498641967773	484000	150.77093529701233	314	99.93512396694214	
1536521.5628095919	43.574	3.01	29.29	15.15	57.59544304381678	968	576	45	4	58	30	22	3	29	15	1035	0	0.14061546325683594	484500	150.91155076026917	314	99.93519091847266	
1536521.3518969584	43.804	3.006	29.174	15.09	57.59544304381678	969	576	45	4	58	30	22	3	29	15	1035	0	0.14061570167541504	485000	151.05216646194458	314	99.93525773195876	
3072984.1578078256	43.482	3.008	29.232	15.12	57.59544304381678	970	577	45	4	58	30	22	3	29	15	1035	0	0.17186331748962402	485500	151.2240297794342	314	99.93532440782698	
6145909.7696295595	43.344	3.012	29.348	15.18	57.59544304381678	971	577	45	4	58	30	22	3	29	15	1035	0	0.12499117851257324	486000	151.34902095794678	314	99.93539094650205	
58.440529774427645	43.114	3.002	29.058	15.03	57.59544304381678	972	577	45	4	58	30	22	3	29	15	1035	0	0.15623927116394043	486500	151.50526022911072	314	99.93545734840698	
3079142.2199068763	42.93	3.006012024048096	29.17434869739479	15.090180360721442	57.59544304381678	973	578	45	4.0	58.0	30.0	22	3.0	29.0	15.0	1036	0	0.17186331748962402	487000	151.67712354660034	314	99.93552361396304	
58.440529774427645	43.16	3.002	29.058	15.03	57.59544304381678	974	578	45	4	58	30	22	3	29	15	1036	0	0.14061498641967773	487500	151.81773853302002	314	99.93558974358974	
4609447.1746313255	43.252	3.014	29.406	15.21	57.59544304381678	975	578	45	4	58	30	22	3	29	15	1037	0	0.17186331748962402	488000	151.98960185050964	314	99.93565573770492	
3072984.052351509	43.022	3.006	29.174	15.09	57.59544304381678	976	578	45	4	58	30	22	3	29	15	1037	0	0.10936737060546875	488500	152.0989692211151	314	99.93572159672466	
58.440529774427645	42.93	3.002	29.058	15.03	57.59544304381678	977	578	45	4	58	30	22	3	29	15	1037	0	0.14061951637268066	489000	152.2395887374878	314	99.9357873210634	
3072984.474176776	43.206	3.014	29.406	15.21	57.59544304381678	978	578	45	4	58	30	22	3	29	15	1038	0	0.1562364101409912	489500	152.39582514762878	314	99.93585291113381	
1539600.6472195843	43.252	3.012	29.348	15.18	57.59544304381678	979	578	45	4	58	30	22	3	29	15	1040	0	0.14061474800109863	490000	152.53643989562988	314	99.93591836734694	
58.440529774427645	43.528	3.002	29.058	15.03	57.59544304381678	980	578	45	4	58	30	22	3	29	15	1040	0	0.17186284065246582	490500	152.70830273628235	314	99.93598369011212	
58.440529774427645	43.62	3.002	29.058	15.03	57.59544304381678	981	578	45	4	58	30	22	3	29	15	1040	0	0.14062118530273438	491000	152.84892392158508	314	99.93604887983707	
1536521.2464406416	43.482	3.004	29.116	15.06	57.59544304381678	982	578	45	4	58	30	22	3	29	15	1041	0	0.1718578338623047	491500	153.0207817554474	314	99.93611393692777	
1542691.885670748	43.62	3.0080160320641283	29.23246492985972	15.120240480961924	57.59544304381678	983	579	45	4.0	58.0	30.0	22	3.0	29.0	15.0	1043	0	0.14061498641967773	492000	153.16139674186707	314	99.93617886178862	
58.545986091182286	43.206	3.004	29.116	15.06	57.59544304381678	984	579	45	4	58	30	22	3	29	15	1043	0	0.15624070167541504	492500	153.31763744354248	314	99.93624365482233	
4609446.858262376	43.39	3.008	29.232	15.12	57.59544304381678	985	580	45	4	58	30	22	3	29	15	1043	0	0.17186188697814941	493000	153.48949933052063	314	99.93630831643001	
58.440529774427645	43.528	3.002	29.058	15.03	57.59544304381678	986	580	45	4	58	30	22	3	29	15	1043	0	0.15623950958251953	493500	153.64573884010315	314	99.93637284701114	
1536521.2464406416	43.666	3.004	29.116	15.06	57.59544304381678	987	580	45	4	58	30	22	3	29	15	1043	0	0.14061880111694336	494000	153.7863576412201	314	99.93643724696356	
58.440529774427645	43.666	3.002	29.058	15.03	57.59544304381678	988	580	45	4	58	30	22	3	29	15	1043	0	0.1718595027923584	494500	153.95821714401245	314	99.93650151668352	
3832722.5597333484	43.942	3.01	29.29	15.15	57.59544304381678	989	580	45	4	58	30	22	3	29	15	1044	0	0.14061641693115234	495000	154.0988335609436	314	99.93656565656566	
6905648.171555082	43.16	3.014	29.406	15.21	57.59544304381678	990	580	45	4	58	30	22	3	29	15	1044	0	0.15623831748962402	495500	154.25507187843323	314	99.93662966700303	
3072984.1578078256	43.39	3.008	29.232	15.12	57.59544304381678	991	581	45	4	58	30	22	3	29	15	1044	0	0.15623950958251953	496000	154.41131138801575	314	99.9366935483871	
58.440529774427645	43.62	3.002	29.058	15.03	57.59544304381678	992	581	45	4	58	30	22	3	29	15	1044	0	0.15624022483825684	496500	154.567551612854	314	99.93675730110776	
58.440529774427645	43.85	3.002	29.058	15.03	57.59544304381678	993	581	45	4	58	30	22	3	29	15	1044	0	0.14061474800109863	497000	154.7081663608551	314	99.93682092555332	
10755298.081905846	44.172	3.016	29.464	15.24	57.59544304381678	994	581	45	4	58	30	22	3	29	15	1044	0	0.14061474800109863	497500	154.8487811088562	314	99.93688442211055	
6145909.664173243	44.356	3.01	29.29	15.15	57.59544304381678	995	582	45	4	58	30	22	3	29	15	1044	0	0.12499141693115234	498000	154.97377252578735	314	99.93694779116466	
3072984.052351509	44.356	3.006	29.174	15.09	57.59544304381678	996	582	45	4	58	30	22	3	29	15	1044	0	0.12499213218688965	498500	155.09876465797424	314	99.9370110330993	
1536521.2464406416	44.54	3.004	29.116	15.06	57.59544304381678	997	582	45	4	58	30	22	3	29	15	1044	0	0.14061474800109863	499000	155.23937940597534	314	99.93707414829659	
7713225.136862667	44.356	3.016	29.464	15.24	57.59544304381678	998	582	45	4	58	30	22	3	29	15	1047	0	0.17186331748962402	499500	155.41124272346497	314	99.93713713713714	
1542691.885670748	44.494	3.01	29.29	15.15	57.59544304381678	999	582	45	4	58	30	22	3	29	15	1050	0	0.12499141693115234	500000	155.53623414039612	314	99.9372	
2296259.648366165	44.632	3.006	29.174	15.09	57.59544304381678	1000	583	45	4	58	30	22	3	29	15	1050	0	0.12499141693115234	500500	155.66122555732727	314	99.93726273726274	
