ave_fitness	ave_genome_length	ave_tree_depth	ave_tree_nodes	ave_used_codons	best_fitness	gen	invalids	max_genome_length	max_tree_depth	max_tree_nodes	max_used_codons	min_genome_length	min_tree_depth	min_tree_nodes	min_used_codons	runtime_error	time_adjust	time_taken	total_inds	total_time	unique_inds	unused_search	
1.49705980771618e+43	101.23	6.51	130.79	67.65	2.371260394354987	0	0	180	10	232	120	22	3	29	15	63	0	2.187349796295166	100	2.187349796295166	37	63.0	
8.806119746298819e+40	43.73	3.3333333333333335	38.666666666666664	20.0	2.345087017624236	1	26	90	6.0	116.0	60.0	22	3.0	29.0	15.0	85	0	0.04687142372131348	200	2.2342212200164795	89	55.5	
6.74968915945398e+21	50.71	3.210526315789474	35.10526315789474	18.157894736842106	2.345087017624236	2	31	90	7.0	145.0	75.0	22	3.0	29.0	15.0	105	0	0.015624284744262695	300	2.249845504760742	155	48.33333333333333	
2.8771008059318834e+36	55.85	3.2083333333333335	35.041666666666664	18.125	2.343683055130731	3	36	90	7.0	145.0	75.0	22	3.0	29.0	15.0	109	0	0.031247854232788086	400	2.2810933589935303	232	42.00000000000001	
7.707943960341394e+35	51.31	3.0736842105263156	31.13684210526316	16.105263157894736	2.2868615606221945	4	42	90	6.0	116.0	60.0	22	3.0	29.0	15.0	118	0	0.015624284744262695	500	2.296717643737793	303	39.4	
1.55600592828422e+33	47.23	3.0760869565217392	31.206521739130434	16.141304347826086	2.2868615606221945	5	50	90	6.0	116.0	60.0	22	3.0	29.0	15.0	125	0	0.03124713897705078	600	2.3279647827148438	384	36.0	
1.0845969989476864e+30	43.38	3.0851063829787235	31.46808510638298	16.27659574468085	2.2868615606214626	6	57	90	6.0	116.0	60.0	22	3.0	29.0	15.0	128	0	0.031247854232788086	700	2.359212636947632	465	33.57142857142857	
4.891998402146094e+36	45.86	3.127659574468085	32.702127659574465	16.914893617021278	2.286861560620243	7	63	90	6.0	116.0	60.0	22	3.0	29.0	15.0	137	0	0.04687166213989258	800	2.4060842990875244	545	31.875	
1.1215415915517722e+30	44.95	3.10752688172043	32.11827956989247	16.612903225806452	2.286861560620243	8	70	67	6.0	116.0	60.0	22	3.0	29.0	15.0	143	0	0.03124833106994629	900	2.4373326301574707	623	30.777777777777786	
1.31842560060437e+18	42.7	3.0869565217391304	31.52173913043478	16.304347826086957	2.286861560620243	9	78	67	6.0	116.0	60.0	22	3.0	29.0	15.0	155	0	0.04687166213989258	1000	2.4842042922973633	699	30.10000000000001	
7359145.360177622	39.1	3.095744680851064	31.77659574468085	16.43617021276596	2.2868615606193896	10	84	67	6.0	116.0	60.0	22	3.0	29.0	15.0	162	0	0.04687190055847168	1100	2.531076192855835	775	29.545454545454547	
567583.4778148639	34.15	3.127659574468085	32.702127659574465	16.914893617021278	2.2868615606193896	11	90	67	6.0	116.0	60.0	22	3.0	29.0	15.0	171	0	0.015624046325683594	1200	2.5467002391815186	852	29.0	
8611386330652.876	35.5	3.053763440860215	30.559139784946236	15.806451612903226	2.2868615606193896	12	98	67	6.0	116.0	60.0	22	3.0	29.0	15.0	175	0	0.031247854232788086	1300	2.5779480934143066	937	27.923076923076934	
564073.72383047	35.05	3.03125	29.90625	15.46875	2.2868615606193896	13	103	67	4.0	58.0	30.0	22	3.0	29.0	15.0	181	0	0.015624046325683594	1400	2.5935721397399902	1013	27.642857142857153	
2.952463559456046e+35	33.7	3.010869565217391	29.315217391304348	15.16304347826087	2.2868615606193896	14	111	67	4.0	58.0	30.0	22	3.0	29.0	15.0	184	0	0.015623807907104492	1500	2.6091959476470947	1090	27.33333333333333	
3.1051524218073052e+16	41.8	3.0927835051546393	31.690721649484537	16.391752577319586	2.2868615606193896	15	115	67	6.0	116.0	60.0	22	3.0	29.0	15.0	192	0	0.015624046325683594	1600	2.6248199939727783	1171	26.8125	
3.787415730337667e+17	36.85	3.0638297872340425	30.851063829787233	15.957446808510639	2.2868615606193896	16	121	67	6.0	116.0	60.0	22	3.0	29.0	15.0	198	0	0.031248092651367188	1700	2.6560680866241455	1245	26.764705882352942	
9.98540425536938e+16	33.7	3.0105263157894737	29.305263157894736	15.157894736842104	2.2868615606190237	17	127	67	4.0	58.0	30.0	22	3.0	29.0	15.0	199	0	0.031247377395629883	1800	2.6873154640197754	1330	26.111111111111114	
789653613.1718651	30.55	3.021978021978022	29.63736263736264	15.32967032967033	2.2868615606190237	18	137	67	4.0	58.0	30.0	22	3.0	29.0	15.0	202	0	0.031247615814208984	1900	2.7185630798339844	1405	26.05263157894737	
66323.09465473726	27.85	3.0	29.0	15.0	2.2868615606190237	19	145	67	3.0	29.0	15.0	22	3.0	29.0	15.0	207	0	0.03124833106994629	2000	2.7498114109039307	1483	25.849999999999994	
2.276955790083769e+25	23.35	3.033707865168539	29.97752808988764	15.50561797752809	2.2868615606190237	20	156	67	6.0	116.0	60.0	22	3.0	29.0	15.0	210	0	0.015623807907104492	2100	2.765435218811035	1557	25.85714285714286	
588480978.7034333	22.9	3.0	29.0	15.0	2.2868615606190237	21	166	67	3.0	29.0	15.0	22	3.0	29.0	15.0	212	0	0.031247615814208984	2200	2.796682834625244	1633	25.772727272727266	
56722305.941552006	22.0	3.0	29.0	15.0	2.2868615606190237	22	178	22	3.0	29.0	15.0	22	3.0	29.0	15.0	215	0	0.015624761581420898	2300	2.812307596206665	1711	25.60869565217392	
42883.382142508126	22.0	3.0	29.0	15.0	2.2868615606190237	23	184	22	3.0	29.0	15.0	22	3.0	29.0	15.0	218	0	0.015623092651367188	2400	2.8279306888580322	1794	25.25	
524579049.1069107	22.0	3.0	29.0	15.0	2.2868615606190237	24	191	22	3.0	29.0	15.0	22	3.0	29.0	15.0	219	0	0.04687213897705078	2500	2.874802827835083	1878	24.879999999999995	
11280.872128611736	22.0	3.0	29.0	15.0	2.2868615606190237	25	201	22	3.0	29.0	15.0	22	3.0	29.0	15.0	223	0	0.03125762939453125	2600	2.9060604572296143	1955	24.807692307692307	
1.3441818310460996e+28	22.0	3.0	29.0	15.0	2.2868615606190237	26	209	22	3.0	29.0	15.0	22	3.0	29.0	15.0	225	0	0.031238079071044922	2700	2.937298536300659	2041	24.407407407407405	
135.49547518162362	22.0	3.0	29.0	15.0	2.2868615606190237	27	217	22	3.0	29.0	15.0	22	3.0	29.0	15.0	232	0	0.015623807907104492	2800	2.9529223442077637	2113	24.535714285714278	
9043543685407.984	22.0	3.0	29.0	15.0	2.2868615606190237	28	229	22	3.0	29.0	15.0	22	3.0	29.0	15.0	236	0	0.04687142372131348	2900	2.999793767929077	2192	24.413793103448285	
806.8940820557148	22.0	3.0	29.0	15.0	2.2868615606190237	29	243	22	3.0	29.0	15.0	22	3.0	29.0	15.0	239	0	0.031249046325683594	3000	3.0310428142547607	2262	24.599999999999994	
1.1528283011034493e+35	22.0	3.0	29.0	15.0	2.2868615606190237	30	256	22	3.0	29.0	15.0	22	3.0	29.0	15.0	240	0	0.03125596046447754	3100	3.0622987747192383	2339	24.548387096774192	
9.04002307894047e+29	22.0	3.0	29.0	15.0	2.2868615606190237	31	263	22	3.0	29.0	15.0	22	3.0	29.0	15.0	241	0	0.031249046325683594	3200	3.093547821044922	2420	24.375	
787.9523195572293	22.0	3.0	29.0	15.0	2.2868615606190237	32	270	22	3.0	29.0	15.0	22	3.0	29.0	15.0	241	0	0.04686164855957031	3300	3.140409469604492	2503	24.15151515151514	
2.641361606158714e+19	22.0	3.0	29.0	15.0	2.2868615606190237	33	276	22	3.0	29.0	15.0	22	3.0	29.0	15.0	244	0	0.03125739097595215	3400	3.1716668605804443	2581	24.088235294117638	
56075760.716460295	22.0	3.0	29.0	15.0	2.2868615606190237	34	287	22	3.0	29.0	15.0	22	3.0	29.0	15.0	247	0	0.031238317489624023	3500	3.2029051780700684	2660	24.0	
3.566327280067577e+35	22.0	3.0	29.0	15.0	2.2868615606190237	35	300	22	3.0	29.0	15.0	22	3.0	29.0	15.0	249	0	0.04687213897705078	3600	3.249777317047119	2735	24.027777777777786	
1220930688.405781	22.0	3.0	29.0	15.0	2.2868615606190237	36	313	22	3.0	29.0	15.0	22	3.0	29.0	15.0	251	0	0.031248092651367188	3700	3.2810254096984863	2802	24.27027027027026	
5.371512133143617e+38	22.0	3.0	29.0	15.0	2.2868615606190237	37	319	22	3.0	29.0	15.0	22	3.0	29.0	15.0	256	0	0.031247854232788086	3800	3.3122732639312744	2882	24.157894736842096	
1.2265672982968867e+22	22.0	3.0	29.0	15.0	2.2868615606190237	38	332	22	3.0	29.0	15.0	22	3.0	29.0	15.0	261	0	0.03124856948852539	3900	3.3435218334198	2953	24.282051282051285	
714.7776657353243	22.0	3.0	29.0	15.0	2.2868615606190237	39	343	22	3.0	29.0	15.0	22	3.0	29.0	15.0	264	0	0.031246662139892578	4000	3.3747684955596924	3026	24.35000000000001	
555414.7501770322	22.0	3.0	29.0	15.0	2.2868615606190237	40	354	22	3.0	29.0	15.0	22	3.0	29.0	15.0	266	0	0.031247615814208984	4100	3.4060161113739014	3105	24.268292682926827	
559915433.5824833	22.0	3.0	29.0	15.0	2.2868615606190237	41	360	22	3.0	29.0	15.0	22	3.0	29.0	15.0	269	0	0.04687166213989258	4200	3.452887773513794	3187	24.11904761904762	
6.99840000171072e+26	22.0	3.0	29.0	15.0	2.2868615606190237	42	367	22	3.0	29.0	15.0	22	3.0	29.0	15.0	273	0	0.031248807907104492	4300	3.4841365814208984	3268	24.0	
442.87029909560005	22.0	3.0	29.0	15.0	2.2868615606190237	43	378	22	3.0	29.0	15.0	22	3.0	29.0	15.0	276	0	0.03124713897705078	4400	3.515383720397949	3340	24.090909090909093	
5506.077585736893	22.0	3.0	29.0	15.0	2.2868615606190237	44	385	22	3.0	29.0	15.0	22	3.0	29.0	15.0	279	0	0.031248092651367188	4500	3.5466318130493164	3418	24.04444444444445	
1.5534137097303395e+28	22.0	3.0	29.0	15.0	2.2868615606190237	45	394	22	3.0	29.0	15.0	22	3.0	29.0	15.0	282	0	0.031247854232788086	4600	3.5778796672821045	3493	24.065217391304344	
3593203.218972926	22.0	3.0	29.0	15.0	2.2868615606190237	46	407	22	3.0	29.0	15.0	22	3.0	29.0	15.0	284	0	0.031247615814208984	4700	3.6091272830963135	3566	24.127659574468083	
1.8051986523120268e+16	22.0	3.0	29.0	15.0	2.2868615606190237	47	417	22	3.0	29.0	15.0	22	3.0	29.0	15.0	286	0	0.04687190055847168	4800	3.655999183654785	3644	24.08333333333333	
1.1412491328019967e+18	22.0	3.0	29.0	15.0	2.2868615606190237	48	423	22	3.0	29.0	15.0	22	3.0	29.0	15.0	290	0	0.015624284744262695	4900	3.671623468399048	3723	24.0204081632653	
6353545.374112717	22.0	3.0	29.0	15.0	2.2868615606190237	49	434	22	3.0	29.0	15.0	22	3.0	29.0	15.0	295	0	0.01562356948852539	5000	3.6872470378875732	3798	24.039999999999992	
3.0585818182760166e+17	22.0	3.0	29.0	15.0	2.2868615606190237	50	445	22	3.0	29.0	15.0	22	3.0	29.0	15.0	297	0	0.03124833106994629	5100	3.7184953689575195	3878	23.960784313725497	
1.7912850156616598e+17	22.0	3.0	29.0	15.0	2.2868615606190237	51	449	22	3.0	29.0	15.0	22	3.0	29.0	15.0	300	0	0.031247377395629883	5200	3.7497427463531494	3961	23.82692307692308	
3.8975786317544847e+18	22.0	3.0	29.0	15.0	2.2868615606190237	52	455	22	3.0	29.0	15.0	22	3.0	29.0	15.0	304	0	0.015624046325683594	5300	3.765366792678833	4044	23.698113207547166	
2.2274943962173046e+38	22.0	3.0	29.0	15.0	2.2868615606190237	53	468	22	3.0	29.0	15.0	22	3.0	29.0	15.0	305	0	0.01562356948852539	5400	3.7809903621673584	4117	23.759259259259252	
1.6598083412130993e+22	22.0	3.0	29.0	15.0	2.2868615606190237	54	479	22	3.0	29.0	15.0	22	3.0	29.0	15.0	309	0	0.031247854232788086	5500	3.8122382164001465	4192	23.78181818181818	
2.642607900785455e+32	22.0	3.0	29.0	15.0	2.2868615606190237	55	489	22	3.0	29.0	15.0	22	3.0	29.0	15.0	312	0	0.03124856948852539	5600	3.843486785888672	4268	23.785714285714292	
11863797.620619962	22.0	3.0	29.0	15.0	2.2868615606190237	56	498	22	3.0	29.0	15.0	22	3.0	29.0	15.0	315	0	0.01562356948852539	5700	3.8591103553771973	4346	23.754385964912288	
104043298.04273634	22.0	3.0	29.0	15.0	2.2868615606190237	57	510	22	3.0	29.0	15.0	22	3.0	29.0	15.0	318	0	0.031247615814208984	5800	3.8903579711914062	4426	23.689655172413794	
23880.00978029188	22.0	3.0	29.0	15.0	2.2868615606190237	58	515	22	3.0	29.0	15.0	22	3.0	29.0	15.0	319	0	0.015624523162841797	5900	3.905982494354248	4505	23.644067796610173	
284720435391.94916	22.0	3.0	29.0	15.0	2.2868615606190237	59	525	22	3.0	29.0	15.0	22	3.0	29.0	15.0	321	0	0.031247854232788086	6000	3.937230348587036	4579	23.683333333333337	
65041102.555851504	22.0	3.0	29.0	15.0	2.2868615606190237	60	531	22	3.0	29.0	15.0	22	3.0	29.0	15.0	323	0	0.01562356948852539	6100	3.9528539180755615	4655	23.688524590163937	
2.834486432955112e+28	22.0	3.0	29.0	15.0	2.2868615606190237	61	540	22	3.0	29.0	15.0	22	3.0	29.0	15.0	326	0	0.031247854232788086	6200	3.9841017723083496	4733	23.66129032258064	
5950.652700254479	22.0	3.0	29.0	15.0	2.2868615606190237	62	550	22	3.0	29.0	15.0	22	3.0	29.0	15.0	328	0	0.031247615814208984	6300	4.015349388122559	4812	23.61904761904762	
5.505637225380348e+41	22.0	3.0	29.0	15.0	2.2868615606190237	63	560	22	3.0	29.0	15.0	22	3.0	29.0	15.0	331	0	0.046872615814208984	6400	4.062222003936768	4890	23.59375	
4.1536836813343085e+17	22.0	3.0	29.0	15.0	2.2868615606190237	64	567	22	3.0	29.0	15.0	22	3.0	29.0	15.0	339	0	0.015624761581420898	6500	4.0778467655181885	4965	23.615384615384613	
56906550.363832384	22.0	3.0	29.0	15.0	2.2868615606190237	65	581	22	3.0	29.0	15.0	22	3.0	29.0	15.0	343	0	0.031246423721313477	6600	4.109093189239502	5035	23.712121212121204	
1.5989241689445804e+16	22.0	3.0	29.0	15.0	2.2868615606190237	66	596	22	3.0	29.0	15.0	22	3.0	29.0	15.0	346	0	0.015623807907104492	6700	4.1247169971466064	5109	23.746268656716424	
153.5708761142557	22.0	3.0	29.0	15.0	2.2868615606190237	67	606	22	3.0	29.0	15.0	22	3.0	29.0	15.0	348	0	0.04687190055847168	6800	4.171588897705078	5183	23.779411764705884	
4257573.269660727	22.0	3.0	29.0	15.0	2.2868615606190237	68	617	22	3.0	29.0	15.0	22	3.0	29.0	15.0	350	0	0.015623807907104492	6900	4.187212705612183	5260	23.768115942028984	
6757661.859719337	22.0	3.0	29.0	15.0	2.2868615606190237	69	629	22	3.0	29.0	15.0	22	3.0	29.0	15.0	351	0	0.031247854232788086	7000	4.218460559844971	5339	23.728571428571428	
1.9577623939129442e+19	22.0	3.0	29.0	15.0	2.2868615606190237	70	639	22	3.0	29.0	15.0	22	3.0	29.0	15.0	352	0	0.031247854232788086	7100	4.249708414077759	5418	23.690140845070417	
4605.59100448852	22.0	3.0	29.0	15.0	2.2868615606190237	71	647	22	3.0	29.0	15.0	22	3.0	29.0	15.0	358	0	0.031247854232788086	7200	4.280956268310547	5485	23.819444444444443	
1.333460217081893e+34	22.0	3.0	29.0	15.0	2.2868615606190237	72	655	22	3.0	29.0	15.0	22	3.0	29.0	15.0	359	0	0.015624284744262695	7300	4.29658055305481	5559	23.849315068493155	
2.278651685941493e+16	22.0	3.0	29.0	15.0	2.2868615606190237	73	662	22	3.0	29.0	15.0	22	3.0	29.0	15.0	364	0	0.031248092651367188	7400	4.327828645706177	5641	23.77027027027026	
14454516.485220356	22.0	3.0	29.0	15.0	2.2868615606190237	74	673	22	3.0	29.0	15.0	22	3.0	29.0	15.0	366	0	0.015623807907104492	7500	4.343452453613281	5713	23.826666666666668	
3.647813235209827e+35	22.0	3.0	29.0	15.0	2.2868615606190237	75	687	22	3.0	29.0	15.0	22	3.0	29.0	15.0	367	0	0.03124856948852539	7600	4.374701023101807	5785	23.881578947368425	
6.02886075949489e+17	22.0	3.0	29.0	15.0	2.2868615606190237	76	699	22	3.0	29.0	15.0	22	3.0	29.0	15.0	377	0	0.03124690055847168	7700	4.405947923660278	5848	24.051948051948045	
65964.0622992614	22.0	3.0	29.0	15.0	2.2868615606190237	77	711	22	3.0	29.0	15.0	22	3.0	29.0	15.0	377	0	0.015623807907104492	7800	4.421571731567383	5921	24.08974358974359	
4306212481706973.0	22.0	3.0	29.0	15.0	2.2868615606190237	78	721	22	3.0	29.0	15.0	22	3.0	29.0	15.0	378	0	0.031248092651367188	7900	4.45281982421875	5996	24.10126582278481	
2.282947601415756e+28	22.0	3.0	29.0	15.0	2.2868615606190237	79	733	22	3.0	29.0	15.0	22	3.0	29.0	15.0	380	0	0.031247854232788086	8000	4.484067678451538	6071	24.112499999999997	
5025239.316190042	22.0	3.0	29.0	15.0	2.2868615606190237	80	739	22	3.0	29.0	15.0	22	3.0	29.0	15.0	380	0	0.031247854232788086	8100	4.515315532684326	6156	24.0	
9.351109618707869e+36	22.0	3.0	29.0	15.0	2.2868615606190237	81	749	22	3.0	29.0	15.0	22	3.0	29.0	15.0	382	0	0.015624046325683594	8200	4.53093957901001	6232	24.0	
8.597430996178531e+29	22.0	3.0	29.0	15.0	2.2868615606190237	82	757	22	3.0	29.0	15.0	22	3.0	29.0	15.0	385	0	0.03124833106994629	8300	4.562187910079956	6311	23.963855421686745	
360.77217778640403	22.0	3.0	29.0	15.0	2.2868615606190237	83	775	22	3.0	29.0	15.0	22	3.0	29.0	15.0	386	0	0.015633344650268555	8400	4.577821254730225	6382	24.02380952380952	
53344627577.32856	22.0	3.0	29.0	15.0	2.2868615606190237	84	779	22	3.0	29.0	15.0	22	3.0	29.0	15.0	389	0	0.03123784065246582	8500	4.60905909538269	6463	23.964705882352945	
72890600.4880093	22.0	3.0	29.0	15.0	2.2868615606190237	85	789	22	3.0	29.0	15.0	22	3.0	29.0	15.0	393	0	0.031248092651367188	8600	4.640307188034058	6533	24.03488372093024	
771267543.9360403	22.0	3.0	29.0	15.0	2.2868615606190237	86	804	22	3.0	29.0	15.0	22	3.0	29.0	15.0	397	0	0.031247615814208984	8700	4.671554803848267	6600	24.13793103448276	
8.719544773414997e+18	22.0	3.0	29.0	15.0	2.2868615606190237	87	813	22	3.0	29.0	15.0	22	3.0	29.0	15.0	399	0	0.04687142372131348	8800	4.71842622756958	6678	24.11363636363636	
9.539410706933252e+34	22.0	3.0	29.0	15.0	2.2868615606190237	88	827	22	3.0	29.0	15.0	22	3.0	29.0	15.0	401	0	0.015624523162841797	8900	4.734050750732422	6747	24.191011235955045	
1388013.8885233244	22.0	3.0	29.0	15.0	2.2868615606190237	89	842	22	3.0	29.0	15.0	22	3.0	29.0	15.0	406	0	0.01562356948852539	9000	4.749674320220947	6816	24.266666666666666	
18877011889.34592	22.0	3.0	29.0	15.0	2.2868615606190237	90	853	22	3.0	29.0	15.0	22	3.0	29.0	15.0	409	0	0.031248807907104492	9100	4.780923128128052	6886	24.32967032967032	
51462308326.996315	22.0	3.0	29.0	15.0	2.2868615606190237	91	861	22	3.0	29.0	15.0	22	3.0	29.0	15.0	413	0	0.031247615814208984	9200	4.812170743942261	6960	24.34782608695653	
3.523264757760001e+28	22.0	3.0	29.0	15.0	2.2868615606190237	92	871	22	3.0	29.0	15.0	22	3.0	29.0	15.0	416	0	0.031247854232788086	9300	4.843418598175049	7035	24.354838709677423	
1.987363128131869e+32	22.0	3.0	29.0	15.0	2.2868615606190237	93	879	22	3.0	29.0	15.0	22	3.0	29.0	15.0	418	0	0.015623331069946289	9400	4.859041929244995	7116	24.297872340425528	
1.887649765933361e+35	22.0	3.0	29.0	15.0	2.2868615606190237	94	889	22	3.0	29.0	15.0	22	3.0	29.0	15.0	422	0	0.03124833106994629	9500	4.890290260314941	7188	24.33684210526316	
1.581933669512195e+25	22.0	3.0	29.0	15.0	2.2868615606190237	95	903	22	3.0	29.0	15.0	22	3.0	29.0	15.0	424	0	0.01562356948852539	9600	4.905913829803467	7265	24.32291666666667	
7.084337349397595e+17	22.0	3.0	29.0	15.0	2.2868615606190237	96	918	22	3.0	29.0	15.0	22	3.0	29.0	15.0	427	0	0.031249523162841797	9700	4.937163352966309	7332	24.412371134020617	
549681.3193137811	22.0	3.0	29.0	15.0	2.2868615606190237	97	923	22	3.0	29.0	15.0	22	3.0	29.0	15.0	433	0	0.04687094688415527	9800	4.984034299850464	7409	24.397959183673464	
6316217.704493714	22.0	3.0	29.0	15.0	2.2868615606190237	98	930	22	3.0	29.0	15.0	22	3.0	29.0	15.0	434	0	0.01562356948852539	9900	4.999657869338989	7492	24.323232323232318	
272681.5941177302	22.0	3.0	29.0	15.0	2.2868615606190237	99	944	22	3.0	29.0	15.0	22	3.0	29.0	15.0	437	0	0.015624046325683594	10000	5.015281915664673	7565	24.35000000000001	
1.7434497303370793e+34	22.0	3.0	29.0	15.0	2.2868615606190237	100	951	22	3.0	29.0	15.0	22	3.0	29.0	15.0	442	0	0.04687166213989258	10100	5.062153577804565	7640	24.356435643564353	
9.275704387505601e+19	22.0	3.0	29.0	15.0	2.2868615606190237	101	962	22	3.0	29.0	15.0	22	3.0	29.0	15.0	446	0	0.031248092651367188	10200	5.093401670455933	7714	24.372549019607845	
4.888298903637473e+16	22.0	3.0	29.0	15.0	2.2868615606190237	102	976	22	3.0	29.0	15.0	22	3.0	29.0	15.0	450	0	0.015623092651367188	10300	5.1090247631073	7784	24.427184466019412	
225951756.30157584	22.0	3.0	29.0	15.0	2.2868615606190237	103	988	22	3.0	29.0	15.0	22	3.0	29.0	15.0	451	0	0.03124833106994629	10400	5.140273094177246	7853	24.490384615384613	
548095645.7374986	22.0	3.0	29.0	15.0	2.2868615606190237	104	999	22	3.0	29.0	15.0	22	3.0	29.0	15.0	452	0	0.031247615814208984	10500	5.171520709991455	7928	24.495238095238093	
6.881816652243319e+24	22.0	3.0	29.0	15.0	2.2868615606190237	105	1011	22	3.0	29.0	15.0	22	3.0	29.0	15.0	454	0	0.031247854232788086	10600	5.202768564224243	8007	24.462264150943398	
9.726101309438705e+37	22.0	3.0	29.0	15.0	2.2868615606190237	106	1020	22	3.0	29.0	15.0	22	3.0	29.0	15.0	454	0	0.031249046325683594	10700	5.234017610549927	8084	24.44859813084112	
1.1296733383420442e+26	22.0	3.0	29.0	15.0	2.2868615606190237	107	1036	22	3.0	29.0	15.0	22	3.0	29.0	15.0	455	0	0.03124690055847168	10800	5.265264511108398	8160	24.444444444444443	
4.280262651162686e+25	22.0	3.0	29.0	15.0	2.2868615606190237	108	1041	22	3.0	29.0	15.0	22	3.0	29.0	15.0	458	0	0.015624284744262695	10900	5.280888795852661	8239	24.41284403669725	
9.525095152538049e+39	22.0	3.0	29.0	15.0	2.2868615606190237	109	1050	22	3.0	29.0	15.0	22	3.0	29.0	15.0	461	0	0.01562356948852539	11000	5.2965123653411865	8313	24.427272727272737	
5.677269348147423e+38	22.0	3.0	29.0	15.0	2.2868615606190237	110	1055	22	3.0	29.0	15.0	22	3.0	29.0	15.0	465	0	0.0312497615814209	11100	5.327762126922607	8387	24.44144144144144	
5.312484529804299e+30	22.0	3.0	29.0	15.0	2.2868615606190237	111	1062	22	3.0	29.0	15.0	22	3.0	29.0	15.0	468	0	0.031247615814208984	11200	5.359009742736816	8465	24.419642857142847	
5.556736689455174e+34	22.0	3.0	29.0	15.0	2.2868615606190237	112	1070	22	3.0	29.0	15.0	22	3.0	29.0	15.0	474	0	0.03124833106994629	11300	5.390258073806763	8530	24.51327433628319	
991.7531197147752	22.0	3.0	29.0	15.0	2.2868615606190237	113	1082	22	3.0	29.0	15.0	22	3.0	29.0	15.0	478	0	0.031249284744262695	11400	5.421507358551025	8593	24.622807017543863	
4.873691793103455e+38	22.0	3.0	29.0	15.0	2.2868615606190237	114	1091	22	3.0	29.0	15.0	22	3.0	29.0	15.0	483	0	0.046869516372680664	11500	5.468376874923706	8664	24.660869565217396	
5.431866202077336e+38	22.0	3.0	29.0	15.0	2.2868615606190237	115	1099	22	3.0	29.0	15.0	22	3.0	29.0	15.0	487	0	0.031247615814208984	11600	5.499624490737915	8738	24.67241379310346	
9.461894828642882e+25	22.0	3.0	29.0	15.0	2.2868615606190237	116	1111	22	3.0	29.0	15.0	22	3.0	29.0	15.0	495	0	0.03124856948852539	11700	5.53087306022644	8806	24.73504273504274	
1019694004.7594582	22.0	3.0	29.0	15.0	2.2868615606190237	117	1122	22	3.0	29.0	15.0	22	3.0	29.0	15.0	496	0	0.031247377395629883	11800	5.56212043762207	8880	24.7457627118644	
179.0710442350359	22.0	3.0	29.0	15.0	2.2868615606190237	118	1132	22	3.0	29.0	15.0	22	3.0	29.0	15.0	497	0	0.031246423721313477	11900	5.593366861343384	8954	24.756302521008394	
1.5787825235000013e+27	22.0	3.0	29.0	15.0	2.2868615606190237	119	1142	22	3.0	29.0	15.0	22	3.0	29.0	15.0	500	0	0.015624284744262695	12000	5.6089911460876465	9031	24.74166666666666	
1.1929655172413798e+18	22.0	3.0	29.0	15.0	2.2868615606190237	120	1151	22	3.0	29.0	15.0	22	3.0	29.0	15.0	505	0	0.04687237739562988	12100	5.655863523483276	9108	24.727272727272734	
3.897777790924261e+24	22.0	3.0	29.0	15.0	2.2868615606190237	121	1160	22	3.0	29.0	15.0	22	3.0	29.0	15.0	507	0	0.031247615814208984	12200	5.687111139297485	9184	24.721311475409834	
5.10280666987952e+39	22.0	3.0	29.0	15.0	2.2868615606190237	122	1174	22	3.0	29.0	15.0	22	3.0	29.0	15.0	511	0	0.031249046325683594	12300	5.718360185623169	9249	24.804878048780495	
1935017053.3459735	22.0	3.0	29.0	15.0	2.2868615606190237	123	1185	22	3.0	29.0	15.0	22	3.0	29.0	15.0	517	0	0.031246185302734375	12400	5.749606370925903	9322	24.82258064516128	
1.215940618026361e+22	22.0	3.0	29.0	15.0	2.2868615606190237	124	1194	22	3.0	29.0	15.0	22	3.0	29.0	15.0	522	0	0.03124856948852539	12500	5.780854940414429	9394	24.848	
397.426824911926	22.0	3.0	29.0	15.0	2.2868615606190237	125	1208	22	3.0	29.0	15.0	22	3.0	29.0	15.0	524	0	0.031248807907104492	12600	5.812103748321533	9464	24.8888888888889	
4.8790588258279366e+17	22.0	3.0	29.0	15.0	2.2868615606190237	126	1223	22	3.0	29.0	15.0	22	3.0	29.0	15.0	525	0	0.031247377395629883	12700	5.843351125717163	9532	24.944881889763778	
407.6223304812095	22.0	3.0	29.0	15.0	2.2868615606190237	127	1235	22	3.0	29.0	15.0	22	3.0	29.0	15.0	529	0	0.031246662139892578	12800	5.874597787857056	9601	24.9921875	
594884294.4603379	22.0	3.0	29.0	15.0	2.2868615606190237	128	1247	22	3.0	29.0	15.0	22	3.0	29.0	15.0	536	0	0.015623807907104492	12900	5.89022159576416	9663	25.093023255813947	
3.21511190506667e+25	22.0	3.0	29.0	15.0	2.2868615606190237	129	1252	22	3.0	29.0	15.0	22	3.0	29.0	15.0	542	0	0.031247854232788086	13000	5.921469449996948	9740	25.07692307692308	
173.2877489060671	22.0	3.0	29.0	15.0	2.2868615606190237	130	1258	22	3.0	29.0	15.0	22	3.0	29.0	15.0	543	0	0.031249046325683594	13100	5.952718496322632	9813	25.091603053435122	
1.3682224263602256e+32	22.0	3.0	29.0	15.0	2.2868615606190237	131	1266	22	3.0	29.0	15.0	22	3.0	29.0	15.0	545	0	0.015622615814208984	13200	5.968341112136841	9886	25.10606060606061	
856927.7102544521	22.0	3.0	29.0	15.0	2.2868615606190237	132	1275	22	3.0	29.0	15.0	22	3.0	29.0	15.0	548	0	0.01562666893005371	13300	5.9839677810668945	9961	25.10526315789474	
6.494727273245281e+17	22.0	3.0	29.0	15.0	2.2868615606190237	133	1283	22	3.0	29.0	15.0	22	3.0	29.0	15.0	553	0	0.03125596046447754	13400	6.015223741531372	10033	25.126865671641795	
4.0575169453264064e+34	22.0	3.0	29.0	15.0	2.2868615606190237	134	1296	22	3.0	29.0	15.0	22	3.0	29.0	15.0	557	0	0.031238317489624023	13500	6.046462059020996	10104	25.15555555555555	
2711634181.8763614	22.0	3.0	29.0	15.0	2.2868615606190237	135	1306	22	3.0	29.0	15.0	22	3.0	29.0	15.0	560	0	0.04687213897705078	13600	6.093334197998047	10179	25.154411764705884	
11311676489.18694	22.0	3.0	29.0	15.0	2.2868615606190237	136	1314	22	3.0	29.0	15.0	22	3.0	29.0	15.0	563	0	0.031248092651367188	13700	6.124582290649414	10255	25.145985401459853	
4.187595335695619e+34	22.0	3.0	29.0	15.0	2.2868615606190237	137	1323	22	3.0	29.0	15.0	22	3.0	29.0	15.0	565	0	0.031247615814208984	13800	6.155829906463623	10330	25.14492753623189	
2.868696732954546e+36	22.0	3.0	29.0	15.0	2.2868615606190237	138	1336	22	3.0	29.0	15.0	22	3.0	29.0	15.0	565	0	0.031247615814208984	13900	6.187077522277832	10405	25.143884892086334	
56075792.45332092	22.0	3.0	29.0	15.0	2.2868615606190237	139	1347	22	3.0	29.0	15.0	22	3.0	29.0	15.0	568	0	0.031247854232788086	14000	6.21832537651062	10480	25.14285714285714	
4.36853932584273e+16	22.0	3.0	29.0	15.0	2.2868615606190237	140	1358	22	3.0	29.0	15.0	22	3.0	29.0	15.0	569	0	0.031247615814208984	14100	6.249572992324829	10556	25.134751773049643	
4.6044031234720834e+38	22.0	3.0	29.0	15.0	2.2868615606190237	141	1373	22	3.0	29.0	15.0	22	3.0	29.0	15.0	570	0	0.031247377395629883	14200	6.280820369720459	10628	25.154929577464785	
1.037973359118734e+19	22.0	3.0	29.0	15.0	2.2868615606190237	142	1380	22	3.0	29.0	15.0	22	3.0	29.0	15.0	572	0	0.015624523162841797	14300	6.296444892883301	10707	25.12587412587412	
1.4747791365931038e+38	22.0	3.0	29.0	15.0	2.2868615606190237	143	1391	22	3.0	29.0	15.0	22	3.0	29.0	15.0	575	0	0.015623092651367188	14400	6.312067985534668	10779	25.14583333333333	
5.064048051629923e+27	22.0	3.0	29.0	15.0	2.2868615606190237	144	1400	22	3.0	29.0	15.0	22	3.0	29.0	15.0	580	0	0.03124833106994629	14500	6.343316316604614	10853	25.151724137931026	
4.613799087543701e+38	22.0	3.0	29.0	15.0	2.2868615606190237	145	1412	22	3.0	29.0	15.0	22	3.0	29.0	15.0	585	0	0.031247615814208984	14600	6.374563932418823	10919	25.212328767123296	
3.5253350033862207e+42	22.0	3.0	29.0	15.0	2.2868615606190237	146	1424	22	3.0	29.0	15.0	22	3.0	29.0	15.0	587	0	0.04687166213989258	14700	6.421435594558716	10996	25.197278911564624	
367216991.99771994	22.0	3.0	29.0	15.0	2.2868615606190237	147	1430	22	3.0	29.0	15.0	22	3.0	29.0	15.0	589	0	0.0312502384185791	14800	6.452685832977295	11068	25.21621621621621	
380487811074.70746	22.0	3.0	29.0	15.0	2.2868615606190237	148	1440	22	3.0	29.0	15.0	22	3.0	29.0	15.0	591	0	0.031247854232788086	14900	6.483933687210083	11143	25.214765100671144	
5624132.446344032	22.0	3.0	29.0	15.0	2.2868615606190237	149	1448	22	3.0	29.0	15.0	22	3.0	29.0	15.0	595	0	0.031247854232788086	15000	6.515181541442871	11220	25.200000000000003	
1134.8514831262091	22.0	3.0	29.0	15.0	2.2868615606190237	150	1461	22	3.0	29.0	15.0	22	3.0	29.0	15.0	596	0	0.031248092651367188	15100	6.546429634094238	11296	25.192052980132445	
1.7641468607188637e+27	22.0	3.0	29.0	15.0	2.2868615606190237	151	1472	22	3.0	29.0	15.0	22	3.0	29.0	15.0	600	0	0.046871185302734375	15200	6.593300819396973	11358	25.276315789473685	
4975810312236851.0	22.0	3.0	29.0	15.0	2.2868615606190237	152	1488	22	3.0	29.0	15.0	22	3.0	29.0	15.0	605	0	0.015622615814208984	15300	6.608923435211182	11422	25.346405228758172	
1.1701733995241383e+38	22.0	3.0	29.0	15.0	2.2868615606190237	153	1497	22	3.0	29.0	15.0	22	3.0	29.0	15.0	610	0	0.015623331069946289	15400	6.624546766281128	11488	25.402597402597408	
1.1311676729300496e+30	22.0	3.0	29.0	15.0	2.2868615606190237	154	1506	22	3.0	29.0	15.0	22	3.0	29.0	15.0	612	0	0.031247615814208984	15500	6.655794382095337	11565	25.38709677419355	
2.3046049318863953e+25	22.0	3.0	29.0	15.0	2.2868615606190237	155	1518	22	3.0	29.0	15.0	22	3.0	29.0	15.0	617	0	0.031249284744262695	15600	6.6870436668396	11637	25.40384615384616	
1.3125473418290902e+25	22.0	3.0	29.0	15.0	2.2868615606190237	156	1526	22	3.0	29.0	15.0	22	3.0	29.0	15.0	617	0	0.031246185302734375	15700	6.718289852142334	11716	25.375796178343947	
3326605686.337202	22.0	3.0	29.0	15.0	2.2868615606190237	157	1542	22	3.0	29.0	15.0	22	3.0	29.0	15.0	617	0	0.0312502384185791	15800	6.749540090560913	11789	25.386075949367097	
1849135.7596583143	22.0	3.0	29.0	15.0	2.2868615606190237	158	1550	22	3.0	29.0	15.0	22	3.0	29.0	15.0	618	0	0.04686999320983887	15900	6.796410083770752	11865	25.37735849056604	
653660038.2622328	22.0	3.0	29.0	15.0	2.2868615606190237	159	1557	22	3.0	29.0	15.0	22	3.0	29.0	15.0	621	0	0.015623331069946289	16000	6.812033414840698	11945	25.34375	
1.545652043582118e+30	22.0	3.0	29.0	15.0	2.2868615606190237	160	1565	22	3.0	29.0	15.0	22	3.0	29.0	15.0	629	0	0.015624284744262695	16100	6.827657699584961	12016	25.366459627329192	
616.2619026552364	22.0	3.0	29.0	15.0	2.2868615606190237	161	1570	22	3.0	29.0	15.0	22	3.0	29.0	15.0	634	0	0.03124856948852539	16200	6.858906269073486	12095	25.339506172839506	
245.893662006643	22.0	3.0	29.0	15.0	2.2868615606190237	162	1581	22	3.0	29.0	15.0	22	3.0	29.0	15.0	635	0	0.031247377395629883	16300	6.890153646469116	12167	25.355828220858896	
584825074.3977495	22.0	3.0	29.0	15.0	2.2868615606190237	163	1589	22	3.0	29.0	15.0	22	3.0	29.0	15.0	638	0	0.04687166213989258	16400	6.937025308609009	12243	25.347560975609753	
3.394543790344829e+32	22.0	3.0	29.0	15.0	2.2868615606190237	164	1600	22	3.0	29.0	15.0	22	3.0	29.0	15.0	641	0	0.031249284744262695	16500	6.9682745933532715	12315	25.36363636363636	
7.859428571429726e+20	22.0	3.0	29.0	15.0	2.2868615606190237	165	1613	22	3.0	29.0	15.0	22	3.0	29.0	15.0	645	0	0.03124713897705078	16600	6.999521732330322	12384	25.397590361445793	
6953424.369515853	22.0	3.0	29.0	15.0	2.2868615606190237	166	1625	22	3.0	29.0	15.0	22	3.0	29.0	15.0	651	0	0.031247615814208984	16700	7.030769348144531	12453	25.431137724550894	
179603571495118.78	22.0	3.0	29.0	15.0	2.2868615606190237	167	1641	22	3.0	29.0	15.0	22	3.0	29.0	15.0	652	0	0.031247615814208984	16800	7.06201696395874	12520	25.47619047619048	
467.1722592946929	22.0	3.0	29.0	15.0	2.2868615606190237	168	1649	22	3.0	29.0	15.0	22	3.0	29.0	15.0	656	0	0.03124713897705078	16900	7.093264102935791	12580	25.562130177514803	
548095546.6479799	22.0	3.0	29.0	15.0	2.2868615606190237	169	1659	22	3.0	29.0	15.0	22	3.0	29.0	15.0	658	0	0.03124833106994629	17000	7.124512434005737	12653	25.570588235294125	
284.6638248866435	22.0	3.0	29.0	15.0	2.2868615606190237	170	1671	22	3.0	29.0	15.0	22	3.0	29.0	15.0	659	0	0.03125715255737305	17100	7.15576958656311	12724	25.590643274853804	
60904.91132717856	22.0	3.0	29.0	15.0	2.2868615606190237	171	1682	22	3.0	29.0	15.0	22	3.0	29.0	15.0	661	0	0.015617132186889648	17200	7.17138671875	12798	25.593023255813947	
2.4549270380672335e+21	22.0	3.0	29.0	15.0	2.2868615606190237	172	1691	22	3.0	29.0	15.0	22	3.0	29.0	15.0	663	0	0.015621185302734375	17300	7.187007904052734	12874	25.58381502890174	
5880895.852417189	22.0	3.0	29.0	15.0	2.2868615606190237	173	1706	22	3.0	29.0	15.0	22	3.0	29.0	15.0	666	0	0.03124833106994629	17400	7.218256235122681	12937	25.649425287356323	
2.9823562330134034e+38	22.0	3.0	29.0	15.0	2.2868615606190237	174	1715	22	3.0	29.0	15.0	22	3.0	29.0	15.0	670	0	0.031248807907104492	17500	7.249505043029785	13014	25.63428571428571	
3.260205275101643e+38	22.0	3.0	29.0	15.0	2.2868615606190237	175	1721	22	3.0	29.0	15.0	22	3.0	29.0	15.0	670	0	0.031249284744262695	17600	7.280754327774048	13093	25.607954545454547	
1008140300559.7203	22.0	3.0	29.0	15.0	2.2868615606190237	176	1734	22	3.0	29.0	15.0	22	3.0	29.0	15.0	672	0	0.03124690055847168	17700	7.3120012283325195	13164	25.627118644067792	
1.1088702439024395e+28	22.0	3.0	29.0	15.0	2.2868615606190237	177	1742	22	3.0	29.0	15.0	22	3.0	29.0	15.0	675	0	0.03124690055847168	17800	7.343248128890991	13244	25.595505617977537	
2.417097029285715e+31	22.0	3.0	29.0	15.0	2.2868615606190237	178	1755	22	3.0	29.0	15.0	22	3.0	29.0	15.0	679	0	0.031247377395629883	17900	7.374495506286621	13313	25.625698324022352	
687.346092024006	22.0	3.0	29.0	15.0	2.2868615606190237	179	1766	22	3.0	29.0	15.0	22	3.0	29.0	15.0	684	0	0.03124856948852539	18000	7.4057440757751465	13383	25.64999999999999	
42719971.37486371	22.0	3.0	29.0	15.0	2.2868615606190237	180	1777	22	3.0	29.0	15.0	22	3.0	29.0	15.0	687	0	0.04687070846557617	18100	7.452614784240723	13449	25.69613259668509	
5.556489033882573e+33	22.0	3.0	29.0	15.0	2.2868615606190237	181	1786	22	3.0	29.0	15.0	22	3.0	29.0	15.0	689	0	0.031248092651367188	18200	7.48386287689209	13523	25.697802197802204	
618763204.2613646	22.0	3.0	29.0	15.0	2.2868615606190237	182	1797	22	3.0	29.0	15.0	22	3.0	29.0	15.0	692	0	0.031247377395629883	18300	7.51511025428772	13600	25.683060109289613	
62213.655320628015	22.0	3.0	29.0	15.0	2.2868615606190237	183	1807	22	3.0	29.0	15.0	22	3.0	29.0	15.0	694	0	0.015624523162841797	18400	7.5307347774505615	13672	25.695652173913047	
9.6000097301505e+22	22.0	3.0	29.0	15.0	2.2868615606190237	184	1812	22	3.0	29.0	15.0	22	3.0	29.0	15.0	696	0	0.015624523162841797	18500	7.546359300613403	13750	25.675675675675677	
7.32738461538462e+17	22.0	3.0	29.0	15.0	2.2868615606190237	185	1820	22	3.0	29.0	15.0	22	3.0	29.0	15.0	698	0	0.015624046325683594	18600	7.561983346939087	13816	25.72043010752688	
2.4157302869008327e+28	22.0	3.0	29.0	15.0	2.2868615606190232	186	1830	22	3.0	29.0	15.0	22	3.0	29.0	15.0	701	0	0.031248092651367188	18700	7.593231439590454	13884	25.754010695187162	
628726644.6843092	22.0	3.0	29.0	15.0	2.2868615606190232	187	1838	22	3.0	29.0	15.0	22	3.0	29.0	15.0	704	0	0.031247615814208984	18800	7.624479055404663	13960	25.744680851063833	
2.561256207757861e+27	22.0	3.0	29.0	15.0	2.2868615606190232	188	1852	22	3.0	29.0	15.0	22	3.0	29.0	15.0	708	0	0.046871185302734375	18900	7.6713502407073975	14027	25.783068783068785	
6.471226871678654e+38	22.0	3.0	29.0	15.0	2.2868615606190232	189	1856	22	3.0	29.0	15.0	22	3.0	29.0	15.0	710	0	0.031247854232788086	19000	7.7025980949401855	14105	25.76315789473685	
6.371954131794451e+18	22.0	3.0	29.0	15.0	2.2868615606190232	190	1865	22	3.0	29.0	15.0	22	3.0	29.0	15.0	713	0	0.01562356948852539	19100	7.718221664428711	14180	25.759162303664922	
7.953913043779698e+17	22.0	3.0	29.0	15.0	2.2868615606190232	191	1874	22	3.0	29.0	15.0	22	3.0	29.0	15.0	713	0	0.031247615814208984	19200	7.74946928024292	14260	25.72916666666667	
9.461217319813691e+26	22.0	3.0	29.0	15.0	2.2868615606190232	192	1884	22	3.0	29.0	15.0	22	3.0	29.0	15.0	715	0	0.031247854232788086	19300	7.780717134475708	14333	25.735751295336783	
351.96537603336884	22.0	3.0	29.0	15.0	2.2868615606190232	193	1891	22	3.0	29.0	15.0	22	3.0	29.0	15.0	718	0	0.031249046325683594	19400	7.811966180801392	14411	25.716494845360828	
2.531253658536596e+26	22.0	3.0	29.0	15.0	2.2868615606190232	194	1898	22	3.0	29.0	15.0	22	3.0	29.0	15.0	722	0	0.031247854232788086	19500	7.84321403503418	14481	25.73846153846155	
54945065501.4217	22.0	3.0	29.0	15.0	2.2868615606190232	195	1906	22	3.0	29.0	15.0	22	3.0	29.0	15.0	724	0	0.031246423721313477	19600	7.874460458755493	14556	25.734693877551024	
2245857.9997593677	22.0	3.0	29.0	15.0	2.2868615606190232	196	1916	22	3.0	29.0	15.0	22	3.0	29.0	15.0	728	0	0.03124833106994629	19700	7.9057087898254395	14628	25.746192893401016	
1.204715956906728e+22	22.0	3.0	29.0	15.0	2.2868615606190232	197	1926	22	3.0	29.0	15.0	22	3.0	29.0	15.0	729	0	0.04687333106994629	19800	7.952582120895386	14704	25.73737373737373	
7.011917453448731e+27	22.0	3.0	29.0	15.0	2.2868615606190232	198	1934	22	3.0	29.0	15.0	22	3.0	29.0	15.0	729	0	0.031247377395629883	19900	7.983829498291016	14783	25.71356783919599	
10787319149557.406	22.0	3.0	29.0	15.0	2.2868615606190232	199	1940	22	3.0	29.0	15.0	22	3.0	29.0	15.0	730	0	0.03124713897705078	20000	8.015076637268066	14863	25.685000000000002	
1.8604090653514306e+26	22.0	3.0	29.0	15.0	2.2868615606190232	200	1956	22	3.0	29.0	15.0	22	3.0	29.0	15.0	731	0	0.03124713897705078	20100	8.046323776245117	14934	25.701492537313428	
2.7790612672803182e+31	22.0	3.0	29.0	15.0	2.2868615606190232	201	1973	22	3.0	29.0	15.0	22	3.0	29.0	15.0	732	0	0.031249523162841797	20200	8.077573299407959	15001	25.737623762376245	
120806.51603149321	22.0	3.0	29.0	15.0	2.2868615606190232	202	1983	22	3.0	29.0	15.0	22	3.0	29.0	15.0	734	0	0.031247854232788086	20300	8.108821153640747	15080	25.714285714285708	
1030.085339793507	22.0	3.0	29.0	15.0	2.2868615606190232	203	1995	22	3.0	29.0	15.0	22	3.0	29.0	15.0	737	0	0.03124690055847168	20400	8.140068054199219	15154	25.715686274509807	
573105.2631003988	22.0	3.0	29.0	15.0	2.2868615606190232	204	2005	22	3.0	29.0	15.0	22	3.0	29.0	15.0	741	0	0.031247377395629883	20500	8.171315431594849	15228	25.71707317073171	
425.37260777291334	22.0	3.0	29.0	15.0	2.2868615606190232	205	2018	22	3.0	29.0	15.0	22	3.0	29.0	15.0	744	0	0.031248807907104492	20600	8.202564239501953	15298	25.737864077669897	
4.121290428915185e+16	22.0	3.0	29.0	15.0	2.2868615606190232	206	2024	22	3.0	29.0	15.0	22	3.0	29.0	15.0	746	0	0.031247377395629883	20700	8.233811616897583	15375	25.72463768115942	
572927482323672.5	22.0	3.0	29.0	15.0	2.2868615606190232	207	2039	22	3.0	29.0	15.0	22	3.0	29.0	15.0	750	0	0.03124713897705078	20800	8.265058755874634	15441	25.76442307692308	
295.0567956068158	22.0	3.0	29.0	15.0	2.2868615606190232	208	2049	22	3.0	29.0	15.0	22	3.0	29.0	15.0	755	0	0.031248092651367188	20900	8.296306848526001	15504	25.818181818181813	
544554.8023765115	22.0	3.0	29.0	15.0	2.2868615606190232	209	2059	22	3.0	29.0	15.0	22	3.0	29.0	15.0	756	0	0.046872854232788086	21000	8.343179702758789	15578	25.819047619047623	
45882604.929067224	22.0	3.0	29.0	15.0	2.2868615606190232	210	2065	22	3.0	29.0	15.0	22	3.0	29.0	15.0	758	0	0.015622615814208984	21100	8.358802318572998	15654	25.810426540284354	
638.600460867709	22.0	3.0	29.0	15.0	2.2868615606190232	211	2077	22	3.0	29.0	15.0	22	3.0	29.0	15.0	760	0	0.031248092651367188	21200	8.390050411224365	15724	25.830188679245282	
522.771812379874	22.0	3.0	29.0	15.0	2.2868615606190232	212	2088	22	3.0	29.0	15.0	22	3.0	29.0	15.0	763	0	0.015623807907104492	21300	8.40567421913147	15794	25.849765258215967	
377850353.34184605	22.0	3.0	29.0	15.0	2.2868615606190232	213	2096	22	3.0	29.0	15.0	22	3.0	29.0	15.0	764	0	0.031247854232788086	21400	8.436922073364258	15869	25.845794392523374	
1824000055779179.5	22.0	3.0	29.0	15.0	2.2868615606190232	214	2101	22	3.0	29.0	15.0	22	3.0	29.0	15.0	765	0	0.015624046325683594	21500	8.452546119689941	15950	25.813953488372093	
1.0943132531073638e+16	22.0	3.0	29.0	15.0	2.2868615606190232	215	2116	22	3.0	29.0	15.0	22	3.0	29.0	15.0	768	0	0.015624046325683594	21600	8.468170166015625	16017	25.84722222222223	
714329125903.3386	22.0	3.0	29.0	15.0	2.2868615606190232	216	2128	22	3.0	29.0	15.0	22	3.0	29.0	15.0	770	0	0.031247854232788086	21700	8.499418020248413	16089	25.85714285714286	
1.4785150380218185e+46	22.0	3.0	29.0	15.0	2.2868615606190232	217	2139	22	3.0	29.0	15.0	22	3.0	29.0	15.0	772	0	0.031247854232788086	21800	8.530665874481201	16167	25.839449541284395	
5.723133907709519e+20	22.0	3.0	29.0	15.0	2.2868615606190232	218	2151	22	3.0	29.0	15.0	22	3.0	29.0	15.0	772	0	0.031247615814208984	21900	8.56191349029541	16241	25.84018264840182	
6.877931419093878e+16	22.0	3.0	29.0	15.0	2.2868615606190232	219	2157	22	3.0	29.0	15.0	22	3.0	29.0	15.0	772	0	0.015624761581420898	22000	8.577538251876831	16323	25.804545454545462	
4805714348330312.0	22.0	3.0	29.0	15.0	2.2868615606190232	220	2172	22	3.0	29.0	15.0	22	3.0	29.0	15.0	774	0	0.03124690055847168	22100	8.608785152435303	16390	25.83710407239819	
4630583131.683608	22.0	3.0	29.0	15.0	2.2868615606190232	221	2177	22	3.0	29.0	15.0	22	3.0	29.0	15.0	776	0	0.031248092651367188	22200	8.64003324508667	16473	25.79729729729729	
3.7961340893277175e+40	22.0	3.0	29.0	15.0	2.2868615606190232	222	2185	22	3.0	29.0	15.0	22	3.0	29.0	15.0	778	0	0.04687166213989258	22300	8.686904907226562	16553	25.771300448430495	
688.492445287501	22.0	3.0	29.0	15.0	2.2868615606190232	223	2194	22	3.0	29.0	15.0	22	3.0	29.0	15.0	783	0	0.031247377395629883	22400	8.718152284622192	16625	25.78125	
8.177674880534068e+24	22.0	3.0	29.0	15.0	2.2868615606190232	224	2199	22	3.0	29.0	15.0	22	3.0	29.0	15.0	785	0	0.03125786781311035	22500	8.749410152435303	16710	25.733333333333334	
2001.0463364595435	22.0	3.0	29.0	15.0	2.2868615606190232	225	2212	22	3.0	29.0	15.0	22	3.0	29.0	15.0	788	0	0.031247615814208984	22600	8.780657768249512	16780	25.75221238938053	
8.71004651162816e+16	22.0	3.0	29.0	15.0	2.2868615606190232	226	2225	22	3.0	29.0	15.0	22	3.0	29.0	15.0	790	0	0.031240463256835938	22700	8.811898231506348	16849	25.775330396475766	
530223219.8714069	22.0	3.0	29.0	15.0	2.2868615606190232	227	2231	22	3.0	29.0	15.0	22	3.0	29.0	15.0	793	0	0.031247615814208984	22800	8.843145847320557	16926	25.76315789473685	
1.0233544004552127e+38	22.0	3.0	29.0	15.0	2.2868615606190232	228	2239	22	3.0	29.0	15.0	22	3.0	29.0	15.0	797	0	0.04687023162841797	22900	8.890016078948975	17005	25.74235807860262	
4.1694490893997996e+36	22.0	3.0	29.0	15.0	2.2868615606190232	229	2249	22	3.0	29.0	15.0	22	3.0	29.0	15.0	798	0	0.031248092651367188	23000	8.921264171600342	17079	25.743478260869566	
7.849853594828058e+21	22.0	3.0	29.0	15.0	2.2868615606190232	230	2258	22	3.0	29.0	15.0	22	3.0	29.0	15.0	801	0	0.03125190734863281	23100	8.952516078948975	17158	25.722943722943725	
338.07378451469407	22.0	3.0	29.0	15.0	2.2868615606190232	231	2269	22	3.0	29.0	15.0	22	3.0	29.0	15.0	804	0	0.031244516372680664	23200	8.983760595321655	17226	25.75	
4720588423077340.0	22.0	3.0	29.0	15.0	2.2868615606190232	232	2277	22	3.0	29.0	15.0	22	3.0	29.0	15.0	808	0	0.03124713897705078	23300	9.015007734298706	17297	25.763948497854074	
6404.0570800586875	22.0	3.0	29.0	15.0	2.2868615606190232	233	2284	22	3.0	29.0	15.0	22	3.0	29.0	15.0	810	0	0.04687142372131348	23400	9.06187915802002	17372	25.76068376068376	
1044151059574.6418	22.0	3.0	29.0	15.0	2.2868615606190232	234	2293	22	3.0	29.0	15.0	22	3.0	29.0	15.0	813	0	0.031247854232788086	23500	9.093127012252808	17453	25.73191489361703	
4.9143529480631336e+16	22.0	3.0	29.0	15.0	2.2868615606190232	235	2305	22	3.0	29.0	15.0	22	3.0	29.0	15.0	817	0	0.015624284744262695	23600	9.10875129699707	17525	25.741525423728817	
1.1489066666666715e+24	22.0	3.0	29.0	15.0	2.2868615606190232	236	2315	22	3.0	29.0	15.0	22	3.0	29.0	15.0	818	0	0.04687190055847168	23700	9.155623197555542	17602	25.729957805907176	
11220489.864043688	22.0	3.0	29.0	15.0	2.2868615606190232	237	2327	22	3.0	29.0	15.0	22	3.0	29.0	15.0	820	0	0.031249284744262695	23800	9.186872482299805	17674	25.739495798319325	
4.44444895433371e+17	22.0	3.0	29.0	15.0	2.2868615606190232	238	2332	22	3.0	29.0	15.0	22	3.0	29.0	15.0	822	0	0.031247377395629883	23900	9.218119859695435	17754	25.71548117154812	
3.78595939283861e+25	22.0	3.0	29.0	15.0	2.2868615606190232	239	2338	22	3.0	29.0	15.0	22	3.0	29.0	15.0	823	0	0.031247615814208984	24000	9.249367475509644	17831	25.704166666666666	
323.20044910938145	22.0	3.0	29.0	15.0	2.2868615606190232	240	2347	22	3.0	29.0	15.0	22	3.0	29.0	15.0	824	0	0.046872854232788086	24100	9.296240329742432	17909	25.68879668049793	
2.43553054945058e+16	22.0	3.0	29.0	15.0	2.2868615606190232	241	2353	22	3.0	29.0	15.0	22	3.0	29.0	15.0	828	0	0.031245708465576172	24200	9.327486038208008	17985	25.681818181818187	
5142281.756965961	22.0	3.0	29.0	15.0	2.2868615606190232	242	2357	22	3.0	29.0	15.0	22	3.0	29.0	15.0	830	0	0.015624284744262695	24300	9.34311032295227	18055	25.699588477366248	
5617978565957262.0	22.0	3.0	29.0	15.0	2.2868615606190232	243	2369	22	3.0	29.0	15.0	22	3.0	29.0	15.0	830	0	0.015633583068847656	24400	9.358743906021118	18131	25.692622950819683	
285972.2182681819	22.0	3.0	29.0	15.0	2.2868615606190232	244	2379	22	3.0	29.0	15.0	22	3.0	29.0	15.0	832	0	0.03123760223388672	24500	9.389981508255005	18208	25.68163265306123	
9.860762298822473e+33	22.0	3.0	29.0	15.0	2.2868615606190232	245	2388	22	3.0	29.0	15.0	22	3.0	29.0	15.0	835	0	0.01563405990600586	24600	9.40561556816101	18283	25.678861788617894	
5.894826674514071e+27	22.0	3.0	29.0	15.0	2.2868615606190232	246	2404	22	3.0	29.0	15.0	22	3.0	29.0	15.0	836	0	0.01561427116394043	24700	9.421229839324951	18355	25.688259109311744	
2.077010659604306e+26	22.0	3.0	29.0	15.0	2.2868615606190232	247	2423	22	3.0	29.0	15.0	22	3.0	29.0	15.0	840	0	0.031247854232788086	24800	9.45247769355774	18411	25.762096774193537	
5305662.299221757	22.0	3.0	29.0	15.0	2.2868615606190232	248	2431	22	3.0	29.0	15.0	22	3.0	29.0	15.0	841	0	0.031247854232788086	24900	9.483725547790527	18491	25.738955823293168	
49613338856969.87	22.0	3.0	29.0	15.0	2.2868615606190232	249	2441	22	3.0	29.0	15.0	22	3.0	29.0	15.0	842	0	0.03124833106994629	25000	9.514973878860474	18568	25.727999999999994	
2.094369285230353e+22	22.0	3.0	29.0	15.0	2.2868615606190232	250	2447	22	3.0	29.0	15.0	22	3.0	29.0	15.0	847	0	0.031249046325683594	25100	9.546222925186157	18645	25.71713147410358	
5.461056390523609e+37	22.0	3.0	29.0	15.0	2.2868615606190232	251	2452	22	3.0	29.0	15.0	22	3.0	29.0	15.0	851	0	0.01562190055847168	25200	9.561844825744629	18714	25.73809523809524	
568701713.2439833	22.0	3.0	29.0	15.0	2.2868615606190232	252	2463	22	3.0	29.0	15.0	22	3.0	29.0	15.0	854	0	0.031247854232788086	25300	9.593092679977417	18783	25.758893280632407	
4404354.359599946	22.0	3.0	29.0	15.0	2.2868615606190232	253	2473	22	3.0	29.0	15.0	22	3.0	29.0	15.0	857	0	0.031248092651367188	25400	9.624340772628784	18856	25.763779527559052	
1.735274685821024e+29	22.0	3.0	29.0	15.0	2.2868615606190232	254	2488	22	3.0	29.0	15.0	22	3.0	29.0	15.0	857	0	0.03124833106994629	25500	9.65558910369873	18926	25.780392156862746	
9452745.740375187	22.0	3.0	29.0	15.0	2.2868615606190232	255	2497	22	3.0	29.0	15.0	22	3.0	29.0	15.0	860	0	0.015624284744262695	25600	9.671213388442993	18996	25.796875	
88656491.26785286	22.0	3.0	29.0	15.0	2.2868615606190232	256	2513	22	3.0	29.0	15.0	22	3.0	29.0	15.0	861	0	0.031247377395629883	25700	9.702460765838623	19068	25.80544747081713	
1.016867163986879e+22	22.0	3.0	29.0	15.0	2.2868615606190232	257	2519	22	3.0	29.0	15.0	22	3.0	29.0	15.0	862	0	0.015623807907104492	25800	9.718084573745728	19142	25.8062015503876	
311.61966927259476	22.0	3.0	29.0	15.0	2.2868615606190232	258	2530	22	3.0	29.0	15.0	22	3.0	29.0	15.0	862	0	0.015623807907104492	25900	9.733708381652832	19221	25.787644787644794	
5.855217391304415e+19	22.0	3.0	29.0	15.0	2.2868615606190232	259	2538	22	3.0	29.0	15.0	22	3.0	29.0	15.0	863	0	0.031249046325683594	26000	9.764957427978516	19293	25.796153846153842	
387.62174382857825	22.0	3.0	29.0	15.0	2.2868615606190232	260	2547	22	3.0	29.0	15.0	22	3.0	29.0	15.0	864	0	0.031247377395629883	26100	9.796204805374146	19364	25.808429118773944	
657394988.3078198	22.0	3.0	29.0	15.0	2.2868615606190232	261	2560	22	3.0	29.0	15.0	22	3.0	29.0	15.0	864	0	0.01562356948852539	26200	9.811828374862671	19436	25.81679389312977	
5.489318062259308e+21	22.0	3.0	29.0	15.0	2.2868615606190232	262	2565	22	3.0	29.0	15.0	22	3.0	29.0	15.0	865	0	0.031247615814208984	26300	9.84307599067688	19513	25.806083650190118	
5.36303159387408e+28	22.0	3.0	29.0	15.0	2.2868615606190232	263	2578	22	3.0	29.0	15.0	22	3.0	29.0	15.0	867	0	0.031248092651367188	26400	9.874324083328247	19586	25.810606060606062	
6.27178270735996e+21	22.0	3.0	29.0	15.0	2.2868615606190232	264	2592	22	3.0	29.0	15.0	22	3.0	29.0	15.0	870	0	0.031247377395629883	26500	9.905571460723877	19663	25.799999999999997	
424178574.535854	22.0	3.0	29.0	15.0	2.2868615606190232	265	2601	22	3.0	29.0	15.0	22	3.0	29.0	15.0	870	0	0.046872615814208984	26600	9.952444076538086	19746	25.766917293233078	
6.720094218750003e+29	22.0	3.0	29.0	15.0	2.2868615606190232	266	2613	22	3.0	29.0	15.0	22	3.0	29.0	15.0	871	0	0.031248807907104492	26700	9.98369288444519	19825	25.749063670411985	
5.952578893137895e+30	22.0	3.0	29.0	15.0	2.2868615606190232	267	2624	22	3.0	29.0	15.0	22	3.0	29.0	15.0	873	0	0.031247377395629883	26800	10.01494026184082	19898	25.753731343283576	
4242288.979038172	22.0	3.0	29.0	15.0	2.2868615606190232	268	2629	22	3.0	29.0	15.0	22	3.0	29.0	15.0	877	0	0.03124713897705078	26900	10.046187400817871	19972	25.754646840148695	
4.695652173913049e+17	22.0	3.0	29.0	15.0	2.2868615606190232	269	2637	22	3.0	29.0	15.0	22	3.0	29.0	15.0	878	0	0.031247615814208984	27000	10.07743501663208	20049	25.744444444444454	
4.9794667748157323e+30	22.0	3.0	29.0	15.0	2.2868615606190232	270	2647	22	3.0	29.0	15.0	22	3.0	29.0	15.0	880	0	0.031248092651367188	27100	10.108683109283447	20129	25.723247232472318	
9.555470631432403e+16	22.0	3.0	29.0	15.0	2.2868615606190232	271	2657	22	3.0	29.0	15.0	22	3.0	29.0	15.0	883	0	0.04687166213989258	27200	10.15555477142334	20205	25.716911764705884	
1.2168554722516923e+18	22.0	3.0	29.0	15.0	2.2868615606190232	272	2669	22	3.0	29.0	15.0	22	3.0	29.0	15.0	883	0	0.031247854232788086	27300	10.186802625656128	20283	25.7032967032967	
25840114.023189366	22.0	3.0	29.0	15.0	2.2868615606190232	273	2679	22	3.0	29.0	15.0	22	3.0	29.0	15.0	884	0	0.031247854232788086	27400	10.218050479888916	20355	25.71167883211679	
466.6775115204509	22.0	3.0	29.0	15.0	2.2868615606190232	274	2686	22	3.0	29.0	15.0	22	3.0	29.0	15.0	889	0	0.031247854232788086	27500	10.249298334121704	20436	25.687272727272727	
1231452.7092344519	22.0	3.0	29.0	15.0	2.2868615606190232	275	2700	22	3.0	29.0	15.0	22	3.0	29.0	15.0	893	0	0.031247854232788086	27600	10.280546188354492	20504	25.71014492753622	
3.395189818877813e+35	22.0	3.0	29.0	15.0	2.2868615606190232	276	2707	22	3.0	29.0	15.0	22	3.0	29.0	15.0	893	0	0.031247854232788086	27700	10.31179404258728	20580	25.70397111913357	
110404534.69982997	22.0	3.0	29.0	15.0	2.2868615606190232	277	2720	22	3.0	29.0	15.0	22	3.0	29.0	15.0	895	0	0.031247854232788086	27800	10.343041896820068	20641	25.75179856115109	
3.755309673883256e+27	22.0	3.0	29.0	15.0	2.2868615606190232	278	2729	22	3.0	29.0	15.0	22	3.0	29.0	15.0	898	0	0.031248807907104492	27900	10.374290704727173	20716	25.749103942652326	
314318.5134844571	22.0	3.0	29.0	15.0	2.2868615606190232	279	2739	22	3.0	29.0	15.0	22	3.0	29.0	15.0	901	0	0.03124690055847168	28000	10.405537605285645	20789	25.753571428571433	
490751.5954321252	22.0	3.0	29.0	15.0	2.2868615606190232	280	2751	22	3.0	29.0	15.0	22	3.0	29.0	15.0	902	0	0.031247615814208984	28100	10.436785221099854	20859	25.768683274021356	
666667022.9018794	22.0	3.0	29.0	15.0	2.2868615606190232	281	2762	22	3.0	29.0	15.0	22	3.0	29.0	15.0	902	0	0.015624046325683594	28200	10.452409267425537	20934	25.765957446808514	
4288.171331401698	22.0	3.0	29.0	15.0	2.2868615606190232	282	2771	22	3.0	29.0	15.0	22	3.0	29.0	15.0	902	0	0.03124833106994629	28300	10.483657598495483	21007	25.770318021201405	
1.552576185815733e+26	22.0	3.0	29.0	15.0	2.2868615606190232	283	2782	22	3.0	29.0	15.0	22	3.0	29.0	15.0	903	0	0.03124713897705078	28400	10.514904737472534	21076	25.788732394366193	
44283748267.05858	22.0	3.0	29.0	15.0	2.2868615606190232	284	2800	22	3.0	29.0	15.0	22	3.0	29.0	15.0	906	0	0.03124833106994629	28500	10.54615306854248	21141	25.82105263157895	
9543232749.150517	22.0	3.0	29.0	15.0	2.2868615606190232	285	2807	22	3.0	29.0	15.0	22	3.0	29.0	15.0	907	0	0.01562356948852539	28600	10.561776638031006	21219	25.807692307692307	
308.78045508066674	22.0	3.0	29.0	15.0	2.2868615606190232	286	2815	22	3.0	29.0	15.0	22	3.0	29.0	15.0	910	0	0.03124833106994629	28700	10.593024969100952	21290	25.818815331010455	
214420126.0284662	22.0	3.0	29.0	15.0	2.2868615606190232	287	2822	22	3.0	29.0	15.0	22	3.0	29.0	15.0	913	0	0.031247854232788086	28800	10.62427282333374	21367	25.809027777777786	
1.6865981086956528e+34	22.0	3.0	29.0	15.0	2.2868615606190232	288	2827	22	3.0	29.0	15.0	22	3.0	29.0	15.0	917	0	0.031247854232788086	28900	10.655520677566528	21443	25.80276816608996	
1.4712677297349413e+28	22.0	3.0	29.0	15.0	2.2868615606190232	289	2844	22	3.0	29.0	15.0	22	3.0	29.0	15.0	918	0	0.031247615814208984	29000	10.686768293380737	21509	25.831034482758625	
7.709294290909162e+27	22.0	3.0	29.0	15.0	2.2868615606190232	290	2857	22	3.0	29.0	15.0	22	3.0	29.0	15.0	918	0	0.031248092651367188	29100	10.718016386032104	21578	25.848797250859107	
9524.2205212086	22.0	3.0	29.0	15.0	2.2868615606190232	291	2865	22	3.0	29.0	15.0	22	3.0	29.0	15.0	920	0	0.03124713897705078	29200	10.749263525009155	21645	25.873287671232887	
513.9455062374793	22.0	3.0	29.0	15.0	2.2868615606190232	292	2875	22	3.0	29.0	15.0	22	3.0	29.0	15.0	923	0	0.03124856948852539	29300	10.78051209449768	21716	25.883959044368595	
508679312.16571385	22.0	3.0	29.0	15.0	2.2868615606190232	293	2879	22	3.0	29.0	15.0	22	3.0	29.0	15.0	924	0	0.031247377395629883	29400	10.81175947189331	21795	25.867346938775512	
517644448.5293945	22.0	3.0	29.0	15.0	2.2868615606190232	294	2891	22	3.0	29.0	15.0	22	3.0	29.0	15.0	925	0	0.031247854232788086	29500	10.843007326126099	21867	25.87457627118644	
6562.009772457242	22.0	3.0	29.0	15.0	2.2868615606190232	295	2905	22	3.0	29.0	15.0	22	3.0	29.0	15.0	927	0	0.015624284744262695	29600	10.858631610870361	21940	25.878378378378372	
2.6579661280230867e+27	22.0	3.0	29.0	15.0	2.2868615606190232	296	2915	22	3.0	29.0	15.0	22	3.0	29.0	15.0	929	0	0.04687190055847168	29700	10.905503511428833	22015	25.875420875420872	
1.0657075961538465e+33	22.0	3.0	29.0	15.0	2.2868615606190232	297	2922	22	3.0	29.0	15.0	22	3.0	29.0	15.0	932	0	0.031247615814208984	29800	10.936751127243042	22083	25.895973154362423	
7431.401178358282	22.0	3.0	29.0	15.0	2.2868615606190232	298	2943	22	3.0	29.0	15.0	22	3.0	29.0	15.0	933	0	0.031248807907104492	29900	10.967999935150146	22149	25.92307692307692	
6263158.595031918	22.0	3.0	29.0	15.0	2.2868615606190232	299	2953	22	3.0	29.0	15.0	22	3.0	29.0	15.0	935	0	0.03124713897705078	30000	10.999247074127197	22223	25.923333333333332	
3364997.9370433777	22.0	3.0	29.0	15.0	2.2868615606190232	300	2964	22	3.0	29.0	15.0	22	3.0	29.0	15.0	938	0	0.031247854232788086	30100	11.030494928359985	22291	25.943521594684384	
730.3831893814141	22.0	3.0	29.0	15.0	2.2868615606190232	301	2980	22	3.0	29.0	15.0	22	3.0	29.0	15.0	942	0	0.015623807907104492	30200	11.04611873626709	22352	25.986754966887418	
5141186.786967708	22.0	3.0	29.0	15.0	2.2868615606190232	302	2988	22	3.0	29.0	15.0	22	3.0	29.0	15.0	945	0	0.03124833106994629	30300	11.077367067337036	22426	25.986798679867988	
164878052564123.84	22.0	3.0	29.0	15.0	2.2868615606190232	303	3000	22	3.0	29.0	15.0	22	3.0	29.0	15.0	946	0	0.031247854232788086	30400	11.108614921569824	22491	26.01644736842104	
62798242.01043215	22.0	3.0	29.0	15.0	2.2868615606190232	304	3012	22	3.0	29.0	15.0	22	3.0	29.0	15.0	948	0	0.015623331069946289	30500	11.12423825263977	22559	26.0360655737705	
8.545054945054998e+16	22.0	3.0	29.0	15.0	2.2868615606190232	305	3020	22	3.0	29.0	15.0	22	3.0	29.0	15.0	950	0	0.031248092651367188	30600	11.155486345291138	22630	26.045751633986924	
1.2144522517747016e+19	22.0	3.0	29.0	15.0	2.2868615606190232	306	3032	22	3.0	29.0	15.0	22	3.0	29.0	15.0	952	0	0.015624046325683594	30700	11.171110391616821	22700	26.0586319218241	
1.0885832078102926e+20	22.0	3.0	29.0	15.0	2.2868615606190232	307	3041	22	3.0	29.0	15.0	22	3.0	29.0	15.0	953	0	0.015624523162841797	30800	11.186734914779663	22778	26.045454545454547	
7159964888535398.0	22.0	3.0	29.0	15.0	2.2868615606190232	308	3050	22	3.0	29.0	15.0	22	3.0	29.0	15.0	956	0	0.031246662139892578	30900	11.217981576919556	22853	26.042071197411005	
6.443461303854547e+29	22.0	3.0	29.0	15.0	2.2868615606190232	309	3060	22	3.0	29.0	15.0	22	3.0	29.0	15.0	959	0	0.03124856948852539	31000	11.249230146408081	22925	26.048387096774192	
752754.644738482	22.0	3.0	29.0	15.0	2.2868615606190232	310	3070	22	3.0	29.0	15.0	22	3.0	29.0	15.0	963	0	0.031247615814208984	31100	11.28047776222229	22996	26.05787781350483	
35698896369.580414	22.0	3.0	29.0	15.0	2.2868615606190232	311	3080	22	3.0	29.0	15.0	22	3.0	29.0	15.0	966	0	0.015623807907104492	31200	11.296101570129395	23068	26.06410256410257	
359.88214652348785	22.0	3.0	29.0	15.0	2.2868615606190232	312	3090	22	3.0	29.0	15.0	22	3.0	29.0	15.0	968	0	0.04687213897705078	31300	11.342973709106445	23143	26.06070287539937	
31412852606.769806	22.0	3.0	29.0	15.0	2.2868615606190232	313	3098	22	3.0	29.0	15.0	22	3.0	29.0	15.0	969	0	0.03124690055847168	31400	11.374220609664917	23206	26.095541401273877	
12268090296367.273	22.0	3.0	29.0	15.0	2.2868615606190232	314	3103	22	3.0	29.0	15.0	22	3.0	29.0	15.0	971	0	0.031248807907104492	31500	11.405469417572021	23282	26.08888888888889	
6011036.946764159	22.0	3.0	29.0	15.0	2.2868615606190232	315	3113	22	3.0	29.0	15.0	22	3.0	29.0	15.0	972	0	0.031248807907104492	31600	11.436718225479126	23361	26.072784810126578	
471167962.7329705	22.0	3.0	29.0	15.0	2.2868615606190232	316	3128	22	3.0	29.0	15.0	22	3.0	29.0	15.0	973	0	0.031246423721313477	31700	11.46796464920044	23433	26.078864353312298	
548422.9756604282	22.0	3.0	29.0	15.0	2.2868615606190232	317	3138	22	3.0	29.0	15.0	22	3.0	29.0	15.0	975	0	0.031247854232788086	31800	11.499212503433228	23501	26.09748427672956	
5.810270025634383e+35	22.0	3.0	29.0	15.0	2.2868615606190232	318	3148	22	3.0	29.0	15.0	22	3.0	29.0	15.0	977	0	0.015624046325683594	31900	11.514836549758911	23566	26.125391849529777	
1576309.879706435	22.0	3.0	29.0	15.0	2.2868615606190232	319	3159	22	3.0	29.0	15.0	22	3.0	29.0	15.0	979	0	0.015624523162841797	32000	11.530461072921753	23634	26.143749999999997	
554325000.1773452	22.0	3.0	29.0	15.0	2.2868615606190232	320	3171	22	3.0	29.0	15.0	22	3.0	29.0	15.0	980	0	0.031247377395629883	32100	11.561708450317383	23706	26.149532710280383	
1219.693459379509	22.0	3.0	29.0	15.0	2.2868615606190232	321	3182	22	3.0	29.0	15.0	22	3.0	29.0	15.0	980	0	0.015624523162841797	32200	11.577332973480225	23778	26.15527950310559	
1.685113177287813e+22	22.0	3.0	29.0	15.0	2.2868615606190232	322	3199	22	3.0	29.0	15.0	22	3.0	29.0	15.0	982	0	0.015623807907104492	32300	11.592956781387329	23845	26.17647058823529	
70043134.94175167	22.0	3.0	29.0	15.0	2.2868615606190232	323	3208	22	3.0	29.0	15.0	22	3.0	29.0	15.0	985	0	0.031247377395629883	32400	11.624204158782959	23919	26.175925925925924	
2.956042627656753e+17	22.0	3.0	29.0	15.0	2.2868615606190232	324	3217	22	3.0	29.0	15.0	22	3.0	29.0	15.0	985	0	0.015624046325683594	32500	11.639828205108643	23998	26.16000000000001	
1.2262619018653327e+22	22.0	3.0	29.0	15.0	2.2868615606190232	325	3228	22	3.0	29.0	15.0	22	3.0	29.0	15.0	987	0	0.031247377395629883	32600	11.671075582504272	24078	26.141104294478524	
1493466483416.908	22.0	3.0	29.0	15.0	2.2868615606190232	326	3238	22	3.0	29.0	15.0	22	3.0	29.0	15.0	989	0	0.031248092651367188	32700	11.70232367515564	24148	26.15290519877675	
7.236457574400133e+29	22.0	3.0	29.0	15.0	2.2868615606190232	327	3243	22	3.0	29.0	15.0	22	3.0	29.0	15.0	989	0	0.031249284744262695	32800	11.733572959899902	24229	26.13109756097562	
2.2547834588814874e+26	22.0	3.0	29.0	15.0	2.2868615606190232	328	3254	22	3.0	29.0	15.0	22	3.0	29.0	15.0	994	0	0.04687094688415527	32900	11.780443906784058	24303	26.13069908814589	
1236.2029068539325	22.0	3.0	29.0	15.0	2.2868615606190232	329	3266	22	3.0	29.0	15.0	22	3.0	29.0	15.0	996	0	0.015623807907104492	33000	11.796067714691162	24369	26.154545454545456	
3.611554234093545e+20	22.0	3.0	29.0	15.0	2.2868615606190232	330	3278	22	3.0	29.0	15.0	22	3.0	29.0	15.0	997	0	0.031247377395629883	33100	11.827315092086792	24444	26.151057401812693	
778611662.6427362	22.0	3.0	29.0	15.0	2.2868615606190232	331	3287	22	3.0	29.0	15.0	22	3.0	29.0	15.0	999	0	0.03124833106994629	33200	11.858563423156738	24516	26.156626506024097	
141388938.70478737	22.0	3.0	29.0	15.0	2.2868615606190232	332	3296	22	3.0	29.0	15.0	22	3.0	29.0	15.0	1004	0	0.015624046325683594	33300	11.874187469482422	24588	26.16216216216216	
487369184973584.25	22.0	3.0	29.0	15.0	2.2868615606190232	333	3308	22	3.0	29.0	15.0	22	3.0	29.0	15.0	1006	0	0.03124833106994629	33400	11.905435800552368	24660	26.16766467065868	
62494834.04305953	22.0	3.0	29.0	15.0	2.2868615606190232	334	3319	22	3.0	29.0	15.0	22	3.0	29.0	15.0	1007	0	0.015623092651367188	33500	11.921058893203735	24731	26.17611940298508	
1.6146792332483597e+38	22.0	3.0	29.0	15.0	2.2868615606190232	335	3330	22	3.0	29.0	15.0	22	3.0	29.0	15.0	1008	0	0.03124833106994629	33600	11.952307224273682	24804	26.17857142857143	
4.56283308702363e+35	22.0	3.0	29.0	15.0	2.2868615606190232	336	3344	22	3.0	29.0	15.0	22	3.0	29.0	15.0	1009	0	0.031247615814208984	33700	11.98355484008789	24872	26.195845697329375	
83530322581346.89	22.0	3.0	29.0	15.0	2.2868615606190232	337	3351	22	3.0	29.0	15.0	22	3.0	29.0	15.0	1010	0	0.031247615814208984	33800	12.0148024559021	24946	26.195266272189343	
1.606735820204658e+26	22.0	3.0	29.0	15.0	2.2868615606190232	338	3365	22	3.0	29.0	15.0	22	3.0	29.0	15.0	1011	0	0.046872615814208984	33900	12.061675071716309	25021	26.191740412979343	
113682426443188.81	22.0	3.0	29.0	15.0	2.2868615606190232	339	3375	22	3.0	29.0	15.0	22	3.0	29.0	15.0	1013	0	0.03124690055847168	34000	12.09292197227478	25097	26.18529411764706	
15140.442352115455	22.0	3.0	29.0	15.0	2.2868615606190232	340	3384	22	3.0	29.0	15.0	22	3.0	29.0	15.0	1013	0	0.01562356948852539	34100	12.108545541763306	25175	26.173020527859236	
7811909.349955962	22.0	3.0	29.0	15.0	2.2868615606190232	341	3390	22	3.0	29.0	15.0	22	3.0	29.0	15.0	1014	0	0.031247615814208984	34200	12.139793157577515	25254	26.157894736842096	
44442271.012105666	22.0	3.0	29.0	15.0	2.2868615606190232	342	3402	22	3.0	29.0	15.0	22	3.0	29.0	15.0	1015	0	0.015624523162841797	34300	12.155417680740356	25326	26.163265306122454	
654603115.6092477	22.0	3.0	29.0	15.0	2.2868615606190232	343	3407	22	3.0	29.0	15.0	22	3.0	29.0	15.0	1018	0	0.031248092651367188	34400	12.186665773391724	25400	26.162790697674424	
53322.53265119548	22.0	3.0	29.0	15.0	2.2868615606190232	344	3415	22	3.0	29.0	15.0	22	3.0	29.0	15.0	1019	0	0.015623807907104492	34500	12.202289581298828	25471	26.171014492753613	
561115.2514022472	22.0	3.0	29.0	15.0	2.2868615606190232	345	3425	22	3.0	29.0	15.0	22	3.0	29.0	15.0	1023	0	0.015624046325683594	34600	12.217913627624512	25529	26.216763005780336	
78955945.28863491	22.0	3.0	29.0	15.0	2.2868615606190232	346	3432	22	3.0	29.0	15.0	22	3.0	29.0	15.0	1024	0	0.031247854232788086	34700	12.2491614818573	25593	26.24495677233429	
561798076.6419982	22.0	3.0	29.0	15.0	2.2868615606190232	347	3443	22	3.0	29.0	15.0	22	3.0	29.0	15.0	1025	0	0.015624284744262695	34800	12.264785766601562	25661	26.26149425287356	
586.7653928400958	22.0	3.0	29.0	15.0	2.2868615606190232	348	3453	22	3.0	29.0	15.0	22	3.0	29.0	15.0	1028	0	0.03124713897705078	34900	12.296032905578613	25730	26.27507163323783	
526744.277591369	22.0	3.0	29.0	15.0	2.2868615606190232	349	3459	22	3.0	29.0	15.0	22	3.0	29.0	15.0	1028	0	0.03124856948852539	35000	12.327281475067139	25797	26.29428571428572	
350.4805583105741	22.0	3.0	29.0	15.0	2.2868615606190232	350	3467	22	3.0	29.0	15.0	22	3.0	29.0	15.0	1029	0	0.015623092651367188	35100	12.342904567718506	25872	26.290598290598282	
638850622.8567345	22.0	3.0	29.0	15.0	2.2868615606190232	351	3481	22	3.0	29.0	15.0	22	3.0	29.0	15.0	1032	0	0.015624523162841797	35200	12.358529090881348	25940	26.306818181818187	
6.576199211386209e+26	22.0	3.0	29.0	15.0	2.2868615606190232	352	3495	22	3.0	29.0	15.0	22	3.0	29.0	15.0	1032	0	0.031248807907104492	35300	12.389777898788452	26006	26.328611898017	
163.9288881857346	22.0	3.0	29.0	15.0	2.2868615606190232	353	3501	22	3.0	29.0	15.0	22	3.0	29.0	15.0	1033	0	0.03124690055847168	35400	12.421024799346924	26074	26.344632768361592	
2654.513462783615	22.0	3.0	29.0	15.0	2.2868615606190232	354	3514	22	3.0	29.0	15.0	22	3.0	29.0	15.0	1033	0	0.031247854232788086	35500	12.452272653579712	26152	26.332394366197192	
5615.638211131314	22.0	3.0	29.0	15.0	2.2868615606190232	355	3523	22	3.0	29.0	15.0	22	3.0	29.0	15.0	1034	0	0.031247854232788086	35600	12.4835205078125	26230	26.32022471910112	
2.7360738420717404e+26	22.0	3.0	29.0	15.0	2.2868615606190232	356	3532	22	3.0	29.0	15.0	22	3.0	29.0	15.0	1034	0	0.031247615814208984	35700	12.514768123626709	26301	26.327731092436977	
2.1827272775292727e+38	22.0	3.0	29.0	15.0	2.2868615606190232	357	3543	22	3.0	29.0	15.0	22	3.0	29.0	15.0	1036	0	0.03125786781311035	35800	12.54602599143982	26373	26.332402234636874	
5.563656515500655e+24	22.0	3.0	29.0	15.0	2.2868615606190232	358	3554	22	3.0	29.0	15.0	22	3.0	29.0	15.0	1037	0	0.031247854232788086	35900	12.577273845672607	26440	26.350974930362113	
5963.376863451967	22.0	3.0	29.0	15.0	2.2868615606190232	359	3560	22	3.0	29.0	15.0	22	3.0	29.0	15.0	1039	0	0.031247377395629883	36000	12.608521223068237	26521	26.330555555555563	
6167.519126542156	22.0	3.0	29.0	15.0	2.2868615606190232	360	3571	22	3.0	29.0	15.0	22	3.0	29.0	15.0	1040	0	0.03125	36100	12.639771223068237	26592	26.337950138504155	
1.6752693184353753e+28	22.0	3.0	29.0	15.0	2.2868615606190232	361	3583	22	3.0	29.0	15.0	22	3.0	29.0	15.0	1041	0	0.03123641014099121	36200	12.671007633209229	26670	26.325966850828735	
2.0203492845252806e+17	22.0	3.0	29.0	15.0	2.2868615606190232	362	3592	22	3.0	29.0	15.0	22	3.0	29.0	15.0	1042	0	0.015624046325683594	36300	12.686631679534912	26745	26.32231404958678	
6.782212289318182e+31	22.0	3.0	29.0	15.0	2.2868615606190232	363	3602	22	3.0	29.0	15.0	22	3.0	29.0	15.0	1045	0	0.031248092651367188	36400	12.71787977218628	26815	26.332417582417577	
1.8946087682950214e+19	22.0	3.0	29.0	15.0	2.2868615606190232	364	3608	22	3.0	29.0	15.0	22	3.0	29.0	15.0	1050	0	0.031247615814208984	36500	12.749127388000488	26881	26.353424657534248	
609120.8401137702	22.0	3.0	29.0	15.0	2.2868615606190232	365	3622	22	3.0	29.0	15.0	22	3.0	29.0	15.0	1052	0	0.031247854232788086	36600	12.780375242233276	26942	26.387978142076506	
1.11612631579426e+16	22.0	3.0	29.0	15.0	2.2868615606190232	366	3627	22	3.0	29.0	15.0	22	3.0	29.0	15.0	1053	0	0.015623807907104492	36700	12.79599905014038	27021	26.373297002724797	
59621157.6064805	22.0	3.0	29.0	15.0	2.2868615606190232	367	3638	22	3.0	29.0	15.0	22	3.0	29.0	15.0	1053	0	0.015624284744262695	36800	12.811623334884644	27104	26.34782608695653	
4.4504837377786064e+26	22.0	3.0	29.0	15.0	2.2868615606190232	368	3648	22	3.0	29.0	15.0	22	3.0	29.0	15.0	1058	0	0.031247377395629883	36900	12.842870712280273	27175	26.355013550135496	
7.622080198471652e+17	22.0	3.0	29.0	15.0	2.2868615606190232	369	3655	22	3.0	29.0	15.0	22	3.0	29.0	15.0	1062	0	0.031248092651367188	37000	12.87411880493164	27249	26.35405405405406	
670132395.4153657	22.0	3.0	29.0	15.0	2.2868615606190232	370	3663	22	3.0	29.0	15.0	22	3.0	29.0	15.0	1066	0	0.015623807907104492	37100	12.889742612838745	27319	26.36388140161725	
68905105633.00569	22.0	3.0	29.0	15.0	2.2868615606190232	371	3676	22	3.0	29.0	15.0	22	3.0	29.0	15.0	1066	0	0.031247854232788086	37200	12.920990467071533	27392	26.36559139784947	
54810106.591130696	22.0	3.0	29.0	15.0	2.2868615606190232	372	3685	22	3.0	29.0	15.0	22	3.0	29.0	15.0	1069	0	0.015624046325683594	37300	12.936614513397217	27460	26.380697050938338	
5561741.294178421	22.0	3.0	29.0	15.0	2.2868615606190232	373	3692	22	3.0	29.0	15.0	22	3.0	29.0	15.0	1073	0	0.031247615814208984	37400	12.967862129211426	27538	26.368983957219257	
609756332.9296578	22.0	3.0	29.0	15.0	2.2868615606190232	374	3704	22	3.0	29.0	15.0	22	3.0	29.0	15.0	1074	0	0.031247854232788086	37500	12.999109983444214	27609	26.376000000000005	
769.6868957709387	22.0	3.0	29.0	15.0	2.2868615606190232	375	3716	22	3.0	29.0	15.0	22	3.0	29.0	15.0	1077	0	0.015623807907104492	37600	13.014733791351318	27685	26.36968085106382	
6075693.131434667	22.0	3.0	29.0	15.0	2.2868615606190232	376	3725	22	3.0	29.0	15.0	22	3.0	29.0	15.0	1078	0	0.03124833106994629	37700	13.045982122421265	27763	26.358090185676403	
5.843764172352001e+34	22.0	3.0	29.0	15.0	2.2868615606190232	377	3733	22	3.0	29.0	15.0	22	3.0	29.0	15.0	1079	0	0.031247377395629883	37800	13.077229499816895	27838	26.354497354497354	
218.91286827861987	22.0	3.0	29.0	15.0	2.2868615606190232	378	3740	22	3.0	29.0	15.0	22	3.0	29.0	15.0	1080	0	0.015624284744262695	37900	13.092853784561157	27912	26.35356200527704	
60390160.782709956	22.0	3.0	29.0	15.0	2.2868615606190232	379	3750	22	3.0	29.0	15.0	22	3.0	29.0	15.0	1084	0	0.03124833106994629	38000	13.124102115631104	27986	26.352631578947367	
5846.453099881117	22.0	3.0	29.0	15.0	2.2868615606190232	380	3758	22	3.0	29.0	15.0	22	3.0	29.0	15.0	1085	0	0.015623807907104492	38100	13.139725923538208	28063	26.343832020997368	
501444503.7151543	22.0	3.0	29.0	15.0	2.2868615606190232	381	3765	22	3.0	29.0	15.0	22	3.0	29.0	15.0	1087	0	0.031247377395629883	38200	13.170973300933838	28136	26.3455497382199	
984759126990.78	22.0	3.0	29.0	15.0	2.2868615606190232	382	3780	22	3.0	29.0	15.0	22	3.0	29.0	15.0	1087	0	0.015624046325683594	38300	13.186597347259521	28203	26.362924281984334	
65589340.53599964	22.0	3.0	29.0	15.0	2.2868615606190232	383	3788	22	3.0	29.0	15.0	22	3.0	29.0	15.0	1090	0	0.031247615814208984	38400	13.21784496307373	28273	26.37239583333333	
516.981431031352	22.0	3.0	29.0	15.0	2.2868615606190232	384	3798	22	3.0	29.0	15.0	22	3.0	29.0	15.0	1093	0	0.015625	38500	13.23346996307373	28342	26.384415584415592	
33602429710490.07	22.0	3.0	29.0	15.0	2.2868615606190232	385	3806	22	3.0	29.0	15.0	22	3.0	29.0	15.0	1093	0	0.03124833106994629	38600	13.264718294143677	28407	26.406735751295344	
103233488522028.31	22.0	3.0	29.0	15.0	2.2868615606190232	386	3818	22	3.0	29.0	15.0	22	3.0	29.0	15.0	1096	0	0.04687047004699707	38700	13.311588764190674	28470	26.434108527131784	
4.1622474437191136e+26	22.0	3.0	29.0	15.0	2.2868615606190232	387	3828	22	3.0	29.0	15.0	22	3.0	29.0	15.0	1098	0	0.03124856948852539	38800	13.3428373336792	28543	26.435567010309285	
475687.50392486324	22.0	3.0	29.0	15.0	2.2868615606190232	388	3836	22	3.0	29.0	15.0	22	3.0	29.0	15.0	1099	0	0.031247615814208984	38900	13.374084949493408	28623	26.419023136246793	
2444763705.367691	22.0	3.0	29.0	15.0	2.2868615606190232	389	3850	22	3.0	29.0	15.0	22	3.0	29.0	15.0	1101	0	0.031247615814208984	39000	13.405332565307617	28700	26.41025641025641	
3.0546046029568134e+17	22.0	3.0	29.0	15.0	2.2868615606190232	390	3862	22	3.0	29.0	15.0	22	3.0	29.0	15.0	1106	0	0.03124713897705078	39100	13.436579704284668	28773	26.411764705882362	
2.521498514458667e+26	22.0	3.0	29.0	15.0	2.2868615606190232	391	3873	22	3.0	29.0	15.0	22	3.0	29.0	15.0	1110	0	0.031249046325683594	39200	13.467828750610352	28848	26.408163265306115	
44958541.466286026	22.0	3.0	29.0	15.0	2.2868615606190232	392	3884	22	3.0	29.0	15.0	22	3.0	29.0	15.0	1113	0	0.031247377395629883	39300	13.499076128005981	28912	26.43256997455471	
1.1291669549256821e+26	22.0	3.0	29.0	15.0	2.2868615606190232	393	3898	22	3.0	29.0	15.0	22	3.0	29.0	15.0	1116	0	0.031247854232788086	39400	13.53032398223877	28978	26.451776649746193	
1.025502636939186e+26	22.0	3.0	29.0	15.0	2.2868615606190232	394	3908	22	3.0	29.0	15.0	22	3.0	29.0	15.0	1118	0	0.04687166213989258	39500	13.577195644378662	29054	26.445569620253167	
9.832981543714726e+21	22.0	3.0	29.0	15.0	2.2868615606190232	395	3916	22	3.0	29.0	15.0	22	3.0	29.0	15.0	1120	0	0.015625	39600	13.592820644378662	29128	26.444444444444443	
69850815128483.82	22.0	3.0	29.0	15.0	2.2868615606190232	396	3925	22	3.0	29.0	15.0	22	3.0	29.0	15.0	1121	0	0.03124713897705078	39700	13.624067783355713	29201	26.44584382871537	
1.86688406898913e+16	22.0	3.0	29.0	15.0	2.2868615606190232	397	3937	22	3.0	29.0	15.0	22	3.0	29.0	15.0	1123	0	0.031247615814208984	39800	13.655315399169922	29270	26.457286432160814	
7.190779294699052e+32	22.0	3.0	29.0	15.0	2.2868615606190232	398	3952	22	3.0	29.0	15.0	22	3.0	29.0	15.0	1126	0	0.031248092651367188	39900	13.686563491821289	29339	26.468671679197996	
6256992.496791439	22.0	3.0	29.0	15.0	2.2868615606190232	399	3964	22	3.0	29.0	15.0	22	3.0	29.0	15.0	1129	0	0.03124856948852539	40000	13.717812061309814	29405	26.487499999999997	
470.1311570606355	22.0	3.0	29.0	15.0	2.2868615606190232	400	3976	22	3.0	29.0	15.0	22	3.0	29.0	15.0	1130	0	0.03124713897705078	40100	13.749059200286865	29483	26.47630922693267	
1.0775488749137532e+21	22.0	3.0	29.0	15.0	2.2868615606190232	401	3987	22	3.0	29.0	15.0	22	3.0	29.0	15.0	1130	0	0.04687094688415527	40200	13.79593014717102	29562	26.462686567164184	
196258125334.8891	22.0	3.0	29.0	15.0	2.2868615606190232	402	3994	22	3.0	29.0	15.0	22	3.0	29.0	15.0	1131	0	0.015625	40300	13.81155514717102	29637	26.459057071960302	
212585527676744.03	22.0	3.0	29.0	15.0	2.2868615606190232	403	3999	22	3.0	29.0	15.0	22	3.0	29.0	15.0	1132	0	0.031248092651367188	40400	13.842803239822388	29718	26.44059405940594	
983434930160.568	22.0	3.0	29.0	15.0	2.2868615606190232	404	4009	22	3.0	29.0	15.0	22	3.0	29.0	15.0	1134	0	0.03124713897705078	40500	13.874050378799438	29792	26.439506172839515	
6.248571438013714e+34	22.0	3.0	29.0	15.0	2.2868615606190232	405	4025	22	3.0	29.0	15.0	22	3.0	29.0	15.0	1135	0	0.015623807907104492	40600	13.889674186706543	29859	26.455665024630534	
531067052.6068336	22.0	3.0	29.0	15.0	2.2868615606190232	406	4032	22	3.0	29.0	15.0	22	3.0	29.0	15.0	1137	0	0.031249046325683594	40700	13.920923233032227	29941	26.434889434889428	
5142857142972356.0	22.0	3.0	29.0	15.0	2.2868615606190232	407	4047	22	3.0	29.0	15.0	22	3.0	29.0	15.0	1139	0	0.03124713897705078	40800	13.952170372009277	30006	26.455882352941174	
4.8683655924259744e+17	22.0	3.0	29.0	15.0	2.2868615606190232	408	4055	22	3.0	29.0	15.0	22	3.0	29.0	15.0	1139	0	0.031248807907104492	40900	13.983419179916382	30076	26.46454767726162	
7141.4065652245135	22.0	3.0	29.0	15.0	2.2868615606190232	409	4062	22	3.0	29.0	15.0	22	3.0	29.0	15.0	1143	0	0.031248092651367188	41000	14.014667272567749	30151	26.460975609756105	
581307363.2643261	22.0	3.0	29.0	15.0	2.2868615606190232	410	4079	22	3.0	29.0	15.0	22	3.0	29.0	15.0	1143	0	0.031247854232788086	41100	14.045915126800537	30225	26.459854014598534	
740300.3026853619	22.0	3.0	29.0	15.0	2.2868615606190232	411	4090	22	3.0	29.0	15.0	22	3.0	29.0	15.0	1149	0	0.04686999320983887	41200	14.092785120010376	30296	26.466019417475735	
6.975831826464819e+24	22.0	3.0	29.0	15.0	2.2868615606190232	412	4098	22	3.0	29.0	15.0	22	3.0	29.0	15.0	1155	0	0.015624046325683594	41300	14.10840916633606	30373	26.45762711864407	
6643256381793366.0	22.0	3.0	29.0	15.0	2.2868615606190232	413	4108	22	3.0	29.0	15.0	22	3.0	29.0	15.0	1160	0	0.031247377395629883	41400	14.13965654373169	30452	26.444444444444443	
65496197.06305517	22.0	3.0	29.0	15.0	2.2868615606190232	414	4118	22	3.0	29.0	15.0	22	3.0	29.0	15.0	1164	0	0.015624761581420898	41500	14.15528130531311	30523	26.450602409638563	
1.2949213541381108e+16	22.0	3.0	29.0	15.0	2.2868615606190232	415	4127	22	3.0	29.0	15.0	22	3.0	29.0	15.0	1167	0	0.015623807907104492	41600	14.170905113220215	30592	26.461538461538453	
360.6854707141917	22.0	3.0	29.0	15.0	2.2868615606190232	416	4140	22	3.0	29.0	15.0	22	3.0	29.0	15.0	1170	0	0.04687213897705078	41700	14.217777252197266	30658	26.47961630695444	
5924949.104712413	22.0	3.0	29.0	15.0	2.2868615606190232	417	4155	22	3.0	29.0	15.0	22	3.0	29.0	15.0	1172	0	0.031247615814208984	41800	14.249024868011475	30720	26.507177033492823	
1502662.0294971038	22.0	3.0	29.0	15.0	2.2868615606190232	418	4164	22	3.0	29.0	15.0	22	3.0	29.0	15.0	1172	0	0.031247854232788086	41900	14.280272722244263	30795	26.5035799522673	
29451753291655.395	22.0	3.0	29.0	15.0	2.2868615606190232	419	4172	22	3.0	29.0	15.0	22	3.0	29.0	15.0	1175	0	0.031247615814208984	42000	14.311520338058472	30865	26.51190476190476	
7926858130.928947	22.0	3.0	29.0	15.0	2.2868615606190232	420	4184	22	3.0	29.0	15.0	22	3.0	29.0	15.0	1180	0	0.015623807907104492	42100	14.327144145965576	30929	26.534441805225654	
5481409.889511419	22.0	3.0	29.0	15.0	2.2868615606190232	421	4195	22	3.0	29.0	15.0	22	3.0	29.0	15.0	1181	0	0.04687213897705078	42200	14.374016284942627	30992	26.559241706161146	
133333450679199.83	22.0	3.0	29.0	15.0	2.2868615606190232	422	4203	22	3.0	29.0	15.0	22	3.0	29.0	15.0	1184	0	0.03124713897705078	42300	14.405263423919678	31063	26.565011820330966	
671449549.1045972	22.0	3.0	29.0	15.0	2.2868615606190232	423	4216	22	3.0	29.0	15.0	22	3.0	29.0	15.0	1187	0	0.03124833106994629	42400	14.436511754989624	31130	26.580188679245282	
62355227.697008625	22.0	3.0	29.0	15.0	2.2868615606190232	424	4226	22	3.0	29.0	15.0	22	3.0	29.0	15.0	1189	0	0.031248092651367188	42500	14.467759847640991	31199	26.59058823529412	
2.7613636374007184e+17	22.0	3.0	29.0	15.0	2.2868615606190232	425	4235	22	3.0	29.0	15.0	22	3.0	29.0	15.0	1193	0	0.04687190055847168	42600	14.514631748199463	31256	26.629107981220656	
17961735756.14126	22.0	3.0	29.0	15.0	2.2868615606190232	426	4241	22	3.0	29.0	15.0	22	3.0	29.0	15.0	1195	0	0.01562356948852539	42700	14.530255317687988	31327	26.63466042154566	
9398953189.603493	22.0	3.0	29.0	15.0	2.2868615606190232	427	4252	22	3.0	29.0	15.0	22	3.0	29.0	15.0	1197	0	0.031247854232788086	42800	14.561503171920776	31388	26.663551401869157	
2.494186142681107e+27	22.0	3.0	29.0	15.0	2.2868615606190232	428	4266	22	3.0	29.0	15.0	22	3.0	29.0	15.0	1198	0	0.031247854232788086	42900	14.592751026153564	31451	26.687645687645684	
87659051.2325575	22.0	3.0	29.0	15.0	2.2868615606190232	429	4274	22	3.0	29.0	15.0	22	3.0	29.0	15.0	1200	0	0.031247615814208984	43000	14.623998641967773	31507	26.72790697674418	
70652671.38249238	22.0	3.0	29.0	15.0	2.2868615606190232	430	4279	22	3.0	29.0	15.0	22	3.0	29.0	15.0	1204	0	0.031247615814208984	43100	14.655246257781982	31568	26.756380510440835	
1.609764133786819e+22	22.0	3.0	29.0	15.0	2.2868615606190232	431	4287	22	3.0	29.0	15.0	22	3.0	29.0	15.0	1206	0	0.03124856948852539	43200	14.686494827270508	31638	26.763888888888886	
1.8351311125169679e+34	22.0	3.0	29.0	15.0	2.2868615606190232	432	4294	22	3.0	29.0	15.0	22	3.0	29.0	15.0	1209	0	0.031247377395629883	43300	14.717742204666138	31705	26.778290993071593	
2193.4735244861936	22.0	3.0	29.0	15.0	2.2868615606190232	433	4303	22	3.0	29.0	15.0	22	3.0	29.0	15.0	1211	0	0.015624284744262695	43400	14.7333664894104	31774	26.78801843317973	
8.468335380034036e+21	22.0	3.0	29.0	15.0	2.2868615606190232	434	4317	22	3.0	29.0	15.0	22	3.0	29.0	15.0	1212	0	0.031247854232788086	43500	14.764614343643188	31842	26.799999999999997	
1.3370816629585968e+20	22.0	3.0	29.0	15.0	2.2868615606190232	435	4323	22	3.0	29.0	15.0	22	3.0	29.0	15.0	1213	0	0.031248807907104492	43600	14.795863151550293	31919	26.79128440366972	
5541.499975441362	22.0	3.0	29.0	15.0	2.2868615606190232	436	4332	22	3.0	29.0	15.0	22	3.0	29.0	15.0	1216	0	0.03124690055847168	43700	14.827110052108765	31990	26.796338672768883	
7.446733250111223e+20	22.0	3.0	29.0	15.0	2.2868615606190232	437	4342	22	3.0	29.0	15.0	22	3.0	29.0	15.0	1216	0	0.031247854232788086	43800	14.858357906341553	32064	26.79452054794521	
1.656446067481559e+19	22.0	3.0	29.0	15.0	2.2868615606190232	438	4353	22	3.0	29.0	15.0	22	3.0	29.0	15.0	1217	0	0.015624284744262695	43900	14.873982191085815	32135	26.799544419134392	
5.047752214501014e+26	22.0	3.0	29.0	15.0	2.2868615606190232	439	4364	22	3.0	29.0	15.0	22	3.0	29.0	15.0	1223	0	0.031247854232788086	44000	14.905230045318604	32205	26.806818181818187	
7.182410676472739e+17	22.0	3.0	29.0	15.0	2.2868615606190232	440	4369	22	3.0	29.0	15.0	22	3.0	29.0	15.0	1229	0	0.015623331069946289	44100	14.92085337638855	32282	26.798185941043087	
2768508848.673198	22.0	3.0	29.0	15.0	2.2868615606190232	441	4385	22	3.0	29.0	15.0	22	3.0	29.0	15.0	1230	0	0.015624523162841797	44200	14.936477899551392	32353	26.803167420814475	
1.9648701999129343e+36	22.0	3.0	29.0	15.0	2.2868615606190232	442	4394	22	3.0	29.0	15.0	22	3.0	29.0	15.0	1235	0	0.015623807907104492	44300	14.952101707458496	32420	26.817155756207683	
588938.7848961053	22.0	3.0	29.0	15.0	2.2868615606190232	443	4405	22	3.0	29.0	15.0	22	3.0	29.0	15.0	1237	0	0.031247615814208984	44400	14.983349323272705	32494	26.815315315315317	
9768641.245254742	22.0	3.0	29.0	15.0	2.2868615606190232	444	4409	22	3.0	29.0	15.0	22	3.0	29.0	15.0	1241	0	0.031249046325683594	44500	15.014598369598389	32564	26.822471910112355	
4.35459689161356e+22	22.0	3.0	29.0	15.0	2.2868615606190232	445	4421	22	3.0	29.0	15.0	22	3.0	29.0	15.0	1241	0	0.03124690055847168	44600	15.04584527015686	32641	26.813901345291484	
59582.757199829786	22.0	3.0	29.0	15.0	2.2868615606190232	446	4435	22	3.0	29.0	15.0	22	3.0	29.0	15.0	1241	0	0.04687190055847168	44700	15.092717170715332	32711	26.821029082774047	
10483.443672726557	22.0	3.0	29.0	15.0	2.2868615606190232	447	4444	22	3.0	29.0	15.0	22	3.0	29.0	15.0	1244	0	0.031249523162841797	44800	15.123966693878174	32784	26.82142857142857	
1.0901671787725498e+22	22.0	3.0	29.0	15.0	2.2868615606190232	448	4451	22	3.0	29.0	15.0	22	3.0	29.0	15.0	1247	0	0.03124690055847168	44900	15.155213594436646	32860	26.815144766146986	
560694514.109097	22.0	3.0	29.0	15.0	2.2868615606190232	449	4458	22	3.0	29.0	15.0	22	3.0	29.0	15.0	1254	0	0.03124690055847168	45000	15.186460494995117	32936	26.808888888888887	
545748849.1463141	22.0	3.0	29.0	15.0	2.2868615606190232	450	4470	22	3.0	29.0	15.0	22	3.0	29.0	15.0	1255	0	0.031248092651367188	45100	15.217708587646484	33009	26.809312638580934	
623027.6864853182	22.0	3.0	29.0	15.0	2.2868615606190232	451	4477	22	3.0	29.0	15.0	22	3.0	29.0	15.0	1259	0	0.03124713897705078	45200	15.248955726623535	33084	26.805309734513273	
549539230.6182421	22.0	3.0	29.0	15.0	2.2868615606190232	452	4486	22	3.0	29.0	15.0	22	3.0	29.0	15.0	1262	0	0.04687213897705078	45300	15.295827865600586	33151	26.81898454746137	
1.9783061489449346e+28	22.0	3.0	29.0	15.0	2.2868615606190232	453	4498	22	3.0	29.0	15.0	22	3.0	29.0	15.0	1262	0	0.015624284744262695	45400	15.311452150344849	33226	26.814977973568276	
2.9831330701168954e+30	22.0	3.0	29.0	15.0	2.2868615606190232	454	4513	22	3.0	29.0	15.0	22	3.0	29.0	15.0	1263	0	0.031247377395629883	45500	15.342699527740479	33292	26.830769230769235	
3130701367226.107	22.0	3.0	29.0	15.0	2.2868615606190232	455	4529	22	3.0	29.0	15.0	22	3.0	29.0	15.0	1265	0	0.03124833106994629	45600	15.373947858810425	33355	26.853070175438603	
1.608101683200002e+28	22.0	3.0	29.0	15.0	2.2868615606190232	456	4546	22	3.0	29.0	15.0	22	3.0	29.0	15.0	1268	0	0.015624046325683594	45700	15.389571905136108	33412	26.888402625820575	
59472527.17095446	22.0	3.0	29.0	15.0	2.2868615606190232	457	4550	22	3.0	29.0	15.0	22	3.0	29.0	15.0	1268	0	0.031248092651367188	45800	15.420819997787476	33491	26.875545851528386	
5590.768034171717	22.0	3.0	29.0	15.0	2.2868615606190232	458	4557	22	3.0	29.0	15.0	22	3.0	29.0	15.0	1270	0	0.015623331069946289	45900	15.436443328857422	33565	26.873638344226578	
2.9257191011236305e+27	22.0	3.0	29.0	15.0	2.2868615606190232	459	4567	22	3.0	29.0	15.0	22	3.0	29.0	15.0	1272	0	0.031249284744262695	46000	15.467692613601685	33640	26.869565217391298	
392.4057027256032	22.0	3.0	29.0	15.0	2.2868615606190232	460	4585	22	3.0	29.0	15.0	22	3.0	29.0	15.0	1274	0	0.031246662139892578	46100	15.498939275741577	33708	26.880694143167034	
14887196799.647495	22.0	3.0	29.0	15.0	2.2868615606190232	461	4592	22	3.0	29.0	15.0	22	3.0	29.0	15.0	1275	0	0.031247615814208984	46200	15.530186891555786	33782	26.878787878787875	
47601081.654356375	22.0	3.0	29.0	15.0	2.2868615606190232	462	4596	22	3.0	29.0	15.0	22	3.0	29.0	15.0	1275	0	0.015624284744262695	46300	15.545811176300049	33860	26.868250539956804	
3.194382976113302e+29	22.0	3.0	29.0	15.0	2.2868615606190232	463	4609	22	3.0	29.0	15.0	22	3.0	29.0	15.0	1275	0	0.031248092651367188	46400	15.577059268951416	33930	26.875	
2.8461932296047103e+27	22.0	3.0	29.0	15.0	2.2868615606190232	464	4621	22	3.0	29.0	15.0	22	3.0	29.0	15.0	1277	0	0.031247615814208984	46500	15.608306884765625	33993	26.896774193548396	
53195.89073279276	22.0	3.0	29.0	15.0	2.2868615606190232	465	4628	22	3.0	29.0	15.0	22	3.0	29.0	15.0	1277	0	0.01562356948852539	46600	15.62393045425415	34068	26.89270386266095	
5.763912867765307e+28	22.0	3.0	29.0	15.0	2.2868615606190232	466	4635	22	3.0	29.0	15.0	22	3.0	29.0	15.0	1281	0	0.03124856948852539	46700	15.655179023742676	34138	26.899357601713064	
1336411129112208.0	22.0	3.0	29.0	15.0	2.2868615606190232	467	4648	22	3.0	29.0	15.0	22	3.0	29.0	15.0	1283	0	0.015624046325683594	46800	15.67080307006836	34214	26.8931623931624	
7.35099609169007e+25	22.0	3.0	29.0	15.0	2.2868615606190232	468	4658	22	3.0	29.0	15.0	22	3.0	29.0	15.0	1284	0	0.015623331069946289	46900	15.686426401138306	34291	26.884861407249474	
12408989.666614467	22.0	3.0	29.0	15.0	2.2868615606190232	469	4666	22	3.0	29.0	15.0	22	3.0	29.0	15.0	1286	0	0.015623807907104492	47000	15.70205020904541	34368	26.876595744680856	
5.975643638075593e+24	22.0	3.0	29.0	15.0	2.2868615606190232	470	4673	22	3.0	29.0	15.0	22	3.0	29.0	15.0	1288	0	0.031249284744262695	47100	15.733299493789673	34449	26.859872611464965	
6.33357390537761e+23	22.0	3.0	29.0	15.0	2.2868615606190232	471	4688	22	3.0	29.0	15.0	22	3.0	29.0	15.0	1291	0	0.015623092651367188	47200	15.74892258644104	34520	26.864406779661024	
9.138284202866121e+27	22.0	3.0	29.0	15.0	2.2868615606190232	472	4696	22	3.0	29.0	15.0	22	3.0	29.0	15.0	1292	0	0.04687142372131348	47300	15.795794010162354	34591	26.868921775898528	
9.777791931931353e+23	22.0	3.0	29.0	15.0	2.2868615606190232	473	4708	22	3.0	29.0	15.0	22	3.0	29.0	15.0	1293	0	0.015624046325683594	47400	15.811418056488037	34657	26.88396624472574	
3.9422711241940006e+24	22.0	3.0	29.0	15.0	2.2868615606190232	474	4720	22	3.0	29.0	15.0	22	3.0	29.0	15.0	1295	0	0.03124713897705078	47500	15.842665195465088	34729	26.886315789473684	
2.3879562286913205e+24	22.0	3.0	29.0	15.0	2.2868615606190232	475	4727	22	3.0	29.0	15.0	22	3.0	29.0	15.0	1296	0	0.031249284744262695	47600	15.87391448020935	34806	26.878151260504197	
8.2586326554372e+24	22.0	3.0	29.0	15.0	2.2868615606190232	476	4739	22	3.0	29.0	15.0	22	3.0	29.0	15.0	1296	0	0.015622615814208984	47700	15.88953709602356	34883	26.87002096436059	
22727437.82019591	22.0	3.0	29.0	15.0	2.2868615606190232	477	4749	22	3.0	29.0	15.0	22	3.0	29.0	15.0	1298	0	0.015624046325683594	47800	15.905161142349243	34949	26.88493723849372	
39078392.25046895	22.0	3.0	29.0	15.0	2.2868615606190232	478	4753	22	3.0	29.0	15.0	22	3.0	29.0	15.0	1301	0	0.031248807907104492	47900	15.936409950256348	35024	26.881002087682674	
1.684639184900246e+48	22.0	3.0	29.0	15.0	2.2868615606190232	479	4764	22	3.0	29.0	15.0	22	3.0	29.0	15.0	1302	0	0.031248807907104492	48000	15.967658758163452	35102	26.870833333333337	
4754.7355138483035	22.0	3.0	29.0	15.0	2.2868615606190232	480	4776	22	3.0	29.0	15.0	22	3.0	29.0	15.0	1303	0	0.031245946884155273	48100	15.998904705047607	35173	26.87525987525987	
1447.7839018256211	22.0	3.0	29.0	15.0	2.2868615606190232	481	4783	22	3.0	29.0	15.0	22	3.0	29.0	15.0	1306	0	0.03125810623168945	48200	16.030162811279297	35249	26.86929460580913	
3.9317182726329147e+21	22.0	3.0	29.0	15.0	2.2868615606190232	482	4794	22	3.0	29.0	15.0	22	3.0	29.0	15.0	1307	0	0.031238555908203125	48300	16.0614013671875	35323	26.86749482401656	
5421070.120078785	22.0	3.0	29.0	15.0	2.2868615606190232	483	4802	22	3.0	29.0	15.0	22	3.0	29.0	15.0	1309	0	0.031247854232788086	48400	16.092649221420288	35399	26.861570247933884	
127.72851404350517	22.0	3.0	29.0	15.0	2.2868615606190232	484	4807	22	3.0	29.0	15.0	22	3.0	29.0	15.0	1311	0	0.031247615814208984	48500	16.123896837234497	35473	26.85979381443299	
46407952960.5052	22.0	3.0	29.0	15.0	2.2868615606190232	485	4815	22	3.0	29.0	15.0	22	3.0	29.0	15.0	1314	0	0.04687142372131348	48600	16.17076826095581	35549	26.85390946502058	
117710528.79681446	22.0	3.0	29.0	15.0	2.2868615606190232	486	4823	22	3.0	29.0	15.0	22	3.0	29.0	15.0	1322	0	0.031247377395629883	48700	16.20201563835144	35616	26.866529774127315	
553.0565160390122	22.0	3.0	29.0	15.0	2.2868615606190232	487	4826	22	3.0	29.0	15.0	22	3.0	29.0	15.0	1323	0	0.0312504768371582	48800	16.2332661151886	35693	26.85860655737706	
4.267352873808866e+37	22.0	3.0	29.0	15.0	2.2868615606190232	488	4843	22	3.0	29.0	15.0	22	3.0	29.0	15.0	1325	0	0.03125596046447754	48900	16.264522075653076	35764	26.86298568507158	
6847456052.939514	22.0	3.0	29.0	15.0	2.2868615606190232	489	4851	22	3.0	29.0	15.0	22	3.0	29.0	15.0	1328	0	0.03123784065246582	49000	16.295759916305542	35838	26.861224489795916	
3.6000896739130446e+37	22.0	3.0	29.0	15.0	2.2868615606190232	490	4858	22	3.0	29.0	15.0	22	3.0	29.0	15.0	1330	0	0.03124713897705078	49100	16.327007055282593	35918	26.847250509164965	
52829.42500859816	22.0	3.0	29.0	15.0	2.2868615606190232	491	4865	22	3.0	29.0	15.0	22	3.0	29.0	15.0	1331	0	0.031249284744262695	49200	16.358256340026855	35997	26.83536585365853	
277.9013624467671	22.0	3.0	29.0	15.0	2.2868615606190232	492	4873	22	3.0	29.0	15.0	22	3.0	29.0	15.0	1332	0	0.015623092651367188	49300	16.373879432678223	36062	26.851926977687626	
8.916668923067912e+16	22.0	3.0	29.0	15.0	2.2868615606190232	493	4889	22	3.0	29.0	15.0	22	3.0	29.0	15.0	1334	0	0.031247854232788086	49400	16.40512728691101	36124	26.874493927125513	
66727253.33986732	22.0	3.0	29.0	15.0	2.2868615606190232	494	4898	22	3.0	29.0	15.0	22	3.0	29.0	15.0	1336	0	0.04687190055847168	49500	16.451999187469482	36190	26.888888888888886	
3082325581453196.0	22.0	3.0	29.0	15.0	2.2868615606190232	495	4912	22	3.0	29.0	15.0	22	3.0	29.0	15.0	1337	0	0.031247615814208984	49600	16.48324680328369	36256	26.903225806451616	
9.490707721879964e+26	22.0	3.0	29.0	15.0	2.2868615606190232	496	4921	22	3.0	29.0	15.0	22	3.0	29.0	15.0	1338	0	0.031247854232788086	49700	16.51449465751648	36321	26.9195171026157	
1010.3693022498451	22.0	3.0	29.0	15.0	2.2868615606190232	497	4929	22	3.0	29.0	15.0	22	3.0	29.0	15.0	1341	0	0.031247854232788086	49800	16.545742511749268	36385	26.937751004016064	
276806813700308.78	22.0	3.0	29.0	15.0	2.2868615606190232	498	4935	22	3.0	29.0	15.0	22	3.0	29.0	15.0	1342	0	0.031247377395629883	49900	16.576989889144897	36451	26.951903807615224	
335.89215911052895	22.0	3.0	29.0	15.0	2.2868615606190232	499	4945	22	3.0	29.0	15.0	22	3.0	29.0	15.0	1343	0	0.031248807907104492	50000	16.608238697052002	36520	26.959999999999994	
97565612.8835435	22.0	3.0	29.0	15.0	2.2868615606190232	500	4954	22	3.0	29.0	15.0	22	3.0	29.0	15.0	1345	0	0.031247377395629883	50100	16.639486074447632	36597	26.952095808383234	
46785600545089.695	22.0	3.0	29.0	15.0	2.2868615606190232	501	4963	22	3.0	29.0	15.0	22	3.0	29.0	15.0	1347	0	0.031248092651367188	50200	16.670734167099	36675	26.942231075697208	
7893748.955974492	22.0	3.0	29.0	15.0	2.2868615606190232	502	4970	22	3.0	29.0	15.0	22	3.0	29.0	15.0	1349	0	0.031247377395629883	50300	16.70198154449463	36750	26.938369781312133	
5.091472745673441e+26	22.0	3.0	29.0	15.0	2.2868615606190232	503	4981	22	3.0	29.0	15.0	22	3.0	29.0	15.0	1352	0	0.031248092651367188	50400	16.733229637145996	36815	26.95436507936509	
29642185044.89279	22.0	3.0	29.0	15.0	2.2868615606190232	504	4987	22	3.0	29.0	15.0	22	3.0	29.0	15.0	1355	0	0.031248092651367188	50500	16.764477729797363	36877	26.976237623762373	
1.4310838964245204e+30	22.0	3.0	29.0	15.0	2.2868615606190232	505	4995	22	3.0	29.0	15.0	22	3.0	29.0	15.0	1357	0	0.015623807907104492	50600	16.780101537704468	36946	26.984189723320156	
4423569.38190372	22.0	3.0	29.0	15.0	2.2868615606190232	506	5006	22	3.0	29.0	15.0	22	3.0	29.0	15.0	1358	0	0.04687213897705078	50700	16.82697367668152	37012	26.998027613412233	
1.5184536322813191e+34	22.0	3.0	29.0	15.0	2.2868615606190232	507	5014	22	3.0	29.0	15.0	22	3.0	29.0	15.0	1360	0	0.015623331069946289	50800	16.842597007751465	37080	27.00787401574803	
5292121635.491816	22.0	3.0	29.0	15.0	2.2868615606190232	508	5025	22	3.0	29.0	15.0	22	3.0	29.0	15.0	1360	0	0.03124833106994629	50900	16.87384533882141	37147	27.019646365422403	
4.474717877185673e+33	22.0	3.0	29.0	15.0	2.2868615606190232	509	5033	22	3.0	29.0	15.0	22	3.0	29.0	15.0	1361	0	0.015624046325683594	51000	16.889469385147095	37217	27.025490196078422	
235.2127834461708	22.0	3.0	29.0	15.0	2.2868615606190232	510	5042	22	3.0	29.0	15.0	22	3.0	29.0	15.0	1363	0	0.031247615814208984	51100	16.920717000961304	37282	27.041095890410958	
1.4632430851078656e+38	22.0	3.0	29.0	15.0	2.2868615606190232	511	5053	22	3.0	29.0	15.0	22	3.0	29.0	15.0	1364	0	0.015623807907104492	51200	16.936340808868408	37349	27.052734375	
3242931.268885176	22.0	3.0	29.0	15.0	2.2868615606190232	512	5065	22	3.0	29.0	15.0	22	3.0	29.0	15.0	1365	0	0.015623807907104492	51300	16.951964616775513	37412	27.072124756335285	
11534.028647065996	22.0	3.0	29.0	15.0	2.2868615606190232	513	5071	22	3.0	29.0	15.0	22	3.0	29.0	15.0	1367	0	0.03124833106994629	51400	16.98321294784546	37485	27.071984435797674	
3.787146067415816e+17	22.0	3.0	29.0	15.0	2.2868615606190232	514	5082	22	3.0	29.0	15.0	22	3.0	29.0	15.0	1368	0	0.015623807907104492	51500	16.998836755752563	37558	27.071844660194174	
542192112.2732766	22.0	3.0	29.0	15.0	2.2868615606190232	515	5091	22	3.0	29.0	15.0	22	3.0	29.0	15.0	1369	0	0.01562356948852539	51600	17.01446032524109	37637	27.060077519379846	
2190554002.8194785	22.0	3.0	29.0	15.0	2.2868615606190232	516	5100	22	3.0	29.0	15.0	22	3.0	29.0	15.0	1371	0	0.031248092651367188	51700	17.045708417892456	37711	27.05802707930367	
1268308968909853.2	22.0	3.0	29.0	15.0	2.2868615606190232	517	5108	22	3.0	29.0	15.0	22	3.0	29.0	15.0	1374	0	0.031247615814208984	51800	17.076956033706665	37782	27.061776061776072	
567261543.0068735	22.0	3.0	29.0	15.0	2.2868615606190232	518	5121	22	3.0	29.0	15.0	22	3.0	29.0	15.0	1376	0	0.04687237739562988	51900	17.123828411102295	37854	27.063583815028906	
1.2505657008922417e+26	22.0	3.0	29.0	15.0	2.2868615606190232	519	5134	22	3.0	29.0	15.0	22	3.0	29.0	15.0	1381	0	0.031247377395629883	52000	17.155075788497925	37918	27.080769230769235	
54809773.579177596	22.0	3.0	29.0	15.0	2.2868615606190232	520	5145	22	3.0	29.0	15.0	22	3.0	29.0	15.0	1382	0	0.031247377395629883	52100	17.186323165893555	37984	27.09404990403071	
588365966.97298	22.0	3.0	29.0	15.0	2.2868615606190232	521	5162	22	3.0	29.0	15.0	22	3.0	29.0	15.0	1383	0	0.031249284744262695	52200	17.217572450637817	38039	27.128352490421463	
1.71357008845286e+20	22.0	3.0	29.0	15.0	2.2868615606190232	522	5170	22	3.0	29.0	15.0	22	3.0	29.0	15.0	1385	0	0.03124690055847168	52300	17.24881935119629	38107	27.137667304015295	
659523.6537948158	22.0	3.0	29.0	15.0	2.2868615606190232	523	5177	22	3.0	29.0	15.0	22	3.0	29.0	15.0	1389	0	0.031247854232788086	52400	17.280067205429077	38181	27.135496183206115	
50028298.62535279	22.0	3.0	29.0	15.0	2.2868615606190232	524	5186	22	3.0	29.0	15.0	22	3.0	29.0	15.0	1393	0	0.031248092651367188	52500	17.311315298080444	38254	27.135238095238094	
51348760.41108065	22.0	3.0	29.0	15.0	2.2868615606190232	525	5191	22	3.0	29.0	15.0	22	3.0	29.0	15.0	1394	0	0.031247854232788086	52600	17.342563152313232	38326	27.136882129277566	
15552159703133.76	22.0	3.0	29.0	15.0	2.2868615606190232	526	5197	22	3.0	29.0	15.0	22	3.0	29.0	15.0	1395	0	0.015624046325683594	52700	17.358187198638916	38403	27.129032258064512	
5263793.88343061	22.0	3.0	29.0	15.0	2.2868615606190232	527	5203	22	3.0	29.0	15.0	22	3.0	29.0	15.0	1395	0	0.031247854232788086	52800	17.389435052871704	38484	27.11363636363636	
561.2086836422903	22.0	3.0	29.0	15.0	2.2868615606190232	528	5216	22	3.0	29.0	15.0	22	3.0	29.0	15.0	1396	0	0.015624046325683594	52900	17.405059099197388	38552	27.12287334593573	
57909402.152131595	22.0	3.0	29.0	15.0	2.2868615606190232	529	5229	22	3.0	29.0	15.0	22	3.0	29.0	15.0	1397	0	0.015624284744262695	53000	17.42068338394165	38618	27.135849056603774	
5794272868.1442	22.0	3.0	29.0	15.0	2.2868615606190232	530	5240	22	3.0	29.0	15.0	22	3.0	29.0	15.0	1398	0	0.031248807907104492	53100	17.451932191848755	38688	27.141242937853107	
1514090264.7559824	22.0	3.0	29.0	15.0	2.2868615606190232	531	5250	22	3.0	29.0	15.0	22	3.0	29.0	15.0	1400	0	0.03124856948852539	53200	17.48318076133728	38755	27.152255639097746	
8.846830921246136e+21	22.0	3.0	29.0	15.0	2.2868615606190232	532	5266	22	3.0	29.0	15.0	22	3.0	29.0	15.0	1402	0	0.01562190055847168	53300	17.498802661895752	38823	27.161350844277678	
2.099558941914955e+16	22.0	3.0	29.0	15.0	2.2868615606190232	533	5275	22	3.0	29.0	15.0	22	3.0	29.0	15.0	1406	0	0.03124856948852539	53400	17.530051231384277	38888	27.17602996254682	
1152676424.6807547	22.0	3.0	29.0	15.0	2.2868615606190232	534	5284	22	3.0	29.0	15.0	22	3.0	29.0	15.0	1409	0	0.03124856948852539	53500	17.561299800872803	38953	27.190654205607473	
129118.3309378327	22.0	3.0	29.0	15.0	2.2868615606190232	535	5292	22	3.0	29.0	15.0	22	3.0	29.0	15.0	1412	0	0.031245708465576172	53600	17.59254550933838	39027	27.18843283582089	
1127528457.915701	22.0	3.0	29.0	15.0	2.2868615606190232	536	5299	22	3.0	29.0	15.0	22	3.0	29.0	15.0	1415	0	0.015624284744262695	53700	17.60816979408264	39103	27.18249534450652	
78504067407284.36	22.0	3.0	29.0	15.0	2.2868615606190232	537	5304	22	3.0	29.0	15.0	22	3.0	29.0	15.0	1418	0	0.031248092651367188	53800	17.63941788673401	39175	27.184014869888472	
1.1726418181823444e+27	22.0	3.0	29.0	15.0	2.2868615606190232	538	5314	22	3.0	29.0	15.0	22	3.0	29.0	15.0	1421	0	0.031247854232788086	53900	17.670665740966797	39240	27.198515769944336	
1.1494922956802467e+17	22.0	3.0	29.0	15.0	2.2868615606190232	539	5325	22	3.0	29.0	15.0	22	3.0	29.0	15.0	1424	0	0.031248092651367188	54000	17.701913833618164	39314	27.196296296296296	
1.267708234840616e+18	22.0	3.0	29.0	15.0	2.2868615606190232	540	5331	22	3.0	29.0	15.0	22	3.0	29.0	15.0	1428	0	0.031248092651367188	54100	17.73316192626953	39391	27.18853974121997	
139899872221640.75	22.0	3.0	29.0	15.0	2.2868615606190232	541	5345	22	3.0	29.0	15.0	22	3.0	29.0	15.0	1429	0	0.031247615814208984	54200	17.76440954208374	39466	27.184501845018445	
5.434784086956883e+33	22.0	3.0	29.0	15.0	2.2868615606190232	542	5354	22	3.0	29.0	15.0	22	3.0	29.0	15.0	1429	0	0.031247854232788086	54300	17.79565739631653	39550	27.163904235727443	
5.784426473967751e+18	22.0	3.0	29.0	15.0	2.2868615606190232	543	5361	22	3.0	29.0	15.0	22	3.0	29.0	15.0	1432	0	0.031247854232788086	54400	17.826905250549316	39623	27.163602941176464	
1.6433480279530439e+19	22.0	3.0	29.0	15.0	2.2868615606190232	544	5371	22	3.0	29.0	15.0	22	3.0	29.0	15.0	1434	0	0.031248092651367188	54500	17.858153343200684	39693	27.168807339449543	
52589203.65447473	22.0	3.0	29.0	15.0	2.2868615606190232	545	5378	22	3.0	29.0	15.0	22	3.0	29.0	15.0	1435	0	0.04687237739562988	54600	17.905025720596313	39766	27.16849816849816	
509398794.01281667	22.0	3.0	29.0	15.0	2.2868615606190232	546	5384	22	3.0	29.0	15.0	22	3.0	29.0	15.0	1437	0	0.03124690055847168	54700	17.936272621154785	39833	27.179159049360152	
57720.10157023816	22.0	3.0	29.0	15.0	2.2868615606190232	547	5397	22	3.0	29.0	15.0	22	3.0	29.0	15.0	1440	0	0.01562356948852539	54800	17.95189619064331	39898	27.193430656934297	
345265436465.05304	22.0	3.0	29.0	15.0	2.2868615606190232	548	5412	22	3.0	29.0	15.0	22	3.0	29.0	15.0	1442	0	0.04687213897705078	54900	17.99876832962036	39963	27.207650273224047	
2.3114559315287116e+37	22.0	3.0	29.0	15.0	2.2868615606190232	549	5425	22	3.0	29.0	15.0	22	3.0	29.0	15.0	1443	0	0.03124713897705078	55000	18.030015468597412	40026	27.22545454545454	
23305385143411.98	22.0	3.0	29.0	15.0	2.2868615606190232	550	5440	22	3.0	29.0	15.0	22	3.0	29.0	15.0	1444	0	0.031249046325683594	55100	18.061264514923096	40093	27.235934664246813	
1.058980401585465e+25	22.0	3.0	29.0	15.0	2.2868615606190232	551	5450	22	3.0	29.0	15.0	22	3.0	29.0	15.0	1444	0	0.031246662139892578	55200	18.09251117706299	40170	27.22826086956522	
1448890.9420299488	22.0	3.0	29.0	15.0	2.2868615606190232	552	5458	22	3.0	29.0	15.0	22	3.0	29.0	15.0	1446	0	0.03124833106994629	55300	18.123759508132935	40245	27.224231464737798	
113.20998518227444	22.0	3.0	29.0	15.0	2.2868615606190232	553	5463	22	3.0	29.0	15.0	22	3.0	29.0	15.0	1448	0	0.04687213897705078	55400	18.170631647109985	40327	27.207581227436833	
533512370.27283823	22.0	3.0	29.0	15.0	2.2868615606190232	554	5471	22	3.0	29.0	15.0	22	3.0	29.0	15.0	1449	0	0.031247377395629883	55500	18.201879024505615	40401	27.2054054054054	
7.704896708778499e+17	22.0	3.0	29.0	15.0	2.2868615606190232	555	5480	22	3.0	29.0	15.0	22	3.0	29.0	15.0	1450	0	0.03124833106994629	55600	18.23312735557556	40476	27.201438848920873	
1.8230572960471138e+20	22.0	3.0	29.0	15.0	2.2868615606190232	556	5490	22	3.0	29.0	15.0	22	3.0	29.0	15.0	1454	0	0.015623331069946289	55700	18.248750686645508	40543	27.21184919210053	
5.617979056180149e+33	22.0	3.0	29.0	15.0	2.2868615606190232	557	5498	22	3.0	29.0	15.0	22	3.0	29.0	15.0	1458	0	0.03124833106994629	55800	18.279999017715454	40618	27.2078853046595	
11015.428407410292	22.0	3.0	29.0	15.0	2.2868615606190232	558	5506	22	3.0	29.0	15.0	22	3.0	29.0	15.0	1461	0	0.031248807907104492	55900	18.31124782562256	40688	27.2128801431127	
2362216798374439.0	22.0	3.0	29.0	15.0	2.2868615606190232	559	5513	22	3.0	29.0	15.0	22	3.0	29.0	15.0	1461	0	0.015622854232788086	56000	18.326870679855347	40759	27.216071428571425	
5897355.220784877	22.0	3.0	29.0	15.0	2.2868615606190232	560	5522	22	3.0	29.0	15.0	22	3.0	29.0	15.0	1462	0	0.031248092651367188	56100	18.358118772506714	40828	27.222816399286984	
21260634713.64855	22.0	3.0	29.0	15.0	2.2868615606190232	561	5534	22	3.0	29.0	15.0	22	3.0	29.0	15.0	1463	0	0.04687237739562988	56200	18.404991149902344	40897	27.229537366548044	
7.458638335537343e+35	22.0	3.0	29.0	15.0	2.2868615606190232	562	5541	22	3.0	29.0	15.0	22	3.0	29.0	15.0	1464	0	0.03124713897705078	56300	18.436238288879395	40973	27.223801065719357	
1.8145163758064786e+25	22.0	3.0	29.0	15.0	2.2868615606190232	563	5545	22	3.0	29.0	15.0	22	3.0	29.0	15.0	1468	0	0.015623807907104492	56400	18.4518620967865	41049	27.218085106382986	
3485984.4714021967	22.0	3.0	29.0	15.0	2.2868615606190232	564	5556	22	3.0	29.0	15.0	22	3.0	29.0	15.0	1474	0	0.015624284744262695	56500	18.46748638153076	41115	27.230088495575217	
973531840.4181257	22.0	3.0	29.0	15.0	2.2868615606190232	565	5567	22	3.0	29.0	15.0	22	3.0	29.0	15.0	1474	0	0.031247377395629883	56600	18.49873375892639	41180	27.24381625441697	
6483410.711507426	22.0	3.0	29.0	15.0	2.2868615606190232	566	5582	22	3.0	29.0	15.0	22	3.0	29.0	15.0	1476	0	0.031248092651367188	56700	18.52998185157776	41234	27.276895943562607	
167217454066753.28	22.0	3.0	29.0	15.0	2.2868615606190232	567	5593	22	3.0	29.0	15.0	22	3.0	29.0	15.0	1478	0	0.03124833106994629	56800	18.561230182647705	41300	27.288732394366207	
22439675389.51054	22.0	3.0	29.0	15.0	2.2868615606190232	568	5606	22	3.0	29.0	15.0	22	3.0	29.0	15.0	1482	0	0.031247854232788086	56900	18.592478036880493	41361	27.30931458699473	
425532199.00510514	22.0	3.0	29.0	15.0	2.2868615606190232	569	5613	22	3.0	29.0	15.0	22	3.0	29.0	15.0	1482	0	0.01562356948852539	57000	18.60810160636902	41424	27.326315789473682	
215107852.0556365	22.0	3.0	29.0	15.0	2.2868615606190232	570	5621	22	3.0	29.0	15.0	22	3.0	29.0	15.0	1482	0	0.031247377395629883	57100	18.63934898376465	41482	27.352014010507887	
35547.79003327693	22.0	3.0	29.0	15.0	2.2868615606190232	571	5629	22	3.0	29.0	15.0	22	3.0	29.0	15.0	1484	0	0.015624046325683594	57200	18.654973030090332	41547	27.365384615384613	
5525721.234378443	22.0	3.0	29.0	15.0	2.2868615606190232	572	5641	22	3.0	29.0	15.0	22	3.0	29.0	15.0	1484	0	0.015624284744262695	57300	18.670597314834595	41610	27.382198952879577	
1.0976270177649755e+26	22.0	3.0	29.0	15.0	2.2868615606190232	573	5654	22	3.0	29.0	15.0	22	3.0	29.0	15.0	1485	0	0.031247854232788086	57400	18.701845169067383	41675	27.395470383275267	
1846450.093643884	22.0	3.0	29.0	15.0	2.2868615606190232	574	5664	22	3.0	29.0	15.0	22	3.0	29.0	15.0	1489	0	0.031249046325683594	57500	18.733094215393066	41745	27.400000000000006	
1.0715736505078815e+21	22.0	3.0	29.0	15.0	2.2868615606190232	575	5674	22	3.0	29.0	15.0	22	3.0	29.0	15.0	1489	0	0.031246662139892578	57600	18.76434087753296	41819	27.397569444444443	
2.6010217512960007e+38	22.0	3.0	29.0	15.0	2.2868615606190232	576	5689	22	3.0	29.0	15.0	22	3.0	29.0	15.0	1490	0	0.031248092651367188	57700	18.795588970184326	41892	27.396880415944537	
127696.90394240644	22.0	3.0	29.0	15.0	2.2868615606190232	577	5700	22	3.0	29.0	15.0	22	3.0	29.0	15.0	1493	0	0.031247377395629883	57800	18.826836347579956	41964	27.397923875432525	
116843.81702945405	22.0	3.0	29.0	15.0	2.2868615606190232	578	5703	22	3.0	29.0	15.0	22	3.0	29.0	15.0	1494	0	0.04687190055847168	57900	18.873708248138428	42039	27.39378238341969	
599.4658664943107	22.0	3.0	29.0	15.0	2.2868615606190232	579	5717	22	3.0	29.0	15.0	22	3.0	29.0	15.0	1494	0	0.031247854232788086	58000	18.904956102371216	42112	27.393103448275852	
22029644.222603425	22.0	3.0	29.0	15.0	2.2868615606190232	580	5724	22	3.0	29.0	15.0	22	3.0	29.0	15.0	1495	0	0.03124833106994629	58100	18.936204433441162	42183	27.39586919104991	
503.1065125468576	22.0	3.0	29.0	15.0	2.2868615606190232	581	5735	22	3.0	29.0	15.0	22	3.0	29.0	15.0	1496	0	0.031248092651367188	58200	18.96745252609253	42256	27.39518900343643	
2.123595506934657e+26	22.0	3.0	29.0	15.0	2.2868615606190232	582	5745	22	3.0	29.0	15.0	22	3.0	29.0	15.0	1498	0	0.03124713897705078	58300	18.99869966506958	42330	27.392795883361913	
2.15242845395171e+34	22.0	3.0	29.0	15.0	2.2868615606190232	583	5750	22	3.0	29.0	15.0	22	3.0	29.0	15.0	1499	0	0.031247854232788086	58400	19.029947519302368	42410	27.38013698630138	
1.059617823242468e+28	22.0	3.0	29.0	15.0	2.2868615606190232	584	5761	22	3.0	29.0	15.0	22	3.0	29.0	15.0	1504	0	0.031247615814208984	58500	19.061195135116577	42479	27.386324786324792	
866.4032289251062	22.0	3.0	29.0	15.0	2.2868615606190232	585	5772	22	3.0	29.0	15.0	22	3.0	29.0	15.0	1508	0	0.031247854232788086	58600	19.092442989349365	42546	27.395904436860064	
75773814.3679734	22.0	3.0	29.0	15.0	2.2868615606190232	586	5781	22	3.0	29.0	15.0	22	3.0	29.0	15.0	1512	0	0.031247854232788086	58700	19.123690843582153	42617	27.39863713798978	
1.923007737291931e+25	22.0	3.0	29.0	15.0	2.2868615606190232	587	5785	22	3.0	29.0	15.0	22	3.0	29.0	15.0	1514	0	0.03124856948852539	58800	19.15493941307068	42699	27.382653061224488	
5287608.644694858	22.0	3.0	29.0	15.0	2.2868615606190232	588	5792	22	3.0	29.0	15.0	22	3.0	29.0	15.0	1515	0	0.015623807907104492	58900	19.170563220977783	42780	27.368421052631575	
52533529.800733134	22.0	3.0	29.0	15.0	2.2868615606190232	589	5798	22	3.0	29.0	15.0	22	3.0	29.0	15.0	1517	0	0.031247615814208984	59000	19.201810836791992	42857	27.361016949152543	
2.412031260777528e+27	22.0	3.0	29.0	15.0	2.2868615606190232	590	5807	22	3.0	29.0	15.0	22	3.0	29.0	15.0	1518	0	0.015624046325683594	59100	19.217434883117676	42934	27.353637901861248	
1.1286843229781978e+16	22.0	3.0	29.0	15.0	2.2868615606190232	591	5820	22	3.0	29.0	15.0	22	3.0	29.0	15.0	1519	0	0.015624046325683594	59200	19.23305892944336	42998	27.368243243243242	
6833455.957774902	22.0	3.0	29.0	15.0	2.2868615606190232	592	5829	22	3.0	29.0	15.0	22	3.0	29.0	15.0	1519	0	0.031247377395629883	59300	19.26430630683899	43064	27.379426644182132	
1.217393285831735e+29	22.0	3.0	29.0	15.0	2.2868615606190232	593	5838	22	3.0	29.0	15.0	22	3.0	29.0	15.0	1522	0	0.04687213897705078	59400	19.31117844581604	43133	27.385521885521896	
62642.1938488059	22.0	3.0	29.0	15.0	2.2868615606190232	594	5851	22	3.0	29.0	15.0	22	3.0	29.0	15.0	1522	0	0.031248092651367188	59500	19.342426538467407	43208	27.38151260504202	
985907717.6622391	22.0	3.0	29.0	15.0	2.2868615606190232	595	5863	22	3.0	29.0	15.0	22	3.0	29.0	15.0	1525	0	0.03124713897705078	59600	19.373673677444458	43279	27.38422818791946	
542179.2443369606	22.0	3.0	29.0	15.0	2.2868615606190232	596	5873	22	3.0	29.0	15.0	22	3.0	29.0	15.0	1526	0	0.03124856948852539	59700	19.404922246932983	43353	27.381909547738687	
16414193537.372818	22.0	3.0	29.0	15.0	2.2868615606190232	597	5880	22	3.0	29.0	15.0	22	3.0	29.0	15.0	1527	0	0.031247377395629883	59800	19.436169624328613	43426	27.381270903010034	
123922922.42207104	22.0	3.0	29.0	15.0	2.2868615606190232	598	5887	22	3.0	29.0	15.0	22	3.0	29.0	15.0	1528	0	0.04687190055847168	59900	19.483041524887085	43506	27.368948247078464	
8164921.628996109	22.0	3.0	29.0	15.0	2.2868615606190232	599	5893	22	3.0	29.0	15.0	22	3.0	29.0	15.0	1534	0	0.031247854232788086	60000	19.514289379119873	43588	27.353333333333325	
8.846833396074535e+26	22.0	3.0	29.0	15.0	2.2868615606190232	600	5899	22	3.0	29.0	15.0	22	3.0	29.0	15.0	1536	0	0.03124833106994629	60100	19.54553771018982	43669	27.33943427620632	
6.88212192887208e+16	22.0	3.0	29.0	15.0	2.2868615606190232	601	5910	22	3.0	29.0	15.0	22	3.0	29.0	15.0	1540	0	0.031247854232788086	60200	19.576785564422607	43727	27.363787375415285	
1.9865503776184538e+18	22.0	3.0	29.0	15.0	2.2868615606190232	602	5921	22	3.0	29.0	15.0	22	3.0	29.0	15.0	1545	0	0.031247854232788086	60300	19.608033418655396	43793	27.374792703150902	
1.4683146067417635e+17	22.0	3.0	29.0	15.0	2.2868615606190232	603	5929	22	3.0	29.0	15.0	22	3.0	29.0	15.0	1549	0	0.031247854232788086	60400	19.639281272888184	43861	27.382450331125824	
4.697844657617107e+23	22.0	3.0	29.0	15.0	2.2868615606190232	604	5938	22	3.0	29.0	15.0	22	3.0	29.0	15.0	1550	0	0.04687190055847168	60500	19.686153173446655	43932	27.385123966942146	
61653333333642.52	22.0	3.0	29.0	15.0	2.2868615606190232	605	5946	22	3.0	29.0	15.0	22	3.0	29.0	15.0	1553	0	0.01562356948852539	60600	19.70177674293518	44003	27.38778877887789	
48641689.05687307	22.0	3.0	29.0	15.0	2.2868615606190232	606	5962	22	3.0	29.0	15.0	22	3.0	29.0	15.0	1555	0	0.031247615814208984	60700	19.73302435874939	44071	27.395387149917624	
2409.663090558598	22.0	3.0	29.0	15.0	2.2868615606190232	607	5980	22	3.0	29.0	15.0	22	3.0	29.0	15.0	1557	0	0.031249046325683594	60800	19.764273405075073	44141	27.399671052631575	
8.485714387542859e+36	22.0	3.0	29.0	15.0	2.2868615606190232	608	5992	22	3.0	29.0	15.0	22	3.0	29.0	15.0	1562	0	0.015622854232788086	60900	19.77989625930786	44211	27.403940886699502	
934241544639686.6	22.0	3.0	29.0	15.0	2.2868615606190232	609	5999	22	3.0	29.0	15.0	22	3.0	29.0	15.0	1565	0	0.04687190055847168	61000	19.826768159866333	44282	27.406557377049182	
2454671.2041660403	22.0	3.0	29.0	15.0	2.2868615606190232	610	6007	22	3.0	29.0	15.0	22	3.0	29.0	15.0	1568	0	0.031247615814208984	61100	19.858015775680542	44356	27.404255319148945	
7.040997273802525e+30	22.0	3.0	29.0	15.0	2.2868615606190232	611	6020	22	3.0	29.0	15.0	22	3.0	29.0	15.0	1568	0	0.031248092651367188	61200	19.88926386833191	44426	27.40849673202615	
3680270.11024952	22.0	3.0	29.0	15.0	2.2868615606190232	612	6029	22	3.0	29.0	15.0	22	3.0	29.0	15.0	1568	0	0.031248092651367188	61300	19.920511960983276	44498	27.409461663947795	
3.6888355268429654e+23	22.0	3.0	29.0	15.0	2.2868615606190232	613	6036	22	3.0	29.0	15.0	22	3.0	29.0	15.0	1569	0	0.031247615814208984	61400	19.951759576797485	44571	27.40879478827361	
9.788667241069282e+27	22.0	3.0	29.0	15.0	2.2868615606190232	614	6043	22	3.0	29.0	15.0	22	3.0	29.0	15.0	1570	0	0.031247615814208984	61500	19.983007192611694	44640	27.41463414634147	
611430205605528.8	22.0	3.0	29.0	15.0	2.2868615606190232	615	6048	22	3.0	29.0	15.0	22	3.0	29.0	15.0	1571	0	0.015624046325683594	61600	19.998631238937378	44722	27.39935064935065	
5212283777430.433	22.0	3.0	29.0	15.0	2.2868615606190232	616	6053	22	3.0	29.0	15.0	22	3.0	29.0	15.0	1572	0	0.031247615814208984	61700	20.029878854751587	44793	27.401944894651535	
18009233.6957881	22.0	3.0	29.0	15.0	2.2868615606190232	617	6065	22	3.0	29.0	15.0	22	3.0	29.0	15.0	1573	0	0.046872854232788086	61800	20.076751708984375	44856	27.41747572815534	
637824.278783948	22.0	3.0	29.0	15.0	2.2868615606190232	618	6075	22	3.0	29.0	15.0	22	3.0	29.0	15.0	1577	0	0.031247615814208984	61900	20.107999324798584	44921	27.429725363489496	
213626900785.41818	22.0	3.0	29.0	15.0	2.2868615606190232	619	6086	22	3.0	29.0	15.0	22	3.0	29.0	15.0	1580	0	0.031247377395629883	62000	20.139246702194214	44986	27.441935483870978	
62225.33588380898	22.0	3.0	29.0	15.0	2.2868615606190232	620	6094	22	3.0	29.0	15.0	22	3.0	29.0	15.0	1583	0	0.031249046325683594	62100	20.170495748519897	45054	27.449275362318843	
26909449.63870074	22.0	3.0	29.0	15.0	2.2868615606190232	621	6106	22	3.0	29.0	15.0	22	3.0	29.0	15.0	1583	0	0.031246662139892578	62200	20.20174241065979	45133	27.43890675241157	
42370.12777464158	22.0	3.0	29.0	15.0	2.2868615606190232	622	6119	22	3.0	29.0	15.0	22	3.0	29.0	15.0	1588	0	0.031248092651367188	62300	20.232990503311157	45199	27.449438202247194	
503342.3768611656	22.0	3.0	29.0	15.0	2.2868615606190232	623	6123	22	3.0	29.0	15.0	22	3.0	29.0	15.0	1588	0	0.04687142372131348	62400	20.27986192703247	45281	27.434294871794876	
8.538220540880038e+18	22.0	3.0	29.0	15.0	2.2868615606190232	624	6136	22	3.0	29.0	15.0	22	3.0	29.0	15.0	1590	0	0.031247854232788086	62500	20.31110978126526	45349	27.441599999999994	
5420471.177545079	22.0	3.0	29.0	15.0	2.2868615606190232	625	6147	22	3.0	29.0	15.0	22	3.0	29.0	15.0	1590	0	0.031247854232788086	62600	20.342357635498047	45423	27.439297124600643	
111464298.9688825	22.0	3.0	29.0	15.0	2.2868615606190232	626	6153	22	3.0	29.0	15.0	22	3.0	29.0	15.0	1594	0	0.031247854232788086	62700	20.373605489730835	45495	27.440191387559807	
106405.46101863548	22.0	3.0	29.0	15.0	2.2868615606190232	627	6163	22	3.0	29.0	15.0	22	3.0	29.0	15.0	1600	0	0.031247854232788086	62800	20.404853343963623	45566	27.442675159235662	
58471.48329453847	22.0	3.0	29.0	15.0	2.2868615606190232	628	6175	22	3.0	29.0	15.0	22	3.0	29.0	15.0	1605	0	0.031247854232788086	62900	20.43610119819641	45631	27.454689984101748	
5650.522091043071	22.0	3.0	29.0	15.0	2.2868615606190232	629	6180	22	3.0	29.0	15.0	22	3.0	29.0	15.0	1609	0	0.01562356948852539	63000	20.451724767684937	45700	27.46031746031747	
5757.1512425709625	22.0	3.0	29.0	15.0	2.2868615606190232	630	6191	22	3.0	29.0	15.0	22	3.0	29.0	15.0	1612	0	0.031248807907104492	63100	20.48297357559204	45772	27.461172741679874	
172879.50778039455	22.0	3.0	29.0	15.0	2.2868615606190232	631	6203	22	3.0	29.0	15.0	22	3.0	29.0	15.0	1613	0	0.031247377395629883	63200	20.51422095298767	45846	27.458860759493675	
59004626.14611548	22.0	3.0	29.0	15.0	2.2868615606190232	632	6212	22	3.0	29.0	15.0	22	3.0	29.0	15.0	1614	0	0.031248092651367188	63300	20.545469045639038	45923	27.451816745655606	
8.741813791231128e+21	22.0	3.0	29.0	15.0	2.2868615606190232	633	6224	22	3.0	29.0	15.0	22	3.0	29.0	15.0	1619	0	0.031247615814208984	63400	20.576716661453247	45994	27.454258675078876	
7966914469660765.0	22.0	3.0	29.0	15.0	2.2868615606190232	634	6236	22	3.0	29.0	15.0	22	3.0	29.0	15.0	1621	0	0.031249523162841797	63500	20.60796618461609	46071	27.447244094488184	
2687608155.422973	22.0	3.0	29.0	15.0	2.2868615606190232	635	6249	22	3.0	29.0	15.0	22	3.0	29.0	15.0	1622	0	0.03124713897705078	63600	20.63921332359314	46144	27.44654088050315	
853894722384.9366	22.0	3.0	29.0	15.0	2.2868615606190232	636	6258	22	3.0	29.0	15.0	22	3.0	29.0	15.0	1624	0	0.01562356948852539	63700	20.654836893081665	46220	27.44113029827315	
35796.59604919527	22.0	3.0	29.0	15.0	2.2868615606190232	637	6269	22	3.0	29.0	15.0	22	3.0	29.0	15.0	1630	0	0.031247377395629883	63800	20.686084270477295	46294	27.438871473354226	
69099.67999457811	22.0	3.0	29.0	15.0	2.2868615606190232	638	6284	22	3.0	29.0	15.0	22	3.0	29.0	15.0	1630	0	0.031247854232788086	63900	20.717332124710083	46368	27.436619718309856	
7.122709451224618e+38	22.0	3.0	29.0	15.0	2.2868615606190232	639	6291	22	3.0	29.0	15.0	22	3.0	29.0	15.0	1633	0	0.015624046325683594	64000	20.732956171035767	46445	27.4296875	
3.3526342264809874e+22	22.0	3.0	29.0	15.0	2.2868615606190232	640	6296	22	3.0	29.0	15.0	22	3.0	29.0	15.0	1634	0	0.031249284744262695	64100	20.76420545578003	46521	27.42433697347893	
3599325063417933.0	22.0	3.0	29.0	15.0	2.2868615606190232	641	6302	22	3.0	29.0	15.0	22	3.0	29.0	15.0	1635	0	0.03124713897705078	64200	20.79545259475708	46593	27.425233644859816	
574.7591453025028	22.0	3.0	29.0	15.0	2.2868615606190232	642	6313	22	3.0	29.0	15.0	22	3.0	29.0	15.0	1635	0	0.031249046325683594	64300	20.826701641082764	46660	27.433903576982885	
614191112.403317	22.0	3.0	29.0	15.0	2.2868615606190232	643	6324	22	3.0	29.0	15.0	22	3.0	29.0	15.0	1637	0	0.031246423721313477	64400	20.857948064804077	46724	27.447204968944092	
4.292988505787745e+20	22.0	3.0	29.0	15.0	2.2868615606190232	644	6337	22	3.0	29.0	15.0	22	3.0	29.0	15.0	1638	0	0.031247377395629883	64500	20.889195442199707	46788	27.460465116279067	
542006455.00721	22.0	3.0	29.0	15.0	2.2868615606190232	645	6345	22	3.0	29.0	15.0	22	3.0	29.0	15.0	1641	0	0.031248092651367188	64600	20.920443534851074	46863	27.456656346749227	
3216301.736948095	22.0	3.0	29.0	15.0	2.2868615606190232	646	6355	22	3.0	29.0	15.0	22	3.0	29.0	15.0	1644	0	0.015623807907104492	64700	20.93606734275818	46932	27.462132921174657	
111027067.60291347	22.0	3.0	29.0	15.0	2.2868615606190232	647	6367	22	3.0	29.0	15.0	22	3.0	29.0	15.0	1646	0	0.04687166213989258	64800	20.98293900489807	47007	27.45833333333333	
7.618123651000144e+33	22.0	3.0	29.0	15.0	2.2868615606190232	648	6372	22	3.0	29.0	15.0	22	3.0	29.0	15.0	1646	0	0.031247615814208984	64900	21.01418662071228	47087	27.44684129429892	
3.1177293088235307e+29	22.0	3.0	29.0	15.0	2.2868615606190232	649	6387	22	3.0	29.0	15.0	22	3.0	29.0	15.0	1647	0	0.031247854232788086	65000	21.04543447494507	47162	27.44307692307693	
771.4928436620049	22.0	3.0	29.0	15.0	2.2868615606190232	650	6399	22	3.0	29.0	15.0	22	3.0	29.0	15.0	1649	0	0.015624761581420898	65100	21.06105923652649	47239	27.436251920122885	
1337357953.7029083	22.0	3.0	29.0	15.0	2.2868615606190232	651	6407	22	3.0	29.0	15.0	22	3.0	29.0	15.0	1651	0	0.03124713897705078	65200	21.09230637550354	47309	27.440184049079747	
3.604104434752219e+29	22.0	3.0	29.0	15.0	2.2868615606190232	652	6416	22	3.0	29.0	15.0	22	3.0	29.0	15.0	1655	0	0.04687190055847168	65300	21.13917827606201	47379	27.44410413476264	
2.2912122447533117e+19	22.0	3.0	29.0	15.0	2.2868615606190232	653	6423	22	3.0	29.0	15.0	22	3.0	29.0	15.0	1663	0	0.03124833106994629	65400	21.170426607131958	47453	27.441896024464825	
1.6896551724711427e+17	22.0	3.0	29.0	15.0	2.2868615606190232	654	6432	22	3.0	29.0	15.0	22	3.0	29.0	15.0	1668	0	0.031247854232788086	65500	21.201674461364746	47522	27.4473282442748	
1.5557889307202426e+17	22.0	3.0	29.0	15.0	2.2868615606190232	655	6445	22	3.0	29.0	15.0	22	3.0	29.0	15.0	1672	0	0.015623331069946289	65600	21.217297792434692	47593	27.449695121951223	
6.438200024170633e+36	22.0	3.0	29.0	15.0	2.2868615606190232	656	6454	22	3.0	29.0	15.0	22	3.0	29.0	15.0	1676	0	0.031249284744262695	65700	21.248547077178955	47666	27.44901065449011	
7.364651860468062e+33	22.0	3.0	29.0	15.0	2.2868615606190232	657	6467	22	3.0	29.0	15.0	22	3.0	29.0	15.0	1678	0	0.03124856948852539	65800	21.27979564666748	47730	27.46200607902736	
3.503936270066667e+38	22.0	3.0	29.0	15.0	2.2868615606190232	658	6478	22	3.0	29.0	15.0	22	3.0	29.0	15.0	1678	0	0.01562190055847168	65900	21.295417547225952	47800	27.46585735963582	
569.6809097748219	22.0	3.0	29.0	15.0	2.2868615606190232	659	6487	22	3.0	29.0	15.0	22	3.0	29.0	15.0	1682	0	0.031247854232788086	66000	21.32666540145874	47870	27.46969696969697	
1.1506247464099852e+18	22.0	3.0	29.0	15.0	2.2868615606190232	660	6497	22	3.0	29.0	15.0	22	3.0	29.0	15.0	1684	0	0.015624523162841797	66100	21.342289924621582	47937	27.478063540090773	
524521580.35127586	22.0	3.0	29.0	15.0	2.2868615606190232	661	6503	22	3.0	29.0	15.0	22	3.0	29.0	15.0	1686	0	0.031247615814208984	66200	21.37353754043579	48005	27.48489425981873	
1.9876214872622272e+20	22.0	3.0	29.0	15.0	2.2868615606190232	662	6521	22	3.0	29.0	15.0	22	3.0	29.0	15.0	1689	0	0.01562356948852539	66300	21.389161109924316	48066	27.502262443438923	
1.2663559448020982e+26	22.0	3.0	29.0	15.0	2.2868615606190232	663	6537	22	3.0	29.0	15.0	22	3.0	29.0	15.0	1692	0	0.046872615814208984	66400	21.436033725738525	48127	27.519578313253007	
539116180.843566	22.0	3.0	29.0	15.0	2.2868615606190232	664	6548	22	3.0	29.0	15.0	22	3.0	29.0	15.0	1693	0	0.03124833106994629	66500	21.46728205680847	48191	27.532330827067668	
96060.67684904997	22.0	3.0	29.0	15.0	2.2868615606190232	665	6558	22	3.0	29.0	15.0	22	3.0	29.0	15.0	1695	0	0.03124690055847168	66600	21.498528957366943	48255	27.545045045045043	
1599.9400047312495	22.0	3.0	29.0	15.0	2.2868615606190232	666	6570	22	3.0	29.0	15.0	22	3.0	29.0	15.0	1697	0	0.01562356948852539	66700	21.51415252685547	48320	27.55622188905548	
2.4365177019047094e+20	22.0	3.0	29.0	15.0	2.2868615606190232	667	6582	22	3.0	29.0	15.0	22	3.0	29.0	15.0	1698	0	0.015624284744262695	66800	21.52977681159973	48386	27.565868263473064	
3.096666669419444e+19	22.0	3.0	29.0	15.0	2.2868615606190232	668	6589	22	3.0	29.0	15.0	22	3.0	29.0	15.0	1699	0	0.031248092651367188	66900	21.5610249042511	48457	27.568011958146485	
282.9578802733977	22.0	3.0	29.0	15.0	2.2868615606190232	669	6598	22	3.0	29.0	15.0	22	3.0	29.0	15.0	1702	0	0.031247615814208984	67000	21.592272520065308	48524	27.57611940298507	
116335897.61592484	22.0	3.0	29.0	15.0	2.2868615606190232	670	6605	22	3.0	29.0	15.0	22	3.0	29.0	15.0	1703	0	0.015624284744262695	67100	21.60789680480957	48599	27.57228017883756	
7.102272727306472e+20	22.0	3.0	29.0	15.0	2.2868615606190232	671	6614	22	3.0	29.0	15.0	22	3.0	29.0	15.0	1707	0	0.04687142372131348	67200	21.654768228530884	48663	27.58482142857143	
3.801177349626342e+38	22.0	3.0	29.0	15.0	2.2868615606190232	672	6618	22	3.0	29.0	15.0	22	3.0	29.0	15.0	1711	0	0.01562356948852539	67300	21.67039179801941	48740	27.578008915304608	
1.5645806034483996e+20	22.0	3.0	29.0	15.0	2.2868615606190232	673	6628	22	3.0	29.0	15.0	22	3.0	29.0	15.0	1715	0	0.03124856948852539	67400	21.701640367507935	48811	27.580118694362028	
2.671764800323267e+19	22.0	3.0	29.0	15.0	2.2868615606190232	674	6636	22	3.0	29.0	15.0	22	3.0	29.0	15.0	1715	0	0.031247377395629883	67500	21.732887744903564	48885	27.577777777777783	
3.2074474022462243e+34	22.0	3.0	29.0	15.0	2.2868615606190232	675	6646	22	3.0	29.0	15.0	22	3.0	29.0	15.0	1716	0	0.031247615814208984	67600	21.764135360717773	48955	27.581360946745562	
1.0586315847658843e+17	22.0	3.0	29.0	15.0	2.2868615606190232	676	6653	22	3.0	29.0	15.0	22	3.0	29.0	15.0	1717	0	0.031247854232788086	67700	21.79538321495056	49019	27.59379615952733	
1.4256221147414535e+27	22.0	3.0	29.0	15.0	2.2868615606190232	677	6660	22	3.0	29.0	15.0	22	3.0	29.0	15.0	1717	0	0.015624046325683594	67800	21.811007261276245	49091	27.594395280235986	
252075.69055895653	22.0	3.0	29.0	15.0	2.2868615606190232	678	6665	22	3.0	29.0	15.0	22	3.0	29.0	15.0	1720	0	0.031248807907104492	67900	21.84225606918335	49154	27.608247422680407	
3.0011166485759435e+19	22.0	3.0	29.0	15.0	2.2868615606190232	679	6676	22	3.0	29.0	15.0	22	3.0	29.0	15.0	1725	0	0.015622854232788086	68000	21.857878923416138	49211	27.63088235294117	
9938.698181642249	22.0	3.0	29.0	15.0	2.2868615606190232	680	6693	22	3.0	29.0	15.0	22	3.0	29.0	15.0	1727	0	0.031248092651367188	68100	21.889127016067505	49265	27.657856093979433	
1.5922666975500007e+27	22.0	3.0	29.0	15.0	2.2868615606190232	681	6700	22	3.0	29.0	15.0	22	3.0	29.0	15.0	1729	0	0.031247615814208984	68200	21.920374631881714	49327	27.673020527859236	
600418.2182962891	22.0	3.0	29.0	15.0	2.2868615606190232	682	6716	22	3.0	29.0	15.0	22	3.0	29.0	15.0	1731	0	0.031247377395629883	68300	21.951622009277344	49388	27.689604685212302	
2937.421725941262	22.0	3.0	29.0	15.0	2.2868615606190232	683	6728	22	3.0	29.0	15.0	22	3.0	29.0	15.0	1733	0	0.031248807907104492	68400	21.98287081718445	49455	27.69736842105263	
462.2564975605518	22.0	3.0	29.0	15.0	2.2868615606190232	684	6741	22	3.0	29.0	15.0	22	3.0	29.0	15.0	1735	0	0.015623092651367188	68500	21.998493909835815	49521	27.706569343065695	
619338.3703702388	22.0	3.0	29.0	15.0	2.2868615606190232	685	6749	22	3.0	29.0	15.0	22	3.0	29.0	15.0	1737	0	0.031248807907104492	68600	22.02974271774292	49591	27.70991253644314	
19337.09978590223	22.0	3.0	29.0	15.0	2.2868615606190232	686	6758	22	3.0	29.0	15.0	22	3.0	29.0	15.0	1740	0	0.01562356948852539	68700	22.045366287231445	49662	27.711790393013104	
97261629305083.19	22.0	3.0	29.0	15.0	2.2868615606190232	687	6763	22	3.0	29.0	15.0	22	3.0	29.0	15.0	1744	0	0.031248092651367188	68800	22.076614379882812	49733	27.713662790697683	
2.141962747390737e+19	22.0	3.0	29.0	15.0	2.2868615606190232	688	6773	22	3.0	29.0	15.0	22	3.0	29.0	15.0	1744	0	0.031247615814208984	68900	22.10786199569702	49809	27.70827285921625	
633585886.9384372	22.0	3.0	29.0	15.0	2.2868615606190232	689	6784	22	3.0	29.0	15.0	22	3.0	29.0	15.0	1747	0	0.031247615814208984	69000	22.13910961151123	49875	27.717391304347828	
1.8008640968439776e+16	22.0	3.0	29.0	15.0	2.2868615606190232	690	6790	22	3.0	29.0	15.0	22	3.0	29.0	15.0	1754	0	0.03124833106994629	69100	22.170357942581177	49943	27.72358900144718	
35125580018011.89	22.0	3.0	29.0	15.0	2.2868615606190232	691	6805	22	3.0	29.0	15.0	22	3.0	29.0	15.0	1757	0	0.031247615814208984	69200	22.201605558395386	50005	27.738439306358387	
1.8857241066364236e+23	22.0	3.0	29.0	15.0	2.2868615606190232	692	6817	22	3.0	29.0	15.0	22	3.0	29.0	15.0	1760	0	0.015624523162841797	69300	22.217230081558228	50071	27.74747474747474	
2912896.6056179493	22.0	3.0	29.0	15.0	2.2868615606190232	693	6827	22	3.0	29.0	15.0	22	3.0	29.0	15.0	1761	0	0.031247377395629883	69400	22.248477458953857	50147	27.74207492795388	
58388628766832.3	22.0	3.0	29.0	15.0	2.2868615606190232	694	6836	22	3.0	29.0	15.0	22	3.0	29.0	15.0	1762	0	0.03124856948852539	69500	22.279726028442383	50220	27.741007194244602	
270.680243132557	22.0	3.0	29.0	15.0	2.2868615606190232	695	6842	22	3.0	29.0	15.0	22	3.0	29.0	15.0	1766	0	0.031247615814208984	69600	22.310973644256592	50291	27.742816091954026	
55460082.18354237	22.0	3.0	29.0	15.0	2.2868615606190232	696	6851	22	3.0	29.0	15.0	22	3.0	29.0	15.0	1770	0	0.015624523162841797	69700	22.326598167419434	50361	27.746054519368727	
35309630339.29433	22.0	3.0	29.0	15.0	2.2868615606190232	697	6864	22	3.0	29.0	15.0	22	3.0	29.0	15.0	1774	0	0.031247377395629883	69800	22.357845544815063	50423	27.760744985673355	
340331101996.4456	22.0	3.0	29.0	15.0	2.2868615606190232	698	6876	22	3.0	29.0	15.0	22	3.0	29.0	15.0	1776	0	0.015623092651367188	69900	22.37346863746643	50492	27.765379113018597	
2.130804123580548e+22	22.0	3.0	29.0	15.0	2.2868615606190232	699	6887	22	3.0	29.0	15.0	22	3.0	29.0	15.0	1780	0	0.031247854232788086	70000	22.40471649169922	50558	27.774285714285725	
7470490.898913517	22.0	3.0	29.0	15.0	2.2868615606190232	700	6900	22	3.0	29.0	15.0	22	3.0	29.0	15.0	1782	0	0.031248092651367188	70100	22.435964584350586	50625	27.781740370898717	
1.6455465495989207e+36	22.0	3.0	29.0	15.0	2.2868615606190232	701	6907	22	3.0	29.0	15.0	22	3.0	29.0	15.0	1784	0	0.03124856948852539	70200	22.46721315383911	50698	27.78062678062679	
6.377963989481592e+16	22.0	3.0	29.0	15.0	2.2868615606190232	702	6919	22	3.0	29.0	15.0	22	3.0	29.0	15.0	1787	0	0.01562356948852539	70300	22.482836723327637	50761	27.793741109530572	
5.591400497981298e+28	22.0	3.0	29.0	15.0	2.2868615606190232	703	6926	22	3.0	29.0	15.0	22	3.0	29.0	15.0	1788	0	0.031247377395629883	70400	22.514084100723267	50834	27.79261363636364	
230146461.74860835	22.0	3.0	29.0	15.0	2.2868615606190232	704	6934	22	3.0	29.0	15.0	22	3.0	29.0	15.0	1789	0	0.03124833106994629	70500	22.545332431793213	50909	27.788652482269498	
26897446.8130872	22.0	3.0	29.0	15.0	2.2868615606190232	705	6940	22	3.0	29.0	15.0	22	3.0	29.0	15.0	1792	0	0.046871185302734375	70600	22.592203617095947	50986	27.78186968838527	
9138284350.364124	22.0	3.0	29.0	15.0	2.2868615606190232	706	6949	22	3.0	29.0	15.0	22	3.0	29.0	15.0	1792	0	0.015624284744262695	70700	22.60782790184021	51053	27.78925035360679	
12215.350548593038	22.0	3.0	29.0	15.0	2.2868615606190232	707	6957	22	3.0	29.0	15.0	22	3.0	29.0	15.0	1794	0	0.031247854232788086	70800	22.639075756072998	51119	27.79802259887005	
1273514255319343.5	22.0	3.0	29.0	15.0	2.2868615606190232	708	6962	22	3.0	29.0	15.0	22	3.0	29.0	15.0	1796	0	0.031247854232788086	70900	22.670323610305786	51191	27.79830747531736	
685467216.9977868	22.0	3.0	29.0	15.0	2.2868615606190232	709	6975	22	3.0	29.0	15.0	22	3.0	29.0	15.0	1798	0	0.031247854232788086	71000	22.701571464538574	51265	27.795774647887328	
127760023.59109008	22.0	3.0	29.0	15.0	2.2868615606190232	710	6983	22	3.0	29.0	15.0	22	3.0	29.0	15.0	1799	0	0.03124833106994629	71100	22.73281979560852	51338	27.794655414908576	
5.761363636363642e+17	22.0	3.0	29.0	15.0	2.2868615606190232	711	6993	22	3.0	29.0	15.0	22	3.0	29.0	15.0	1802	0	0.031247854232788086	71200	22.76406764984131	51409	27.796348314606746	
21436547490332.0	22.0	3.0	29.0	15.0	2.2868615606190232	712	7004	22	3.0	29.0	15.0	22	3.0	29.0	15.0	1807	0	0.03124713897705078	71300	22.79531478881836	51481	27.796633941093972	
374.1537052140004	22.0	3.0	29.0	15.0	2.2868615606190232	713	7012	22	3.0	29.0	15.0	22	3.0	29.0	15.0	1811	0	0.031249046325683594	71400	22.826563835144043	51556	27.792717086834728	
4.350655012379672e+17	22.0	3.0	29.0	15.0	2.2868615606190232	714	7023	22	3.0	29.0	15.0	22	3.0	29.0	15.0	1816	0	0.01562356948852539	71500	22.84218740463257	51623	27.799999999999997	
55980564.391243905	22.0	3.0	29.0	15.0	2.2868615606190232	715	7034	22	3.0	29.0	15.0	22	3.0	29.0	15.0	1818	0	0.01562356948852539	71600	22.857810974121094	51689	27.808659217877093	
232.15237838583087	22.0	3.0	29.0	15.0	2.2868615606190232	716	7042	22	3.0	29.0	15.0	22	3.0	29.0	15.0	1822	0	0.031247615814208984	71700	22.889058589935303	51755	27.81729428172943	
208.31368863024323	22.0	3.0	29.0	15.0	2.2868615606190232	717	7054	22	3.0	29.0	15.0	22	3.0	29.0	15.0	1822	0	0.031247854232788086	71800	22.92030644416809	51815	27.834261838440113	
1.71848779386207e+37	22.0	3.0	29.0	15.0	2.2868615606190232	718	7065	22	3.0	29.0	15.0	22	3.0	29.0	15.0	1825	0	0.01562356948852539	71900	22.935930013656616	51883	27.840055632823365	
2.029084782298178e+21	22.0	3.0	29.0	15.0	2.2868615606190232	719	7073	22	3.0	29.0	15.0	22	3.0	29.0	15.0	1828	0	0.031248807907104492	72000	22.96717882156372	51954	27.84166666666667	
3144337.834885421	22.0	3.0	29.0	15.0	2.2868615606190232	720	7083	22	3.0	29.0	15.0	22	3.0	29.0	15.0	1829	0	0.03124713897705078	72100	22.99842596054077	52019	27.851595006934815	
29481437881415.887	22.0	3.0	29.0	15.0	1.9835830297346924	721	7093	22	3.0	29.0	15.0	22	3.0	29.0	15.0	1832	0	0.031248092651367188	72200	23.02967405319214	52081	27.865650969529085	
7.35543324222259e+32	22.0	3.0	29.0	15.0	1.9835830297346924	722	7103	22	3.0	29.0	15.0	22	3.0	29.0	15.0	1836	0	0.015624523162841797	72300	23.04529857635498	52146	27.875518672199178	
6913.63678552769	22.0	3.0	29.0	15.0	1.9835830297346924	723	7113	22	3.0	29.0	15.0	22	3.0	29.0	15.0	1841	0	0.031247377395629883	72400	23.07654595375061	52214	27.881215469613267	
524905.5375506753	22.0	3.0	29.0	15.0	1.719630654946983	724	7120	22	3.0	29.0	15.0	22	3.0	29.0	15.0	1842	0	0.031247854232788086	72500	23.1077938079834	52286	27.881379310344826	
636710203.2524427	22.0	3.0	29.0	15.0	1.719630654946983	725	7126	22	3.0	29.0	15.0	22	3.0	29.0	15.0	1848	0	0.031247854232788086	72600	23.139041662216187	52352	27.889807162534424	
2.7127506711147544e+37	22.0	3.0	29.0	15.0	1.6375288489939757	726	7134	22	3.0	29.0	15.0	22	3.0	29.0	15.0	1861	0	0.01562356948852539	72700	23.154665231704712	52420	27.895460797799174	
3.777133354248653e+16	22.0	3.0	29.0	15.0	1.6375288489939757	727	7148	22	3.0	29.0	15.0	22	3.0	29.0	15.0	1876	0	0.03124833106994629	72800	23.185913562774658	52480	27.912087912087912	
469230899.9263826	22.0	3.0	29.0	15.0	1.6375288489939757	728	7158	22	3.0	29.0	15.0	22	3.0	29.0	15.0	1889	0	0.031247854232788086	72900	23.217161417007446	52542	27.925925925925924	
1602.3675113380746	22.0	3.0	29.0	15.0	1.6375288489939757	729	7168	22	3.0	29.0	15.0	22	3.0	29.0	15.0	1897	0	0.031247854232788086	73000	23.248409271240234	52606	27.936986301369856	
20679822.981055625	22.0	3.0	29.0	15.0	1.6375288489939757	730	7177	22	3.0	29.0	15.0	22	3.0	29.0	15.0	1909	0	0.031248092651367188	73100	23.2796573638916	52669	27.949384404924757	
740526.9106597451	22.0	3.0	29.0	15.0	1.6375288489939757	731	7186	22	3.0	29.0	15.0	22	3.0	29.0	15.0	1923	0	0.031247854232788086	73200	23.31090521812439	52734	27.959016393442624	
541769027.4038502	22.0	3.0	29.0	15.0	1.6375288489939757	732	7199	22	3.0	29.0	15.0	22	3.0	29.0	15.0	1937	0	0.031247615814208984	73300	23.3421528339386	52801	27.965893587994543	
8730824.450169055	22.0	3.0	29.0	15.0	0.5360745899763809	733	7207	22	3.0	29.0	15.0	22	3.0	29.0	15.0	1956	0	0.031247854232788086	73400	23.373400688171387	52859	27.985013623978205	
6096.55290392299	22.0	3.0	29.0	15.0	0.5360745899763809	734	7220	22	3.0	29.0	15.0	22	3.0	29.0	15.0	1972	0	0.015624284744262695	73500	23.38902497291565	52922	27.99727891156462	
64935099.820983835	22.0	3.0	29.0	15.0	0.5360745899763809	735	7231	22	3.0	29.0	15.0	22	3.0	29.0	15.0	1985	0	0.031247377395629883	73600	23.42027235031128	52988	28.005434782608702	
1101724.0740590887	22.0	3.0	29.0	15.0	0.5360745899763809	736	7241	22	3.0	29.0	15.0	22	3.0	29.0	15.0	1999	0	0.031247615814208984	73700	23.45151996612549	53055	28.01221166892809	
39163.1213823276	22.0	3.0	29.0	15.0	0.350929793791978	737	7256	22	3.0	29.0	15.0	22	3.0	29.0	15.0	2011	0	0.015623807907104492	73800	23.467143774032593	53119	28.023035230352306	
477516758.43449634	22.0	3.0	29.0	15.0	0.350929793791978	738	7272	22	3.0	29.0	15.0	22	3.0	29.0	15.0	2023	0	0.03124833106994629	73900	23.49839210510254	53181	28.03653585926928	
1.4363606000003037e+37	22.0	3.0	29.0	15.0	0.350929793791978	739	7279	22	3.0	29.0	15.0	22	3.0	29.0	15.0	2034	0	0.031247854232788086	74000	23.529639959335327	53250	28.040540540540533	
4712508.097267415	22.0	3.0	29.0	15.0	0.350929793791978	740	7292	22	3.0	29.0	15.0	22	3.0	29.0	15.0	2043	0	0.01562356948852539	74100	23.545263528823853	53317	28.04723346828611	
2415267.638904178	22.0	3.0	29.0	15.0	0.350929793791978	741	7305	22	3.0	29.0	15.0	22	3.0	29.0	15.0	2056	0	0.03124833106994629	74200	23.5765118598938	53383	28.055256064690028	
759729060.4590058	22.0	3.0	29.0	15.0	0.350929793791978	742	7315	22	3.0	29.0	15.0	22	3.0	29.0	15.0	2074	0	0.03124713897705078	74300	23.60775899887085	53447	28.065948855989234	
1.7688612726872972e+36	22.0	3.0	29.0	15.0	0.350929793791978	743	7322	22	3.0	29.0	15.0	22	3.0	29.0	15.0	2085	0	0.04687190055847168	74400	23.65463089942932	53518	28.067204301075265	
5428579.6135694245	22.0	3.0	29.0	15.0	0.350929793791978	744	7334	22	3.0	29.0	15.0	22	3.0	29.0	15.0	2104	0	0.031248092651367188	74500	23.68587899208069	53577	28.084563758389265	
287647636.33899355	22.0	3.0	29.0	15.0	0.350929793791978	745	7346	22	3.0	29.0	15.0	22	3.0	29.0	15.0	2118	0	0.015624284744262695	74600	23.70150327682495	53637	28.100536193029484	
186865.49313015884	22.0	3.0	29.0	15.0	0.350929793791978	746	7355	22	3.0	29.0	15.0	22	3.0	29.0	15.0	2134	0	0.04687166213989258	74700	23.748374938964844	53698	28.115127175368144	
46053.99752513234	22.0	3.0	29.0	15.0	0.350929793791978	747	7363	22	3.0	29.0	15.0	22	3.0	29.0	15.0	2154	0	0.031247615814208984	74800	23.779622554779053	53757	28.132352941176478	
41.878472207969466	22.0	3.0	29.0	15.0	0.350929793791978	748	7378	22	3.0	29.0	15.0	22	3.0	29.0	15.0	2162	0	0.031248092651367188	74900	23.81087064743042	53825	28.137516688918566	
30680866.27896905	22.0	3.0	29.0	15.0	0.350929793791978	749	7390	22	3.0	29.0	15.0	22	3.0	29.0	15.0	2173	0	0.031248092651367188	75000	23.842118740081787	53894	28.141333333333336	
22098466.353818487	22.0	3.0	29.0	15.0	0.350929793791978	750	7404	22	3.0	29.0	15.0	22	3.0	29.0	15.0	2185	0	0.01562356948852539	75100	23.857742309570312	53964	28.143808255659124	
193842622.52143055	22.0	3.0	29.0	15.0	0.350929793791978	751	7413	22	3.0	29.0	15.0	22	3.0	29.0	15.0	2197	0	0.04687142372131348	75200	23.904613733291626	54035	28.14494680851064	
1.8777126046951566e+34	22.0	3.0	29.0	15.0	0.350929793791978	752	7422	22	3.0	29.0	15.0	22	3.0	29.0	15.0	2209	0	0.031248092651367188	75300	23.935861825942993	54103	28.150066401062418	
2.3898723062368767e+28	22.0	3.0	29.0	15.0	0.350929793791978	753	7435	22	3.0	29.0	15.0	22	3.0	29.0	15.0	2219	0	0.031248092651367188	75400	23.96710991859436	54169	28.15782493368701	
77.65149706543605	22.0	3.0	29.0	15.0	0.3493862044089406	754	7443	22	3.0	29.0	15.0	22	3.0	29.0	15.0	2234	0	0.031247615814208984	75500	23.99835753440857	54232	28.169536423841052	
1752.9137482382546	22.0	3.0	29.0	15.0	0.3493862044089406	755	7449	22	3.0	29.0	15.0	22	3.0	29.0	15.0	2257	0	0.03124833106994629	75600	24.029605865478516	54291	28.186507936507937	
608.3387354043194	22.0	3.0	29.0	15.0	0.3493862044089406	756	7463	22	3.0	29.0	15.0	22	3.0	29.0	15.0	2275	0	0.031247615814208984	75700	24.060853481292725	54347	28.20739762219287	
11716.2963181352	22.0	3.0	29.0	15.0	0.3493862044089406	757	7469	22	3.0	29.0	15.0	22	3.0	29.0	15.0	2293	0	0.015623807907104492	75800	24.07647728919983	54413	28.215039577836407	
21322464.352531787	22.0	3.0	29.0	15.0	0.3493862044089406	758	7480	22	3.0	29.0	15.0	22	3.0	29.0	15.0	2306	0	0.031247377395629883	75900	24.10772466659546	54476	28.22661396574439	
5662705901.456966	22.0	3.0	29.0	15.0	0.3493862044089406	759	7495	22	3.0	29.0	15.0	22	3.0	29.0	15.0	2324	0	0.03125	76000	24.13897466659546	54531	28.24868421052632	
103607387.97381629	22.0	3.0	29.0	15.0	0.3493862044089406	760	7504	22	3.0	29.0	15.0	22	3.0	29.0	15.0	2344	0	0.031246423721313477	76100	24.170221090316772	54597	28.256241787122207	
5890497.4561580885	22.0	3.0	29.0	15.0	0.3493862044089406	761	7512	22	3.0	29.0	15.0	22	3.0	29.0	15.0	2366	0	0.015623331069946289	76200	24.18584442138672	54655	28.27427821522309	
2001412.5902894088	22.0	3.0	29.0	15.0	0.3493862044089406	762	7523	22	3.0	29.0	15.0	22	3.0	29.0	15.0	2386	0	0.015624523162841797	76300	24.20146894454956	54714	28.290956749672347	
31781353.87019175	22.0	3.0	29.0	15.0	0.3338734964272352	763	7532	22	3.0	29.0	15.0	22	3.0	29.0	15.0	2396	0	0.04687166213989258	76400	24.248340606689453	54782	28.295811518324612	
342056964.2208498	22.0	3.0	29.0	15.0	0.3338734964272352	764	7539	22	3.0	29.0	15.0	22	3.0	29.0	15.0	2405	0	0.031247615814208984	76500	24.279588222503662	54857	28.291503267973866	
141073852.58663547	22.0	3.0	29.0	15.0	0.3338734964272352	765	7551	22	3.0	29.0	15.0	22	3.0	29.0	15.0	2414	0	0.031247854232788086	76600	24.31083607673645	54917	28.306788511749346	
2357460.2610796704	22.0	3.0	29.0	15.0	0.3338734964272352	766	7560	22	3.0	29.0	15.0	22	3.0	29.0	15.0	2432	0	0.03124856948852539	76700	24.342084646224976	54977	28.322033898305094	
2842492.3066514004	22.0	3.0	29.0	15.0	0.3338734964272352	767	7572	22	3.0	29.0	15.0	22	3.0	29.0	15.0	2445	0	0.015623807907104492	76800	24.35770845413208	55038	28.3359375	
293610414.28031546	22.0	3.0	29.0	15.0	0.3338734964272352	768	7584	22	3.0	29.0	15.0	22	3.0	29.0	15.0	2452	0	0.031247854232788086	76900	24.388956308364868	55114	28.33029908972692	
292774.91705251625	22.0	3.0	29.0	15.0	0.3338734964272352	769	7589	22	3.0	29.0	15.0	22	3.0	29.0	15.0	2470	0	0.03124713897705078	77000	24.42020344734192	55176	28.34285714285714	
1185344.9568343568	22.0	3.0	29.0	15.0	0.3338734964272352	770	7599	22	3.0	29.0	15.0	22	3.0	29.0	15.0	2482	0	0.03124833106994629	77100	24.451451778411865	55245	28.346303501945528	
118552852366.19623	22.0	3.0	29.0	15.0	0.3338734964272352	771	7605	22	3.0	29.0	15.0	22	3.0	29.0	15.0	2500	0	0.031247615814208984	77200	24.482699394226074	55310	28.354922279792746	
3361.419112588972	22.0	3.0	29.0	15.0	0.3338734964272352	772	7615	22	3.0	29.0	15.0	22	3.0	29.0	15.0	2514	0	0.031249284744262695	77300	24.513948678970337	55379	28.358344113842165	
3868530489340.129	22.0	3.0	29.0	15.0	0.3338734964272352	773	7629	22	3.0	29.0	15.0	22	3.0	29.0	15.0	2530	0	0.015622615814208984	77400	24.529571294784546	55444	28.366925064599485	
639810.4270312205	22.0	3.0	29.0	15.0	0.3338734964272352	774	7633	22	3.0	29.0	15.0	22	3.0	29.0	15.0	2550	0	0.031247854232788086	77500	24.560819149017334	55514	28.36903225806452	
401.53886401435386	22.0	3.0	29.0	15.0	0.3338734964272352	775	7643	22	3.0	29.0	15.0	22	3.0	29.0	15.0	2569	0	0.015624761581420898	77600	24.576443910598755	55570	28.389175257731964	
417090.90870690974	22.0	3.0	29.0	15.0	0.3338734964272352	776	7656	22	3.0	29.0	15.0	22	3.0	29.0	15.0	2580	0	0.031247377395629883	77700	24.607691287994385	55635	28.397683397683394	
8.355564044092611e+22	22.0	3.0	29.0	15.0	0.3338734964272352	777	7665	22	3.0	29.0	15.0	22	3.0	29.0	15.0	2596	0	0.015633583068847656	77800	24.623324871063232	55698	28.40874035989718	
52512.95553288748	22.0	3.0	29.0	15.0	0.3338734964272352	778	7676	22	3.0	29.0	15.0	22	3.0	29.0	15.0	2607	0	0.031239748001098633	77900	24.65456461906433	55765	28.41463414634147	
399.106609822654	22.0	3.0	29.0	15.0	0.3338734964272352	779	7690	22	3.0	29.0	15.0	22	3.0	29.0	15.0	2626	0	0.015631675720214844	78000	24.670196294784546	55819	28.437179487179492	
11362382.592426097	22.0	3.0	29.0	15.0	0.3338734964272352	780	7701	22	3.0	29.0	15.0	22	3.0	29.0	15.0	2640	0	0.031238317489624023	78100	24.70143461227417	55885	28.44430217669654	
2630878.1563334987	22.0	3.0	29.0	15.0	0.3338734964272352	781	7710	22	3.0	29.0	15.0	22	3.0	29.0	15.0	2651	0	0.031247615814208984	78200	24.73268222808838	55957	28.44373401534527	
243971025.82043657	22.0	3.0	29.0	15.0	0.3338734964272352	782	7721	22	3.0	29.0	15.0	22	3.0	29.0	15.0	2670	0	0.031248092651367188	78300	24.763930320739746	56016	28.45977011494253	
1230702.0611829078	22.0	3.0	29.0	15.0	0.33266100402854065	783	7732	22	3.0	29.0	15.0	22	3.0	29.0	15.0	2682	0	0.031247854232788086	78400	24.795178174972534	56078	28.47193877551021	
21638347.37273558	22.0	3.0	29.0	15.0	0.33266100402854065	784	7740	22	3.0	29.0	15.0	22	3.0	29.0	15.0	2688	0	0.031247854232788086	78500	24.826426029205322	56150	28.47133757961784	
18229619.089373276	22.0	3.0	29.0	15.0	0.329209546225575	785	7749	22	3.0	29.0	15.0	22	3.0	29.0	15.0	2698	0	0.031248092651367188	78600	24.85767412185669	56220	28.473282442748086	
98602630.53061403	22.0	3.0	29.0	15.0	0.329209546225575	786	7757	22	3.0	29.0	15.0	22	3.0	29.0	15.0	2704	0	0.015623331069946289	78700	24.873297452926636	56294	28.470139771283357	
1.0236382490209516e+21	22.0	3.0	29.0	15.0	0.329209546225575	787	7769	22	3.0	29.0	15.0	22	3.0	29.0	15.0	2717	0	0.015624523162841797	78800	24.888921976089478	56356	28.482233502538065	
37439209.423391156	22.0	3.0	29.0	15.0	0.329209546225575	788	7777	22	3.0	29.0	15.0	22	3.0	29.0	15.0	2725	0	0.031247615814208984	78900	24.920169591903687	56428	28.48162230671737	
15081.075803729464	22.0	3.0	29.0	15.0	0.329209546225575	789	7792	22	3.0	29.0	15.0	22	3.0	29.0	15.0	2731	0	0.031247854232788086	79000	24.951417446136475	56494	28.48860759493671	
96.75506838805909	22.0	3.0	29.0	15.0	0.3274838173240922	790	7801	22	3.0	29.0	15.0	22	3.0	29.0	15.0	2737	0	0.015624523162841797	79100	24.967041969299316	56569	28.48419721871049	
1013.9292463230503	22.0	3.0	29.0	15.0	0.3274838173240922	791	7812	22	3.0	29.0	15.0	22	3.0	29.0	15.0	2745	0	0.04687166213989258	79200	25.01391363143921	56640	28.484848484848484	
52148183.36068544	22.0	3.0	29.0	15.0	0.3274838173240922	792	7818	22	3.0	29.0	15.0	22	3.0	29.0	15.0	2753	0	0.031247615814208984	79300	25.045161247253418	56714	28.48171500630518	
61126368.92364657	22.0	3.0	29.0	15.0	0.3274838173240922	793	7827	22	3.0	29.0	15.0	22	3.0	29.0	15.0	2762	0	0.031247854232788086	79400	25.076409101486206	56786	28.48110831234257	
83448118.14729546	22.0	3.0	29.0	15.0	0.3274838173240922	794	7843	22	3.0	29.0	15.0	22	3.0	29.0	15.0	2775	0	0.015623807907104492	79500	25.09203290939331	56847	28.494339622641505	
14727393.125482677	22.0	3.0	29.0	15.0	0.3274838173240922	795	7850	22	3.0	29.0	15.0	22	3.0	29.0	15.0	2788	0	0.04687237739562988	79600	25.13890528678894	56917	28.4962311557789	
20555973.03113576	22.0	3.0	29.0	15.0	0.3274838173240922	796	7861	22	3.0	29.0	15.0	22	3.0	29.0	15.0	2796	0	0.015622854232788086	79700	25.15452814102173	56987	28.498117942283557	
127.23716840921678	22.0	3.0	29.0	15.0	0.3274838173240922	797	7868	22	3.0	29.0	15.0	22	3.0	29.0	15.0	2811	0	0.04687213897705078	79800	25.20140027999878	57058	28.498746867167924	
1179450.8636337214	22.0	3.0	29.0	15.0	0.3274838173240922	798	7879	22	3.0	29.0	15.0	22	3.0	29.0	15.0	2826	0	0.031248092651367188	79900	25.232648372650146	57126	28.503128911138916	
276649.4521194455	22.0	3.0	29.0	15.0	0.3274838173240922	799	7884	22	3.0	29.0	15.0	22	3.0	29.0	15.0	2842	0	0.01562356948852539	80000	25.248271942138672	57197	28.50375000000001	
2829284.3954427834	22.0	3.0	29.0	15.0	0.3274838173240922	800	7889	22	3.0	29.0	15.0	22	3.0	29.0	15.0	2856	0	0.03124833106994629	80100	25.279520273208618	57272	28.49937578027466	
7.066577656359936e+19	22.0	3.0	29.0	15.0	0.3274838173240922	801	7894	22	3.0	29.0	15.0	22	3.0	29.0	15.0	2876	0	0.015623807907104492	80200	25.295144081115723	57339	28.504987531172063	
13667201.388636712	22.0	3.0	29.0	15.0	0.3274838173240922	802	7901	22	3.0	29.0	15.0	22	3.0	29.0	15.0	2892	0	0.03125762939453125	80300	25.326401710510254	57407	28.509339975093397	
162176561.80315548	22.0	3.0	29.0	15.0	0.3257580884226094	803	7911	22	3.0	29.0	15.0	22	3.0	29.0	15.0	2908	0	0.015614032745361328	80400	25.342015743255615	57471	28.518656716417908	
139118.54910983707	22.0	3.0	29.0	15.0	0.3257580884226094	804	7927	22	3.0	29.0	15.0	22	3.0	29.0	15.0	2925	0	0.031247854232788086	80500	25.373263597488403	57528	28.53664596273292	
447.82785332367075	22.0	3.0	29.0	15.0	0.3257580884226094	805	7944	22	3.0	29.0	15.0	22	3.0	29.0	15.0	2934	0	0.03124856948852539	80600	25.40451216697693	57596	28.540942928039698	
30739669.615602467	22.0	3.0	29.0	15.0	0.3257580884226094	806	7953	22	3.0	29.0	15.0	22	3.0	29.0	15.0	2953	0	0.03124713897705078	80700	25.43575930595398	57658	28.552664188351912	
3025.502909982948	22.0	3.0	29.0	15.0	0.3257580884226094	807	7965	22	3.0	29.0	15.0	22	3.0	29.0	15.0	2971	0	0.03125786781311035	80800	25.46701717376709	57720	28.56435643564356	
25459143.962116964	22.0	3.0	29.0	15.0	0.3257580884226094	808	7979	22	3.0	29.0	15.0	22	3.0	29.0	15.0	2986	0	0.031238317489624023	80900	25.498255491256714	57785	28.572311495673674	
8866.686522581183	22.0	3.0	29.0	15.0	0.3257580884226094	809	7985	22	3.0	29.0	15.0	22	3.0	29.0	15.0	2998	0	0.015624046325683594	81000	25.513879537582397	57859	28.569135802469134	
9018974362532494.0	22.0	3.0	29.0	15.0	0.3257580884226094	810	7993	22	3.0	29.0	15.0	22	3.0	29.0	15.0	3009	0	0.031247854232788086	81100	25.545127391815186	57931	28.568434032059187	
4761.620111038005	22.0	3.0	29.0	15.0	0.3257580884226094	811	8004	22	3.0	29.0	15.0	22	3.0	29.0	15.0	3020	0	0.031247615814208984	81200	25.576375007629395	57991	28.582512315270932	
6081.470568861615	22.0	3.0	29.0	15.0	0.3257580884226094	812	8017	22	3.0	29.0	15.0	22	3.0	29.0	15.0	3035	0	0.015624046325683594	81300	25.591999053955078	58050	28.597785977859786	
9.681502395928665e+31	22.0	3.0	29.0	15.0	0.3257580884226094	813	8029	22	3.0	29.0	15.0	22	3.0	29.0	15.0	3048	0	0.031247377395629883	81400	25.623246431350708	58114	28.606879606879616	
2757333.4706224035	22.0	3.0	29.0	15.0	0.3257580884226094	814	8043	22	3.0	29.0	15.0	22	3.0	29.0	15.0	3063	0	0.031247615814208984	81500	25.654494047164917	58177	28.617177914110428	
14137029.749262169	22.0	3.0	29.0	15.0	0.3257580884226094	815	8052	22	3.0	29.0	15.0	22	3.0	29.0	15.0	3082	0	0.031249046325683594	81600	25.6857430934906	58244	28.622549019607845	
630634689.6805099	22.0	3.0	29.0	15.0	0.3257580884226094	816	8061	22	3.0	29.0	15.0	22	3.0	29.0	15.0	3100	0	0.04687094688415527	81700	25.732614040374756	58306	28.634026927784575	
2.844878060699896e+16	22.0	3.0	29.0	15.0	0.3257580884226094	817	8068	22	3.0	29.0	15.0	22	3.0	29.0	15.0	3112	0	0.015624046325683594	81800	25.74823808670044	58374	28.638141809290957	
2208361.780301572	22.0	3.0	29.0	15.0	0.3257580884226094	818	8080	22	3.0	29.0	15.0	22	3.0	29.0	15.0	3124	0	0.031248092651367188	81900	25.779486179351807	58438	28.647130647130652	
2900480.083198966	22.0	3.0	29.0	15.0	0.3257580884226094	819	8086	22	3.0	29.0	15.0	22	3.0	29.0	15.0	3134	0	0.031248092651367188	82000	25.810734272003174	58505	28.652439024390247	
20.26176292634335	22.0	3.0	29.0	15.0	0.3257580884226094	820	8100	22	3.0	29.0	15.0	22	3.0	29.0	15.0	3150	0	0.03124833106994629	82100	25.84198260307312	58565	28.66626065773447	
225097.58222661223	22.0	3.0	29.0	15.0	0.3257580884226094	821	8107	22	3.0	29.0	15.0	22	3.0	29.0	15.0	3168	0	0.03124690055847168	82200	25.873229503631592	58630	28.673965936739663	
2.2278349534469546e+19	22.0	3.0	29.0	15.0	0.3257580884226094	822	8121	22	3.0	29.0	15.0	22	3.0	29.0	15.0	3190	0	0.031247615814208984	82300	25.9044771194458	58688	28.69015795868772	
2.4309500747600527e+22	22.0	3.0	29.0	15.0	0.3257580884226094	823	8126	22	3.0	29.0	15.0	22	3.0	29.0	15.0	3211	0	0.031247615814208984	82400	25.93572473526001	58752	28.69902912621359	
8249258.07186052	22.0	3.0	29.0	15.0	0.3257580884226094	824	8135	22	3.0	29.0	15.0	22	3.0	29.0	15.0	3225	0	0.015624761581420898	82500	25.95134949684143	58813	28.711515151515158	
656.6431005692418	22.0	3.0	29.0	15.0	0.3257580884226094	825	8142	22	3.0	29.0	15.0	22	3.0	29.0	15.0	3244	0	0.031248092651367188	82600	25.982597589492798	58870	28.728813559322035	
9562.05068956533	22.0	3.0	29.0	15.0	0.3257580884226094	826	8151	22	3.0	29.0	15.0	22	3.0	29.0	15.0	3267	0	0.03124713897705078	82700	26.01384472846985	58928	28.744860943168078	
1230764504.5073867	22.0	3.0	29.0	15.0	0.3257580884226094	827	8161	22	3.0	29.0	15.0	22	3.0	29.0	15.0	3287	0	0.015624284744262695	82800	26.02946901321411	58983	28.764492753623188	
235963.24294724557	22.0	3.0	29.0	15.0	0.3257580884226094	828	8170	22	3.0	29.0	15.0	22	3.0	29.0	15.0	3303	0	0.04687190055847168	82900	26.076340913772583	59038	28.784077201447516	
4.210102218513768e+25	22.0	3.0	29.0	15.0	0.3257580884226094	829	8185	22	3.0	29.0	15.0	22	3.0	29.0	15.0	3320	0	0.031248092651367188	83000	26.10758900642395	59091	28.806024096385542	
116627.71546097082	22.0	3.0	29.0	15.0	0.3257580884226094	830	8191	22	3.0	29.0	15.0	22	3.0	29.0	15.0	3330	0	0.031247377395629883	83100	26.13883638381958	59152	28.81829121540312	
180.79889447734251	22.0	3.0	29.0	15.0	0.3257580884226094	831	8200	22	3.0	29.0	15.0	22	3.0	29.0	15.0	3349	0	0.031247615814208984	83200	26.17008399963379	59208	28.836538461538467	
674.2527922879401	22.0	3.0	29.0	15.0	0.3257580884226094	832	8218	22	3.0	29.0	15.0	22	3.0	29.0	15.0	3362	0	0.031247854232788086	83300	26.201331853866577	59266	28.85234093637456	
810666419.8799667	22.0	3.0	29.0	15.0	0.3257580884226094	833	8230	22	3.0	29.0	15.0	22	3.0	29.0	15.0	3374	0	0.031249284744262695	83400	26.23258113861084	59331	28.859712230215834	
462057.84464235697	22.0	3.0	29.0	15.0	0.3257580884226094	834	8247	22	3.0	29.0	15.0	22	3.0	29.0	15.0	3392	0	0.031246423721313477	83500	26.263827562332153	59388	28.876646706586826	
2978462211.634902	22.0	3.0	29.0	15.0	0.3257580884226094	835	8258	22	3.0	29.0	15.0	22	3.0	29.0	15.0	3407	0	0.03124856948852539	83600	26.29507613182068	59449	28.888755980861248	
6575.115949712596	22.0	3.0	29.0	15.0	0.3257580884226094	836	8265	22	3.0	29.0	15.0	22	3.0	29.0	15.0	3424	0	0.031247854232788086	83700	26.326323986053467	59511	28.899641577060933	
1.8058793102860785e+18	22.0	3.0	29.0	15.0	0.3257580884226094	837	8269	22	3.0	29.0	15.0	22	3.0	29.0	15.0	3445	0	0.031247615814208984	83800	26.357571601867676	59574	28.90930787589498	
3.256372475706491e+28	22.0	3.0	29.0	15.0	0.3257580884226094	838	8278	22	3.0	29.0	15.0	22	3.0	29.0	15.0	3455	0	0.031248092651367188	83900	26.388819694519043	59645	28.90941597139451	
4.2473983440912744e+29	22.0	3.0	29.0	15.0	0.3257580884226094	839	8286	22	3.0	29.0	15.0	22	3.0	29.0	15.0	3473	0	0.03124833106994629	84000	26.42006802558899	59709	28.917857142857144	
1194107.905859361	22.0	3.0	29.0	15.0	0.3257580884226094	840	8296	22	3.0	29.0	15.0	22	3.0	29.0	15.0	3481	0	0.01562356948852539	84100	26.435691595077515	59778	28.92033293697979	
5057.529674644526	22.0	3.0	29.0	15.0	0.3257580884226094	841	8305	22	3.0	29.0	15.0	22	3.0	29.0	15.0	3494	0	0.03124690055847168	84200	26.466938495635986	59844	28.926365795724465	
3064016.7778694644	22.0	3.0	29.0	15.0	0.3257580884226094	842	8314	22	3.0	29.0	15.0	22	3.0	29.0	15.0	3508	0	0.031247854232788086	84300	26.498186349868774	59906	28.937129300118627	
51421745.95296391	22.0	3.0	29.0	15.0	0.3257580884226094	843	8321	22	3.0	29.0	15.0	22	3.0	29.0	15.0	3520	0	0.015624523162841797	84400	26.513810873031616	59968	28.947867298578203	
505485416.67927486	22.0	3.0	29.0	15.0	0.3257580884226094	844	8327	22	3.0	29.0	15.0	22	3.0	29.0	15.0	3531	0	0.031248092651367188	84500	26.545058965682983	60032	28.95621301775148	
4476949.281969118	22.0	3.0	29.0	15.0	0.3257580884226094	845	8341	22	3.0	29.0	15.0	22	3.0	29.0	15.0	3544	0	0.031247854232788086	84600	26.57630681991577	60091	28.970449172576835	
121794906.3127919	22.0	3.0	29.0	15.0	0.3257580884226094	846	8349	22	3.0	29.0	15.0	22	3.0	29.0	15.0	3559	0	0.03124713897705078	84700	26.607553958892822	60146	28.989374262101535	
5.295474353114112e+29	22.0	3.0	29.0	15.0	0.3257580884226094	847	8363	22	3.0	29.0	15.0	22	3.0	29.0	15.0	3569	0	0.031253814697265625	84800	26.638807773590088	60211	28.99646226415095	
393632.42254711885	22.0	3.0	29.0	15.0	0.3257580884226094	848	8382	22	3.0	29.0	15.0	22	3.0	29.0	15.0	3584	0	0.03124523162841797	84900	26.670053005218506	60264	29.01766784452296	
157305.78251165772	22.0	3.0	29.0	15.0	0.3257580884226094	849	8391	22	3.0	29.0	15.0	22	3.0	29.0	15.0	3603	0	0.031247615814208984	85000	26.701300621032715	60323	29.031764705882352	
37091.19981899241	22.0	3.0	29.0	15.0	0.3257580884226094	850	8396	22	3.0	29.0	15.0	22	3.0	29.0	15.0	3621	0	0.031248092651367188	85100	26.732548713684082	60382	29.045828437132784	
976.5657091926922	22.0	3.0	29.0	15.0	0.3257580884226094	851	8405	22	3.0	29.0	15.0	22	3.0	29.0	15.0	3634	0	0.015622138977050781	85200	26.748170852661133	60450	29.049295774647888	
1123043816812.242	22.0	3.0	29.0	15.0	0.32476250894614733	852	8415	22	3.0	29.0	15.0	22	3.0	29.0	15.0	3650	0	0.031248807907104492	85300	26.779419660568237	60515	29.056271981242674	
306102602.3490393	22.0	3.0	29.0	15.0	0.32476250894614733	853	8427	22	3.0	29.0	15.0	22	3.0	29.0	15.0	3668	0	0.0312497615814209	85400	26.810669422149658	60573	29.07142857142857	
236635.26662234426	22.0	3.0	29.0	15.0	0.32476250894614733	854	8438	22	3.0	29.0	15.0	22	3.0	29.0	15.0	3682	0	0.031244516372680664	85500	26.84191393852234	60639	29.07719298245614	
7.753963433687827e+18	22.0	3.0	29.0	15.0	0.32476250894614733	855	8447	22	3.0	29.0	15.0	22	3.0	29.0	15.0	3699	0	0.03124856948852539	85600	26.873162508010864	60696	29.093457943925245	
8277.075839228552	22.0	3.0	29.0	15.0	0.32476250894614733	856	8455	22	3.0	29.0	15.0	22	3.0	29.0	15.0	3714	0	0.031246423721313477	85700	26.904408931732178	60755	29.107351225204198	
3842.3477821902957	22.0	3.0	29.0	15.0	0.32476250894614733	857	8465	22	3.0	29.0	15.0	22	3.0	29.0	15.0	3727	0	0.015623807907104492	85800	26.920032739639282	60817	29.117715617715618	
19757241.79849229	22.0	3.0	29.0	15.0	0.32476250894614733	858	8469	22	3.0	29.0	15.0	22	3.0	29.0	15.0	3737	0	0.031249523162841797	85900	26.951282262802124	60886	29.11990686845168	
2682.351482103447	22.0	3.0	29.0	15.0	0.32476250894614733	859	8478	22	3.0	29.0	15.0	22	3.0	29.0	15.0	3752	0	0.015623092651367188	86000	26.96690535545349	60943	29.13604651162791	
2207735.7128817877	22.0	3.0	29.0	15.0	0.32476250894614733	860	8493	22	3.0	29.0	15.0	22	3.0	29.0	15.0	3766	0	0.015622854232788086	86100	26.98252820968628	60999	29.153310104529623	
313.0240933240228	22.0	3.0	29.0	15.0	0.32476250894614733	861	8504	22	3.0	29.0	15.0	22	3.0	29.0	15.0	3785	0	0.031249284744262695	86200	27.013777494430542	61052	29.174013921113684	
349000496.39094293	22.0	3.0	29.0	15.0	0.32476250894614733	862	8516	22	3.0	29.0	15.0	22	3.0	29.0	15.0	3802	0	0.031247854232788086	86300	27.04502534866333	61110	29.188876013904988	
17694.970647494767	22.0	3.0	29.0	15.0	0.32476250894614733	863	8526	22	3.0	29.0	15.0	22	3.0	29.0	15.0	3815	0	0.03124713897705078	86400	27.07627248764038	61175	29.195601851851848	
28877368.003076393	22.0	3.0	29.0	15.0	0.32476250894614733	864	8537	22	3.0	29.0	15.0	22	3.0	29.0	15.0	3825	0	0.031248092651367188	86500	27.107520580291748	61238	29.204624277456645	
26260307.68518034	22.0	3.0	29.0	15.0	0.32476250894614733	865	8545	22	3.0	29.0	15.0	22	3.0	29.0	15.0	3844	0	0.031247615814208984	86600	27.138768196105957	61302	29.21247113163973	
168835381.1823306	22.0	3.0	29.0	15.0	0.32476250894614733	866	8555	22	3.0	29.0	15.0	22	3.0	29.0	15.0	3853	0	0.03124856948852539	86700	27.170016765594482	61371	29.214532871972324	
148324882.763676	22.0	3.0	29.0	15.0	0.32476250894614733	867	8562	22	3.0	29.0	15.0	22	3.0	29.0	15.0	3864	0	0.03124833106994629	86800	27.20126509666443	61436	29.22119815668202	
1500103066.4705946	22.0	3.0	29.0	15.0	0.32476250894614733	868	8570	22	3.0	29.0	15.0	22	3.0	29.0	15.0	3872	0	0.031247377395629883	86900	27.23251247406006	61500	29.228998849252022	
13042.49477944297	22.0	3.0	29.0	15.0	0.32476250894614733	869	8576	22	3.0	29.0	15.0	22	3.0	29.0	15.0	3881	0	0.04687166213989258	87000	27.27938413619995	61570	29.229885057471265	
221.26536254887696	22.0	3.0	29.0	15.0	0.32476250894614733	870	8588	22	3.0	29.0	15.0	22	3.0	29.0	15.0	3895	0	0.04687166213989258	87100	27.326255798339844	61634	29.23765786452354	
1480129.7199633447	22.0	3.0	29.0	15.0	0.32476250894614733	871	8598	22	3.0	29.0	15.0	22	3.0	29.0	15.0	3913	0	0.0312502384185791	87200	27.357506036758423	61695	29.248853211009177	
45794.56868557404	22.0	3.0	29.0	15.0	0.32476250894614733	872	8606	22	3.0	29.0	15.0	22	3.0	29.0	15.0	3929	0	0.03124547004699707	87300	27.38875150680542	61759	29.256586483390606	
733749601.5028446	22.0	3.0	29.0	15.0	0.32476250894614733	873	8617	22	3.0	29.0	15.0	22	3.0	29.0	15.0	3945	0	0.015624046325683594	87400	27.404375553131104	61821	29.266590389016017	
41423771869.41143	22.0	3.0	29.0	15.0	0.32476250894614733	874	8622	22	3.0	29.0	15.0	22	3.0	29.0	15.0	3963	0	0.01562356948852539	87500	27.41999912261963	61889	29.269714285714286	
193929.50610059965	22.0	3.0	29.0	15.0	0.32476250894614733	875	8630	22	3.0	29.0	15.0	22	3.0	29.0	15.0	3974	0	0.031249046325683594	87600	27.451248168945312	61951	29.279680365296798	
89159.12042648798	22.0	3.0	29.0	15.0	0.32476250894614733	876	8643	22	3.0	29.0	15.0	22	3.0	29.0	15.0	3983	0	0.015622377395629883	87700	27.466870546340942	62018	29.283922462941845	
1190523928.6446066	22.0	3.0	29.0	15.0	0.32476250894614733	877	8654	22	3.0	29.0	15.0	22	3.0	29.0	15.0	3993	0	0.015624761581420898	87800	27.482495307922363	62086	29.287015945330296	
4.997055779090495e+17	22.0	3.0	29.0	15.0	0.32476250894614733	878	8660	22	3.0	29.0	15.0	22	3.0	29.0	15.0	4010	0	0.031249284744262695	87900	27.513744592666626	62151	29.293515358361773	
80456203.35019098	22.0	3.0	29.0	15.0	0.32476250894614733	879	8669	22	3.0	29.0	15.0	22	3.0	29.0	15.0	4027	0	0.046869754791259766	88000	27.560614347457886	62214	29.302272727272722	
2.4306229520952262e+26	22.0	3.0	29.0	15.0	0.32476250894614733	880	8678	22	3.0	29.0	15.0	22	3.0	29.0	15.0	4040	0	0.031247615814208984	88100	27.591861963272095	62276	29.31214528944382	
176079.91943691054	22.0	3.0	29.0	15.0	0.32476250894614733	881	8687	22	3.0	29.0	15.0	22	3.0	29.0	15.0	4056	0	0.03125	88200	27.623111963272095	62335	29.325396825396822	
53043779.60349766	22.0	3.0	29.0	15.0	0.32476250894614733	882	8697	22	3.0	29.0	15.0	22	3.0	29.0	15.0	4069	0	0.031247377395629883	88300	27.654359340667725	62404	29.327293318233288	
14201.03185416324	22.0	3.0	29.0	15.0	0.32476250894614733	883	8711	22	3.0	29.0	15.0	22	3.0	29.0	15.0	4083	0	0.015623807907104492	88400	27.66998314857483	62469	29.33371040723982	
23985319.991842084	22.0	3.0	29.0	15.0	0.32476250894614733	884	8719	22	3.0	29.0	15.0	22	3.0	29.0	15.0	4097	0	0.03124713897705078	88500	27.70123028755188	62538	29.33559322033898	
4.078440516617302e+19	22.0	3.0	29.0	15.0	0.32476250894614733	885	8730	22	3.0	29.0	15.0	22	3.0	29.0	15.0	4110	0	0.015624523162841797	88600	27.71685481071472	62603	29.34198645598194	
82601950.30082329	22.0	3.0	29.0	15.0	0.32476250894614733	886	8737	22	3.0	29.0	15.0	22	3.0	29.0	15.0	4124	0	0.031247854232788086	88700	27.74810266494751	62663	29.35400225479144	
164022244.6404017	22.0	3.0	29.0	15.0	0.32476250894614733	887	8750	22	3.0	29.0	15.0	22	3.0	29.0	15.0	4134	0	0.031247377395629883	88800	27.77935004234314	62728	29.36036036036036	
23589666.844523266	22.0	3.0	29.0	15.0	0.32476250894614733	888	8757	22	3.0	29.0	15.0	22	3.0	29.0	15.0	4155	0	0.031247377395629883	88900	27.81059741973877	62783	29.37795275590551	
6.0529780565966025	22.0	3.0	29.0	15.0	0.32476250894614733	889	8767	22	3.0	29.0	15.0	22	3.0	29.0	15.0	4169	0	0.04687166213989258	89000	27.857469081878662	62847	29.38539325842696	
29.690254107890826	22.0	3.0	29.0	15.0	0.32476250894614733	890	8782	22	3.0	29.0	15.0	22	3.0	29.0	15.0	4187	0	0.031247854232788086	89100	27.88871693611145	62902	29.402918069584743	
8.78855714637995e+21	22.0	3.0	29.0	15.0	0.32476250894614733	891	8792	22	3.0	29.0	15.0	22	3.0	29.0	15.0	4201	0	0.03124833106994629	89200	27.919965267181396	62964	29.412556053811656	
3829.161573034201	22.0	3.0	29.0	15.0	0.32476250894614733	892	8799	22	3.0	29.0	15.0	22	3.0	29.0	15.0	4213	0	0.015623807907104492	89300	27.9355890750885	63030	29.417693169092942	
3.337860673215794e+16	22.0	3.0	29.0	15.0	0.32476250894614733	893	8811	22	3.0	29.0	15.0	22	3.0	29.0	15.0	4228	0	0.031247615814208984	89400	27.96683669090271	63087	29.43288590604027	
4.3758567238829314e+36	22.0	3.0	29.0	15.0	0.32476250894614733	894	8820	22	3.0	29.0	15.0	22	3.0	29.0	15.0	4238	0	0.04687213897705078	89500	28.01370882987976	63153	29.43798882681564	
147904.25531944534	22.0	3.0	29.0	15.0	0.32476250894614733	895	8829	22	3.0	29.0	15.0	22	3.0	29.0	15.0	4252	0	0.031247854232788086	89600	28.04495668411255	63216	29.44642857142857	
102505385.96693349	22.0	3.0	29.0	15.0	0.32476250894614733	896	8838	22	3.0	29.0	15.0	22	3.0	29.0	15.0	4267	0	0.031247854232788086	89700	28.076204538345337	63279	29.45484949832776	
14186597.369517948	22.0	3.0	29.0	15.0	0.32476250894614733	897	8848	22	3.0	29.0	15.0	22	3.0	29.0	15.0	4279	0	0.01562356948852539	89800	28.091828107833862	63345	29.459910913140305	
12621845.278502762	22.0	3.0	29.0	15.0	0.32476250894614733	898	8858	22	3.0	29.0	15.0	22	3.0	29.0	15.0	4286	0	0.04687190055847168	89900	28.138700008392334	63407	29.469410456062292	
66825982302.41616	22.0	3.0	29.0	15.0	0.32476250894614733	899	8868	22	3.0	29.0	15.0	22	3.0	29.0	15.0	4302	0	0.031247615814208984	90000	28.169947624206543	63473	29.474444444444444	
4.3545600653184015e+25	22.0	3.0	29.0	15.0	0.32476250894614733	900	8874	22	3.0	29.0	15.0	22	3.0	29.0	15.0	4319	0	0.031247854232788086	90100	28.20119547843933	63539	29.47946725860156	
14431.922442871046	22.0	3.0	29.0	15.0	0.32476250894614733	901	8886	22	3.0	29.0	15.0	22	3.0	29.0	15.0	4337	0	0.031247615814208984	90200	28.23244309425354	63595	29.49556541019956	
72480587.96034655	22.0	3.0	29.0	15.0	0.32476250894614733	902	8894	22	3.0	29.0	15.0	22	3.0	29.0	15.0	4355	0	0.04687166213989258	90300	28.279314756393433	63654	29.50830564784053	
640.3378986244738	22.0	3.0	29.0	15.0	0.32476250894614733	903	8904	22	3.0	29.0	15.0	22	3.0	29.0	15.0	4375	0	0.03124856948852539	90400	28.310563325881958	63712	29.522123893805315	
28163.024302666596	22.0	3.0	29.0	15.0	0.32476250894614733	904	8913	22	3.0	29.0	15.0	22	3.0	29.0	15.0	4391	0	0.031248092651367188	90500	28.341811418533325	63776	29.52928176795581	
240203058.2504972	22.0	3.0	29.0	15.0	0.32476250894614733	905	8922	22	3.0	29.0	15.0	22	3.0	29.0	15.0	4411	0	0.01562356948852539	90600	28.35743498802185	63830	29.54746136865343	
2.4117646586498733e+22	22.0	3.0	29.0	15.0	0.32476250894614733	906	8930	22	3.0	29.0	15.0	22	3.0	29.0	15.0	4431	0	0.03124856948852539	90700	28.388683557510376	63890	29.55898566703418	
382774.3363689496	22.0	3.0	29.0	15.0	0.32476250894614733	907	8937	22	3.0	29.0	15.0	22	3.0	29.0	15.0	4447	0	0.031246423721313477	90800	28.41992998123169	63951	29.569383259911902	
228490.8105121773	22.0	3.0	29.0	15.0	0.32476250894614733	908	8949	22	3.0	29.0	15.0	22	3.0	29.0	15.0	4460	0	0.04687213897705078	90900	28.46680212020874	64015	29.576457645764577	
2311454.6989510367	22.0	3.0	29.0	15.0	0.32476250894614733	909	8959	22	3.0	29.0	15.0	22	3.0	29.0	15.0	4473	0	0.031249046325683594	91000	28.498051166534424	64080	29.58241758241759	
303930808.5377707	22.0	3.0	29.0	15.0	0.32476250894614733	910	8971	22	3.0	29.0	15.0	22	3.0	29.0	15.0	4491	0	0.031248807907104492	91100	28.52929997444153	64141	29.5927552140505	
28668734.735312276	22.0	3.0	29.0	15.0	0.32476250894614733	911	8986	22	3.0	29.0	15.0	22	3.0	29.0	15.0	4505	0	0.031246662139892578	91200	28.56054663658142	64199	29.60635964912281	
15406990.734469214	22.0	3.0	29.0	15.0	0.32476250894614733	912	8996	22	3.0	29.0	15.0	22	3.0	29.0	15.0	4523	0	0.031246662139892578	91300	28.591793298721313	64258	29.618838992332968	
3.049641757210379e+33	22.0	3.0	29.0	15.0	0.32476250894614733	913	9010	22	3.0	29.0	15.0	22	3.0	29.0	15.0	4539	0	0.031249046325683594	91400	28.623042345046997	64316	29.632385120350108	
24549789.707486212	22.0	3.0	29.0	15.0	0.32476250894614733	914	9017	22	3.0	29.0	15.0	22	3.0	29.0	15.0	4557	0	0.03124833106994629	91500	28.654290676116943	64377	29.64262295081967	
25864894.817747243	22.0	3.0	29.0	15.0	0.32476250894614733	915	9027	22	3.0	29.0	15.0	22	3.0	29.0	15.0	4574	0	0.015623331069946289	91600	28.66991400718689	64439	29.651746724890828	
312924695.2535074	22.0	3.0	29.0	15.0	0.32476250894614733	916	9036	22	3.0	29.0	15.0	22	3.0	29.0	15.0	4587	0	0.03124713897705078	91700	28.70116114616394	64503	29.658669574700113	
9.15063431700882e+19	22.0	3.0	29.0	15.0	0.32476250894614733	917	9047	22	3.0	29.0	15.0	22	3.0	29.0	15.0	4605	0	0.03124833106994629	91800	28.732409477233887	64566	29.666666666666657	
1333111529.4827666	22.0	3.0	29.0	15.0	0.32476250894614733	918	9058	22	3.0	29.0	15.0	22	3.0	29.0	15.0	4623	0	0.031247615814208984	91900	28.763657093048096	64629	29.674646354733397	
20378157672.50786	22.0	3.0	29.0	15.0	0.32476250894614733	919	9065	22	3.0	29.0	15.0	22	3.0	29.0	15.0	4637	0	0.031249523162841797	92000	28.794906616210938	64697	29.677173913043475	
148525898.44459733	22.0	3.0	29.0	15.0	0.32476250894614733	920	9077	22	3.0	29.0	15.0	22	3.0	29.0	15.0	4651	0	0.031247377395629883	92100	28.826153993606567	64757	29.688382193268183	
171365.03600026786	22.0	3.0	29.0	15.0	0.32476250894614733	921	9088	22	3.0	29.0	15.0	22	3.0	29.0	15.0	4663	0	0.031247854232788086	92200	28.857401847839355	64825	29.690889370932766	
25593645.161129236	22.0	3.0	29.0	15.0	0.32476250894614733	922	9100	22	3.0	29.0	15.0	22	3.0	29.0	15.0	4676	0	0.031247377395629883	92300	28.888649225234985	64889	29.69772481040087	
4.650509590110362e+18	22.0	3.0	29.0	15.0	0.32476250894614733	923	9113	22	3.0	29.0	15.0	22	3.0	29.0	15.0	4691	0	0.03124833106994629	92400	28.91989755630493	64954	29.7034632034632	
10674379.75757539	22.0	3.0	29.0	15.0	0.32476250894614733	924	9120	22	3.0	29.0	15.0	22	3.0	29.0	15.0	4710	0	0.031246423721313477	92500	28.951143980026245	65018	29.71027027027027	
8837300.602534242	22.0	3.0	29.0	15.0	0.32476250894614733	925	9130	22	3.0	29.0	15.0	22	3.0	29.0	15.0	4729	0	0.031248092651367188	92600	28.982392072677612	65077	29.722462203023753	
1052841.503444666	22.0	3.0	29.0	15.0	0.32476250894614733	926	9139	22	3.0	29.0	15.0	22	3.0	29.0	15.0	4750	0	0.015624046325683594	92700	28.998016119003296	65129	29.74217907227616	
1.3500855258515372e+28	22.0	3.0	29.0	15.0	0.32476250894614733	927	9143	22	3.0	29.0	15.0	22	3.0	29.0	15.0	4770	0	0.03125	92800	29.029266119003296	65192	29.75	
2651394.4820441487	22.0	3.0	29.0	15.0	0.32476250894614733	928	9153	22	3.0	29.0	15.0	22	3.0	29.0	15.0	4789	0	0.031246662139892578	92900	29.06051278114319	65249	29.76426264800861	
37.5906295977765	22.0	3.0	29.0	15.0	0.32476250894614733	929	9163	22	3.0	29.0	15.0	22	3.0	29.0	15.0	4804	0	0.03124690055847168	93000	29.09175968170166	65315	29.768817204301072	
519815.51568853465	22.0	3.0	29.0	15.0	0.32476250894614733	930	9172	22	3.0	29.0	15.0	22	3.0	29.0	15.0	4816	0	0.01562356948852539	93100	29.107383251190186	65380	29.774436090225564	
41970.654460089034	22.0	3.0	29.0	15.0	0.32476250894614733	931	9176	22	3.0	29.0	15.0	22	3.0	29.0	15.0	4828	0	0.031247615814208984	93200	29.138630867004395	65450	29.77467811158799	
6293706.249330095	22.0	3.0	29.0	15.0	0.32476250894614733	932	9183	22	3.0	29.0	15.0	22	3.0	29.0	15.0	4845	0	0.015623807907104492	93300	29.1542546749115	65517	29.77813504823152	
2448851.564306584	22.0	3.0	29.0	15.0	0.32476250894614733	933	9192	22	3.0	29.0	15.0	22	3.0	29.0	15.0	4854	0	0.015624761581420898	93400	29.16987943649292	65584	29.781584582441113	
82142837.96533902	22.0	3.0	29.0	15.0	0.32476250894614733	934	9201	22	3.0	29.0	15.0	22	3.0	29.0	15.0	4865	0	0.031247615814208984	93500	29.20112705230713	65649	29.787165775401064	
7433766.710644827	22.0	3.0	29.0	15.0	0.32476250894614733	935	9211	22	3.0	29.0	15.0	22	3.0	29.0	15.0	4879	0	0.031247377395629883	93600	29.23237442970276	65707	29.80021367521367	
5.1529231172185564e+29	22.0	3.0	29.0	15.0	0.32476250894614733	936	9223	22	3.0	29.0	15.0	22	3.0	29.0	15.0	4896	0	0.0156252384185791	93700	29.247999668121338	65757	29.821771611526145	
16689161.55237412	22.0	3.0	29.0	15.0	0.32476250894614733	937	9234	22	3.0	29.0	15.0	22	3.0	29.0	15.0	4914	0	0.015624284744262695	93800	29.2636239528656	65813	29.8368869936034	
22420978.821552686	22.0	3.0	29.0	15.0	0.32476250894614733	938	9239	22	3.0	29.0	15.0	22	3.0	29.0	15.0	4931	0	0.031246185302734375	93900	29.294870138168335	65877	29.843450479233226	
85326587.3615367	22.0	3.0	29.0	15.0	0.32476250894614733	939	9250	22	3.0	29.0	15.0	22	3.0	29.0	15.0	4944	0	0.031248807907104492	94000	29.32611894607544	65941	29.849999999999994	
200.85514215315575	22.0	3.0	29.0	15.0	0.32476250894614733	940	9262	22	3.0	29.0	15.0	22	3.0	29.0	15.0	4957	0	0.031248807907104492	94100	29.357367753982544	66005	29.856535600425076	
129740.8246304944	22.0	3.0	29.0	15.0	0.32476250894614733	941	9268	22	3.0	29.0	15.0	22	3.0	29.0	15.0	4975	0	0.01562643051147461	94200	29.37299418449402	66065	29.867303609341818	
3.7076723709229305e+28	22.0	3.0	29.0	15.0	0.32476250894614733	942	9278	22	3.0	29.0	15.0	22	3.0	29.0	15.0	4989	0	0.015621423721313477	94300	29.388615608215332	66120	29.883351007423116	
1337580976.5080116	22.0	3.0	29.0	15.0	0.32476250894614733	943	9287	22	3.0	29.0	15.0	22	3.0	29.0	15.0	5007	0	0.04687213897705078	94400	29.435487747192383	66178	29.896186440677965	
474181329886.57245	22.0	3.0	29.0	15.0	0.32476250894614733	944	9293	22	3.0	29.0	15.0	22	3.0	29.0	15.0	5025	0	0.031248807907104492	94500	29.466736555099487	66245	29.8994708994709	
5686046.849046109	22.0	3.0	29.0	15.0	0.32476250894614733	945	9304	22	3.0	29.0	15.0	22	3.0	29.0	15.0	5038	0	0.03124833106994629	94600	29.497984886169434	66308	29.90697674418604	
136355207282703.97	22.0	3.0	29.0	15.0	0.32476250894614733	946	9319	22	3.0	29.0	15.0	22	3.0	29.0	15.0	5049	0	0.031247854232788086	94700	29.52923274040222	66366	29.919746568109815	
3.652179956611712e+41	22.0	3.0	29.0	15.0	0.32476250894614733	947	9330	22	3.0	29.0	15.0	22	3.0	29.0	15.0	5066	0	0.015623092651367188	94800	29.54485583305359	66425	29.93143459915612	
17306.52015512048	22.0	3.0	29.0	15.0	0.32476250894614733	948	9339	22	3.0	29.0	15.0	22	3.0	29.0	15.0	5078	0	0.01562356948852539	94900	29.560479402542114	66494	29.932560590094837	
3.2082846669764145e+31	22.0	3.0	29.0	15.0	0.32476250894614733	949	9347	22	3.0	29.0	15.0	22	3.0	29.0	15.0	5095	0	0.046869516372680664	95000	29.607348918914795	66554	29.943157894736842	
9474.899417173578	22.0	3.0	29.0	15.0	0.32476250894614733	950	9356	22	3.0	29.0	15.0	22	3.0	29.0	15.0	5115	0	0.03124856948852539	95100	29.63859748840332	66604	29.964248159831754	
59137061.03049386	22.0	3.0	29.0	15.0	0.32476250894614733	951	9365	22	3.0	29.0	15.0	22	3.0	29.0	15.0	5130	0	0.015624761581420898	95200	29.65422224998474	66664	29.974789915966383	
1111538567.6930146	22.0	3.0	29.0	15.0	0.32476250894614733	952	9374	22	3.0	29.0	15.0	22	3.0	29.0	15.0	5145	0	0.031246662139892578	95300	29.685468912124634	66720	29.989506820566632	
30974.099086086073	22.0	3.0	29.0	15.0	0.32476250894614733	953	9381	22	3.0	29.0	15.0	22	3.0	29.0	15.0	5162	0	0.031249046325683594	95400	29.716717958450317	66779	30.001048218029354	
3027441147886.4053	22.0	3.0	29.0	15.0	0.32476250894614733	954	9391	22	3.0	29.0	15.0	22	3.0	29.0	15.0	5173	0	0.046871185302734375	95500	29.76358914375305	66842	30.008376963350784	
485.4428942910606	22.0	3.0	29.0	15.0	0.32476250894614733	955	9402	22	3.0	29.0	15.0	22	3.0	29.0	15.0	5190	0	0.03124690055847168	95600	29.794836044311523	66900	30.020920502092054	
31415.503037418428	22.0	3.0	29.0	15.0	0.32476250894614733	956	9414	22	3.0	29.0	15.0	22	3.0	29.0	15.0	5210	0	0.015624761581420898	95700	29.810460805892944	66948	30.043887147335425	
9411829.089739993	22.0	3.0	29.0	15.0	0.32476250894614733	957	9434	22	3.0	29.0	15.0	22	3.0	29.0	15.0	5223	0	0.031249284744262695	95800	29.841710090637207	67006	30.05636743215031	
115390.13421757682	22.0	3.0	29.0	15.0	0.32476250894614733	958	9447	22	3.0	29.0	15.0	22	3.0	29.0	15.0	5238	0	0.015622854232788086	95900	29.857332944869995	67061	30.07194994786235	
48009.56308706416	22.0	3.0	29.0	15.0	0.32476250894614733	959	9459	22	3.0	29.0	15.0	22	3.0	29.0	15.0	5251	0	0.031247377395629883	96000	29.888580322265625	67118	30.08541666666666	
2.1574885485819641e+24	22.0	3.0	29.0	15.0	0.32476250894614733	960	9467	22	3.0	29.0	15.0	22	3.0	29.0	15.0	5266	0	0.015623331069946289	96100	29.90420365333557	67175	30.098855359001035	
156693423.86198002	22.0	3.0	29.0	15.0	0.32476250894614733	961	9478	22	3.0	29.0	15.0	22	3.0	29.0	15.0	5276	0	0.0156252384185791	96200	29.91982889175415	67239	30.104989604989612	
40904898459831.06	22.0	3.0	29.0	15.0	0.32476250894614733	962	9488	22	3.0	29.0	15.0	22	3.0	29.0	15.0	5291	0	0.031249284744262695	96300	29.951078176498413	67294	30.12045690550363	
32824063.62334302	22.0	3.0	29.0	15.0	0.32476250894614733	963	9499	22	3.0	29.0	15.0	22	3.0	29.0	15.0	5305	0	0.015622854232788086	96400	29.9667010307312	67342	30.143153526970963	
4.301928586956349e+16	22.0	3.0	29.0	15.0	0.32476250894614733	964	9512	22	3.0	29.0	15.0	22	3.0	29.0	15.0	5320	0	0.03125715255737305	96500	29.997958183288574	67397	30.15854922279793	
39738159.30819776	22.0	3.0	29.0	15.0	0.32476250894614733	965	9524	22	3.0	29.0	15.0	22	3.0	29.0	15.0	5337	0	0.03124713897705078	96600	30.029205322265625	67452	30.173913043478265	
192757272759934.28	22.0	3.0	29.0	15.0	0.32476250894614733	966	9534	22	3.0	29.0	15.0	22	3.0	29.0	15.0	5357	0	0.031238555908203125	96700	30.060443878173828	67511	30.185108583247157	
37426153.22857261	22.0	3.0	29.0	15.0	0.32476250894614733	967	9548	22	3.0	29.0	15.0	22	3.0	29.0	15.0	5371	0	0.031247615814208984	96800	30.091691493988037	67570	30.196280991735534	
4421534.185587044	22.0	3.0	29.0	15.0	0.32476250894614733	968	9563	22	3.0	29.0	15.0	22	3.0	29.0	15.0	5383	0	0.015624046325683594	96900	30.10731554031372	67626	30.21052631578948	
133164.73553024555	22.0	3.0	29.0	15.0	0.32476250894614733	969	9566	22	3.0	29.0	15.0	22	3.0	29.0	15.0	5399	0	0.046872854232788086	97000	30.15418839454651	67682	30.22474226804124	
52442613.213323824	22.0	3.0	29.0	15.0	0.32476250894614733	970	9575	22	3.0	29.0	15.0	22	3.0	29.0	15.0	5409	0	0.015622615814208984	97100	30.169811010360718	67740	30.236869207003096	
12535065.34967043	22.0	3.0	29.0	15.0	0.32476250894614733	971	9588	22	3.0	29.0	15.0	22	3.0	29.0	15.0	5418	0	0.01562666893005371	97200	30.18543767929077	67795	30.25205761316873	
8040.593697555179	22.0	3.0	29.0	15.0	0.32476250894614733	972	9602	22	3.0	29.0	15.0	22	3.0	29.0	15.0	5432	0	0.046869516372680664	97300	30.232307195663452	67857	30.260020554984578	
268236759.5037279	22.0	3.0	29.0	15.0	0.32476250894614733	973	9617	22	3.0	29.0	15.0	22	3.0	29.0	15.0	5451	0	0.0312504768371582	97400	30.26355767250061	67918	30.26899383983573	
7.90812336538631e+19	22.0	3.0	29.0	15.0	0.32476250894614733	974	9625	22	3.0	29.0	15.0	22	3.0	29.0	15.0	5466	0	0.04687023162841797	97500	30.31042790412903	67987	30.269743589743598	
36421492.08240586	22.0	3.0	29.0	15.0	0.32476250894614733	975	9638	22	3.0	29.0	15.0	22	3.0	29.0	15.0	5473	0	0.015622615814208984	97600	30.326050519943237	68048	30.278688524590166	
272652.16885916574	22.0	3.0	29.0	15.0	0.32476250894614733	976	9646	22	3.0	29.0	15.0	22	3.0	29.0	15.0	5488	0	0.01562356948852539	97700	30.341674089431763	68108	30.288638689866943	
463999657.2151657	22.0	3.0	29.0	15.0	0.32476250894614733	977	9659	22	3.0	29.0	15.0	22	3.0	29.0	15.0	5503	0	0.015624284744262695	97800	30.357298374176025	68166	30.300613496932513	
485797222283471.25	22.0	3.0	29.0	15.0	0.32476250894614733	978	9664	22	3.0	29.0	15.0	22	3.0	29.0	15.0	5527	0	0.04687213897705078	97900	30.404170513153076	68226	30.310520939734417	
229443526.00079438	22.0	3.0	29.0	15.0	0.32476250894614733	979	9679	22	3.0	29.0	15.0	22	3.0	29.0	15.0	5539	0	0.031248092651367188	98000	30.435418605804443	68289	30.317346938775515	
3.227549333138652e+22	22.0	3.0	29.0	15.0	0.32476250894614733	980	9687	22	3.0	29.0	15.0	22	3.0	29.0	15.0	5558	0	0.031247615814208984	98100	30.466666221618652	68349	30.327217125382262	
8673916320.17166	22.0	3.0	29.0	15.0	0.32476250894614733	981	9702	22	3.0	29.0	15.0	22	3.0	29.0	15.0	5572	0	0.031248807907104492	98200	30.497915029525757	68407	30.33910386965377	
128661.24102357011	22.0	3.0	29.0	15.0	0.32476250894614733	982	9714	22	3.0	29.0	15.0	22	3.0	29.0	15.0	5584	0	0.031246423721313477	98300	30.52916145324707	68466	30.349949135300108	
2432720.3400778347	22.0	3.0	29.0	15.0	0.32476250894614733	983	9723	22	3.0	29.0	15.0	22	3.0	29.0	15.0	5604	0	0.031248807907104492	98400	30.560410261154175	68518	30.367886178861795	
14902348712698.695	22.0	3.0	29.0	15.0	0.32476250894614733	984	9738	22	3.0	29.0	15.0	22	3.0	29.0	15.0	5613	0	0.03124690055847168	98500	30.591657161712646	68579	30.376649746192896	
530.2013857927645	22.0	3.0	29.0	15.0	0.32476250894614733	985	9752	22	3.0	29.0	15.0	22	3.0	29.0	15.0	5623	0	0.015623331069946289	98600	30.607280492782593	68636	30.3894523326572	
2.221353489388771e+25	22.0	3.0	29.0	15.0	0.32476250894614733	986	9761	22	3.0	29.0	15.0	22	3.0	29.0	15.0	5644	0	0.04687213897705078	98700	30.654152631759644	68694	30.401215805471125	
4.735698322316695e+28	22.0	3.0	29.0	15.0	0.32476250894614733	987	9770	22	3.0	29.0	15.0	22	3.0	29.0	15.0	5665	0	0.015623331069946289	98800	30.66977596282959	68751	30.413967611336034	
109901.39101086381	22.0	3.0	29.0	15.0	0.32476250894614733	988	9780	22	3.0	29.0	15.0	22	3.0	29.0	15.0	5685	0	0.031248807907104492	98900	30.701024770736694	68804	30.430738119312437	
151137.4626685637	22.0	3.0	29.0	15.0	0.32476250894614733	989	9791	22	3.0	29.0	15.0	22	3.0	29.0	15.0	5697	0	0.0156252384185791	99000	30.716650009155273	68870	30.434343434343432	
3.837873332288755e+22	22.0	3.0	29.0	15.0	0.32476250894614733	990	9795	22	3.0	29.0	15.0	22	3.0	29.0	15.0	5713	0	0.031245708465576172	99100	30.74789571762085	68938	30.435923309788095	
1498771.6913400474	22.0	3.0	29.0	15.0	0.32476250894614733	991	9808	22	3.0	29.0	15.0	22	3.0	29.0	15.0	5726	0	0.031248092651367188	99200	30.779143810272217	68995	30.44858870967741	
8439493.003965689	22.0	3.0	29.0	15.0	0.32476250894614733	992	9815	22	3.0	29.0	15.0	22	3.0	29.0	15.0	5744	0	0.031247854232788086	99300	30.810391664505005	69054	30.459214501510573	
329920689.5040704	22.0	3.0	29.0	15.0	0.32476250894614733	993	9825	22	3.0	29.0	15.0	22	3.0	29.0	15.0	5757	0	0.031247615814208984	99400	30.841639280319214	69121	30.461770623742453	
293692853.69187313	22.0	3.0	29.0	15.0	0.32476250894614733	994	9834	22	3.0	29.0	15.0	22	3.0	29.0	15.0	5773	0	0.031248807907104492	99500	30.87288808822632	69186	30.466331658291452	
1853236911451526.8	22.0	3.0	29.0	15.0	0.32476250894614733	995	9846	22	3.0	29.0	15.0	22	3.0	29.0	15.0	5787	0	0.031247854232788086	99600	30.904135942459106	69244	30.477911646586335	
3273066.9099342045	22.0	3.0	29.0	15.0	0.32476250894614733	996	9860	22	3.0	29.0	15.0	22	3.0	29.0	15.0	5796	0	0.031248092651367188	99700	30.935384035110474	69306	30.485456369107325	
818348710.7156751	22.0	3.0	29.0	15.0	0.32476250894614733	997	9868	22	3.0	29.0	15.0	22	3.0	29.0	15.0	5808	0	0.015623331069946289	99800	30.95100736618042	69362	30.498997995991985	
1.2552634657858774e+17	22.0	3.0	29.0	15.0	0.32476250894614733	998	9875	22	3.0	29.0	15.0	22	3.0	29.0	15.0	5816	0	0.015624523162841797	99900	30.96663188934326	69429	30.501501501501508	
8247531.23652164	22.0	3.0	29.0	15.0	0.32476250894614733	999	9891	22	3.0	29.0	15.0	22	3.0	29.0	15.0	5830	0	0.03124713897705078	100000	30.997879028320312	69487	30.513000000000005	
20.814491720289098	22.0	3.0	29.0	15.0	0.32476250894614733	1000	9897	22	3.0	29.0	15.0	22	3.0	29.0	15.0	5847	0	0.031248807907104492	100100	31.029127836227417	69552	30.51748251748252	
