ave_fitness	ave_genome_length	ave_tree_depth	ave_tree_nodes	ave_used_codons	best_fitness	gen	invalids	max_genome_length	max_tree_depth	max_tree_nodes	max_used_codons	min_genome_length	min_tree_depth	min_tree_nodes	min_used_codons	runtime_error	time_adjust	time_taken	total_inds	total_time	unique_inds	unused_search	
3.195616907541064e+39	101.9	6.54	131.66	68.1	2.4724305829099946	0	0	180	10	232	120	22	3	29	15	34	0	1.8748714923858643	50	1.8748714923858643	16	68.0	
2600589873589.5796	32.12	3.1470588235294117	33.26470588235294	17.205882352941178	2.4723244800562334	1	17	45	4.0	58.0	30.0	22	3.0	29.0	15.0	42	0	0.03124833106994629	100	1.9061198234558105	22	78.0	
1779350891062.5767	39.02	3.3	37.7	19.5	2.4723244800562334	2	28	45	4.0	58.0	30.0	22	3.0	29.0	15.0	44	0	0.03125143051147461	150	1.9373712539672852	24	84.0	
3073424091781.09	40.4	3.272727272727273	36.90909090909091	19.09090909090909	2.4723244800562334	3	35	45	4.0	58.0	30.0	22	3.0	29.0	15.0	44	0	0.015619516372680664	200	1.9529907703399658	24	88.0	
583.7127940639594	44.54	3.36	39.44	20.4	2.4723244800562334	4	36	45	4	58	30	22	3	29	15	44	0	0.01562786102294922	250	1.968618631362915	25	90.0	
21.36154482039118	44.54	3.4081632653061225	40.83673469387755	21.122448979591837	2.4723244800562334	5	38	45	4.0	58.0	30.0	22	3.0	29.0	15.0	44	0	0.031247615814208984	300	1.999866247177124	25	91.66666666666667	
12.685530512347677	45.0	3.68	48.72	25.2	2.4723244800562334	6	39	45	4	58	30	45	3	29	15	44	0	0.031245946884155273	350	2.0311121940612793	25	92.85714285714286	
6.302276742165526	45.0	3.88	54.52	28.2	2.4723244800562334	7	39	45	4	58	30	45	3	29	15	44	0	0.015626192092895508	400	2.046738386154175	25	93.75	
2.4723244800562334	45.0	4.0	58.0	30.0	2.4723244800562334	8	39	45	4	58	30	45	4	58	30	44	0	0.031245708465576172	450	2.077984094619751	25	94.44444444444444	
2.4723244800562334	45.0	4.0	58.0	30.0	2.4723244800562334	9	39	45	4	58	30	45	4	58	30	44	0	0.015622615814208984	500	2.09360671043396	25	95.0	
2.4723244800562334	45.0	4.0	58.0	30.0	2.4723244800562334	10	39	45	4	58	30	45	4	58	30	44	0	0.015624523162841797	550	2.1092312335968018	25	95.45454545454545	
2.4723244800562334	45.0	4.0	58.0	30.0	2.4723244800562334	11	39	45	4	58	30	45	4	58	30	44	0	0.031249046325683594	600	2.1404802799224854	25	95.83333333333333	
2.4723244800562334	45.0	4.0	58.0	30.0	2.4723244800562334	12	39	45	4	58	30	45	4	58	30	44	0	0.015621662139892578	650	2.156101942062378	25	96.15384615384616	
2.4723244800562334	45.0	4.0	58.0	30.0	2.4723244800562334	13	39	45	4	58	30	45	4	58	30	44	0	0.031248807907104492	700	2.1873507499694824	25	96.42857142857143	
2.4723244800562334	45.0	4.0	58.0	30.0	2.4723244800562334	14	39	45	4	58	30	45	4	58	30	44	0	0.03124833106994629	750	2.2185990810394287	25	96.66666666666667	
2.4723244800562334	45.0	4.0	58.0	30.0	2.4723244800562334	15	39	45	4	58	30	45	4	58	30	44	0	0.031246423721313477	800	2.249845504760742	25	96.875	
2.4723244800562334	45.0	4.0	58.0	30.0	2.4723244800562334	16	39	45	4	58	30	45	4	58	30	44	0	0.015624284744262695	850	2.265469789505005	25	97.05882352941177	
2.4723244800562334	45.0	4.0	58.0	30.0	2.4723244800562334	17	39	45	4	58	30	45	4	58	30	44	0	0.031248807907104492	900	2.2967185974121094	25	97.22222222222223	
2.4723244800562334	45.0	4.0	58.0	30.0	2.4723244800562334	18	39	45	4	58	30	45	4	58	30	44	0	0.015623331069946289	950	2.3123419284820557	25	97.36842105263158	
2.4723244800562334	45.0	4.0	58.0	30.0	2.4723244800562334	19	39	45	4	58	30	45	4	58	30	44	0	0.0312497615814209	1000	2.3435916900634766	25	97.5	
2.4723244800562334	45.0	4.0	58.0	30.0	2.4723244800562334	20	39	45	4	58	30	45	4	58	30	44	0	0.015622615814208984	1050	2.3592143058776855	25	97.61904761904762	
2.4723244800562334	45.0	4.0	58.0	30.0	2.4723244800562334	21	39	45	4	58	30	45	4	58	30	44	0	0.0312497615814209	1100	2.3904640674591064	25	97.72727272727273	
2.4723244800562334	45.0	4.0	58.0	30.0	2.4723244800562334	22	39	45	4	58	30	45	4	58	30	44	0	0.015625715255737305	1150	2.4060897827148438	25	97.82608695652173	
2.4723244800562334	45.0	4.0	58.0	30.0	2.4723244800562334	23	39	45	4	58	30	45	4	58	30	44	0	0.031243085861206055	1200	2.43733286857605	25	97.91666666666667	
2.4723244800562334	45.0	4.0	58.0	30.0	2.4723244800562334	24	39	45	4	58	30	45	4	58	30	44	0	0.031247854232788086	1250	2.468580722808838	25	98.0	
2.4723244800562334	45.0	4.0	58.0	30.0	2.4723244800562334	25	39	45	4	58	30	45	4	58	30	44	0	0.015624523162841797	1300	2.4842052459716797	25	98.07692307692308	
2.4723244800562334	45.0	4.0	58.0	30.0	2.4723244800562334	26	39	45	4	58	30	45	4	58	30	44	0	0.015624523162841797	1350	2.4998297691345215	25	98.14814814814815	
2.4723244800562334	45.0	4.0	58.0	30.0	2.4723244800562334	27	39	45	4	58	30	45	4	58	30	44	0	0.015623807907104492	1400	2.515453577041626	25	98.21428571428571	
2.4723244800562334	45.0	4.0	58.0	30.0	2.4723244800562334	28	39	45	4	58	30	45	4	58	30	44	0	0.031247854232788086	1450	2.546701431274414	25	98.27586206896552	
2.4723244800562334	45.0	4.0	58.0	30.0	2.4723244800562334	29	39	45	4	58	30	45	4	58	30	44	0	0.031247854232788086	1500	2.577949285507202	25	98.33333333333333	
2.4723244800562334	45.0	4.0	58.0	30.0	2.4723244800562334	30	39	45	4	58	30	45	4	58	30	44	0	0.015623331069946289	1550	2.5935726165771484	25	98.38709677419355	
2.4723244800562334	45.0	4.0	58.0	30.0	2.4723244800562334	31	39	45	4	58	30	45	4	58	30	44	0	0.015623331069946289	1600	2.6091959476470947	25	98.4375	
2.4723244800562334	45.0	4.0	58.0	30.0	2.4723244800562334	32	39	45	4	58	30	45	4	58	30	44	0	0.031247615814208984	1650	2.6404435634613037	25	98.48484848484848	
2.4723244800562334	45.0	4.0	58.0	30.0	2.4723244800562334	33	39	45	4	58	30	45	4	58	30	44	0	0.0312497615814209	1700	2.6716933250427246	25	98.52941176470588	
2.4723244800562334	45.0	4.0	58.0	30.0	2.4723244800562334	34	39	45	4	58	30	45	4	58	30	44	0	0.031246185302734375	1750	2.702939510345459	25	98.57142857142857	
2.4723244800562334	45.0	4.0	58.0	30.0	2.4723244800562334	35	39	45	4	58	30	45	4	58	30	44	0	0.03124856948852539	1800	2.7341880798339844	25	98.61111111111111	
2.4723244800562334	45.0	4.0	58.0	30.0	2.4723244800562334	36	39	45	4	58	30	45	4	58	30	44	0	0.015623807907104492	1850	2.749811887741089	25	98.64864864864865	
2.4723244800562334	45.0	4.0	58.0	30.0	2.4723244800562334	37	39	45	4	58	30	45	4	58	30	44	0	0.0312504768371582	1900	2.781062364578247	25	98.6842105263158	
2.4723244800562334	45.0	4.0	58.0	30.0	2.4723244800562334	38	39	45	4	58	30	45	4	58	30	44	0	0.031246185302734375	1950	2.8123085498809814	25	98.71794871794872	
2.4723244800562334	45.0	4.0	58.0	30.0	2.4723244800562334	39	39	45	4	58	30	45	4	58	30	44	0	0.015622615814208984	2000	2.8279311656951904	25	98.75	
2.4723244800562334	45.0	4.0	58.0	30.0	2.4723244800562334	40	39	45	4	58	30	45	4	58	30	44	0	0.015624046325683594	2050	2.843555212020874	25	98.78048780487805	
2.4723244800562334	45.0	4.0	58.0	30.0	2.4723244800562334	41	39	45	4	58	30	45	4	58	30	44	0	0.015624284744262695	2100	2.8591794967651367	25	98.80952380952381	
2.4723244800562334	45.0	4.0	58.0	30.0	2.4723244800562334	42	39	45	4	58	30	45	4	58	30	44	0	0.015623807907104492	2150	2.874803304672241	25	98.83720930232558	
2.4723244800562334	45.0	4.0	58.0	30.0	2.4723244800562334	43	39	45	4	58	30	45	4	58	30	44	0	0.015624761581420898	2200	2.890428066253662	25	98.86363636363636	
2.4723244800562334	45.0	4.0	58.0	30.0	2.4723244800562334	44	39	45	4	58	30	45	4	58	30	44	0	0.01562356948852539	2250	2.9060516357421875	25	98.88888888888889	
2.4723244800562334	45.0	4.0	58.0	30.0	2.4723244800562334	45	39	45	4	58	30	45	4	58	30	44	0	0.015624523162841797	2300	2.9216761589050293	25	98.91304347826087	
2.4723244800562334	45.0	4.0	58.0	30.0	2.4723244800562334	46	39	45	4	58	30	45	4	58	30	44	0	0.015623807907104492	2350	2.937299966812134	25	98.93617021276596	
2.4723244800562334	45.0	4.0	58.0	30.0	2.4723244800562334	47	39	45	4	58	30	45	4	58	30	44	0	0.01562356948852539	2400	2.952923536300659	25	98.95833333333333	
2.4723244800562334	45.0	4.0	58.0	30.0	2.4723244800562334	48	39	45	4	58	30	45	4	58	30	44	0	0.015623807907104492	2450	2.9685473442077637	25	98.9795918367347	
2.4723244800562334	45.0	4.0	58.0	30.0	2.4723244800562334	49	39	45	4	58	30	45	4	58	30	44	0	0.015623092651367188	2500	2.984170436859131	25	99.0	
2.4723244800562334	45.0	4.0	58.0	30.0	2.4723244800562334	50	39	45	4	58	30	45	4	58	30	44	0	0.015624046325683594	2550	2.9997944831848145	25	99.01960784313725	
2.4723244800562334	45.0	4.0	58.0	30.0	2.4723244800562334	51	39	45	4	58	30	45	4	58	30	44	0	0.015623807907104492	2600	3.015418291091919	25	99.03846153846153	
2.4723244800562334	45.0	4.0	58.0	30.0	2.4723244800562334	52	39	45	4	58	30	45	4	58	30	44	0	0.015624046325683594	2650	3.0310423374176025	25	99.05660377358491	
2.4723244800562334	45.0	4.0	58.0	30.0	2.4723244800562334	53	39	45	4	58	30	45	4	58	30	44	0	0.015624284744262695	2700	3.0466666221618652	25	99.07407407407408	
2.4723244800562334	45.0	4.0	58.0	30.0	2.4723244800562334	54	39	45	4	58	30	45	4	58	30	44	0	0.015624523162841797	2750	3.062291145324707	25	99.0909090909091	
2.4723244800562334	45.0	4.0	58.0	30.0	2.4723244800562334	55	39	45	4	58	30	45	4	58	30	44	0	0.015623807907104492	2800	3.0779149532318115	25	99.10714285714286	
2.4723244800562334	45.0	4.0	58.0	30.0	2.4723244800562334	56	39	45	4	58	30	45	4	58	30	44	0	0.031249523162841797	2850	3.1091644763946533	25	99.12280701754386	
2.4723244800562334	45.0	4.0	58.0	30.0	2.4723244800562334	57	39	45	4	58	30	45	4	58	30	44	0	0.04687047004699707	2900	3.1560349464416504	25	99.13793103448276	
2.4723244800562334	45.0	4.0	58.0	30.0	2.4723244800562334	58	39	45	4	58	30	45	4	58	30	44	0	0.031248807907104492	2950	3.187283754348755	25	99.15254237288136	
2.4723244800562334	45.0	4.0	58.0	30.0	2.4723244800562334	59	39	45	4	58	30	45	4	58	30	44	0	0.015621423721313477	3000	3.2029051780700684	25	99.16666666666667	
2.4723244800562334	45.0	4.0	58.0	30.0	2.4723244800562334	60	39	45	4	58	30	45	4	58	30	44	0	0.031247854232788086	3050	3.2341530323028564	25	99.18032786885246	
2.4723244800562334	45.0	4.0	58.0	30.0	2.4723244800562334	61	39	45	4	58	30	45	4	58	30	44	0	0.03124833106994629	3100	3.2654013633728027	25	99.19354838709677	
2.4723244800562334	45.0	4.0	58.0	30.0	2.4723244800562334	62	39	45	4	58	30	45	4	58	30	44	0	0.015626192092895508	3150	3.2810275554656982	25	99.2063492063492	
2.4723244800562334	45.0	4.0	58.0	30.0	2.4723244800562334	63	39	45	4	58	30	45	4	58	30	44	0	0.03124690055847168	3200	3.31227445602417	25	99.21875	
2.4723244800562334	45.0	4.0	58.0	30.0	2.4723244800562334	64	39	45	4	58	30	45	4	58	30	44	0	0.031247377395629883	3250	3.3435218334198	25	99.23076923076923	
2.4723244800562334	45.0	4.0	58.0	30.0	2.4723244800562334	65	39	45	4	58	30	45	4	58	30	44	0	0.031247377395629883	3300	3.3747692108154297	25	99.24242424242425	
2.4723244800562334	45.0	4.0	58.0	30.0	2.4723244800562334	66	39	45	4	58	30	45	4	58	30	44	0	0.015626192092895508	3350	3.390395402908325	25	99.25373134328358	
2.4723244800562334	45.0	4.0	58.0	30.0	2.4723244800562334	67	39	45	4	58	30	45	4	58	30	44	0	0.015622854232788086	3400	3.4060182571411133	25	99.26470588235294	
2.4723244800562334	45.0	4.0	58.0	30.0	2.4723244800562334	68	39	45	4	58	30	45	4	58	30	44	0	0.031246185302734375	3450	3.4372644424438477	25	99.27536231884058	
2.4723244800562334	45.0	4.0	58.0	30.0	2.4723244800562334	69	39	45	4	58	30	45	4	58	30	44	0	0.01562356948852539	3500	3.452888011932373	25	99.28571428571429	
2.4723244800562334	45.0	4.0	58.0	30.0	2.4723244800562334	70	39	45	4	58	30	45	4	58	30	44	0	0.031248092651367188	3550	3.4841361045837402	25	99.29577464788733	
2.4723244800562334	45.0	4.0	58.0	30.0	2.4723244800562334	71	39	45	4	58	30	45	4	58	30	44	0	0.031247615814208984	3600	3.515383720397949	25	99.30555555555556	
2.4723244800562334	45.0	4.0	58.0	30.0	2.4723244800562334	72	39	45	4	58	30	45	4	58	30	44	0	0.015624046325683594	3650	3.531007766723633	25	99.31506849315069	
2.4723244800562334	45.0	4.0	58.0	30.0	2.4723244800562334	73	39	45	4	58	30	45	4	58	30	44	0	0.015624761581420898	3700	3.5466325283050537	25	99.32432432432432	
2.4723244800562334	45.0	4.0	58.0	30.0	2.4723244800562334	74	39	45	4	58	30	45	4	58	30	44	0	0.015623331069946289	3750	3.562255859375	25	99.33333333333333	
2.4723244800562334	45.0	4.0	58.0	30.0	2.4723244800562334	75	39	45	4	58	30	45	4	58	30	44	0	0.031247615814208984	3800	3.593503475189209	25	99.34210526315789	
2.4723244800562334	45.0	4.0	58.0	30.0	2.4723244800562334	76	39	45	4	58	30	45	4	58	30	44	0	0.015625953674316406	3850	3.6091294288635254	25	99.35064935064935	
2.4723244800562334	45.0	4.0	58.0	30.0	2.4723244800562334	77	39	45	4	58	30	45	4	58	30	44	0	0.031247377395629883	3900	3.6403768062591553	25	99.35897435897436	
2.4723244800562334	45.0	4.0	58.0	30.0	2.4723244800562334	78	39	45	4	58	30	45	4	58	30	44	0	0.03125	3950	3.6716268062591553	25	99.36708860759494	
2.4723244800562334	45.0	4.0	58.0	30.0	2.4723244800562334	79	39	45	4	58	30	45	4	58	30	44	0	0.015621662139892578	4000	3.687248468399048	25	99.375	
2.4723244800562334	45.0	4.0	58.0	30.0	2.4723244800562334	80	39	45	4	58	30	45	4	58	30	44	0	0.031249046325683594	4050	3.7184975147247314	25	99.38271604938272	
2.4723244800562334	45.0	4.0	58.0	30.0	2.4723244800562334	81	39	45	4	58	30	45	4	58	30	44	0	0.015623807907104492	4100	3.734121322631836	25	99.39024390243902	
2.4723244800562334	45.0	4.0	58.0	30.0	2.4723244800562334	82	39	45	4	58	30	45	4	58	30	44	0	0.031247615814208984	4150	3.765368938446045	25	99.39759036144578	
2.4723244800562334	45.0	4.0	58.0	30.0	2.4723244800562334	83	39	45	4	58	30	45	4	58	30	44	0	0.03124547004699707	4200	3.796614408493042	25	99.4047619047619	
2.4723244800562334	45.0	4.0	58.0	30.0	2.4723244800562334	84	39	45	4	58	30	45	4	58	30	44	0	0.015624523162841797	4250	3.812238931655884	25	99.41176470588235	
2.4723244800562334	45.0	4.0	58.0	30.0	2.4723244800562334	85	39	45	4	58	30	45	4	58	30	44	0	0.031247615814208984	4300	3.8434865474700928	25	99.4186046511628	
2.4723244800562334	45.0	4.0	58.0	30.0	2.4723244800562334	86	39	45	4	58	30	45	4	58	30	44	0	0.015623807907104492	4350	3.8591103553771973	25	99.42528735632185	
2.4723244800562334	45.0	4.0	58.0	30.0	2.4723244800562334	87	39	45	4	58	30	45	4	58	30	44	0	0.03124856948852539	4400	3.8903589248657227	25	99.43181818181819	
2.4723244800562334	45.0	4.0	58.0	30.0	2.4723244800562334	88	39	45	4	58	30	45	4	58	30	44	0	0.015625	4450	3.9059839248657227	25	99.43820224719101	
2.4723244800562334	45.0	4.0	58.0	30.0	2.4723244800562334	89	39	45	4	58	30	45	4	58	30	44	0	0.031246423721313477	4500	3.937230348587036	25	99.44444444444444	
2.4723244800562334	45.0	4.0	58.0	30.0	2.4723244800562334	90	39	45	4	58	30	45	4	58	30	44	0	0.031248092651367188	4550	3.9684784412384033	25	99.45054945054945	
2.4723244800562334	45.0	4.0	58.0	30.0	2.4723244800562334	91	39	45	4	58	30	45	4	58	30	44	0	0.015624761581420898	4600	3.984103202819824	25	99.45652173913044	
2.4723244800562334	45.0	4.0	58.0	30.0	2.4723244800562334	92	39	45	4	58	30	45	4	58	30	44	0	0.031247615814208984	4650	4.015350818634033	25	99.46236559139786	
2.4723244800562334	45.0	4.0	58.0	30.0	2.4723244800562334	93	39	45	4	58	30	45	4	58	30	44	0	0.015623807907104492	4700	4.030974626541138	25	99.46808510638297	
2.4723244800562334	45.0	4.0	58.0	30.0	2.4723244800562334	94	39	45	4	58	30	45	4	58	30	44	0	0.015624046325683594	4750	4.046598672866821	25	99.47368421052632	
2.4723244800562334	45.0	4.0	58.0	30.0	2.4723244800562334	95	39	45	4	58	30	45	4	58	30	44	0	0.015624046325683594	4800	4.062222719192505	25	99.47916666666667	
2.4723244800562334	45.0	4.0	58.0	30.0	2.4723244800562334	96	39	45	4	58	30	45	4	58	30	44	0	0.031246662139892578	4850	4.0934693813323975	25	99.48453608247422	
2.4723244800562334	45.0	4.0	58.0	30.0	2.4723244800562334	97	39	45	4	58	30	45	4	58	30	44	0	0.031247377395629883	4900	4.124716758728027	25	99.48979591836735	
2.4723244800562334	45.0	4.0	58.0	30.0	2.4723244800562334	98	39	45	4	58	30	45	4	58	30	44	0	0.015625715255737305	4950	4.140342473983765	25	99.4949494949495	
2.4723244800562334	45.0	4.0	58.0	30.0	2.4723244800562334	99	39	45	4	58	30	45	4	58	30	44	0	0.015623092651367188	5000	4.155965566635132	25	99.5	
2.4723244800562334	45.0	4.0	58.0	30.0	2.4723244800562334	100	39	45	4	58	30	45	4	58	30	44	0	0.015624284744262695	5050	4.1715898513793945	25	99.5049504950495	
2.4723244800562334	45.0	4.0	58.0	30.0	2.4723244800562334	101	39	45	4	58	30	45	4	58	30	44	0	0.031249046325683594	5100	4.202838897705078	25	99.50980392156863	
2.4723244800562334	45.0	4.0	58.0	30.0	2.4723244800562334	102	39	45	4	58	30	45	4	58	30	44	0	0.01562356948852539	5150	4.2184624671936035	25	99.51456310679612	
2.4723244800562334	45.0	4.0	58.0	30.0	2.4723244800562334	103	39	45	4	58	30	45	4	58	30	44	0	0.031247854232788086	5200	4.249710321426392	25	99.51923076923077	
2.4723244800562334	45.0	4.0	58.0	30.0	2.4723244800562334	104	39	45	4	58	30	45	4	58	30	44	0	0.01563239097595215	5250	4.265342712402344	25	99.52380952380952	
2.4723244800562334	45.0	4.0	58.0	30.0	2.4723244800562334	105	39	45	4	58	30	45	4	58	30	44	0	0.0	5300	4.265342712402344	25	99.52830188679245	
2.4723244800562334	45.0	4.0	58.0	30.0	2.4723244800562334	106	39	45	4	58	30	45	4	58	30	44	0	0.031239032745361328	5350	4.296581745147705	25	99.53271028037383	
2.4723244800562334	45.0	4.0	58.0	30.0	2.4723244800562334	107	39	45	4	58	30	45	4	58	30	44	0	0.031246662139892578	5400	4.327828407287598	25	99.53703703703704	
2.4723244800562334	45.0	4.0	58.0	30.0	2.4723244800562334	108	39	45	4	58	30	45	4	58	30	44	0	0.015624046325683594	5450	4.343452453613281	25	99.54128440366972	
2.4723244800562334	45.0	4.0	58.0	30.0	2.4723244800562334	109	39	45	4	58	30	45	4	58	30	44	0	0.03124833106994629	5500	4.3747007846832275	25	99.54545454545455	
2.4723244800562334	45.0	4.0	58.0	30.0	2.4723244800562334	110	39	45	4	58	30	45	4	58	30	44	0	0.031249046325683594	5550	4.405949831008911	25	99.54954954954955	
2.4723244800562334	45.0	4.0	58.0	30.0	2.4723244800562334	111	39	45	4	58	30	45	4	58	30	44	0	0.015623092651367188	5600	4.421572923660278	25	99.55357142857143	
2.4723244800562334	45.0	4.0	58.0	30.0	2.4723244800562334	112	39	45	4	58	30	45	4	58	30	44	0	0.015622615814208984	5650	4.437195539474487	25	99.5575221238938	
2.4723244800562334	45.0	4.0	58.0	30.0	2.4723244800562334	113	39	45	4	58	30	45	4	58	30	44	0	0.015623331069946289	5700	4.452818870544434	25	99.56140350877193	
2.4723244800562334	45.0	4.0	58.0	30.0	2.4723244800562334	114	39	45	4	58	30	45	4	58	30	44	0	0.015624046325683594	5750	4.468442916870117	25	99.56521739130434	
2.4723244800562334	45.0	4.0	58.0	30.0	2.4723244800562334	115	39	45	4	58	30	45	4	58	30	44	0	0.03124856948852539	5800	4.499691486358643	25	99.56896551724138	
2.4723244800562334	45.0	4.0	58.0	30.0	2.4723244800562334	116	39	45	4	58	30	45	4	58	30	44	0	0.031247615814208984	5850	4.530939102172852	25	99.57264957264957	
2.4723244800562334	45.0	4.0	58.0	30.0	2.4723244800562334	117	39	45	4	58	30	45	4	58	30	44	0	0.031247854232788086	5900	4.56218695640564	25	99.57627118644068	
2.4723244800562334	45.0	4.0	58.0	30.0	2.4723244800562334	118	39	45	4	58	30	45	4	58	30	44	0	0.015624761581420898	5950	4.5778117179870605	25	99.5798319327731	
2.4723244800562334	45.0	4.0	58.0	30.0	2.4723244800562334	119	39	45	4	58	30	45	4	58	30	44	0	0.031246662139892578	6000	4.609058380126953	25	99.58333333333333	
2.4723244800562334	45.0	4.0	58.0	30.0	2.4723244800562334	120	39	45	4	58	30	45	4	58	30	44	0	0.0156252384185791	6050	4.624683618545532	25	99.58677685950413	
2.4723244800562334	45.0	4.0	58.0	30.0	2.4723244800562334	121	39	45	4	58	30	45	4	58	30	44	0	0.031246423721313477	6100	4.655930042266846	25	99.59016393442623	
2.4723244800562334	45.0	4.0	58.0	30.0	2.4723244800562334	122	39	45	4	58	30	45	4	58	30	44	0	0.015624523162841797	6150	4.6715545654296875	25	99.59349593495935	
2.4723244800562334	45.0	4.0	58.0	30.0	2.4723244800562334	123	39	45	4	58	30	45	4	58	30	44	0	0.031247615814208984	6200	4.7028021812438965	25	99.59677419354838	
2.4723244800562334	45.0	4.0	58.0	30.0	2.4723244800562334	124	39	45	4	58	30	45	4	58	30	44	0	0.015623807907104492	6250	4.718425989151001	25	99.6	
2.4723244800562334	45.0	4.0	58.0	30.0	2.4723244800562334	125	39	45	4	58	30	45	4	58	30	44	0	0.031247854232788086	6300	4.749673843383789	25	99.60317460317461	
2.4723244800562334	45.0	4.0	58.0	30.0	2.4723244800562334	126	39	45	4	58	30	45	4	58	30	44	0	0.015624046325683594	6350	4.765297889709473	25	99.60629921259843	
2.4723244800562334	45.0	4.0	58.0	30.0	2.4723244800562334	127	39	45	4	58	30	45	4	58	30	44	0	0.03124833106994629	6400	4.796546220779419	25	99.609375	
2.4723244800562334	45.0	4.0	58.0	30.0	2.4723244800562334	128	39	45	4	58	30	45	4	58	30	44	0	0.01562356948852539	6450	4.812169790267944	25	99.6124031007752	
2.4723244800562334	45.0	4.0	58.0	30.0	2.4723244800562334	129	39	45	4	58	30	45	4	58	30	44	0	0.031249046325683594	6500	4.843418836593628	25	99.61538461538461	
2.4723244800562334	45.0	4.0	58.0	30.0	2.4723244800562334	130	39	45	4	58	30	45	4	58	30	44	0	0.015623807907104492	6550	4.859042644500732	25	99.61832061068702	
2.4723244800562334	45.0	4.0	58.0	30.0	2.4723244800562334	131	39	45	4	58	30	45	4	58	30	44	0	0.03124856948852539	6600	4.890291213989258	25	99.62121212121212	
2.4723244800562334	45.0	4.0	58.0	30.0	2.4723244800562334	132	39	45	4	58	30	45	4	58	30	44	0	0.031246423721313477	6650	4.921537637710571	25	99.62406015037594	
2.4723244800562334	45.0	4.0	58.0	30.0	2.4723244800562334	133	39	45	4	58	30	45	4	58	30	44	0	0.015623331069946289	6700	4.937160968780518	25	99.6268656716418	
2.4723244800562334	45.0	4.0	58.0	30.0	2.4723244800562334	134	39	45	4	58	30	45	4	58	30	44	0	0.015624761581420898	6750	4.9527857303619385	25	99.62962962962963	
2.4723244800562334	45.0	4.0	58.0	30.0	2.4723244800562334	135	39	45	4	58	30	45	4	58	30	44	0	0.015623807907104492	6800	4.968409538269043	25	99.63235294117646	
2.4723244800562334	45.0	4.0	58.0	30.0	2.4723244800562334	136	39	45	4	58	30	45	4	58	30	44	0	0.031247615814208984	6850	4.999657154083252	25	99.63503649635037	
2.4723244800562334	45.0	4.0	58.0	30.0	2.4723244800562334	137	39	45	4	58	30	45	4	58	30	44	0	0.01562356948852539	6900	5.015280723571777	25	99.6376811594203	
2.4723244800562334	45.0	4.0	58.0	30.0	2.4723244800562334	138	39	45	4	58	30	45	4	58	30	44	0	0.0156252384185791	6950	5.0309059619903564	25	99.64028776978417	
2.4723244800562334	45.0	4.0	58.0	30.0	2.4723244800562334	139	39	45	4	58	30	45	4	58	30	44	0	0.015622854232788086	7000	5.0465288162231445	25	99.64285714285714	
2.4723244800562334	45.0	4.0	58.0	30.0	2.4723244800562334	140	39	45	4	58	30	45	4	58	30	44	0	0.015623807907104492	7050	5.062152624130249	25	99.64539007092199	
2.4723244800562334	45.0	4.0	58.0	30.0	2.4723244800562334	141	39	45	4	58	30	45	4	58	30	44	0	0.031248092651367188	7100	5.093400716781616	25	99.64788732394366	
2.4723244800562334	45.0	4.0	58.0	30.0	2.4723244800562334	142	39	45	4	58	30	45	4	58	30	44	0	0.015623807907104492	7150	5.109024524688721	25	99.65034965034965	
2.4723244800562334	45.0	4.0	58.0	30.0	2.4723244800562334	143	39	45	4	58	30	45	4	58	30	44	0	0.015625476837158203	7200	5.124650001525879	25	99.65277777777777	
2.4723244800562334	45.0	4.0	58.0	30.0	2.4723244800562334	144	39	45	4	58	30	45	4	58	30	44	0	0.015622377395629883	7250	5.140272378921509	25	99.65517241379311	
2.4723244800562334	45.0	4.0	58.0	30.0	2.4723244800562334	145	39	45	4	58	30	45	4	58	30	44	0	0.031247615814208984	7300	5.171519994735718	25	99.65753424657534	
2.4723244800562334	45.0	4.0	58.0	30.0	2.4723244800562334	146	39	45	4	58	30	45	4	58	30	44	0	0.015624046325683594	7350	5.187144041061401	25	99.65986394557824	
2.4723244800562334	45.0	4.0	58.0	30.0	2.4723244800562334	147	39	45	4	58	30	45	4	58	30	44	0	0.031247854232788086	7400	5.2183918952941895	25	99.66216216216216	
2.4723244800562334	45.0	4.0	58.0	30.0	2.4723244800562334	148	39	45	4	58	30	45	4	58	30	44	0	0.031247854232788086	7450	5.2496397495269775	25	99.66442953020135	
2.4723244800562334	45.0	4.0	58.0	30.0	2.4723244800562334	149	39	45	4	58	30	45	4	58	30	44	0	0.015625	7500	5.2652647495269775	25	99.66666666666667	
2.4723244800562334	45.0	4.0	58.0	30.0	2.4723244800562334	150	39	45	4	58	30	45	4	58	30	44	0	0.031247377395629883	7550	5.296512126922607	25	99.66887417218543	
2.4723244800562334	45.0	4.0	58.0	30.0	2.4723244800562334	151	39	45	4	58	30	45	4	58	30	44	0	0.031247377395629883	7600	5.327759504318237	25	99.67105263157895	
2.4723244800562334	45.0	4.0	58.0	30.0	2.4723244800562334	152	39	45	4	58	30	45	4	58	30	44	0	0.015625	7650	5.343384504318237	25	99.67320261437908	
2.4723244800562334	45.0	4.0	58.0	30.0	2.4723244800562334	153	39	45	4	58	30	45	4	58	30	44	0	0.031246662139892578	7700	5.37463116645813	25	99.67532467532467	
2.4723244800562334	45.0	4.0	58.0	30.0	2.4723244800562334	154	39	45	4	58	30	45	4	58	30	44	0	0.015624046325683594	7750	5.3902552127838135	25	99.6774193548387	
2.4723244800562334	45.0	4.0	58.0	30.0	2.4723244800562334	155	39	45	4	58	30	45	4	58	30	44	0	0.031248807907104492	7800	5.421504020690918	25	99.67948717948718	
2.4723244800562334	45.0	4.0	58.0	30.0	2.4723244800562334	156	39	45	4	58	30	45	4	58	30	44	0	0.015624284744262695	7850	5.437128305435181	25	99.68152866242038	
2.4723244800562334	45.0	4.0	58.0	30.0	2.4723244800562334	157	39	45	4	58	30	45	4	58	30	44	0	0.015623331069946289	7900	5.452751636505127	25	99.68354430379746	
2.4723244800562334	45.0	4.0	58.0	30.0	2.4723244800562334	158	39	45	4	58	30	45	4	58	30	44	0	0.01562356948852539	7950	5.468375205993652	25	99.68553459119497	
2.4723244800562334	45.0	4.0	58.0	30.0	2.4723244800562334	159	39	45	4	58	30	45	4	58	30	44	0	0.031247615814208984	8000	5.499622821807861	25	99.6875	
2.4723244800562334	45.0	4.0	58.0	30.0	2.4723244800562334	160	39	45	4	58	30	45	4	58	30	44	0	0.015624046325683594	8050	5.515246868133545	25	99.68944099378882	
2.4723244800562334	45.0	4.0	58.0	30.0	2.4723244800562334	161	39	45	4	58	30	45	4	58	30	44	0	0.015624046325683594	8100	5.5308709144592285	25	99.69135802469135	
2.4723244800562334	45.0	4.0	58.0	30.0	2.4723244800562334	162	39	45	4	58	30	45	4	58	30	44	0	0.015624761581420898	8150	5.546495676040649	25	99.69325153374233	
2.4723244800562334	45.0	4.0	58.0	30.0	2.4723244800562334	163	39	45	4	58	30	45	4	58	30	44	0	0.015623092651367188	8200	5.562118768692017	25	99.6951219512195	
2.4723244800562334	45.0	4.0	58.0	30.0	2.4723244800562334	164	39	45	4	58	30	45	4	58	30	44	0	0.03124856948852539	8250	5.593367338180542	25	99.6969696969697	
2.4723244800562334	45.0	4.0	58.0	30.0	2.4723244800562334	165	39	45	4	58	30	45	4	58	30	44	0	0.015623807907104492	8300	5.6089911460876465	25	99.6987951807229	
2.4723244800562334	45.0	4.0	58.0	30.0	2.4723244800562334	166	39	45	4	58	30	45	4	58	30	44	0	0.03124690055847168	8350	5.640238046646118	25	99.7005988023952	
2.4723244800562334	45.0	4.0	58.0	30.0	2.4723244800562334	167	39	45	4	58	30	45	4	58	30	44	0	0.015624046325683594	8400	5.655862092971802	25	99.70238095238095	
2.4723244800562334	45.0	4.0	58.0	30.0	2.4723244800562334	168	39	45	4	58	30	45	4	58	30	44	0	0.031247854232788086	8450	5.68710994720459	25	99.70414201183432	
2.4723244800562334	45.0	4.0	58.0	30.0	2.4723244800562334	169	39	45	4	58	30	45	4	58	30	44	0	0.015624046325683594	8500	5.702733993530273	25	99.70588235294117	
2.4723244800562334	45.0	4.0	58.0	30.0	2.4723244800562334	170	39	45	4	58	30	45	4	58	30	44	0	0.015623807907104492	8550	5.718357801437378	25	99.70760233918129	
2.4723244800562334	45.0	4.0	58.0	30.0	2.4723244800562334	171	39	45	4	58	30	45	4	58	30	44	0	0.015623807907104492	8600	5.733981609344482	25	99.70930232558139	
2.4723244800562334	45.0	4.0	58.0	30.0	2.4723244800562334	172	39	45	4	58	30	45	4	58	30	44	0	0.015624046325683594	8650	5.749605655670166	25	99.71098265895954	
2.4723244800562334	45.0	4.0	58.0	30.0	2.4723244800562334	173	39	45	4	58	30	45	4	58	30	44	0	0.01562356948852539	8700	5.765229225158691	25	99.71264367816092	
2.4723244800562334	45.0	4.0	58.0	30.0	2.4723244800562334	174	39	45	4	58	30	45	4	58	30	44	0	0.031248092651367188	8750	5.796477317810059	25	99.71428571428571	
2.4723244800562334	45.0	4.0	58.0	30.0	2.4723244800562334	175	39	45	4	58	30	45	4	58	30	44	0	0.015624284744262695	8800	5.812101602554321	25	99.7159090909091	
2.4723244800562334	45.0	4.0	58.0	30.0	2.4723244800562334	176	39	45	4	58	30	45	4	58	30	44	0	0.031247615814208984	8850	5.84334921836853	25	99.71751412429379	
2.4723244800562334	45.0	4.0	58.0	30.0	2.4723244800562334	177	39	45	4	58	30	45	4	58	30	44	0	0.015623807907104492	8900	5.858973026275635	25	99.71910112359551	
2.4723244800562334	45.0	4.0	58.0	30.0	2.4723244800562334	178	39	45	4	58	30	45	4	58	30	44	0	0.015624284744262695	8950	5.8745973110198975	25	99.72067039106145	
2.4723244800562334	45.0	4.0	58.0	30.0	2.4723244800562334	179	39	45	4	58	30	45	4	58	30	44	0	0.031247377395629883	9000	5.905844688415527	25	99.72222222222223	
2.4723244800562334	45.0	4.0	58.0	30.0	2.4723244800562334	180	39	45	4	58	30	45	4	58	30	44	0	0.015624284744262695	9050	5.92146897315979	25	99.72375690607734	
2.4723244800562334	45.0	4.0	58.0	30.0	2.4723244800562334	181	39	45	4	58	30	45	4	58	30	44	0	0.031248807907104492	9100	5.9527177810668945	25	99.72527472527473	
2.4723244800562334	45.0	4.0	58.0	30.0	2.4723244800562334	182	39	45	4	58	30	45	4	58	30	44	0	0.015623331069946289	9150	5.968341112136841	25	99.72677595628416	
2.4723244800562334	45.0	4.0	58.0	30.0	2.4723244800562334	183	39	45	4	58	30	45	4	58	30	44	0	0.015624761581420898	9200	5.983965873718262	25	99.72826086956522	
2.4723244800562334	45.0	4.0	58.0	30.0	2.4723244800562334	184	39	45	4	58	30	45	4	58	30	44	0	0.015622854232788086	9250	5.99958872795105	25	99.72972972972973	
2.4723244800562334	45.0	4.0	58.0	30.0	2.4723244800562334	185	39	45	4	58	30	45	4	58	30	44	0	0.01562356948852539	9300	6.015212297439575	25	99.73118279569893	
2.4723244800562334	45.0	4.0	58.0	30.0	2.4723244800562334	186	39	45	4	58	30	45	4	58	30	44	0	0.015624046325683594	9350	6.030836343765259	25	99.73262032085562	
2.4723244800562334	45.0	4.0	58.0	30.0	2.4723244800562334	187	39	45	4	58	30	45	4	58	30	44	0	0.015624284744262695	9400	6.0464606285095215	25	99.73404255319149	
2.4723244800562334	45.0	4.0	58.0	30.0	2.4723244800562334	188	39	45	4	58	30	45	4	58	30	44	0	0.031247854232788086	9450	6.07770848274231	25	99.73544973544973	
2.4723244800562334	45.0	4.0	58.0	30.0	2.4723244800562334	189	39	45	4	58	30	45	4	58	30	44	0	0.015624284744262695	9500	6.093332767486572	25	99.73684210526316	
2.4723244800562334	45.0	4.0	58.0	30.0	2.4723244800562334	190	39	45	4	58	30	45	4	58	30	44	0	0.031247377395629883	9550	6.124580144882202	25	99.73821989528795	
2.4723244800562334	45.0	4.0	58.0	30.0	2.4723244800562334	191	39	45	4	58	30	45	4	58	30	44	0	0.015623807907104492	9600	6.140203952789307	25	99.73958333333333	
2.4723244800562334	45.0	4.0	58.0	30.0	2.4723244800562334	192	39	45	4	58	30	45	4	58	30	44	0	0.031249046325683594	9650	6.17145299911499	25	99.74093264248705	
2.4723244800562334	45.0	4.0	58.0	30.0	2.4723244800562334	193	39	45	4	58	30	45	4	58	30	44	0	0.031246662139892578	9700	6.202699661254883	25	99.74226804123711	
2.4723244800562334	45.0	4.0	58.0	30.0	2.4723244800562334	194	39	45	4	58	30	45	4	58	30	44	0	0.015624284744262695	9750	6.2183239459991455	25	99.74358974358974	
2.4723244800562334	45.0	4.0	58.0	30.0	2.4723244800562334	195	39	45	4	58	30	45	4	58	30	44	0	0.015625	9800	6.2339489459991455	25	99.74489795918367	
2.4723244800562334	45.0	4.0	58.0	30.0	2.4723244800562334	196	39	45	4	58	30	45	4	58	30	44	0	0.015622377395629883	9850	6.249571323394775	25	99.74619289340102	
2.4723244800562334	45.0	4.0	58.0	30.0	2.4723244800562334	197	39	45	4	58	30	45	4	58	30	44	0	0.015624046325683594	9900	6.265195369720459	25	99.74747474747475	
2.4723244800562334	45.0	4.0	58.0	30.0	2.4723244800562334	198	39	45	4	58	30	45	4	58	30	44	0	0.031248092651367188	9950	6.296443462371826	25	99.74874371859296	
2.4723244800562334	45.0	4.0	58.0	30.0	2.4723244800562334	199	39	45	4	58	30	45	4	58	30	44	0	0.015623092651367188	10000	6.312066555023193	25	99.75	
2.4723244800562334	45.0	4.0	58.0	30.0	2.4723244800562334	200	39	45	4	58	30	45	4	58	30	44	0	0.03124856948852539	10050	6.343315124511719	25	99.75124378109453	
2.4723244800562334	45.0	4.0	58.0	30.0	2.4723244800562334	201	39	45	4	58	30	45	4	58	30	44	0	0.015624284744262695	10100	6.3589394092559814	25	99.75247524752476	
2.4723244800562334	45.0	4.0	58.0	30.0	2.4723244800562334	202	39	45	4	58	30	45	4	58	30	44	0	0.031247377395629883	10150	6.390186786651611	25	99.75369458128078	
2.4723244800562334	45.0	4.0	58.0	30.0	2.4723244800562334	203	39	45	4	58	30	45	4	58	30	44	0	0.031247854232788086	10200	6.421434640884399	25	99.75490196078431	
2.4723244800562334	45.0	4.0	58.0	30.0	2.4723244800562334	204	39	45	4	58	30	45	4	58	30	44	0	0.015625476837158203	10250	6.437060117721558	25	99.7560975609756	
2.4723244800562334	45.0	4.0	58.0	30.0	2.4723244800562334	205	39	45	4	58	30	45	4	58	30	44	0	0.031246423721313477	10300	6.468306541442871	25	99.75728155339806	
2.4723244800562334	45.0	4.0	58.0	30.0	2.4723244800562334	206	39	45	4	58	30	45	4	58	30	44	0	0.015624046325683594	10350	6.483930587768555	25	99.7584541062802	
2.4723244800562334	45.0	4.0	58.0	30.0	2.4723244800562334	207	39	45	4	58	30	45	4	58	30	44	0	0.031247615814208984	10400	6.515178203582764	25	99.75961538461539	
2.4723244800562334	45.0	4.0	58.0	30.0	2.4723244800562334	208	39	45	4	58	30	45	4	58	30	44	0	0.015623807907104492	10450	6.530802011489868	25	99.76076555023923	
2.4723244800562334	45.0	4.0	58.0	30.0	2.4723244800562334	209	39	45	4	58	30	45	4	58	30	44	0	0.031247854232788086	10500	6.562049865722656	25	99.76190476190476	
2.4723244800562334	45.0	4.0	58.0	30.0	2.4723244800562334	210	39	45	4	58	30	45	4	58	30	44	0	0.03124833106994629	10550	6.5932981967926025	25	99.76303317535545	
2.4723244800562334	45.0	4.0	58.0	30.0	2.4723244800562334	211	39	45	4	58	30	45	4	58	30	44	0	0.01562356948852539	10600	6.608921766281128	25	99.76415094339623	
2.4723244800562334	45.0	4.0	58.0	30.0	2.4723244800562334	212	39	45	4	58	30	45	4	58	30	44	0	0.031248092651367188	10650	6.640169858932495	25	99.76525821596245	
2.4723244800562334	45.0	4.0	58.0	30.0	2.4723244800562334	213	39	45	4	58	30	45	4	58	30	44	0	0.015624046325683594	10700	6.655793905258179	25	99.76635514018692	
2.4723244800562334	45.0	4.0	58.0	30.0	2.4723244800562334	214	39	45	4	58	30	45	4	58	30	44	0	0.031247854232788086	10750	6.687041759490967	25	99.76744186046511	
2.4723244800562334	45.0	4.0	58.0	30.0	2.4723244800562334	215	39	45	4	58	30	45	4	58	30	44	0	0.015623807907104492	10800	6.702665567398071	25	99.76851851851852	
2.4723244800562334	45.0	4.0	58.0	30.0	2.4723244800562334	216	39	45	4	58	30	45	4	58	30	44	0	0.015623807907104492	10850	6.718289375305176	25	99.76958525345623	
2.4723244800562334	45.0	4.0	58.0	30.0	2.4723244800562334	217	39	45	4	58	30	45	4	58	30	44	0	0.031247615814208984	10900	6.749536991119385	25	99.77064220183486	
2.4723244800562334	45.0	4.0	58.0	30.0	2.4723244800562334	218	39	45	4	58	30	45	4	58	30	44	0	0.015624046325683594	10950	6.765161037445068	25	99.77168949771689	
2.4723244800562334	45.0	4.0	58.0	30.0	2.4723244800562334	219	39	45	4	58	30	45	4	58	30	44	0	0.03124833106994629	11000	6.796409368515015	25	99.77272727272727	
2.4723244800562334	45.0	4.0	58.0	30.0	2.4723244800562334	220	39	45	4	58	30	45	4	58	30	44	0	0.015624284744262695	11050	6.812033653259277	25	99.77375565610859	
2.4723244800562334	45.0	4.0	58.0	30.0	2.4723244800562334	221	39	45	4	58	30	45	4	58	30	44	0	0.01562356948852539	11100	6.827657222747803	25	99.77477477477477	
2.4723244800562334	45.0	4.0	58.0	30.0	2.4723244800562334	222	39	45	4	58	30	45	4	58	30	44	0	0.031247615814208984	11150	6.858904838562012	25	99.77578475336323	
2.4723244800562334	45.0	4.0	58.0	30.0	2.4723244800562334	223	39	45	4	58	30	45	4	58	30	44	0	0.015623807907104492	11200	6.874528646469116	25	99.77678571428571	
2.4723244800562334	45.0	4.0	58.0	30.0	2.4723244800562334	224	39	45	4	58	30	45	4	58	30	44	0	0.031248807907104492	11250	6.905777454376221	25	99.77777777777777	
2.4723244800562334	45.0	4.0	58.0	30.0	2.4723244800562334	225	39	45	4	58	30	45	4	58	30	44	0	0.015622854232788086	11300	6.921400308609009	25	99.77876106194691	
2.4723244800562334	45.0	4.0	58.0	30.0	2.4723244800562334	226	39	45	4	58	30	45	4	58	30	44	0	0.031247854232788086	11350	6.952648162841797	25	99.77973568281938	
2.4723244800562334	45.0	4.0	58.0	30.0	2.4723244800562334	227	39	45	4	58	30	45	4	58	30	44	0	0.0156252384185791	11400	6.968273401260376	25	99.78070175438596	
2.4723244800562334	45.0	4.0	58.0	30.0	2.4723244800562334	228	39	45	4	58	30	45	4	58	30	44	0	0.031246662139892578	11450	6.9995200634002686	25	99.78165938864629	
2.4723244800562334	45.0	4.0	58.0	30.0	2.4723244800562334	229	39	45	4	58	30	45	4	58	30	44	0	0.0156252384185791	11500	7.015145301818848	25	99.78260869565217	
2.4723244800562334	45.0	4.0	58.0	30.0	2.4723244800562334	230	39	45	4	58	30	45	4	58	30	44	0	0.015622854232788086	11550	7.030768156051636	25	99.78354978354979	
2.4723244800562334	45.0	4.0	58.0	30.0	2.4723244800562334	231	39	45	4	58	30	45	4	58	30	44	0	0.031247854232788086	11600	7.062016010284424	25	99.78448275862068	
2.4723244800562334	45.0	4.0	58.0	30.0	2.4723244800562334	232	39	45	4	58	30	45	4	58	30	44	0	0.031247615814208984	11650	7.093263626098633	25	99.78540772532189	
2.4723244800562334	45.0	4.0	58.0	30.0	2.4723244800562334	233	39	45	4	58	30	45	4	58	30	44	0	0.015624761581420898	11700	7.108888387680054	25	99.78632478632478	
2.4723244800562334	45.0	4.0	58.0	30.0	2.4723244800562334	234	39	45	4	58	30	45	4	58	30	44	0	0.015624523162841797	11750	7.1245129108428955	25	99.7872340425532	
2.4723244800562334	45.0	4.0	58.0	30.0	2.4723244800562334	235	39	45	4	58	30	45	4	58	30	44	0	0.015622854232788086	11800	7.140135765075684	25	99.78813559322033	
2.4723244800562334	45.0	4.0	58.0	30.0	2.4723244800562334	236	39	45	4	58	30	45	4	58	30	44	0	0.015624761581420898	11850	7.1557605266571045	25	99.78902953586498	
2.4723244800562334	45.0	4.0	58.0	30.0	2.4723244800562334	237	39	45	4	58	30	45	4	58	30	44	0	0.015622854232788086	11900	7.171383380889893	25	99.78991596638656	
2.4723244800562334	45.0	4.0	58.0	30.0	2.4723244800562334	238	39	45	4	58	30	45	4	58	30	44	0	0.015624761581420898	11950	7.1870081424713135	25	99.7907949790795	
2.4723244800562334	45.0	4.0	58.0	30.0	2.4723244800562334	239	39	45	4	58	30	45	4	58	30	44	0	0.031247615814208984	12000	7.2182557582855225	25	99.79166666666667	
2.4723244800562334	45.0	4.0	58.0	30.0	2.4723244800562334	240	39	45	4	58	30	45	4	58	30	44	0	0.015623092651367188	12050	7.23387885093689	25	99.79253112033194	
2.4723244800562334	45.0	4.0	58.0	30.0	2.4723244800562334	241	39	45	4	58	30	45	4	58	30	44	0	0.015624523162841797	12100	7.2495033740997314	25	99.79338842975207	
2.4723244800562334	45.0	4.0	58.0	30.0	2.4723244800562334	242	39	45	4	58	30	45	4	58	30	44	0	0.03124856948852539	12150	7.280751943588257	25	99.79423868312757	
2.4723244800562334	45.0	4.0	58.0	30.0	2.4723244800562334	243	39	45	4	58	30	45	4	58	30	44	0	0.015623331069946289	12200	7.296375274658203	25	99.79508196721312	
2.4723244800562334	45.0	4.0	58.0	30.0	2.4723244800562334	244	39	45	4	58	30	45	4	58	30	44	0	0.015623807907104492	12250	7.311999082565308	25	99.79591836734694	
2.4723244800562334	45.0	4.0	58.0	30.0	2.4723244800562334	245	39	45	4	58	30	45	4	58	30	44	0	0.015623331069946289	12300	7.327622413635254	25	99.79674796747967	
2.4723244800562334	45.0	4.0	58.0	30.0	2.4723244800562334	246	39	45	4	58	30	45	4	58	30	44	0	0.015624046325683594	12350	7.3432464599609375	25	99.79757085020243	
2.4723244800562334	45.0	4.0	58.0	30.0	2.4723244800562334	247	39	45	4	58	30	45	4	58	30	44	0	0.015624046325683594	12400	7.358870506286621	25	99.79838709677419	
2.4723244800562334	45.0	4.0	58.0	30.0	2.4723244800562334	248	39	45	4	58	30	45	4	58	30	44	0	0.03124833106994629	12450	7.390118837356567	25	99.79919678714859	
2.4723244800562334	45.0	4.0	58.0	30.0	2.4723244800562334	249	39	45	4	58	30	45	4	58	30	44	0	0.01562356948852539	12500	7.405742406845093	25	99.8	
2.4723244800562334	45.0	4.0	58.0	30.0	2.4723244800562334	250	39	45	4	58	30	45	4	58	30	44	0	0.031247854232788086	12550	7.436990261077881	25	99.800796812749	
2.4723244800562334	45.0	4.0	58.0	30.0	2.4723244800562334	251	39	45	4	58	30	45	4	58	30	44	0	0.015624523162841797	12600	7.452614784240723	25	99.8015873015873	
2.4723244800562334	45.0	4.0	58.0	30.0	2.4723244800562334	252	39	45	4	58	30	45	4	58	30	44	0	0.03124690055847168	12650	7.483861684799194	25	99.80237154150197	
2.4723244800562334	45.0	4.0	58.0	30.0	2.4723244800562334	253	39	45	4	58	30	45	4	58	30	44	0	0.03124833106994629	12700	7.515110015869141	25	99.80314960629921	
2.4723244800562334	45.0	4.0	58.0	30.0	2.4723244800562334	254	39	45	4	58	30	45	4	58	30	44	0	0.015623807907104492	12750	7.530733823776245	25	99.80392156862744	
2.4723244800562334	45.0	4.0	58.0	30.0	2.4723244800562334	255	39	45	4	58	30	45	4	58	30	44	0	0.031247854232788086	12800	7.561981678009033	25	99.8046875	
2.4723244800562334	45.0	4.0	58.0	30.0	2.4723244800562334	256	39	45	4	58	30	45	4	58	30	44	0	0.015623807907104492	12850	7.577605485916138	25	99.80544747081711	
2.4723244800562334	45.0	4.0	58.0	30.0	2.4723244800562334	257	39	45	4	58	30	45	4	58	30	44	0	0.031248092651367188	12900	7.608853578567505	25	99.8062015503876	
2.4723244800562334	45.0	4.0	58.0	30.0	2.4723244800562334	258	39	45	4	58	30	45	4	58	30	44	0	0.031248092651367188	12950	7.640101671218872	25	99.8069498069498	
2.4723244800562334	45.0	4.0	58.0	30.0	2.4723244800562334	259	39	45	4	58	30	45	4	58	30	44	0	0.01562356948852539	13000	7.6557252407073975	25	99.8076923076923	
2.4723244800562334	45.0	4.0	58.0	30.0	2.4723244800562334	260	39	45	4	58	30	45	4	58	30	44	0	0.015624046325683594	13050	7.671349287033081	25	99.80842911877394	
2.4723244800562334	45.0	4.0	58.0	30.0	2.4723244800562334	261	39	45	4	58	30	45	4	58	30	44	0	0.015623807907104492	13100	7.6869730949401855	25	99.80916030534351	
2.4723244800562334	45.0	4.0	58.0	30.0	2.4723244800562334	262	39	45	4	58	30	45	4	58	30	44	0	0.031249523162841797	13150	7.718222618103027	25	99.80988593155894	
2.4723244800562334	45.0	4.0	58.0	30.0	2.4723244800562334	263	39	45	4	58	30	45	4	58	30	44	0	0.031246662139892578	13200	7.74946928024292	25	99.81060606060606	
2.4723244800562334	45.0	4.0	58.0	30.0	2.4723244800562334	264	39	45	4	58	30	45	4	58	30	44	0	0.015623807907104492	13250	7.765093088150024	25	99.81132075471699	
2.4723244800562334	45.0	4.0	58.0	30.0	2.4723244800562334	265	39	45	4	58	30	45	4	58	30	44	0	0.031247377395629883	13300	7.796340465545654	25	99.81203007518798	
2.4723244800562334	45.0	4.0	58.0	30.0	2.4723244800562334	266	39	45	4	58	30	45	4	58	30	44	0	0.0156252384185791	13350	7.811965703964233	25	99.812734082397	
2.4723244800562334	45.0	4.0	58.0	30.0	2.4723244800562334	267	39	45	4	58	30	45	4	58	30	44	0	0.031246662139892578	13400	7.843212366104126	25	99.81343283582089	
2.4723244800562334	45.0	4.0	58.0	30.0	2.4723244800562334	268	39	45	4	58	30	45	4	58	30	44	0	0.015623807907104492	13450	7.8588361740112305	25	99.81412639405204	
2.4723244800562334	45.0	4.0	58.0	30.0	2.4723244800562334	269	39	45	4	58	30	45	4	58	30	44	0	0.031247854232788086	13500	7.8900840282440186	25	99.81481481481481	
2.4723244800562334	45.0	4.0	58.0	30.0	2.4723244800562334	270	39	45	4	58	30	45	4	58	30	44	0	0.015624046325683594	13550	7.905708074569702	25	99.81549815498155	
2.4723244800562334	45.0	4.0	58.0	30.0	2.4723244800562334	271	39	45	4	58	30	45	4	58	30	44	0	0.0156252384185791	13600	7.921333312988281	25	99.81617647058823	
2.4723244800562334	45.0	4.0	58.0	30.0	2.4723244800562334	272	39	45	4	58	30	45	4	58	30	44	0	0.015622615814208984	13650	7.93695592880249	25	99.81684981684981	
2.4723244800562334	45.0	4.0	58.0	30.0	2.4723244800562334	273	39	45	4	58	30	45	4	58	30	44	0	0.031248092651367188	13700	7.968204021453857	25	99.81751824817518	
2.4723244800562334	45.0	4.0	58.0	30.0	2.4723244800562334	274	39	45	4	58	30	45	4	58	30	44	0	0.015624046325683594	13750	7.983828067779541	25	99.81818181818181	
2.4723244800562334	45.0	4.0	58.0	30.0	2.4723244800562334	275	39	45	4	58	30	45	4	58	30	44	0	0.031247854232788086	13800	8.015075922012329	25	99.81884057971014	
2.4723244800562334	45.0	4.0	58.0	30.0	2.4723244800562334	276	39	45	4	58	30	45	4	58	30	44	0	0.0156252384185791	13850	8.030701160430908	25	99.81949458483754	
2.4723244800562334	45.0	4.0	58.0	30.0	2.4723244800562334	277	39	45	4	58	30	45	4	58	30	44	0	0.015622615814208984	13900	8.046323776245117	25	99.82014388489209	
2.4723244800562334	45.0	4.0	58.0	30.0	2.4723244800562334	278	39	45	4	58	30	45	4	58	30	44	0	0.031247615814208984	13950	8.077571392059326	25	99.82078853046595	
2.4723244800562334	45.0	4.0	58.0	30.0	2.4723244800562334	279	39	45	4	58	30	45	4	58	30	44	0	0.015623807907104492	14000	8.09319519996643	25	99.82142857142857	
2.4723244800562334	45.0	4.0	58.0	30.0	2.4723244800562334	280	39	45	4	58	30	45	4	58	30	44	0	0.031249046325683594	14050	8.124444246292114	25	99.8220640569395	
2.4723244800562334	45.0	4.0	58.0	30.0	2.4723244800562334	281	39	45	4	58	30	45	4	58	30	44	0	0.015622854232788086	14100	8.140067100524902	25	99.822695035461	
2.4723244800562334	45.0	4.0	58.0	30.0	2.4723244800562334	282	39	45	4	58	30	45	4	58	30	44	0	0.031247615814208984	14150	8.171314716339111	25	99.82332155477032	
2.4723244800562334	45.0	4.0	58.0	30.0	2.4723244800562334	283	39	45	4	58	30	45	4	58	30	44	0	0.03124833106994629	14200	8.202563047409058	25	99.82394366197182	
2.4723244800562334	45.0	4.0	58.0	30.0	2.4723244800562334	284	39	45	4	58	30	45	4	58	30	44	0	0.015624761581420898	14250	8.218187808990479	25	99.82456140350877	
2.4723244800562334	45.0	4.0	58.0	30.0	2.4723244800562334	285	39	45	4	58	30	45	4	58	30	44	0	0.03124713897705078	14300	8.24943494796753	25	99.82517482517483	
2.4723244800562334	45.0	4.0	58.0	30.0	2.4723244800562334	286	39	45	4	58	30	45	4	58	30	44	0	0.015624761581420898	14350	8.26505970954895	25	99.82578397212544	
2.4723244800562334	45.0	4.0	58.0	30.0	2.4723244800562334	287	39	45	4	58	30	45	4	58	30	44	0	0.015624046325683594	14400	8.280683755874634	25	99.82638888888889	
2.4723244800562334	45.0	4.0	58.0	30.0	2.4723244800562334	288	39	45	4	58	30	45	4	58	30	44	0	0.031246662139892578	14450	8.311930418014526	25	99.82698961937716	
2.4723244800562334	45.0	4.0	58.0	30.0	2.4723244800562334	289	39	45	4	58	30	45	4	58	30	44	0	0.0156252384185791	14500	8.327555656433105	25	99.82758620689656	
2.4723244800562334	45.0	4.0	58.0	30.0	2.4723244800562334	290	39	45	4	58	30	45	4	58	30	44	0	0.031246185302734375	14550	8.35880184173584	25	99.82817869415807	
2.4723244800562334	45.0	4.0	58.0	30.0	2.4723244800562334	291	39	45	4	58	30	45	4	58	30	44	0	0.015624523162841797	14600	8.374426364898682	25	99.82876712328768	
2.4723244800562334	45.0	4.0	58.0	30.0	2.4723244800562334	292	39	45	4	58	30	45	4	58	30	44	0	0.015623807907104492	14650	8.390050172805786	25	99.82935153583618	
2.4723244800562334	45.0	4.0	58.0	30.0	2.4723244800562334	293	39	45	4	58	30	45	4	58	30	44	0	0.015623807907104492	14700	8.40567398071289	25	99.82993197278911	
2.4723244800562334	45.0	4.0	58.0	30.0	2.4723244800562334	294	39	45	4	58	30	45	4	58	30	44	0	0.015624046325683594	14750	8.421298027038574	25	99.83050847457628	
2.4723244800562334	45.0	4.0	58.0	30.0	2.4723244800562334	295	39	45	4	58	30	45	4	58	30	44	0	0.031249284744262695	14800	8.452547311782837	25	99.83108108108108	
2.4723244800562334	45.0	4.0	58.0	30.0	2.4723244800562334	296	39	45	4	58	30	45	4	58	30	44	0	0.015622377395629883	14850	8.468169689178467	25	99.83164983164983	
2.4723244800562334	45.0	4.0	58.0	30.0	2.4723244800562334	297	39	45	4	58	30	45	4	58	30	44	0	0.031248092651367188	14900	8.499417781829834	25	99.83221476510067	
2.4723244800562334	45.0	4.0	58.0	30.0	2.4723244800562334	298	39	45	4	58	30	45	4	58	30	44	0	0.015625	14950	8.515042781829834	25	99.83277591973244	
2.4723244800562334	45.0	4.0	58.0	30.0	2.4723244800562334	299	39	45	4	58	30	45	4	58	30	44	0	0.031246662139892578	15000	8.546289443969727	25	99.83333333333333	
2.4723244800562334	45.0	4.0	58.0	30.0	2.4723244800562334	300	39	45	4	58	30	45	4	58	30	44	0	0.015623807907104492	15050	8.561913251876831	25	99.83388704318936	
2.4723244800562334	45.0	4.0	58.0	30.0	2.4723244800562334	301	39	45	4	58	30	45	4	58	30	44	0	0.015624046325683594	15100	8.577537298202515	25	99.83443708609272	
2.4723244800562334	45.0	4.0	58.0	30.0	2.4723244800562334	302	39	45	4	58	30	45	4	58	30	44	0	0.031247615814208984	15150	8.608784914016724	25	99.83498349834983	
2.4723244800562334	45.0	4.0	58.0	30.0	2.4723244800562334	303	39	45	4	58	30	45	4	58	30	44	0	0.015624046325683594	15200	8.624408960342407	25	99.83552631578948	
2.4723244800562334	45.0	4.0	58.0	30.0	2.4723244800562334	304	39	45	4	58	30	45	4	58	30	44	0	0.015624284744262695	15250	8.64003324508667	25	99.8360655737705	
2.4723244800562334	45.0	4.0	58.0	30.0	2.4723244800562334	305	39	45	4	58	30	45	4	58	30	44	0	0.015623807907104492	15300	8.655657052993774	25	99.83660130718954	
2.4723244800562334	45.0	4.0	58.0	30.0	2.4723244800562334	306	39	45	4	58	30	45	4	58	30	44	0	0.01562356948852539	15350	8.6712806224823	25	99.8371335504886	
2.4723244800562334	45.0	4.0	58.0	30.0	2.4723244800562334	307	39	45	4	58	30	45	4	58	30	44	0	0.031247854232788086	15400	8.702528476715088	25	99.83766233766234	
2.4723244800562334	45.0	4.0	58.0	30.0	2.4723244800562334	308	39	45	4	58	30	45	4	58	30	44	0	0.031249523162841797	15450	8.73377799987793	25	99.83818770226537	
2.4723244800562334	45.0	4.0	58.0	30.0	2.4723244800562334	309	39	45	4	58	30	45	4	58	30	44	0	0.015622615814208984	15500	8.749400615692139	25	99.83870967741936	
2.4723244800562334	45.0	4.0	58.0	30.0	2.4723244800562334	310	39	45	4	58	30	45	4	58	30	44	0	0.015623807907104492	15550	8.765024423599243	25	99.83922829581994	
2.4723244800562334	45.0	4.0	58.0	30.0	2.4723244800562334	311	39	45	4	58	30	45	4	58	30	44	0	0.015624046325683594	15600	8.780648469924927	25	99.83974358974359	
2.4723244800562334	45.0	4.0	58.0	30.0	2.4723244800562334	312	39	45	4	58	30	45	4	58	30	44	0	0.031247854232788086	15650	8.811896324157715	25	99.84025559105432	
2.4723244800562334	45.0	4.0	58.0	30.0	2.4723244800562334	313	39	45	4	58	30	45	4	58	30	44	0	0.015625	15700	8.827521324157715	25	99.8407643312102	
2.4723244800562334	45.0	4.0	58.0	30.0	2.4723244800562334	314	39	45	4	58	30	45	4	58	30	44	0	0.015624284744262695	15750	8.843145608901978	25	99.84126984126983	
2.4723244800562334	45.0	4.0	58.0	30.0	2.4723244800562334	315	39	45	4	58	30	45	4	58	30	44	0	0.031246185302734375	15800	8.874391794204712	25	99.84177215189874	
2.4723244800562334	45.0	4.0	58.0	30.0	2.4723244800562334	316	39	45	4	58	30	45	4	58	30	44	0	0.015624284744262695	15850	8.890016078948975	25	99.84227129337539	
2.4723244800562334	45.0	4.0	58.0	30.0	2.4723244800562334	317	39	45	4	58	30	45	4	58	30	44	0	0.015624046325683594	15900	8.905640125274658	25	99.84276729559748	
2.4723244800562334	45.0	4.0	58.0	30.0	2.4723244800562334	318	39	45	4	58	30	45	4	58	30	44	0	0.03124713897705078	15950	8.936887264251709	25	99.84326018808777	
2.4723244800562334	45.0	4.0	58.0	30.0	2.4723244800562334	319	39	45	4	58	30	45	4	58	30	44	0	0.015625476837158203	16000	8.952512741088867	25	99.84375	
2.4723244800562334	45.0	4.0	58.0	30.0	2.4723244800562334	320	39	45	4	58	30	45	4	58	30	44	0	0.0	16050	8.952512741088867	25	99.84423676012462	
2.4723244800562334	45.0	4.0	58.0	30.0	2.4723244800562334	321	39	45	4	58	30	45	4	58	30	44	0	0.03124690055847168	16100	8.983759641647339	25	99.84472049689441	
2.4723244800562334	45.0	4.0	58.0	30.0	2.4723244800562334	322	39	45	4	58	30	45	4	58	30	44	0	0.01562356948852539	16150	8.999383211135864	25	99.84520123839009	
2.4723244800562334	45.0	4.0	58.0	30.0	2.4723244800562334	323	39	45	4	58	30	45	4	58	30	44	0	0.031248807907104492	16200	9.030632019042969	25	99.84567901234568	
2.4723244800562334	45.0	4.0	58.0	30.0	2.4723244800562334	324	39	45	4	58	30	45	4	58	30	44	0	0.015623092651367188	16250	9.046255111694336	25	99.84615384615384	
2.4723244800562334	45.0	4.0	58.0	30.0	2.4723244800562334	325	39	45	4	58	30	45	4	58	30	44	0	0.03124833106994629	16300	9.077503442764282	25	99.84662576687117	
2.4723244800562334	45.0	4.0	58.0	30.0	2.4723244800562334	326	39	45	4	58	30	45	4	58	30	44	0	0.031248092651367188	16350	9.10875153541565	25	99.84709480122324	
2.4723244800562334	45.0	4.0	58.0	30.0	2.4723244800562334	327	39	45	4	58	30	45	4	58	30	44	0	0.015623331069946289	16400	9.124374866485596	25	99.84756097560975	
2.4723244800562334	45.0	4.0	58.0	30.0	2.4723244800562334	328	39	45	4	58	30	45	4	58	30	44	0	0.0156252384185791	16450	9.140000104904175	25	99.84802431610942	
2.4723244800562334	45.0	4.0	58.0	30.0	2.4723244800562334	329	39	45	4	58	30	45	4	58	30	44	0	0.031246185302734375	16500	9.17124629020691	25	99.84848484848484	
2.4723244800562334	45.0	4.0	58.0	30.0	2.4723244800562334	330	39	45	4	58	30	45	4	58	30	44	0	0.015624284744262695	16550	9.186870574951172	25	99.8489425981873	
2.4723244800562334	45.0	4.0	58.0	30.0	2.4723244800562334	331	39	45	4	58	30	45	4	58	30	44	0	0.01562356948852539	16600	9.202494144439697	25	99.84939759036145	
2.4723244800562334	45.0	4.0	58.0	30.0	2.4723244800562334	332	39	45	4	58	30	45	4	58	30	44	0	0.015624523162841797	16650	9.218118667602539	25	99.84984984984985	
2.4723244800562334	45.0	4.0	58.0	30.0	2.4723244800562334	333	39	45	4	58	30	45	4	58	30	44	0	0.031248807907104492	16700	9.249367475509644	25	99.8502994011976	
2.4723244800562334	45.0	4.0	58.0	30.0	2.4723244800562334	334	39	45	4	58	30	45	4	58	30	44	0	0.0	16750	9.249367475509644	25	99.85074626865672	
2.4723244800562334	45.0	4.0	58.0	30.0	2.4723244800562334	335	39	45	4	58	30	45	4	58	30	44	0	0.03124690055847168	16800	9.280614376068115	25	99.85119047619048	
2.4723244800562334	45.0	4.0	58.0	30.0	2.4723244800562334	336	39	45	4	58	30	45	4	58	30	44	0	0.03124713897705078	16850	9.311861515045166	25	99.85163204747775	
2.4723244800562334	45.0	4.0	58.0	30.0	2.4723244800562334	337	39	45	4	58	30	45	4	58	30	44	0	0.015624523162841797	16900	9.327486038208008	25	99.85207100591715	
2.4723244800562334	45.0	4.0	58.0	30.0	2.4723244800562334	338	39	45	4	58	30	45	4	58	30	44	0	0.0156252384185791	16950	9.343111276626587	25	99.85250737463127	
2.4723244800562334	45.0	4.0	58.0	30.0	2.4723244800562334	339	39	45	4	58	30	45	4	58	30	44	0	0.031246423721313477	17000	9.3743577003479	25	99.8529411764706	
2.4723244800562334	45.0	4.0	58.0	30.0	2.4723244800562334	340	39	45	4	58	30	45	4	58	30	44	0	0.015624046325683594	17050	9.389981746673584	25	99.8533724340176	
2.4723244800562334	45.0	4.0	58.0	30.0	2.4723244800562334	341	39	45	4	58	30	45	4	58	30	44	0	0.031247615814208984	17100	9.421229362487793	25	99.85380116959064	
2.4723244800562334	45.0	4.0	58.0	30.0	2.4723244800562334	342	39	45	4	58	30	45	4	58	30	44	0	0.031247615814208984	17150	9.452476978302002	25	99.85422740524781	
2.4723244800562334	45.0	4.0	58.0	30.0	2.4723244800562334	343	39	45	4	58	30	45	4	58	30	44	0	0.015624284744262695	17200	9.468101263046265	25	99.8546511627907	
2.4723244800562334	45.0	4.0	58.0	30.0	2.4723244800562334	344	39	45	4	58	30	45	4	58	30	44	0	0.031247615814208984	17250	9.499348878860474	25	99.85507246376811	
2.4723244800562334	45.0	4.0	58.0	30.0	2.4723244800562334	345	39	45	4	58	30	45	4	58	30	44	0	0.015624284744262695	17300	9.514973163604736	25	99.85549132947978	
2.4723244800562334	45.0	4.0	58.0	30.0	2.4723244800562334	346	39	45	4	58	30	45	4	58	30	44	0	0.031247615814208984	17350	9.546220779418945	25	99.85590778097983	
2.4723244800562334	45.0	4.0	58.0	30.0	2.4723244800562334	347	39	45	4	58	30	45	4	58	30	44	0	0.031248092651367188	17400	9.577468872070312	25	99.85632183908046	
2.4723244800562334	45.0	4.0	58.0	30.0	2.4723244800562334	348	39	45	4	58	30	45	4	58	30	44	0	0.015623807907104492	17450	9.593092679977417	25	99.8567335243553	
2.4723244800562334	45.0	4.0	58.0	30.0	2.4723244800562334	349	39	45	4	58	30	45	4	58	30	44	0	0.031247615814208984	17500	9.624340295791626	25	99.85714285714286	
2.4723244800562334	45.0	4.0	58.0	30.0	2.4723244800562334	350	39	45	4	58	30	45	4	58	30	44	0	0.015624284744262695	17550	9.639964580535889	25	99.85754985754986	
2.4723244800562334	45.0	4.0	58.0	30.0	2.4723244800562334	351	39	45	4	58	30	45	4	58	30	44	0	0.015624284744262695	17600	9.655588865280151	25	99.85795454545455	
2.4723244800562334	45.0	4.0	58.0	30.0	2.4723244800562334	352	39	45	4	58	30	45	4	58	30	44	0	0.015623331069946289	17650	9.671212196350098	25	99.85835694050992	
2.4723244800562334	45.0	4.0	58.0	30.0	2.4723244800562334	353	39	45	4	58	30	45	4	58	30	44	0	0.015624046325683594	17700	9.686836242675781	25	99.85875706214689	
2.4723244800562334	45.0	4.0	58.0	30.0	2.4723244800562334	354	39	45	4	58	30	45	4	58	30	44	0	0.031248807907104492	17750	9.718085050582886	25	99.85915492957747	
2.4723244800562334	45.0	4.0	58.0	30.0	2.4723244800562334	355	39	45	4	58	30	45	4	58	30	44	0	0.031247377395629883	17800	9.749332427978516	25	99.85955056179775	
2.4723244800562334	45.0	4.0	58.0	30.0	2.4723244800562334	356	39	45	4	58	30	45	4	58	30	44	0	0.031247377395629883	17850	9.780579805374146	25	99.85994397759103	
2.4723244800562334	45.0	4.0	58.0	30.0	2.4723244800562334	357	39	45	4	58	30	45	4	58	30	44	0	0.015624284744262695	17900	9.796204090118408	25	99.86033519553072	
2.4723244800562334	45.0	4.0	58.0	30.0	2.4723244800562334	358	39	45	4	58	30	45	4	58	30	44	0	0.031247854232788086	17950	9.827451944351196	25	99.86072423398329	
2.4723244800562334	45.0	4.0	58.0	30.0	2.4723244800562334	359	39	45	4	58	30	45	4	58	30	44	0	0.015623807907104492	18000	9.8430757522583	25	99.86111111111111	
2.4723244800562334	45.0	4.0	58.0	30.0	2.4723244800562334	360	39	45	4	58	30	45	4	58	30	44	0	0.031248807907104492	18050	9.874324560165405	25	99.86149584487535	
2.4723244800562334	45.0	4.0	58.0	30.0	2.4723244800562334	361	39	45	4	58	30	45	4	58	30	44	0	0.015622854232788086	18100	9.889947414398193	25	99.86187845303867	
2.4723244800562334	45.0	4.0	58.0	30.0	2.4723244800562334	362	39	45	4	58	30	45	4	58	30	44	0	0.031247854232788086	18150	9.921195268630981	25	99.86225895316804	
2.4723244800562334	45.0	4.0	58.0	30.0	2.4723244800562334	363	39	45	4	58	30	45	4	58	30	44	0	0.031248092651367188	18200	9.952443361282349	25	99.86263736263736	
2.4723244800562334	45.0	4.0	58.0	30.0	2.4723244800562334	364	39	45	4	58	30	45	4	58	30	44	0	0.015624284744262695	18250	9.968067646026611	25	99.86301369863014	
2.4723244800562334	45.0	4.0	58.0	30.0	2.4723244800562334	365	39	45	4	58	30	45	4	58	30	44	0	0.015624523162841797	18300	9.983692169189453	25	99.86338797814207	
2.4723244800562334	45.0	4.0	58.0	30.0	2.4723244800562334	366	39	45	4	58	30	45	4	58	30	44	0	0.03124690055847168	18350	10.014939069747925	25	99.86376021798365	
2.4723244800562334	45.0	4.0	58.0	30.0	2.4723244800562334	367	39	45	4	58	30	45	4	58	30	44	0	0.015623807907104492	18400	10.03056287765503	25	99.86413043478261	
2.4723244800562334	45.0	4.0	58.0	30.0	2.4723244800562334	368	39	45	4	58	30	45	4	58	30	44	0	0.015624046325683594	18450	10.046186923980713	25	99.86449864498645	
2.4723244800562334	45.0	4.0	58.0	30.0	2.4723244800562334	369	39	45	4	58	30	45	4	58	30	44	0	0.015624046325683594	18500	10.061810970306396	25	99.86486486486487	
2.4723244800562334	45.0	4.0	58.0	30.0	2.4723244800562334	370	39	45	4	58	30	45	4	58	30	44	0	0.03124856948852539	18550	10.093059539794922	25	99.86522911051213	
2.4723244800562334	45.0	4.0	58.0	30.0	2.4723244800562334	371	39	45	4	58	30	45	4	58	30	44	0	0.01562356948852539	18600	10.108683109283447	25	99.86559139784946	
2.4723244800562334	45.0	4.0	58.0	30.0	2.4723244800562334	372	39	45	4	58	30	45	4	58	30	44	0	0.031247615814208984	18650	10.139930725097656	25	99.86595174262735	
2.4723244800562334	45.0	4.0	58.0	30.0	2.4723244800562334	373	39	45	4	58	30	45	4	58	30	44	0	0.01562356948852539	18700	10.155554294586182	25	99.8663101604278	
2.4723244800562334	45.0	4.0	58.0	30.0	2.4723244800562334	374	39	45	4	58	30	45	4	58	30	44	0	0.015623807907104492	18750	10.171178102493286	25	99.86666666666666	
2.4723244800562334	45.0	4.0	58.0	30.0	2.4723244800562334	375	39	45	4	58	30	45	4	58	30	44	0	0.03124833106994629	18800	10.202426433563232	25	99.86702127659575	
2.4723244800562334	45.0	4.0	58.0	30.0	2.4723244800562334	376	39	45	4	58	30	45	4	58	30	44	0	0.01562356948852539	18850	10.218050003051758	25	99.86737400530504	
2.4723244800562334	45.0	4.0	58.0	30.0	2.4723244800562334	377	39	45	4	58	30	45	4	58	30	44	0	0.015624046325683594	18900	10.233674049377441	25	99.86772486772487	
2.4723244800562334	45.0	4.0	58.0	30.0	2.4723244800562334	378	39	45	4	58	30	45	4	58	30	44	0	0.031248092651367188	18950	10.264922142028809	25	99.86807387862797	
2.4723244800562334	45.0	4.0	58.0	30.0	2.4723244800562334	379	39	45	4	58	30	45	4	58	30	44	0	0.031249284744262695	19000	10.296171426773071	25	99.86842105263158	
2.4723244800562334	45.0	4.0	58.0	30.0	2.4723244800562334	380	39	45	4	58	30	45	4	58	30	44	0	0.01562190055847168	19050	10.311793327331543	25	99.86876640419948	
2.4723244800562334	45.0	4.0	58.0	30.0	2.4723244800562334	381	39	45	4	58	30	45	4	58	30	44	0	0.03124833106994629	19100	10.34304165840149	25	99.86910994764398	
2.4723244800562334	45.0	4.0	58.0	30.0	2.4723244800562334	382	39	45	4	58	30	45	4	58	30	44	0	0.0	19150	10.34304165840149	25	99.86945169712794	
2.4723244800562334	45.0	4.0	58.0	30.0	2.4723244800562334	383	39	45	4	58	30	45	4	58	30	44	0	0.031248092651367188	19200	10.374289751052856	25	99.86979166666667	
2.4723244800562334	45.0	4.0	58.0	30.0	2.4723244800562334	384	39	45	4	58	30	45	4	58	30	44	0	0.031247377395629883	19250	10.405537128448486	25	99.87012987012987	
2.4723244800562334	45.0	4.0	58.0	30.0	2.4723244800562334	385	39	45	4	58	30	45	4	58	30	44	0	0.031247854232788086	19300	10.436784982681274	25	99.87046632124353	
2.4723244800562334	45.0	4.0	58.0	30.0	2.4723244800562334	386	39	45	4	58	30	45	4	58	30	44	0	0.015624046325683594	19350	10.452409029006958	25	99.87080103359173	
2.4723244800562334	45.0	4.0	58.0	30.0	2.4723244800562334	387	39	45	4	58	30	45	4	58	30	44	0	0.0156252384185791	19400	10.468034267425537	25	99.87113402061856	
2.4723244800562334	45.0	4.0	58.0	30.0	2.4723244800562334	388	39	45	4	58	30	45	4	58	30	44	0	0.01562356948852539	19450	10.483657836914062	25	99.87146529562982	
2.4723244800562334	45.0	4.0	58.0	30.0	2.4723244800562334	389	39	45	4	58	30	45	4	58	30	44	0	0.03124713897705078	19500	10.514904975891113	25	99.87179487179488	
2.4723244800562334	45.0	4.0	58.0	30.0	2.4723244800562334	390	39	45	4	58	30	45	4	58	30	44	0	0.015624046325683594	19550	10.530529022216797	25	99.87212276214834	
2.4723244800562334	45.0	4.0	58.0	30.0	2.4723244800562334	391	39	45	4	58	30	45	4	58	30	44	0	0.031247854232788086	19600	10.561776876449585	25	99.87244897959184	
2.4723244800562334	45.0	4.0	58.0	30.0	2.4723244800562334	392	39	45	4	58	30	45	4	58	30	44	0	0.015624046325683594	19650	10.577400922775269	25	99.87277353689568	
2.4723244800562334	45.0	4.0	58.0	30.0	2.4723244800562334	393	39	45	4	58	30	45	4	58	30	44	0	0.015625	19700	10.593025922775269	25	99.8730964467005	
2.4723244800562334	45.0	4.0	58.0	30.0	2.4723244800562334	394	39	45	4	58	30	45	4	58	30	44	0	0.015622615814208984	19750	10.608648538589478	25	99.87341772151899	
2.4723244800562334	45.0	4.0	58.0	30.0	2.4723244800562334	395	39	45	4	58	30	45	4	58	30	44	0	0.03124833106994629	19800	10.639896869659424	25	99.87373737373737	
2.4723244800562334	45.0	4.0	58.0	30.0	2.4723244800562334	396	39	45	4	58	30	45	4	58	30	44	0	0.015623331069946289	19850	10.65552020072937	25	99.87405541561712	
2.4723244800562334	45.0	4.0	58.0	30.0	2.4723244800562334	397	39	45	4	58	30	45	4	58	30	44	0	0.031247854232788086	19900	10.686768054962158	25	99.87437185929649	
2.4723244800562334	45.0	4.0	58.0	30.0	2.4723244800562334	398	39	45	4	58	30	45	4	58	30	44	0	0.031249523162841797	19950	10.718017578125	25	99.87468671679198	
2.4723244800562334	45.0	4.0	58.0	30.0	2.4723244800562334	399	39	45	4	58	30	45	4	58	30	44	0	0.015623807907104492	20000	10.733641386032104	25	99.875	
2.4723244800562334	45.0	4.0	58.0	30.0	2.4723244800562334	400	39	45	4	58	30	45	4	58	30	44	0	0.031248807907104492	20050	10.764890193939209	25	99.87531172069825	
2.4723244800562334	45.0	4.0	58.0	30.0	2.4723244800562334	401	39	45	4	58	30	45	4	58	30	44	0	0.015623807907104492	20100	10.780514001846313	25	99.87562189054727	
2.4723244800562334	45.0	4.0	58.0	30.0	2.4723244800562334	402	39	45	4	58	30	45	4	58	30	44	0	0.0312497615814209	20150	10.811763763427734	25	99.87593052109182	
2.4723244800562334	45.0	4.0	58.0	30.0	2.4723244800562334	403	39	45	4	58	30	45	4	58	30	44	0	0.015625953674316406	20200	10.82738971710205	25	99.87623762376238	
2.4723244800562334	45.0	4.0	58.0	30.0	2.4723244800562334	404	39	45	4	58	30	45	4	58	30	44	0	0.031242847442626953	20250	10.858632564544678	25	99.87654320987654	
2.4723244800562334	45.0	4.0	58.0	30.0	2.4723244800562334	405	39	45	4	58	30	45	4	58	30	44	0	0.015624284744262695	20300	10.87425684928894	25	99.8768472906404	
2.4723244800562334	45.0	4.0	58.0	30.0	2.4723244800562334	406	39	45	4	58	30	45	4	58	30	44	0	0.031248807907104492	20350	10.905505657196045	25	99.87714987714988	
2.4723244800562334	45.0	4.0	58.0	30.0	2.4723244800562334	407	39	45	4	58	30	45	4	58	30	44	0	0.015624523162841797	20400	10.921130180358887	25	99.87745098039215	
2.4723244800562334	45.0	4.0	58.0	30.0	2.4723244800562334	408	39	45	4	58	30	45	4	58	30	44	0	0.031247377395629883	20450	10.952377557754517	25	99.87775061124694	
2.4723244800562334	45.0	4.0	58.0	30.0	2.4723244800562334	409	39	45	4	58	30	45	4	58	30	44	0	0.015623092651367188	20500	10.968000650405884	25	99.8780487804878	
2.4723244800562334	45.0	4.0	58.0	30.0	2.4723244800562334	410	39	45	4	58	30	45	4	58	30	44	0	0.015625	20550	10.983625650405884	25	99.87834549878346	
2.4723244800562334	45.0	4.0	58.0	30.0	2.4723244800562334	411	39	45	4	58	30	45	4	58	30	44	0	0.03124713897705078	20600	11.014872789382935	25	99.87864077669903	
2.4723244800562334	45.0	4.0	58.0	30.0	2.4723244800562334	412	39	45	4	58	30	45	4	58	30	44	0	0.015622377395629883	20650	11.030495166778564	25	99.87893462469734	
2.4723244800562334	45.0	4.0	58.0	30.0	2.4723244800562334	413	39	45	4	58	30	45	4	58	30	44	0	0.03124833106994629	20700	11.06174349784851	25	99.8792270531401	
2.4723244800562334	45.0	4.0	58.0	30.0	2.4723244800562334	414	39	45	4	58	30	45	4	58	30	44	0	0.015624523162841797	20750	11.077368021011353	25	99.87951807228916	
2.4723244800562334	45.0	4.0	58.0	30.0	2.4723244800562334	415	39	45	4	58	30	45	4	58	30	44	0	0.015623807907104492	20800	11.092991828918457	25	99.8798076923077	
2.4723244800562334	45.0	4.0	58.0	30.0	2.4723244800562334	416	39	45	4	58	30	45	4	58	30	44	0	0.015623092651367188	20850	11.108614921569824	25	99.8800959232614	
2.4723244800562334	45.0	4.0	58.0	30.0	2.4723244800562334	417	39	45	4	58	30	45	4	58	30	44	0	0.031247377395629883	20900	11.139862298965454	25	99.88038277511961	
2.4723244800562334	45.0	4.0	58.0	30.0	2.4723244800562334	418	39	45	4	58	30	45	4	58	30	44	0	0.031248807907104492	20950	11.171111106872559	25	99.88066825775657	
2.4723244800562334	45.0	4.0	58.0	30.0	2.4723244800562334	419	39	45	4	58	30	45	4	58	30	44	0	0.01562356948852539	21000	11.186734676361084	25	99.88095238095238	
2.4723244800562334	45.0	4.0	58.0	30.0	2.4723244800562334	420	39	45	4	58	30	45	4	58	30	44	0	0.015624046325683594	21050	11.202358722686768	25	99.8812351543943	
2.4723244800562334	45.0	4.0	58.0	30.0	2.4723244800562334	421	39	45	4	58	30	45	4	58	30	44	0	0.015623092651367188	21100	11.217981815338135	25	99.88151658767772	
2.4723244800562334	45.0	4.0	58.0	30.0	2.4723244800562334	422	39	45	4	58	30	45	4	58	30	44	0	0.03124833106994629	21150	11.249230146408081	25	99.88179669030733	
2.4723244800562334	45.0	4.0	58.0	30.0	2.4723244800562334	423	39	45	4	58	30	45	4	58	30	44	0	0.015624523162841797	21200	11.264854669570923	25	99.88207547169812	
2.4723244800562334	45.0	4.0	58.0	30.0	2.4723244800562334	424	39	45	4	58	30	45	4	58	30	44	0	0.031248092651367188	21250	11.29610276222229	25	99.88235294117646	
2.4723244800562334	45.0	4.0	58.0	30.0	2.4723244800562334	425	39	45	4	58	30	45	4	58	30	44	0	0.015624761581420898	21300	11.311727523803711	25	99.88262910798122	
2.4723244800562334	45.0	4.0	58.0	30.0	2.4723244800562334	426	39	45	4	58	30	45	4	58	30	44	0	0.031246185302734375	21350	11.342973709106445	25	99.88290398126463	
2.4723244800562334	45.0	4.0	58.0	30.0	2.4723244800562334	427	39	45	4	58	30	45	4	58	30	44	0	0.03124833106994629	21400	11.374222040176392	25	99.88317757009345	
2.4723244800562334	45.0	4.0	58.0	30.0	2.4723244800562334	428	39	45	4	58	30	45	4	58	30	44	0	0.015624046325683594	21450	11.389846086502075	25	99.88344988344988	
2.4723244800562334	45.0	4.0	58.0	30.0	2.4723244800562334	429	39	45	4	58	30	45	4	58	30	44	0	0.015624046325683594	21500	11.405470132827759	25	99.88372093023256	
2.4723244800562334	45.0	4.0	58.0	30.0	2.4723244800562334	430	39	45	4	58	30	45	4	58	30	44	0	0.015623807907104492	21550	11.421093940734863	25	99.88399071925754	
2.4723244800562334	45.0	4.0	58.0	30.0	2.4723244800562334	431	39	45	4	58	30	45	4	58	30	44	0	0.03124833106994629	21600	11.45234227180481	25	99.88425925925925	
2.4723244800562334	45.0	4.0	58.0	30.0	2.4723244800562334	432	39	45	4	58	30	45	4	58	30	44	0	0.03124713897705078	21650	11.48358941078186	25	99.88452655889145	
2.4723244800562334	45.0	4.0	58.0	30.0	2.4723244800562334	433	39	45	4	58	30	45	4	58	30	44	0	0.015623807907104492	21700	11.499213218688965	25	99.88479262672811	
2.4723244800562334	45.0	4.0	58.0	30.0	2.4723244800562334	434	39	45	4	58	30	45	4	58	30	44	0	0.031248092651367188	21750	11.530461311340332	25	99.88505747126437	
2.4723244800562334	45.0	4.0	58.0	30.0	2.4723244800562334	435	39	45	4	58	30	45	4	58	30	44	0	0.015623331069946289	21800	11.546084642410278	25	99.88532110091744	
2.4723244800562334	45.0	4.0	58.0	30.0	2.4723244800562334	436	39	45	4	58	30	45	4	58	30	44	0	0.015624523162841797	21850	11.56170916557312	25	99.88558352402745	
2.4723244800562334	45.0	4.0	58.0	30.0	2.4723244800562334	437	39	45	4	58	30	45	4	58	30	44	0	0.015624284744262695	21900	11.577333450317383	25	99.88584474885845	
2.4723244800562334	45.0	4.0	58.0	30.0	2.4723244800562334	438	39	45	4	58	30	45	4	58	30	44	0	0.031248807907104492	21950	11.608582258224487	25	99.8861047835991	
2.4723244800562334	45.0	4.0	58.0	30.0	2.4723244800562334	439	39	45	4	58	30	45	4	58	30	44	0	0.015623092651367188	22000	11.624205350875854	25	99.88636363636364	
2.4723244800562334	45.0	4.0	58.0	30.0	2.4723244800562334	440	39	45	4	58	30	45	4	58	30	44	0	0.01562356948852539	22050	11.63982892036438	25	99.88662131519274	
2.4723244800562334	45.0	4.0	58.0	30.0	2.4723244800562334	441	39	45	4	58	30	45	4	58	30	44	0	0.031247615814208984	22100	11.671076536178589	25	99.8868778280543	
2.4723244800562334	45.0	4.0	58.0	30.0	2.4723244800562334	442	39	45	4	58	30	45	4	58	30	44	0	0.015623807907104492	22150	11.686700344085693	25	99.88713318284424	
2.4723244800562334	45.0	4.0	58.0	30.0	2.4723244800562334	443	39	45	4	58	30	45	4	58	30	44	0	0.031247854232788086	22200	11.717948198318481	25	99.88738738738739	
2.4723244800562334	45.0	4.0	58.0	30.0	2.4723244800562334	444	39	45	4	58	30	45	4	58	30	44	0	0.031249284744262695	22250	11.749197483062744	25	99.88764044943821	
2.4723244800562334	45.0	4.0	58.0	30.0	2.4723244800562334	445	39	45	4	58	30	45	4	58	30	44	0	0.0	22300	11.749197483062744	25	99.88789237668162	
2.4723244800562334	45.0	4.0	58.0	30.0	2.4723244800562334	446	39	45	4	58	30	45	4	58	30	44	0	0.031246662139892578	22350	11.780444145202637	25	99.88814317673378	
2.4723244800562334	45.0	4.0	58.0	30.0	2.4723244800562334	447	39	45	4	58	30	45	4	58	30	44	0	0.015623807907104492	22400	11.796067953109741	25	99.88839285714286	
2.4723244800562334	45.0	4.0	58.0	30.0	2.4723244800562334	448	39	45	4	58	30	45	4	58	30	44	0	0.031247854232788086	22450	11.82731580734253	25	99.88864142538975	
2.4723244800562334	45.0	4.0	58.0	30.0	2.4723244800562334	449	39	45	4	58	30	45	4	58	30	44	0	0.015627384185791016	22500	11.84294319152832	25	99.88888888888889	
2.4723244800562334	45.0	4.0	58.0	30.0	2.4723244800562334	450	39	45	4	58	30	45	4	58	30	44	0	0.015621423721313477	22550	11.858564615249634	25	99.88913525498891	
2.4723244800562334	45.0	4.0	58.0	30.0	2.4723244800562334	451	39	45	4	58	30	45	4	58	30	44	0	0.015623331069946289	22600	11.87418794631958	25	99.88938053097345	
2.4723244800562334	45.0	4.0	58.0	30.0	2.4723244800562334	452	39	45	4	58	30	45	4	58	30	44	0	0.03124713897705078	22650	11.90543508529663	25	99.8896247240618	
2.4723244800562334	45.0	4.0	58.0	30.0	2.4723244800562334	453	39	45	4	58	30	45	4	58	30	44	0	0.015625	22700	11.92106008529663	25	99.8898678414097	
2.4723244800562334	45.0	4.0	58.0	30.0	2.4723244800562334	454	39	45	4	58	30	45	4	58	30	44	0	0.031247377395629883	22750	11.95230746269226	25	99.89010989010988	
2.4723244800562334	45.0	4.0	58.0	30.0	2.4723244800562334	455	39	45	4	58	30	45	4	58	30	44	0	0.015624523162841797	22800	11.967931985855103	25	99.89035087719299	
2.4723244800562334	45.0	4.0	58.0	30.0	2.4723244800562334	456	39	45	4	58	30	45	4	58	30	44	0	0.031248807907104492	22850	11.999180793762207	25	99.89059080962801	
2.4723244800562334	45.0	4.0	58.0	30.0	2.4723244800562334	457	39	45	4	58	30	45	4	58	30	44	0	0.015621662139892578	22900	12.0148024559021	25	99.89082969432314	
2.4723244800562334	45.0	4.0	58.0	30.0	2.4723244800562334	458	39	45	4	58	30	45	4	58	30	44	0	0.031249523162841797	22950	12.046051979064941	25	99.89106753812636	
2.4723244800562334	45.0	4.0	58.0	30.0	2.4723244800562334	459	39	45	4	58	30	45	4	58	30	44	0	0.015623092651367188	23000	12.061675071716309	25	99.8913043478261	
2.4723244800562334	45.0	4.0	58.0	30.0	2.4723244800562334	460	39	45	4	58	30	45	4	58	30	44	0	0.03124713897705078	23050	12.09292221069336	25	99.89154013015184	
2.4723244800562334	45.0	4.0	58.0	30.0	2.4723244800562334	461	39	45	4	58	30	45	4	58	30	44	0	0.03124856948852539	23100	12.124170780181885	25	99.89177489177489	
2.4723244800562334	45.0	4.0	58.0	30.0	2.4723244800562334	462	39	45	4	58	30	45	4	58	30	44	0	0.0	23150	12.124170780181885	25	99.89200863930886	
2.4723244800562334	45.0	4.0	58.0	30.0	2.4723244800562334	463	39	45	4	58	30	45	4	58	30	44	0	0.015624523162841797	23200	12.139795303344727	25	99.89224137931035	
2.4723244800562334	45.0	4.0	58.0	30.0	2.4723244800562334	464	39	45	4	58	30	45	4	58	30	44	0	0.01562356948852539	23250	12.155418872833252	25	99.89247311827957	
2.4723244800562334	45.0	4.0	58.0	30.0	2.4723244800562334	465	39	45	4	58	30	45	4	58	30	44	0	0.015623092651367188	23300	12.17104196548462	25	99.89270386266094	
2.4723244800562334	45.0	4.0	58.0	30.0	2.4723244800562334	466	39	45	4	58	30	45	4	58	30	44	0	0.015624284744262695	23350	12.186666250228882	25	99.89293361884368	
2.4723244800562334	45.0	4.0	58.0	30.0	2.4723244800562334	467	39	45	4	58	30	45	4	58	30	44	0	0.031247377395629883	23400	12.217913627624512	25	99.8931623931624	
2.4723244800562334	45.0	4.0	58.0	30.0	2.4723244800562334	468	39	45	4	58	30	45	4	58	30	44	0	0.03125	23450	12.249163627624512	25	99.89339019189765	
2.4723244800562334	45.0	4.0	58.0	30.0	2.4723244800562334	469	39	45	4	58	30	45	4	58	30	44	0	0.015622615814208984	23500	12.26478624343872	25	99.8936170212766	
2.4723244800562334	45.0	4.0	58.0	30.0	2.4723244800562334	470	39	45	4	58	30	45	4	58	30	44	0	0.015624523162841797	23550	12.280410766601562	25	99.89384288747345	
2.4723244800562334	45.0	4.0	58.0	30.0	2.4723244800562334	471	39	45	4	58	30	45	4	58	30	44	0	0.015622615814208984	23600	12.296033382415771	25	99.89406779661017	
2.4723244800562334	45.0	4.0	58.0	30.0	2.4723244800562334	472	39	45	4	58	30	45	4	58	30	44	0	0.015624284744262695	23650	12.311657667160034	25	99.89429175475686	
2.4723244800562334	45.0	4.0	58.0	30.0	2.4723244800562334	473	39	45	4	58	30	45	4	58	30	44	0	0.01562356948852539	23700	12.32728123664856	25	99.89451476793249	
2.4723244800562334	45.0	4.0	58.0	30.0	2.4723244800562334	474	39	45	4	58	30	45	4	58	30	44	0	0.031247854232788086	23750	12.358529090881348	25	99.89473684210526	
2.4723244800562334	45.0	4.0	58.0	30.0	2.4723244800562334	475	39	45	4	58	30	45	4	58	30	44	0	0.031247854232788086	23800	12.389776945114136	25	99.89495798319328	
2.4723244800562334	45.0	4.0	58.0	30.0	2.4723244800562334	476	39	45	4	58	30	45	4	58	30	44	0	0.015623807907104492	23850	12.40540075302124	25	99.895178197065	
2.4723244800562334	45.0	4.0	58.0	30.0	2.4723244800562334	477	39	45	4	58	30	45	4	58	30	44	0	0.031247615814208984	23900	12.43664836883545	25	99.89539748953975	
2.4723244800562334	45.0	4.0	58.0	30.0	2.4723244800562334	478	39	45	4	58	30	45	4	58	30	44	0	0.03124833106994629	23950	12.467896699905396	25	99.89561586638831	
2.4723244800562334	45.0	4.0	58.0	30.0	2.4723244800562334	479	39	45	4	58	30	45	4	58	30	44	0	0.03124856948852539	24000	12.499145269393921	25	99.89583333333333	
2.4723244800562334	45.0	4.0	58.0	30.0	2.4723244800562334	480	39	45	4	58	30	45	4	58	30	44	0	0.01562356948852539	24050	12.514768838882446	25	99.8960498960499	
2.4723244800562334	45.0	4.0	58.0	30.0	2.4723244800562334	481	39	45	4	58	30	45	4	58	30	44	0	0.031247377395629883	24100	12.546016216278076	25	99.89626556016597	
2.4723244800562334	45.0	4.0	58.0	30.0	2.4723244800562334	482	39	45	4	58	30	45	4	58	30	44	0	0.031247377395629883	24150	12.577263593673706	25	99.89648033126294	
2.4723244800562334	45.0	4.0	58.0	30.0	2.4723244800562334	483	39	45	4	58	30	45	4	58	30	44	0	0.015625476837158203	24200	12.592889070510864	25	99.89669421487604	
2.4723244800562334	45.0	4.0	58.0	30.0	2.4723244800562334	484	39	45	4	58	30	45	4	58	30	44	0	0.031246662139892578	24250	12.624135732650757	25	99.89690721649484	
2.4723244800562334	45.0	4.0	58.0	30.0	2.4723244800562334	485	39	45	4	58	30	45	4	58	30	44	0	0.03124833106994629	24300	12.655384063720703	25	99.89711934156378	
2.4723244800562334	45.0	4.0	58.0	30.0	2.4723244800562334	486	39	45	4	58	30	45	4	58	30	44	0	0.015624046325683594	24350	12.671008110046387	25	99.89733059548254	
2.4723244800562334	45.0	4.0	58.0	30.0	2.4723244800562334	487	39	45	4	58	30	45	4	58	30	44	0	0.031247615814208984	24400	12.702255725860596	25	99.89754098360656	
2.4723244800562334	45.0	4.0	58.0	30.0	2.4723244800562334	488	39	45	4	58	30	45	4	58	30	44	0	0.031247854232788086	24450	12.733503580093384	25	99.89775051124744	
2.4723244800562334	45.0	4.0	58.0	30.0	2.4723244800562334	489	39	45	4	58	30	45	4	58	30	44	0	0.015624284744262695	24500	12.749127864837646	25	99.89795918367346	
2.4723244800562334	45.0	4.0	58.0	30.0	2.4723244800562334	490	39	45	4	58	30	45	4	58	30	44	0	0.03124833106994629	24550	12.780376195907593	25	99.89816700610999	
2.4723244800562334	45.0	4.0	58.0	30.0	2.4723244800562334	491	39	45	4	58	30	45	4	58	30	44	0	0.015623331069946289	24600	12.795999526977539	25	99.89837398373983	
2.4723244800562334	45.0	4.0	58.0	30.0	2.4723244800562334	492	39	45	4	58	30	45	4	58	30	44	0	0.031249284744262695	24650	12.827248811721802	25	99.89858012170386	
2.4723244800562334	45.0	4.0	58.0	30.0	2.4723244800562334	493	39	45	4	58	30	45	4	58	30	44	0	0.03124713897705078	24700	12.858495950698853	25	99.89878542510121	
2.4723244800562334	45.0	4.0	58.0	30.0	2.4723244800562334	494	39	45	4	58	30	45	4	58	30	44	0	0.015623807907104492	24750	12.874119758605957	25	99.8989898989899	
2.4723244800562334	45.0	4.0	58.0	30.0	2.4723244800562334	495	39	45	4	58	30	45	4	58	30	44	0	0.031247615814208984	24800	12.905367374420166	25	99.8991935483871	
2.4723244800562334	45.0	4.0	58.0	30.0	2.4723244800562334	496	39	45	4	58	30	45	4	58	30	44	0	0.015624046325683594	24850	12.92099142074585	25	99.89939637826961	
2.4723244800562334	45.0	4.0	58.0	30.0	2.4723244800562334	497	39	45	4	58	30	45	4	58	30	44	0	0.015623807907104492	24900	12.936615228652954	25	99.8995983935743	
2.4723244800562334	45.0	4.0	58.0	30.0	2.4723244800562334	498	39	45	4	58	30	45	4	58	30	44	0	0.031247615814208984	24950	12.967862844467163	25	99.8997995991984	
2.4723244800562334	45.0	4.0	58.0	30.0	2.4723244800562334	499	39	45	4	58	30	45	4	58	30	44	0	0.031247377395629883	25000	12.999110221862793	25	99.9	
2.4723244800562334	45.0	4.0	58.0	30.0	2.4723244800562334	500	39	45	4	58	30	45	4	58	30	44	0	0.015627622604370117	25050	13.014737844467163	25	99.9001996007984	
2.4723244800562334	45.0	4.0	58.0	30.0	2.4723244800562334	501	39	45	4	58	30	45	4	58	30	44	0	0.03124547004699707	25100	13.04598331451416	25	99.9003984063745	
2.4723244800562334	45.0	4.0	58.0	30.0	2.4723244800562334	502	39	45	4	58	30	45	4	58	30	44	0	0.031247615814208984	25150	13.07723093032837	25	99.90059642147118	
2.4723244800562334	45.0	4.0	58.0	30.0	2.4723244800562334	503	39	45	4	58	30	45	4	58	30	44	0	0.015623331069946289	25200	13.092854261398315	25	99.90079365079364	
2.4723244800562334	45.0	4.0	58.0	30.0	2.4723244800562334	504	39	45	4	58	30	45	4	58	30	44	0	0.031247615814208984	25250	13.124101877212524	25	99.9009900990099	
2.4723244800562334	45.0	4.0	58.0	30.0	2.4723244800562334	505	39	45	4	58	30	45	4	58	30	44	0	0.015624523162841797	25300	13.139726400375366	25	99.90118577075098	
2.4723244800562334	45.0	4.0	58.0	30.0	2.4723244800562334	506	39	45	4	58	30	45	4	58	30	44	0	0.015623092651367188	25350	13.155349493026733	25	99.90138067061145	
2.4723244800562334	45.0	4.0	58.0	30.0	2.4723244800562334	507	39	45	4	58	30	45	4	58	30	44	0	0.03124833106994629	25400	13.18659782409668	25	99.9015748031496	
2.4723244800562334	45.0	4.0	58.0	30.0	2.4723244800562334	508	39	45	4	58	30	45	4	58	30	44	0	0.031248807907104492	25450	13.217846632003784	25	99.90176817288801	
2.4723244800562334	45.0	4.0	58.0	30.0	2.4723244800562334	509	39	45	4	58	30	45	4	58	30	44	0	0.015622854232788086	25500	13.233469486236572	25	99.90196078431373	
2.4723244800562334	45.0	4.0	58.0	30.0	2.4723244800562334	510	39	45	4	58	30	45	4	58	30	44	0	0.015623807907104492	25550	13.249093294143677	25	99.90215264187867	
2.4723244800562334	45.0	4.0	58.0	30.0	2.4723244800562334	511	39	45	4	58	30	45	4	58	30	44	0	0.031248092651367188	25600	13.280341386795044	25	99.90234375	
2.4723244800562334	45.0	4.0	58.0	30.0	2.4723244800562334	512	39	45	4	58	30	45	4	58	30	44	0	0.015623807907104492	25650	13.295965194702148	25	99.90253411306043	
2.4723244800562334	45.0	4.0	58.0	30.0	2.4723244800562334	513	39	45	4	58	30	45	4	58	30	44	0	0.03124856948852539	25700	13.327213764190674	25	99.90272373540856	
2.4723244800562334	45.0	4.0	58.0	30.0	2.4723244800562334	514	39	45	4	58	30	45	4	58	30	44	0	0.03124833106994629	25750	13.35846209526062	25	99.90291262135922	
2.4723244800562334	45.0	4.0	58.0	30.0	2.4723244800562334	515	39	45	4	58	30	45	4	58	30	44	0	0.03124833106994629	25800	13.389710426330566	25	99.90310077519379	
2.4723244800562334	45.0	4.0	58.0	30.0	2.4723244800562334	516	39	45	4	58	30	45	4	58	30	44	0	0.031247854232788086	25850	13.420958280563354	25	99.90328820116054	
2.4723244800562334	45.0	4.0	58.0	30.0	2.4723244800562334	517	39	45	4	58	30	45	4	58	30	44	0	0.03124833106994629	25900	13.4522066116333	25	99.9034749034749	
2.4723244800562334	45.0	4.0	58.0	30.0	2.4723244800562334	518	39	45	4	58	30	45	4	58	30	44	0	0.04687047004699707	25950	13.499077081680298	25	99.90366088631984	
2.4723244800562334	45.0	4.0	58.0	30.0	2.4723244800562334	519	39	45	4	58	30	45	4	58	30	44	0	0.015624523162841797	26000	13.51470160484314	25	99.90384615384616	
2.4723244800562334	45.0	4.0	58.0	30.0	2.4723244800562334	520	39	45	4	58	30	45	4	58	30	44	0	0.031246185302734375	26050	13.545947790145874	25	99.90403071017275	
2.4723244800562334	45.0	4.0	58.0	30.0	2.4723244800562334	521	39	45	4	58	30	45	4	58	30	44	0	0.0156252384185791	26100	13.561573028564453	25	99.90421455938697	
2.4723244800562334	45.0	4.0	58.0	30.0	2.4723244800562334	522	39	45	4	58	30	45	4	58	30	44	0	0.031249046325683594	26150	13.592822074890137	25	99.90439770554494	
2.4723244800562334	45.0	4.0	58.0	30.0	2.4723244800562334	523	39	45	4	58	30	45	4	58	30	44	0	0.015624046325683594	26200	13.60844612121582	25	99.90458015267176	
2.4723244800562334	45.0	4.0	58.0	30.0	2.4723244800562334	524	39	45	4	58	30	45	4	58	30	44	0	0.03124856948852539	26250	13.639694690704346	25	99.9047619047619	
2.4723244800562334	45.0	4.0	58.0	30.0	2.4723244800562334	525	39	45	4	58	30	45	4	58	30	44	0	0.01562047004699707	26300	13.655315160751343	25	99.90494296577947	
2.4723244800562334	45.0	4.0	58.0	30.0	2.4723244800562334	526	39	45	4	58	30	45	4	58	30	44	0	0.03125166893005371	26350	13.686566829681396	25	99.90512333965845	
2.4723244800562334	45.0	4.0	58.0	30.0	2.4723244800562334	527	39	45	4	58	30	45	4	58	30	44	0	0.01562047004699707	26400	13.702187299728394	25	99.90530303030303	
2.4723244800562334	45.0	4.0	58.0	30.0	2.4723244800562334	528	39	45	4	58	30	45	4	58	30	44	0	0.031247854232788086	26450	13.733435153961182	25	99.9054820415879	
2.4723244800562334	45.0	4.0	58.0	30.0	2.4723244800562334	529	39	45	4	58	30	45	4	58	30	44	0	0.031250715255737305	26500	13.764685869216919	25	99.90566037735849	
2.4723244800562334	45.0	4.0	58.0	30.0	2.4723244800562334	530	39	45	4	58	30	45	4	58	30	44	0	0.015625	26550	13.780310869216919	25	99.90583804143127	
2.4723244800562334	45.0	4.0	58.0	30.0	2.4723244800562334	531	39	45	4	58	30	45	4	58	30	44	0	0.01562190055847168	26600	13.79593276977539	25	99.90601503759399	
2.4723244800562334	45.0	4.0	58.0	30.0	2.4723244800562334	532	39	45	4	58	30	45	4	58	30	44	0	0.031247377395629883	26650	13.82718014717102	25	99.906191369606	
2.4723244800562334	45.0	4.0	58.0	30.0	2.4723244800562334	533	39	45	4	58	30	45	4	58	30	44	0	0.0156252384185791	26700	13.8428053855896	25	99.90636704119851	
2.4723244800562334	45.0	4.0	58.0	30.0	2.4723244800562334	534	39	45	4	58	30	45	4	58	30	44	0	0.031247854232788086	26750	13.874053239822388	25	99.90654205607477	
2.4723244800562334	45.0	4.0	58.0	30.0	2.4723244800562334	535	39	45	4	58	30	45	4	58	30	44	0	0.015626907348632812	26800	13.88968014717102	25	99.90671641791045	
2.4723244800562334	45.0	4.0	58.0	30.0	2.4723244800562334	536	39	45	4	58	30	45	4	58	30	44	0	0.03124547004699707	26850	13.920925617218018	25	99.90689013035382	
2.4723244800562334	45.0	4.0	58.0	30.0	2.4723244800562334	537	39	45	4	58	30	45	4	58	30	44	0	0.015626907348632812	26900	13.93655252456665	25	99.90706319702602	
2.4723244800562334	45.0	4.0	58.0	30.0	2.4723244800562334	538	39	45	4	58	30	45	4	58	30	44	0	0.03124380111694336	26950	13.967796325683594	25	99.90723562152134	
2.4723244800562334	45.0	4.0	58.0	30.0	2.4723244800562334	539	39	45	4	58	30	45	4	58	30	44	0	0.01562356948852539	27000	13.98341989517212	25	99.9074074074074	
2.4723244800562334	45.0	4.0	58.0	30.0	2.4723244800562334	540	39	45	4	58	30	45	4	58	30	44	0	0.031249046325683594	27050	14.014668941497803	25	99.90757855822551	
2.4723244800562334	45.0	4.0	58.0	30.0	2.4723244800562334	541	39	45	4	58	30	45	4	58	30	44	0	0.015620708465576172	27100	14.030289649963379	25	99.90774907749078	
2.4723244800562334	45.0	4.0	58.0	30.0	2.4723244800562334	542	39	45	4	58	30	45	4	58	30	44	0	0.031248092651367188	27150	14.061537742614746	25	99.90791896869244	
2.4723244800562334	45.0	4.0	58.0	30.0	2.4723244800562334	543	39	45	4	58	30	45	4	58	30	44	0	0.03124856948852539	27200	14.092786312103271	25	99.90808823529412	
2.4723244800562334	45.0	4.0	58.0	30.0	2.4723244800562334	544	39	45	4	58	30	45	4	58	30	44	0	0.01562356948852539	27250	14.108409881591797	25	99.90825688073394	
2.4723244800562334	45.0	4.0	58.0	30.0	2.4723244800562334	545	39	45	4	58	30	45	4	58	30	44	0	0.015624046325683594	27300	14.12403392791748	25	99.9084249084249	
2.4723244800562334	45.0	4.0	58.0	30.0	2.4723244800562334	546	39	45	4	58	30	45	4	58	30	44	0	0.03124713897705078	27350	14.155281066894531	25	99.90859232175502	
2.4723244800562334	45.0	4.0	58.0	30.0	2.4723244800562334	547	39	45	4	58	30	45	4	58	30	44	0	0.03125	27400	14.186531066894531	25	99.9087591240876	
2.4723244800562334	45.0	4.0	58.0	30.0	2.4723244800562334	548	39	45	4	58	30	45	4	58	30	44	0	0.031246662139892578	27450	14.217777729034424	25	99.90892531876139	
2.4723244800562334	45.0	4.0	58.0	30.0	2.4723244800562334	549	39	45	4	58	30	45	4	58	30	44	0	0.015623331069946289	27500	14.23340106010437	25	99.9090909090909	
2.4723244800562334	45.0	4.0	58.0	30.0	2.4723244800562334	550	39	45	4	58	30	45	4	58	30	44	0	0.031248092651367188	27550	14.264649152755737	25	99.90925589836661	
2.4723244800562334	45.0	4.0	58.0	30.0	2.4723244800562334	551	39	45	4	58	30	45	4	58	30	44	0	0.03124713897705078	27600	14.295896291732788	25	99.90942028985508	
2.4723244800562334	45.0	4.0	58.0	30.0	2.4723244800562334	552	39	45	4	58	30	45	4	58	30	44	0	0.015624046325683594	27650	14.311520338058472	25	99.90958408679927	
2.4723244800562334	45.0	4.0	58.0	30.0	2.4723244800562334	553	39	45	4	58	30	45	4	58	30	44	0	0.031249046325683594	27700	14.342769384384155	25	99.90974729241877	
2.4723244800562334	45.0	4.0	58.0	30.0	2.4723244800562334	554	39	45	4	58	30	45	4	58	30	44	0	0.015622854232788086	27750	14.358392238616943	25	99.90990990990991	
2.4723244800562334	45.0	4.0	58.0	30.0	2.4723244800562334	555	39	45	4	58	30	45	4	58	30	44	0	0.015624523162841797	27800	14.374016761779785	25	99.91007194244604	
2.4723244800562334	45.0	4.0	58.0	30.0	2.4723244800562334	556	39	45	4	58	30	45	4	58	30	44	0	0.031247615814208984	27850	14.405264377593994	25	99.91023339317773	
2.4723244800562334	45.0	4.0	58.0	30.0	2.4723244800562334	557	39	45	4	58	30	45	4	58	30	44	0	0.015624046325683594	27900	14.420888423919678	25	99.91039426523298	
2.4723244800562334	45.0	4.0	58.0	30.0	2.4723244800562334	558	39	45	4	58	30	45	4	58	30	44	0	0.031247377395629883	27950	14.452135801315308	25	99.91055456171735	
2.4723244800562334	45.0	4.0	58.0	30.0	2.4723244800562334	559	39	45	4	58	30	45	4	58	30	44	0	0.031247615814208984	28000	14.483383417129517	25	99.91071428571429	
2.4723244800562334	45.0	4.0	58.0	30.0	2.4723244800562334	560	39	45	4	58	30	45	4	58	30	44	0	0.015624046325683594	28050	14.4990074634552	25	99.9108734402852	
2.4723244800562334	45.0	4.0	58.0	30.0	2.4723244800562334	561	39	45	4	58	30	45	4	58	30	44	0	0.031249523162841797	28100	14.530256986618042	25	99.91103202846975	
2.4723244800562334	45.0	4.0	58.0	30.0	2.4723244800562334	562	39	45	4	58	30	45	4	58	30	44	0	0.015622854232788086	28150	14.54587984085083	25	99.91119005328596	
2.4723244800562334	45.0	4.0	58.0	30.0	2.4723244800562334	563	39	45	4	58	30	45	4	58	30	44	0	0.03124833106994629	28200	14.577128171920776	25	99.91134751773049	
2.4723244800562334	45.0	4.0	58.0	30.0	2.4723244800562334	564	39	45	4	58	30	45	4	58	30	44	0	0.031246662139892578	28250	14.608374834060669	25	99.91150442477876	
2.4723244800562334	45.0	4.0	58.0	30.0	2.4723244800562334	565	39	45	4	58	30	45	4	58	30	44	0	0.0156252384185791	28300	14.624000072479248	25	99.91166077738517	
2.4723244800562334	45.0	4.0	58.0	30.0	2.4723244800562334	566	39	45	4	58	30	45	4	58	30	44	0	0.031249284744262695	28350	14.65524935722351	25	99.91181657848324	
2.4723244800562334	45.0	4.0	58.0	30.0	2.4723244800562334	567	39	45	4	58	30	45	4	58	30	44	0	0.031245708465576172	28400	14.686495065689087	25	99.91197183098592	
2.4723244800562334	45.0	4.0	58.0	30.0	2.4723244800562334	568	39	45	4	58	30	45	4	58	30	44	0	0.031247377395629883	28450	14.717742443084717	25	99.91212653778558	
2.4723244800562334	45.0	4.0	58.0	30.0	2.4723244800562334	569	39	45	4	58	30	45	4	58	30	44	0	0.015624284744262695	28500	14.73336672782898	25	99.91228070175438	
2.4723244800562334	45.0	4.0	58.0	30.0	2.4723244800562334	570	39	45	4	58	30	45	4	58	30	44	0	0.03124856948852539	28550	14.764615297317505	25	99.91243432574431	
2.4723244800562334	45.0	4.0	58.0	30.0	2.4723244800562334	571	39	45	4	58	30	45	4	58	30	44	0	0.015623092651367188	28600	14.780238389968872	25	99.91258741258741	
2.4723244800562334	45.0	4.0	58.0	30.0	2.4723244800562334	572	39	45	4	58	30	45	4	58	30	44	0	0.031247615814208984	28650	14.811486005783081	25	99.91273996509598	
2.4723244800562334	45.0	4.0	58.0	30.0	2.4723244800562334	573	39	45	4	58	30	45	4	58	30	44	0	0.03124856948852539	28700	14.842734575271606	25	99.91289198606272	
2.4723244800562334	45.0	4.0	58.0	30.0	2.4723244800562334	574	39	45	4	58	30	45	4	58	30	44	0	0.03124833106994629	28750	14.873982906341553	25	99.91304347826087	
2.4723244800562334	45.0	4.0	58.0	30.0	2.4723244800562334	575	39	45	4	58	30	45	4	58	30	44	0	0.015624523162841797	28800	14.889607429504395	25	99.91319444444444	
2.4723244800562334	45.0	4.0	58.0	30.0	2.4723244800562334	576	39	45	4	58	30	45	4	58	30	44	0	0.031249523162841797	28850	14.920856952667236	25	99.91334488734836	
2.4723244800562334	45.0	4.0	58.0	30.0	2.4723244800562334	577	39	45	4	58	30	45	4	58	30	44	0	0.015622138977050781	28900	14.936479091644287	25	99.91349480968859	
2.4723244800562334	45.0	4.0	58.0	30.0	2.4723244800562334	578	39	45	4	58	30	45	4	58	30	44	0	0.031246662139892578	28950	14.96772575378418	25	99.91364421416235	
2.4723244800562334	45.0	4.0	58.0	30.0	2.4723244800562334	579	39	45	4	58	30	45	4	58	30	44	0	0.031247854232788086	29000	14.998973608016968	25	99.91379310344827	
2.4723244800562334	45.0	4.0	58.0	30.0	2.4723244800562334	580	39	45	4	58	30	45	4	58	30	44	0	0.0	29050	14.998973608016968	25	99.91394148020655	
2.4723244800562334	45.0	4.0	58.0	30.0	2.4723244800562334	581	39	45	4	58	30	45	4	58	30	44	0	0.03125762939453125	29100	15.030231237411499	25	99.91408934707904	
2.4723244800562334	45.0	4.0	58.0	30.0	2.4723244800562334	582	39	45	4	58	30	45	4	58	30	44	0	0.015614986419677734	29150	15.045846223831177	25	99.91423670668954	
2.4723244800562334	45.0	4.0	58.0	30.0	2.4723244800562334	583	39	45	4	58	30	45	4	58	30	44	0	0.031247854232788086	29200	15.077094078063965	25	99.91438356164383	
2.4723244800562334	45.0	4.0	58.0	30.0	2.4723244800562334	584	39	45	4	58	30	45	4	58	30	44	0	0.031247854232788086	29250	15.108341932296753	25	99.91452991452991	
2.4723244800562334	45.0	4.0	58.0	30.0	2.4723244800562334	585	39	45	4	58	30	45	4	58	30	44	0	0.031247615814208984	29300	15.139589548110962	25	99.91467576791808	
2.4723244800562334	45.0	4.0	58.0	30.0	2.4723244800562334	586	39	45	4	58	30	45	4	58	30	44	0	0.015623807907104492	29350	15.155213356018066	25	99.91482112436115	
2.4723244800562334	45.0	4.0	58.0	30.0	2.4723244800562334	587	39	45	4	58	30	45	4	58	30	44	0	0.015623331069946289	29400	15.170836687088013	25	99.91496598639456	
2.4723244800562334	45.0	4.0	58.0	30.0	2.4723244800562334	588	39	45	4	58	30	45	4	58	30	44	0	0.015625	29450	15.186461687088013	25	99.9151103565365	
2.4723244800562334	45.0	4.0	58.0	30.0	2.4723244800562334	589	39	45	4	58	30	45	4	58	30	44	0	0.031247615814208984	29500	15.217709302902222	25	99.91525423728814	
2.4723244800562334	45.0	4.0	58.0	30.0	2.4723244800562334	590	39	45	4	58	30	45	4	58	30	44	0	0.015622854232788086	29550	15.23333215713501	25	99.91539763113367	
2.4723244800562334	45.0	4.0	58.0	30.0	2.4723244800562334	591	39	45	4	58	30	45	4	58	30	44	0	0.015624284744262695	29600	15.248956441879272	25	99.91554054054055	
2.4723244800562334	45.0	4.0	58.0	30.0	2.4723244800562334	592	39	45	4	58	30	45	4	58	30	44	0	0.03124833106994629	29650	15.280204772949219	25	99.91568296795953	
2.4723244800562334	45.0	4.0	58.0	30.0	2.4723244800562334	593	39	45	4	58	30	45	4	58	30	44	0	0.0156252384185791	29700	15.295830011367798	25	99.91582491582491	
2.4723244800562334	45.0	4.0	58.0	30.0	2.4723244800562334	594	39	45	4	58	30	45	4	58	30	44	0	0.031246423721313477	29750	15.327076435089111	25	99.91596638655462	
2.4723244800562334	45.0	4.0	58.0	30.0	2.4723244800562334	595	39	45	4	58	30	45	4	58	30	44	0	0.015624284744262695	29800	15.342700719833374	25	99.91610738255034	
2.4723244800562334	45.0	4.0	58.0	30.0	2.4723244800562334	596	39	45	4	58	30	45	4	58	30	44	0	0.03124690055847168	29850	15.373947620391846	25	99.91624790619765	
2.4723244800562334	45.0	4.0	58.0	30.0	2.4723244800562334	597	39	45	4	58	30	45	4	58	30	44	0	0.031247854232788086	29900	15.405195474624634	25	99.91638795986623	
2.4723244800562334	45.0	4.0	58.0	30.0	2.4723244800562334	598	39	45	4	58	30	45	4	58	30	44	0	0.0312497615814209	29950	15.436445236206055	25	99.91652754590984	
2.4723244800562334	45.0	4.0	58.0	30.0	2.4723244800562334	599	39	45	4	58	30	45	4	58	30	44	0	0.031246423721313477	30000	15.467691659927368	25	99.91666666666667	
2.4723244800562334	45.0	4.0	58.0	30.0	2.4723244800562334	600	39	45	4	58	30	45	4	58	30	44	0	0.04687142372131348	30050	15.514563083648682	25	99.91680532445923	
2.4723244800562334	45.0	4.0	58.0	30.0	2.4723244800562334	601	39	45	4	58	30	45	4	58	30	44	0	0.015623807907104492	30100	15.530186891555786	25	99.91694352159469	
2.4723244800562334	45.0	4.0	58.0	30.0	2.4723244800562334	602	39	45	4	58	30	45	4	58	30	44	0	0.031249284744262695	30150	15.561436176300049	25	99.91708126036484	
2.4723244800562334	45.0	4.0	58.0	30.0	2.4723244800562334	603	39	45	4	58	30	45	4	58	30	44	0	0.015622854232788086	30200	15.577059030532837	25	99.91721854304636	
2.4723244800562334	45.0	4.0	58.0	30.0	2.4723244800562334	604	39	45	4	58	30	45	4	58	30	44	0	0.015624284744262695	30250	15.5926833152771	25	99.91735537190083	
2.4723244800562334	45.0	4.0	58.0	30.0	2.4723244800562334	605	39	45	4	58	30	45	4	58	30	44	0	0.01562356948852539	30300	15.608306884765625	25	99.91749174917491	
2.4723244800562334	45.0	4.0	58.0	30.0	2.4723244800562334	606	39	45	4	58	30	45	4	58	30	44	0	0.03124856948852539	30350	15.63955545425415	25	99.9176276771005	
2.4723244800562334	45.0	4.0	58.0	30.0	2.4723244800562334	607	39	45	4	58	30	45	4	58	30	44	0	0.015623092651367188	30400	15.655178546905518	25	99.91776315789474	
2.4723244800562334	45.0	4.0	58.0	30.0	2.4723244800562334	608	39	45	4	58	30	45	4	58	30	44	0	0.031248092651367188	30450	15.686426639556885	25	99.91789819376027	
2.4723244800562334	45.0	4.0	58.0	30.0	2.4723244800562334	609	39	45	4	58	30	45	4	58	30	44	0	0.015624046325683594	30500	15.702050685882568	25	99.91803278688525	
2.4723244800562334	45.0	4.0	58.0	30.0	2.4723244800562334	610	39	45	4	58	30	45	4	58	30	44	0	0.031249046325683594	30550	15.733299732208252	25	99.91816693944354	
2.4723244800562334	45.0	4.0	58.0	30.0	2.4723244800562334	611	39	45	4	58	30	45	4	58	30	44	0	0.031246185302734375	30600	15.764545917510986	25	99.91830065359477	
2.4723244800562334	45.0	4.0	58.0	30.0	2.4723244800562334	612	39	45	4	58	30	45	4	58	30	44	0	0.015624523162841797	30650	15.780170440673828	25	99.9184339314845	
2.4723244800562334	45.0	4.0	58.0	30.0	2.4723244800562334	613	39	45	4	58	30	45	4	58	30	44	0	0.03124690055847168	30700	15.8114173412323	25	99.9185667752443	
2.4723244800562334	45.0	4.0	58.0	30.0	2.4723244800562334	614	39	45	4	58	30	45	4	58	30	44	0	0.031248807907104492	30750	15.842666149139404	25	99.91869918699187	
2.4723244800562334	45.0	4.0	58.0	30.0	2.4723244800562334	615	39	45	4	58	30	45	4	58	30	44	0	0.03124856948852539	30800	15.87391471862793	25	99.91883116883118	
2.4723244800562334	45.0	4.0	58.0	30.0	2.4723244800562334	616	39	45	4	58	30	45	4	58	30	44	0	0.01562356948852539	30850	15.889538288116455	25	99.91896272285251	
2.4723244800562334	45.0	4.0	58.0	30.0	2.4723244800562334	617	39	45	4	58	30	45	4	58	30	44	0	0.03124690055847168	30900	15.920785188674927	25	99.91909385113269	
2.4723244800562334	45.0	4.0	58.0	30.0	2.4723244800562334	618	39	45	4	58	30	45	4	58	30	44	0	0.015624523162841797	30950	15.936409711837769	25	99.91922455573506	
2.4723244800562334	45.0	4.0	58.0	30.0	2.4723244800562334	619	39	45	4	58	30	45	4	58	30	44	0	0.015624046325683594	31000	15.952033758163452	25	99.91935483870968	
2.4723244800562334	45.0	4.0	58.0	30.0	2.4723244800562334	620	39	45	4	58	30	45	4	58	30	44	0	0.015624284744262695	31050	15.967658042907715	25	99.9194847020934	
2.4723244800562334	45.0	4.0	58.0	30.0	2.4723244800562334	621	39	45	4	58	30	45	4	58	30	44	0	0.03124833106994629	31100	15.998906373977661	25	99.91961414790997	
2.4723244800562334	45.0	4.0	58.0	30.0	2.4723244800562334	622	39	45	4	58	30	45	4	58	30	44	0	0.015622854232788086	31150	16.01452922821045	25	99.91974317817015	
2.4723244800562334	45.0	4.0	58.0	30.0	2.4723244800562334	623	39	45	4	58	30	45	4	58	30	44	0	0.031249046325683594	31200	16.045778274536133	25	99.9198717948718	
2.4723244800562334	45.0	4.0	58.0	30.0	2.4723244800562334	624	39	45	4	58	30	45	4	58	30	44	0	0.015623807907104492	31250	16.061402082443237	25	99.92	
2.4723244800562334	45.0	4.0	58.0	30.0	2.4723244800562334	625	39	45	4	58	30	45	4	58	30	44	0	0.031247615814208984	31300	16.092649698257446	25	99.92012779552715	
2.4723244800562334	45.0	4.0	58.0	30.0	2.4723244800562334	626	39	45	4	58	30	45	4	58	30	44	0	0.015623331069946289	31350	16.108273029327393	25	99.92025518341308	
2.4723244800562334	45.0	4.0	58.0	30.0	2.4723244800562334	627	39	45	4	58	30	45	4	58	30	44	0	0.03124713897705078	31400	16.139520168304443	25	99.92038216560509	
2.4723244800562334	45.0	4.0	58.0	30.0	2.4723244800562334	628	39	45	4	58	30	45	4	58	30	44	0	0.03124856948852539	31450	16.17076873779297	25	99.92050874403816	
2.4723244800562334	45.0	4.0	58.0	30.0	2.4723244800562334	629	39	45	4	58	30	45	4	58	30	44	0	0.031247377395629883	31500	16.2020161151886	25	99.92063492063492	
2.4723244800562334	45.0	4.0	58.0	30.0	2.4723244800562334	630	39	45	4	58	30	45	4	58	30	44	0	0.015624761581420898	31550	16.21764087677002	25	99.92076069730587	
2.4723244800562334	45.0	4.0	58.0	30.0	2.4723244800562334	631	39	45	4	58	30	45	4	58	30	44	0	0.015624046325683594	31600	16.233264923095703	25	99.92088607594937	
2.4723244800562334	45.0	4.0	58.0	30.0	2.4723244800562334	632	39	45	4	58	30	45	4	58	30	44	0	0.031248092651367188	31650	16.26451301574707	25	99.92101105845181	
2.4723244800562334	45.0	4.0	58.0	30.0	2.4723244800562334	633	39	45	4	58	30	45	4	58	30	44	0	0.031247377395629883	31700	16.2957603931427	25	99.9211356466877	
2.4723244800562334	45.0	4.0	58.0	30.0	2.4723244800562334	634	39	45	4	58	30	45	4	58	30	44	0	0.015624046325683594	31750	16.311384439468384	25	99.92125984251969	
2.4723244800562334	45.0	4.0	58.0	30.0	2.4723244800562334	635	39	45	4	58	30	45	4	58	30	44	0	0.03124690055847168	31800	16.342631340026855	25	99.92138364779875	
2.4723244800562334	45.0	4.0	58.0	30.0	2.4723244800562334	636	39	45	4	58	30	45	4	58	30	44	0	0.015625476837158203	31850	16.358256816864014	25	99.9215070643642	
2.4723244800562334	45.0	4.0	58.0	30.0	2.4723244800562334	637	39	45	4	58	30	45	4	58	30	44	0	0.03124690055847168	31900	16.389503717422485	25	99.92163009404389	
2.4723244800562334	45.0	4.0	58.0	30.0	2.4723244800562334	638	39	45	4	58	30	45	4	58	30	44	0	0.015624046325683594	31950	16.40512776374817	25	99.92175273865415	
2.4723244800562334	45.0	4.0	58.0	30.0	2.4723244800562334	639	39	45	4	58	30	45	4	58	30	44	0	0.031247854232788086	32000	16.436375617980957	25	99.921875	
2.4723244800562334	45.0	4.0	58.0	30.0	2.4723244800562334	640	39	45	4	58	30	45	4	58	30	44	0	0.01562356948852539	32050	16.451999187469482	25	99.9219968798752	
2.4723244800562334	45.0	4.0	58.0	30.0	2.4723244800562334	641	39	45	4	58	30	45	4	58	30	44	0	0.04687309265136719	32100	16.49887228012085	25	99.9221183800623	
2.4723244800562334	45.0	4.0	58.0	30.0	2.4723244800562334	642	39	45	4	58	30	45	4	58	30	44	0	0.015623807907104492	32150	16.514496088027954	25	99.92223950233281	
2.4723244800562334	45.0	4.0	58.0	30.0	2.4723244800562334	643	39	45	4	58	30	45	4	58	30	44	0	0.015623092651367188	32200	16.53011918067932	25	99.9223602484472	
2.4723244800562334	45.0	4.0	58.0	30.0	2.4723244800562334	644	39	45	4	58	30	45	4	58	30	44	0	0.015625	32250	16.54574418067932	25	99.92248062015504	
2.4723244800562334	45.0	4.0	58.0	30.0	2.4723244800562334	645	39	45	4	58	30	45	4	58	30	44	0	0.015623807907104492	32300	16.561367988586426	25	99.92260061919505	
2.4723244800562334	45.0	4.0	58.0	30.0	2.4723244800562334	646	39	45	4	58	30	45	4	58	30	44	0	0.015623331069946289	32350	16.576991319656372	25	99.9227202472952	
2.4723244800562334	45.0	4.0	58.0	30.0	2.4723244800562334	647	39	45	4	58	30	45	4	58	30	44	0	0.015624046325683594	32400	16.592615365982056	25	99.92283950617283	
2.4723244800562334	45.0	4.0	58.0	30.0	2.4723244800562334	648	39	45	4	58	30	45	4	58	30	44	0	0.015623092651367188	32450	16.608238458633423	25	99.92295839753467	
2.4723244800562334	45.0	4.0	58.0	30.0	2.4723244800562334	649	39	45	4	58	30	45	4	58	30	44	0	0.015624523162841797	32500	16.623862981796265	25	99.92307692307692	
2.4723244800562334	45.0	4.0	58.0	30.0	2.4723244800562334	650	39	45	4	58	30	45	4	58	30	44	0	0.03124713897705078	32550	16.655110120773315	25	99.92319508448541	
2.4723244800562334	45.0	4.0	58.0	30.0	2.4723244800562334	651	39	45	4	58	30	45	4	58	30	44	0	0.031247377395629883	32600	16.686357498168945	25	99.92331288343559	
2.4723244800562334	45.0	4.0	58.0	30.0	2.4723244800562334	652	39	45	4	58	30	45	4	58	30	44	0	0.015624523162841797	32650	16.701982021331787	25	99.92343032159265	
2.4723244800562334	45.0	4.0	58.0	30.0	2.4723244800562334	653	39	45	4	58	30	45	4	58	30	44	0	0.031248807907104492	32700	16.73323082923889	25	99.92354740061162	
2.4723244800562334	45.0	4.0	58.0	30.0	2.4723244800562334	654	39	45	4	58	30	45	4	58	30	44	0	0.015622854232788086	32750	16.74885368347168	25	99.92366412213741	
2.4723244800562334	45.0	4.0	58.0	30.0	2.4723244800562334	655	39	45	4	58	30	45	4	58	30	44	0	0.031248092651367188	32800	16.780101776123047	25	99.92378048780488	
2.4723244800562334	45.0	4.0	58.0	30.0	2.4723244800562334	656	39	45	4	58	30	45	4	58	30	44	0	0.031248092651367188	32850	16.811349868774414	25	99.92389649923896	
2.4723244800562334	45.0	4.0	58.0	30.0	2.4723244800562334	657	39	45	4	58	30	45	4	58	30	44	0	0.015624761581420898	32900	16.826974630355835	25	99.92401215805471	
2.4723244800562334	45.0	4.0	58.0	30.0	2.4723244800562334	658	39	45	4	58	30	45	4	58	30	44	0	0.031246662139892578	32950	16.858221292495728	25	99.92412746585735	
2.4723244800562334	45.0	4.0	58.0	30.0	2.4723244800562334	659	39	45	4	58	30	45	4	58	30	44	0	0.03124856948852539	33000	16.889469861984253	25	99.92424242424242	
2.4723244800562334	45.0	4.0	58.0	30.0	2.4723244800562334	660	39	45	4	58	30	45	4	58	30	44	0	0.015623331069946289	33050	16.9050931930542	25	99.92435703479576	
2.4723244800562334	45.0	4.0	58.0	30.0	2.4723244800562334	661	39	45	4	58	30	45	4	58	30	44	0	0.03124833106994629	33100	16.936341524124146	25	99.92447129909365	
2.4723244800562334	45.0	4.0	58.0	30.0	2.4723244800562334	662	39	45	4	58	30	45	4	58	30	44	0	0.01562356948852539	33150	16.95196509361267	25	99.92458521870286	
2.4723244800562334	45.0	4.0	58.0	30.0	2.4723244800562334	663	39	45	4	58	30	45	4	58	30	44	0	0.015624046325683594	33200	16.967589139938354	25	99.92469879518072	
2.4723244800562334	45.0	4.0	58.0	30.0	2.4723244800562334	664	39	45	4	58	30	45	4	58	30	44	0	0.03124833106994629	33250	16.9988374710083	25	99.92481203007519	
2.4723244800562334	45.0	4.0	58.0	30.0	2.4723244800562334	665	39	45	4	58	30	45	4	58	30	44	0	0.015622854232788086	33300	17.01446032524109	25	99.92492492492492	
2.4723244800562334	45.0	4.0	58.0	30.0	2.4723244800562334	666	39	45	4	58	30	45	4	58	30	44	0	0.015625	33350	17.03008532524109	25	99.92503748125937	
2.4723244800562334	45.0	4.0	58.0	30.0	2.4723244800562334	667	39	45	4	58	30	45	4	58	30	44	0	0.031249046325683594	33400	17.061334371566772	25	99.92514970059881	
2.4723244800562334	45.0	4.0	58.0	30.0	2.4723244800562334	668	39	45	4	58	30	45	4	58	30	44	0	0.031246662139892578	33450	17.092581033706665	25	99.9252615844544	
2.4723244800562334	45.0	4.0	58.0	30.0	2.4723244800562334	669	39	45	4	58	30	45	4	58	30	44	0	0.0156252384185791	33500	17.108206272125244	25	99.92537313432835	
2.4723244800562334	45.0	4.0	58.0	30.0	2.4723244800562334	670	39	45	4	58	30	45	4	58	30	44	0	0.031245946884155273	33550	17.1394522190094	25	99.92548435171386	
2.4723244800562334	45.0	4.0	58.0	30.0	2.4723244800562334	671	39	45	4	58	30	45	4	58	30	44	0	0.015623092651367188	33600	17.155075311660767	25	99.92559523809524	
2.4723244800562334	45.0	4.0	58.0	30.0	2.4723244800562334	672	39	45	4	58	30	45	4	58	30	44	0	0.031247615814208984	33650	17.186322927474976	25	99.92570579494799	
2.4723244800562334	45.0	4.0	58.0	30.0	2.4723244800562334	673	39	45	4	58	30	45	4	58	30	44	0	0.0312497615814209	33700	17.217572689056396	25	99.92581602373888	
2.4723244800562334	45.0	4.0	58.0	30.0	2.4723244800562334	674	39	45	4	58	30	45	4	58	30	44	0	0.015623331069946289	33750	17.233196020126343	25	99.92592592592592	
2.4723244800562334	45.0	4.0	58.0	30.0	2.4723244800562334	675	39	45	4	58	30	45	4	58	30	44	0	0.031247615814208984	33800	17.26444363594055	25	99.92603550295858	
2.4723244800562334	45.0	4.0	58.0	30.0	2.4723244800562334	676	39	45	4	58	30	45	4	58	30	44	0	0.015624523162841797	33850	17.280068159103394	25	99.9261447562777	
2.4723244800562334	45.0	4.0	58.0	30.0	2.4723244800562334	677	39	45	4	58	30	45	4	58	30	44	0	0.031246185302734375	33900	17.311314344406128	25	99.92625368731564	
2.4723244800562334	45.0	4.0	58.0	30.0	2.4723244800562334	678	39	45	4	58	30	45	4	58	30	44	0	0.015624523162841797	33950	17.32693886756897	25	99.92636229749631	
2.4723244800562334	45.0	4.0	58.0	30.0	2.4723244800562334	679	39	45	4	58	30	45	4	58	30	44	0	0.031249284744262695	34000	17.358188152313232	25	99.92647058823529	
2.4723244800562334	45.0	4.0	58.0	30.0	2.4723244800562334	680	39	45	4	58	30	45	4	58	30	44	0	0.031246185302734375	34050	17.389434337615967	25	99.92657856093979	
2.4723244800562334	45.0	4.0	58.0	30.0	2.4723244800562334	681	39	45	4	58	30	45	4	58	30	44	0	0.015625715255737305	34100	17.405060052871704	25	99.9266862170088	
2.4723244800562334	45.0	4.0	58.0	30.0	2.4723244800562334	682	39	45	4	58	30	45	4	58	30	44	0	0.031245946884155273	34150	17.43630599975586	25	99.9267935578331	
2.4723244800562334	45.0	4.0	58.0	30.0	2.4723244800562334	683	39	45	4	58	30	45	4	58	30	44	0	0.015624046325683594	34200	17.451930046081543	25	99.92690058479532	
2.4723244800562334	45.0	4.0	58.0	30.0	2.4723244800562334	684	39	45	4	58	30	45	4	58	30	44	0	0.03124833106994629	34250	17.48317837715149	25	99.92700729927007	
2.4723244800562334	45.0	4.0	58.0	30.0	2.4723244800562334	685	39	45	4	58	30	45	4	58	30	44	0	0.03124713897705078	34300	17.51442551612854	25	99.92711370262391	
2.4723244800562334	45.0	4.0	58.0	30.0	2.4723244800562334	686	39	45	4	58	30	45	4	58	30	44	0	0.015625953674316406	34350	17.530051469802856	25	99.92721979621543	
2.4723244800562334	45.0	4.0	58.0	30.0	2.4723244800562334	687	39	45	4	58	30	45	4	58	30	44	0	0.031246185302734375	34400	17.56129765510559	25	99.92732558139535	
2.4723244800562334	45.0	4.0	58.0	30.0	2.4723244800562334	688	39	45	4	58	30	45	4	58	30	44	0	0.015624046325683594	34450	17.576921701431274	25	99.92743105950653	
2.4723244800562334	45.0	4.0	58.0	30.0	2.4723244800562334	689	39	45	4	58	30	45	4	58	30	44	0	0.031247854232788086	34500	17.608169555664062	25	99.92753623188406	
2.4723244800562334	45.0	4.0	58.0	30.0	2.4723244800562334	690	39	45	4	58	30	45	4	58	30	44	0	0.015624284744262695	34550	17.623793840408325	25	99.92764109985528	
2.4723244800562334	45.0	4.0	58.0	30.0	2.4723244800562334	691	39	45	4	58	30	45	4	58	30	44	0	0.03124713897705078	34600	17.655040979385376	25	99.92774566473989	
2.4723244800562334	45.0	4.0	58.0	30.0	2.4723244800562334	692	39	45	4	58	30	45	4	58	30	44	0	0.015624761581420898	34650	17.670665740966797	25	99.92784992784993	
2.4723244800562334	45.0	4.0	58.0	30.0	2.4723244800562334	693	39	45	4	58	30	45	4	58	30	44	0	0.03124856948852539	34700	17.701914310455322	25	99.92795389048992	
2.4723244800562334	45.0	4.0	58.0	30.0	2.4723244800562334	694	39	45	4	58	30	45	4	58	30	44	0	0.031246185302734375	34750	17.733160495758057	25	99.92805755395683	
2.4723244800562334	45.0	4.0	58.0	30.0	2.4723244800562334	695	39	45	4	58	30	45	4	58	30	44	0	0.03124833106994629	34800	17.764408826828003	25	99.92816091954023	
2.4723244800562334	45.0	4.0	58.0	30.0	2.4723244800562334	696	39	45	4	58	30	45	4	58	30	44	0	0.0312497615814209	34850	17.795658588409424	25	99.92826398852223	
2.4723244800562334	45.0	4.0	58.0	30.0	2.4723244800562334	697	39	45	4	58	30	45	4	58	30	44	0	0.015622377395629883	34900	17.811280965805054	25	99.92836676217765	
2.4723244800562334	45.0	4.0	58.0	30.0	2.4723244800562334	698	39	45	4	58	30	45	4	58	30	44	0	0.03124856948852539	34950	17.84252953529358	25	99.92846924177397	
2.4723244800562334	45.0	4.0	58.0	30.0	2.4723244800562334	699	39	45	4	58	30	45	4	58	30	44	0	0.015623807907104492	35000	17.858153343200684	25	99.92857142857143	
2.4723244800562334	45.0	4.0	58.0	30.0	2.4723244800562334	700	39	45	4	58	30	45	4	58	30	44	0	0.031248092651367188	35050	17.88940143585205	25	99.9286733238231	
2.4723244800562334	45.0	4.0	58.0	30.0	2.4723244800562334	701	39	45	4	58	30	45	4	58	30	44	0	0.031246662139892578	35100	17.920648097991943	25	99.92877492877493	
2.4723244800562334	45.0	4.0	58.0	30.0	2.4723244800562334	702	39	45	4	58	30	45	4	58	30	44	0	0.015623807907104492	35150	17.936271905899048	25	99.92887624466572	
2.4723244800562334	45.0	4.0	58.0	30.0	2.4723244800562334	703	39	45	4	58	30	45	4	58	30	44	0	0.031249046325683594	35200	17.96752095222473	25	99.92897727272727	
2.4723244800562334	45.0	4.0	58.0	30.0	2.4723244800562334	704	39	45	4	58	30	45	4	58	30	44	0	0.015623331069946289	35250	17.983144283294678	25	99.9290780141844	
2.4723244800562334	45.0	4.0	58.0	30.0	2.4723244800562334	705	39	45	4	58	30	45	4	58	30	44	0	0.031247615814208984	35300	18.014391899108887	25	99.92917847025495	
2.4723244800562334	45.0	4.0	58.0	30.0	2.4723244800562334	706	39	45	4	58	30	45	4	58	30	44	0	0.015623807907104492	35350	18.03001570701599	25	99.92927864214992	
2.4723244800562334	45.0	4.0	58.0	30.0	2.4723244800562334	707	39	45	4	58	30	45	4	58	30	44	0	0.03124833106994629	35400	18.061264038085938	25	99.92937853107344	
2.4723244800562334	45.0	4.0	58.0	30.0	2.4723244800562334	708	39	45	4	58	30	45	4	58	30	44	0	0.01562356948852539	35450	18.076887607574463	25	99.92947813822285	
2.4723244800562334	45.0	4.0	58.0	30.0	2.4723244800562334	709	39	45	4	58	30	45	4	58	30	44	0	0.01562356948852539	35500	18.09251117706299	25	99.92957746478874	
2.4723244800562334	45.0	4.0	58.0	30.0	2.4723244800562334	710	39	45	4	58	30	45	4	58	30	44	0	0.03124856948852539	35550	18.123759746551514	25	99.929676511955	
2.4723244800562334	45.0	4.0	58.0	30.0	2.4723244800562334	711	39	45	4	58	30	45	4	58	30	44	0	0.01562356948852539	35600	18.13938331604004	25	99.92977528089888	
2.4723244800562334	45.0	4.0	58.0	30.0	2.4723244800562334	712	39	45	4	58	30	45	4	58	30	44	0	0.031248092651367188	35650	18.170631408691406	25	99.92987377279103	
2.4723244800562334	45.0	4.0	58.0	30.0	2.4723244800562334	713	39	45	4	58	30	45	4	58	30	44	0	0.031249046325683594	35700	18.20188045501709	25	99.92997198879551	
2.4723244800562334	45.0	4.0	58.0	30.0	2.4723244800562334	714	39	45	4	58	30	45	4	58	30	44	0	0.015622377395629883	35750	18.21750283241272	25	99.93006993006993	
2.4723244800562334	45.0	4.0	58.0	30.0	2.4723244800562334	715	39	45	4	58	30	45	4	58	30	44	0	0.031247854232788086	35800	18.248750686645508	25	99.93016759776536	
2.4723244800562334	45.0	4.0	58.0	30.0	2.4723244800562334	716	39	45	4	58	30	45	4	58	30	44	0	0.015624523162841797	35850	18.26437520980835	25	99.9302649930265	
2.4723244800562334	45.0	4.0	58.0	30.0	2.4723244800562334	717	39	45	4	58	30	45	4	58	30	44	0	0.031247377395629883	35900	18.29562258720398	25	99.93036211699165	
2.4723244800562334	45.0	4.0	58.0	30.0	2.4723244800562334	718	39	45	4	58	30	45	4	58	30	44	0	0.031247615814208984	35950	18.32687020301819	25	99.93045897079277	
2.4723244800562334	45.0	4.0	58.0	30.0	2.4723244800562334	719	39	45	4	58	30	45	4	58	30	44	0	0.015624284744262695	36000	18.34249448776245	25	99.93055555555556	
2.4723244800562334	45.0	4.0	58.0	30.0	2.4723244800562334	720	39	45	4	58	30	45	4	58	30	44	0	0.03124856948852539	36050	18.373743057250977	25	99.93065187239945	
2.4723244800562334	45.0	4.0	58.0	30.0	2.4723244800562334	721	39	45	4	58	30	45	4	58	30	44	0	0.03124856948852539	36100	18.404991626739502	25	99.93074792243767	
2.4723244800562334	45.0	4.0	58.0	30.0	2.4723244800562334	722	39	45	4	58	30	45	4	58	30	44	0	0.015622615814208984	36150	18.42061424255371	25	99.93084370677731	
2.4723244800562334	45.0	4.0	58.0	30.0	2.4723244800562334	723	39	45	4	58	30	45	4	58	30	44	0	0.015623807907104492	36200	18.436238050460815	25	99.93093922651934	
2.4723244800562334	45.0	4.0	58.0	30.0	2.4723244800562334	724	39	45	4	58	30	45	4	58	30	44	0	0.031247615814208984	36250	18.467485666275024	25	99.93103448275862	
2.4723244800562334	45.0	4.0	58.0	30.0	2.4723244800562334	725	39	45	4	58	30	45	4	58	30	44	0	0.015624284744262695	36300	18.483109951019287	25	99.93112947658402	
2.4723244800562334	45.0	4.0	58.0	30.0	2.4723244800562334	726	39	45	4	58	30	45	4	58	30	44	0	0.031249284744262695	36350	18.51435923576355	25	99.93122420907841	
2.4723244800562334	45.0	4.0	58.0	30.0	2.4723244800562334	727	39	45	4	58	30	45	4	58	30	44	0	0.01562356948852539	36400	18.529982805252075	25	99.93131868131869	
2.4723244800562334	45.0	4.0	58.0	30.0	2.4723244800562334	728	39	45	4	58	30	45	4	58	30	44	0	0.015622615814208984	36450	18.545605421066284	25	99.93141289437585	
2.4723244800562334	45.0	4.0	58.0	30.0	2.4723244800562334	729	39	45	4	58	30	45	4	58	30	44	0	0.0156252384185791	36500	18.561230659484863	25	99.93150684931507	
2.4723244800562334	45.0	4.0	58.0	30.0	2.4723244800562334	730	39	45	4	58	30	45	4	58	30	44	0	0.03124690055847168	36550	18.592477560043335	25	99.93160054719563	
2.4723244800562334	45.0	4.0	58.0	30.0	2.4723244800562334	731	39	45	4	58	30	45	4	58	30	44	0	0.01562356948852539	36600	18.60810112953186	25	99.93169398907104	
2.4723244800562334	45.0	4.0	58.0	30.0	2.4723244800562334	732	39	45	4	58	30	45	4	58	30	44	0	0.015624046325683594	36650	18.623725175857544	25	99.93178717598909	
2.4723244800562334	45.0	4.0	58.0	30.0	2.4723244800562334	733	39	45	4	58	30	45	4	58	30	44	0	0.03124833106994629	36700	18.65497350692749	25	99.93188010899182	
2.4723244800562334	45.0	4.0	58.0	30.0	2.4723244800562334	734	39	45	4	58	30	45	4	58	30	44	0	0.031247615814208984	36750	18.6862211227417	25	99.93197278911565	
2.4723244800562334	45.0	4.0	58.0	30.0	2.4723244800562334	735	39	45	4	58	30	45	4	58	30	44	0	0.015624523162841797	36800	18.70184564590454	25	99.9320652173913	
2.4723244800562334	45.0	4.0	58.0	30.0	2.4723244800562334	736	39	45	4	58	30	45	4	58	30	44	0	0.015623331069946289	36850	18.717468976974487	25	99.93215739484395	
2.4723244800562334	45.0	4.0	58.0	30.0	2.4723244800562334	737	39	45	4	58	30	45	4	58	30	44	0	0.01562356948852539	36900	18.733092546463013	25	99.93224932249322	
2.4723244800562334	45.0	4.0	58.0	30.0	2.4723244800562334	738	39	45	4	58	30	45	4	58	30	44	0	0.03124856948852539	36950	18.764341115951538	25	99.93234100135318	
2.4723244800562334	45.0	4.0	58.0	30.0	2.4723244800562334	739	39	45	4	58	30	45	4	58	30	44	0	0.031247377395629883	37000	18.795588493347168	25	99.93243243243244	
2.4723244800562334	45.0	4.0	58.0	30.0	2.4723244800562334	740	39	45	4	58	30	45	4	58	30	44	0	0.015624761581420898	37050	18.81121325492859	25	99.93252361673414	
2.4723244800562334	45.0	4.0	58.0	30.0	2.4723244800562334	741	39	45	4	58	30	45	4	58	30	44	0	0.015623331069946289	37100	18.826836585998535	25	99.93261455525607	
2.4723244800562334	45.0	4.0	58.0	30.0	2.4723244800562334	742	39	45	4	58	30	45	4	58	30	44	0	0.031247377395629883	37150	18.858083963394165	25	99.93270524899057	
2.4723244800562334	45.0	4.0	58.0	30.0	2.4723244800562334	743	39	45	4	58	30	45	4	58	30	44	0	0.015624284744262695	37200	18.873708248138428	25	99.93279569892474	
2.4723244800562334	45.0	4.0	58.0	30.0	2.4723244800562334	744	39	45	4	58	30	45	4	58	30	44	0	0.031247377395629883	37250	18.904955625534058	25	99.93288590604027	
2.4723244800562334	45.0	4.0	58.0	30.0	2.4723244800562334	745	39	45	4	58	30	45	4	58	30	44	0	0.015625476837158203	37300	18.920581102371216	25	99.93297587131367	
2.4723244800562334	45.0	4.0	58.0	30.0	2.4723244800562334	746	39	45	4	58	30	45	4	58	30	44	0	0.031247854232788086	37350	18.951828956604004	25	99.9330655957162	
2.4723244800562334	45.0	4.0	58.0	30.0	2.4723244800562334	747	39	45	4	58	30	45	4	58	30	44	0	0.015623331069946289	37400	18.96745228767395	25	99.93315508021391	
2.4723244800562334	45.0	4.0	58.0	30.0	2.4723244800562334	748	39	45	4	58	30	45	4	58	30	44	0	0.03124713897705078	37450	18.998699426651	25	99.93324432576769	
2.4723244800562334	45.0	4.0	58.0	30.0	2.4723244800562334	749	39	45	4	58	30	45	4	58	30	44	0	0.015625953674316406	37500	19.014325380325317	25	99.93333333333334	
2.4723244800562334	45.0	4.0	58.0	30.0	2.4723244800562334	750	39	45	4	58	30	45	4	58	30	44	0	0.03124547004699707	37550	19.045570850372314	25	99.93342210386152	
2.4723244800562334	45.0	4.0	58.0	30.0	2.4723244800562334	751	39	45	4	58	30	45	4	58	30	44	0	0.03124833106994629	37600	19.07681918144226	25	99.93351063829788	
2.4723244800562334	45.0	4.0	58.0	30.0	2.4723244800562334	752	39	45	4	58	30	45	4	58	30	44	0	0.031247615814208984	37650	19.10806679725647	25	99.933598937583	
2.4723244800562334	45.0	4.0	58.0	30.0	2.4723244800562334	753	39	45	4	58	30	45	4	58	30	44	0	0.031248092651367188	37700	19.139314889907837	25	99.93368700265252	
2.4723244800562334	45.0	4.0	58.0	30.0	2.4723244800562334	754	39	45	4	58	30	45	4	58	30	44	0	0.015624046325683594	37750	19.15493893623352	25	99.93377483443709	
2.4723244800562334	45.0	4.0	58.0	30.0	2.4723244800562334	755	39	45	4	58	30	45	4	58	30	44	0	0.031247615814208984	37800	19.18618655204773	25	99.93386243386243	
2.4723244800562334	45.0	4.0	58.0	30.0	2.4723244800562334	756	39	45	4	58	30	45	4	58	30	44	0	0.015625	37850	19.20181155204773	25	99.93394980184941	
2.4723244800562334	45.0	4.0	58.0	30.0	2.4723244800562334	757	39	45	4	58	30	45	4	58	30	44	0	0.031247615814208984	37900	19.23305916786194	25	99.93403693931398	
2.4723244800562334	45.0	4.0	58.0	30.0	2.4723244800562334	758	39	45	4	58	30	45	4	58	30	44	0	0.015622854232788086	37950	19.248682022094727	25	99.93412384716733	
2.4723244800562334	45.0	4.0	58.0	30.0	2.4723244800562334	759	39	45	4	58	30	45	4	58	30	44	0	0.031248092651367188	38000	19.279930114746094	25	99.9342105263158	
2.4723244800562334	45.0	4.0	58.0	30.0	2.4723244800562334	760	39	45	4	58	30	45	4	58	30	44	0	0.0156252384185791	38050	19.295555353164673	25	99.93429697766098	
2.4723244800562334	45.0	4.0	58.0	30.0	2.4723244800562334	761	39	45	4	58	30	45	4	58	30	44	0	0.03124713897705078	38100	19.326802492141724	25	99.93438320209974	
2.4723244800562334	45.0	4.0	58.0	30.0	2.4723244800562334	762	39	45	4	58	30	45	4	58	30	44	0	0.01562356948852539	38150	19.34242606163025	25	99.93446920052425	
2.4723244800562334	45.0	4.0	58.0	30.0	2.4723244800562334	763	39	45	4	58	30	45	4	58	30	44	0	0.031247615814208984	38200	19.373673677444458	25	99.93455497382199	
2.4723244800562334	45.0	4.0	58.0	30.0	2.4723244800562334	764	39	45	4	58	30	45	4	58	30	44	0	0.015624284744262695	38250	19.38929796218872	25	99.93464052287581	
2.4723244800562334	45.0	4.0	58.0	30.0	2.4723244800562334	765	39	45	4	58	30	45	4	58	30	44	0	0.031247615814208984	38300	19.42054557800293	25	99.93472584856397	
2.4723244800562334	45.0	4.0	58.0	30.0	2.4723244800562334	766	39	45	4	58	30	45	4	58	30	44	0	0.031248092651367188	38350	19.451793670654297	25	99.9348109517601	
2.4723244800562334	45.0	4.0	58.0	30.0	2.4723244800562334	767	39	45	4	58	30	45	4	58	30	44	0	0.015624046325683594	38400	19.46741771697998	25	99.93489583333333	
2.4723244800562334	45.0	4.0	58.0	30.0	2.4723244800562334	768	39	45	4	58	30	45	4	58	30	44	0	0.031247615814208984	38450	19.49866533279419	25	99.93498049414825	
2.4723244800562334	45.0	4.0	58.0	30.0	2.4723244800562334	769	39	45	4	58	30	45	4	58	30	44	0	0.015624284744262695	38500	19.514289617538452	25	99.93506493506493	
2.4723244800562334	45.0	4.0	58.0	30.0	2.4723244800562334	770	39	45	4	58	30	45	4	58	30	44	0	0.031247377395629883	38550	19.545536994934082	25	99.93514915693903	
2.4723244800562334	45.0	4.0	58.0	30.0	2.4723244800562334	771	39	45	4	58	30	45	4	58	30	44	0	0.015624284744262695	38600	19.561161279678345	25	99.93523316062176	
2.4723244800562334	45.0	4.0	58.0	30.0	2.4723244800562334	772	39	45	4	58	30	45	4	58	30	44	0	0.031248092651367188	38650	19.592409372329712	25	99.9353169469599	
2.4723244800562334	45.0	4.0	58.0	30.0	2.4723244800562334	773	39	45	4	58	30	45	4	58	30	44	0	0.015623331069946289	38700	19.608032703399658	25	99.93540051679587	
2.4723244800562334	45.0	4.0	58.0	30.0	2.4723244800562334	774	39	45	4	58	30	45	4	58	30	44	0	0.031249284744262695	38750	19.63928198814392	25	99.93548387096774	
2.4723244800562334	45.0	4.0	58.0	30.0	2.4723244800562334	775	39	45	4	58	30	45	4	58	30	44	0	0.015622854232788086	38800	19.65490484237671	25	99.93556701030928	
2.4723244800562334	45.0	4.0	58.0	30.0	2.4723244800562334	776	39	45	4	58	30	45	4	58	30	44	0	0.015624046325683594	38850	19.670528888702393	25	99.93564993564993	
2.4723244800562334	45.0	4.0	58.0	30.0	2.4723244800562334	777	39	45	4	58	30	45	4	58	30	44	0	0.01562356948852539	38900	19.686152458190918	25	99.93573264781492	
2.4723244800562334	45.0	4.0	58.0	30.0	2.4723244800562334	778	39	45	4	58	30	45	4	58	30	44	0	0.031248092651367188	38950	19.717400550842285	25	99.93581514762516	
2.4723244800562334	45.0	4.0	58.0	30.0	2.4723244800562334	779	39	45	4	58	30	45	4	58	30	44	0	0.031247377395629883	39000	19.748647928237915	25	99.93589743589743	
2.4723244800562334	45.0	4.0	58.0	30.0	2.4723244800562334	780	39	45	4	58	30	45	4	58	30	44	0	0.0156252384185791	39050	19.764273166656494	25	99.93597951344431	
2.4723244800562334	45.0	4.0	58.0	30.0	2.4723244800562334	781	39	45	4	58	30	45	4	58	30	44	0	0.031248092651367188	39100	19.79552125930786	25	99.93606138107417	
2.4723244800562334	45.0	4.0	58.0	30.0	2.4723244800562334	782	39	45	4	58	30	45	4	58	30	44	0	0.031247615814208984	39150	19.82676887512207	25	99.93614303959131	
2.4723244800562334	45.0	4.0	58.0	30.0	2.4723244800562334	783	39	45	4	58	30	45	4	58	30	44	0	0.01562356948852539	39200	19.842392444610596	25	99.93622448979592	
2.4723244800562334	45.0	4.0	58.0	30.0	2.4723244800562334	784	39	45	4	58	30	45	4	58	30	44	0	0.03124690055847168	39250	19.873639345169067	25	99.93630573248407	
2.4723244800562334	45.0	4.0	58.0	30.0	2.4723244800562334	785	39	45	4	58	30	45	4	58	30	44	0	0.03124856948852539	39300	19.904887914657593	25	99.93638676844783	
2.4723244800562334	45.0	4.0	58.0	30.0	2.4723244800562334	786	39	45	4	58	30	45	4	58	30	44	0	0.015624284744262695	39350	19.920512199401855	25	99.93646759847522	
2.4723244800562334	45.0	4.0	58.0	30.0	2.4723244800562334	787	39	45	4	58	30	45	4	58	30	44	0	0.031248807907104492	39400	19.95176100730896	25	99.93654822335026	
2.4723244800562334	45.0	4.0	58.0	30.0	2.4723244800562334	788	39	45	4	58	30	45	4	58	30	44	0	0.031246185302734375	39450	19.983007192611694	25	99.93662864385298	
2.4723244800562334	45.0	4.0	58.0	30.0	2.4723244800562334	789	39	45	4	58	30	45	4	58	30	44	0	0.031248092651367188	39500	20.01425528526306	25	99.9367088607595	
2.4723244800562334	45.0	4.0	58.0	30.0	2.4723244800562334	790	39	45	4	58	30	45	4	58	30	44	0	0.0156252384185791	39550	20.02988052368164	25	99.93678887484197	
2.4723244800562334	45.0	4.0	58.0	30.0	2.4723244800562334	791	39	45	4	58	30	45	4	58	30	44	0	0.031247377395629883	39600	20.06112790107727	25	99.93686868686869	
2.4723244800562334	45.0	4.0	58.0	30.0	2.4723244800562334	792	39	45	4	58	30	45	4	58	30	44	0	0.015622854232788086	39650	20.07675075531006	25	99.93694829760403	
2.4723244800562334	45.0	4.0	58.0	30.0	2.4723244800562334	793	39	45	4	58	30	45	4	58	30	44	0	0.031249046325683594	39700	20.107999801635742	25	99.93702770780857	
2.4723244800562334	45.0	4.0	58.0	30.0	2.4723244800562334	794	39	45	4	58	30	45	4	58	30	44	0	0.015623331069946289	39750	20.12362313270569	25	99.937106918239	
2.4723244800562334	45.0	4.0	58.0	30.0	2.4723244800562334	795	39	45	4	58	30	45	4	58	30	44	0	0.031247377395629883	39800	20.15487051010132	25	99.93718592964824	
2.4723244800562334	45.0	4.0	58.0	30.0	2.4723244800562334	796	39	45	4	58	30	45	4	58	30	44	0	0.015624523162841797	39850	20.17049503326416	25	99.93726474278544	
2.4723244800562334	45.0	4.0	58.0	30.0	2.4723244800562334	797	39	45	4	58	30	45	4	58	30	44	0	0.031247615814208984	39900	20.20174264907837	25	99.93734335839599	
2.4723244800562334	45.0	4.0	58.0	30.0	2.4723244800562334	798	39	45	4	58	30	45	4	58	30	44	0	0.031249284744262695	39950	20.232991933822632	25	99.93742177722153	
2.4723244800562334	45.0	4.0	58.0	30.0	2.4723244800562334	799	39	45	4	58	30	45	4	58	30	44	0	0.015624284744262695	40000	20.248616218566895	25	99.9375	
2.4723244800562334	45.0	4.0	58.0	30.0	2.4723244800562334	800	39	45	4	58	30	45	4	58	30	44	0	0.0312497615814209	40050	20.279865980148315	25	99.93757802746566	
2.4723244800562334	45.0	4.0	58.0	30.0	2.4723244800562334	801	39	45	4	58	30	45	4	58	30	44	0	0.031246662139892578	40100	20.311112642288208	25	99.93765586034912	
2.4723244800562334	45.0	4.0	58.0	30.0	2.4723244800562334	802	39	45	4	58	30	45	4	58	30	44	0	0.031246423721313477	40150	20.34235906600952	25	99.93773349937733	
2.4723244800562334	45.0	4.0	58.0	30.0	2.4723244800562334	803	39	45	4	58	30	45	4	58	30	44	0	0.015624761581420898	40200	20.357983827590942	25	99.93781094527363	
2.4723244800562334	45.0	4.0	58.0	30.0	2.4723244800562334	804	39	45	4	58	30	45	4	58	30	44	0	0.03124833106994629	40250	20.38923215866089	25	99.93788819875776	
2.4723244800562334	45.0	4.0	58.0	30.0	2.4723244800562334	805	39	45	4	58	30	45	4	58	30	44	0	0.015623092651367188	40300	20.404855251312256	25	99.93796526054591	
2.4723244800562334	45.0	4.0	58.0	30.0	2.4723244800562334	806	39	45	4	58	30	45	4	58	30	44	0	0.015625953674316406	40350	20.420481204986572	25	99.93804213135068	
2.4723244800562334	45.0	4.0	58.0	30.0	2.4723244800562334	807	39	45	4	58	30	45	4	58	30	44	0	0.031249523162841797	40400	20.451730728149414	25	99.93811881188118	
2.4723244800562334	45.0	4.0	58.0	30.0	2.4723244800562334	808	39	45	4	58	30	45	4	58	30	44	0	0.015622138977050781	40450	20.467352867126465	25	99.93819530284301	
2.4723244800562334	45.0	4.0	58.0	30.0	2.4723244800562334	809	39	45	4	58	30	45	4	58	30	44	0	0.015624761581420898	40500	20.482977628707886	25	99.93827160493827	
2.4723244800562334	45.0	4.0	58.0	30.0	2.4723244800562334	810	39	45	4	58	30	45	4	58	30	44	0	0.031244993209838867	40550	20.514222621917725	25	99.9383477188656	
2.4723244800562334	45.0	4.0	58.0	30.0	2.4723244800562334	811	39	45	4	58	30	45	4	58	30	44	0	0.031247377395629883	40600	20.545469999313354	25	99.9384236453202	
2.4723244800562334	45.0	4.0	58.0	30.0	2.4723244800562334	812	39	45	4	58	30	45	4	58	30	44	0	0.01562666893005371	40650	20.561096668243408	25	99.93849938499385	
2.4723244800562334	45.0	4.0	58.0	30.0	2.4723244800562334	813	39	45	4	58	30	45	4	58	30	44	0	0.03124547004699707	40700	20.592342138290405	25	99.93857493857494	
2.4723244800562334	45.0	4.0	58.0	30.0	2.4723244800562334	814	39	45	4	58	30	45	4	58	30	44	0	0.015623807907104492	40750	20.60796594619751	25	99.93865030674847	
2.4723244800562334	45.0	4.0	58.0	30.0	2.4723244800562334	815	39	45	4	58	30	45	4	58	30	44	0	0.015625	40800	20.62359094619751	25	99.93872549019608	
2.4723244800562334	45.0	4.0	58.0	30.0	2.4723244800562334	816	39	45	4	58	30	45	4	58	30	44	0	0.031247615814208984	40850	20.65483856201172	25	99.93880048959608	
2.4723244800562334	45.0	4.0	58.0	30.0	2.4723244800562334	817	39	45	4	58	30	45	4	58	30	44	0	0.01562356948852539	40900	20.670462131500244	25	99.93887530562347	
2.4723244800562334	45.0	4.0	58.0	30.0	2.4723244800562334	818	39	45	4	58	30	45	4	58	30	44	0	0.031246423721313477	40950	20.701708555221558	25	99.93894993894993	
2.4723244800562334	45.0	4.0	58.0	30.0	2.4723244800562334	819	39	45	4	58	30	45	4	58	30	44	0	0.015624523162841797	41000	20.7173330783844	25	99.9390243902439	
2.4723244800562334	45.0	4.0	58.0	30.0	2.4723244800562334	820	39	45	4	58	30	45	4	58	30	44	0	0.031247377395629883	41050	20.74858045578003	25	99.93909866017053	
2.4723244800562334	45.0	4.0	58.0	30.0	2.4723244800562334	821	39	45	4	58	30	45	4	58	30	44	0	0.031247377395629883	41100	20.77982783317566	25	99.93917274939173	
2.4723244800562334	45.0	4.0	58.0	30.0	2.4723244800562334	822	39	45	4	58	30	45	4	58	30	44	0	0.015626192092895508	41150	20.795454025268555	25	99.93924665856622	
2.4723244800562334	45.0	4.0	58.0	30.0	2.4723244800562334	823	39	45	4	58	30	45	4	58	30	44	0	0.03124547004699707	41200	20.82669949531555	25	99.93932038834951	
2.4723244800562334	45.0	4.0	58.0	30.0	2.4723244800562334	824	39	45	4	58	30	45	4	58	30	44	0	0.015624284744262695	41250	20.842323780059814	25	99.93939393939394	
2.4723244800562334	45.0	4.0	58.0	30.0	2.4723244800562334	825	39	45	4	58	30	45	4	58	30	44	0	0.04687333106994629	41300	20.88919711112976	25	99.93946731234867	
2.4723244800562334	45.0	4.0	58.0	30.0	2.4723244800562334	826	39	45	4	58	30	45	4	58	30	44	0	0.031246662139892578	41350	20.920443773269653	25	99.93954050785973	
2.4723244800562334	45.0	4.0	58.0	30.0	2.4723244800562334	827	39	45	4	58	30	45	4	58	30	44	0	0.015624284744262695	41400	20.936068058013916	25	99.93961352657004	
2.4723244800562334	45.0	4.0	58.0	30.0	2.4723244800562334	828	39	45	4	58	30	45	4	58	30	44	0	0.031247615814208984	41450	20.967315673828125	25	99.93968636911941	
2.4723244800562334	45.0	4.0	58.0	30.0	2.4723244800562334	829	39	45	4	58	30	45	4	58	30	44	0	0.015624761581420898	41500	20.982940435409546	25	99.93975903614458	
2.4723244800562334	45.0	4.0	58.0	30.0	2.4723244800562334	830	39	45	4	58	30	45	4	58	30	44	0	0.031247854232788086	41550	21.014188289642334	25	99.93983152827919	
2.4723244800562334	45.0	4.0	58.0	30.0	2.4723244800562334	831	39	45	4	58	30	45	4	58	30	44	0	0.031246423721313477	41600	21.045434713363647	25	99.93990384615384	
2.4723244800562334	45.0	4.0	58.0	30.0	2.4723244800562334	832	39	45	4	58	30	45	4	58	30	44	0	0.015623807907104492	41650	21.061058521270752	25	99.93997599039616	
2.4723244800562334	45.0	4.0	58.0	30.0	2.4723244800562334	833	39	45	4	58	30	45	4	58	30	44	0	0.031249284744262695	41700	21.092307806015015	25	99.9400479616307	
2.4723244800562334	45.0	4.0	58.0	30.0	2.4723244800562334	834	39	45	4	58	30	45	4	58	30	44	0	0.015623807907104492	41750	21.10793161392212	25	99.94011976047904	
2.4723244800562334	45.0	4.0	58.0	30.0	2.4723244800562334	835	39	45	4	58	30	45	4	58	30	44	0	0.031247854232788086	41800	21.139179468154907	25	99.9401913875598	
2.4723244800562334	45.0	4.0	58.0	30.0	2.4723244800562334	836	39	45	4	58	30	45	4	58	30	44	0	0.031247615814208984	41850	21.170427083969116	25	99.94026284348865	
2.4723244800562334	45.0	4.0	58.0	30.0	2.4723244800562334	837	39	45	4	58	30	45	4	58	30	44	0	0.031247615814208984	41900	21.201674699783325	25	99.94033412887828	
2.4723244800562334	45.0	4.0	58.0	30.0	2.4723244800562334	838	39	45	4	58	30	45	4	58	30	44	0	0.046872615814208984	41950	21.248547315597534	25	99.94040524433849	
2.4723244800562334	45.0	4.0	58.0	30.0	2.4723244800562334	839	39	45	4	58	30	45	4	58	30	44	0	0.031247854232788086	42000	21.279795169830322	25	99.94047619047619	
2.4723244800562334	45.0	4.0	58.0	30.0	2.4723244800562334	840	39	45	4	58	30	45	4	58	30	44	0	0.031247615814208984	42050	21.31104278564453	25	99.94054696789536	
2.4723244800562334	45.0	4.0	58.0	30.0	2.4723244800562334	841	39	45	4	58	30	45	4	58	30	44	0	0.03124833106994629	42100	21.342291116714478	25	99.94061757719714	
2.4723244800562334	45.0	4.0	58.0	30.0	2.4723244800562334	842	39	45	4	58	30	45	4	58	30	44	0	0.031246423721313477	42150	21.37353754043579	25	99.94068801897983	
2.4723244800562334	45.0	4.0	58.0	30.0	2.4723244800562334	843	39	45	4	58	30	45	4	58	30	44	0	0.03124856948852539	42200	21.404786109924316	25	99.94075829383887	
2.4723244800562334	45.0	4.0	58.0	30.0	2.4723244800562334	844	39	45	4	58	30	45	4	58	30	44	0	0.015624284744262695	42250	21.42041039466858	25	99.94082840236686	
2.4723244800562334	45.0	4.0	58.0	30.0	2.4723244800562334	845	39	45	4	58	30	45	4	58	30	44	0	0.015623331069946289	42300	21.436033725738525	25	99.94089834515367	
2.4723244800562334	45.0	4.0	58.0	30.0	2.4723244800562334	846	39	45	4	58	30	45	4	58	30	44	0	0.031249523162841797	42350	21.467283248901367	25	99.9409681227863	
2.4723244800562334	45.0	4.0	58.0	30.0	2.4723244800562334	847	39	45	4	58	30	45	4	58	30	44	0	0.03124690055847168	42400	21.49853014945984	25	99.94103773584905	
2.4723244800562334	45.0	4.0	58.0	30.0	2.4723244800562334	848	39	45	4	58	30	45	4	58	30	44	0	0.031247377395629883	42450	21.52977752685547	25	99.94110718492344	
2.4723244800562334	45.0	4.0	58.0	30.0	2.4723244800562334	849	39	45	4	58	30	45	4	58	30	44	0	0.031247615814208984	42500	21.561025142669678	25	99.94117647058823	
2.4723244800562334	45.0	4.0	58.0	30.0	2.4723244800562334	850	39	45	4	58	30	45	4	58	30	44	0	0.031248807907104492	42550	21.592273950576782	25	99.94124559341951	
2.4723244800562334	45.0	4.0	58.0	30.0	2.4723244800562334	851	39	45	4	58	30	45	4	58	30	44	0	0.015624284744262695	42600	21.607898235321045	25	99.94131455399061	
2.4723244800562334	45.0	4.0	58.0	30.0	2.4723244800562334	852	39	45	4	58	30	45	4	58	30	44	0	0.015623092651367188	42650	21.623521327972412	25	99.94138335287222	
2.4723244800562334	45.0	4.0	58.0	30.0	2.4723244800562334	853	39	45	4	58	30	45	4	58	30	44	0	0.03124856948852539	42700	21.654769897460938	25	99.94145199063232	
2.4723244800562334	45.0	4.0	58.0	30.0	2.4723244800562334	854	39	45	4	58	30	45	4	58	30	44	0	0.031247377395629883	42750	21.686017274856567	25	99.94152046783626	
2.4723244800562334	45.0	4.0	58.0	30.0	2.4723244800562334	855	39	45	4	58	30	45	4	58	30	44	0	0.031247854232788086	42800	21.717265129089355	25	99.94158878504673	
2.4723244800562334	45.0	4.0	58.0	30.0	2.4723244800562334	856	39	45	4	58	30	45	4	58	30	44	0	0.015624046325683594	42850	21.73288917541504	25	99.9416569428238	
2.4723244800562334	45.0	4.0	58.0	30.0	2.4723244800562334	857	39	45	4	58	30	45	4	58	30	44	0	0.015624284744262695	42900	21.7485134601593	25	99.94172494172494	
2.4723244800562334	45.0	4.0	58.0	30.0	2.4723244800562334	858	39	45	4	58	30	45	4	58	30	44	0	0.031246185302734375	42950	21.779759645462036	25	99.941792782305	
2.4723244800562334	45.0	4.0	58.0	30.0	2.4723244800562334	859	39	45	4	58	30	45	4	58	30	44	0	0.031247377395629883	43000	21.811007022857666	25	99.94186046511628	
2.4723244800562334	45.0	4.0	58.0	30.0	2.4723244800562334	860	39	45	4	58	30	45	4	58	30	44	0	0.03125	43050	21.842257022857666	25	99.94192799070848	
2.4723244800562334	45.0	4.0	58.0	30.0	2.4723244800562334	861	39	45	4	58	30	45	4	58	30	44	0	0.031246423721313477	43100	21.87350344657898	25	99.94199535962878	
2.4723244800562334	45.0	4.0	58.0	30.0	2.4723244800562334	862	39	45	4	58	30	45	4	58	30	44	0	0.015623331069946289	43150	21.889126777648926	25	99.94206257242179	
2.4723244800562334	45.0	4.0	58.0	30.0	2.4723244800562334	863	39	45	4	58	30	45	4	58	30	44	0	0.03125	43200	21.920376777648926	25	99.94212962962963	
2.4723244800562334	45.0	4.0	58.0	30.0	2.4723244800562334	864	39	45	4	58	30	45	4	58	30	44	0	0.015622854232788086	43250	21.935999631881714	25	99.94219653179191	
2.4723244800562334	45.0	4.0	58.0	30.0	2.4723244800562334	865	39	45	4	58	30	45	4	58	30	44	0	0.04687166213989258	43300	21.982871294021606	25	99.94226327944573	
2.4723244800562334	45.0	4.0	58.0	30.0	2.4723244800562334	866	39	45	4	58	30	45	4	58	30	44	0	0.03124833106994629	43350	22.014119625091553	25	99.94232987312571	
2.4723244800562334	45.0	4.0	58.0	30.0	2.4723244800562334	867	39	45	4	58	30	45	4	58	30	44	0	0.031249523162841797	43400	22.045369148254395	25	99.94239631336406	
2.4723244800562334	45.0	4.0	58.0	30.0	2.4723244800562334	868	39	45	4	58	30	45	4	58	30	44	0	0.015621423721313477	43450	22.060990571975708	25	99.94246260069045	
2.4723244800562334	45.0	4.0	58.0	30.0	2.4723244800562334	869	39	45	4	58	30	45	4	58	30	44	0	0.04687213897705078	43500	22.10786271095276	25	99.94252873563218	
2.4723244800562334	45.0	4.0	58.0	30.0	2.4723244800562334	870	39	45	4	58	30	45	4	58	30	44	0	0.03124713897705078	43550	22.13910984992981	25	99.94259471871412	
2.4723244800562334	45.0	4.0	58.0	30.0	2.4723244800562334	871	39	45	4	58	30	45	4	58	30	44	0	0.031249523162841797	43600	22.17035937309265	25	99.94266055045871	
2.4723244800562334	45.0	4.0	58.0	30.0	2.4723244800562334	872	39	45	4	58	30	45	4	58	30	44	0	0.015623807907104492	43650	22.185983180999756	25	99.94272623138602	
2.4723244800562334	45.0	4.0	58.0	30.0	2.4723244800562334	873	39	45	4	58	30	45	4	58	30	44	0	0.031247377395629883	43700	22.217230558395386	25	99.94279176201373	
2.4723244800562334	45.0	4.0	58.0	30.0	2.4723244800562334	874	39	45	4	58	30	45	4	58	30	44	0	0.015625	43750	22.232855558395386	25	99.94285714285714	
2.4723244800562334	45.0	4.0	58.0	30.0	2.4723244800562334	875	39	45	4	58	30	45	4	58	30	44	0	0.031246185302734375	43800	22.26410174369812	25	99.94292237442923	
2.4723244800562334	45.0	4.0	58.0	30.0	2.4723244800562334	876	39	45	4	58	30	45	4	58	30	44	0	0.031248807907104492	43850	22.295350551605225	25	99.94298745724059	
2.4723244800562334	45.0	4.0	58.0	30.0	2.4723244800562334	877	39	45	4	58	30	45	4	58	30	44	0	0.015625	43900	22.310975551605225	25	99.94305239179954	
2.4723244800562334	45.0	4.0	58.0	30.0	2.4723244800562334	878	39	45	4	58	30	45	4	58	30	44	0	0.015621662139892578	43950	22.326597213745117	25	99.94311717861206	
2.4723244800562334	45.0	4.0	58.0	30.0	2.4723244800562334	879	39	45	4	58	30	45	4	58	30	44	0	0.0312497615814209	44000	22.357846975326538	25	99.94318181818181	
2.4723244800562334	45.0	4.0	58.0	30.0	2.4723244800562334	880	39	45	4	58	30	45	4	58	30	44	0	0.031245946884155273	44050	22.389092922210693	25	99.94324631101021	
2.4723244800562334	45.0	4.0	58.0	30.0	2.4723244800562334	881	39	45	4	58	30	45	4	58	30	44	0	0.015625953674316406	44100	22.40471887588501	25	99.94331065759637	
2.4723244800562334	45.0	4.0	58.0	30.0	2.4723244800562334	882	39	45	4	58	30	45	4	58	30	44	0	0.03124690055847168	44150	22.43596577644348	25	99.94337485843715	
2.4723244800562334	45.0	4.0	58.0	30.0	2.4723244800562334	883	39	45	4	58	30	45	4	58	30	44	0	0.03124833106994629	44200	22.467214107513428	25	99.94343891402715	
2.4723244800562334	45.0	4.0	58.0	30.0	2.4723244800562334	884	39	45	4	58	30	45	4	58	30	44	0	0.015624761581420898	44250	22.48283886909485	25	99.94350282485875	
2.4723244800562334	45.0	4.0	58.0	30.0	2.4723244800562334	885	39	45	4	58	30	45	4	58	30	44	0	0.015622854232788086	44300	22.498461723327637	25	99.94356659142213	
2.4723244800562334	45.0	4.0	58.0	30.0	2.4723244800562334	886	39	45	4	58	30	45	4	58	30	44	0	0.03124713897705078	44350	22.529708862304688	25	99.94363021420519	
2.4723244800562334	45.0	4.0	58.0	30.0	2.4723244800562334	887	39	45	4	58	30	45	4	58	30	44	0	0.015622854232788086	44400	22.545331716537476	25	99.94369369369369	
2.4723244800562334	45.0	4.0	58.0	30.0	2.4723244800562334	888	39	45	4	58	30	45	4	58	30	44	0	0.03125190734863281	44450	22.57658362388611	25	99.9437570303712	
2.4723244800562334	45.0	4.0	58.0	30.0	2.4723244800562334	889	39	45	4	58	30	45	4	58	30	44	0	0.01562047004699707	44500	22.592204093933105	25	99.9438202247191	
2.4723244800562334	45.0	4.0	58.0	30.0	2.4723244800562334	890	39	45	4	58	30	45	4	58	30	44	0	0.03124833106994629	44550	22.62345242500305	25	99.94388327721661	
2.4723244800562334	45.0	4.0	58.0	30.0	2.4723244800562334	891	39	45	4	58	30	45	4	58	30	44	0	0.03124833106994629	44600	22.654700756072998	25	99.9439461883408	
2.4723244800562334	45.0	4.0	58.0	30.0	2.4723244800562334	892	39	45	4	58	30	45	4	58	30	44	0	0.015622615814208984	44650	22.670323371887207	25	99.94400895856663	
2.4723244800562334	45.0	4.0	58.0	30.0	2.4723244800562334	893	39	45	4	58	30	45	4	58	30	44	0	0.0312504768371582	44700	22.701573848724365	25	99.9440715883669	
2.4723244800562334	45.0	4.0	58.0	30.0	2.4723244800562334	894	39	45	4	58	30	45	4	58	30	44	0	0.031246423721313477	44750	22.73282027244568	25	99.94413407821229	
2.4723244800562334	45.0	4.0	58.0	30.0	2.4723244800562334	895	39	45	4	58	30	45	4	58	30	44	0	0.015623092651367188	44800	22.748443365097046	25	99.94419642857143	
2.4723244800562334	45.0	4.0	58.0	30.0	2.4723244800562334	896	39	45	4	58	30	45	4	58	30	44	0	0.03124833106994629	44850	22.779691696166992	25	99.94425863991081	
2.4723244800562334	45.0	4.0	58.0	30.0	2.4723244800562334	897	39	45	4	58	30	45	4	58	30	44	0	0.03124833106994629	44900	22.81094002723694	25	99.94432071269487	
2.4723244800562334	45.0	4.0	58.0	30.0	2.4723244800562334	898	39	45	4	58	30	45	4	58	30	44	0	0.015622854232788086	44950	22.826562881469727	25	99.94438264738598	
2.4723244800562334	45.0	4.0	58.0	30.0	2.4723244800562334	899	39	45	4	58	30	45	4	58	30	44	0	0.031248092651367188	45000	22.857810974121094	25	99.94444444444444	
2.4723244800562334	45.0	4.0	58.0	30.0	2.4723244800562334	900	39	45	4	58	30	45	4	58	30	44	0	0.015624046325683594	45050	22.873435020446777	25	99.94450610432852	
2.4723244800562334	45.0	4.0	58.0	30.0	2.4723244800562334	901	39	45	4	58	30	45	4	58	30	44	0	0.01562356948852539	45100	22.889058589935303	25	99.94456762749445	
2.4723244800562334	45.0	4.0	58.0	30.0	2.4723244800562334	902	39	45	4	58	30	45	4	58	30	44	0	0.015624284744262695	45150	22.904682874679565	25	99.94462901439645	
2.4723244800562334	45.0	4.0	58.0	30.0	2.4723244800562334	903	39	45	4	58	30	45	4	58	30	44	0	0.015625715255737305	45200	22.920308589935303	25	99.94469026548673	
2.4723244800562334	45.0	4.0	58.0	30.0	2.4723244800562334	904	39	45	4	58	30	45	4	58	30	44	0	0.04687023162841797	45250	22.96717882156372	25	99.94475138121547	
2.4723244800562334	45.0	4.0	58.0	30.0	2.4723244800562334	905	39	45	4	58	30	45	4	58	30	44	0	0.03124856948852539	45300	22.998427391052246	25	99.9448123620309	
2.4723244800562334	45.0	4.0	58.0	30.0	2.4723244800562334	906	39	45	4	58	30	45	4	58	30	44	0	0.03124690055847168	45350	23.029674291610718	25	99.94487320837928	
2.4723244800562334	45.0	4.0	58.0	30.0	2.4723244800562334	907	39	45	4	58	30	45	4	58	30	44	0	0.01562356948852539	45400	23.045297861099243	25	99.94493392070484	
2.4723244800562334	45.0	4.0	58.0	30.0	2.4723244800562334	908	39	45	4	58	30	45	4	58	30	44	0	0.031249046325683594	45450	23.076546907424927	25	99.94499449944995	
2.4723244800562334	45.0	4.0	58.0	30.0	2.4723244800562334	909	39	45	4	58	30	45	4	58	30	44	0	0.031247377395629883	45500	23.107794284820557	25	99.94505494505495	
2.4723244800562334	45.0	4.0	58.0	30.0	2.4723244800562334	910	39	45	4	58	30	45	4	58	30	44	0	0.031247377395629883	45550	23.139041662216187	25	99.94511525795829	
2.4723244800562334	45.0	4.0	58.0	30.0	2.4723244800562334	911	39	45	4	58	30	45	4	58	30	44	0	0.031247854232788086	45600	23.170289516448975	25	99.9451754385965	
2.4723244800562334	45.0	4.0	58.0	30.0	2.4723244800562334	912	39	45	4	58	30	45	4	58	30	44	0	0.015625953674316406	45650	23.18591547012329	25	99.94523548740416	
2.4723244800562334	45.0	4.0	58.0	30.0	2.4723244800562334	913	39	45	4	58	30	45	4	58	30	44	0	0.031246185302734375	45700	23.217161655426025	25	99.945295404814	
2.4723244800562334	45.0	4.0	58.0	30.0	2.4723244800562334	914	39	45	4	58	30	45	4	58	30	44	0	0.015623807907104492	45750	23.23278546333313	25	99.94535519125684	
2.4723244800562334	45.0	4.0	58.0	30.0	2.4723244800562334	915	39	45	4	58	30	45	4	58	30	44	0	0.015624523162841797	45800	23.24840998649597	25	99.94541484716157	
2.4723244800562334	45.0	4.0	58.0	30.0	2.4723244800562334	916	39	45	4	58	30	45	4	58	30	44	0	0.015623331069946289	45850	23.264033317565918	25	99.94547437295529	
2.4723244800562334	45.0	4.0	58.0	30.0	2.4723244800562334	917	39	45	4	58	30	45	4	58	30	44	0	0.0156252384185791	45900	23.279658555984497	25	99.94553376906318	
2.4723244800562334	45.0	4.0	58.0	30.0	2.4723244800562334	918	39	45	4	58	30	45	4	58	30	44	0	0.031246662139892578	45950	23.31090521812439	25	99.9455930359086	
2.4723244800562334	45.0	4.0	58.0	30.0	2.4723244800562334	919	39	45	4	58	30	45	4	58	30	44	0	0.015624284744262695	46000	23.326529502868652	25	99.94565217391305	
2.4723244800562334	45.0	4.0	58.0	30.0	2.4723244800562334	920	39	45	4	58	30	45	4	58	30	44	0	0.03124833106994629	46050	23.3577778339386	25	99.9457111834962	
2.4723244800562334	45.0	4.0	58.0	30.0	2.4723244800562334	921	39	45	4	58	30	45	4	58	30	44	0	0.031247615814208984	46100	23.389025449752808	25	99.94577006507592	
2.4723244800562334	45.0	4.0	58.0	30.0	2.4723244800562334	922	39	45	4	58	30	45	4	58	30	44	0	0.031246423721313477	46150	23.42027187347412	25	99.94582881906825	
2.4723244800562334	45.0	4.0	58.0	30.0	2.4723244800562334	923	39	45	4	58	30	45	4	58	30	44	0	0.01562666893005371	46200	23.435898542404175	25	99.94588744588745	
2.4723244800562334	45.0	4.0	58.0	30.0	2.4723244800562334	924	39	45	4	58	30	45	4	58	30	44	0	0.031250715255737305	46250	23.467149257659912	25	99.94594594594595	
2.4723244800562334	45.0	4.0	58.0	30.0	2.4723244800562334	925	39	45	4	58	30	45	4	58	30	44	0	0.031243562698364258	46300	23.498392820358276	25	99.94600431965442	
2.4723244800562334	45.0	4.0	58.0	30.0	2.4723244800562334	926	39	45	4	58	30	45	4	58	30	44	0	0.031249523162841797	46350	23.529642343521118	25	99.94606256742179	
2.4723244800562334	45.0	4.0	58.0	30.0	2.4723244800562334	927	39	45	4	58	30	45	4	58	30	44	0	0.01562356948852539	46400	23.545265913009644	25	99.94612068965517	
2.4723244800562334	45.0	4.0	58.0	30.0	2.4723244800562334	928	39	45	4	58	30	45	4	58	30	44	0	0.015623092651367188	46450	23.56088900566101	25	99.94617868675995	
2.4723244800562334	45.0	4.0	58.0	30.0	2.4723244800562334	929	39	45	4	58	30	45	4	58	30	44	0	0.031248092651367188	46500	23.592137098312378	25	99.94623655913979	
2.4723244800562334	45.0	4.0	58.0	30.0	2.4723244800562334	930	39	45	4	58	30	45	4	58	30	44	0	0.015625	46550	23.607762098312378	25	99.94629430719657	
2.4723244800562334	45.0	4.0	58.0	30.0	2.4723244800562334	931	39	45	4	58	30	45	4	58	30	44	0	0.031247615814208984	46600	23.639009714126587	25	99.94635193133047	
2.4723244800562334	45.0	4.0	58.0	30.0	2.4723244800562334	932	39	45	4	58	30	45	4	58	30	44	0	0.031248092651367188	46650	23.670257806777954	25	99.94640943193998	
2.4723244800562334	45.0	4.0	58.0	30.0	2.4723244800562334	933	39	45	4	58	30	45	4	58	30	44	0	0.031246662139892578	46700	23.701504468917847	25	99.94646680942184	
2.4723244800562334	45.0	4.0	58.0	30.0	2.4723244800562334	934	39	45	4	58	30	45	4	58	30	44	0	0.015623092651367188	46750	23.717127561569214	25	99.94652406417113	
2.4723244800562334	45.0	4.0	58.0	30.0	2.4723244800562334	935	39	45	4	58	30	45	4	58	30	44	0	0.031248807907104492	46800	23.74837636947632	25	99.94658119658119	
2.4723244800562334	45.0	4.0	58.0	30.0	2.4723244800562334	936	39	45	4	58	30	45	4	58	30	44	0	0.01562356948852539	46850	23.763999938964844	25	99.94663820704376	
2.4723244800562334	45.0	4.0	58.0	30.0	2.4723244800562334	937	39	45	4	58	30	45	4	58	30	44	0	0.031247615814208984	46900	23.795247554779053	25	99.94669509594883	
2.4723244800562334	45.0	4.0	58.0	30.0	2.4723244800562334	938	39	45	4	58	30	45	4	58	30	44	0	0.031247377395629883	46950	23.826494932174683	25	99.94675186368477	
2.4723244800562334	45.0	4.0	58.0	30.0	2.4723244800562334	939	39	45	4	58	30	45	4	58	30	44	0	0.015623807907104492	47000	23.842118740081787	25	99.94680851063829	
2.4723244800562334	45.0	4.0	58.0	30.0	2.4723244800562334	940	39	45	4	58	30	45	4	58	30	44	0	0.015625476837158203	47050	23.857744216918945	25	99.94686503719447	
2.4723244800562334	45.0	4.0	58.0	30.0	2.4723244800562334	941	39	45	4	58	30	45	4	58	30	44	0	0.031247854232788086	47100	23.888992071151733	25	99.94692144373673	
2.4723244800562334	45.0	4.0	58.0	30.0	2.4723244800562334	942	39	45	4	58	30	45	4	58	30	44	0	0.031247615814208984	47150	23.920239686965942	25	99.94697773064688	
2.4723244800562334	45.0	4.0	58.0	30.0	2.4723244800562334	943	39	45	4	58	30	45	4	58	30	44	0	0.031247615814208984	47200	23.95148730278015	25	99.94703389830508	
2.4723244800562334	45.0	4.0	58.0	30.0	2.4723244800562334	944	39	45	4	58	30	45	4	58	30	44	0	0.031246662139892578	47250	23.982733964920044	25	99.94708994708995	
2.4723244800562334	45.0	4.0	58.0	30.0	2.4723244800562334	945	39	45	4	58	30	45	4	58	30	44	0	0.015623807907104492	47300	23.99835777282715	25	99.94714587737843	
2.4723244800562334	45.0	4.0	58.0	30.0	2.4723244800562334	946	39	45	4	58	30	45	4	58	30	44	0	0.0312504768371582	47350	24.029608249664307	25	99.94720168954593	
2.4723244800562334	45.0	4.0	58.0	30.0	2.4723244800562334	947	39	45	4	58	30	45	4	58	30	44	0	0.015621423721313477	47400	24.04522967338562	25	99.94725738396625	
2.4723244800562334	45.0	4.0	58.0	30.0	2.4723244800562334	948	39	45	4	58	30	45	4	58	30	44	0	0.01562356948852539	47450	24.060853242874146	25	99.94731296101159	
2.4723244800562334	45.0	4.0	58.0	30.0	2.4723244800562334	949	39	45	4	58	30	45	4	58	30	44	0	0.03124856948852539	47500	24.09210181236267	25	99.94736842105263	
2.4723244800562334	45.0	4.0	58.0	30.0	2.4723244800562334	950	39	45	4	58	30	45	4	58	30	44	0	0.015623807907104492	47550	24.107725620269775	25	99.94742376445846	
2.4723244800562334	45.0	4.0	58.0	30.0	2.4723244800562334	951	39	45	4	58	30	45	4	58	30	44	0	0.031248092651367188	47600	24.138973712921143	25	99.94747899159664	
2.4723244800562334	45.0	4.0	58.0	30.0	2.4723244800562334	952	39	45	4	58	30	45	4	58	30	44	0	0.015624284744262695	47650	24.154597997665405	25	99.94753410283316	
2.4723244800562334	45.0	4.0	58.0	30.0	2.4723244800562334	953	39	45	4	58	30	45	4	58	30	44	0	0.03124856948852539	47700	24.18584656715393	25	99.94758909853249	
2.4723244800562334	45.0	4.0	58.0	30.0	2.4723244800562334	954	39	45	4	58	30	45	4	58	30	44	0	0.031247377395629883	47750	24.21709394454956	25	99.94764397905759	
2.4723244800562334	45.0	4.0	58.0	30.0	2.4723244800562334	955	39	45	4	58	30	45	4	58	30	44	0	0.03124713897705078	47800	24.24834108352661	25	99.94769874476988	
2.4723244800562334	45.0	4.0	58.0	30.0	2.4723244800562334	956	39	45	4	58	30	45	4	58	30	44	0	0.015623807907104492	47850	24.263964891433716	25	99.94775339602926	
2.4723244800562334	45.0	4.0	58.0	30.0	2.4723244800562334	957	39	45	4	58	30	45	4	58	30	44	0	0.015624046325683594	47900	24.2795889377594	25	99.94780793319416	
2.4723244800562334	45.0	4.0	58.0	30.0	2.4723244800562334	958	39	45	4	58	30	45	4	58	30	44	0	0.031249046325683594	47950	24.310837984085083	25	99.94786235662148	
2.4723244800562334	45.0	4.0	58.0	30.0	2.4723244800562334	959	39	45	4	58	30	45	4	58	30	44	0	0.015623331069946289	48000	24.32646131515503	25	99.94791666666667	
2.4723244800562334	45.0	4.0	58.0	30.0	2.4723244800562334	960	39	45	4	58	30	45	4	58	30	44	0	0.031248092651367188	48050	24.357709407806396	25	99.94797086368366	
2.4723244800562334	45.0	4.0	58.0	30.0	2.4723244800562334	961	39	45	4	58	30	45	4	58	30	44	0	0.031246662139892578	48100	24.38895606994629	25	99.94802494802495	
2.4723244800562334	45.0	4.0	58.0	30.0	2.4723244800562334	962	39	45	4	58	30	45	4	58	30	44	0	0.031249284744262695	48150	24.42020535469055	25	99.94807892004154	
2.4723244800562334	45.0	4.0	58.0	30.0	2.4723244800562334	963	39	45	4	58	30	45	4	58	30	44	0	0.031247854232788086	48200	24.45145320892334	25	99.94813278008299	
2.4723244800562334	45.0	4.0	58.0	30.0	2.4723244800562334	964	39	45	4	58	30	45	4	58	30	44	0	0.015622138977050781	48250	24.46707534790039	25	99.94818652849742	
2.4723244800562334	45.0	4.0	58.0	30.0	2.4723244800562334	965	39	45	4	58	30	45	4	58	30	44	0	0.0312497615814209	48300	24.49832510948181	25	99.94824016563147	
2.4723244800562334	45.0	4.0	58.0	30.0	2.4723244800562334	966	39	45	4	58	30	45	4	58	30	44	0	0.031246185302734375	48350	24.529571294784546	25	99.9482936918304	
2.4723244800562334	45.0	4.0	58.0	30.0	2.4723244800562334	967	39	45	4	58	30	45	4	58	30	44	0	0.031249046325683594	48400	24.56082034111023	25	99.94834710743801	
2.4723244800562334	45.0	4.0	58.0	30.0	2.4723244800562334	968	39	45	4	58	30	45	4	58	30	44	0	0.04687190055847168	48450	24.6076922416687	25	99.9484004127967	
2.4723244800562334	45.0	4.0	58.0	30.0	2.4723244800562334	969	39	45	4	58	30	45	4	58	30	44	0	0.031246662139892578	48500	24.638938903808594	25	99.94845360824742	
2.4723244800562334	45.0	4.0	58.0	30.0	2.4723244800562334	970	39	45	4	58	30	45	4	58	30	44	0	0.031248807907104492	48550	24.6701877117157	25	99.94850669412976	
2.4723244800562334	45.0	4.0	58.0	30.0	2.4723244800562334	971	39	45	4	58	30	45	4	58	30	44	0	0.031247854232788086	48600	24.701435565948486	25	99.94855967078189	
2.4723244800562334	45.0	4.0	58.0	30.0	2.4723244800562334	972	39	45	4	58	30	45	4	58	30	44	0	0.031246662139892578	48650	24.73268222808838	25	99.9486125385406	
2.4723244800562334	45.0	4.0	58.0	30.0	2.4723244800562334	973	39	45	4	58	30	45	4	58	30	44	0	0.015624284744262695	48700	24.74830651283264	25	99.94866529774127	
2.4723244800562334	45.0	4.0	58.0	30.0	2.4723244800562334	974	39	45	4	58	30	45	4	58	30	44	0	0.03124856948852539	48750	24.779555082321167	25	99.94871794871794	
2.4723244800562334	45.0	4.0	58.0	30.0	2.4723244800562334	975	39	45	4	58	30	45	4	58	30	44	0	0.031248092651367188	48800	24.810803174972534	25	99.94877049180327	
2.4723244800562334	45.0	4.0	58.0	30.0	2.4723244800562334	976	39	45	4	58	30	45	4	58	30	44	0	0.015623807907104492	48850	24.82642698287964	25	99.94882292732855	
2.4723244800562334	45.0	4.0	58.0	30.0	2.4723244800562334	977	39	45	4	58	30	45	4	58	30	44	0	0.015623092651367188	48900	24.842050075531006	25	99.94887525562372	
2.4723244800562334	45.0	4.0	58.0	30.0	2.4723244800562334	978	39	45	4	58	30	45	4	58	30	44	0	0.015624523162841797	48950	24.857674598693848	25	99.94892747701736	
2.4723244800562334	45.0	4.0	58.0	30.0	2.4723244800562334	979	39	45	4	58	30	45	4	58	30	44	0	0.031246662139892578	49000	24.88892126083374	25	99.94897959183673	
2.4723244800562334	45.0	4.0	58.0	30.0	2.4723244800562334	980	39	45	4	58	30	45	4	58	30	44	0	0.031249284744262695	49050	24.920170545578003	25	99.94903160040775	
2.4723244800562334	45.0	4.0	58.0	30.0	2.4723244800562334	981	39	45	4	58	30	45	4	58	30	44	0	0.01562356948852539	49100	24.93579411506653	25	99.949083503055	
2.4723244800562334	45.0	4.0	58.0	30.0	2.4723244800562334	982	39	45	4	58	30	45	4	58	30	44	0	0.031249523162841797	49150	24.96704363822937	25	99.94913530010173	
2.4723244800562334	45.0	4.0	58.0	30.0	2.4723244800562334	983	39	45	4	58	30	45	4	58	30	44	0	0.03124523162841797	49200	24.998288869857788	25	99.94918699186992	
2.4723244800562334	45.0	4.0	58.0	30.0	2.4723244800562334	984	39	45	4	58	30	45	4	58	30	44	0	0.031248092651367188	49250	25.029536962509155	25	99.94923857868021	
2.4723244800562334	45.0	4.0	58.0	30.0	2.4723244800562334	985	39	45	4	58	30	45	4	58	30	44	0	0.03124833106994629	49300	25.0607852935791	25	99.94929006085192	
2.4723244800562334	45.0	4.0	58.0	30.0	2.4723244800562334	986	39	45	4	58	30	45	4	58	30	44	0	0.031247854232788086	49350	25.09203314781189	25	99.94934143870314	
2.4723244800562334	45.0	4.0	58.0	30.0	2.4723244800562334	987	39	45	4	58	30	45	4	58	30	44	0	0.015623807907104492	49400	25.107656955718994	25	99.9493927125506	
2.4723244800562334	45.0	4.0	58.0	30.0	2.4723244800562334	988	39	45	4	58	30	45	4	58	30	44	0	0.031247854232788086	49450	25.138904809951782	25	99.9494438827098	
2.4723244800562334	45.0	4.0	58.0	30.0	2.4723244800562334	989	39	45	4	58	30	45	4	58	30	44	0	0.015624284744262695	49500	25.154529094696045	25	99.94949494949495	
2.4723244800562334	45.0	4.0	58.0	30.0	2.4723244800562334	990	39	45	4	58	30	45	4	58	30	44	0	0.031247854232788086	49550	25.185776948928833	25	99.94954591321897	
2.4723244800562334	45.0	4.0	58.0	30.0	2.4723244800562334	991	39	45	4	58	30	45	4	58	30	44	0	0.031247854232788086	49600	25.21702480316162	25	99.94959677419355	
2.4723244800562334	45.0	4.0	58.0	30.0	2.4723244800562334	992	39	45	4	58	30	45	4	58	30	44	0	0.031247854232788086	49650	25.24827265739441	25	99.9496475327291	
2.4723244800562334	45.0	4.0	58.0	30.0	2.4723244800562334	993	39	45	4	58	30	45	4	58	30	44	0	0.01562356948852539	49700	25.263896226882935	25	99.9496981891348	
2.4723244800562334	45.0	4.0	58.0	30.0	2.4723244800562334	994	39	45	4	58	30	45	4	58	30	44	0	0.031249284744262695	49750	25.295145511627197	25	99.94974874371859	
2.4723244800562334	45.0	4.0	58.0	30.0	2.4723244800562334	995	39	45	4	58	30	45	4	58	30	44	0	0.04687142372131348	49800	25.34201693534851	25	99.94979919678715	
2.4723244800562334	45.0	4.0	58.0	30.0	2.4723244800562334	996	39	45	4	58	30	45	4	58	30	44	0	0.031246662139892578	49850	25.373263597488403	25	99.94984954864594	
2.4723244800562334	45.0	4.0	58.0	30.0	2.4723244800562334	997	39	45	4	58	30	45	4	58	30	44	0	0.03124833106994629	49900	25.40451192855835	25	99.9498997995992	
2.4723244800562334	45.0	4.0	58.0	30.0	2.4723244800562334	998	39	45	4	58	30	45	4	58	30	44	0	0.015624284744262695	49950	25.420136213302612	25	99.94994994994995	
2.4723244800562334	45.0	4.0	58.0	30.0	2.4723244800562334	999	39	45	4	58	30	45	4	58	30	44	0	0.031247377395629883	50000	25.451383590698242	25	99.95	
2.4723244800562334	45.0	4.0	58.0	30.0	2.4723244800562334	1000	39	45	4	58	30	45	4	58	30	44	0	0.031247854232788086	50050	25.48263144493103	25	99.95004995004994	
