ave_fitness	ave_genome_length	ave_tree_depth	ave_tree_nodes	ave_used_codons	best_fitness	gen	invalids	max_genome_length	max_tree_depth	max_tree_nodes	max_used_codons	min_genome_length	min_tree_depth	min_tree_nodes	min_used_codons	runtime_error	time_adjust	time_taken	total_inds	total_time	unique_inds	unused_search	
1.5435708752169693e+47	101.27	6.512	130.848	67.68	61.332029038278385	0	0	180	10	232	120	22	3	29	15	295	0	6.970128059387207	500	6.970128059387207	205	59.0	
1.6685439116203768e+43	32.206	3.4071246819338423	40.80661577608142	21.106870229007633	61.332029038278385	1	107	90	6.0	116.0	60.0	22	3.0	29.0	15.0	402	0	0.4530942440032959	1000	7.423222303390503	451	54.9	
1.7722800925925962e+43	31.564	3.1769911504424777	34.13274336283186	17.654867256637168	61.189214824595396	2	155	90	6.0	116.0	60.0	22	3.0	29.0	15.0	423	0	0.15675950050354004	1500	7.579981803894043	749	50.06666666666666	
4.125619945159454e+25	32.714	3.109207708779443	32.16702355460385	16.638115631691647	59.776446164417294	3	189	90	6.0	116.0	60.0	22	3.0	29.0	15.0	434	0	0.12499094009399414	2000	7.704972743988037	1052	47.4	
7.42251059908696e+33	34.466	3.0859538784067087	31.49266247379455	16.28930817610063	36.5015355512575	4	213	45	5.0	87.0	45.0	22	3.0	29.0	15.0	445	0	0.18748831748962402	2500	7.892461061477661	1350	46.0	
3.509465124921325e+25	35.938	3.0762886597938146	31.212371134020618	16.144329896907216	36.5015355512575	5	229	45	5.0	87.0	45.0	22	3.0	29.0	15.0	456	0	0.17418479919433594	3000	8.066645860671997	1666	44.46666666666667	
1.2146811215869958e+29	35.708	3.0391752577319586	30.136082474226804	15.587628865979381	36.5015355512575	6	244	45	5.0	87.0	45.0	22	3.0	29.0	15.0	468	0	0.1718606948852539	3500	8.238506555557251	1975	43.57142857142857	
30927714339037.535	36.95	3.0662525879917184	30.921325051759833	15.993788819875776	36.5015355512575	7	262	45	5.0	87.0	45.0	22	3.0	29.0	15.0	477	0	0.14061594009399414	4000	8.379122495651245	2291	42.725	
11519905680050.006	37.594	3.05761316872428	30.670781893004115	15.864197530864198	29.35009413511736	8	276	45	5.0	87.0	45.0	22	3.0	29.0	15.0	494	0	0.12634706497192383	4500	8.505469560623169	2600	42.22222222222223	
9.240577389475191e+17	38.698	3.024193548387097	29.701612903225808	15.362903225806452	29.35009413511736	9	280	45	5.0	87.0	45.0	22	3.0	29.0	15.0	504	0	0.14061474800109863	5000	8.646084308624268	2896	42.08	
4.722786839286777e+28	39.158	3.0383838383838384	30.113131313131312	15.575757575757576	26.967708512995927	10	285	45	5.0	87.0	45.0	22	3.0	29.0	15.0	515	0	0.14061570167541504	5500	8.786700010299683	3205	41.72727272727273	
124950776897.14726	38.79	3.0323232323232325	29.937373737373736	15.484848484848484	26.967708512995927	11	291	45	5.0	87.0	45.0	22	3.0	29.0	15.0	527	0	0.18748760223388672	6000	8.97418761253357	3511	41.48333333333334	
13016016220.309763	38.882	3.024489795918367	29.710204081632654	15.36734693877551	26.22014303794939	12	301	45	5.0	87.0	45.0	22	3.0	29.0	15.0	537	0	0.12499141693115234	6500	9.099179029464722	3809	41.400000000000006	
2320173818099.5635	40.032	3.050301810865191	30.458752515090545	15.754527162977867	25.919823630988066	13	304	45	5.0	87.0	45.0	22	3.0	29.0	15.0	545	0	0.14061522483825684	7000	9.239794254302979	4118	41.17142857142857	
8.544101469755551e+19	39.848	3.05091649694501	30.476578411405296	15.763747454175153	24.819564823590408	14	314	45	5.0	87.0	45.0	22	3.0	29.0	15.0	553	0	0.17186355590820312	7500	9.411657810211182	4417	41.10666666666667	
5.496193760281707e+26	40.17	3.0382293762575454	30.10865191146881	15.57344064386318	24.819564823590408	15	317	45	5.0	87.0	45.0	22	3.0	29.0	15.0	558	0	0.14061450958251953	8000	9.552272319793701	4724	40.949999999999996	
488237352.8638036	38.56	3.0628803245436105	30.823529411764707	15.943204868154158	23.697895394176427	16	325	45	5.0	87.0	45.0	22	3.0	29.0	15.0	572	0	0.17186379432678223	8500	9.724136114120483	5017	40.976470588235294	
703365905.1537519	36.904	3.02880658436214	29.83539094650206	15.432098765432098	23.697895394176427	17	340	45	5.0	87.0	45.0	22	3.0	29.0	15.0	579	0	0.14061498641967773	9000	9.864751100540161	5310	41.0	
53341844.09432865	35.662	3.024793388429752	29.71900826446281	15.37190082644628	23.697895394176427	18	357	45	5.0	87.0	45.0	22	3.0	29.0	15.0	584	0	0.1414177417755127	9500	10.006168842315674	5583	41.23157894736842	
277045044.6401377	37.042	3.0428571428571427	30.242857142857144	15.642857142857142	22.691533810047268	19	367	45	5.0	87.0	45.0	22	3.0	29.0	15.0	594	0	0.17186307907104492	10000	10.178031921386719	5864	41.36	
23629009613.086967	36.996	3.0464646464646465	30.34747474747475	15.696969696969697	22.691533810047268	20	372	45	5.0	87.0	45.0	22	3.0	29.0	15.0	605	0	0.15623974800109863	10500	10.334271669387817	6182	41.12380952380953	
132538403.46479835	36.444	3.0593047034764824	30.719836400817996	15.889570552147239	22.17595793504082	21	384	45	5.0	87.0	45.0	22	3.0	29.0	15.0	619	0	0.15732312202453613	11000	10.491594791412354	6472	41.16363636363637	
361204332.07638025	35.984	3.0446247464503045	30.294117647058822	15.669371196754565	22.023393988871398	22	392	45	5.0	87.0	45.0	22	3.0	29.0	15.0	627	0	0.17186307907104492	11500	10.663457870483398	6770	41.130434782608695	
1.1109006454804938e+16	36.858	3.047227926078029	30.369609856262834	15.708418891170432	22.023393988871398	23	406	45	5.0	87.0	45.0	22	3.0	29.0	15.0	641	0	0.15623903274536133	12000	10.81969690322876	7045	41.29166666666667	
189357846.60692346	38.606	3.0468431771894093	30.358452138492872	15.70264765784114	22.023393988871398	24	415	45	5.0	87.0	45.0	22	3.0	29.0	15.0	654	0	0.17186403274536133	12500	10.991560935974121	7336	41.312000000000005	
54602150.62941728	38.008	3.02834008097166	29.821862348178136	15.425101214574898	21.77828537092218	25	422	45	5.0	87.0	45.0	22	3.0	29.0	15.0	658	0	0.14061474800109863	13000	11.13217568397522	7635	41.26923076923077	
179561896.47847185	37.548	3.0325865580448066	29.945010183299388	15.488798370672098	21.758519905939302	26	432	45	5.0	87.0	45.0	22	3.0	29.0	15.0	662	0	0.15623927116394043	13500	11.28841495513916	7930	41.25925925925926	
262523881.8762881	37.778	3.0425963488843815	30.235294117647058	15.63894523326572	21.49319273771894	27	440	45	5.0	87.0	45.0	22	3.0	29.0	15.0	674	0	0.18748712539672852	14000	11.475902080535889	8204	41.400000000000006	
26558677.72095313	37.686	3.0365111561866125	30.058823529411764	15.547667342799189	21.49319273771894	28	447	45	5.0	87.0	45.0	22	3.0	29.0	15.0	684	0	0.12607431411743164	14500	11.60197639465332	8482	41.50344827586206	
89958116787856.22	37.962	3.038306451612903	30.110887096774192	15.574596774193548	21.49319273771894	29	452	45	5.0	87.0	45.0	22	3.0	29.0	15.0	690	0	0.17186307907104492	15000	11.773839473724365	8783	41.446666666666665	
195169766.9407156	37.456	3.053169734151329	30.54192229038855	15.797546012269938	21.474695134609444	30	463	45	5.0	87.0	45.0	22	3.0	29.0	15.0	704	0	0.15624022483825684	15500	11.930079698562622	9046	41.63870967741935	
222006979.85370544	37.364	3.0447154471544717	30.296747967479675	15.670731707317072	21.474695134609444	31	472	45	5.0	87.0	45.0	22	3.0	29.0	15.0	713	0	0.14185094833374023	16000	12.071930646896362	9320	41.75	
32672880.71983284	37.18	3.0444444444444443	30.288888888888888	15.666666666666666	21.43671868051184	32	477	45	5.0	87.0	45.0	22	3.0	29.0	15.0	723	0	0.17186331748962402	16500	12.243793964385986	9608	41.769696969696966	
176690731.845387	37.042	3.0365853658536586	30.0609756097561	15.548780487804878	21.044972759099284	33	485	45	5.0	87.0	45.0	22	3.0	29.0	15.0	730	0	0.14061546325683594	17000	12.384409427642822	9892	41.81176470588235	
315216212.3928298	37.41	3.0301810865191148	29.875251509054326	15.45271629778672	21.044972759099284	34	488	45	5.0	87.0	45.0	22	3.0	29.0	15.0	740	0	0.17379498481750488	17500	12.558204412460327	10186	41.79428571428572	
271253905.35691833	35.478	3.026209677419355	29.760080645161292	15.393145161290322	21.044972759099284	35	492	45	5.0	87.0	45.0	22	3.0	29.0	15.0	748	0	0.14061331748962402	18000	12.698817729949951	10487	41.738888888888894	
368728472.88367975	36.72	3.0446247464503045	30.294117647058822	15.669371196754565	21.044972759099284	36	500	45	5.0	87.0	45.0	22	3.0	29.0	15.0	758	0	0.17186379432678223	18500	12.870681524276733	10761	41.832432432432434	
129648401.66742142	36.49	3.0491803278688523	30.42622950819672	15.737704918032787	21.044972759099284	37	512	45	5.0	87.0	45.0	22	3.0	29.0	15.0	769	0	0.15623950958251953	19000	13.026921033859253	11029	41.95263157894736	
2.3877705603604682e+27	38.514	3.0422535211267605	30.225352112676056	15.633802816901408	20.21347104647314	38	515	45	5.0	87.0	45.0	22	3.0	29.0	15.0	780	0	0.18749022483825684	19500	13.21441125869751	11300	42.051282051282044	
544445618.4008645	39.618	3.0365853658536586	30.0609756097561	15.548780487804878	20.21347104647314	39	523	45	5.0	87.0	45.0	22	3.0	29.0	15.0	790	0	0.1718595027923584	20000	13.386270761489868	11570	42.15	
3914337529.480116	39.71	3.056451612903226	30.637096774193548	15.846774193548388	20.21347104647314	40	527	45	5.0	87.0	45.0	22	3.0	29.0	15.0	802	0	0.1583113670349121	20500	13.54458212852478	11822	42.331707317073175	
45109522.2409769	38.054	3.052313883299799	30.517102615694164	15.784708249496981	19.30147879383952	41	531	45	5.0	87.0	45.0	22	3.0	29.0	15.0	816	0	0.14061498641967773	21000	13.685197114944458	12104	42.36190476190477	
391455972.892001	37.226	3.0572597137014315	30.660531697341515	15.858895705521473	19.30147879383952	42	542	45	5.0	87.0	45.0	22	3.0	29.0	15.0	831	0	0.17186427116394043	21500	13.857061386108398	12361	42.50697674418604	
1449472136.116448	36.582	3.0510204081632653	30.479591836734695	15.76530612244898	18.909513835428257	43	553	45	5.0	87.0	45.0	22	3.0	29.0	15.0	842	0	0.14061379432678223	22000	13.99767518043518	12662	42.44545454545454	
15987685.955241919	37.594	3.038306451612903	30.110887096774192	15.574596774193548	18.909513835428257	44	558	45	5.0	87.0	45.0	22	3.0	29.0	15.0	853	0	0.1569979190826416	22500	14.154673099517822	12960	42.400000000000006	
320003681.7472531	37.732	3.0328542094455853	29.95277207392197	15.492813141683778	18.427436524094237	45	571	45	5.0	87.0	45.0	22	3.0	29.0	15.0	862	0	0.15727996826171875	23000	14.311953067779541	13262	42.33913043478261	
236408380.55657843	37.87	3.0408997955010224	30.186094069529652	15.613496932515337	18.427436524094237	46	582	45	5.0	87.0	45.0	22	3.0	29.0	15.0	876	0	0.12499213218688965	23500	14.43694519996643	13529	42.42978723404255	
206605741.3355325	39.756	3.0461847389558234	30.339357429718877	15.69277108433735	18.427436524094237	47	585	45	5.0	87.0	45.0	22	3.0	29.0	15.0	889	0	0.11084270477294922	24000	14.54778790473938	13799	42.50416666666666	
151052767.87662303	38.974	3.034274193548387	29.993951612903224	15.514112903225806	18.05756404949771	48	589	45	5.0	87.0	45.0	22	3.0	29.0	15.0	897	0	0.14061474800109863	24500	14.688402652740479	14072	42.563265306122446	
24295391.641474817	40.17	3.0422535211267605	30.225352112676056	15.633802816901408	18.05756404949771	49	592	45	5.0	87.0	45.0	22	3.0	29.0	15.0	914	0	0.14061498641967773	25000	14.829017639160156	14358	42.568	
276432420.83511853	41.044	3.0525252525252524	30.523232323232325	15.787878787878787	18.05756404949771	50	597	45	5.0	87.0	45.0	22	3.0	29.0	15.0	934	0	0.15623974800109863	25500	14.985257387161255	14661	42.50588235294117	
145558677.07507905	41.55	3.0384615384615383	30.115384615384617	15.576923076923077	18.05756404949771	51	603	45	5.0	87.0	45.0	22	3.0	29.0	15.0	945	0	0.15923523902893066	26000	15.144492626190186	14948	42.50769230769231	
21949957.45149047	42.194	3.056338028169014	30.633802816901408	15.845070422535212	18.05756404949771	52	606	45	5.0	87.0	45.0	22	3.0	29.0	15.0	963	0	0.17186379432678223	26500	15.316356420516968	15226	42.5433962264151	
34201340.242653556	41.826	3.0501002004008018	30.452905811623246	15.751503006012024	18.05373651215568	53	608	45	5.0	87.0	45.0	22	3.0	29.0	15.0	979	0	0.15623879432678223	27000	15.47259521484375	15515	42.53703703703704	
42293622.386547275	42.148	3.054766734279919	30.58823529411765	15.821501014198782	18.05373651215568	54	615	45	5.0	87.0	45.0	22	3.0	29.0	15.0	998	0	0.1575775146484375	27500	15.630172729492188	15782	42.61090909090909	
288184979.7803461	42.654	3.0622489959839356	30.805220883534137	15.933734939759036	18.0502401757406	55	617	45	5.0	87.0	45.0	22	3.0	29.0	15.0	1017	0	0.14061594009399414	28000	15.770788669586182	16032	42.74285714285714	
169797303.654827	41.872	3.0443548387096775	30.286290322580644	15.665322580645162	18.0502401757406	56	622	45	5.0	87.0	45.0	22	3.0	29.0	15.0	1032	0	0.18748736381530762	28500	15.95827603340149	16302	42.800000000000004	
61784600.44930114	40.998	3.0445344129554655	30.291497975708502	15.668016194331983	18.0502401757406	57	628	45	5.0	87.0	45.0	22	3.0	29.0	15.0	1048	0	0.1583719253540039	29000	16.116647958755493	16577	42.83793103448276	
26258311.88746845	42.516	3.0622489959839356	30.805220883534137	15.933734939759036	18.0502401757406	58	630	45	5.0	87.0	45.0	22	3.0	29.0	15.0	1070	0	0.14061594009399414	29500	16.257263898849487	16839	42.918644067796606	
469720432.4951341	42.516	3.034274193548387	29.993951612903224	15.514112903225806	18.0502401757406	59	634	45	5.0	87.0	45.0	22	3.0	29.0	15.0	1085	0	0.12499189376831055	30000	16.382255792617798	17115	42.95	
21617421221.398598	42.654	3.0541082164328657	30.569138276553105	15.811623246492985	18.0502401757406	60	635	45	5.0	87.0	45.0	22	3.0	29.0	15.0	1106	0	0.17186379432678223	30500	16.55411958694458	17386	42.996721311475405	
400921235.5827854	43.574	3.078	31.262	16.17	18.0502401757406	61	635	45	5	87	45	22	3	29	15	1133	0	0.15623855590820312	31000	16.710358142852783	17640	43.096774193548384	
311686351.4576466	43.206	3.0761523046092183	31.208416833667336	16.142284569138276	18.0502401757406	62	636	45	5.0	87.0	45.0	22	3.0	29.0	15.0	1165	0	0.1572253704071045	31500	16.867583513259888	17899	43.177777777777784	
324013693.5709889	42.792	3.0440881763527052	30.278557114228455	15.661322645290582	18.0502401757406	63	637	45	5.0	87.0	45.0	22	3.0	29.0	15.0	1184	0	0.15623927116394043	32000	17.023822784423828	18161	43.246874999999996	
349429758.65195584	43.022	3.06813627254509	30.975951903807616	16.022044088176354	18.0502401757406	64	638	45	5.0	87.0	45.0	22	3.0	29.0	15.0	1209	0	0.1727123260498047	32500	17.196535110473633	18400	43.38461538461539	
1253004360.0948691	43.022	3.07429718875502	31.15461847389558	16.1144578313253	18.0502401757406	65	640	45	5.0	87.0	45.0	22	3.0	29.0	15.0	1237	0	0.17186284065246582	33000	17.3683979511261	18655	43.46969696969697	
415897971.5627839	43.436	3.0442655935613683	30.28370221327968	15.663983903420522	18.0502401757406	66	643	45	5.0	87.0	45.0	22	3.0	29.0	15.0	1252	0	0.14061498641967773	33500	17.509012937545776	18889	43.61492537313433	
780110065.1721253	42.792	3.0443548387096775	30.286290322580644	15.665322580645162	18.0502401757406	67	647	45	5.0	87.0	45.0	22	3.0	29.0	15.0	1268	0	0.1434497833251953	34000	17.65246272087097	19114	43.78235294117647	
255283737.96519873	42.93	3.056338028169014	30.633802816901408	15.845070422535212	18.0502401757406	68	650	45	5.0	87.0	45.0	22	3.0	29.0	15.0	1288	0	0.14061546325683594	34500	17.793078184127808	19354	43.90144927536232	
850776707.2248251	42.24	3.064516129032258	30.870967741935484	15.96774193548387	18.0502401757406	69	654	45	5.0	87.0	45.0	22	3.0	29.0	15.0	1316	0	0.14061522483825684	35000	17.933693408966064	19560	44.114285714285714	
726979822.7726241	42.194	3.0480961923847696	30.394789579158317	15.721442885771543	18.0502401757406	70	655	45	5.0	87.0	45.0	22	3.0	29.0	15.0	1337	0	0.14155244827270508	35500	18.07524585723877	19789	44.25633802816902	
246451445.5304428	41.964	3.058350100603622	30.69215291750503	15.875251509054326	18.0502401757406	71	658	45	5.0	87.0	45.0	22	3.0	29.0	15.0	1359	0	0.18866181373596191	36000	18.26390767097473	20021	44.38611111111111	
1104919371.7567546	42.378	3.0603621730382295	30.750503018108652	15.90543259557344	18.0502401757406	72	661	45	5.0	87.0	45.0	22	3.0	29.0	15.0	1384	0	0.17186331748962402	36500	18.435770988464355	20231	44.57260273972603	
592124667.6980871	42.286	3.026262626262626	29.76161616161616	15.393939393939394	18.0502401757406	73	666	45	5.0	87.0	45.0	22	3.0	29.0	15.0	1396	0	0.15802717208862305	37000	18.59379816055298	20442	44.75135135135135	
784265532.7142233	42.47	3.0321931589537225	29.93360160965795	15.482897384305835	18.0502401757406	74	669	45	5.0	87.0	45.0	22	3.0	29.0	15.0	1411	0	0.1406114101409912	37500	18.73440957069397	20630	44.986666666666665	
437614295.68249846	43.114	3.0562248995983934	30.630522088353413	15.843373493975903	18.0502401757406	75	671	45	5.0	87.0	45.0	22	3.0	29.0	15.0	1438	0	0.17186427116394043	38000	18.90627384185791	20801	45.26052631578948	
590728108.932253	43.666	3.0541082164328657	30.569138276553105	15.811623246492985	18.0502401757406	76	672	45	5.0	87.0	45.0	22	3.0	29.0	15.0	1464	0	0.1578226089477539	38500	19.064096450805664	20993	45.472727272727276	
1371425934.8272111	43.252	3.056338028169014	30.633802816901408	15.845070422535212	18.0502401757406	77	675	45	5.0	87.0	45.0	22	3.0	29.0	15.0	1491	0	0.17186522483825684	39000	19.23596167564392	21160	45.74358974358974	
474904281.5037659	43.62	3.044	30.276	15.66	18.0502401757406	78	675	45	5	87	45	22	3	29	15	1513	0	0.14061379432678223	39500	19.376575469970703	21361	45.92151898734177	
3678667.250081249	44.034	3.044	30.276	15.66	18.0502401757406	79	675	45	5	87	45	22	3	29	15	1538	0	0.18748807907104492	40000	19.564063549041748	21559	46.1025	
536573258.56030875	44.402	3.0460921843687374	30.336673346693388	15.691382765531062	18.0502401757406	80	676	45	5.0	87.0	45.0	22	3.0	29.0	15.0	1561	0	0.14197683334350586	40500	19.706040382385254	21760	46.27160493827161	
853670259.4547342	44.126	3.056112224448898	30.627254509018037	15.841683366733466	18.0502401757406	81	677	45	5.0	87.0	45.0	22	3.0	29.0	15.0	1587	0	0.14061450958251953	41000	19.846654891967773	21957	46.44634146341463	
803409936.655577	44.448	3.042	30.218	15.63	18.0502401757406	82	677	45	4	58	30	22	3	29	15	1607	0	0.12499165534973145	41500	19.971646547317505	22152	46.621686746987955	
346257137.83384466	44.31	3.06	30.74	15.9	18.0502401757406	83	677	45	4	58	30	22	3	29	15	1637	0	0.15646886825561523	42000	20.12811541557312	22334	46.82380952380952	
690682108.5428771	44.172	3.056	30.624	15.84	18.0502401757406	84	677	45	5	87	45	22	3	29	15	1665	0	0.18748736381530762	42500	20.315602779388428	22537	46.97176470588236	
394029460.88801545	44.356	3.036144578313253	30.048192771084338	15.542168674698795	18.0502401757406	85	679	45	4.0	58.0	30.0	22	3.0	29.0	15.0	1684	0	0.12499189376831055	43000	20.44059467315674	22732	47.13488372093023	
192029533.73205957	44.31	3.036	30.044	15.54	18.0502401757406	86	679	45	5	87	45	22	3	29	15	1703	0	0.12499070167541504	43500	20.565585374832153	22921	47.308045977011496	
506616014.75017726	44.356	3.0340681362725452	29.987975951903806	15.511022044088177	18.0502401757406	87	680	45	4.0	58.0	30.0	22	3.0	29.0	15.0	1723	0	0.12604522705078125	44000	20.691630601882935	23089	47.52499999999999	
2.638830937939614e+16	43.528	3.036144578313253	30.048192771084338	15.542168674698795	18.0502401757406	88	682	45	4.0	58.0	30.0	22	3.0	29.0	15.0	1743	0	0.12499284744262695	44500	20.81662344932556	23281	47.68314606741573	
644877756.1779796	43.528	3.0440881763527052	30.278557114228455	15.661322645290582	18.0502401757406	89	683	45	4.0	58.0	30.0	22	3.0	29.0	15.0	1767	0	0.15623831748962402	45000	20.972861766815186	23454	47.88	
258072874.79662475	44.126	3.058	30.682	15.87	18.0502401757406	90	683	45	4	58	30	22	3	29	15	1798	0	0.15749645233154297	45500	21.13035821914673	23633	48.059340659340656	
111421927.38297339	44.448	3.0501002004008018	30.452905811623246	15.751503006012024	18.0502401757406	91	684	45	4.0	58.0	30.0	22	3.0	29.0	15.0	1824	0	0.10936713218688965	46000	21.239725351333618	23836	48.18260869565217	
635418125.1989172	44.402	3.0521042084168335	30.511022044088175	15.781563126252506	18.0502401757406	92	685	45	4.0	58.0	30.0	22	3.0	29.0	15.0	1853	0	0.12499141693115234	46500	21.36471676826477	24037	48.30752688172043	
5.421165343385341e+30	44.586	3.056	30.624	15.84	18.0502401757406	93	685	45	4	58	30	22	3	29	15	1882	0	0.15624022483825684	47000	21.520956993103027	24222	48.46382978723405	
645525220.389332	44.724	3.038	30.102	15.57	18.0502401757406	94	685	45	4	58	30	22	3	29	15	1902	0	0.18861937522888184	47500	21.70957636833191	24409	48.61263157894737	
385732262.16109645	44.908	3.044	30.276	15.66	18.0502401757406	95	685	45	4	58	30	22	3	29	15	1927	0	0.15623784065246582	48000	21.865814208984375	24621	48.70625	
761194475.0432173	44.862	3.052	30.508	15.78	18.0502401757406	96	685	45	4	58	30	22	3	29	15	1955	0	0.15623927116394043	48500	22.022053480148315	24837	48.78969072164948	
2282157133.938903	44.816	3.048	30.392	15.72	18.0502401757406	97	685	45	4	58	30	22	3	29	15	1981	0	0.141693115234375	49000	22.16374659538269	25041	48.89591836734694	
368017297565.88715	44.724	3.036072144288577	30.04609218436874	15.541082164328657	18.0502401757406	98	686	45	4.0	58.0	30.0	22	3.0	29.0	15.0	2000	0	0.1874866485595703	49500	22.35123324394226	25245	49.0	
1841309968.5451784	44.678	3.0521042084168335	30.511022044088175	15.781563126252506	18.0502401757406	99	687	45	4.0	58.0	30.0	22	3.0	29.0	15.0	2029	0	0.18748712539672852	50000	22.53872036933899	25450	49.1	
997491091.140365	44.402	3.0340681362725452	29.987975951903806	15.511022044088177	18.0502401757406	100	688	45	4.0	58.0	30.0	22	3.0	29.0	15.0	2050	0	0.17460250854492188	50500	22.71332287788391	25647	49.21386138613861	
454424314.1494064	44.172	3.030060120240481	29.871743486973948	15.450901803607215	18.0502401757406	101	689	45	4.0	58.0	30.0	22	3.0	29.0	15.0	2066	0	0.10936832427978516	51000	22.822691202163696	25848	49.31764705882353	
566231010.1623319	43.896	3.03420523138833	29.99195171026157	15.513078470824949	18.0502401757406	102	692	45	4.0	58.0	30.0	22	3.0	29.0	15.0	2087	0	0.15623879432678223	51500	22.97892999649048	26041	49.434951456310685	
614489833.7046314	43.942	3.044	30.276	15.66	18.0502401757406	103	692	45	4	58	30	22	3	29	15	2110	0	0.17186284065246582	52000	23.150792837142944	26222	49.57307692307692	
1011905197.7684748	44.218	3.062124248496994	30.801603206412825	15.93186372745491	18.0502401757406	104	693	45	4.0	58.0	30.0	22	3.0	29.0	15.0	2146	0	0.17186498641967773	52500	23.322657823562622	26397	49.72	
568534180.9478558	44.678	3.062	30.798	15.93	18.0502401757406	105	693	45	4	58	30	22	3	29	15	2181	0	0.14061331748962402	53000	23.463271141052246	26583	49.843396226415095	
497627098.76004493	44.724	3.062	30.798	15.93	18.0502401757406	106	693	45	4	58	30	22	3	29	15	2214	0	0.12499260902404785	53500	23.588263750076294	26773	49.95700934579439	
6367435550.327017	44.724	3.04	30.16	15.6	18.0502401757406	107	693	45	4	58	30	22	3	29	15	2237	0	0.1730818748474121	54000	23.761345624923706	26959	50.07592592592592	
115374875.30382043	44.816	3.04	30.16	15.6	18.0502401757406	108	694	45	4	58	30	22	3	29	15	2258	0	0.14061546325683594	54500	23.901961088180542	27136	50.20917431192661	
629054829.0069174	44.586	3.032	29.928	15.48	18.0502401757406	109	694	45	4	58	30	22	3	29	15	2278	0	0.12499070167541504	55000	24.026951789855957	27331	50.307272727272725	
654695764.1746386	44.402	3.034	29.986	15.51	18.0502401757406	110	694	45	4	58	30	22	3	29	15	2296	0	0.15893816947937012	55500	24.185889959335327	27502	50.446846846846846	
15319750.950881068	44.586	3.056	30.624	15.84	18.0502401757406	111	694	45	4	58	30	22	3	29	15	2327	0	0.14061570167541504	56000	24.326505661010742	27656	50.614285714285714	
6.032514705594524e+18	44.54	3.034	29.986	15.51	18.0502401757406	112	694	45	4	58	30	22	3	29	15	2346	0	0.14061546325683594	56500	24.467121124267578	27833	50.73805309734513	
49547996.526976265	44.402	3.0521042084168335	30.511022044088175	15.781563126252506	18.0502401757406	113	695	45	4.0	58.0	30.0	22	3.0	29.0	15.0	2375	0	0.2043311595916748	57000	24.671452283859253	28010	50.859649122807014	
454079805.3259286	44.08	3.0440881763527052	30.278557114228455	15.661322645290582	18.0502401757406	114	696	45	4.0	58.0	30.0	22	3.0	29.0	15.0	2400	0	0.14061617851257324	57500	24.812068462371826	28192	50.9704347826087	
9584385137.730364	44.126	3.024048096192385	29.697394789579157	15.360721442885772	18.0502401757406	115	698	45	4.0	58.0	30.0	22	3.0	29.0	15.0	2415	0	0.17186284065246582	58000	24.983931303024292	28367	51.09137931034483	
77443571.84669125	43.896	3.0501002004008018	30.452905811623246	15.751503006012024	18.0502401757406	116	699	45	4.0	58.0	30.0	22	3.0	29.0	15.0	2441	0	0.13715839385986328	58500	25.121089696884155	28525	51.23931623931624	
362782696.00473696	44.31	3.036072144288577	30.04609218436874	15.541082164328657	18.0502401757406	117	700	45	4.0	58.0	30.0	22	3.0	29.0	15.0	2461	0	0.1263566017150879	59000	25.247446298599243	28699	51.35762711864407	
188943575.47196352	43.758	3.0460921843687374	30.336673346693388	15.691382765531062	18.0502401757406	118	701	45	4.0	58.0	30.0	22	3.0	29.0	15.0	2486	0	0.17186260223388672	59500	25.41930890083313	28869	51.48067226890756	
807360685.5002084	44.034	3.0463709677419355	30.344758064516128	15.695564516129032	18.0502401757406	119	705	45	4.0	58.0	30.0	22	3.0	29.0	15.0	2510	0	0.14061570167541504	60000	25.559924602508545	29037	51.605000000000004	
285213350.9631077	44.034	3.0460921843687374	30.336673346693388	15.691382765531062	18.0502401757406	120	706	45	4.0	58.0	30.0	22	3.0	29.0	15.0	2535	0	0.14239048957824707	60500	25.702315092086792	29209	51.72066115702479	
767945575.241151	43.298	3.0504032258064515	30.461693548387096	15.756048387096774	18.0502401757406	121	710	45	4.0	58.0	30.0	22	3.0	29.0	15.0	2562	0	0.12499094009399414	61000	25.827306032180786	29379	51.837704918032784	
457722685.04191476	43.298	3.040160642570281	30.164658634538153	15.602409638554217	18.0502401757406	122	712	45	4.0	58.0	30.0	22	3.0	29.0	15.0	2583	0	0.14061594009399414	61500	25.96792197227478	29557	51.93983739837398	
820537094.3133832	42.608	3.0582329317269075	30.688755020080322	15.873493975903614	18.0502401757406	123	714	45	4.0	58.0	30.0	22	3.0	29.0	15.0	2613	0	0.12499094009399414	62000	26.092912912368774	29727	52.053225806451614	
628928609.1550702	42.608	3.034274193548387	29.993951612903224	15.514112903225806	18.0502401757406	124	718	45	4.0	58.0	30.0	22	3.0	29.0	15.0	2631	0	0.14175844192504883	62500	26.234671354293823	29909	52.145599999999995	
314872473.0183421	42.746	3.038076152304609	30.104208416833668	15.571142284569138	18.0502401757406	125	719	45	4.0	58.0	30.0	22	3.0	29.0	15.0	2652	0	0.17186331748962402	63000	26.406534671783447	30079	52.25555555555555	
255227124.02877244	42.746	3.0445344129554655	30.291497975708502	15.668016194331983	18.0502401757406	126	725	45	4.0	58.0	30.0	22	3.0	29.0	15.0	2675	0	0.15623998641967773	63500	26.562774658203125	30249	52.36377952755905	
472805895.4382712	42.93	3.050301810865191	30.458752515090545	15.754527162977867	18.0502401757406	127	729	45	4.0	58.0	30.0	22	3.0	29.0	15.0	2700	0	0.15623998641967773	64000	26.719014644622803	30404	52.49375	
605260410.6957452	42.47	3.0384615384615383	30.115384615384617	15.576923076923077	18.0502401757406	128	735	45	4.0	58.0	30.0	22	3.0	29.0	15.0	2721	0	0.12498950958251953	64500	26.844004154205322	30560	52.62015503875969	
556818936.4476213	42.194	3.0423387096774195	30.22782258064516	15.63508064516129	18.0502401757406	129	739	45	4.0	58.0	30.0	22	3.0	29.0	15.0	2743	0	0.12499356269836426	65000	26.968997716903687	30725	52.73076923076923	
1657479822.9061143	42.286	3.0480961923847696	30.394789579158317	15.721442885771543	18.0502401757406	130	740	45	4.0	58.0	30.0	22	3.0	29.0	15.0	2768	0	0.15623950958251953	65500	27.125237226486206	30882	52.85190839694657	
613292142118.8341	42.148	3.0421686746987953	30.22289156626506	15.632530120481928	18.0502401757406	131	742	45	4.0	58.0	30.0	22	3.0	29.0	15.0	2791	0	0.1734757423400879	66000	27.298712968826294	31054	52.94848484848485	
627397.7617419704	41.458	3.0423387096774195	30.22782258064516	15.63508064516129	18.0502401757406	132	746	45	4.0	58.0	30.0	22	3.0	29.0	15.0	2813	0	0.15624284744262695	66500	27.45495581626892	31208	53.070676691729325	
489772173.79662365	42.24	3.032128514056225	29.931726907630523	15.481927710843374	18.0502401757406	133	748	45	4.0	58.0	30.0	22	3.0	29.0	15.0	2832	0	0.14061379432678223	67000	27.595569610595703	31372	53.17611940298507	
745517027.5886402	41.182	3.032128514056225	29.931726907630523	15.481927710843374	18.0502401757406	134	750	45	4.0	58.0	30.0	22	3.0	29.0	15.0	2849	0	0.1567540168762207	67500	27.752323627471924	31542	53.27111111111111	
364505565.84928447	40.354	3.0303030303030303	29.87878787878788	15.454545454545455	18.0502401757406	135	755	45	4.0	58.0	30.0	22	3.0	29.0	15.0	2866	0	0.14061355590820312	68000	27.892937183380127	31686	53.402941176470584	
813346854.4212935	40.906	3.0440881763527052	30.278557114228455	15.661322645290582	18.0502401757406	136	756	45	4.0	58.0	30.0	22	3.0	29.0	15.0	2889	0	0.14061713218688965	68500	28.033554315567017	31822	53.544525547445254	
528862044.26561785	40.676	3.046653144016227	30.352941176470587	15.699797160243408	18.0502401757406	137	763	45	4.0	58.0	30.0	22	3.0	29.0	15.0	2914	0	0.1588129997253418	69000	28.19236731529236	31975	53.65942028985507	
292767049.31730413	40.17	3.028397565922921	29.823529411764707	15.425963488843813	18.0502401757406	138	770	45	4.0	58.0	30.0	22	3.0	29.0	15.0	2930	0	0.15624117851257324	69500	28.34860849380493	32131	53.76834532374101	
377264263.7669994	39.342	3.0481927710843375	30.397590361445783	15.72289156626506	18.0502401757406	139	772	45	4.0	58.0	30.0	22	3.0	29.0	15.0	2955	0	0.15623998641967773	70000	28.50484848022461	32286	53.87714285714286	
51340083.43162589	39.756	3.026052104208417	29.75551102204409	15.390781563126252	18.0502401757406	140	773	45	4.0	58.0	30.0	22	3.0	29.0	15.0	2970	0	0.15623855590820312	70500	28.661087036132812	32437	53.99007092198582	
432394166.65379155	40.446	3.0424242424242425	30.23030303030303	15.636363636363637	18.0502401757406	141	778	45	4.0	58.0	30.0	22	3.0	29.0	15.0	2993	0	0.18874287605285645	71000	28.84982991218567	32574	54.121126760563385	
232341944.66501763	41.32	3.056795131845842	30.647058823529413	15.851926977687627	18.0502401757406	142	785	45	4.0	58.0	30.0	22	3.0	29.0	15.0	3023	0	0.15624070167541504	71500	29.006070613861084	32729	54.225174825174825	
268502483.206225	42.286	3.052313883299799	30.517102615694164	15.784708249496981	18.0502401757406	143	788	45	4.0	58.0	30.0	22	3.0	29.0	15.0	3052	0	0.14061522483825684	72000	29.14668583869934	32878	54.336111111111116	
635758117.7253217	42.378	3.0463709677419355	30.344758064516128	15.695564516129032	18.0502401757406	144	792	45	4.0	58.0	30.0	22	3.0	29.0	15.0	3076	0	0.1421957015991211	72500	29.288881540298462	33027	54.44551724137931	
674304108.7638205	43.298	3.0423387096774195	30.22782258064516	15.63508064516129	18.0502401757406	145	796	45	4.0	58.0	30.0	22	3.0	29.0	15.0	3099	0	0.15623903274536133	73000	29.445120573043823	33191	54.532876712328765	
618489586.4291704	43.528	3.034274193548387	29.993951612903224	15.514112903225806	18.0502401757406	146	800	45	4.0	58.0	30.0	22	3.0	29.0	15.0	3118	0	0.17186331748962402	73500	29.616983890533447	33340	54.63945578231292	
661538864.2575189	44.034	3.056112224448898	30.627254509018037	15.841683366733466	18.0502401757406	147	802	45	4.0	58.0	30.0	22	3.0	29.0	15.0	3146	0	0.12851929664611816	74000	29.745503187179565	33495	54.736486486486484	
669091246.0494289	43.988	3.03420523138833	29.99195171026157	15.513078470824949	18.0502401757406	148	806	45	4.0	58.0	30.0	22	3.0	29.0	15.0	3163	0	0.12499356269836426	74500	29.87049674987793	33648	54.83489932885906	
207042016832235.16	43.758	3.0481927710843375	30.397590361445783	15.72289156626506	18.0502401757406	149	808	45	4.0	58.0	30.0	22	3.0	29.0	15.0	3189	0	0.15623784065246582	75000	30.026734590530396	33801	54.931999999999995	
1302606993.1530123	43.574	3.0502008032128516	30.455823293172692	15.75301204819277	18.0502401757406	150	810	45	4.0	58.0	30.0	22	3.0	29.0	15.0	3216	0	0.17186427116394043	75500	30.198598861694336	33971	55.00529801324504	
474554634.7851338	43.39	3.056112224448898	30.627254509018037	15.841683366733466	18.0502401757406	151	811	45	4.0	58.0	30.0	22	3.0	29.0	15.0	3245	0	0.15903067588806152	76000	30.357629537582397	34125	55.098684210526315	
347779396.2901552	43.62	3.058	30.682	15.87	18.0502401757406	152	812	45	4	58	30	22	3	29	15	3275	0	0.14061760902404785	76500	30.498247146606445	34290	55.17647058823529	
575542860.5473692	43.39	3.056112224448898	30.627254509018037	15.841683366733466	18.0502401757406	153	813	45	4.0	58.0	30.0	22	3.0	29.0	15.0	3307	0	0.14061260223388672	77000	30.638859748840332	34428	55.28831168831169	
171395895.107212	43.114	3.0481927710843375	30.397590361445783	15.72289156626506	18.0502401757406	154	815	45	4.0	58.0	30.0	22	3.0	29.0	15.0	3334	0	0.15776276588439941	77500	30.79662251472473	34597	55.358709677419355	
514170910.5065618	43.16	3.048	30.392	15.72	18.0502401757406	155	815	45	4	58	30	22	3	29	15	3359	0	0.15623927116394043	78000	30.952861785888672	34750	55.44871794871795	
332021179.8573893	43.068	3.054	30.566	15.81	18.0502401757406	156	815	45	4	58	30	22	3	29	15	3387	0	0.15623879432678223	78500	31.109100580215454	34934	55.49808917197453	
8.901016823672033e+31	42.332	3.0642570281124497	30.863453815261042	15.963855421686747	18.0502401757406	157	817	45	4.0	58.0	30.0	22	3.0	29.0	15.0	3422	0	0.15806007385253906	79000	31.267160654067993	35106	55.562025316455696	
301807627.99650604	42.838	3.040160642570281	30.164658634538153	15.602409638554217	18.0502401757406	158	819	45	4.0	58.0	30.0	22	3.0	29.0	15.0	3444	0	0.17186307907104492	79500	31.439023733139038	35303	55.5937106918239	
275478757.6768151	42.838	3.0362173038229376	30.050301810865193	15.543259557344065	18.0502401757406	159	822	45	4.0	58.0	30.0	22	3.0	29.0	15.0	3463	0	0.15623950958251953	80000	31.595263242721558	35484	55.645	
1440417232.8960638	42.746	3.040160642570281	30.164658634538153	15.602409638554217	18.0502401757406	160	824	45	4.0	58.0	30.0	22	3.0	29.0	15.0	3486	0	0.14194202423095703	80500	31.737205266952515	35657	55.7055900621118	
1053318030067.1384	42.93	3.0480961923847696	30.394789579158317	15.721442885771543	18.0502401757406	161	825	45	4.0	58.0	30.0	22	3.0	29.0	15.0	3511	0	0.14061498641967773	81000	31.877820253372192	35826	55.77037037037037	
662839703.248677	42.7	3.052313883299799	30.517102615694164	15.784708249496981	18.0502401757406	162	828	45	4.0	58.0	30.0	22	3.0	29.0	15.0	3538	0	0.18748855590820312	81500	32.065308809280396	36011	55.81472392638037	
886633766.0214269	42.562	3.04040404040404	30.171717171717173	15.606060606060606	18.0502401757406	163	834	45	4.0	58.0	30.0	22	3.0	29.0	15.0	3558	0	0.15624284744262695	82000	32.22155165672302	36206	55.84634146341463	
547267270.5637145	43.344	3.034274193548387	29.993951612903224	15.514112903225806	18.0502401757406	164	839	45	4.0	58.0	30.0	22	3.0	29.0	15.0	3575	0	0.12498664855957031	82500	32.34653830528259	36392	55.88848484848485	
232493073.66045535	43.804	3.062124248496994	30.801603206412825	15.93186372745491	18.0502401757406	165	840	45	4.0	58.0	30.0	22	3.0	29.0	15.0	3608	0	0.17186331748962402	83000	32.51840162277222	36558	55.95421686746988	
463665225.9481291	43.252	3.0400801603206413	30.162324649298597	15.60120240480962	18.0502401757406	166	841	45	4.0	58.0	30.0	22	3.0	29.0	15.0	3630	0	0.12499213218688965	83500	32.643393754959106	36711	56.034730538922155	
2011655525.518714	43.114	3.038076152304609	30.104208416833668	15.571142284569138	18.0502401757406	167	842	45	4.0	58.0	30.0	22	3.0	29.0	15.0	3651	0	0.1888425350189209	84000	32.83223628997803	36875	56.101190476190474	
304826043.71422476	43.344	3.0400801603206413	30.162324649298597	15.60120240480962	18.0502401757406	168	843	45	4.0	58.0	30.0	22	3.0	29.0	15.0	3673	0	0.14061617851257324	84500	32.9728524684906	37034	56.172781065088756	
325493299.7159585	42.654	3.036144578313253	30.048192771084338	15.542168674698795	18.0502401757406	169	845	45	4.0	58.0	30.0	22	3.0	29.0	15.0	3692	0	0.1874866485595703	85000	33.16033911705017	37208	56.22588235294118	
501062994.2150734	42.286	3.0242424242424244	29.703030303030303	15.363636363636363	18.0502401757406	170	850	45	4.0	58.0	30.0	22	3.0	29.0	15.0	3707	0	0.15767526626586914	85500	33.31801438331604	37397	56.26081871345029	
495552334.41538274	42.792	3.042	30.218	15.63	18.0502401757406	171	850	45	4	58	30	22	3	29	15	3730	0	0.17186212539672852	86000	33.48987650871277	37570	56.31395348837209	
616984213.4021131	42.332	3.02	29.58	15.3	18.0502401757406	172	850	45	4	58	30	22	3	29	15	3743	0	0.17186498641967773	86500	33.661741495132446	37761	56.34566473988439	
523007267.750132	42.608	3.036290322580645	30.052419354838708	15.544354838709678	18.0502401757406	173	854	45	4.0	58.0	30.0	22	3.0	29.0	15.0	3763	0	0.17251944541931152	87000	33.83426094055176	37942	56.38850574712644	
442201622.310358	42.378	3.04040404040404	30.171717171717173	15.606060606060606	18.0502401757406	174	859	45	4.0	58.0	30.0	22	3.0	29.0	15.0	3786	0	0.12499189376831055	87500	33.95925283432007	38130	56.42285714285714	
426127354.840978	42.516	3.066265060240964	30.92168674698795	15.993975903614459	18.0502401757406	175	861	45	4.0	58.0	30.0	22	3.0	29.0	15.0	3820	0	0.17186188697814941	88000	34.13111472129822	38295	56.48295454545455	
240497847.3591416	42.286	3.0422535211267605	30.225352112676056	15.633802816901408	18.0502401757406	176	864	45	4.0	58.0	30.0	22	3.0	29.0	15.0	3845	0	0.20502519607543945	88500	34.33613991737366	38453	56.550282485875705	
514242039.80144066	42.516	3.0504032258064515	30.461693548387096	15.756048387096774	18.0502401757406	177	868	45	4.0	58.0	30.0	22	3.0	29.0	15.0	3873	0	0.17186474800109863	89000	34.508004665374756	38610	56.61797752808989	
221339834.26949543	42.378	3.0280561122244487	29.81362725450902	15.420841683366733	18.0502401757406	178	869	45	4.0	58.0	30.0	22	3.0	29.0	15.0	3888	0	0.2031102180480957	89500	34.71111488342285	38777	56.67374301675977	
894966029.5709614	42.608	3.0480961923847696	30.394789579158317	15.721442885771543	18.0502401757406	179	871	45	4.0	58.0	30.0	22	3.0	29.0	15.0	3913	0	0.1422286033630371	90000	34.85334348678589	38947	56.72555555555556	
538566850.9259486	42.608	3.038	30.102	15.57	18.0502401757406	180	871	45	4	58	30	22	3	29	15	3936	0	0.14061474800109863	90500	34.99395823478699	39110	56.784530386740336	
737403622.9168417	43.068	3.052313883299799	30.517102615694164	15.784708249496981	18.0502401757406	181	875	45	4.0	58.0	30.0	22	3.0	29.0	15.0	3962	0	0.1874854564666748	91000	35.18144369125366	39257	56.860439560439566	
202939506.7732805	43.206	3.0502008032128516	30.455823293172692	15.75301204819277	18.0502401757406	182	877	45	4.0	58.0	30.0	22	3.0	29.0	15.0	3988	0	0.17186379432678223	91500	35.353307485580444	39406	56.93333333333334	
187061400.36669025	43.16	3.036290322580645	30.052419354838708	15.544354838709678	18.0502401757406	183	882	45	4.0	58.0	30.0	22	3.0	29.0	15.0	4007	0	0.12499141693115234	92000	35.4782989025116	39568	56.99130434782609	
1405574861.5837443	43.344	3.054	30.566	15.81	18.0502401757406	184	882	45	4	58	30	22	3	29	15	4037	0	0.203110933303833	92500	35.68140983581543	39747	57.03027027027027	
93574702590769.39	43.022	3.0501002004008018	30.452905811623246	15.751503006012024	18.0502401757406	185	883	45	4.0	58.0	30.0	22	3.0	29.0	15.0	4063	0	0.18958067893981934	93000	35.87099051475525	39900	57.09677419354839	
690871212.749006	43.344	3.0340681362725452	29.987975951903806	15.511022044088177	18.0502401757406	186	884	45	4.0	58.0	30.0	22	3.0	29.0	15.0	4082	0	0.17186450958251953	93500	36.04285502433777	40039	57.177540106951874	
229534523.18979967	42.884	3.0541082164328657	30.569138276553105	15.811623246492985	18.0502401757406	187	885	45	4.0	58.0	30.0	22	3.0	29.0	15.0	4111	0	0.2031111717224121	94000	36.24596619606018	40169	57.26702127659574	
189876760.52474698	42.608	3.056112224448898	30.627254509018037	15.841683366733466	18.0502401757406	188	886	45	4.0	58.0	30.0	22	3.0	29.0	15.0	4140	0	0.20543622970581055	94500	36.45140242576599	40323	57.33015873015873	
1.5364865626739224e+26	42.332	3.038	30.102	15.57	18.0502401757406	189	887	45	4	58	30	22	3	29	15	4161	0	0.18748927116394043	95000	36.63889169692993	40477	57.392631578947366	
583525412.6081262	42.378	3.0400801603206413	30.162324649298597	15.60120240480962	18.0502401757406	190	888	45	4.0	58.0	30.0	22	3.0	29.0	15.0	4183	0	0.15606307983398438	95500	36.794954776763916	40630	57.455497382198956	
191159733.2962177	42.516	3.0460921843687374	30.336673346693388	15.691382765531062	18.0502401757406	191	889	45	4.0	58.0	30.0	22	3.0	29.0	15.0	4207	0	0.12499189376831055	96000	36.91994667053223	40769	57.532291666666666	
698026284.8398111	42.01	3.04040404040404	30.171717171717173	15.606060606060606	18.0502401757406	192	894	45	4.0	58.0	30.0	22	3.0	29.0	15.0	4229	0	0.14061474800109863	96500	37.060561418533325	40894	57.622797927461136	
157235814.03718778	41.458	3.04868154158215	30.41176470588235	15.730223123732252	18.0502401757406	193	901	45	4.0	58.0	30.0	22	3.0	29.0	15.0	4255	0	0.14061570167541504	97000	37.20117712020874	41019	57.71237113402062	
244365707.25962082	41.32	3.0385395537525355	30.11764705882353	15.578093306288032	18.0502401757406	194	909	45	4.0	58.0	30.0	22	3.0	29.0	15.0	4276	0	0.15786194801330566	97500	37.359039068222046	41158	57.78666666666666	
395850341.6239089	41.182	3.0481927710843375	30.397590361445783	15.72289156626506	18.0502401757406	195	911	45	4.0	58.0	30.0	22	3.0	29.0	15.0	4301	0	0.12499117851257324	98000	37.48403024673462	41293	57.864285714285714	
63824028.62342043	41.688	3.0524193548387095	30.52016129032258	15.786290322580646	18.0502401757406	196	915	45	4.0	58.0	30.0	22	3.0	29.0	15.0	4329	0	0.15623950958251953	98500	37.64026975631714	41443	57.9258883248731	
511273650.8465612	41.182	3.0400801603206413	30.162324649298597	15.60120240480962	18.0502401757406	197	916	45	4.0	58.0	30.0	22	3.0	29.0	15.0	4351	0	0.17529869079589844	99000	37.81556844711304	41603	57.97676767676768	
208594128.3291073	40.446	3.0403225806451615	30.169354838709676	15.60483870967742	18.0502401757406	198	920	45	4.0	58.0	30.0	22	3.0	29.0	15.0	4374	0	0.17186284065246582	99500	37.9874312877655	41745	58.04522613065327	
61642661.679094985	41.044	3.0464646464646465	30.34747474747475	15.696969696969697	18.0502401757406	199	925	45	4.0	58.0	30.0	22	3.0	29.0	15.0	4399	0	0.15623927116394043	100000	38.14367055892944	41900	58.1	
421828086.94829494	41.918	3.0524193548387095	30.52016129032258	15.786290322580646	18.0502401757406	200	929	45	4.0	58.0	30.0	22	3.0	29.0	15.0	4427	0	0.17290472984313965	100500	38.31657528877258	42053	58.156218905472635	
18475016295887.793	41.366	3.03420523138833	29.99195171026157	15.513078470824949	18.0502401757406	201	932	45	4.0	58.0	30.0	22	3.0	29.0	15.0	4446	0	0.15623807907104492	101000	38.47281336784363	42202	58.21584158415842	
215740832.02911848	41.642	3.030425963488844	29.88235294117647	15.456389452332656	18.0502401757406	202	939	45	4.0	58.0	30.0	22	3.0	29.0	15.0	4464	0	0.14061546325683594	101500	38.613428831100464	42365	58.26108374384236	
309390493.29101557	40.216	3.036363636363636	30.054545454545455	15.545454545454545	18.0502401757406	203	944	45	4.0	58.0	30.0	22	3.0	29.0	15.0	4483	0	0.17186522483825684	102000	38.78529405593872	42508	58.325490196078434	
178053158.47933555	40.492	3.036072144288577	30.04609218436874	15.541082164328657	18.0502401757406	204	945	45	4.0	58.0	30.0	22	3.0	29.0	15.0	4502	0	0.15623807907104492	102500	38.941532135009766	42659	58.38146341463414	
138594901.85646522	40.768	3.062626262626263	30.816161616161615	15.93939393939394	18.0502401757406	205	950	45	4.0	58.0	30.0	22	3.0	29.0	15.0	4536	0	0.14061594009399414	103000	39.08214807510376	42793	58.453398058252425	
200081889.59780878	41.688	3.038152610441767	30.106425702811244	15.572289156626505	18.0502401757406	206	952	45	4.0	58.0	30.0	22	3.0	29.0	15.0	4557	0	0.17186188697814941	103500	39.25400996208191	42939	58.51304347826087	
455508001.0894762	42.102	3.034136546184739	29.98995983935743	15.512048192771084	18.0502401757406	207	954	45	4.0	58.0	30.0	22	3.0	29.0	15.0	4575	0	0.15795564651489258	104000	39.4119656085968	43056	58.6	
182919029.35470623	41.32	3.0364372469635628	30.05668016194332	15.54655870445344	18.0502401757406	208	960	45	4.0	58.0	30.0	22	3.0	29.0	15.0	4595	0	0.15623807907104492	104500	39.56820368766785	43189	58.67081339712919	
738146170.8927484	41.918	3.0343434343434343	29.995959595959597	15.515151515151516	18.0502401757406	209	965	45	4.0	58.0	30.0	22	3.0	29.0	15.0	4614	0	0.15623974800109863	105000	39.724443435668945	43325	58.73809523809524	
443047356.69269747	41.826	3.034136546184739	29.98995983935743	15.512048192771084	18.0502401757406	210	968	45	4.0	58.0	30.0	22	3.0	29.0	15.0	4631	0	0.17355084419250488	105500	39.89799427986145	43476	58.79052132701422	
753009143.4978884	41.32	3.034136546184739	29.98995983935743	15.512048192771084	18.0502401757406	211	970	45	4.0	58.0	30.0	22	3.0	29.0	15.0	4649	0	0.12499570846557617	106000	40.022989988327026	43630	58.83962264150943	
4.7601999355879265e+29	41.78	3.0543259557344062	30.575452716297786	15.814889336016096	18.0502401757406	212	973	45	4.0	58.0	30.0	22	3.0	29.0	15.0	4680	0	0.1406111717224121	106500	40.16360116004944	43793	58.879812206572765	
269615815.6018845	42.332	3.04	30.16	15.6	18.0502401757406	213	974	45	4	58	30	22	3	29	15	4702	0	0.17285990715026855	107000	40.33646106719971	43936	58.938317757009344	
479884645.4909039	42.286	3.0403225806451615	30.169354838709676	15.60483870967742	18.0502401757406	214	979	45	4.0	58.0	30.0	22	3.0	29.0	15.0	4722	0	0.15623855590820312	107500	40.49269962310791	44069	59.00558139534884	
405662800.2839764	42.056	3.032064128256513	29.929859719438877	15.480961923847696	18.0502401757406	215	980	45	4.0	58.0	30.0	22	3.0	29.0	15.0	4740	0	0.15623950958251953	108000	40.64893913269043	44208	59.06666666666667	
120502446409857.98	41.228	3.0284552845528454	29.82520325203252	15.426829268292684	18.0502401757406	216	989	45	4.0	58.0	30.0	22	3.0	29.0	15.0	4754	0	0.12499141693115234	108500	40.77393054962158	44346	59.12811059907834	
934238344.8241434	41.734	3.0301810865191148	29.875251509054326	15.45271629778672	18.0502401757406	217	993	45	4.0	58.0	30.0	22	3.0	29.0	15.0	4769	0	0.15661907196044922	109000	40.93054962158203	44466	59.205504587155964	
327750680.8055586	41.274	3.038076152304609	30.104208416833668	15.571142284569138	18.0502401757406	218	995	45	4.0	58.0	30.0	22	3.0	29.0	15.0	4789	0	0.17186236381530762	109500	41.10241198539734	44587	59.281278538812785	
1061322446.368581	41.458	3.0686868686868687	30.99191919191919	16.03030303030303	18.0502401757406	219	1000	45	4.0	58.0	30.0	22	3.0	29.0	15.0	4825	0	0.15623903274536133	110000	41.2586510181427	44711	59.35363636363636	
568367537643677.9	41.182	3.024144869215292	29.70020120724346	15.362173038229376	18.0502401757406	220	1004	45	4.0	58.0	30.0	22	3.0	29.0	15.0	4837	0	0.1729583740234375	110500	41.43160939216614	44858	59.40452488687783	
465000583.9985225	39.664	3.046653144016227	30.352941176470587	15.699797160243408	18.0502401757406	221	1011	45	4.0	58.0	30.0	22	3.0	29.0	15.0	4861	0	0.15623879432678223	111000	41.58784818649292	44979	59.47837837837838	
23975714.256778512	39.71	3.0240963855421685	29.698795180722893	15.36144578313253	18.0502401757406	222	1013	45	4.0	58.0	30.0	22	3.0	29.0	15.0	4875	0	0.15623927116394043	111500	41.74408745765686	45117	59.53632286995516	
292468322.3033114	40.032	3.0525252525252524	30.523232323232325	15.787878787878787	18.0502401757406	223	1019	45	4.0	58.0	30.0	22	3.0	29.0	15.0	4903	0	0.15718960762023926	112000	41.9012770652771	45249	59.59910714285714	
753714887.1007408	40.124	3.034274193548387	29.993951612903224	15.514112903225806	18.0502401757406	224	1023	45	4.0	58.0	30.0	22	3.0	29.0	15.0	4923	0	0.14061522483825684	112500	42.041892290115356	45381	59.66133333333333	
927791783.3121008	39.94	3.0282828282828285	29.82020202020202	15.424242424242424	18.0502401757406	225	1028	45	4.0	58.0	30.0	22	3.0	29.0	15.0	4941	0	0.15624070167541504	113000	42.19813299179077	45540	59.69911504424778	
175966832.4310112	39.94	3.038306451612903	30.110887096774192	15.574596774193548	18.0502401757406	226	1032	45	4.0	58.0	30.0	22	3.0	29.0	15.0	4963	0	0.1737828254699707	113500	42.37191581726074	45682	59.75154185022026	
678852551.9764692	40.86	3.0484848484848484	30.406060606060606	15.727272727272727	18.0502401757406	227	1037	45	4.0	58.0	30.0	22	3.0	29.0	15.0	4989	0	0.17186331748962402	114000	42.543779134750366	45802	59.82280701754386	
7.324043595786523e+19	40.814	3.0463709677419355	30.344758064516128	15.695564516129032	18.0502401757406	228	1041	45	4.0	58.0	30.0	22	3.0	29.0	15.0	5013	0	0.18748760223388672	114500	42.73126673698425	45936	59.88122270742358	
42295602.23341776	41.228	3.04040404040404	30.171717171717173	15.606060606060606	18.0502401757406	229	1046	45	4.0	58.0	30.0	22	3.0	29.0	15.0	5034	0	0.15832996368408203	115000	42.889596700668335	46049	59.95739130434782	
226585394.7124026	41.918	3.032258064516129	29.93548387096774	15.483870967741936	18.0502401757406	230	1050	45	4.0	58.0	30.0	22	3.0	29.0	15.0	5051	0	0.14061546325683594	115500	43.03021216392517	46198	60.0017316017316	
369391415.6810211	41.366	3.052313883299799	30.517102615694164	15.784708249496981	18.0502401757406	231	1053	45	4.0	58.0	30.0	22	3.0	29.0	15.0	5080	0	0.15623950958251953	116000	43.18645167350769	46346	60.04655172413793	
266621758.21661013	42.148	3.036144578313253	30.048192771084338	15.542168674698795	18.0502401757406	232	1055	45	4.0	58.0	30.0	22	3.0	29.0	15.0	5099	0	0.1721649169921875	116500	43.35861659049988	46489	60.095278969957086	
375727863.3938552	41.412	3.0403225806451615	30.169354838709676	15.60483870967742	18.0502401757406	233	1060	45	4.0	58.0	30.0	22	3.0	29.0	15.0	5120	0	0.12499189376831055	117000	43.48360848426819	46633	60.14273504273504	
773021623361934.5	41.228	3.0461847389558234	30.339357429718877	15.69277108433735	18.0502401757406	234	1062	45	4.0	58.0	30.0	22	3.0	29.0	15.0	5146	0	0.10936737060546875	117500	43.59297585487366	46775	60.191489361702125	
361454278.1861298	41.504	3.038306451612903	30.110887096774192	15.574596774193548	18.0502401757406	235	1066	45	4.0	58.0	30.0	22	3.0	29.0	15.0	5167	0	0.15623903274536133	118000	43.74921488761902	46933	60.22627118644068	
75888217.05550356	42.148	3.040160642570281	30.164658634538153	15.602409638554217	18.0502401757406	236	1068	45	4.0	58.0	30.0	22	3.0	29.0	15.0	5189	0	0.1406254768371582	118500	43.88984036445618	47080	60.270042194092824	
609578435.5118245	41.734	3.0441767068273093	30.281124497991968	15.662650602409638	18.0502401757406	237	1070	45	4.0	58.0	30.0	22	3.0	29.0	15.0	5212	0	0.17186331748962402	119000	44.0617036819458	47217	60.3218487394958	
9.916631936591027e+17	42.148	3.0501002004008018	30.452905811623246	15.751503006012024	18.0502401757406	238	1072	45	4.0	58.0	30.0	22	3.0	29.0	15.0	5236	0	0.18748855590820312	119500	44.249192237854004	47349	60.377405857740584	
287552090.068134	41.412	3.0464646464646465	30.34747474747475	15.696969696969697	18.0502401757406	239	1077	45	4.0	58.0	30.0	22	3.0	29.0	15.0	5260	0	0.1419661045074463	120000	44.39115834236145	47503	60.41416666666667	
222820743.81930766	41.044	3.040160642570281	30.164658634538153	15.602409638554217	18.0502401757406	240	1079	45	4.0	58.0	30.0	22	3.0	29.0	15.0	5283	0	0.17186379432678223	120500	44.56302213668823	47631	60.47219917012448	
30857536.979256026	41.136	3.0483870967741935	30.403225806451612	15.725806451612904	18.0502401757406	241	1083	45	4.0	58.0	30.0	22	3.0	29.0	15.0	5308	0	0.14061641693115234	121000	44.703638553619385	47747	60.5396694214876	
129307636.87665142	40.308	3.026209677419355	29.760080645161292	15.393145161290322	18.0502401757406	242	1088	45	4.0	58.0	30.0	22	3.0	29.0	15.0	5321	0	0.17320704460144043	121500	44.876845598220825	47882	60.59094650205761	
121100554.51572129	41.09	3.0404858299595143	30.17408906882591	15.607287449392713	18.0502401757406	243	1094	45	4.0	58.0	30.0	22	3.0	29.0	15.0	5342	0	0.14061570167541504	122000	45.01746129989624	47995	60.65983606557377	
342085673.3136344	40.354	3.0465587044534415	30.350202429149796	15.69838056680162	18.0502401757406	244	1100	45	4.0	58.0	30.0	22	3.0	29.0	15.0	5366	0	0.15623879432678223	122500	45.17370009422302	48110	60.7265306122449	
17257143.364339143	41.78	3.0464646464646465	30.34747474747475	15.696969696969697	18.0502401757406	245	1105	45	4.0	58.0	30.0	22	3.0	29.0	15.0	5391	0	0.14061546325683594	123000	45.31431555747986	48215	60.800813008130085	
153741551.54353404	41.504	3.056338028169014	30.633802816901408	15.845070422535212	18.0502401757406	246	1108	45	4.0	58.0	30.0	22	3.0	29.0	15.0	5420	0	0.15638518333435059	123500	45.47070074081421	48319	60.8753036437247	
725100605.5701182	42.332	3.030241935483871	29.87701612903226	15.453629032258064	18.0502401757406	247	1112	45	4.0	58.0	30.0	22	3.0	29.0	15.0	5437	0	0.17186355590820312	124000	45.64256429672241	48441	60.93467741935484	
431979562.8303379	42.746	3.038152610441767	30.106425702811244	15.572289156626505	18.0502401757406	248	1114	45	4.0	58.0	30.0	22	3.0	29.0	15.0	5458	0	0.17186331748962402	124500	45.814427614212036	48568	60.98955823293173	
325261841.5608127	42.608	3.0484848484848484	30.406060606060606	15.727272727272727	18.0502401757406	249	1119	45	4.0	58.0	30.0	22	3.0	29.0	15.0	5486	0	0.15638446807861328	125000	45.97081208229065	48705	61.036	
270914296.08923715	42.332	3.0460921843687374	30.336673346693388	15.691382765531062	18.0502401757406	250	1120	45	4.0	58.0	30.0	22	3.0	29.0	15.0	5511	0	0.15623927116394043	125500	46.12705135345459	48836	61.08685258964143	
157596620.3286299	41.642	3.0423387096774195	30.22782258064516	15.63508064516129	18.0502401757406	251	1124	45	4.0	58.0	30.0	22	3.0	29.0	15.0	5534	0	0.14061570167541504	126000	46.267667055130005	48968	61.13650793650794	
255058986.78963962	42.102	3.0240963855421685	29.698795180722893	15.36144578313253	18.0502401757406	252	1127	45	4.0	58.0	30.0	22	3.0	29.0	15.0	5548	0	0.1727919578552246	126500	46.44045901298523	49122	61.168379446640316	
30246501.481298607	42.286	3.0321931589537225	29.93360160965795	15.482897384305835	18.0502401757406	253	1130	45	4.0	58.0	30.0	22	3.0	29.0	15.0	5565	0	0.15624022483825684	127000	46.596699237823486	49262	61.21102362204724	
365927468.06822646	42.056	3.0402414486921527	30.167002012072434	15.603621730382294	18.0502401757406	254	1133	45	4.0	58.0	30.0	22	3.0	29.0	15.0	5587	0	0.14061450958251953	127500	46.737313747406006	49411	61.246274509803925	
1281430809.999589	42.102	3.058467741935484	30.695564516129032	15.877016129032258	18.0502401757406	255	1137	45	4.0	58.0	30.0	22	3.0	29.0	15.0	5619	0	0.15813851356506348	128000	46.89545226097107	49557	61.28359375	
1794490845.2230291	42.332	3.0483870967741935	30.403225806451612	15.725806451612904	18.0502401757406	256	1141	45	4.0	58.0	30.0	22	3.0	29.0	15.0	5647	0	0.17186236381530762	128500	47.06731462478638	49706	61.31828793774319	
591008825.5609114	42.24	3.0524193548387095	30.52016129032258	15.786290322580646	18.0502401757406	257	1146	45	4.0	58.0	30.0	22	3.0	29.0	15.0	5676	0	0.12499213218688965	129000	47.19230675697327	49856	61.351937984496125	
1.4265919332385183e+24	41.55	3.0441767068273093	30.281124497991968	15.662650602409638	18.0502401757406	258	1148	45	4.0	58.0	30.0	22	3.0	29.0	15.0	5699	0	0.15623950958251953	129500	47.348546266555786	49990	61.3976833976834	
1155519174.320256	39.986	3.024340770791075	29.705882352941178	15.365111561866126	18.0502401757406	259	1156	45	4.0	58.0	30.0	22	3.0	29.0	15.0	5712	0	0.17286419868469238	130000	47.52141046524048	50148	61.424615384615386	
628593023.2617981	39.664	3.0387755102040814	30.124489795918368	15.581632653061224	18.0502401757406	260	1166	45	4.0	58.0	30.0	22	3.0	29.0	15.0	5733	0	0.2968556880950928	130500	47.81826615333557	50311	61.447509578544064	
514289270.7306928	39.572	3.0282828282828285	29.82020202020202	15.424242424242424	18.0502401757406	261	1171	45	4.0	58.0	30.0	22	3.0	29.0	15.0	5750	0	0.1429882049560547	131000	47.961254358291626	50455	61.48473282442748	
621152190.8448142	39.986	3.0482897384305834	30.400402414486923	15.724346076458753	18.0502401757406	262	1175	45	4.0	58.0	30.0	22	3.0	29.0	15.0	5777	0	0.15623950958251953	131500	48.117493867874146	50603	61.518631178707224	
6895944107.151752	40.124	3.0442655935613683	30.28370221327968	15.663983903420522	18.0502401757406	263	1178	45	4.0	58.0	30.0	22	3.0	29.0	15.0	5801	0	0.17186403274536133	132000	48.28935790061951	50769	61.538636363636364	
532542162.9274776	40.262	3.026369168356998	29.764705882352942	15.39553752535497	18.0502401757406	264	1185	45	4.0	58.0	30.0	22	3.0	29.0	15.0	5816	0	0.15688467025756836	132500	48.446242570877075	50914	61.57433962264151	
863794992.120279	39.526	3.0383838383838384	30.113131313131312	15.575757575757576	18.0502401757406	265	1190	45	4.0	58.0	30.0	22	3.0	29.0	15.0	5837	0	0.14206719398498535	133000	48.58830976486206	51071	61.60075187969925	
446281684.0811508	40.676	3.0303030303030303	29.87878787878788	15.454545454545455	18.0502401757406	266	1195	45	4.0	58.0	30.0	22	3.0	29.0	15.0	5854	0	0.156235933303833	133500	48.744545698165894	51242	61.616479400749064	
756071087.904213	41.32	3.0424242424242425	30.23030303030303	15.636363636363637	18.0502401757406	267	1200	45	4.0	58.0	30.0	22	3.0	29.0	15.0	5877	0	0.15820837020874023	134000	48.902754068374634	51418	61.62835820895523	
148424234.94091	41.964	3.030425963488844	29.88235294117647	15.456389452332656	18.0502401757406	268	1207	45	4.0	58.0	30.0	22	3.0	29.0	15.0	5893	0	0.12499189376831055	134500	49.027745962142944	51610	61.628252788104085	
6.554427234749843e+25	42.654	3.0484848484848484	30.406060606060606	15.727272727272727	18.0502401757406	269	1212	45	4.0	58.0	30.0	22	3.0	29.0	15.0	5919	0	0.14061641693115234	135000	49.1683623790741	51785	61.64074074074074	
527042724.86957085	42.792	3.0622489959839356	30.805220883534137	15.933734939759036	18.0502401757406	270	1214	45	4.0	58.0	30.0	22	3.0	29.0	15.0	5951	0	0.17186188697814941	135500	49.340224266052246	51930	61.67527675276753	
832158968.3077092	42.148	3.0441767068273093	30.281124497991968	15.662650602409638	18.0502401757406	271	1216	45	4.0	58.0	30.0	22	3.0	29.0	15.0	5975	0	0.17330169677734375	136000	49.51352596282959	52100	61.69117647058823	
781839503.7612103	41.458	3.0384615384615383	30.115384615384617	15.576923076923077	18.0502401757406	272	1222	45	4.0	58.0	30.0	22	3.0	29.0	15.0	5995	0	0.12499189376831055	136500	49.6385178565979	52232	61.734798534798536	
296024269.0550886	42.378	3.0403225806451615	30.169354838709676	15.60483870967742	18.0502401757406	273	1226	45	4.0	58.0	30.0	22	3.0	29.0	15.0	6018	0	0.14061617851257324	137000	49.779134035110474	52381	61.76569343065693	
232021133.7313534	42.056	3.052313883299799	30.517102615694164	15.784708249496981	18.0502401757406	274	1229	45	4.0	58.0	30.0	22	3.0	29.0	15.0	6047	0	0.1564180850982666	137500	49.93555212020874	52520	61.803636363636365	
757569780.8349146	42.378	3.0422535211267605	30.225352112676056	15.633802816901408	18.0502401757406	275	1232	45	4.0	58.0	30.0	22	3.0	29.0	15.0	6073	0	0.15623950958251953	138000	50.09179162979126	52661	61.83985507246377	
632371391.5908922	43.482	3.036144578313253	30.048192771084338	15.542168674698795	18.0502401757406	276	1235	45	4.0	58.0	30.0	22	3.0	29.0	15.0	6091	0	0.12499284744262695	138500	50.21678447723389	52820	61.86281588447653	
40935001.094009966	42.976	3.034	29.986	15.51	18.0502401757406	277	1235	45	4	58	30	22	3	29	15	6112	0	0.17186331748962402	139000	50.38864779472351	52964	61.896402877697845	
332971965.5639791	43.114	3.0402414486921527	30.167002012072434	15.603621730382294	18.0502401757406	278	1238	45	4.0	58.0	30.0	22	3.0	29.0	15.0	6134	0	0.14061379432678223	139500	50.52926158905029	53086	61.945519713261646	
166325742.49148062	42.884	3.0321931589537225	29.93360160965795	15.482897384305835	18.0502401757406	279	1242	45	4.0	58.0	30.0	22	3.0	29.0	15.0	6150	0	0.14061546325683594	140000	50.66987705230713	53220	61.98571428571429	
445691340.99858826	42.332	3.046277665995976	30.3420523138833	15.694164989939638	18.0502401757406	280	1245	45	4.0	58.0	30.0	22	3.0	29.0	15.0	6174	0	0.12499165534973145	140500	50.79486870765686	53353	62.02633451957295	
707056565884.4755	41.32	3.0463709677419355	30.344758064516128	15.695564516129032	18.0502401757406	281	1249	45	4.0	58.0	30.0	22	3.0	29.0	15.0	6198	0	0.1579902172088623	141000	50.95285892486572	53466	62.08085106382979	
331744613.6192258	40.354	3.0480961923847696	30.394789579158317	15.721442885771543	18.0502401757406	282	1250	45	4.0	58.0	30.0	22	3.0	29.0	15.0	6224	0	0.1874866485595703	141500	51.14034557342529	53588	62.12862190812721	
772003424.3621736	40.952	3.036144578313253	30.048192771084338	15.542168674698795	18.0502401757406	283	1252	45	4.0	58.0	30.0	22	3.0	29.0	15.0	6245	0	0.17186403274536133	142000	51.312209606170654	53725	62.16549295774648	
37539781.94146598	40.4	3.0365111561866125	30.058823529411764	15.547667342799189	18.0502401757406	284	1259	45	4.0	58.0	30.0	22	3.0	29.0	15.0	6264	0	0.17186307907104492	142500	51.4840726852417	53853	62.20842105263158	
143430736.3812697	41.044	3.0301204819277108	29.873493975903614	15.451807228915662	18.0502401757406	285	1261	45	4.0	58.0	30.0	22	3.0	29.0	15.0	6281	0	0.14061570167541504	143000	51.624688386917114	54007	62.23286713286713	
100431527.07058072	40.446	3.0483870967741935	30.403225806451612	15.725806451612904	18.0502401757406	286	1266	45	4.0	58.0	30.0	22	3.0	29.0	15.0	6306	0	0.14061450958251953	143500	51.765302896499634	54165	62.254355400696866	
418902623.49771035	41.09	3.0301810865191148	29.875251509054326	15.45271629778672	18.0502401757406	287	1269	45	4.0	58.0	30.0	22	3.0	29.0	15.0	6323	0	0.17323613166809082	144000	51.938539028167725	54315	62.28125	
378755791.274104	41.182	3.0463709677419355	30.344758064516128	15.695564516129032	18.0502401757406	288	1273	45	4.0	58.0	30.0	22	3.0	29.0	15.0	6348	0	0.17186450958251953	144500	52.110403537750244	54454	62.31557093425605	
14208735864.966679	41.412	3.0505050505050506	30.464646464646464	15.757575757575758	18.0502401757406	289	1279	45	4.0	58.0	30.0	22	3.0	29.0	15.0	6375	0	0.1874856948852539	145000	52.2978892326355	54590	62.351724137931036	
8280886.542097835	42.47	3.0602409638554215	30.746987951807228	15.903614457831326	18.0502401757406	290	1281	45	4.0	58.0	30.0	22	3.0	29.0	15.0	6407	0	0.1414813995361328	145500	52.43937063217163	54724	62.389003436426115	
163766445.69283408	41.918	3.038152610441767	30.106425702811244	15.572289156626505	18.0502401757406	291	1283	45	4.0	58.0	30.0	22	3.0	29.0	15.0	6429	0	0.17186307907104492	146000	52.611233711242676	54854	62.42876712328767	
199770872.566643	41.872	3.0402414486921527	30.167002012072434	15.603621730382294	18.0502401757406	292	1286	45	4.0	58.0	30.0	22	3.0	29.0	15.0	6451	0	0.15623879432678223	146500	52.76747250556946	55012	62.44914675767918	
981815812.7543967	42.01	3.046277665995976	30.3420523138833	15.694164989939638	18.0502401757406	293	1289	45	4.0	58.0	30.0	22	3.0	29.0	15.0	6475	0	0.15624141693115234	147000	52.92371392250061	55190	62.455782312925166	
606936873.1192585	41.596	3.038306451612903	30.110887096774192	15.574596774193548	18.0502401757406	294	1293	45	4.0	58.0	30.0	22	3.0	29.0	15.0	6496	0	0.15623736381530762	147500	53.07995128631592	55360	62.46779661016949	
537724803.8745459	42.562	3.0444444444444443	30.288888888888888	15.666666666666666	18.0502401757406	295	1298	45	4.0	58.0	30.0	22	3.0	29.0	15.0	6520	0	0.17186355590820312	148000	53.25181484222412	55536	62.475675675675674	
526303268.52279156	42.286	3.050301810865191	30.458752515090545	15.754527162977867	18.0502401757406	296	1301	45	4.0	58.0	30.0	22	3.0	29.0	15.0	6548	0	0.15623879432678223	148500	53.4080536365509	55701	62.49090909090909	
305560042.9930112	42.608	3.046	30.334	15.69	18.0502401757406	297	1301	45	4	58	30	22	3	29	15	6574	0	0.17334532737731934	149000	53.58139896392822	55869	62.50402684563758	
2535469656.0250554	43.298	3.0280561122244487	29.81362725450902	15.420841683366733	18.0502401757406	298	1302	45	4.0	58.0	30.0	22	3.0	29.0	15.0	6590	0	0.14061594009399414	149500	53.72201490402222	56045	62.51170568561873	
590727669.7660266	43.528	3.0442655935613683	30.28370221327968	15.663983903420522	18.0502401757406	299	1305	45	4.0	58.0	30.0	22	3.0	29.0	15.0	6614	0	0.14061450958251953	150000	53.862629413604736	56197	62.535333333333334	
392920629.37353146	43.712	3.054	30.566	15.81	18.0502401757406	300	1305	45	4	58	30	22	3	29	15	6642	0	0.15623903274536133	150500	54.0188684463501	56346	62.56079734219269	
6.935955892796411e+33	43.574	3.032064128256513	29.929859719438877	15.480961923847696	18.0502401757406	301	1306	45	4.0	58.0	30.0	22	3.0	29.0	15.0	6660	0	0.15623974800109863	151000	54.175108194351196	56486	62.59205298013245	
587458526.983848	42.976	3.034136546184739	29.98995983935743	15.512048192771084	18.0502401757406	302	1308	45	4.0	58.0	30.0	22	3.0	29.0	15.0	6678	0	0.12499141693115234	151500	54.30009961128235	56628	62.62178217821782	
327572738.7264167	43.068	3.032128514056225	29.931726907630523	15.481927710843374	18.0502401757406	303	1310	45	4.0	58.0	30.0	22	3.0	29.0	15.0	6695	0	0.14061594009399414	152000	54.44071555137634	56768	62.65263157894737	
474123413.97087526	43.16	3.0521042084168335	30.511022044088175	15.781563126252506	18.0502401757406	304	1311	45	4.0	58.0	30.0	22	3.0	29.0	15.0	6722	0	0.18895220756530762	152500	54.62966775894165	56906	62.68459016393443	
27691586390.932827	43.482	3.0442655935613683	30.28370221327968	15.663983903420522	18.0502401757406	305	1314	45	4.0	58.0	30.0	22	3.0	29.0	15.0	6746	0	0.15623855590820312	153000	54.78590631484985	57062	62.70457516339869	
651600759.5706303	43.758	3.03420523138833	29.99195171026157	15.513078470824949	18.0502401757406	306	1317	45	4.0	58.0	30.0	22	3.0	29.0	15.0	6764	0	0.15623974800109863	153500	54.94214606285095	57213	62.72768729641694	
923784895.0228068	43.712	3.034	29.986	15.51	18.0502401757406	307	1317	45	4	58	30	22	3	29	15	6783	0	0.12613463401794434	154000	55.0682806968689	57359	62.7538961038961	
796411147.467418	42.976	3.0463709677419355	30.344758064516128	15.695564516129032	18.0502401757406	308	1321	45	4.0	58.0	30.0	22	3.0	29.0	15.0	6809	0	0.15624046325683594	154500	55.22452116012573	57488	62.79093851132686	
77354221.41376346	42.884	3.0587044534412957	30.70242914979757	15.880566801619434	18.0502401757406	309	1327	45	4.0	58.0	30.0	22	3.0	29.0	15.0	6840	0	0.15623807907104492	155000	55.38075923919678	57597	62.84064516129032	
288618943.90298116	43.528	3.0421686746987953	30.22289156626506	15.632530120481928	18.0502401757406	310	1329	45	4.0	58.0	30.0	22	3.0	29.0	15.0	6863	0	0.1876204013824463	155500	55.568379640579224	57732	62.87331189710611	
567532375.679669	43.666	3.0280561122244487	29.81362725450902	15.420841683366733	18.0502401757406	311	1330	45	4.0	58.0	30.0	22	3.0	29.0	15.0	6881	0	0.14061594009399414	156000	55.70899558067322	57877	62.899358974358975	
945931985.2148738	43.85	3.034	29.986	15.51	18.0502401757406	312	1330	45	4	58	30	22	3	29	15	6899	0	0.17186331748962402	156500	55.88085889816284	57992	62.9444089456869	
168577834.28065658	43.896	3.038152610441767	30.106425702811244	15.572289156626505	18.0502401757406	313	1332	45	4.0	58.0	30.0	22	3.0	29.0	15.0	6920	0	0.17342448234558105	157000	56.05428338050842	58123	62.97898089171974	
615896083.5145477	43.298	3.056338028169014	30.633802816901408	15.845070422535212	18.0502401757406	314	1335	45	4.0	58.0	30.0	22	3.0	29.0	15.0	6951	0	0.10936713218688965	157500	56.16365051269531	58264	63.00698412698413	
180057402.92352995	43.252	3.0601202404809618	30.743486973947896	15.901803607214429	18.0502401757406	315	1336	45	4.0	58.0	30.0	22	3.0	29.0	15.0	6982	0	0.14061594009399414	158000	56.30426645278931	58390	63.04430379746835	
140923822.5571613	43.252	3.03	29.87	15.45	18.0502401757406	316	1336	45	4	58	30	22	3	29	15	7002	0	0.1573941707611084	158500	56.461660623550415	58518	63.0801261829653	
916384152.6779305	44.172	3.042	30.218	15.63	18.0502401757406	317	1336	45	4	58	30	22	3	29	15	7027	0	0.17187166213989258	159000	56.63353228569031	58655	63.11006289308176	
366076998.35360295	44.264	3.036	30.044	15.54	18.0502401757406	318	1336	45	4	58	30	22	3	29	15	7048	0	0.1575930118560791	159500	56.79112529754639	58782	63.146081504702195	
184103940.0779994	44.218	3.054	30.566	15.81	18.0502401757406	319	1336	45	4	58	30	22	3	29	15	7077	0	0.18828034400939941	160000	56.979405641555786	58920	63.175	
293307281.0202558	44.218	3.0421686746987953	30.22289156626506	15.632530120481928	18.0502401757406	320	1338	45	4.0	58.0	30.0	22	3.0	29.0	15.0	7099	0	0.17186379432678223	160500	57.15126943588257	59050	63.20872274143302	
115117309.25258769	44.218	3.036072144288577	30.04609218436874	15.541082164328657	18.0502401757406	321	1339	45	4.0	58.0	30.0	22	3.0	29.0	15.0	7119	0	0.15742826461791992	161000	57.30869770050049	59191	63.23540372670807	
180532943.73995978	44.586	3.036	30.044	15.54	18.0502401757406	322	1339	45	4	58	30	22	3	29	15	7139	0	0.18862628936767578	161500	57.497323989868164	59336	63.259442724458204	
173010471.93387553	44.632	3.038076152304609	30.104208416833668	15.571142284569138	18.0502401757406	323	1340	45	4.0	58.0	30.0	22	3.0	29.0	15.0	7160	0	0.14061546325683594	162000	57.637939453125	59469	63.290740740740745	
510867268.4013578	44.402	3.056	30.624	15.84	18.0502401757406	324	1340	45	4	58	30	22	3	29	15	7189	0	0.15623855590820312	162500	57.7941780090332	59606	63.319384615384614	
342421232.6158122	44.356	3.038	30.102	15.57	18.0502401757406	325	1340	45	4	58	30	22	3	29	15	7210	0	0.15624070167541504	163000	57.95041871070862	59754	63.34110429447853	
252492318.34971163	44.724	3.046	30.334	15.69	18.0502401757406	326	1340	45	4	58	30	22	3	29	15	7235	0	0.15710854530334473	163500	58.10752725601196	59902	63.36269113149847	
469005885.62010026	44.816	3.044	30.276	15.66	18.0502401757406	327	1340	45	4	58	30	22	3	29	15	7259	0	0.10936832427978516	164000	58.21689558029175	60045	63.387195121951216	
708418244.4871184	44.586	3.0480961923847696	30.394789579158317	15.721442885771543	18.0502401757406	328	1341	45	4.0	58.0	30.0	22	3.0	29.0	15.0	7286	0	0.17186307907104492	164500	58.38875865936279	60182	63.41519756838906	
504318128.90107715	44.632	3.0440881763527052	30.278557114228455	15.661322645290582	18.0502401757406	329	1342	45	4.0	58.0	30.0	22	3.0	29.0	15.0	7311	0	0.15871334075927734	165000	58.54747200012207	60332	63.43515151515152	
3692654766.0437317	44.724	3.034	29.986	15.51	18.0502401757406	330	1342	45	4	58	30	22	3	29	15	7330	0	0.14061522483825684	165500	58.68808722496033	60476	63.45861027190332	
583811041.1995968	44.77	3.038	30.102	15.57	18.0502401757406	331	1342	45	4	58	30	22	3	29	15	7352	0	0.14061474800109863	166000	58.828701972961426	60609	63.48855421686747	
135491262.57021773	44.54	3.034	29.986	15.51	18.0502401757406	332	1342	45	4	58	30	22	3	29	15	7372	0	0.14061617851257324	166500	58.969318151474	60762	63.50630630630631	
645971811.465836	44.678	3.046	30.334	15.69	18.0502401757406	333	1342	45	4	58	30	22	3	29	15	7397	0	0.15772032737731934	167000	59.12703847885132	60924	63.5185628742515	
461691127.5749785	44.54	3.0521042084168335	30.511022044088175	15.781563126252506	18.0502401757406	334	1343	45	4.0	58.0	30.0	22	3.0	29.0	15.0	7424	0	0.15623950958251953	167500	59.28327798843384	61088	63.52955223880597	
881448672.6496578	44.816	3.058	30.682	15.87	18.0502401757406	335	1344	45	4	58	30	22	3	29	15	7454	0	0.15623927116394043	168000	59.43951725959778	61234	63.55119047619048	
323432332.9326297	44.724	3.0501002004008018	30.452905811623246	15.751503006012024	18.0502401757406	336	1346	45	4.0	58.0	30.0	22	3.0	29.0	15.0	7479	0	0.15623950958251953	168500	59.5957567691803	61400	63.560830860534125	
1.616842112902738e+24	44.494	3.0420841683366735	30.220440881763526	15.6312625250501	18.0502401757406	337	1347	45	4.0	58.0	30.0	22	3.0	29.0	15.0	7504	0	0.15623855590820312	169000	59.7519953250885	61549	63.580473372781064	
6647240866213.512	44.632	3.05	30.45	15.75	18.0502401757406	338	1347	45	4	58	30	22	3	29	15	7532	0	0.15623998641967773	169500	59.90823531150818	61675	63.61356932153392	
10092998597315.791	44.678	3.048	30.392	15.72	18.0502401757406	339	1347	45	4	58	30	22	3	29	15	7559	0	0.17432165145874023	170000	60.08255696296692	61820	63.63529411764706	
417143214.8937025	44.632	3.042	30.218	15.63	18.0502401757406	340	1347	45	4	58	30	22	3	29	15	7581	0	0.14061522483825684	170500	60.223172187805176	61952	63.66451612903226	
474032332.52070653	44.632	3.062	30.798	15.93	18.0502401757406	341	1347	45	4	58	30	22	3	29	15	7613	0	0.15623974800109863	171000	60.379411935806274	62082	63.694736842105264	
1063387075.1212096	44.632	3.068	30.972	16.02	18.0502401757406	342	1348	45	4	58	30	22	3	29	15	7647	0	0.17494940757751465	171500	60.55436134338379	62218	63.72128279883382	
94947123.95158496	44.586	3.042	30.218	15.63	18.0502401757406	343	1348	45	4	58	30	22	3	29	15	7669	0	0.12499117851257324	172000	60.67935252189636	62364	63.74186046511628	
918851050.5325192	44.494	3.05	30.45	15.75	18.0502401757406	344	1348	45	4	58	30	22	3	29	15	7696	0	0.14061594009399414	172500	60.819968461990356	62519	63.75710144927536	
161852230.23770177	44.632	3.038	30.102	15.57	18.0502401757406	345	1348	45	4	58	30	22	3	29	15	7716	0	0.23450946807861328	173000	61.05447793006897	62688	63.76416184971098	
829719941.6525704	44.402	3.054	30.566	15.81	18.0502401757406	346	1348	45	4	58	30	22	3	29	15	7744	0	0.15624237060546875	173500	61.21072030067444	62852	63.77406340057637	
637047159.9103404	44.31	3.0541082164328657	30.569138276553105	15.811623246492985	18.0502401757406	347	1349	45	4.0	58.0	30.0	22	3.0	29.0	15.0	7774	0	0.1718597412109375	174000	61.382580041885376	62992	63.79770114942529	
70014731.032225	44.08	3.062124248496994	30.801603206412825	15.93186372745491	18.0502401757406	348	1350	45	4.0	58.0	30.0	22	3.0	29.0	15.0	7806	0	0.15711092948913574	174500	61.53969097137451	63124	63.825787965616044	
794063929.3047708	43.62	3.03	29.87	15.45	18.0502401757406	349	1350	45	4	58	30	22	3	29	15	7824	0	0.15623998641967773	175000	61.69593095779419	63286	63.836571428571425	
145898363.0034962	43.252	3.026262626262626	29.76161616161616	15.393939393939394	18.0502401757406	350	1355	45	4.0	58.0	30.0	22	3.0	29.0	15.0	7840	0	0.14061617851257324	175500	61.83654713630676	63452	63.84501424501425	
611784904.7787945	43.16	3.036144578313253	30.048192771084338	15.542168674698795	18.0502401757406	351	1357	45	4.0	58.0	30.0	22	3.0	29.0	15.0	7859	0	0.14061331748962402	176000	61.97716045379639	63637	63.84261363636364	
356488988.6274594	43.436	3.0362173038229376	30.050301810865193	15.543259557344065	18.0502401757406	352	1360	45	4.0	58.0	30.0	22	3.0	29.0	15.0	7878	0	0.14079904556274414	176500	62.11795949935913	63795	63.85552407932011	
834226116.559532	44.126	3.0501002004008018	30.452905811623246	15.751503006012024	18.0502401757406	353	1361	45	4.0	58.0	30.0	22	3.0	29.0	15.0	7904	0	0.12499141693115234	177000	62.24295091629028	63947	63.871751412429376	
50546457.6098882	43.988	3.042	30.218	15.63	18.0502401757406	354	1361	45	4	58	30	22	3	29	15	7926	0	0.15624046325683594	177500	62.39919137954712	64128	63.87154929577465	
617754669.1144799	44.402	3.052	30.508	15.78	18.0502401757406	355	1361	45	4	58	30	22	3	29	15	7953	0	0.18909788131713867	178000	62.58828926086426	64290	63.88202247191011	
359169438.08396995	43.758	3.0522088353413657	30.514056224899598	15.783132530120483	18.0502401757406	356	1363	45	4.0	58.0	30.0	22	3.0	29.0	15.0	7980	0	0.15623903274536133	178500	62.74452829360962	64453	63.891876750700284	
357838317.3717448	43.85	3.056112224448898	30.627254509018037	15.841683366733466	18.0502401757406	357	1364	45	4.0	58.0	30.0	22	3.0	29.0	15.0	8009	0	0.14061570167541504	179000	62.885143995285034	64610	63.9050279329609	
324110174.9961224	43.62	3.0461847389558234	30.339357429718877	15.69277108433735	18.0502401757406	358	1366	45	4.0	58.0	30.0	22	3.0	29.0	15.0	8033	0	0.17206811904907227	179500	63.057212114334106	64753	63.92590529247911	
786296911.5094858	43.712	3.0421686746987953	30.22289156626506	15.632530120481928	18.0502401757406	359	1368	45	4.0	58.0	30.0	22	3.0	29.0	15.0	8056	0	0.15624046325683594	180000	63.21345257759094	64900	63.94444444444444	
322073256.47461534	44.08	3.05811623246493	30.685370741482966	15.871743486973948	18.0502401757406	360	1369	45	4.0	58.0	30.0	22	3.0	29.0	15.0	8087	0	0.15623807907104492	180500	63.36969065666199	65037	63.96842105263158	
767424266.0393429	43.712	3.036144578313253	30.048192771084338	15.542168674698795	18.0502401757406	361	1372	45	4.0	58.0	30.0	22	3.0	29.0	15.0	8105	0	0.12499284744262695	181000	63.494683504104614	65152	64.00441988950277	
964452344.0963291	43.666	3.056112224448898	30.627254509018037	15.841683366733466	18.0502401757406	362	1373	45	4.0	58.0	30.0	22	3.0	29.0	15.0	8135	0	0.17301130294799805	181500	63.66769480705261	65261	64.0435261707989	
756877558.3151203	43.85	3.036072144288577	30.04609218436874	15.541082164328657	18.0502401757406	363	1375	45	4.0	58.0	30.0	22	3.0	29.0	15.0	8154	0	0.15623998641967773	182000	63.82393479347229	65380	64.07692307692307	
1.1991995393852314e+36	44.31	3.038076152304609	30.104208416833668	15.571142284569138	18.0502401757406	364	1377	45	4.0	58.0	30.0	22	3.0	29.0	15.0	8173	0	0.15623998641967773	182500	63.98017477989197	65507	64.10575342465754	
208907159.32869697	44.494	3.0521042084168335	30.511022044088175	15.781563126252506	18.0502401757406	365	1378	45	4.0	58.0	30.0	22	3.0	29.0	15.0	8200	0	0.14088749885559082	183000	64.12106227874756	65643	64.1295081967213	
638883326.2808928	44.402	3.054	30.566	15.81	18.0502401757406	366	1378	45	4	58	30	22	3	29	15	8229	0	0.12499451637268066	183500	64.24605679512024	65776	64.15476839237057	
1496377724.6772852	43.804	3.0443548387096775	30.286290322580644	15.665322580645162	18.0502401757406	367	1382	45	4.0	58.0	30.0	22	3.0	29.0	15.0	8252	0	0.156235933303833	184000	64.40229272842407	65930	64.16847826086956	
721407788.8440535	43.712	3.0502008032128516	30.455823293172692	15.75301204819277	18.0502401757406	368	1384	45	4.0	58.0	30.0	22	3.0	29.0	15.0	8279	0	0.17279410362243652	184500	64.57508683204651	66063	64.19349593495934	
674232167.5374905	43.896	3.042	30.218	15.63	18.0502401757406	369	1384	45	4	58	30	22	3	29	15	8301	0	0.18748760223388672	185000	64.7625744342804	66201	64.21567567567567	
161404691.88199332	44.402	3.036144578313253	30.048192771084338	15.542168674698795	18.0502401757406	370	1386	45	4.0	58.0	30.0	22	3.0	29.0	15.0	8320	0	0.15623950958251953	185500	64.91881394386292	66343	64.23557951482479	
731195327.0140293	44.448	3.0521042084168335	30.511022044088175	15.781563126252506	18.0502401757406	371	1387	45	4.0	58.0	30.0	22	3.0	29.0	15.0	8348	0	0.17337346076965332	186000	65.09218740463257	66467	64.26505376344086	
546049178.6984403	44.448	3.062	30.798	15.93	18.0502401757406	372	1387	45	4	58	30	22	3	29	15	8382	0	0.14061522483825684	186500	65.23280262947083	66586	64.2970509383378	
301356130.6169414	43.85	3.0461847389558234	30.339357429718877	15.69277108433735	18.0502401757406	373	1389	45	4.0	58.0	30.0	22	3.0	29.0	15.0	8406	0	0.15729522705078125	187000	65.3900978565216	66707	64.32780748663102	
196675631.9175077	43.068	3.0482897384305834	30.400402414486923	15.724346076458753	18.0502401757406	374	1392	45	4.0	58.0	30.0	22	3.0	29.0	15.0	8431	0	0.1725466251373291	187500	65.56264448165894	66828	64.35839999999999	
5048178799.340145	43.344	3.0501002004008018	30.452905811623246	15.751503006012024	18.0502401757406	375	1393	45	4.0	58.0	30.0	22	3.0	29.0	15.0	8457	0	0.15623974800109863	188000	65.71888422966003	66950	64.38829787234043	
2.6329787237676077e+28	43.298	3.0484848484848484	30.406060606060606	15.727272727272727	18.0502401757406	376	1398	45	4.0	58.0	30.0	22	3.0	29.0	15.0	8483	0	0.15623807907104492	188500	65.87512230873108	67086	64.4106100795756	
436340432.64166653	43.758	3.0542168674698793	30.572289156626507	15.813253012048193	18.0502401757406	377	1400	45	4.0	58.0	30.0	22	3.0	29.0	15.0	8511	0	0.18793702125549316	189000	66.06305932998657	67192	64.44867724867726	
615207019.0776937	43.712	3.046	30.334	15.69	18.0502401757406	378	1401	45	4	58	30	22	3	29	15	8534	0	0.15623879432678223	189500	66.21929812431335	67315	64.47757255936676	
696179069.6611371	43.62	3.0460921843687374	30.336673346693388	15.691382765531062	18.0502401757406	379	1402	45	4.0	58.0	30.0	22	3.0	29.0	15.0	8559	0	0.14061522483825684	190000	66.35991334915161	67422	64.51473684210526	
342550284.4433715	42.7	3.0625	30.8125	15.9375	18.0502401757406	380	1406	45	4.0	58.0	30.0	22	3.0	29.0	15.0	8593	0	0.1727616786956787	190500	66.53267502784729	67519	64.55695538057742	
1190187028.405382	42.746	3.0443548387096775	30.286290322580644	15.665322580645162	18.0502401757406	381	1410	45	4.0	58.0	30.0	22	3.0	29.0	15.0	8618	0	0.15623998641967773	191000	66.68891501426697	67638	64.58743455497383	
336271325.4893742	42.378	3.056	30.624	15.84	18.0502401757406	382	1410	45	4	58	30	22	3	29	15	8647	0	0.15762877464294434	191500	66.84654378890991	67765	64.61357702349869	
338057548.61390465	42.378	3.046	30.334	15.69	18.0502401757406	383	1410	45	4	58	30	22	3	29	15	8671	0	0.15624022483825684	192000	67.00278401374817	67899	64.63593750000001	
1318229947.7707522	42.194	3.038306451612903	30.110887096774192	15.574596774193548	18.0502401757406	384	1415	45	4.0	58.0	30.0	22	3.0	29.0	15.0	8691	0	0.12673616409301758	192500	67.12952017784119	68045	64.65194805194804	
706640395.5400094	42.608	3.038076152304609	30.104208416833668	15.571142284569138	18.0502401757406	385	1416	45	4.0	58.0	30.0	22	3.0	29.0	15.0	8712	0	0.18748712539672852	193000	67.31700730323792	68188	64.66943005181346	
418452536.16811293	42.056	3.0400801603206413	30.162324649298597	15.60120240480962	18.0502401757406	386	1417	45	4.0	58.0	30.0	22	3.0	29.0	15.0	8734	0	0.15623927116394043	193500	67.47324657440186	68323	64.69095607235141	
6.396924948028697e+29	42.194	3.034	29.986	15.51	18.0502401757406	387	1417	45	4	58	30	22	3	29	15	8754	0	0.15748810768127441	194000	67.63073468208313	68458	64.71237113402063	
472420337.71651506	42.838	3.0541082164328657	30.569138276553105	15.811623246492985	18.0502401757406	388	1418	45	4.0	58.0	30.0	22	3.0	29.0	15.0	8782	0	0.14061474800109863	194500	67.77134943008423	68587	64.73676092544987	
434411932.8941776	42.7	3.0483870967741935	30.403225806451612	15.725806451612904	18.0502401757406	389	1422	45	4.0	58.0	30.0	22	3.0	29.0	15.0	8808	0	0.18748688697814941	195000	67.95883631706238	68719	64.75948717948718	
4.906666668433066e+37	43.252	3.034	29.986	15.51	18.0502401757406	390	1423	45	4	58	30	22	3	29	15	8828	0	0.1887502670288086	195500	68.14758658409119	68846	64.7846547314578	
199705931.88370985	43.298	3.0421686746987953	30.22289156626506	15.632530120481928	18.0502401757406	391	1425	45	4.0	58.0	30.0	22	3.0	29.0	15.0	8852	0	0.15623855590820312	196000	68.30382513999939	68974	64.80918367346939	
512805294.13384825	42.93	3.0461847389558234	30.339357429718877	15.69277108433735	18.0502401757406	392	1427	45	4.0	58.0	30.0	22	3.0	29.0	15.0	8876	0	0.15623879432678223	196500	68.46006393432617	69108	64.83053435114503	
1.2312957760453186e+16	42.562	3.0502008032128516	30.455823293172692	15.75301204819277	18.0502401757406	393	1429	45	4.0	58.0	30.0	22	3.0	29.0	15.0	8902	0	0.1728670597076416	197000	68.63293099403381	69225	64.86040609137055	
270083331.9601323	42.056	3.024193548387097	29.701612903225808	15.362903225806452	18.0502401757406	394	1433	45	4.0	58.0	30.0	22	3.0	29.0	15.0	8918	0	0.14061498641967773	197500	68.77354598045349	69354	64.8840506329114	
9769189049.631128	41.872	3.026209677419355	29.760080645161292	15.393145161290322	18.0502401757406	395	1437	45	4.0	58.0	30.0	22	3.0	29.0	15.0	8933	0	0.15623927116394043	198000	68.92978525161743	69489	64.90454545454546	
370889127.3076353	42.332	3.0382293762575454	30.10865191146881	15.57344064386318	18.0502401757406	396	1440	45	4.0	58.0	30.0	22	3.0	29.0	15.0	8955	0	0.17383766174316406	198500	69.1036229133606	69603	64.93551637279597	
439304544.9685159	42.01	3.066265060240964	30.92168674698795	15.993975903614459	18.0502401757406	397	1442	45	4.0	58.0	30.0	22	3.0	29.0	15.0	8989	0	0.15623927116394043	199000	69.25986218452454	69742	64.9537688442211	
1.3480851124527318e+26	41.78	3.046653144016227	30.352941176470587	15.699797160243408	18.0502401757406	398	1449	45	4.0	58.0	30.0	22	3.0	29.0	15.0	9013	0	0.18748760223388672	199500	69.44734978675842	69858	64.98345864661654	
6.371508939071016e+20	42.286	3.036363636363636	30.054545454545455	15.545454545454545	18.0502401757406	399	1454	45	4.0	58.0	30.0	22	3.0	29.0	15.0	9032	0	0.143263578414917	200000	69.59061336517334	69995	65.0025	
161807766522104.1	41.366	3.0344827586206895	30.0	15.517241379310345	18.0502401757406	400	1461	45	4.0	58.0	30.0	22	3.0	29.0	15.0	9051	0	0.14061522483825684	200500	69.7312285900116	70123	65.02593516209475	
487286102.91280866	42.148	3.0484848484848484	30.406060606060606	15.727272727272727	18.0502401757406	401	1466	45	4.0	58.0	30.0	22	3.0	29.0	15.0	9077	0	0.14061522483825684	201000	69.87184381484985	70245	65.05223880597015	
320837898.1822251	41.596	3.0501002004008018	30.452905811623246	15.751503006012024	18.0502401757406	402	1467	45	4.0	58.0	30.0	22	3.0	29.0	15.0	9103	0	0.12606143951416016	201500	69.99790525436401	70360	65.0818858560794	
474541743.623521	41.734	3.0402414486921527	30.167002012072434	15.603621730382294	18.0502401757406	403	1470	45	4.0	58.0	30.0	22	3.0	29.0	15.0	9126	0	0.15775609016418457	202000	70.1556613445282	70476	65.11089108910892	
756888381.3822418	42.194	3.03	29.87	15.45	18.0502401757406	404	1470	45	4	58	30	22	3	29	15	9142	0	0.15623927116394043	202500	70.31190061569214	70615	65.1283950617284	
333184826.6003415	42.93	3.0463709677419355	30.344758064516128	15.695564516129032	18.0502401757406	405	1474	45	4.0	58.0	30.0	22	3.0	29.0	15.0	9167	0	0.15623974800109863	203000	70.46814036369324	70739	65.15320197044335	
231981463.418744	42.24	3.0521042084168335	30.511022044088175	15.781563126252506	18.0502401757406	406	1475	45	4.0	58.0	30.0	22	3.0	29.0	15.0	9196	0	0.15861296653747559	203500	70.62675333023071	70856	65.18132678132679	
290984196.7775852	43.068	3.0440881763527052	30.278557114228455	15.661322645290582	18.0502401757406	407	1476	45	4.0	58.0	30.0	22	3.0	29.0	15.0	9220	0	0.17186260223388672	204000	70.7986159324646	70981	65.20539215686274	
598343751.5631369	43.022	3.036144578313253	30.048192771084338	15.542168674698795	18.0502401757406	408	1478	45	4.0	58.0	30.0	22	3.0	29.0	15.0	9240	0	0.17186379432678223	204500	70.97047972679138	71105	65.22982885085574	
431574023.7016523	43.712	3.0400801603206413	30.162324649298597	15.60120240480962	18.0502401757406	409	1479	45	4.0	58.0	30.0	22	3.0	29.0	15.0	9262	0	0.12598919868469238	205000	71.09646892547607	71211	65.2629268292683	
452284407.7070037	43.114	3.0522088353413657	30.514056224899598	15.783132530120483	18.0502401757406	410	1482	45	4.0	58.0	30.0	22	3.0	29.0	15.0	9288	0	0.15623950958251953	205500	71.2527084350586	71339	65.28515815085157	
328641677.94034636	43.068	3.0261044176706826	29.7570281124498	15.391566265060241	18.0502401757406	411	1484	45	4.0	58.0	30.0	22	3.0	29.0	15.0	9302	0	0.17186331748962402	206000	71.42457175254822	71457	65.3121359223301	
415481613.472179	43.068	3.0424242424242425	30.23030303030303	15.636363636363637	18.0502401757406	412	1489	45	4.0	58.0	30.0	22	3.0	29.0	15.0	9325	0	0.15624117851257324	206500	71.58081293106079	71577	65.33801452784503	
269629266.8450514	43.758	3.0442655935613683	30.28370221327968	15.663983903420522	18.0502401757406	413	1492	45	4.0	58.0	30.0	22	3.0	29.0	15.0	9348	0	0.14061307907104492	207000	71.72142601013184	71682	65.37101449275363	
261758786.1987587	43.39	3.034136546184739	29.98995983935743	15.512048192771084	18.0502401757406	414	1494	45	4.0	58.0	30.0	22	3.0	29.0	15.0	9370	0	0.17186307907104492	207500	71.89328908920288	71811	65.3922891566265	
474039816.9855905	43.16	3.0323232323232325	29.937373737373736	15.484848484848484	18.0502401757406	415	1499	45	4.0	58.0	30.0	22	3.0	29.0	15.0	9388	0	0.12499165534973145	208000	72.01828074455261	71907	65.42932692307693	
473350845.8066431	43.666	3.0502008032128516	30.455823293172692	15.75301204819277	18.0502401757406	416	1501	45	4.0	58.0	30.0	22	3.0	29.0	15.0	9414	0	0.15802693367004395	208500	72.17630767822266	72023	65.45659472422062	
521674422.7934638	43.298	3.0421686746987953	30.22289156626506	15.632530120481928	18.0502401757406	417	1503	45	4.0	58.0	30.0	22	3.0	29.0	15.0	9436	0	0.15624046325683594	209000	72.33254814147949	72145	65.48086124401914	
169008709.4247535	42.746	3.038306451612903	30.110887096774192	15.574596774193548	18.0502401757406	418	1507	45	4.0	58.0	30.0	22	3.0	29.0	15.0	9457	0	0.17186260223388672	209500	72.50441074371338	72266	65.5054892601432	
510832976.83605385	42.47	3.0543259557344062	30.575452716297786	15.814889336016096	18.0502401757406	419	1510	45	4.0	58.0	30.0	22	3.0	29.0	15.0	9485	0	0.17205357551574707	210000	72.67646431922913	72400	65.52380952380952	
536342739.40719205	42.378	3.0441767068273093	30.281124497991968	15.662650602409638	18.0502401757406	420	1512	45	4.0	58.0	30.0	22	3.0	29.0	15.0	9513	0	0.14061498641967773	210500	72.8170793056488	72541	65.53871733966746	
390751281.9112508	42.516	3.0404858299595143	30.17408906882591	15.607287449392713	18.0502401757406	421	1518	45	4.0	58.0	30.0	22	3.0	29.0	15.0	9535	0	0.14061546325683594	211000	72.95769476890564	72695	65.54739336492891	
850281548.4601082	42.332	3.0400801603206413	30.162324649298597	15.60120240480962	18.0502401757406	422	1519	45	4.0	58.0	30.0	22	3.0	29.0	15.0	9556	0	0.1590425968170166	211500	73.11673736572266	72855	65.5531914893617	
78162736.59607638	41.642	3.0365111561866125	30.058823529411764	15.547667342799189	18.0502401757406	423	1526	45	4.0	58.0	30.0	22	3.0	29.0	15.0	9576	0	0.14061474800109863	212000	73.25735211372375	73023	65.55518867924528	
168966789.17923903	41.274	3.0402414486921527	30.167002012072434	15.603621730382294	18.0502401757406	424	1529	45	4.0	58.0	30.0	22	3.0	29.0	15.0	9597	0	0.12499213218688965	212500	73.38234424591064	73181	65.56188235294118	
312499342225.099	41.504	3.0483870967741935	30.403225806451612	15.725806451612904	18.0502401757406	425	1533	45	4.0	58.0	30.0	22	3.0	29.0	15.0	9623	0	0.17186284065246582	213000	73.55420708656311	73327	65.57417840375587	
715899739.3584336	40.17	3.0343434343434343	29.995959595959597	15.515151515151516	18.0502401757406	426	1538	45	4.0	58.0	30.0	22	3.0	29.0	15.0	9642	0	0.12626028060913086	213500	73.68046736717224	73470	65.58782201405153	
579752455.739976	40.722	3.0441767068273093	30.281124497991968	15.662650602409638	18.0502401757406	427	1540	45	4.0	58.0	30.0	22	3.0	29.0	15.0	9666	0	0.11022591590881348	214000	73.79069328308105	73622	65.59719626168224	
621199882.5504211	41.412	3.0423387096774195	30.22782258064516	15.63508064516129	18.0502401757406	428	1545	45	4.0	58.0	30.0	22	3.0	29.0	15.0	9689	0	0.14061546325683594	214500	73.93130874633789	73764	65.61118881118881	
987862682333386.8	41.044	3.034274193548387	29.993951612903224	15.514112903225806	18.0502401757406	429	1549	45	4.0	58.0	30.0	22	3.0	29.0	15.0	9708	0	0.15623998641967773	215000	74.08754873275757	73901	65.62744186046513	
1231409749.0194836	40.078	3.0403225806451615	30.169354838709676	15.60483870967742	18.0502401757406	430	1553	45	4.0	58.0	30.0	22	3.0	29.0	15.0	9729	0	0.17186260223388672	215500	74.25941133499146	74035	65.64501160092807	
778375398.1650132	39.158	3.028225806451613	29.818548387096776	15.423387096774194	18.0502401757406	431	1557	45	4.0	58.0	30.0	22	3.0	29.0	15.0	9744	0	0.17186284065246582	216000	74.43127417564392	74185	65.65509259259258	
1.4610732940219256e+16	38.652	3.056451612903226	30.637096774193548	15.846774193548388	18.0502401757406	432	1561	45	4.0	58.0	30.0	22	3.0	29.0	15.0	9774	0	0.15623950958251953	216500	74.58751368522644	74301	65.68083140877599	
493503896.1984172	38.606	3.04040404040404	30.171717171717173	15.606060606060606	18.0502401757406	433	1567	45	4.0	58.0	30.0	22	3.0	29.0	15.0	9794	0	0.15775275230407715	217000	74.74526643753052	74448	65.6921658986175	
1.321608676763736e+21	39.25	3.032128514056225	29.931726907630523	15.481927710843374	18.0502401757406	434	1569	45	4.0	58.0	30.0	22	3.0	29.0	15.0	9811	0	0.12499094009399414	217500	74.87025737762451	74596	65.70298850574713	
604360715.7695006	36.352	3.020366598778004	29.590631364562118	15.30549898167006	18.0502401757406	435	1579	45	4.0	58.0	30.0	22	3.0	29.0	15.0	9822	0	0.10936737060546875	218000	74.97962474822998	74720	65.72477064220183	
639247563.734983	37.686	3.046747967479675	30.35569105691057	15.701219512195122	18.0502401757406	436	1587	45	4.0	58.0	30.0	22	3.0	29.0	15.0	9847	0	0.1415402889251709	218500	75.12116503715515	74835	65.75057208237986	
38928373.9359529	36.398	3.0326530612244897	29.946938775510205	15.489795918367347	18.0502401757406	437	1598	45	4.0	58.0	30.0	22	3.0	29.0	15.0	9863	0	0.15624070167541504	219000	75.27740573883057	74939	65.78127853881278	
23573183943.54447	38.33	3.030425963488844	29.88235294117647	15.456389452332656	18.0502401757406	438	1605	45	4.0	58.0	30.0	22	3.0	29.0	15.0	9879	0	0.14061474800109863	219500	75.41802048683167	75040	65.8132118451025	
833969799.2732303	38.054	3.022357723577236	29.648373983739837	15.335365853658537	18.0502401757406	439	1614	45	4.0	58.0	30.0	22	3.0	29.0	15.0	9891	0	0.15623903274536133	220000	75.57425951957703	75146	65.84272727272727	
428208253.3804532	38.192	3.030425963488844	29.88235294117647	15.456389452332656	18.0502401757406	440	1622	45	4.0	58.0	30.0	22	3.0	29.0	15.0	9907	0	0.15912151336669922	220500	75.73338103294373	75251	65.87256235827664	
696422284.877871	39.25	3.04251012145749	30.232793522267208	15.637651821862349	18.0502401757406	441	1628	45	4.0	58.0	30.0	22	3.0	29.0	15.0	9931	0	0.17186689376831055	221000	75.90524792671204	75386	65.88868778280542	
391016174.73340446	39.02	3.0445344129554655	30.291497975708502	15.668016194331983	18.0502401757406	442	1634	45	4.0	58.0	30.0	22	3.0	29.0	15.0	9955	0	0.14061236381530762	221500	76.04586029052734	75514	65.9079006772009	
7.053021889716713e+17	39.71	3.0442655935613683	30.28370221327968	15.663983903420522	18.0502401757406	443	1637	45	4.0	58.0	30.0	22	3.0	29.0	15.0	9979	0	0.15723562240600586	222000	76.20309591293335	75630	65.93243243243242	
514898403.06479967	40.308	3.0461847389558234	30.339357429718877	15.69277108433735	18.0502401757406	444	1639	45	4.0	58.0	30.0	22	3.0	29.0	15.0	10006	0	0.18748736381530762	222500	76.39058327674866	75768	65.94696629213483	
513570983.867087	39.25	3.0548780487804876	30.591463414634145	15.823170731707316	18.0502401757406	445	1648	45	4.0	58.0	30.0	22	3.0	29.0	15.0	10033	0	0.14061498641967773	223000	76.53119826316833	75915	65.95739910313901	
327750627.8223503	39.618	3.040650406504065	30.178861788617887	15.609756097560975	18.0502401757406	446	1657	45	4.0	58.0	30.0	22	3.0	29.0	15.0	10055	0	0.17186307907104492	223500	76.70306134223938	76041	65.9771812080537	
256398182.67638853	40.17	3.0364372469635628	30.05668016194332	15.54655870445344	18.0502401757406	447	1663	45	4.0	58.0	30.0	22	3.0	29.0	15.0	10076	0	0.15623950958251953	224000	76.8593008518219	76181	65.990625	
825633075.9950817	39.71	3.028169014084507	29.816901408450704	15.422535211267606	18.0502401757406	448	1666	45	4.0	58.0	30.0	22	3.0	29.0	15.0	10093	0	0.17325592041015625	224500	77.03255677223206	76338	65.99643652561247	
484144200.8915713	39.756	3.0408997955010224	30.186094069529652	15.613496932515337	18.0502401757406	449	1678	45	4.0	58.0	30.0	22	3.0	29.0	15.0	10114	0	0.1736299991607666	225000	77.20618677139282	76452	66.02133333333333	
215589839.5989986	40.722	3.0303643724696356	29.880566801619434	15.455465587044534	14.881331464207225	450	1684	45	4.0	58.0	30.0	22	3.0	29.0	15.0	10130	0	0.17186355590820312	225500	77.37805032730103	76567	66.04567627494457	
452868615.30216056	40.676	3.0282828282828285	29.82020202020202	15.424242424242424	14.881331464207225	451	1689	45	4.0	58.0	30.0	22	3.0	29.0	15.0	10146	0	0.15623903274536133	226000	77.53428936004639	76694	66.0646017699115	
336291505.0229464	39.848	3.0382293762575454	30.10865191146881	15.57344064386318	14.881331464207225	452	1692	45	4.0	58.0	30.0	22	3.0	29.0	15.0	10166	0	0.189316987991333	226500	77.72360634803772	76819	66.08432671081678	
653113278.6922746	37.64	3.032719836400818	29.948875255623722	15.49079754601227	14.881331464207225	453	1703	45	4.0	58.0	30.0	22	3.0	29.0	15.0	10185	0	0.17186355590820312	227000	77.89546990394592	76924	66.11277533039649	
520788501.3285489	38.514	3.036734693877551	30.06530612244898	15.551020408163266	14.881331464207225	454	1713	45	4.0	58.0	30.0	22	3.0	29.0	15.0	10204	0	0.14061641693115234	227500	78.03608632087708	77042	66.13538461538462	
824119486.136945	38.376	3.0365111561866125	30.058823529411764	15.547667342799189	14.66994225098099	455	1720	45	4.0	58.0	30.0	22	3.0	29.0	15.0	10223	0	0.1889362335205078	228000	78.22502255439758	77181	66.14868421052631	
905785071.8892239	38.652	3.0444444444444443	30.288888888888888	15.666666666666666	14.66994225098099	456	1726	45	4.0	58.0	30.0	22	3.0	29.0	15.0	10246	0	0.17186260223388672	228500	78.39688515663147	77339	66.15361050328227	
150916640.75171036	38.284	3.032128514056225	29.931726907630523	15.481927710843374	14.66994225098099	457	1728	45	4.0	58.0	30.0	22	3.0	29.0	15.0	10264	0	0.17186450958251953	229000	78.56874966621399	77502	66.15633187772926	
261718614.16249692	38.974	3.0267489711934155	29.775720164609055	15.401234567901234	14.66994225098099	458	1742	45	4.0	58.0	30.0	22	3.0	29.0	15.0	10280	0	0.14243841171264648	229500	78.71118807792664	77658	66.16209150326797	
20961008.538941722	38.514	3.026209677419355	29.760080645161292	15.393145161290322	14.66994225098099	459	1746	45	4.0	58.0	30.0	22	3.0	29.0	15.0	10294	0	0.17186355590820312	230000	78.88305163383484	77849	66.15260869565218	
130177273.99185634	38.974	3.0325865580448066	29.945010183299388	15.488798370672098	14.66994225098099	460	1756	45	4.0	58.0	30.0	22	3.0	29.0	15.0	10310	0	0.15623903274536133	230500	79.0392906665802	78060	66.13449023861172	
2.689361707805462e+16	39.388	3.048582995951417	30.408906882591094	15.728744939271255	14.66994225098099	461	1762	45	4.0	58.0	30.0	22	3.0	29.0	15.0	10335	0	0.15720152854919434	231000	79.1964921951294	78279	66.11298701298702	
3.014016810408402e+17	38.1	3.0285132382892055	29.826883910386965	15.427698574338086	14.58540317464793	462	1772	45	4.0	58.0	30.0	22	3.0	29.0	15.0	10350	0	0.17186307907104492	231500	79.36835527420044	78504	66.08898488120951	
4.771882847520854e+16	38.744	3.028397565922921	29.823529411764707	15.425963488843813	14.58540317464793	463	1779	45	4.0	58.0	30.0	22	3.0	29.0	15.0	10366	0	0.12499189376831055	232000	79.49334716796875	78736	66.06206896551724	
1076117029.1198647	38.192	3.0364372469635628	30.05668016194332	15.54655870445344	14.58540317464793	464	1785	45	4.0	58.0	30.0	22	3.0	29.0	15.0	10386	0	0.15682435035705566	232500	79.6501715183258	78957	66.03999999999999	
64956420.614199646	39.112	3.032454361054767	29.941176470588236	15.486815415821502	14.58540317464793	465	1792	45	4.0	58.0	30.0	22	3.0	29.0	15.0	10407	0	0.2031116485595703	233000	79.85328316688538	79191	66.01244635193133	
260100206.46151894	39.94	3.050709939148073	30.470588235294116	15.760649087221095	14.446011710964441	466	1799	45	4.0	58.0	30.0	22	3.0	29.0	15.0	10435	0	0.14061570167541504	233500	79.99389886856079	79424	65.98543897216274	
124838077.02850841	40.446	3.0442655935613683	30.28370221327968	15.663983903420522	14.446011710964441	467	1802	45	4.0	58.0	30.0	22	3.0	29.0	15.0	10458	0	0.15744900703430176	234000	80.15134787559509	79651	65.96111111111111	
233576231.95061168	40.676	3.0384615384615383	30.115384615384617	15.576923076923077	14.446011710964441	468	1808	45	4.0	58.0	30.0	22	3.0	29.0	15.0	10479	0	0.17186474800109863	234500	80.32321262359619	79884	65.93432835820894	
143464957.56681833	41.09	3.0443548387096775	30.286290322580644	15.665322580645162	14.326356392475553	469	1812	45	4.0	58.0	30.0	22	3.0	29.0	15.0	10502	0	0.14061450958251953	235000	80.46382713317871	80141	65.89744680851064	
274426267.7989357	40.722	3.0261044176706826	29.7570281124498	15.391566265060241	14.326356392475553	470	1815	45	4.0	58.0	30.0	22	3.0	29.0	15.0	10516	0	0.15623903274536133	235500	80.62006616592407	80399	65.86029723991507	
55731644.11774377	40.584	3.038152610441767	30.106425702811244	15.572289156626505	13.813563696606222	471	1817	45	4.0	58.0	30.0	22	3.0	29.0	15.0	10536	0	0.1419050693511963	236000	80.76197123527527	80650	65.82627118644068	
28941436.86186278	39.894	3.0242424242424244	29.703030303030303	15.363636363636363	13.813563696606222	472	1822	45	4.0	58.0	30.0	22	3.0	29.0	15.0	10549	0	0.1421220302581787	236500	80.90409326553345	80893	65.79577167019028	
5.863080352725764e+29	41.044	3.0402414486921527	30.167002012072434	15.603621730382294	13.357909708870805	473	1825	45	4.0	58.0	30.0	22	3.0	29.0	15.0	10571	0	0.14061474800109863	237000	81.04470801353455	81134	65.7662447257384	
115544605.55438648	41.642	3.0405679513184585	30.176470588235293	15.608519269776876	13.357909708870805	474	1832	45	4.0	58.0	30.0	22	3.0	29.0	15.0	10592	0	0.1563551425933838	237500	81.20106315612793	81398	65.72715789473685	
118880560.64931925	42.516	3.0543259557344062	30.575452716297786	15.814889336016096	13.357909708870805	475	1835	45	4.0	58.0	30.0	22	3.0	29.0	15.0	10621	0	0.12499260902404785	238000	81.32605576515198	81650	65.69327731092437	
186218746.3180851	43.114	3.0440881763527052	30.278557114228455	15.661322645290582	13.222393898549923	476	1836	45	4.0	58.0	30.0	22	3.0	29.0	15.0	10645	0	0.15623927116394043	238500	81.48229503631592	81906	65.65786163522013	
77813609.50253281	44.08	3.046	30.334	15.69	13.222393898549923	477	1836	45	4	58	30	22	3	29	15	10670	0	0.17186379432678223	239000	81.6541588306427	82156	65.62510460251046	
1.118998937955653e+40	44.402	3.056112224448898	30.627254509018037	15.841683366733466	13.22184208327093	478	1837	45	4.0	58.0	30.0	22	3.0	29.0	15.0	10700	0	0.14061355590820312	239500	81.7947723865509	82426	65.58413361169102	
2531310640.027261	44.494	3.046	30.334	15.69	13.216173833844294	479	1837	45	4	58	30	22	3	29	15	10724	0	0.17186284065246582	240000	81.96663522720337	82665	65.55625	
35540169.86363714	44.954	3.038	30.102	15.57	13.212228486581271	480	1838	45	4	58	30	22	3	29	15	10743	0	0.15624094009399414	240500	82.12287616729736	82940	65.51351351351352	
37865434.351314776	44.908	3.048	30.392	15.72	13.212228486581271	481	1838	45	4	58	30	22	3	29	15	10770	0	0.15647125244140625	241000	82.27934741973877	83211	65.47261410788383	
28851004358.316864	45.0	3.048	30.392	15.72	13.212228486581271	482	1838	45	4	58	30	45	3	29	15	10795	0	0.12498998641967773	241500	82.40433740615845	83481	65.43229813664595	
61967782.33904647	45.0	3.042	30.218	15.63	13.212228486581271	483	1838	45	4	58	30	45	3	29	15	10817	0	0.14061570167541504	242000	82.54495310783386	83731	65.4004132231405	
91192612.85184808	45.0	3.048	30.392	15.72	13.212228486581271	484	1838	45	4	58	30	45	3	29	15	10842	0	0.1422407627105713	242500	82.68719387054443	83990	65.36494845360824	
190442998.10784602	45.0	3.046	30.334	15.69	13.212228486581271	485	1838	45	4	58	30	45	3	29	15	10869	0	0.10936594009399414	243000	82.79655981063843	84215	65.34362139917695	
100212725.42163761	45.0	3.05	30.45	15.75	13.212228486581271	486	1838	45	4	58	30	45	3	29	15	10895	0	0.14061737060546875	243500	82.9371771812439	84449	65.31868583162218	
8.726133087842119e+31	45.0	3.04	30.16	15.6	13.212228486581271	487	1838	45	4	58	30	45	3	29	15	10916	0	0.17186260223388672	244000	83.10903978347778	84688	65.29180327868852	
188062851.95058793	45.0	3.06	30.74	15.9	13.212228486581271	488	1838	45	4	58	30	45	3	29	15	10947	0	0.14211750030517578	244500	83.25115728378296	84907	65.27321063394683	
233867323.0171879	45.0	3.032	29.928	15.48	13.212228486581271	489	1838	45	4	58	30	45	3	29	15	10964	0	0.17186260223388672	245000	83.42301988601685	85145	65.2469387755102	
30860178.611614652	45.0	3.048	30.392	15.72	13.212228486581271	490	1838	45	4	58	30	45	3	29	15	10990	0	0.15623950958251953	245500	83.57925939559937	85375	65.22403258655805	
139240116.1383095	45.0	3.056	30.624	15.84	13.212228486581271	491	1838	45	4	58	30	45	3	29	15	11020	0	0.12499141693115234	246000	83.70425081253052	85613	65.19796747967479	
96147660.42214191	45.0	3.072	31.088	16.08	13.212228486581271	492	1838	45	4	58	30	45	3	29	15	11058	0	0.17186331748962402	246500	83.87611413002014	85848	65.17322515212982	
86868621.71060395	45.0	3.048	30.392	15.72	13.212228486581271	493	1838	45	4	58	30	45	3	29	15	11084	0	0.15623927116394043	247000	84.03235340118408	86088	65.14655870445344	
63205738.21893926	45.0	3.05	30.45	15.75	13.212228486581271	494	1838	45	4	58	30	45	3	29	15	11110	0	0.12499213218688965	247500	84.15734553337097	86316	65.12484848484848	
265169760.70134056	45.0	3.038	30.102	15.57	13.212228486581271	495	1838	45	4	58	30	45	3	29	15	11131	0	0.15623927116394043	248000	84.31358480453491	86551	65.10040322580645	
160439832.93464226	45.0	3.046	30.334	15.69	13.212228486581271	496	1838	45	4	58	30	45	3	29	15	11157	0	0.17186403274536133	248500	84.48544883728027	86779	65.07887323943662	
146803271.39879623	45.0	3.044	30.276	15.66	13.212228486581271	497	1838	45	4	58	30	45	3	29	15	11180	0	0.1874856948852539	249000	84.67293453216553	86999	65.06064257028112	
78353374.98186676	45.0	3.042	30.218	15.63	13.212228486581271	498	1838	45	4	58	30	45	3	29	15	11203	0	0.15806961059570312	249500	84.83100414276123	87222	65.04128256513026	
71138582.94779466	45.0	3.042	30.218	15.63	13.212228486581271	499	1838	45	4	58	30	45	3	29	15	11225	0	0.14061689376831055	250000	84.97162103652954	87425	65.03	
2268916137983150.5	45.0	3.048	30.392	15.72	13.212228486581271	500	1838	45	4	58	30	45	3	29	15	11250	0	0.14061450958251953	250500	85.11223554611206	87623	65.02075848303393	
31296095.21981688	45.0	3.036	30.044	15.54	13.212228486581271	501	1838	45	4	58	30	45	3	29	15	11269	0	0.1416912078857422	251000	85.2539267539978	87833	65.00677290836654	
58422444394116.47	45.0	3.046	30.334	15.69	13.212228486581271	502	1838	45	4	58	30	45	3	29	15	11293	0	0.15623807907104492	251500	85.41016483306885	88068	64.98290258449305	
129131765.61710794	45.0	3.042	30.218	15.63	13.212228486581271	503	1838	45	4	58	30	45	3	29	15	11316	0	0.17186403274536133	252000	85.58202886581421	88295	64.96230158730158	
76461321.81102376	45.0	3.044	30.276	15.66	13.212228486581271	504	1838	45	4	58	30	45	3	29	15	11340	0	0.187669038772583	252500	85.76969790458679	88544	64.93306930693069	
109258066.73379086	45.0	3.054	30.566	15.81	13.212228486581271	505	1838	45	4	58	30	45	3	29	15	11368	0	0.14061594009399414	253000	85.91031384468079	88768	64.91383399209485	
3.0977644645120054e+25	45.0	3.044	30.276	15.66	13.212228486581271	506	1838	45	4	58	30	45	3	29	15	11392	0	0.12499213218688965	253500	86.03530597686768	88998	64.8923076923077	
4.4550032361989176e+16	45.0	3.05	30.45	15.75	13.212228486581271	507	1838	45	4	58	30	45	3	29	15	11420	0	0.17186236381530762	254000	86.20716834068298	89220	64.8740157480315	
176419295.32387203	45.0	3.042	30.218	15.63	13.212228486581271	508	1838	45	4	58	30	45	3	29	15	11444	0	0.14090800285339355	254500	86.34807634353638	89477	64.84204322200392	
443461425.45226145	45.0	3.056	30.624	15.84	13.212228486581271	509	1838	45	4	58	30	45	3	29	15	11474	0	0.14061498641967773	255000	86.48869132995605	89723	64.81450980392157	
82135771.25579153	45.0	3.058	30.682	15.87	13.212228486581271	510	1838	45	4	58	30	45	3	29	15	11504	0	0.17186307907104492	255500	86.6605544090271	89950	64.79452054794521	
3.0921663733343174e+30	45.0	3.044	30.276	15.66	13.212228486581271	511	1838	45	4	58	30	45	3	29	15	11530	0	0.18748736381530762	256000	86.84804177284241	90162	64.78046875	
183327148.02346423	45.0	3.05	30.45	15.75	13.212228486581271	512	1838	45	4	58	30	45	3	29	15	11556	0	0.17186403274536133	256500	87.01990580558777	90398	64.7571150097466	
2084205.0488491957	45.0	3.042	30.218	15.63	13.212228486581271	513	1838	45	4	58	30	45	3	29	15	11578	0	0.1874864101409912	257000	87.20739221572876	90612	64.74241245136187	
129754614.04782876	45.0	3.04	30.16	15.6	13.212228486581271	514	1838	45	4	58	30	45	3	29	15	11600	0	0.17186284065246582	257500	87.37925505638123	90818	64.73087378640777	
87420897.37313841	45.0	3.052	30.508	15.78	13.212228486581271	515	1838	45	4	58	30	45	3	29	15	11629	0	0.12499141693115234	258000	87.50424647331238	91046	64.7108527131783	
31870673.33100999	45.0	3.034	29.986	15.51	13.212228486581271	516	1838	45	4	58	30	45	3	29	15	11647	0	0.14061594009399414	258500	87.64486241340637	91283	64.68742746615087	
96071499.60651611	45.0	3.05	30.45	15.75	13.212228486581271	517	1838	45	4	58	30	45	3	29	15	11674	0	0.14061546325683594	259000	87.78547787666321	91501	64.67142857142858	
176781429.0557152	45.0	3.048	30.392	15.72	13.212228486581271	518	1838	45	4	58	30	45	3	29	15	11699	0	0.14061498641967773	259500	87.92609286308289	91704	64.66127167630057	
183139587.8757798	45.0	3.056	30.624	15.84	13.212228486581271	519	1838	45	4	58	30	45	3	29	15	11729	0	0.17340898513793945	260000	88.09950184822083	91923	64.64500000000001	
26331533.719592877	45.0	3.036	30.044	15.54	13.212228486581271	520	1838	45	4	58	30	45	3	29	15	11748	0	0.14061689376831055	260500	88.24011874198914	92125	64.63531669865642	
144019368.08838525	45.0	3.042	30.218	15.63	13.212228486581271	521	1838	45	4	58	30	45	3	29	15	11772	0	0.15623688697814941	261000	88.39635562896729	92331	64.62413793103448	
255961695.90293685	45.0	3.05	30.45	15.75	13.212228486581271	522	1838	45	4	58	30	45	3	29	15	11799	0	0.15623974800109863	261500	88.55259537696838	92531	64.61529636711282	
114376065.73391788	45.0	3.048	30.392	15.72	13.212228486581271	523	1838	45	4	58	30	45	3	29	15	11824	0	0.14061522483825684	262000	88.69321060180664	92748	64.6	
204254870.74484017	45.0	3.048	30.392	15.72	13.212228486581271	524	1838	45	4	58	30	45	3	29	15	11851	0	0.15895485877990723	262500	88.85216546058655	92942	64.59352380952382	
200637339.27158082	45.0	3.034	29.986	15.51	13.212228486581271	525	1838	45	4	58	30	45	3	29	15	11870	0	0.15624165534973145	263000	89.00840711593628	93141	64.5851711026616	
76446323.6584491	45.0	3.038	30.102	15.57	13.212228486581271	526	1838	45	4	58	30	45	3	29	15	11890	0	0.1718616485595703	263500	89.18026876449585	93337	64.57798861480076	
131574130.85680169	45.0	3.048	30.392	15.72	13.212228486581271	527	1838	45	4	58	30	45	3	29	15	11917	0	0.14148664474487305	264000	89.32175540924072	93541	64.56780303030303	
477794263.9518243	45.0	3.054	30.566	15.81	13.212228486581271	528	1838	45	4	58	30	45	3	29	15	11946	0	0.14061570167541504	264500	89.46237111091614	93742	64.55879017013233	
2.3069684848431e+19	45.0	3.05	30.45	15.75	13.212228486581271	529	1838	45	4	58	30	45	3	29	15	11973	0	0.17186307907104492	265000	89.63423418998718	93953	64.54603773584905	
153440038.91450605	45.0	3.058	30.682	15.87	13.212228486581271	530	1838	45	4	58	30	45	3	29	15	12003	0	0.17366361618041992	265500	89.8078978061676	94151	64.5382297551789	
132787124.31388122	45.0	3.05	30.45	15.75	13.212228486581271	531	1838	45	4	58	30	45	3	29	15	12029	0	0.14061474800109863	266000	89.9485125541687	94340	64.53383458646616	
229212359.41494545	45.0	3.058	30.682	15.87	13.212228486581271	532	1838	45	4	58	30	45	3	29	15	12060	0	0.12499141693115234	266500	90.07350397109985	94554	64.52007504690431	
123356403.59336336	45.0	3.048	30.392	15.72	13.212228486581271	533	1838	45	4	58	30	45	3	29	15	12085	0	0.18748784065246582	267000	90.26099181175232	94754	64.51161048689139	
110907441.13548176	45.0	3.04	30.16	15.6	13.212228486581271	534	1838	45	4	58	30	45	3	29	15	12106	0	0.14082717895507812	267500	90.4018189907074	94950	64.50467289719626	
56704429.306394555	45.0	3.048	30.392	15.72	13.212228486581271	535	1838	45	4	58	30	45	3	29	15	12132	0	0.17186355590820312	268000	90.5736825466156	95143	64.49888059701493	
7225932718.76285	45.0	3.04	30.16	15.6	13.212228486581271	536	1838	45	4	58	30	45	3	29	15	12154	0	0.15623903274536133	268500	90.72992157936096	95312	64.50204841713222	
30788768.903630514	45.0	3.04	30.16	15.6	13.212228486581271	537	1838	45	4	58	30	45	3	29	15	12175	0	0.1274561882019043	269000	90.85737776756287	95486	64.50334572490706	
6359295.649650339	45.0	3.05	30.45	15.75	13.212228486581271	538	1838	45	4	58	30	45	3	29	15	12201	0	0.1874856948852539	269500	91.04486346244812	95671	64.50055658627087	
187202846.19158453	45.0	3.042	30.218	15.63	13.212228486581271	539	1838	45	4	58	30	45	3	29	15	12223	0	0.14061617851257324	270000	91.1854796409607	95856	64.49777777777777	
72996259.85301004	45.0	3.038	30.102	15.57	13.212228486581271	540	1838	45	4	58	30	45	3	29	15	12243	0	0.1418917179107666	270500	91.32737135887146	96038	64.49611829944547	
78680244.23924133	45.0	3.056	30.624	15.84	13.212228486581271	541	1838	45	4	58	30	45	3	29	15	12272	0	0.14061450958251953	271000	91.46798586845398	96223	64.49335793357935	
138436001.36647046	45.0	3.04	30.16	15.6	13.212228486581271	542	1838	45	4	58	30	45	3	29	15	12293	0	0.10936808586120605	271500	91.57735395431519	96425	64.48434622467772	
195143638.47506177	45.0	3.036	30.044	15.54	13.212228486581271	543	1838	45	4	58	30	45	3	29	15	12312	0	0.15623974800109863	272000	91.73359370231628	96606	64.48308823529412	
68737730.05449162	45.0	3.068	30.972	16.02	13.212228486581271	544	1838	45	4	58	30	45	3	29	15	12348	0	0.14082932472229004	272500	91.87442302703857	96788	64.48146788990826	
86644323.2736721	45.0	3.06	30.74	15.9	13.212228486581271	545	1838	45	4	58	30	45	3	29	15	12380	0	0.15623974800109863	273000	92.03066277503967	96966	64.48131868131868	
34135089.3410169	45.0	3.038	30.102	15.57	13.212228486581271	546	1838	45	4	58	30	45	3	29	15	12400	0	0.17186379432678223	273500	92.20252656936646	97148	64.47970749542961	
33980973.14727584	45.0	3.04	30.16	15.6	13.212228486581271	547	1838	45	4	58	30	45	3	29	15	12421	0	0.1564626693725586	274000	92.35898923873901	97332	64.47737226277373	
6392196746703138.0	45.0	3.06	30.74	15.9	13.212228486581271	548	1838	45	4	58	30	45	3	29	15	12453	0	0.12499070167541504	274500	92.48397994041443	97496	64.4823315118397	
33220392.09213455	45.0	3.048	30.392	15.72	13.212228486581271	549	1838	45	4	58	30	45	3	29	15	12478	0	0.15753412246704102	275000	92.64151406288147	97667	64.48472727272727	
3.368914285745597e+37	45.0	3.046	30.334	15.69	13.212228486581271	550	1838	45	4	58	30	45	3	29	15	12503	0	0.23450875282287598	275500	92.87602281570435	97834	64.48856624319419	
100263560.36683172	45.0	3.054	30.566	15.81	13.212228486581271	551	1838	45	4	58	30	45	3	29	15	12531	0	0.15624046325683594	276000	93.03226327896118	98007	64.49021739130436	
50605110.07742345	45.0	3.042	30.218	15.63	13.212228486581271	552	1838	45	4	58	30	45	3	29	15	12553	0	0.1874861717224121	276500	93.2197494506836	98185	64.49005424954791	
283059325.48453933	45.0	3.044	30.276	15.66	13.212228486581271	553	1838	45	4	58	30	45	3	29	15	12576	0	0.14148926734924316	277000	93.36123871803284	98360	64.49097472924188	
59364835.8069574	45.0	3.034	29.986	15.51	13.212228486581271	554	1838	45	4	58	30	45	3	29	15	12595	0	0.12499165534973145	277500	93.48623037338257	98545	64.48828828828829	
126810158.51818863	45.0	3.044	30.276	15.66	13.212228486581271	555	1838	45	4	58	30	45	3	29	15	12619	0	0.17186474800109863	278000	93.65809512138367	98720	64.48920863309353	
9.14672757917356e+28	45.0	3.032	29.928	15.48	13.212228486581271	556	1838	45	4	58	30	45	3	29	15	12636	0	0.1730043888092041	278500	93.83109951019287	98919	64.48150807899461	
88400798.05390187	45.0	3.052	30.508	15.78	13.212228486581271	557	1838	45	4	58	30	45	3	29	15	12664	0	0.14061474800109863	279000	93.97171425819397	99097	64.48136200716846	
22891996.837752666	45.0	3.048	30.392	15.72	13.212228486581271	558	1838	45	4	58	30	45	3	29	15	12689	0	0.15624022483825684	279500	94.12795448303223	99301	64.47191413237925	
208789941.96461517	45.0	3.046	30.334	15.69	13.212228486581271	559	1838	45	4	58	30	45	3	29	15	12715	0	0.17229413986206055	280000	94.30024862289429	99502	64.46357142857144	
236638846136858.28	45.0	3.044	30.276	15.66	13.212228486581271	560	1838	45	4	58	30	45	3	29	15	12740	0	0.15624213218688965	280500	94.45649075508118	99688	64.46060606060607	
240405781.09481585	45.0	3.04	30.16	15.6	13.212228486581271	561	1838	45	4	58	30	45	3	29	15	12761	0	0.171860933303833	281000	94.62835168838501	99890	64.45195729537366	
138091197.409071	45.0	3.05	30.45	15.75	13.212228486581271	562	1838	45	4	58	30	45	3	29	15	12789	0	0.12499165534973145	281500	94.75334334373474	100080	64.44760213143871	
162174884.1383693	45.0	3.052	30.508	15.78	13.212228486581271	563	1838	45	4	58	30	45	3	29	15	12816	0	0.15668058395385742	282000	94.9100239276886	100267	64.44432624113475	
249645772.27444842	45.0	3.046	30.334	15.69	13.212228486581271	564	1838	45	4	58	30	45	3	29	15	12843	0	0.15623903274536133	282500	95.06626296043396	100438	64.44672566371682	
114613139.82651623	45.0	3.06	30.74	15.9	13.212228486581271	565	1838	45	4	58	30	45	3	29	15	12874	0	0.15623974800109863	283000	95.22250270843506	100629	64.44204946996467	
134457285.98549944	45.0	3.06	30.74	15.9	13.212228486581271	566	1838	45	4	58	30	45	3	29	15	12906	0	0.17279982566833496	283500	95.3953025341034	100828	64.43456790123457	
2.054968377945038e+29	45.0	3.054	30.566	15.81	13.212228486581271	567	1838	45	4	58	30	45	3	29	15	12934	0	0.12498903274536133	284000	95.52029156684875	101023	64.42852112676056	
33714039926308.984	45.0	3.04	30.16	15.6	13.212228486581271	568	1838	45	4	58	30	45	3	29	15	12956	0	0.17186379432678223	284500	95.69215536117554	101241	64.41441124780317	
152655078.60001546	45.0	3.042	30.218	15.63	13.212228486581271	569	1838	45	4	58	30	45	3	29	15	12978	0	0.18748736381530762	285000	95.87964272499084	101437	64.4080701754386	
250787605.5656749	45.0	3.058	30.682	15.87	13.212228486581271	570	1838	45	4	58	30	45	3	29	15	13008	0	0.14061450958251953	285500	96.02025723457336	101639	64.39964973730298	
55012896.5696342	45.0	3.028	29.812	15.42	13.212228486581271	571	1838	45	4	58	30	45	3	29	15	13024	0	0.15623927116394043	286000	96.1764965057373	101840	64.3916083916084	
248182425.2250071	45.0	3.068	30.972	16.02	13.212228486581271	572	1838	45	4	58	30	45	3	29	15	13059	0	0.17281532287597656	286500	96.34931182861328	102028	64.38813263525304	
7.877383969859055e+28	45.0	3.05	30.45	15.75	13.212228486581271	573	1838	45	4	58	30	45	3	29	15	13086	0	0.14061641693115234	287000	96.48992824554443	102203	64.38919860627178	
178436746.48475942	45.0	3.068	30.972	16.02	13.212228486581271	574	1838	45	4	58	30	45	3	29	15	13122	0	0.15623879432678223	287500	96.64616703987122	102388	64.38678260869565	
150160543.5765399	45.0	3.068	30.972	16.02	13.212228486581271	575	1838	45	4	58	30	45	3	29	15	13158	0	0.17186403274536133	288000	96.81803107261658	102560	64.38888888888889	
141391860.64947575	45.0	3.036	30.044	15.54	13.212228486581271	576	1838	45	4	58	30	45	3	29	15	13180	0	0.12610888481140137	288500	96.94413995742798	102746	64.38613518197573	
97426974.37077093	45.0	3.058	30.682	15.87	13.212228486581271	577	1838	45	4	58	30	45	3	29	15	13211	0	0.14061546325683594	289000	97.08475542068481	102914	64.38961937716263	
1000353671.2156546	45.0	3.054	30.566	15.81	13.212228486581271	578	1838	45	4	58	30	45	3	29	15	13240	0	0.2031114101409912	289500	97.2878668308258	103079	64.39412780656303	
276095567.70984447	45.0	3.038	30.102	15.57	13.212228486581271	579	1838	45	4	58	30	45	3	29	15	13260	0	0.17186856269836426	290000	97.45973539352417	103243	64.39896551724138	
106278064.61350457	45.0	3.03	29.87	15.45	13.212228486581271	580	1838	45	4	58	30	45	3	29	15	13276	0	0.17185759544372559	290500	97.6315929889679	103421	64.39896729776248	
190558950.98827797	45.0	3.03	29.87	15.45	13.212228486581271	581	1838	45	4	58	30	45	3	29	15	13292	0	0.15623927116394043	291000	97.78783226013184	103596	64.4	
46908110.54791023	45.0	3.04	30.16	15.6	13.212228486581271	582	1838	45	4	58	30	45	3	29	15	13315	0	0.157820463180542	291500	97.94565272331238	103746	64.40960548885077	
9.695350278937126e+27	45.0	3.034	29.986	15.51	13.212228486581271	583	1838	45	4	58	30	45	3	29	15	13334	0	0.14061546325683594	292000	98.08626818656921	103918	64.41164383561645	
28738178.16688389	45.0	3.05	30.45	15.75	13.212228486581271	584	1838	45	4	58	30	45	3	29	15	13361	0	0.17186331748962402	292500	98.25813150405884	104101	64.40991452991453	
47006494006540.984	45.0	3.054	30.566	15.81	13.212228486581271	585	1838	45	4	58	30	45	3	29	15	13391	0	0.1585710048675537	293000	98.41670250892639	104306	64.40068259385666	
241413241.9679982	45.0	3.062	30.798	15.93	13.212228486581271	586	1838	45	4	58	30	45	3	29	15	13423	0	0.12499141693115234	293500	98.54169392585754	104495	64.39693356047701	
1.5552057028132052e+16	45.0	3.04	30.16	15.6	13.212228486581271	587	1838	45	4	58	30	45	3	29	15	13444	0	0.17186236381530762	294000	98.71355628967285	104688	64.39183673469388	
50539145.545008264	45.0	3.058	30.682	15.87	13.212228486581271	588	1838	45	4	58	30	45	3	29	15	13476	0	0.15792131423950195	294500	98.87147760391235	104838	64.40135823429542	
65640583.1979289	45.0	3.04	30.16	15.6	13.212228486581271	589	1838	45	4	58	30	45	3	29	15	13499	0	0.14061617851257324	295000	99.01209378242493	104990	64.41016949152542	
488601057.46443146	45.0	3.034	29.986	15.51	13.212228486581271	590	1838	45	4	58	30	45	3	29	15	13517	0	0.12499141693115234	295500	99.13708519935608	105144	64.41827411167512	
60400713.42141204	45.0	3.04	30.16	15.6	13.212228486581271	591	1838	45	4	58	30	45	3	29	15	13539	0	0.14061546325683594	296000	99.27770066261292	105304	64.42432432432432	
63871827.36968856	45.0	3.038	30.102	15.57	13.212228486581271	592	1838	45	4	58	30	45	3	29	15	13559	0	0.15697741508483887	296500	99.43467807769775	105466	64.42967959527824	
125153073.93198739	45.0	3.05	30.45	15.75	13.212228486581271	593	1838	45	4	58	30	45	3	29	15	13588	0	0.15766119956970215	297000	99.59233927726746	105626	64.43569023569023	
552279800.7125154	45.0	3.054	30.566	15.81	13.212228486581271	594	1838	45	4	58	30	45	3	29	15	13617	0	0.15623998641967773	297500	99.74857926368713	105783	64.44268907563026	
181448165.60887703	45.0	3.036	30.044	15.54	13.212228486581271	595	1838	45	4	58	30	45	3	29	15	13637	0	0.17294549942016602	298000	99.9215247631073	105927	64.45402684563759	
399636760.9732259	45.0	3.05	30.45	15.75	13.212228486581271	596	1838	45	4	58	30	45	3	29	15	13664	0	0.15623903274536133	298500	100.07776379585266	106087	64.45996649916248	
8.862111406655305e+38	45.0	3.046	30.334	15.69	13.212228486581271	597	1838	45	4	58	30	45	3	29	15	13689	0	0.17186355590820312	299000	100.24962735176086	106259	64.461872909699	
569300091.6072881	45.0	3.052	30.508	15.78	13.212228486581271	598	1838	45	4	58	30	45	3	29	15	13718	0	0.14061713218688965	299500	100.39024448394775	106426	64.46544240400668	
1103792710.833312	45.0	3.034	29.986	15.51	13.212228486581271	599	1838	45	4	58	30	45	3	29	15	13736	0	0.12499046325683594	300000	100.51523494720459	106595	64.46833333333333	
191186949.65386042	45.0	3.05	30.45	15.75	13.212228486581271	600	1838	45	4	58	30	45	3	29	15	13763	0	0.18748760223388672	300500	100.70272254943848	106732	64.48186356073211	
74429234.47369924	45.0	3.036	30.044	15.54	13.212228486581271	601	1838	45	4	58	30	45	3	29	15	13783	0	0.17186212539672852	301000	100.8745846748352	106875	64.49335548172758	
336583493.427564	45.0	3.032	29.928	15.48	13.212228486581271	602	1838	45	4	58	30	45	3	29	15	13802	0	0.17226243019104004	301500	101.04684710502625	107015	64.50580431177445	
390974772.8807892	45.0	3.058	30.682	15.87	13.212228486581271	603	1838	45	4	58	30	45	3	29	15	13833	0	0.15624070167541504	302000	101.20308780670166	107175	64.51158940397352	
119070539.7541852	45.0	3.046	30.334	15.69	13.212228486581271	604	1838	45	4	58	30	45	3	29	15	13858	0	0.17186188697814941	302500	101.37494969367981	107318	64.52297520661156	
93516969.67765112	45.0	3.05	30.45	15.75	13.212228486581271	605	1838	45	4	58	30	45	3	29	15	13886	0	0.15695667266845703	303000	101.53190636634827	107476	64.52937293729373	
139540474.9544887	45.0	3.06	30.74	15.9	13.212228486581271	606	1838	45	4	58	30	45	3	29	15	13917	0	0.14061522483825684	303500	101.67252159118652	107636	64.5350906095552	
70032507.93213461	45.0	3.032	29.928	15.48	13.212228486581271	607	1838	45	4	58	30	45	3	29	15	13935	0	0.15623927116394043	304000	101.82876086235046	107800	64.53947368421052	
60500061.09514706	45.0	3.04	30.16	15.6	13.212228486581271	608	1838	45	4	58	30	45	3	29	15	13960	0	0.15623927116394043	304500	101.9850001335144	107959	64.54548440065682	
2.0726328572679123e+17	45.0	3.06	30.74	15.9	13.212228486581271	609	1838	45	4	58	30	45	3	29	15	13992	0	0.17186284065246582	305000	102.15686297416687	108097	64.55836065573772	
5726307845292.751	45.0	3.046	30.334	15.69	13.212228486581271	610	1838	45	4	58	30	45	3	29	15	14016	0	0.17186427116394043	305500	102.32872724533081	108225	64.57446808510639	
78562973.56849757	45.0	3.042	30.218	15.63	13.212228486581271	611	1838	45	4	58	30	45	3	29	15	14038	0	0.17273712158203125	306000	102.50146436691284	108357	64.58921568627451	
239365398.14696795	45.0	3.05	30.45	15.75	13.212228486581271	612	1838	45	4	58	30	45	3	29	15	14065	0	0.14061617851257324	306500	102.64208054542542	108518	64.59445350734094	
109761930.39869165	45.0	3.028	29.812	15.42	13.212228486581271	613	1838	45	4	58	30	45	3	29	15	14081	0	0.12499070167541504	307000	102.76707124710083	108674	64.60130293159608	
186695882.24715027	45.0	3.034	29.986	15.51	13.212228486581271	614	1838	45	4	58	30	45	3	29	15	14102	0	0.17517638206481934	307500	102.94224762916565	108825	64.60975609756098	
72927365.12854765	45.0	3.05	30.45	15.75	13.212228486581271	615	1838	45	4	58	30	45	3	29	15	14128	0	0.12499213218688965	308000	103.06723976135254	108969	64.62045454545455	
126767996.27999185	45.0	3.04	30.16	15.6	13.212228486581271	616	1838	45	4	58	30	45	3	29	15	14151	0	0.17186450958251953	308500	103.23910427093506	109115	64.63047001620745	
97225752.33639528	45.0	3.036	30.044	15.54	13.212228486581271	617	1838	45	4	58	30	45	3	29	15	14171	0	0.15623831748962402	309000	103.39534258842468	109259	64.64110032362458	
347847048.550765	45.0	3.05	30.45	15.75	13.212228486581271	618	1838	45	4	58	30	45	3	29	15	14197	0	0.15723848342895508	309500	103.55258107185364	109408	64.65008077544427	
98890815.2573441	45.0	3.05	30.45	15.75	13.212228486581271	619	1838	45	4	58	30	45	3	29	15	14223	0	0.12499189376831055	310000	103.67757296562195	109552	64.66064516129032	
227924331.27423882	45.0	3.052	30.508	15.78	13.212228486581271	620	1838	45	4	58	30	45	3	29	15	14250	0	0.12499117851257324	310500	103.80256414413452	109684	64.67504025764896	
95129828.14777133	45.0	3.048	30.392	15.72	13.212228486581271	621	1838	45	4	58	30	45	3	29	15	14276	0	0.14159297943115234	311000	103.94415712356567	109798	64.6951768488746	
141643172.023807	45.0	3.04	30.16	15.6	13.212228486581271	622	1838	45	4	58	30	45	3	29	15	14297	0	0.14061617851257324	311500	104.08477330207825	109961	64.69951845906903	
2.0549682882114165e+37	45.0	3.052	30.508	15.78	13.212228486581271	623	1838	45	4	58	30	45	3	29	15	14325	0	0.14061546325683594	312000	104.22538876533508	110134	64.70064102564103	
62344217.36933706	45.0	3.048	30.392	15.72	13.212228486581271	624	1838	45	4	58	30	45	3	29	15	14350	0	0.17186331748962402	312500	104.3972520828247	110310	64.7008	
53633165.048424706	45.0	3.048	30.392	15.72	13.212228486581271	625	1838	45	4	58	30	45	3	29	15	14376	0	0.17287659645080566	313000	104.57012867927551	110467	64.70702875399361	
231701318.23103577	45.0	3.042	30.218	15.63	13.212228486581271	626	1838	45	4	58	30	45	3	29	15	14399	0	0.14061546325683594	313500	104.71074414253235	110621	64.71419457735247	
89290195.3267573	45.0	3.042	30.218	15.63	13.212228486581271	627	1838	45	4	58	30	45	3	29	15	14421	0	0.17186379432678223	314000	104.88260793685913	110790	64.71656050955414	
2.049519874111097e+25	45.0	3.038	30.102	15.57	13.212228486581271	628	1838	45	4	58	30	45	3	29	15	14443	0	0.17248821258544922	314500	105.05509614944458	110989	64.70937996820349	
50739699.34247125	45.0	3.044	30.276	15.66	13.212228486581271	629	1838	45	4	58	30	45	3	29	15	14467	0	0.17186284065246582	315000	105.22695899009705	111150	64.71428571428572	
134322638.08877704	45.0	3.046	30.334	15.69	13.212228486581271	630	1838	45	4	58	30	45	3	29	15	14492	0	0.18748831748962402	315500	105.41444730758667	111321	64.71600633914422	
88026393.62555015	45.0	3.044	30.276	15.66	13.212228486581271	631	1838	45	4	58	30	45	3	29	15	14515	0	0.17432427406311035	316000	105.58877158164978	111481	64.72120253164557	
57459168.85727176	45.0	3.044	30.276	15.66	13.212228486581271	632	1838	45	4	58	30	45	3	29	15	14539	0	0.14061570167541504	316500	105.7293872833252	111656	64.7216429699842	
9794468600.557264	45.0	3.052	30.508	15.78	13.212228486581271	633	1838	45	4	58	30	45	3	29	15	14566	0	0.15623927116394043	317000	105.88562655448914	111818	64.72618296529969	
168211536.1373024	45.0	3.046	30.334	15.69	13.212228486581271	634	1838	45	4	58	30	45	3	29	15	14590	0	0.1719975471496582	317500	106.0576241016388	111967	64.73480314960631	
124093322.4158227	45.0	3.032	29.928	15.48	13.212228486581271	635	1838	45	4	58	30	45	3	29	15	14608	0	0.12499117851257324	318000	106.18261528015137	112124	64.74088050314465	
100194811.91297175	45.0	3.038	30.102	15.57	13.212228486581271	636	1838	45	4	58	30	45	3	29	15	14629	0	0.17186355590820312	318500	106.35447883605957	112286	64.74536891679749	
287304841.78346527	45.0	3.052	30.508	15.78	13.212228486581271	637	1838	45	4	58	30	45	3	29	15	14656	0	0.1563410758972168	319000	106.51081991195679	112438	64.75297805642633	
5.788505008536588e+21	45.0	3.044	30.276	15.66	13.212228486581271	638	1838	45	4	58	30	45	3	29	15	14679	0	0.14061546325683594	319500	106.65143537521362	112603	64.7564945226917	
3.4640536951032996e+16	45.0	3.052	30.508	15.78	13.212228486581271	639	1838	45	4	58	30	45	3	29	15	14707	0	0.15623998641967773	320000	106.8076753616333	112761	64.76218750000001	
218489412.00486863	45.0	3.052	30.508	15.78	13.212228486581271	640	1838	45	4	58	30	45	3	29	15	14735	0	0.15624046325683594	320500	106.96391582489014	112905	64.77223088923557	
82088168.42742036	45.0	3.044	30.276	15.66	13.212228486581271	641	1838	45	4	58	30	45	3	29	15	14758	0	0.14061379432678223	321000	107.10452961921692	113055	64.7803738317757	
77794486.85207945	45.0	3.052	30.508	15.78	13.212228486581271	642	1838	45	4	58	30	45	3	29	15	14786	0	0.14061498641967773	321500	107.2451446056366	113206	64.78818040435459	
473351484.28210336	45.0	3.052	30.508	15.78	13.212228486581271	643	1838	45	4	58	30	45	3	29	15	14813	0	0.15623950958251953	322000	107.40138411521912	113366	64.79316770186335	
114441064.45092171	45.0	3.046	30.334	15.69	13.212228486581271	644	1838	45	4	58	30	45	3	29	15	14838	0	0.14073467254638672	322500	107.5421187877655	113506	64.80434108527132	
96208117.65984453	45.0	3.066	30.914	15.99	13.212228486581271	645	1838	45	4	58	30	45	3	29	15	14873	0	0.15623998641967773	323000	107.69835877418518	113658	64.81176470588235	
287774769.50758225	45.0	3.04	30.16	15.6	13.212228486581271	646	1838	45	4	58	30	45	3	29	15	14894	0	0.15623807907104492	323500	107.85459685325623	113820	64.8160741885626	
242445314.9195799	45.0	3.062	30.798	15.93	13.212228486581271	647	1838	45	4	58	30	45	3	29	15	14927	0	0.173051118850708	324000	108.02764797210693	113981	64.82067901234568	
1.7536839220830083e+32	45.0	3.042	30.218	15.63	13.212228486581271	648	1838	45	4	58	30	45	3	29	15	14949	0	0.12499046325683594	324500	108.15263843536377	114122	64.83143297380585	
234133452.11549363	45.0	3.05	30.45	15.75	13.212228486581271	649	1838	45	4	58	30	45	3	29	15	14977	0	0.17186498641967773	325000	108.32450342178345	114269	64.84030769230769	
5795527812278.237	45.0	3.03	29.87	15.45	13.212228486581271	650	1838	45	4	58	30	45	3	29	15	14995	0	0.15623784065246582	325500	108.48074126243591	114426	64.84608294930875	
9482706.328551253	45.0	3.042	30.218	15.63	13.212228486581271	651	1838	45	4	58	30	45	3	29	15	15019	0	0.14220380783081055	326000	108.62294507026672	114579	64.85306748466257	
128679560.87957498	45.0	3.062	30.798	15.93	13.212228486581271	652	1838	45	4	58	30	45	3	29	15	15051	0	0.17186331748962402	326500	108.79480838775635	114741	64.8572741194487	
146356585.48193204	45.0	3.048	30.392	15.72	13.212228486581271	653	1838	45	4	58	30	45	3	29	15	15077	0	0.15623903274536133	327000	108.95104742050171	114908	64.85993883792048	
148898036.6296952	45.0	3.044	30.276	15.66	13.212228486581271	654	1838	45	4	58	30	45	3	29	15	15103	0	0.15711188316345215	327500	109.10815930366516	115070	64.86412213740458	
2.0463157955876918e+17	45.0	3.05	30.45	15.75	13.212228486581271	655	1838	45	4	58	30	45	3	29	15	15129	0	0.10936784744262695	328000	109.21752715110779	115225	64.8704268292683	
35080231.1252784	45.0	3.038	30.102	15.57	13.212228486581271	656	1838	45	4	58	30	45	3	29	15	15150	0	0.14061450958251953	328500	109.35814166069031	115376	64.8779299847793	
45291846.10059217	45.0	3.032	29.928	15.48	13.212228486581271	657	1838	45	4	58	30	45	3	29	15	15168	0	0.10936760902404785	329000	109.46750926971436	115529	64.88480243161095	
39044970.22589693	45.0	3.052	30.508	15.78	13.212228486581271	658	1838	45	4	58	30	45	3	29	15	15195	0	0.17208600044250488	329500	109.63959527015686	115684	64.89104704097116	
101580431.4057464	45.0	3.054	30.566	15.81	13.212228486581271	659	1838	45	4	58	30	45	3	29	15	15223	0	0.14061570167541504	330000	109.78021097183228	115851	64.89363636363636	
76744933.20156401	45.0	3.044	30.276	15.66	13.212228486581271	660	1838	45	4	58	30	45	3	29	15	15246	0	0.14061546325683594	330500	109.92082643508911	116025	64.89409984871406	
109134280.61934234	45.0	3.066	30.914	15.99	13.212228486581271	661	1838	45	4	58	30	45	3	29	15	15281	0	0.17186307907104492	331000	110.09268951416016	116216	64.8894259818731	
82676026.10330057	45.0	3.058	30.682	15.87	13.212228486581271	662	1838	45	4	58	30	45	3	29	15	15313	0	0.14061617851257324	331500	110.23330569267273	116403	64.88597285067874	
78632816.52359807	45.0	3.048	30.392	15.72	13.212228486581271	663	1838	45	4	58	30	45	3	29	15	15340	0	0.14061474800109863	332000	110.37392044067383	116594	64.88132530120481	
7550015387813.143	45.0	3.044	30.276	15.66	13.212228486581271	664	1838	45	4	58	30	45	3	29	15	15365	0	0.1737499237060547	332500	110.54767036437988	116802	64.87157894736842	
1228447150622.9597	45.0	3.04	30.16	15.6	13.212228486581271	665	1838	45	4	58	30	45	3	29	15	15386	0	0.17186355590820312	333000	110.71953392028809	116976	64.87207207207207	
202720274.67687568	45.0	3.032	29.928	15.48	13.212228486581271	666	1838	45	4	58	30	45	3	29	15	15403	0	0.17186737060546875	333500	110.89140129089355	117151	64.87226386806597	
262910781.80691126	45.0	3.054	30.566	15.81	13.212228486581271	667	1838	45	4	58	30	45	3	29	15	15431	0	0.14217257499694824	334000	111.0335738658905	117319	64.8745508982036	
416168980.93136144	45.0	3.046	30.334	15.69	13.212228486581271	668	1838	45	4	58	30	45	3	29	15	15455	0	0.17343354225158691	334500	111.20700740814209	117461	64.8846038863976	
89244382.44721746	45.0	3.06	30.74	15.9	13.212228486581271	669	1838	45	4	58	30	45	3	29	15	15488	0	0.14061689376831055	335000	111.3476243019104	117627	64.88746268656718	
197440446.7615608	45.0	3.046	30.334	15.69	13.212228486581271	670	1838	45	4	58	30	45	3	29	15	15513	0	0.2202904224395752	335500	111.56791472434998	117782	64.89359165424739	
7.3440140577462555e+28	45.0	3.036	30.044	15.54	13.212228486581271	671	1838	45	4	58	30	45	3	29	15	15532	0	0.18877077102661133	336000	111.75668549537659	117969	64.89017857142858	
268526572.24303997	45.0	3.058	30.682	15.87	13.212228486581271	672	1838	45	4	58	30	45	3	29	15	15562	0	0.15773344039916992	336500	111.91441893577576	118128	64.89509658246656	
189609025.81531486	45.0	3.05	30.45	15.75	13.212228486581271	673	1838	45	4	58	30	45	3	29	15	15589	0	0.20499944686889648	337000	112.11941838264465	118308	64.89376854599406	
61899840.566201046	45.0	3.06	30.74	15.9	13.212228486581271	674	1838	45	4	58	30	45	3	29	15	15620	0	0.10936927795410156	337500	112.22878766059875	118493	64.89096296296296	
172989043.2337312	45.0	3.036	30.044	15.54	13.212228486581271	675	1838	45	4	58	30	45	3	29	15	15639	0	0.12499189376831055	338000	112.35377955436707	118682	64.88698224852071	
158811205.79514542	45.0	3.056	30.624	15.84	13.212228486581271	676	1838	45	4	58	30	45	3	29	15	15669	0	0.14061498641967773	338500	112.49439454078674	118847	64.8901033973412	
4.8221761279076697e+24	45.0	3.054	30.566	15.81	13.212228486581271	677	1838	45	4	58	30	45	3	29	15	15699	0	0.15746021270751953	339000	112.65185475349426	119044	64.88377581120943	
1132494483953698.2	45.0	3.036	30.044	15.54	13.212228486581271	678	1838	45	4	58	30	45	3	29	15	15719	0	0.12499356269836426	339500	112.77684831619263	119232	64.88011782032402	
126266611.59764731	45.0	3.034	29.986	15.51	13.212228486581271	679	1838	45	4	58	30	45	3	29	15	15738	0	0.14061284065246582	340000	112.91746115684509	119437	64.8714705882353	
63053381.88861258	45.0	3.042	30.218	15.63	13.212228486581271	680	1838	45	4	58	30	45	3	29	15	15761	0	0.18866419792175293	340500	113.10612535476685	119608	64.87283406754773	
35821392.42833249	45.0	3.046	30.334	15.69	13.212228486581271	681	1838	45	4	58	30	45	3	29	15	15786	0	0.1874861717224121	341000	113.29361152648926	119795	64.86950146627566	
202749072.4248733	45.0	3.048	30.392	15.72	13.212228486581271	682	1838	45	4	58	30	45	3	29	15	15811	0	0.18748879432678223	341500	113.48110032081604	119968	64.87027818448024	
41116710.2652681	45.0	3.03	29.87	15.45	13.212228486581271	683	1838	45	4	58	30	45	3	29	15	15829	0	0.1123647689819336	342000	113.59346508979797	120159	64.8657894736842	
67648534.79714	45.0	3.062	30.798	15.93	13.212228486581271	684	1838	45	4	58	30	45	3	29	15	15861	0	0.15623807907104492	342500	113.74970316886902	120333	64.86627737226277	
928089135.7241226	45.0	3.05	30.45	15.75	13.212228486581271	685	1838	45	4	58	30	45	3	29	15	15887	0	0.17186427116394043	343000	113.92156744003296	120505	64.86734693877551	
187582926.69506696	45.0	3.036	30.044	15.54	13.212228486581271	686	1838	45	4	58	30	45	3	29	15	15907	0	0.14256548881530762	343500	114.06413292884827	120673	64.86957787481805	
8.406920218969963e+31	45.0	3.048	30.392	15.72	13.212228486581271	687	1838	45	4	58	30	45	3	29	15	15933	0	0.15623903274536133	344000	114.22037196159363	120806	64.88197674418605	
2.2692499038705563e+30	45.0	3.046	30.334	15.69	13.212228486581271	688	1838	45	4	58	30	45	3	29	15	15957	0	0.15623807907104492	344500	114.37661004066467	120945	64.89259796806967	
160328942.79241702	45.0	3.044	30.276	15.66	13.212228486581271	689	1838	45	4	58	30	45	3	29	15	15982	0	0.173309326171875	345000	114.54991936683655	121065	64.90869565217392	
83572405.832799	45.0	3.042	30.218	15.63	13.212228486581271	690	1838	45	4	58	30	45	3	29	15	16004	0	0.17186450958251953	345500	114.72178387641907	121201	64.92011577424023	
102449542051889.45	45.0	3.058	30.682	15.87	13.212228486581271	691	1838	45	4	58	30	45	3	29	15	16035	0	0.18748688697814941	346000	114.90927076339722	121328	64.93410404624277	
2846627504.4568453	45.0	3.042	30.218	15.63	13.212228486581271	692	1838	45	4	58	30	45	3	29	15	16057	0	0.19028759002685547	346500	115.09955835342407	121471	64.94343434343435	
1.8523931987571683e+25	45.0	3.034	29.986	15.51	13.212228486581271	693	1838	45	4	58	30	45	3	29	15	16077	0	0.17186331748962402	347000	115.2714216709137	121623	64.95014409221902	
211693100.5035045	45.0	3.044	30.276	15.66	13.212228486581271	694	1838	45	4	58	30	45	3	29	15	16100	0	0.17186331748962402	347500	115.44328498840332	121767	64.95913669064748	
76513344.2062606	45.0	3.044	30.276	15.66	13.212228486581271	695	1838	45	4	58	30	45	3	29	15	16123	0	0.18935298919677734	348000	115.6326379776001	121905	64.96982758620689	
37351858.62370314	45.0	3.052	30.508	15.78	13.212228486581271	696	1838	45	4	58	30	45	3	29	15	16152	0	0.1425330638885498	348500	115.77517104148865	122028	64.98479196556671	
138236446.06474578	45.0	3.044	30.276	15.66	13.212228486581271	697	1838	45	4	58	30	45	3	29	15	16177	0	0.14061498641967773	349000	115.91578602790833	122167	64.99512893982808	
62203929.38717189	45.0	3.052	30.508	15.78	13.212228486581271	698	1838	45	4	58	30	45	3	29	15	16204	0	0.15650534629821777	349500	116.07229137420654	122305	65.00572246065809	
635712496.8731102	45.0	3.062	30.798	15.93	13.212228486581271	699	1838	45	4	58	30	45	3	29	15	16236	0	0.14061999320983887	350000	116.21291136741638	122463	65.01057142857144	
2.004125234476007e+25	45.0	3.03	29.87	15.45	13.212228486581271	700	1838	45	4	58	30	45	3	29	15	16252	0	0.1874830722808838	350500	116.40039443969727	122630	65.01283880171184	
167495169.68229467	45.0	3.032	29.928	15.48	13.212228486581271	701	1838	45	4	58	30	45	3	29	15	16270	0	0.14061617851257324	351000	116.54101061820984	122804	65.01310541310542	
319276201.97215164	45.0	3.05	30.45	15.75	13.212228486581271	702	1838	45	4	58	30	45	3	29	15	16299	0	0.18935561180114746	351500	116.73036623001099	122945	65.02275960170698	
405391995.61677223	45.0	3.046	30.334	15.69	13.212228486581271	703	1838	45	4	58	30	45	3	29	15	16324	0	0.14061808586120605	352000	116.87098431587219	123090	65.03125	
165128097.27961802	45.0	3.036	30.044	15.54	13.212228486581271	704	1838	45	4	58	30	45	3	29	15	16343	0	0.15623736381530762	352500	117.0272216796875	123241	65.03801418439716	
74992490.8407561	45.0	3.038	30.102	15.57	13.212228486581271	705	1838	45	4	58	30	45	3	29	15	16365	0	0.15853452682495117	353000	117.18575620651245	123397	65.04334277620396	
52043526.175161295	45.0	3.052	30.508	15.78	13.212228486581271	706	1838	45	4	58	30	45	3	29	15	16394	0	0.1734163761138916	353500	117.35917258262634	123551	65.04922206506365	
56869419.145830266	45.0	3.038	30.102	15.57	13.212228486581271	707	1838	45	4	58	30	45	3	29	15	16415	0	0.14061641693115234	354000	117.4997889995575	123693	65.05847457627118	
2.7115103874170346e+17	45.0	3.044	30.276	15.66	13.212228486581271	708	1838	45	4	58	30	45	3	29	15	16438	0	0.1578969955444336	354500	117.65768599510193	123850	65.06346967559944	
20511036.47237187	45.0	3.062	30.798	15.93	13.212228486581271	709	1838	45	4	58	30	45	3	29	15	16470	0	0.15623760223388672	355000	117.81392359733582	123990	65.07323943661972	
152344772.3961849	45.0	3.038	30.102	15.57	13.212228486581271	710	1838	45	4	58	30	45	3	29	15	16490	0	0.18748855590820312	355500	118.00141215324402	124139	65.08045007032348	
66100730.956919424	45.0	3.046	30.334	15.69	13.212228486581271	711	1838	45	4	58	30	45	3	29	15	16514	0	0.15834927558898926	356000	118.15976142883301	124290	65.0870786516854	
252337028.45122898	45.0	3.052	30.508	15.78	13.212228486581271	712	1838	45	4	58	30	45	3	29	15	16541	0	0.17186355590820312	356500	118.33162498474121	124428	65.09733520336606	
76606646.08964536	45.0	3.042	30.218	15.63	13.212228486581271	713	1838	45	4	58	30	45	3	29	15	16564	0	0.17186307907104492	357000	118.50348806381226	124554	65.11092436974789	
9172849.861631582	45.0	3.048	30.392	15.72	13.212228486581271	714	1838	45	4	58	30	45	3	29	15	16590	0	0.14174556732177734	357500	118.64523363113403	124716	65.1144055944056	
1.959745221814797e+32	45.0	3.032	29.928	15.48	13.212228486581271	715	1838	45	4	58	30	45	3	29	15	16608	0	0.1718616485595703	358000	118.8170952796936	124850	65.12569832402235	
70702760.71320741	45.0	3.036	30.044	15.54	13.212228486581271	716	1838	45	4	58	30	45	3	29	15	16628	0	0.17186665534973145	358500	118.98896193504333	124992	65.13472803347281	
326352597.23336846	45.0	3.044	30.276	15.66	13.212228486581271	717	1838	45	4	58	30	45	3	29	15	16651	0	0.17416691780090332	359000	119.16312885284424	125130	65.14484679665739	
3.9972665383753204e+32	45.0	3.05	30.45	15.75	13.212228486581271	718	1838	45	4	58	30	45	3	29	15	16679	0	0.14061450958251953	359500	119.30374336242676	125276	65.15271210013908	
130330951.73288284	45.0	3.038	30.102	15.57	13.212228486581271	719	1838	45	4	58	30	45	3	29	15	16703	0	0.15623974800109863	360000	119.45998311042786	125429	65.1586111111111	
5.93752543776967e+23	45.0	3.068	30.972	16.02	13.212228486581271	720	1838	45	4	58	30	45	3	29	15	16738	0	0.17284035682678223	360500	119.63282346725464	125573	65.16699029126212	
74832596.0487515	45.0	3.036	30.044	15.54	13.212228486581271	721	1838	45	4	58	30	45	3	29	15	16758	0	0.15623688697814941	361000	119.78906035423279	125737	65.16980609418283	
85344903.34996225	45.0	3.038	30.102	15.57	13.212228486581271	722	1838	45	4	58	30	45	3	29	15	16782	0	0.15623974800109863	361500	119.94530010223389	125900	65.1728907330567	
214335751.7423734	45.0	3.042	30.218	15.63	13.212228486581271	723	1838	45	4	58	30	45	3	29	15	16804	0	0.1582472324371338	362000	120.10354733467102	126054	65.17845303867404	
124478381.99354829	45.0	3.044	30.276	15.66	13.212228486581271	724	1838	45	4	58	30	45	3	29	15	16827	0	0.18748712539672852	362500	120.29103446006775	126199	65.18648275862068	
76830569.22336484	45.0	3.058	30.682	15.87	13.212228486581271	725	1838	45	4	58	30	45	3	29	15	16857	0	0.14061784744262695	363000	120.43165230751038	126351	65.19256198347108	
54291639.45820003	45.0	3.04	30.16	15.6	13.212228486581271	726	1838	45	4	58	30	45	3	29	15	16879	0	0.15804791450500488	363500	120.58970022201538	126489	65.20247592847318	
422287969.36230534	45.0	3.062	30.798	15.93	13.212228486581271	727	1838	45	4	58	30	45	3	29	15	16911	0	0.15623974800109863	364000	120.74593997001648	126628	65.21208791208791	
26351986.401452143	45.0	3.052	30.508	15.78	13.212228486581271	728	1838	45	4	58	30	45	3	29	15	16938	0	0.14061522483825684	364500	120.88655519485474	126751	65.22606310013717	
42322680.95314144	45.0	3.056	30.624	15.84	13.212228486581271	729	1838	45	4	58	30	45	3	29	15	16969	0	0.14061546325683594	365000	121.02717065811157	126878	65.23890410958904	
242269022076330.06	45.0	3.048	30.392	15.72	13.212228486581271	730	1838	45	4	58	30	45	3	29	15	16994	0	0.18921613693237305	365500	121.21638679504395	127013	65.24952120383037	
5874884146878628.0	45.0	3.056	30.624	15.84	13.212228486581271	731	1838	45	4	58	30	45	3	29	15	17024	0	0.1718599796295166	366000	121.38824677467346	127144	65.26120218579234	
191095832.0499939	45.0	3.06	30.74	15.9	13.212228486581271	732	1838	45	4	58	30	45	3	29	15	17055	0	0.17186331748962402	366500	121.56011009216309	127308	65.26384720327422	
48194264.48961837	45.0	3.04	30.16	15.6	13.212228486581271	733	1838	45	4	58	30	45	3	29	15	17076	0	0.17333984375	367000	121.73344993591309	127455	65.27111716621253	
202894360.32233498	45.0	3.036	30.044	15.54	13.212228486581271	734	1838	45	4	58	30	45	3	29	15	17096	0	0.12499094009399414	367500	121.85844087600708	127612	65.2756462585034	
276696195.5691029	45.0	3.06	30.74	15.9	13.212228486581271	735	1838	45	4	58	30	45	3	29	15	17128	0	0.17186331748962402	368000	122.0303041934967	127785	65.27581521739131	
218566138.7162584	45.0	3.05	30.45	15.75	13.212228486581271	736	1838	45	4	58	30	45	3	29	15	17154	0	0.14101815223693848	368500	122.17132234573364	127957	65.27625508819538	
199939315.3366447	45.0	3.036	30.044	15.54	13.212228486581271	737	1838	45	4	58	30	45	3	29	15	17174	0	0.14061570167541504	369000	122.31193804740906	128130	65.27642276422765	
82517605.65588239	45.0	3.06	30.74	15.9	13.212228486581271	738	1838	45	4	58	30	45	3	29	15	17206	0	0.17186379432678223	369500	122.48380184173584	128271	65.28525033829499	
193958600.70691139	45.0	3.046	30.334	15.69	13.212228486581271	739	1838	45	4	58	30	45	3	29	15	17230	0	0.15705633163452148	370000	122.64085817337036	128442	65.28594594594594	
474048842.5916309	45.0	3.05	30.45	15.75	13.212228486581271	740	1838	45	4	58	30	45	3	29	15	17256	0	0.17186284065246582	370500	122.81272101402283	128626	65.28313090418354	
54761139.5532517	45.0	3.046	30.334	15.69	13.212228486581271	741	1838	45	4	58	30	45	3	29	15	17281	0	0.17186355590820312	371000	122.98458456993103	128796	65.28409703504043	
40087746.706416495	45.0	3.056	30.624	15.84	13.212228486581271	742	1838	45	4	58	30	45	3	29	15	17314	0	0.14258503913879395	371500	123.12716960906982	128966	65.28506056527591	
4.2771064405394555e+18	45.0	3.052	30.508	15.78	13.212228486581271	743	1838	45	4	58	30	45	3	29	15	17342	0	0.17186307907104492	372000	123.29903268814087	129112	65.29247311827957	
262342315.57436964	45.0	3.05	30.45	15.75	13.212228486581271	744	1838	45	4	58	30	45	3	29	15	17368	0	0.14061522483825684	372500	123.43964791297913	129252	65.30147651006712	
363378435.7787439	45.0	3.038	30.102	15.57	13.212228486581271	745	1838	45	4	58	30	45	3	29	15	17388	0	0.17320489883422852	373000	123.61285281181335	129405	65.30697050938338	
247536313.2679591	45.0	3.052	30.508	15.78	13.212228486581271	746	1838	45	4	58	30	45	3	29	15	17416	0	0.17186379432678223	373500	123.78471660614014	129551	65.31432396251674	
221810507782.96292	45.0	3.056	30.624	15.84	13.212228486581271	747	1838	45	4	58	30	45	3	29	15	17446	0	0.15623855590820312	374000	123.94095516204834	129702	65.32032085561497	
276126756.9818787	45.0	3.048	30.392	15.72	13.212228486581271	748	1838	45	4	58	30	45	3	29	15	17471	0	0.14061713218688965	374500	124.08157229423523	129852	65.32656875834446	
299428106.18432254	45.0	3.066	30.914	15.99	13.212228486581271	749	1838	45	4	58	30	45	3	29	15	17505	0	0.15623736381530762	375000	124.23780965805054	130019	65.32826666666666	
96529064.99212942	45.0	3.048	30.392	15.72	13.212228486581271	750	1838	45	4	58	30	45	3	29	15	17530	0	0.12499213218688965	375500	124.36280179023743	130165	65.33555259653795	
233054071.60684508	45.0	3.048	30.392	15.72	13.212228486581271	751	1838	45	4	58	30	45	3	29	15	17556	0	0.14061546325683594	376000	124.50341725349426	130299	65.34601063829788	
6.107108934593047e+34	45.0	3.054	30.566	15.81	13.212228486581271	752	1838	45	4	58	30	45	3	29	15	17584	0	0.173248291015625	376500	124.67666554450989	130403	65.3644090305445	
328132221.8218693	45.0	3.038	30.102	15.57	13.212228486581271	753	1838	45	4	58	30	45	3	29	15	17606	0	0.17186284065246582	377000	124.84852838516235	130558	65.36923076923077	
240037668.38979867	45.0	3.044	30.276	15.66	13.212228486581271	754	1838	45	4	58	30	45	3	29	15	17629	0	0.17186331748962402	377500	125.02039170265198	130723	65.37139072847683	
86244260.55498993	45.0	3.062	30.798	15.93	13.212228486581271	755	1838	45	4	58	30	45	3	29	15	17661	0	0.18849515914916992	378000	125.20888686180115	130873	65.37751322751322	
285277282.0986215	45.0	3.046	30.334	15.69	13.212228486581271	756	1838	45	4	58	30	45	3	29	15	17686	0	0.1718587875366211	378500	125.38074564933777	131036	65.38018494055481	
119923392.6489233	45.0	3.054	30.566	15.81	13.212228486581271	757	1838	45	4	58	30	45	3	29	15	17715	0	0.17186331748962402	379000	125.55260896682739	131178	65.38839050131926	
127102988.08416487	45.0	3.05	30.45	15.75	13.212228486581271	758	1838	45	4	58	30	45	3	29	15	17741	0	0.15715885162353516	379500	125.70976781845093	131316	65.39762845849802	
71903232.93542995	45.0	3.048	30.392	15.72	13.212228486581271	759	1838	45	4	58	30	45	3	29	15	17766	0	0.17186188697814941	380000	125.88162970542908	131442	65.41	
118605906.34843428	45.0	3.048	30.392	15.72	13.212228486581271	760	1838	45	4	58	30	45	3	29	15	17792	0	0.15624403953552246	380500	126.0378737449646	131598	65.41445466491459	
76323180.1609388	45.0	3.036	30.044	15.54	13.212228486581271	761	1838	45	4	58	30	45	3	29	15	17812	0	0.1874852180480957	381000	126.2253589630127	131762	65.41679790026247	
230101198.83293763	45.0	3.04	30.16	15.6	13.212228486581271	762	1838	45	4	58	30	45	3	29	15	17833	0	0.17186212539672852	381500	126.39722108840942	131913	65.42254259501966	
536312430.2170458	45.0	3.028	29.812	15.42	13.212228486581271	763	1838	45	4	58	30	45	3	29	15	17848	0	0.14061498641967773	382000	126.5378360748291	132057	65.4301047120419	
84993551.36539242	45.0	3.056	30.624	15.84	13.212228486581271	764	1838	45	4	58	30	45	3	29	15	17877	0	0.14304423332214355	382500	126.68088030815125	132201	65.43764705882353	
126259659.45006083	45.0	3.056	30.624	15.84	13.212228486581271	765	1838	45	4	58	30	45	3	29	15	17907	0	0.14061570167541504	383000	126.82149600982666	132374	65.43759791122716	
91833405463.12265	45.0	3.06	30.74	15.9	13.212228486581271	766	1838	45	4	58	30	45	3	29	15	17939	0	0.17186212539672852	383500	126.99335813522339	132522	65.44406779661017	
131616941.03306165	45.0	3.038	30.102	15.57	13.212228486581271	767	1838	45	4	58	30	45	3	29	15	17959	0	0.15637755393981934	384000	127.14973568916321	132672	65.45	
115388764.73733138	45.0	3.046	30.334	15.69	13.212228486581271	768	1838	45	4	58	30	45	3	29	15	17985	0	0.12498879432678223	384500	127.27472448348999	132825	65.45513654096229	
82768833.32684284	45.0	3.038	30.102	15.57	13.212228486581271	769	1838	45	4	58	30	45	3	29	15	18005	0	0.12498998641967773	385000	127.39971446990967	132951	65.46727272727273	
328605773.8895076	45.0	3.06	30.74	15.9	13.212228486581271	770	1838	45	4	58	30	45	3	29	15	18039	0	0.17186450958251953	385500	127.57157897949219	133104	65.47237354085604	
80663957048404.19	45.0	3.036	30.044	15.54	13.212228486581271	771	1838	45	4	58	30	45	3	29	15	18058	0	0.15623903274536133	386000	127.72781801223755	133252	65.47875647668394	
76154048.11879687	45.0	3.03	29.87	15.45	13.212228486581271	772	1838	45	4	58	30	45	3	29	15	18076	0	0.18748855590820312	386500	127.91530656814575	133407	65.48331177231566	
41841108.045544356	45.0	3.048	30.392	15.72	13.212228486581271	773	1838	45	4	58	30	45	3	29	15	18103	0	0.18748688697814941	387000	128.1027934551239	133561	65.48811369509045	
6.705043711621372e+24	45.0	3.052	30.508	15.78	13.212228486581271	774	1838	45	4	58	30	45	3	29	15	18131	0	0.12796449661254883	387500	128.23075795173645	133691	65.49909677419355	
2.3572912411599286e+25	45.0	3.02	29.58	15.3	13.212228486581271	775	1838	45	4	58	30	45	3	29	15	18143	0	0.15623927116394043	388000	128.3869972229004	133834	65.50670103092784	
161284383.98349848	45.0	3.044	30.276	15.66	13.212228486581271	776	1838	45	4	58	30	45	3	29	15	18166	0	0.14061522483825684	388500	128.52761244773865	133970	65.51608751608751	
589142353475.7521	45.0	3.054	30.566	15.81	13.212228486581271	777	1838	45	4	58	30	45	3	29	15	18194	0	0.1564803123474121	389000	128.68409276008606	134107	65.52519280205655	
35577322.73551423	45.0	3.044	30.276	15.66	13.212228486581271	778	1838	45	4	58	30	45	3	29	15	18218	0	0.18748760223388672	389500	128.87158036231995	134252	65.53222079589217	
58763389.78042298	45.0	3.038	30.102	15.57	13.212228486581271	779	1838	45	4	58	30	45	3	29	15	18240	0	0.14061355590820312	390000	129.01219391822815	134390	65.54102564102564	
274953406.1180802	45.0	3.038	30.102	15.57	13.212228486581271	780	1838	45	4	58	30	45	3	29	15	18260	0	0.17279314994812012	390500	129.18498706817627	134528	65.54980793854034	
884138201056034.8	45.0	3.052	30.508	15.78	13.212228486581271	781	1838	45	4	58	30	45	3	29	15	18288	0	0.14061522483825684	391000	129.32560229301453	134646	65.56368286445013	
148892850.1932003	45.0	3.07	31.03	16.05	13.212228486581271	782	1838	45	4	58	30	45	3	29	15	18324	0	0.15623998641967773	391500	129.4818422794342	134760	65.57854406130268	
370410132135.7288	45.0	3.048	30.392	15.72	13.212228486581271	783	1838	45	4	58	30	45	3	29	15	18349	0	0.14061427116394043	392000	129.62245655059814	134904	65.58571428571429	
2.256745329804099e+28	45.0	3.056	30.624	15.84	13.212228486581271	784	1838	45	4	58	30	45	3	29	15	18379	0	0.14213013648986816	392500	129.764586687088	135051	65.59210191082803	
161602726.524337	45.0	3.058	30.682	15.87	13.212228486581271	785	1838	45	4	58	30	45	3	29	15	18412	0	0.12498807907104492	393000	129.88957476615906	135208	65.59592875318066	
101150526.21471317	45.0	3.046	30.334	15.69	13.212228486581271	786	1838	45	4	58	30	45	3	29	15	18436	0	0.17186331748962402	393500	130.06143808364868	135341	65.60584498094028	
222447757.64723843	45.0	3.048	30.392	15.72	13.212228486581271	787	1838	45	4	58	30	45	3	29	15	18461	0	0.12499213218688965	394000	130.18643021583557	135489	65.61192893401015	
555109930.6072166	45.0	3.05	30.45	15.75	13.212228486581271	788	1838	45	4	58	30	45	3	29	15	18487	0	0.17186260223388672	394500	130.35829281806946	135644	65.61622306717365	
2.385968591870784e+19	45.0	3.048	30.392	15.72	13.212228486581271	789	1838	45	4	58	30	45	3	29	15	18513	0	0.12499141693115234	395000	130.4832842350006	135792	65.62227848101266	
110690397.0572277	45.0	3.048	30.392	15.72	13.212228486581271	790	1838	45	4	58	30	45	3	29	15	18539	0	0.18748688697814941	395500	130.67077112197876	135939	65.62857142857143	
84510706.5469437	45.0	3.05	30.45	15.75	13.212228486581271	791	1838	45	4	58	30	45	3	29	15	18565	0	0.18991780281066895	396000	130.86068892478943	136069	65.63914141414142	
106292749.40611792	45.0	3.058	30.682	15.87	13.212228486581271	792	1838	45	4	58	30	45	3	29	15	18595	0	0.1562361717224121	396500	131.01692509651184	136221	65.64413619167718	
138516949.05459014	45.0	3.034	29.986	15.51	13.212228486581271	793	1838	45	4	58	30	45	3	29	15	18613	0	0.17207622528076172	397000	131.1890013217926	136356	65.65340050377833	
83007101.35140441	45.0	3.05	30.45	15.75	13.212228486581271	794	1838	45	4	58	30	45	3	29	15	18641	0	0.12499213218688965	397500	131.3139934539795	136485	65.66415094339624	
123001257.27157526	45.0	3.036	30.044	15.54	13.212228486581271	795	1838	45	4	58	30	45	3	29	15	18660	0	0.17186307907104492	398000	131.48585653305054	136615	65.67462311557789	
134416889.22825888	45.0	3.058	30.682	15.87	13.212228486581271	796	1838	45	4	58	30	45	3	29	15	18690	0	0.12499117851257324	398500	131.6108477115631	136756	65.68230865746548	
145310700.30291873	45.0	3.044	30.276	15.66	13.212228486581271	797	1838	45	4	58	30	45	3	29	15	18715	0	0.13950324058532715	399000	131.75035095214844	136903	65.68847117794486	
22766105.048531212	45.0	3.042	30.218	15.63	13.212228486581271	798	1838	45	4	58	30	45	3	29	15	18737	0	0.10936689376831055	399500	131.85971784591675	137033	65.69887359198998	
129424251.83122678	45.0	3.058	30.682	15.87	13.212228486581271	799	1838	45	4	58	30	45	3	29	15	18767	0	0.15624308586120605	400000	132.01596093177795	137165	65.70875000000001	
322173937.37041247	45.0	3.06	30.74	15.9	13.212228486581271	800	1838	45	4	58	30	45	3	29	15	18801	0	0.156235933303833	400500	132.1721968650818	137300	65.71785268414482	
214791152.23355222	45.0	3.05	30.45	15.75	13.212228486581271	801	1838	45	4	58	30	45	3	29	15	18828	0	0.18758463859558105	401000	132.35978150367737	137419	65.73092269326683	
1203666292430.7275	45.0	3.046	30.334	15.69	13.212228486581271	802	1838	45	4	58	30	45	3	29	15	18852	0	0.15623950958251953	401500	132.5160210132599	137538	65.7439601494396	
5.479915447103595e+25	45.0	3.054	30.566	15.81	13.212228486581271	803	1838	45	4	58	30	45	3	29	15	18880	0	0.17186355590820312	402000	132.6878845691681	137630	65.7636815920398	
110841995.25409496	45.0	3.048	30.392	15.72	13.212228486581271	804	1838	45	4	58	30	45	3	29	15	18906	0	0.1738286018371582	402500	132.86171317100525	137742	65.7783850931677	
124967139.48194687	45.0	3.048	30.392	15.72	13.212228486581271	805	1838	45	4	58	30	45	3	29	15	18931	0	0.17186212539672852	403000	133.03357529640198	137870	65.78908188585608	
36644127.39190044	45.0	3.044	30.276	15.66	13.212228486581271	806	1838	45	4	58	30	45	3	29	15	18956	0	0.14169073104858398	403500	133.17526602745056	137990	65.80173482032218	
115132336.54417036	45.0	3.06	30.74	15.9	13.212228486581271	807	1838	45	4	58	30	45	3	29	15	18988	0	0.15873265266418457	404000	133.33399868011475	138125	65.81064356435644	
170665512.76137376	45.0	3.052	30.508	15.78	13.212228486581271	808	1838	45	4	58	30	45	3	29	15	19016	0	0.14061546325683594	404500	133.47461414337158	138256	65.82051915945613	
143011484.51884288	45.0	3.05	30.45	15.75	13.212228486581271	809	1838	45	4	58	30	45	3	29	15	19042	0	0.15623879432678223	405000	133.63085293769836	138400	65.82716049382717	
46619891.8463539	45.0	3.044	30.276	15.66	13.212228486581271	810	1838	45	4	58	30	45	3	29	15	19065	0	0.12775635719299316	405500	133.75860929489136	138543	65.83403205918619	
181431235.91454688	45.0	3.056	30.624	15.84	13.212228486581271	811	1838	45	4	58	30	45	3	29	15	19094	0	0.15623927116394043	406000	133.9148485660553	138691	65.83965517241379	
76587693.56872402	45.0	3.04	30.16	15.6	13.212228486581271	812	1838	45	4	58	30	45	3	29	15	19115	0	0.14061570167541504	406500	134.0554642677307	138861	65.83985239852399	
81967852.18615459	45.0	3.032	29.928	15.48	13.212228486581271	813	1838	45	4	58	30	45	3	29	15	19133	0	0.16064858436584473	407000	134.21611285209656	139030	65.84029484029483	
38571349.86779156	45.0	3.032	29.928	15.48	13.212228486581271	814	1838	45	4	58	30	45	3	29	15	19151	0	0.12499356269836426	407500	134.34110641479492	139177	65.84613496932516	
3.008865078799673e+17	45.0	3.05	30.45	15.75	13.212228486581271	815	1838	45	4	58	30	45	3	29	15	19179	0	0.14061427116394043	408000	134.48172068595886	139319	65.85318627450981	
2385369978.824287	45.0	3.05	30.45	15.75	13.212228486581271	816	1838	45	4	58	30	45	3	29	15	19205	0	0.15624380111694336	408500	134.6379644870758	139459	65.8607099143207	
32596145.7949441	45.0	3.044	30.276	15.66	13.212228486581271	817	1838	45	4	58	30	45	3	29	15	19228	0	0.1562347412109375	409000	134.79419922828674	139598	65.86845965770172	
79682971.70947851	45.0	3.056	30.624	15.84	13.212228486581271	818	1838	45	4	58	30	45	3	29	15	19257	0	0.17186331748962402	409500	134.96606254577637	139743	65.87472527472528	
49672543.66386064	45.0	3.052	30.508	15.78	13.212228486581271	819	1838	45	4	58	30	45	3	29	15	19284	0	0.18748760223388672	410000	135.15355014801025	139906	65.87658536585366	
29192157.6309794	45.0	3.042	30.218	15.63	13.212228486581271	820	1838	45	4	58	30	45	3	29	15	19306	0	0.15746068954467773	410500	135.31101083755493	140061	65.8803897685749	
119108460.34625599	45.0	3.048	30.392	15.72	13.212228486581271	821	1838	45	4	58	30	45	3	29	15	19331	0	0.15623831748962402	411000	135.46724915504456	140212	65.88515815085158	
39737431.3154614	45.0	3.048	30.392	15.72	13.212228486581271	822	1838	45	4	58	30	45	3	29	15	19356	0	0.17186355590820312	411500	135.63911271095276	140379	65.88602673147022	
109646147.51406811	45.0	3.052	30.508	15.78	13.212228486581271	823	1838	45	4	58	30	45	3	29	15	19386	0	0.17367100715637207	412000	135.81278371810913	140541	65.8881067961165	
11281375370.089615	45.0	3.034	29.986	15.51	13.212228486581271	824	1838	45	4	58	30	45	3	29	15	19406	0	0.17186331748962402	412500	135.98464703559875	140699	65.8911515151515	
6750033849794723.0	45.0	3.04	30.16	15.6	13.212228486581271	825	1838	45	4	58	30	45	3	29	15	19427	0	0.15623927116394043	413000	136.1408863067627	140869	65.89128329297822	
310181406.64859456	45.0	3.042	30.218	15.63	13.212228486581271	826	1838	45	4	58	30	45	3	29	15	19449	0	0.1737060546875	413500	136.3145923614502	141009	65.89866989117291	
105595979.76179013	45.0	3.056	30.624	15.84	13.212228486581271	827	1838	45	4	58	30	45	3	29	15	19478	0	0.10936689376831055	414000	136.4239592552185	141164	65.9024154589372	
102203405.16974787	45.0	3.05	30.45	15.75	13.212228486581271	828	1838	45	4	58	30	45	3	29	15	19507	0	0.12499165534973145	414500	136.54895091056824	141302	65.9102533172497	
119276261.32962267	45.0	3.042	30.218	15.63	13.212228486581271	829	1838	45	4	58	30	45	3	29	15	19529	0	0.1574091911315918	415000	136.70636010169983	141451	65.91542168674698	
2.5678496891014938e+17	45.0	3.04	30.16	15.6	13.212228486581271	830	1838	45	4	58	30	45	3	29	15	19551	0	0.1719651222229004	415500	136.87832522392273	141599	65.9208182912154	
176045860.2071437	45.0	3.07	31.03	16.05	13.212228486581271	831	1838	45	4	58	30	45	3	29	15	19587	0	0.15623927116394043	416000	137.03456449508667	141730	65.93028846153845	
178078216.2553363	45.0	3.038	30.102	15.57	13.212228486581271	832	1838	45	4	58	30	45	3	29	15	19607	0	0.17186284065246582	416500	137.20642733573914	141878	65.93565426170468	
144199731.8911757	45.0	3.038	30.102	15.57	13.212228486581271	833	1838	45	4	58	30	45	3	29	15	19628	0	0.17376995086669922	417000	137.38019728660583	142036	65.93860911270983	
193918642.99365482	45.0	3.046	30.334	15.69	13.212228486581271	834	1838	45	4	58	30	45	3	29	15	19653	0	0.14061546325683594	417500	137.52081274986267	142187	65.94323353293413	
136755441.4646913	45.0	3.04	30.16	15.6	13.212228486581271	835	1838	45	4	58	30	45	3	29	15	19674	0	0.15623998641967773	418000	137.67705273628235	142337	65.94808612440191	
159384863.4376031	45.0	3.056	30.624	15.84	13.212228486581271	836	1838	45	4	58	30	45	3	29	15	19703	0	0.17216181755065918	418500	137.849214553833	142476	65.95555555555555	
6088511969.69295	45.0	3.058	30.682	15.87	13.212228486581271	837	1838	45	4	58	30	45	3	29	15	19734	0	0.12499141693115234	419000	137.97420597076416	142619	65.9620525059666	
102611319.74117664	45.0	3.05	30.45	15.75	13.212228486581271	838	1838	45	4	58	30	45	3	29	15	19760	0	0.12499141693115234	419500	138.0991973876953	142771	65.96638855780691	
43928344711045.875	45.0	3.058	30.682	15.87	13.212228486581271	839	1838	45	4	58	30	45	3	29	15	19790	0	0.1898508071899414	420000	138.28904819488525	142924	65.97047619047619	
65833482.122391686	45.0	3.046	30.334	15.69	13.212228486581271	840	1838	45	4	58	30	45	3	29	15	19815	0	0.15624022483825684	420500	138.4452884197235	143065	65.97740784780024	
90729619.98096737	45.0	3.048	30.392	15.72	13.212228486581271	841	1838	45	4	58	30	45	3	29	15	19840	0	0.1885683536529541	421000	138.63385677337646	143208	65.98384798099762	
41315970.33183905	45.0	3.062	30.798	15.93	13.212228486581271	842	1838	45	4	58	30	45	3	29	15	19874	0	0.17186379432678223	421500	138.80572056770325	143354	65.98956109134045	
2.07238697076411e+29	45.0	3.056	30.624	15.84	13.212228486581271	843	1838	45	4	58	30	45	3	29	15	19903	0	0.17186284065246582	422000	138.9775834083557	143493	65.99691943127962	
103869356.3976852	45.0	3.072	31.088	16.08	13.212228486581271	844	1838	45	4	58	30	45	3	29	15	19942	0	0.1874866485595703	422500	139.16507005691528	143636	66.00331360946745	
43994249.36954291	45.0	3.058	30.682	15.87	13.212228486581271	845	1838	45	4	58	30	45	3	29	15	19972	0	0.15849995613098145	423000	139.32357001304626	143789	66.00732860520094	
107776121.1938854	45.0	3.046	30.334	15.69	13.212228486581271	846	1838	45	4	58	30	45	3	29	15	19996	0	0.10936665534973145	423500	139.432936668396	143929	66.01440377804013	
278181663.3863774	45.0	3.054	30.566	15.81	13.212228486581271	847	1838	45	4	58	30	45	3	29	15	20024	0	0.14061594009399414	424000	139.57355260849	144074	66.02028301886793	
166544826.40332454	45.0	3.05	30.45	15.75	13.212228486581271	848	1838	45	4	58	30	45	3	29	15	20050	0	0.17186474800109863	424500	139.7454173564911	144230	66.02355712603062	
57400461.37065063	45.0	3.056	30.624	15.84	13.212228486581271	849	1838	45	4	58	30	45	3	29	15	20080	0	0.12719106674194336	425000	139.87260842323303	144354	66.03435294117648	
77198748.7317685	45.0	3.036	30.044	15.54	13.212228486581271	850	1838	45	4	58	30	45	3	29	15	20101	0	0.18748760223388672	425500	140.06009602546692	144474	66.0460634547591	
145067554.64084524	45.0	3.054	30.566	15.81	13.212228486581271	851	1838	45	4	58	30	45	3	29	15	20130	0	0.12499117851257324	426000	140.1850872039795	144598	66.05680751173708	
6591742116.940818	45.0	3.034	29.986	15.51	13.212228486581271	852	1838	45	4	58	30	45	3	29	15	20151	0	0.18978166580200195	426500	140.3748688697815	144749	66.0611957796014	
1.079281383701915e+36	45.0	3.06	30.74	15.9	13.212228486581271	853	1838	45	4	58	30	45	3	29	15	20182	0	0.12499117851257324	427000	140.49986004829407	144885	66.06908665105387	
291733206.02184176	45.0	3.04	30.16	15.6	13.212228486581271	854	1838	45	4	58	30	45	3	29	15	20203	0	0.15623927116394043	427500	140.656099319458	145015	66.07836257309941	
21775017.26057296	45.0	3.056	30.624	15.84	13.212228486581271	855	1838	45	4	58	30	45	3	29	15	20233	0	0.17348766326904297	428000	140.82958698272705	145119	66.09369158878505	
138905065.4389942	45.0	3.052	30.508	15.78	13.212228486581271	856	1838	45	4	58	30	45	3	29	15	20260	0	0.15623950958251953	428500	140.98582649230957	145237	66.10571761960327	
55298688.46848968	45.0	3.038	30.102	15.57	13.212228486581271	857	1838	45	4	58	30	45	3	29	15	20281	0	0.17186307907104492	429000	141.15768957138062	145344	66.12027972027971	
806933695.5547719	45.0	3.05	30.45	15.75	13.212228486581271	858	1838	45	4	58	30	45	3	29	15	20307	0	0.17297577857971191	429500	141.33066534996033	145466	66.1313154831199	
199661482.321648	45.0	3.05	30.45	15.75	13.212228486581271	859	1838	45	4	58	30	45	3	29	15	20336	0	0.17186284065246582	430000	141.5025281906128	145592	66.14139534883722	
193075178.13259438	45.0	3.056	30.624	15.84	13.212228486581271	860	1838	45	4	58	30	45	3	29	15	20365	0	0.14061546325683594	430500	141.64314365386963	145708	66.15377468060396	
195901846.3123969	45.0	3.052	30.508	15.78	13.212228486581271	861	1838	45	4	58	30	45	3	29	15	20392	0	0.14381980895996094	431000	141.7869634628296	145837	66.1631090487239	
90880125.57717879	45.0	3.056	30.624	15.84	13.212228486581271	862	1838	45	4	58	30	45	3	29	15	20422	0	0.15624022483825684	431500	141.94320368766785	145973	66.17079953650058	
17658644.750127386	45.0	3.04	30.16	15.6	13.212228486581271	863	1838	45	4	58	30	45	3	29	15	20445	0	0.12499094009399414	432000	142.06819462776184	146122	66.17546296296297	
1.2183242561887817e+28	45.0	3.042	30.218	15.63	13.212228486581271	864	1838	45	4	58	30	45	3	29	15	20469	0	0.14061617851257324	432500	142.2088108062744	146276	66.17895953757225	
110712444.95485458	45.0	3.06	30.74	15.9	13.212228486581271	865	1838	45	4	58	30	45	3	29	15	20500	0	0.14274024963378906	433000	142.3515510559082	146424	66.18383371824481	
106446233.710033	45.0	3.046	30.334	15.69	13.212228486581271	866	1838	45	4	58	30	45	3	29	15	20524	0	0.10936713218688965	433500	142.4609181880951	146569	66.18938869665513	
1.5527351877716768e+24	45.0	3.032	29.928	15.48	13.212228486581271	867	1838	45	4	58	30	45	3	29	15	20541	0	0.15624141693115234	434000	142.61715960502625	146715	66.1947004608295	
102408662212.91902	45.0	3.04	30.16	15.6	13.212228486581271	868	1838	45	4	58	30	45	3	29	15	20565	0	0.12638330459594727	434500	142.7435429096222	146854	66.20161104718068	
73560127.79945365	45.0	3.036	30.044	15.54	13.212228486581271	869	1838	45	4	58	30	45	3	29	15	20585	0	0.15727996826171875	435000	142.9008228778839	146988	66.20965517241379	
122891660.64139533	45.0	3.048	30.392	15.72	13.212228486581271	870	1838	45	4	58	30	45	3	29	15	20611	0	0.15623927116394043	435500	143.05706214904785	147117	66.21882893226177	
1232463663.3690517	45.0	3.054	30.566	15.81	13.212228486581271	871	1838	45	4	58	30	45	3	29	15	20640	0	0.17186307907104492	436000	143.2289252281189	147248	66.22752293577982	
1011956834656.999	45.0	3.0521042084168335	30.511022044088175	15.781563126252506	13.212228486581271	872	1839	45	4.0	58.0	30.0	45	3.0	29.0	15.0	20667	0	0.15754127502441406	436500	143.3864665031433	147390	66.23367697594502	
105375326.61790918	45.0	3.036	30.044	15.54	13.212228486581271	873	1839	45	4	58	30	45	3	29	15	20687	0	0.17186379432678223	437000	143.5583302974701	147525	66.24141876430205	
250932829.36551225	45.0	3.05	30.45	15.75	13.212228486581271	874	1839	45	4	58	30	45	3	29	15	20713	0	0.17186260223388672	437500	143.73019289970398	147667	66.24754285714286	
579678942.8684063	45.0	3.05	30.45	15.75	13.212228486581271	875	1839	45	4	58	30	45	3	29	15	20740	0	0.2187354564666748	438000	143.94892835617065	147806	66.25433789954337	
295075161.6637855	45.0	3.048	30.392	15.72	13.212228486581271	876	1839	45	4	58	30	45	3	29	15	20765	0	0.1415858268737793	438500	144.09051418304443	147922	66.26636259977195	
110909818.86814015	45.0	3.038	30.102	15.57	13.212228486581271	877	1839	45	4	58	30	45	3	29	15	20785	0	0.17186307907104492	439000	144.26237726211548	148034	66.27927107061504	
125744964.88493848	45.0	3.048	30.392	15.72	13.212228486581271	878	1839	45	4	58	30	45	3	29	15	20810	0	0.15868210792541504	439500	144.4210593700409	148160	66.28896473265074	
127783778.12354158	45.0	3.054	30.566	15.81	13.212228486581271	879	1839	45	4	58	30	45	3	29	15	20838	0	0.17186307907104492	440000	144.59292244911194	148295	66.29659090909091	
126183892.86949912	45.0	3.048	30.392	15.72	13.212228486581271	880	1839	45	4	58	30	45	3	29	15	20863	0	0.15623903274536133	440500	144.7491614818573	148431	66.30397275822929	
209646481.0554935	45.0	3.036	30.044	15.54	13.212228486581271	881	1839	45	4	58	30	45	3	29	15	20884	0	0.15819549560546875	441000	144.90735697746277	148578	66.30884353741496	
7.613339618836286e+18	45.0	3.058	30.682	15.87	13.212228486581271	882	1839	45	4	58	30	45	3	29	15	20914	0	0.17186260223388672	441500	145.07921957969666	148727	66.31325028312571	
2.2075471862943396e+33	45.0	3.044	30.276	15.66	13.212228486581271	883	1839	45	4	58	30	45	3	29	15	20938	0	0.12499094009399414	442000	145.20421051979065	148884	66.3158371040724	
53448471.3374275	45.0	3.05	30.45	15.75	13.212228486581271	884	1839	45	4	58	30	45	3	29	15	20965	0	0.15770316123962402	442500	145.36191368103027	149059	66.31435028248588	
94049694.24413514	45.0	3.046	30.334	15.69	13.212228486581271	885	1839	45	4	58	30	45	3	29	15	20993	0	0.12499141693115234	443000	145.48690509796143	149238	66.3119638826185	
9.37927119010678e+36	45.0	3.052	30.508	15.78	13.212228486581271	886	1839	45	4	58	30	45	3	29	15	21022	0	0.14061594009399414	443500	145.62752103805542	149436	66.30529875986471	
44401251.65841581	45.0	3.046	30.334	15.69	13.212228486581271	887	1839	45	4	58	30	45	3	29	15	21046	0	0.12499094009399414	444000	145.7525119781494	149618	66.30225225225226	
140894465.53677866	45.0	3.048	30.392	15.72	13.212228486581271	888	1839	45	4	58	30	45	3	29	15	21071	0	0.1727595329284668	444500	145.92527151107788	149798	66.29966254218223	
189690423.50302112	45.0	3.06	30.74	15.9	13.212228486581271	889	1839	45	4	58	30	45	3	29	15	21102	0	0.1732172966003418	445000	146.09848880767822	149983	66.29595505617976	
124705612111013.1	45.0	3.06	30.74	15.9	13.212228486581271	890	1839	45	4	58	30	45	3	29	15	21133	0	0.14208364486694336	445500	146.24057245254517	150187	66.28799102132436	
78046141.37675498	45.0	3.066	30.914	15.99	13.212228486581271	891	1839	45	4	58	30	45	3	29	15	21168	0	0.1890256404876709	446000	146.42959809303284	150359	66.2872197309417	
143990306.81605732	45.0	3.054	30.566	15.81	13.212228486581271	892	1839	45	4	58	30	45	3	29	15	21196	0	0.14061665534973145	446500	146.57021474838257	150525	66.28779395296752	
87826818.31213078	45.0	3.052	30.508	15.78	13.212228486581271	893	1839	45	4	58	30	45	3	29	15	21223	0	0.15623831748962402	447000	146.7264530658722	150709	66.28434004474272	
309169233.2034029	45.0	3.028	29.812	15.42	13.212228486581271	894	1839	45	4	58	30	45	3	29	15	21238	0	0.17391300201416016	447500	146.90036606788635	150869	66.28625698324022	
2.6256410480354316e+16	45.0	3.062	30.798	15.93	13.212228486581271	895	1839	45	4	58	30	45	3	29	15	21271	0	0.1421678066253662	448000	147.04253387451172	151046	66.28437500000001	
110898282.58077513	45.0	3.042	30.218	15.63	13.212228486581271	896	1839	45	4	58	30	45	3	29	15	21294	0	0.15623998641967773	448500	147.1987738609314	151225	66.28205128205127	
53263033.33623925	45.0	3.028	29.812	15.42	13.212228486581271	897	1839	45	4	58	30	45	3	29	15	21309	0	0.12766456604003906	449000	147.32643842697144	151394	66.28195991091314	
4.236637764607027e+29	45.0	3.058	30.682	15.87	13.212228486581271	898	1839	45	4	58	30	45	3	29	15	21341	0	0.18748807907104492	449500	147.51392650604248	151544	66.2860956618465	
126922851.76826309	45.0	3.046	30.334	15.69	13.212228486581271	899	1839	45	4	58	30	45	3	29	15	21365	0	0.17186284065246582	450000	147.68578934669495	151675	66.29444444444445	
510930398.01601416	45.0	3.028	29.812	15.42	13.212228486581271	900	1839	45	4	58	30	45	3	29	15	21381	0	0.12499189376831055	450500	147.81078124046326	151829	66.2976692563818	
119710558.30263682	45.0	3.058	30.682	15.87	13.212228486581271	901	1839	45	4	58	30	45	3	29	15	21412	0	0.15623927116394043	451000	147.9670205116272	151971	66.30354767184036	
99138626241.73074	45.0	3.046	30.334	15.69	13.212228486581271	902	1839	45	4	58	30	45	3	29	15	21436	0	0.17186331748962402	451500	148.13888382911682	152113	66.30941306755261	
1554491134548.4185	45.0	3.05	30.45	15.75	13.212228486581271	903	1839	45	4	58	30	45	3	29	15	21462	0	0.17186284065246582	452000	148.3107466697693	152254	66.31548672566372	
44194898.08047108	45.0	3.034	29.986	15.51	13.212228486581271	904	1839	45	4	58	30	45	3	29	15	21480	0	0.15976333618164062	452500	148.47051000595093	152416	66.31690607734807	
171132454.60081014	45.0	3.048	30.392	15.72	13.212228486581271	905	1839	45	4	58	30	45	3	29	15	21505	0	0.14061689376831055	453000	148.61112689971924	152574	66.31920529801324	
92883638.91442063	45.0	3.056	30.624	15.84	13.212228486581271	906	1839	45	4	58	30	45	3	29	15	21535	0	0.17186260223388672	453500	148.78298950195312	152727	66.3226019845645	
126523060.62297946	45.0	3.036	30.044	15.54	13.212228486581271	907	1839	45	4	58	30	45	3	29	15	21555	0	0.1726071834564209	454000	148.95559668540955	152868	66.32863436123347	
42687168.18936616	45.0	3.06	30.74	15.9	13.212228486581271	908	1839	45	4	58	30	45	3	29	15	21587	0	0.18748760223388672	454500	149.14308428764343	153017	66.33289328932892	
207785972.1631583	45.0	3.044	30.276	15.66	13.212228486581271	909	1839	45	4	58	30	45	3	29	15	21611	0	0.17186284065246582	455000	149.3149471282959	153167	66.33692307692309	
104313665.69592525	45.0	3.048	30.392	15.72	13.212228486581271	910	1839	45	4	58	30	45	3	29	15	21636	0	0.14156460762023926	455500	149.45651173591614	153325	66.33918770581778	
88547173.1613125	45.0	3.048	30.392	15.72	13.212228486581271	911	1839	45	4	58	30	45	3	29	15	21662	0	0.15623974800109863	456000	149.61275148391724	153495	66.33881578947368	
66662491.27973469	45.0	3.05	30.45	15.75	13.212228486581271	912	1839	45	4	58	30	45	3	29	15	21688	0	0.15623927116394043	456500	149.76899075508118	153632	66.34567360350493	
9750201715656006.0	45.0	3.058	30.682	15.87	13.212228486581271	913	1839	45	4	58	30	45	3	29	15	21718	0	0.17342472076416016	457000	149.94241547584534	153779	66.35032822757111	
137281814.85694474	45.0	3.05	30.45	15.75	13.212228486581271	914	1839	45	4	58	30	45	3	29	15	21745	0	0.15623950958251953	457500	150.09865498542786	153951	66.3495081967213	
2.3388910182672126e+21	45.0	3.036	30.044	15.54	13.212228486581271	915	1839	45	4	58	30	45	3	29	15	21765	0	0.14061546325683594	458000	150.2392704486847	154113	66.35087336244541	
4.260508135447912e+17	45.0	3.048	30.392	15.72	13.212228486581271	916	1839	45	4	58	30	45	3	29	15	21790	0	0.14260053634643555	458500	150.38187098503113	154254	66.35681570338059	
66103774.04340372	45.0	3.046	30.334	15.69	13.212228486581271	917	1839	45	4	58	30	45	3	29	15	21815	0	0.18748736381530762	459000	150.56935834884644	154396	66.36252723311547	
425990762.80124557	45.0	3.048	30.392	15.72	13.212228486581271	918	1839	45	4	58	30	45	3	29	15	21840	0	0.17186284065246582	459500	150.7412211894989	154555	66.3645266594124	
36489403.12603599	45.0	3.03	29.87	15.45	13.212228486581271	919	1839	45	4	58	30	45	3	29	15	21857	0	0.15719079971313477	460000	150.89841198921204	154727	66.36369565217392	
39336367.0095719	45.0	3.046	30.334	15.69	13.212228486581271	920	1839	45	4	58	30	45	3	29	15	21883	0	0.17186355590820312	460500	151.07027554512024	154873	66.36851248642779	
80700618.52231164	45.0	3.04	30.16	15.6	13.212228486581271	921	1839	45	4	58	30	45	3	29	15	21904	0	0.1874864101409912	461000	151.25776195526123	155021	66.37288503253797	
1.8291139243095507e+19	45.0	3.05	30.45	15.75	13.212228486581271	922	1839	45	4	58	30	45	3	29	15	21931	0	0.1885225772857666	461500	151.446284532547	155170	66.37703141928495	
112497403.98954698	45.0	3.054	30.566	15.81	13.212228486581271	923	1839	45	4	58	30	45	3	29	15	21960	0	0.14061522483825684	462000	151.58689975738525	155310	66.38311688311688	
45198399.97409189	45.0	3.044	30.276	15.66	13.212228486581271	924	1839	45	4	58	30	45	3	29	15	21983	0	0.17186307907104492	462500	151.7587628364563	155441	66.39113513513513	
114139226.24504589	45.0	3.046	30.334	15.69	13.212228486581271	925	1839	45	4	58	30	45	3	29	15	22008	0	0.1742241382598877	463000	151.9329869747162	155584	66.39654427645789	
86289314.15844084	45.0	3.05	30.45	15.75	13.212228486581271	926	1839	45	4	58	30	45	3	29	15	22034	0	0.17186260223388672	463500	152.10484957695007	155719	66.40366774541532	
145083950.957786	45.0	3.034	29.986	15.51	13.212228486581271	927	1839	45	4	58	30	45	3	29	15	22052	0	0.14061880111694336	464000	152.24546837806702	155859	66.40969827586207	
5.8005974893295626e+35	45.0	3.044	30.276	15.66	13.212228486581271	928	1839	45	4	58	30	45	3	29	15	22076	0	0.14124751091003418	464500	152.38671588897705	155977	66.42045209903122	
117100782.46839608	45.0	3.056	30.624	15.84	13.212228486581271	929	1839	45	4	58	30	45	3	29	15	22109	0	0.15623950958251953	465000	152.54295539855957	156116	66.42666666666668	
132249934.77569836	45.0	3.038	30.102	15.57	13.212228486581271	930	1839	45	4	58	30	45	3	29	15	22129	0	0.15623855590820312	465500	152.69919395446777	156264	66.43093447905478	
90489477.57561412	45.0	3.05	30.45	15.75	13.212228486581271	931	1839	45	4	58	30	45	3	29	15	22156	0	0.15623927116394043	466000	152.8554332256317	156436	66.43004291845494	
73261473.07424949	45.0	3.046	30.334	15.69	13.212228486581271	932	1839	45	4	58	30	45	3	29	15	22181	0	0.17186284065246582	466500	153.02729606628418	156590	66.43301178992498	
360630508.4583944	45.0	3.044	30.276	15.66	13.212228486581271	933	1839	45	4	58	30	45	3	29	15	22205	0	0.18748784065246582	467000	153.21478390693665	156745	66.43576017130621	
639919307832.1844	45.0	3.046	30.334	15.69	13.212228486581271	934	1839	45	4	58	30	45	3	29	15	22231	0	0.15623879432678223	467500	153.37102270126343	156906	66.4372192513369	
2911798338.39014	45.0	3.042	30.218	15.63	13.212228486581271	935	1839	45	4	58	30	45	3	29	15	22254	0	0.17588376998901367	468000	153.54690647125244	157058	66.44059829059829	
74327270.47744237	45.0	3.058	30.682	15.87	13.212228486581271	936	1839	45	4	58	30	45	3	29	15	22285	0	0.17186355590820312	468500	153.71877002716064	157213	66.44332977588047	
171867905.66363737	45.0	3.058	30.682	15.87	13.212228486581271	937	1839	45	4	58	30	45	3	29	15	22315	0	0.14061498641967773	469000	153.85938501358032	157368	66.44605543710021	
190617810.5595164	45.0	3.046	30.334	15.69	13.212228486581271	938	1839	45	4	58	30	45	3	29	15	22339	0	0.17186284065246582	469500	154.0312478542328	157540	66.44515441959531	
102186811.01606596	45.0	3.052	30.508	15.78	13.212228486581271	939	1839	45	4	58	30	45	3	29	15	22368	0	0.17186355590820312	470000	154.203111410141	157714	66.44382978723405	
226860436.59342766	45.0	3.05	30.45	15.75	13.212228486581271	940	1839	45	4	58	30	45	3	29	15	22394	0	0.17186355590820312	470500	154.3749749660492	157881	66.44399574920297	
69104344.83913974	45.0	3.066	30.914	15.99	13.212228486581271	941	1839	45	4	58	30	45	3	29	15	22428	0	0.17252874374389648	471000	154.5475037097931	158019	66.45031847133757	
72286736.49800771	45.0	3.05	30.45	15.75	13.212228486581271	942	1839	45	4	58	30	45	3	29	15	22456	0	0.17186355590820312	471500	154.7193672657013	158155	66.45705196182396	
68455902.82817437	45.0	3.042	30.218	15.63	13.212228486581271	943	1839	45	4	58	30	45	3	29	15	22478	0	0.18748712539672852	472000	154.90685439109802	158286	66.46483050847458	
71871347.50550148	45.0	3.05	30.45	15.75	13.212228486581271	944	1839	45	4	58	30	45	3	29	15	22506	0	0.15879559516906738	472500	155.0656499862671	158430	66.46984126984127	
33958452.141555525	45.0	3.042	30.218	15.63	13.212228486581271	945	1839	45	4	58	30	45	3	29	15	22528	0	0.14061546325683594	473000	155.20626544952393	158576	66.47441860465116	
107156137.80460148	45.0	3.054	30.566	15.81	13.212228486581271	946	1839	45	4	58	30	45	3	29	15	22557	0	0.15623998641967773	473500	155.3625054359436	158704	66.48278775079197	
173953800.06337047	45.0	3.048	30.392	15.72	13.212228486581271	947	1839	45	4	58	30	45	3	29	15	22583	0	0.17200183868408203	474000	155.53450727462769	158827	66.492194092827	
101140910.2322689	45.0	3.046	30.334	15.69	13.212228486581271	948	1839	45	4	58	30	45	3	29	15	22608	0	0.14061522483825684	474500	155.67512249946594	158947	66.50221285563751	
42645758.24625179	45.0	3.052	30.508	15.78	13.212228486581271	949	1839	45	4	58	30	45	3	29	15	22637	0	0.14061546325683594	475000	155.81573796272278	159063	66.51305263157894	
68357253.47732599	45.0	3.048	30.392	15.72	13.212228486581271	950	1839	45	4	58	30	45	3	29	15	22663	0	0.15623950958251953	475500	155.9719774723053	159192	66.5211356466877	
123045719.97807667	45.0	3.07	31.03	16.05	13.212228486581271	951	1839	45	4	58	30	45	3	29	15	22700	0	0.14061522483825684	476000	156.11259269714355	159324	66.52857142857142	
114290567.6511866	45.0	3.032	29.928	15.48	13.212228486581271	952	1839	45	4	58	30	45	3	29	15	22719	0	0.18748712539672852	476500	156.30007982254028	159449	66.53746065057712	
3.5201290721823455e+34	45.0	3.056	30.624	15.84	13.212228486581271	953	1839	45	4	58	30	45	3	29	15	22748	0	0.14188933372497559	477000	156.44196915626526	159573	66.54654088050314	
177786378.2560629	45.0	3.054	30.566	15.81	13.212228486581271	954	1839	45	4	58	30	45	3	29	15	22778	0	0.14061641693115234	477500	156.5825855731964	159692	66.55664921465969	
684958638.8822335	45.0	3.054	30.566	15.81	13.212228486581271	955	1839	45	4	58	30	45	3	29	15	22806	0	0.15624022483825684	478000	156.73882579803467	159807	66.56757322175733	
107593192.11748704	45.0	3.052	30.508	15.78	13.212228486581271	956	1839	45	4	58	30	45	3	29	15	22833	0	0.17186236381530762	478500	156.91068816184998	159940	66.57471264367817	
58745026587526.266	45.0	3.058	30.682	15.87	13.212228486581271	957	1839	45	4	58	30	45	3	29	15	22863	0	0.15691471099853516	479000	157.0676028728485	160061	66.58434237995824	
8.439638664837453e+35	45.0	3.042	30.218	15.63	13.212228486581271	958	1839	45	4	58	30	45	3	29	15	22885	0	0.18748807907104492	479500	157.25509095191956	160182	66.59395203336808	
313272722.827979	45.0	3.048	30.392	15.72	13.212228486581271	959	1839	45	4	58	30	45	3	29	15	22911	0	0.14201903343200684	480000	157.39710998535156	160311	66.601875	
156406337.6975936	45.0	3.058	30.682	15.87	13.212228486581271	960	1839	45	4	58	30	45	3	29	15	22941	0	0.18821382522583008	480500	157.5853238105774	160447	66.60832466181061	
90767193.95007567	45.0	3.058	30.682	15.87	13.212228486581271	961	1839	45	4	58	30	45	3	29	15	22972	0	0.17186284065246582	481000	157.75718665122986	160584	66.61455301455301	
68428743.62294547	45.0	3.052	30.508	15.78	13.212228486581271	962	1839	45	4	58	30	45	3	29	15	22999	0	0.17186331748962402	481500	157.92904996871948	160725	66.61993769470405	
34927212.36994578	45.0	3.06	30.74	15.9	13.212228486581271	963	1839	45	4	58	30	45	3	29	15	23032	0	0.18911314010620117	482000	158.11816310882568	160866	66.62531120331951	
84502332.36984563	45.0	3.038	30.102	15.57	13.212228486581271	964	1839	45	4	58	30	45	3	29	15	23052	0	0.17186355590820312	482500	158.2900266647339	161015	66.62901554404145	
225137196.7165569	45.0	3.054	30.566	15.81	13.212228486581271	965	1839	45	4	58	30	45	3	29	15	23080	0	0.17308402061462402	483000	158.4631106853485	161158	66.63395445134576	
242182490.78197524	45.0	3.044	30.276	15.66	13.212228486581271	966	1839	45	4	58	30	45	3	29	15	23103	0	0.12499165534973145	483500	158.58810234069824	161297	66.63971044467425	
197889391.5992018	45.0	3.044	30.276	15.66	13.212228486581271	967	1839	45	4	58	30	45	3	29	15	23128	0	0.15623998641967773	484000	158.74434232711792	161434	66.64586776859504	
33442212.19355635	45.0	3.044	30.276	15.66	13.212228486581271	968	1839	45	4	58	30	45	3	29	15	23153	0	0.14061427116394043	484500	158.88495659828186	161577	66.65077399380806	
6.962345184938201e+25	45.0	3.04	30.16	15.6	13.212228486581271	969	1839	45	4	58	30	45	3	29	15	23176	0	0.18758344650268555	485000	159.07254004478455	161732	66.65319587628866	
148306994.5665112	45.0	3.038	30.102	15.57	13.212228486581271	970	1839	45	4	58	30	45	3	29	15	23197	0	0.10936927795410156	485500	159.18190932273865	161873	66.65849639546859	
2.0680851201702132e+33	45.0	3.058	30.682	15.87	13.212228486581271	971	1839	45	4	58	30	45	3	29	15	23228	0	0.1562356948852539	486000	159.3381450176239	162024	66.66172839506173	
93301627.32782812	45.0	3.024	29.696	15.36	13.212228486581271	972	1839	45	4	58	30	45	3	29	15	23242	0	0.14146804809570312	486500	159.4796130657196	162188	66.66228160328879	
108313011.81841108	45.0	3.052	30.508	15.78	13.212228486581271	973	1839	45	4	58	30	45	3	29	15	23269	0	0.14061546325683594	487000	159.62022852897644	162330	66.66735112936345	
217989127.75348368	45.0	3.05	30.45	15.75	13.212228486581271	974	1839	45	4	58	30	45	3	29	15	23295	0	0.17186331748962402	487500	159.79209184646606	162460	66.67487179487179	
62158771.00782749	45.0	3.042	30.218	15.63	13.212228486581271	975	1839	45	4	58	30	45	3	29	15	23317	0	0.1876523494720459	488000	159.9797441959381	162632	66.67377049180328	
199012135.56409422	45.0	3.048	30.392	15.72	13.212228486581271	976	1839	45	4	58	30	45	3	29	15	23344	0	0.17186284065246582	488500	160.15160703659058	162778	66.67799385875128	
77390431.83382936	45.0	3.064	30.856	15.96	13.212228486581271	977	1839	45	4	58	30	45	3	29	15	23378	0	0.17186450958251953	489000	160.3234715461731	162923	66.68241308793456	
3.3338944063055296e+33	45.0	3.038	30.102	15.57	13.212228486581271	978	1839	45	4	58	30	45	3	29	15	23398	0	0.17275071144104004	489500	160.49622225761414	163070	66.68641470888662	
167037955.49204	45.0	3.05	30.45	15.75	13.212228486581271	979	1839	45	4	58	30	45	3	29	15	23425	0	0.15623998641967773	490000	160.6524622440338	163207	66.69244897959183	
182853789.772677	45.0	3.04	30.16	15.6	13.212228486581271	980	1839	45	4	58	30	45	3	29	15	23448	0	0.17186236381530762	490500	160.82432460784912	163350	66.69724770642202	
40207200.10764368	45.0	3.042	30.218	15.63	13.212228486581271	981	1839	45	4	58	30	45	3	29	15	23470	0	0.12499165534973145	491000	160.94931626319885	163504	66.69979633401222	
150515000.86754668	45.0	3.046	30.334	15.69	13.212228486581271	982	1839	45	4	58	30	45	3	29	15	23494	0	0.15814685821533203	491500	161.10746312141418	163646	66.70478128179045	
163462584.2479906	45.0	3.052	30.508	15.78	13.212228486581271	983	1839	45	4	58	30	45	3	29	15	23521	0	0.15623998641967773	492000	161.26370310783386	163797	66.7079268292683	
24707510.905224416	45.0	3.052	30.508	15.78	13.212228486581271	984	1839	45	4	58	30	45	3	29	15	23549	0	0.12499046325683594	492500	161.3886935710907	163920	66.71675126903554	
200690050.679904	45.0	3.046	30.334	15.69	13.212228486581271	985	1839	45	4	58	30	45	3	29	15	23573	0	0.15715837478637695	493000	161.54585194587708	164051	66.7239350912779	
76020607.970253	45.0	3.056	30.624	15.84	13.212228486581271	986	1839	45	4	58	30	45	3	29	15	23604	0	0.14061498641967773	493500	161.68646693229675	164198	66.72786220871328	
57911412.334144875	45.0	3.06	30.74	15.9	13.212228486581271	987	1839	45	4	58	30	45	3	29	15	23635	0	0.14061522483825684	494000	161.827082157135	164355	66.72975708502024	
91348243.30950904	45.0	3.044	30.276	15.66	13.212228486581271	988	1839	45	4	58	30	45	3	29	15	23659	0	0.15783119201660156	494500	161.9849133491516	164524	66.72922143579373	
106425327.37456778	45.0	3.048	30.392	15.72	13.212228486581271	989	1839	45	4	58	30	45	3	29	15	23685	0	0.14061331748962402	495000	162.12552666664124	164664	66.73454545454545	
127218224.40453489	45.0	3.048	30.392	15.72	13.212228486581271	990	1839	45	4	58	30	45	3	29	15	23711	0	0.14061546325683594	495500	162.26614212989807	164811	66.73844601412713	
112491105.04448847	45.0	3.044	30.276	15.66	13.212228486581271	991	1839	45	4	58	30	45	3	29	15	23734	0	0.15624022483825684	496000	162.42238235473633	164970	66.73991935483872	
299931558.4428966	45.0	3.04	30.16	15.6	13.212228486581271	992	1839	45	4	58	30	45	3	29	15	23755	0	0.1727299690246582	496500	162.595112323761	165120	66.74320241691842	
165020524.07933432	45.0	3.054	30.566	15.81	13.212228486581271	993	1839	45	4	58	30	45	3	29	15	23783	0	0.17186355590820312	497000	162.7669758796692	165258	66.74889336016096	
175171972.6400805	45.0	3.054	30.566	15.81	13.212228486581271	994	1839	45	4	58	30	45	3	29	15	23812	0	0.15623903274536133	497500	162.92321491241455	165394	66.75497487437187	
257270699.8383455	45.0	3.052	30.508	15.78	13.212228486581271	995	1839	45	4	58	30	45	3	29	15	23840	0	0.14283084869384766	498000	163.0660457611084	165543	66.75843373493976	
60192100.55089017	45.0	3.048	30.392	15.72	13.212228486581271	996	1839	45	4	58	30	45	3	29	15	23865	0	0.15623879432678223	498500	163.22228455543518	165677	66.76489468405217	
24300562.623745505	45.0	3.038	30.102	15.57	13.212228486581271	997	1839	45	4	58	30	45	3	29	15	23886	0	0.14061594009399414	499000	163.36290049552917	165826	66.7683366733467	
96576284.96395841	45.0	3.034	29.986	15.51	13.212228486581271	998	1839	45	4	58	30	45	3	29	15	23904	0	0.1577157974243164	499500	163.5206162929535	165973	66.77217217217218	
118950039.82239951	45.0	3.048	30.392	15.72	13.212228486581271	999	1839	45	4	58	30	45	3	29	15	23929	0	0.12499141693115234	500000	163.64560770988464	166111	66.7778	
174771857.464363	45.0	3.044	30.276	15.66	13.212228486581271	1000	1839	45	4	58	30	45	3	29	15	23954	0	0.18748807907104492	500500	163.8330957889557	166238	66.78561438561438	
