ave_fitness	ave_genome_length	ave_tree_depth	ave_tree_nodes	ave_used_codons	best_fitness	gen	invalids	max_genome_length	max_tree_depth	max_tree_nodes	max_used_codons	min_genome_length	min_tree_depth	min_tree_nodes	min_used_codons	runtime_error	time_adjust	time_taken	total_inds	total_time	unique_inds	unused_search	
8.161550157380486e+38	100.82	6.492	130.268	67.38	2.4389478706163623	0	0	180	10	232	120	22	3	29	15	300	0	6.530803203582764	500	6.530803203582764	200	60.0	
2.2158838432179877e+42	54.412	3.8934426229508197	54.90983606557377	28.401639344262296	2.4389478706163623	1	135	90	8.0	174.0	90.0	22	3.0	29.0	15.0	409	0	0.2187364101409912	1000	6.749539613723755	328	67.19999999999999	
2.222602989408655e+38	61.286	3.6	46.4	24.0	2.4389478706163623	2	191	90	8.0	174.0	90.0	22	3.0	29.0	15.0	452	0	0.10936713218688965	1500	6.8589067459106445	419	72.06666666666666	
7.801180000251019e+35	64.374	3.5233050847457625	44.17584745762712	22.84957627118644	2.4389478706163623	3	220	90	8.0	174.0	90.0	22	3.0	29.0	15.0	474	0	0.12499046325683594	2000	6.9838972091674805	496	75.2	
4.204312869743033e+19	64.72	3.3541666666666665	39.270833333333336	20.3125	2.4389478706163623	4	240	90	8.0	174.0	90.0	22	3.0	29.0	15.0	483	0	0.17186331748962402	2500	7.1557605266571045	537	78.52	
7.29840123687581e+35	65.688	3.3135245901639343	38.092213114754095	19.702868852459016	2.4389478706163623	5	253	90	8.0	174.0	90.0	22	3.0	29.0	15.0	490	0	0.2031106948852539	3000	7.358871221542358	565	81.16666666666667	
5103092815482741.0	64.458	3.2627291242362526	36.61914460285132	18.940936863543786	2.4389478706163623	6	262	90	5.0	87.0	45.0	22	3.0	29.0	15.0	497	0	0.20311188697814941	3500	7.561983108520508	575	83.57142857142857	
13007811346235.682	64.374	3.3265720081135903	38.470588235294116	19.898580121703855	2.4389478706163623	7	270	90	8.0	174.0	90.0	22	3.0	29.0	15.0	502	0	0.17186379432678223	4000	7.73384690284729	578	85.55	
6846473033501793.0	65.512	3.438133874239351	41.705882352941174	21.572008113590265	2.4389478706163623	8	277	90	8.0	174.0	90.0	22	3.0	29.0	15.0	514	0	0.2187352180480957	4500	7.952582120895386	578	87.15555555555555	
1676829268321601.5	63.618	3.5313131313131314	44.40808080808081	22.96969696969697	2.4389478706163623	9	283	90	8.0	174.0	90.0	22	3.0	29.0	15.0	517	0	0.2187352180480957	5000	8.171317338943481	580	88.4	
3366560579044581.5	63.602	3.691382765531062	49.0501002004008	25.370741482965933	2.4389478706163623	10	284	90	6.0	116.0	60.0	22	3.0	29.0	15.0	525	0	0.2343595027923584	5500	8.40567684173584	582	89.41818181818182	
12695609756107.102	64.706	3.872	54.288	28.08	2.4389478706163623	11	285	90	4	58	30	45	3	29	15	525	0	0.14061498641967773	6000	8.546291828155518	582	90.3	
25391219512211.754	65.432	3.99	57.71	29.85	2.4389478706163623	12	285	90	4	58	30	45	3	29	15	525	0	0.24998164176940918	6500	8.796273469924927	582	91.04615384615384	
2.4435057572885714	65.524	4.0	58.0	30.0	2.4389478706163623	13	285	90	4	58	30	45	4	58	30	525	0	0.2031111717224121	7000	8.999384641647339	582	91.68571428571428	
25391219512211.754	66.102	4.0	58.0	30.0	2.4389478706163623	14	285	90	4	58	30	45	4	58	30	525	0	0.17186284065246582	7500	9.171247482299805	582	92.24	
76173658536630.39	66.264	4.0	58.0	30.0	2.4389478706163623	15	285	90	4	58	30	45	4	58	30	525	0	0.2187364101409912	8000	9.389983892440796	582	92.725	
76173658536630.39	65.836	4.0	58.0	30.0	2.4389478706163623	16	285	90	4	58	30	45	4	58	30	525	0	0.17186379432678223	8500	9.561847686767578	582	93.15294117647059	
12695609756107.096	65.544	4.0	58.0	30.0	2.4389478706163623	17	285	90	4	58	30	45	4	58	30	525	0	0.218733549118042	9000	9.78058123588562	582	93.53333333333333	
2.4433807241737897	66.288	4.0	58.0	30.0	2.4389478706163623	18	285	90	4	58	30	45	4	58	30	525	0	0.18748807907104492	9500	9.968069314956665	582	93.87368421052632	
2.4433807241737897	66.55	4.0	58.0	30.0	2.4389478706163623	19	285	90	4	58	30	45	4	58	30	525	0	0.17186212539672852	10000	10.139931440353394	582	94.18	
2.4433807241737897	65.888	4.0	58.0	30.0	2.4389478706163623	20	285	90	4	58	30	45	4	58	30	525	0	0.2656068801879883	10500	10.405538320541382	582	94.45714285714286	
2.4433807241737897	65.382	4.0	58.0	30.0	2.4389478706163623	21	285	90	4	58	30	45	4	58	30	525	0	0.2187349796295166	11000	10.624273300170898	582	94.7090909090909	
12695609756107.096	65.688	4.0	58.0	30.0	2.4389478706163623	22	285	90	4	58	30	45	4	58	30	525	0	0.2343602180480957	11500	10.858633518218994	582	94.93913043478261	
25391219512211.754	65.992	4.0	58.0	30.0	2.4389478706163623	23	285	90	4	58	30	45	4	58	30	525	0	0.24998140335083008	12000	11.108614921569824	582	95.15	
63478048780525.695	65.898	4.0	58.0	30.0	2.4389478706163623	24	285	90	4	58	30	45	4	58	30	525	0	0.23436927795410156	12500	11.342984199523926	582	95.344	
2.443385351222327	65.924	4.0	58.0	30.0	2.4389478706163623	25	285	90	4	58	30	45	4	58	30	525	0	0.21872568130493164	13000	11.561709880828857	582	95.52307692307693	
12695609756107.096	65.838	4.0	58.0	30.0	2.4389478706163623	26	285	90	4	58	30	45	4	58	30	525	0	0.2187349796295166	13500	11.780444860458374	582	95.68888888888888	
2.4433807241737897	66.28	4.0	58.0	30.0	2.4389478706163623	27	285	90	4	58	30	45	4	58	30	525	0	0.1874864101409912	14000	11.967931270599365	582	95.84285714285714	
12695609756107.096	66.054	4.0	58.0	30.0	2.4389478706163623	28	285	90	4	58	30	45	4	58	30	525	0	0.2187352180480957	14500	12.186666488647461	582	95.98620689655172	
25391219512211.754	65.654	4.0	58.0	30.0	2.4389478706163623	29	285	90	4	58	30	45	4	58	30	525	0	0.17186450958251953	15000	12.35853099822998	582	96.12	
2.4433807241737897	66.046	4.0	58.0	30.0	2.4389478706163623	30	285	90	4	58	30	45	4	58	30	525	0	0.1874856948852539	15500	12.546016693115234	582	96.24516129032259	
2.4433807241737897	65.914	4.0	58.0	30.0	2.4389478706163623	31	285	90	4	58	30	45	4	58	30	525	0	0.18748760223388672	16000	12.733504295349121	582	96.3625	
2.4433807241737897	66.212	4.0	58.0	30.0	2.4389478706163623	32	285	90	4	58	30	45	4	58	30	525	0	0.2187345027923584	16500	12.95223879814148	582	96.47272727272727	
2.4433807241737897	65.592	4.0	58.0	30.0	2.4389478706163623	33	285	67	4	58	30	45	4	58	30	525	0	0.2812325954437256	17000	13.233471393585205	582	96.5764705882353	
12695609756107.096	65.9	4.0	58.0	30.0	2.4389478706163623	34	285	67	4	58	30	45	4	58	30	525	0	0.218733549118042	17500	13.452204942703247	582	96.67428571428572	
2.443385351222327	66.032	4.0	58.0	30.0	2.4389478706163623	35	285	67	4	58	30	45	4	58	30	525	0	0.18748736381530762	18000	13.639692306518555	582	96.76666666666667	
2.4433807241737897	66.516	4.0	58.0	30.0	2.4389478706163623	36	285	67	4	58	30	45	4	58	30	525	0	0.24998235702514648	18500	13.889674663543701	582	96.85405405405406	
2.4433807241737897	66.56	4.0	58.0	30.0	2.4389478706163623	37	285	67	4	58	30	45	4	58	30	525	0	0.17186450958251953	19000	14.06153917312622	582	96.93684210526315	
2.4433807241737897	66.56	4.0	58.0	30.0	2.4389478706163623	38	285	67	4	58	30	45	4	58	30	525	0	0.2187337875366211	19500	14.280272960662842	582	97.01538461538462	
2.4433807241737897	66.648	4.0	58.0	30.0	2.4389478706163623	39	285	67	4	58	30	45	4	58	30	525	0	0.20311284065246582	20000	14.483385801315308	582	97.09	
2.443385351222327	66.516	4.0	58.0	30.0	2.4389478706163623	40	285	67	4	58	30	45	4	58	30	525	0	0.218733549118042	20500	14.70211935043335	582	97.1609756097561	
2.4433807241737897	66.692	4.0	58.0	30.0	2.4389478706163623	41	285	67	4	58	30	45	4	58	30	525	0	0.2656066417694092	21000	14.967725992202759	582	97.22857142857143	
2.4433807241737897	66.824	4.0	58.0	30.0	2.4389478706163623	42	285	67	4	58	30	45	4	58	30	525	0	0.2343587875366211	21500	15.20208477973938	582	97.29302325581395	
2.4433807241737897	66.912	4.0	58.0	30.0	2.4389478706163623	43	285	67	4	58	30	45	4	58	30	525	0	0.17186379432678223	22000	15.373948574066162	582	97.35454545454546	
2.4433807241737897	66.956	4.0	58.0	30.0	2.4389478706163623	44	285	67	4	58	30	45	4	58	30	525	0	0.18748760223388672	22500	15.561436176300049	582	97.41333333333333	
25391219512211.754	66.824	4.0	58.0	30.0	2.4389478706163623	45	285	67	4	58	30	45	4	58	30	525	0	0.17186331748962402	23000	15.733299493789673	582	97.4695652173913	
25391219512211.754	66.868	4.0	58.0	30.0	2.4389478706163623	46	285	67	4	58	30	45	4	58	30	525	0	0.203110933303833	23500	15.936410427093506	582	97.52340425531915	
2.4433807241737897	66.912	4.0	58.0	30.0	2.4389478706163623	47	285	67	4	58	30	45	4	58	30	525	0	0.2343583106994629	24000	16.17076873779297	582	97.575	
2.4433807241737897	66.912	4.0	58.0	30.0	2.4389478706163623	48	285	67	4	58	30	45	4	58	30	525	0	0.2499833106994629	24500	16.42075204849243	582	97.62448979591836	
2.4433807241737897	66.912	4.0	58.0	30.0	2.4389478706163623	49	285	67	4	58	30	45	4	58	30	525	0	0.17186403274536133	25000	16.592616081237793	582	97.672	
2.443385351222327	66.912	4.0	58.0	30.0	2.4389478706163623	50	285	67	4	58	30	45	4	58	30	525	0	0.234358549118042	25500	16.826974630355835	582	97.71764705882353	
2.443385351222327	66.912	4.0	58.0	30.0	2.4389478706163623	51	285	67	4	58	30	45	4	58	30	525	0	0.18748712539672852	26000	17.014461755752563	582	97.76153846153846	
2.4433807241737897	66.956	4.0	58.0	30.0	2.4389478706163623	52	285	67	4	58	30	45	4	58	30	525	0	0.24998211860656738	26500	17.26444387435913	582	97.80377358490566	
25391219512211.754	66.824	4.0	58.0	30.0	2.4389478706163623	53	285	67	4	58	30	45	4	58	30	525	0	0.2031114101409912	27000	17.467555284500122	582	97.84444444444445	
12695609756107.096	66.56	4.0	58.0	30.0	2.4389478706163623	54	285	67	4	58	30	45	4	58	30	525	0	0.18748712539672852	27500	17.65504240989685	582	97.88363636363637	
2.4433807241737897	66.692	4.0	58.0	30.0	2.4389478706163623	55	285	67	4	58	30	45	4	58	30	525	0	0.18748712539672852	28000	17.84252953529358	582	97.92142857142858	
2.443385351222327	66.472	4.0	58.0	30.0	2.4389478706163623	56	285	67	4	58	30	45	4	58	30	525	0	0.2343604564666748	28500	18.076889991760254	582	97.9578947368421	
50782439024421.05	66.34	4.0	58.0	30.0	2.4389478706163623	57	285	67	4	58	30	45	4	58	30	525	0	0.26560521125793457	29000	18.34249520301819	582	97.99310344827586	
50782439024421.05	66.252	4.0	58.0	30.0	2.4389478706163623	58	285	67	4	58	30	45	4	58	30	525	0	0.18748712539672852	29500	18.529982328414917	582	98.0271186440678	
25391219512211.754	66.516	4.0	58.0	30.0	2.4389478706163623	59	285	67	4	58	30	45	4	58	30	525	0	0.24998784065246582	30000	18.779970169067383	582	98.06	
2.4433807241737897	66.692	4.0	58.0	30.0	2.4389478706163623	60	285	67	4	58	30	45	4	58	30	525	0	0.21873068809509277	30500	18.998700857162476	582	98.09180327868853	
25391219512211.754	66.648	4.0	58.0	30.0	2.4389478706163623	61	285	67	4	58	30	45	4	58	30	525	0	0.28123998641967773	31000	19.279940843582153	582	98.12258064516129	
63478048780525.695	66.56	4.0	58.0	30.0	2.4389478706163623	62	285	67	4	58	30	45	4	58	30	525	0	0.21872591972351074	31500	19.498666763305664	582	98.15238095238095	
2.443385351222327	66.736	4.0	58.0	30.0	2.4389478706163623	63	285	67	4	58	30	45	4	58	30	525	0	0.234358549118042	32000	19.733025312423706	582	98.18125	
2.4433807241737897	66.824	4.0	58.0	30.0	2.4389478706163623	64	285	67	4	58	30	45	4	58	30	525	0	0.2499840259552002	32500	19.983009338378906	582	98.20923076923077	
12695609756107.096	66.736	4.0	58.0	30.0	2.4389478706163623	65	285	67	4	58	30	45	4	58	30	525	0	0.1874861717224121	33000	20.17049551010132	582	98.23636363636363	
12695609756107.096	66.824	4.0	58.0	30.0	2.4389478706163623	66	285	67	4	58	30	45	4	58	30	525	0	0.2187352180480957	33500	20.389230728149414	582	98.26268656716418	
38086829268316.39	66.692	4.0	58.0	30.0	2.4389478706163623	67	285	67	4	58	30	45	4	58	30	525	0	0.18748712539672852	34000	20.576717853546143	582	98.28823529411764	
50782439024421.05	66.692	4.0	58.0	30.0	2.4389478706163623	68	285	67	4	58	30	45	4	58	30	525	0	0.2656064033508301	34500	20.842324256896973	582	98.31304347826087	
2.4433807241737897	66.868	4.0	58.0	30.0	2.4389478706163623	69	285	67	4	58	30	45	4	58	30	525	0	0.17186522483825684	35000	21.01418948173523	582	98.33714285714285	
12695609756107.096	66.692	4.0	58.0	30.0	2.4389478706163623	70	285	67	4	58	30	45	4	58	30	525	0	0.14061331748962402	35500	21.154802799224854	582	98.36056338028169	
2.4433807241737897	66.604	4.0	58.0	30.0	2.4389478706163623	71	285	67	4	58	30	45	4	58	30	525	0	0.17186474800109863	36000	21.326667547225952	582	98.38333333333334	
2.4433807241737897	66.78	4.0	58.0	30.0	2.4389478706163623	72	285	67	4	58	30	45	4	58	30	525	0	0.18748712539672852	36500	21.51415467262268	582	98.40547945205479	
12695609756107.096	66.868	4.0	58.0	30.0	2.4389478706163623	73	285	67	4	58	30	45	4	58	30	525	0	0.265606164932251	37000	21.77976083755493	582	98.42702702702702	
12695609756107.096	66.78	4.0	58.0	30.0	2.4389478706163623	74	285	67	4	58	30	45	4	58	30	525	0	0.17186450958251953	37500	21.95162534713745	582	98.448	
38086829268316.39	66.736	4.0	58.0	30.0	2.4389478706163623	75	285	67	4	58	30	45	4	58	30	525	0	0.1874849796295166	38000	22.139110326766968	582	98.46842105263158	
2.4433807241737897	66.648	4.0	58.0	30.0	2.4389478706163623	76	285	67	4	58	30	45	4	58	30	525	0	0.2343590259552002	38500	22.373469352722168	582	98.48831168831168	
2.4433807241737897	66.384	4.0	58.0	30.0	2.4389478706163623	77	285	67	4	58	30	45	4	58	30	525	0	0.2499833106994629	39000	22.62345266342163	582	98.50769230769231	
2.443385351222327	66.34	4.0	58.0	30.0	2.4389478706163623	78	285	67	4	58	30	45	4	58	30	525	0	0.18748760223388672	39500	22.810940265655518	582	98.52658227848102	
2.4433807241737897	66.56	4.0	58.0	30.0	2.4389478706163623	79	285	67	4	58	30	45	4	58	30	525	0	0.15624022483825684	40000	22.967180490493774	582	98.545	
25391219512211.754	66.384	4.0	58.0	30.0	2.4389478706163623	80	285	67	4	58	30	45	4	58	30	525	0	0.26560544967651367	40500	23.232785940170288	582	98.56296296296296	
2.4433807241737897	66.516	4.0	58.0	30.0	2.4389478706163623	81	285	67	4	58	30	45	4	58	30	525	0	0.18748688697814941	41000	23.420272827148438	582	98.58048780487805	
2.4433807241737897	66.516	4.0	58.0	30.0	2.4389478706163623	82	285	67	4	58	30	45	4	58	30	525	0	0.20311307907104492	41500	23.623385906219482	582	98.59759036144578	
25391219512211.754	66.076	4.0	58.0	30.0	2.4389478706163623	83	285	67	4	58	30	45	4	58	30	525	0	0.2031106948852539	42000	23.826496601104736	582	98.61428571428571	
2.4433807241737897	66.252	4.0	58.0	30.0	2.4389478706163623	84	285	67	4	58	30	45	4	58	30	525	0	0.1874856948852539	42500	24.01398229598999	582	98.63058823529411	
12695609756107.096	66.34	4.0	58.0	30.0	2.4389478706163623	85	285	67	4	58	30	45	4	58	30	525	0	0.28124070167541504	43000	24.295222997665405	582	98.64651162790697	
2.4433807241737897	66.428	4.0	58.0	30.0	2.4389478706163623	86	285	67	4	58	30	45	4	58	30	525	0	0.18747758865356445	43500	24.48270058631897	582	98.66206896551724	
12695609756107.096	66.208	4.0	58.0	30.0	2.4389478706163623	87	285	67	4	58	30	45	4	58	30	525	0	0.2031111717224121	44000	24.685811758041382	582	98.67727272727272	
25391219512211.754	65.592	4.0	58.0	30.0	2.4389478706163623	88	285	67	4	58	30	45	4	58	30	525	0	0.18748688697814941	44500	24.87329864501953	582	98.69213483146068	
63478048780525.695	65.372	4.0	58.0	30.0	2.4389478706163623	89	285	67	4	58	30	45	4	58	30	525	0	0.17186379432678223	45000	25.045162439346313	582	98.70666666666666	
2.4433807241737897	65.768	4.0	58.0	30.0	2.4389478706163623	90	285	67	4	58	30	45	4	58	30	525	0	0.2812314033508301	45500	25.326393842697144	582	98.72087912087912	
25391219512211.754	65.372	4.0	58.0	30.0	2.4389478706163623	91	285	67	4	58	30	45	4	58	30	525	0	0.1874861717224121	46000	25.513880014419556	582	98.73478260869565	
101564878048839.69	65.284	4.0	58.0	30.0	2.4389478706163623	92	285	67	4	58	30	45	4	58	30	525	0	0.2343587875366211	46500	25.748238801956177	582	98.7483870967742	
25391219512211.754	65.416	4.0	58.0	30.0	2.4389478706163623	93	285	67	4	58	30	45	4	58	30	525	0	0.281231164932251	47000	26.029469966888428	582	98.76170212765958	
2.4433807241737897	65.196	4.0	58.0	30.0	2.4389478706163623	94	285	67	4	58	30	45	4	58	30	525	0	0.17186498641967773	47500	26.201334953308105	582	98.77473684210527	
25391219512211.754	65.328	4.0	58.0	30.0	2.4389478706163623	95	285	67	4	58	30	45	4	58	30	525	0	0.2343578338623047	48000	26.43569278717041	582	98.7875	
2.4433807241737897	66.076	4.0	58.0	30.0	2.4389478706163623	96	285	67	4	58	30	45	4	58	30	525	0	0.2343592643737793	48500	26.67005205154419	582	98.8	
2.4433807241737897	66.384	4.0	58.0	30.0	2.4389478706163623	97	285	67	4	58	30	45	4	58	30	525	0	0.2031097412109375	49000	26.873161792755127	582	98.81224489795919	
2.4433807241737897	66.472	4.0	58.0	30.0	2.4389478706163623	98	285	67	4	58	30	45	4	58	30	525	0	0.2499828338623047	49500	27.12314462661743	582	98.82424242424243	
25391219512211.754	66.252	4.0	58.0	30.0	2.4389478706163623	99	285	67	4	58	30	45	4	58	30	525	0	0.218735933303833	50000	27.341880559921265	582	98.836	
2.4433807241737897	66.472	4.0	58.0	30.0	2.4389478706163623	100	285	67	4	58	30	45	4	58	30	525	0	0.1874864101409912	50500	27.529366970062256	582	98.84752475247525	
2.4433807241737897	66.516	4.0	58.0	30.0	2.4389478706163623	101	285	67	4	58	30	45	4	58	30	525	0	0.2187349796295166	51000	27.748101949691772	582	98.85882352941177	
2.4433807241737897	66.252	4.0	58.0	30.0	2.4389478706163623	102	285	67	4	58	30	45	4	58	30	525	0	0.18748736381530762	51500	27.93558931350708	582	98.86990291262136	
12695609756107.096	66.208	4.0	58.0	30.0	2.4389478706163623	103	285	67	4	58	30	45	4	58	30	525	0	0.17186403274536133	52000	28.10745334625244	582	98.88076923076923	
12695609756107.096	65.988	4.0	58.0	30.0	2.4389478706163623	104	285	67	4	58	30	45	4	58	30	525	0	0.2031104564666748	52500	28.310563802719116	582	98.89142857142858	
12695609756107.096	65.944	4.0	58.0	30.0	2.4389478706163623	105	285	67	4	58	30	45	4	58	30	525	0	0.24998235702514648	53000	28.560546159744263	582	98.90188679245283	
12695609756107.096	65.988	4.0	58.0	30.0	2.4389478706163623	106	285	67	4	58	30	45	4	58	30	525	0	0.2343590259552002	53500	28.794905185699463	582	98.91214953271027	
2.4433807241737897	65.548	4.0	58.0	30.0	2.4389478706163623	107	285	67	4	58	30	45	4	58	30	525	0	0.2656071186065674	54000	29.06051230430603	582	98.92222222222222	
2.4433807241737897	65.46	4.0	58.0	30.0	2.4389478706163623	108	285	67	4	58	30	45	4	58	30	525	0	0.18748712539672852	54500	29.24799942970276	582	98.93211009174311	
63478048780525.695	65.196	4.0	58.0	30.0	2.4389478706163623	109	285	67	4	58	30	45	4	58	30	525	0	0.15623927116394043	55000	29.4042387008667	582	98.94181818181818	
76173658536630.39	65.372	4.0	58.0	30.0	2.4389478706163623	110	285	67	4	58	30	45	4	58	30	525	0	0.18748807907104492	55500	29.591726779937744	582	98.95135135135135	
25391219512211.754	65.636	4.0	58.0	30.0	2.4389478706163623	111	285	67	4	58	30	45	4	58	30	525	0	0.2031097412109375	56000	29.79483652114868	582	98.96071428571429	
76173658536630.39	65.416	4.0	58.0	30.0	2.4389478706163623	112	285	67	4	58	30	45	4	58	30	525	0	0.2499845027923584	56500	30.04482102394104	582	98.96991150442477	
2.4433807241737897	65.416	4.0	58.0	30.0	2.4389478706163623	113	285	67	4	58	30	45	4	58	30	525	0	0.265606164932251	57000	30.31042718887329	582	98.97894736842105	
2.4433807241737897	65.152	4.0	58.0	30.0	2.4389478706163623	114	285	67	4	58	30	45	4	58	30	525	0	0.24998211860656738	57500	30.56040930747986	582	98.98782608695652	
12695609756107.096	64.712	4.0	58.0	30.0	2.4389478706163623	115	285	67	4	58	30	45	4	58	30	525	0	0.2656068801879883	58000	30.826016187667847	582	98.99655172413793	
12695609756107.096	64.448	4.0	58.0	30.0	2.4389478706163623	116	285	67	4	58	30	45	4	58	30	525	0	0.2812306880950928	58500	31.10724687576294	582	99.0051282051282	
2.4433807241737897	64.272	4.0	58.0	30.0	2.4389478706163623	117	285	67	4	58	30	45	4	58	30	525	0	0.2187352180480957	59000	31.325982093811035	582	99.0135593220339	
12695609756107.096	64.844	4.0	58.0	30.0	2.4389478706163623	118	285	67	4	58	30	45	4	58	30	525	0	0.20311284065246582	59500	31.5290949344635	582	99.0218487394958	
25391219512211.754	64.448	4.0	58.0	30.0	2.4389478706163623	119	285	67	4	58	30	45	4	58	30	525	0	0.24998116493225098	60000	31.779076099395752	582	99.03	
12695609756107.096	64.14	4.0	58.0	30.0	2.4389478706163623	120	285	67	4	58	30	45	4	58	30	525	0	0.2656068801879883	60500	32.04468297958374	582	99.03801652892562	
2.4433807241737897	64.536	4.0	58.0	30.0	2.4389478706163623	121	285	67	4	58	30	45	4	58	30	525	0	0.2187349796295166	61000	32.26341795921326	582	99.04590163934427	
2.443385351222327	64.492	4.0	58.0	30.0	2.4389478706163623	122	285	67	4	58	30	45	4	58	30	525	0	0.2343590259552002	61500	32.49777698516846	582	99.05365853658536	
2.4433807241737897	64.448	4.0	58.0	30.0	2.4389478706163623	123	285	67	4	58	30	45	4	58	30	525	0	0.20311260223388672	62000	32.700889587402344	582	99.06129032258065	
2.443385351222327	64.844	4.0	58.0	30.0	2.4389478706163623	124	285	67	4	58	30	45	4	58	30	525	0	0.187485933303833	62500	32.88837552070618	582	99.0688	
12695609756107.096	65.416	4.0	58.0	30.0	2.4389478706163623	125	285	67	4	58	30	45	4	58	30	525	0	0.1874866485595703	63000	33.07586216926575	582	99.07619047619048	
25391219512211.754	65.68	4.0	58.0	30.0	2.4389478706163623	126	285	67	4	58	30	45	4	58	30	525	0	0.2343606948852539	63500	33.310222864151	582	99.08346456692914	
101564878048839.69	65.328	4.0	58.0	30.0	2.4389478706163623	127	285	67	4	58	30	45	4	58	30	525	0	0.2499828338623047	64000	33.560205698013306	582	99.090625	
2.4433807241737897	65.68	4.0	58.0	30.0	2.4389478706163623	128	285	67	4	58	30	45	4	58	30	525	0	0.24998140335083008	64500	33.810187101364136	582	99.09767441860465	
38086829268316.39	65.416	4.0	58.0	30.0	2.4389478706163623	129	285	67	4	58	30	45	4	58	30	525	0	0.2499837875366211	65000	34.06017088890076	582	99.10461538461539	
50782439024421.05	65.196	4.0	58.0	30.0	2.4389478706163623	130	285	67	4	58	30	45	4	58	30	525	0	0.17186236381530762	65500	34.232033252716064	582	99.11145038167939	
2.4433807241737897	65.68	4.0	58.0	30.0	2.4389478706163623	131	285	67	4	58	30	45	4	58	30	525	0	0.2656068801879883	66000	34.49764013290405	582	99.11818181818182	
12695609756107.096	65.856	4.0	58.0	30.0	2.4389478706163623	132	285	67	4	58	30	45	4	58	30	525	0	0.2812314033508301	66500	34.77887153625488	582	99.12481203007519	
2.4433807241737897	66.164	4.0	58.0	30.0	2.4389478706163623	133	285	67	4	58	30	45	4	58	30	525	0	0.2343599796295166	67000	35.0132315158844	582	99.13134328358208	
2.4433807241737897	66.472	4.0	58.0	30.0	2.4389478706163623	134	285	67	4	58	30	45	4	58	30	525	0	0.29685330390930176	67500	35.3100848197937	582	99.13777777777777	
38086829268316.39	66.208	4.0	58.0	30.0	2.4389478706163623	135	285	67	4	58	30	45	4	58	30	525	0	0.2499828338623047	68000	35.560067653656006	582	99.14411764705882	
50782439024421.05	66.208	4.0	58.0	30.0	2.4389478706163623	136	285	67	4	58	30	45	4	58	30	525	0	0.20311188697814941	68500	35.763179540634155	582	99.15036496350365	
2.4433807241737897	66.296	4.0	58.0	30.0	2.4389478706163623	137	285	67	4	58	30	45	4	58	30	525	0	0.1874866485595703	69000	35.950666189193726	582	99.15652173913044	
2.4433807241737897	66.164	4.0	58.0	30.0	2.4389478706163623	138	285	67	4	58	30	45	4	58	30	525	0	0.2656066417694092	69500	36.216272830963135	582	99.16258992805756	
50782439024421.05	66.12	4.0	58.0	30.0	2.4389478706163623	139	285	67	4	58	30	45	4	58	30	525	0	0.29685425758361816	70000	36.51312708854675	582	99.16857142857143	
2.4433807241737897	65.9	4.0	58.0	30.0	2.4389478706163623	140	285	67	4	58	30	45	4	58	30	525	0	0.20311188697814941	70500	36.7162389755249	582	99.17446808510638	
25391219512211.754	65.372	4.0	58.0	30.0	2.4389478706163623	141	285	67	4	58	30	45	4	58	30	525	0	0.18748712539672852	71000	36.90372610092163	582	99.18028169014084	
2.4433807241737897	65.46	4.0	58.0	30.0	2.4389478706163623	142	285	67	4	58	30	45	4	58	30	525	0	0.2343587875366211	71500	37.13808488845825	582	99.18601398601399	
2.4433807241737897	65.548	4.0	58.0	30.0	2.4389478706163623	143	285	67	4	58	30	45	4	58	30	525	0	0.203110933303833	72000	37.341195821762085	582	99.19166666666666	
2.4433807241737897	65.416	4.0	58.0	30.0	2.4389478706163623	144	285	67	4	58	30	45	4	58	30	525	0	0.2343602180480957	72500	37.57555603981018	582	99.19724137931034	
38086829268316.39	64.976	4.0	58.0	30.0	2.4389478706163623	145	285	67	4	58	30	45	4	58	30	525	0	0.218733549118042	73000	37.79428958892822	582	99.2027397260274	
12695609756107.096	65.504	4.0	58.0	30.0	2.4389478706163623	146	285	67	4	58	30	45	4	58	30	525	0	0.21874547004699707	73500	38.01303505897522	582	99.20816326530613	
2.4433807241737897	65.108	4.0	58.0	30.0	2.4389478706163623	147	285	67	4	58	30	45	4	58	30	525	0	0.17185473442077637	74000	38.184889793395996	582	99.21351351351352	
2.4433807241737897	64.712	4.0	58.0	30.0	2.4389478706163623	148	285	67	4	58	30	45	4	58	30	525	0	0.1874852180480957	74500	38.37237501144409	582	99.21879194630873	
25391219512211.754	64.052	4.0	58.0	30.0	2.4389478706163623	149	285	67	4	58	30	45	4	58	30	525	0	0.2343590259552002	75000	38.60673403739929	582	99.224	
2.4433807241737897	64.184	4.0	58.0	30.0	2.4389478706163623	150	285	67	4	58	30	45	4	58	30	525	0	0.2187347412109375	75500	38.82546877861023	582	99.22913907284769	
25391219512211.754	64.052	4.0	58.0	30.0	2.4389478706163623	151	285	67	4	58	30	45	4	58	30	525	0	0.2812328338623047	76000	39.106701612472534	582	99.23421052631579	
76173658536630.39	64.316	4.0	58.0	30.0	2.4389478706163623	152	285	67	4	58	30	45	4	58	30	525	0	0.28122901916503906	76500	39.38793063163757	582	99.2392156862745	
25391219512211.754	64.756	4.0	58.0	30.0	2.4389478706163623	153	285	67	4	58	30	45	4	58	30	525	0	0.281231164932251	77000	39.669161796569824	582	99.24415584415584	
12695609756107.096	65.24	4.0	58.0	30.0	2.4389478706163623	154	285	67	4	58	30	45	4	58	30	525	0	0.28124022483825684	77500	39.95040202140808	582	99.24903225806452	
2.443385351222327	65.328	4.0	58.0	30.0	2.4389478706163623	155	285	67	4	58	30	45	4	58	30	525	0	0.26560401916503906	78000	40.21600604057312	582	99.25384615384615	
63478048780525.695	65.372	4.0	58.0	30.0	2.4389478706163623	156	285	67	4	58	30	45	4	58	30	525	0	0.18748140335083008	78500	40.40348744392395	582	99.25859872611466	
2.4433807241737897	64.976	4.0	58.0	30.0	2.4389478706163623	157	285	67	4	58	30	45	4	58	30	525	0	0.29685473442077637	79000	40.70034217834473	582	99.26329113924051	
12695609756107.096	65.372	4.0	58.0	30.0	2.4389478706163623	158	285	67	4	58	30	45	4	58	30	525	0	0.187485933303833	79500	40.88782811164856	582	99.26792452830189	
2.4433807241737897	65.372	4.0	58.0	30.0	2.4389478706163623	159	285	67	4	58	30	45	4	58	30	525	0	0.2499833106994629	80000	41.13781142234802	582	99.2725	
12695609756107.096	65.548	4.0	58.0	30.0	2.4389478706163623	160	285	67	4	58	30	45	4	58	30	525	0	0.2656071186065674	80500	41.40341854095459	582	99.27701863354038	
2.4433807241737897	65.768	4.0	58.0	30.0	2.4389478706163623	161	285	67	4	58	30	45	4	58	30	525	0	0.265606164932251	81000	41.66902470588684	582	99.28148148148148	
2.4433807241737897	65.724	4.0	58.0	30.0	2.4389478706163623	162	285	67	4	58	30	45	4	58	30	525	0	0.18748736381530762	81500	41.85651206970215	582	99.28588957055214	
2.4433807241737897	65.9	4.0	58.0	30.0	2.4389478706163623	163	285	67	4	58	30	45	4	58	30	525	0	0.18748807907104492	82000	42.04400014877319	582	99.29024390243903	
2.4433807241737897	65.944	4.0	58.0	30.0	2.4389478706163623	164	285	67	4	58	30	45	4	58	30	525	0	0.187485933303833	82500	42.231486082077026	582	99.29454545454546	
2.4433807241737897	65.768	4.0	58.0	30.0	2.4389478706163623	165	285	67	4	58	30	45	4	58	30	525	0	0.15624165534973145	83000	42.38772773742676	582	99.29879518072289	
12695609756107.096	65.46	4.0	58.0	30.0	2.4389478706163623	166	285	67	4	58	30	45	4	58	30	525	0	0.2187328338623047	83500	42.60646057128906	582	99.30299401197605	
25391219512211.754	65.46	4.0	58.0	30.0	2.4389478706163623	167	285	67	4	58	30	45	4	58	30	525	0	0.1718733310699463	84000	42.77833390235901	582	99.30714285714286	
25391219512211.754	66.164	4.0	58.0	30.0	2.4389478706163623	168	285	67	4	58	30	45	4	58	30	525	0	0.15623092651367188	84500	42.93456482887268	582	99.3112426035503	
76173658536630.39	66.164	4.0	58.0	30.0	2.4389478706163623	169	285	67	4	58	30	45	4	58	30	525	0	0.1874854564666748	85000	43.122050285339355	582	99.31529411764706	
12695609756107.096	66.648	4.0	58.0	30.0	2.4389478706163623	170	285	67	4	58	30	45	4	58	30	525	0	0.18749308586120605	85500	43.30954337120056	582	99.31929824561404	
12695609756107.096	66.692	4.0	58.0	30.0	2.4389478706163623	171	285	67	4	58	30	45	4	58	30	525	0	0.17185735702514648	86000	43.48140072822571	582	99.3232558139535	
2.4433807241737897	66.78	4.0	58.0	30.0	2.4389478706163623	172	285	67	4	58	30	45	4	58	30	525	0	0.20311307907104492	86500	43.68451380729675	582	99.3271676300578	
2.4433807241737897	66.648	4.0	58.0	30.0	2.4389478706163623	173	285	67	4	58	30	45	4	58	30	525	0	0.2031092643737793	87000	43.88762307167053	582	99.33103448275862	
2.4433807241737897	66.472	4.0	58.0	30.0	2.4389478706163623	174	285	67	4	58	30	45	4	58	30	525	0	0.2031116485595703	87500	44.0907347202301	582	99.33485714285715	
2.4433807241737897	66.384	4.0	58.0	30.0	2.4389478706163623	175	285	67	4	58	30	45	4	58	30	525	0	0.2343580722808838	88000	44.325092792510986	582	99.33863636363637	
2.4433807241737897	66.208	4.0	58.0	30.0	2.4389478706163623	176	285	67	4	58	30	45	4	58	30	525	0	0.21874499320983887	88500	44.543837785720825	582	99.34237288135593	
12695609756107.096	66.296	4.0	58.0	30.0	2.4389478706163623	177	285	67	4	58	30	45	4	58	30	525	0	0.20310211181640625	89000	44.74693989753723	582	99.34606741573033	
38086829268316.39	66.032	4.0	58.0	30.0	2.4389478706163623	178	285	67	4	58	30	45	4	58	30	525	0	0.18748736381530762	89500	44.93442726135254	582	99.34972067039106	
63478048780525.695	65.724	4.0	58.0	30.0	2.4389478706163623	179	285	67	4	58	30	45	4	58	30	525	0	0.234358549118042	90000	45.16878581047058	582	99.35333333333334	
12695609756107.096	65.416	4.0	58.0	30.0	2.4389478706163623	180	285	67	4	58	30	45	4	58	30	525	0	0.2499830722808838	90500	45.418768882751465	582	99.35690607734807	
12695609756107.096	65.196	4.0	58.0	30.0	2.4389478706163623	181	285	67	4	58	30	45	4	58	30	525	0	0.24998211860656738	91000	45.66875100135803	582	99.36043956043956	
12695609756107.096	64.976	4.0	58.0	30.0	2.4389478706163623	182	285	67	4	58	30	45	4	58	30	525	0	0.2187352180480957	91500	45.88748621940613	582	99.3639344262295	
2.4433807241737897	64.932	4.0	58.0	30.0	2.4389478706163623	183	285	67	4	58	30	45	4	58	30	525	0	0.234358549118042	92000	46.12184476852417	582	99.36739130434782	
25391219512211.754	65.724	4.0	58.0	30.0	2.4389478706163623	184	285	67	4	58	30	45	4	58	30	525	0	0.2499830722808838	92500	46.371827840805054	582	99.37081081081081	
12695609756107.096	65.768	4.0	58.0	30.0	2.4389478706163623	185	285	67	4	58	30	45	4	58	30	525	0	0.2031111717224121	93000	46.574939012527466	582	99.3741935483871	
2.4433807241737897	66.34	4.0	58.0	30.0	2.4389478706163623	186	285	67	4	58	30	45	4	58	30	525	0	0.2343590259552002	93500	46.809298038482666	582	99.37754010695187	
2.4433807241737897	66.252	4.0	58.0	30.0	2.4389478706163623	187	285	67	4	58	30	45	4	58	30	525	0	0.2187349796295166	94000	47.02803301811218	582	99.38085106382978	
2.4433807241737897	66.208	4.0	58.0	30.0	2.4389478706163623	188	285	67	4	58	30	45	4	58	30	525	0	0.2031114101409912	94500	47.231144428253174	582	99.38412698412698	
2.4433807241737897	65.68	4.0	58.0	30.0	2.4389478706163623	189	285	67	4	58	30	45	4	58	30	525	0	0.2343587875366211	95000	47.465503215789795	582	99.38736842105263	
25391219512211.754	65.944	4.0	58.0	30.0	2.4389478706163623	190	285	67	4	58	30	45	4	58	30	525	0	0.2187347412109375	95500	47.68423795700073	582	99.39057591623036	
2.4433807241737897	65.944	4.0	58.0	30.0	2.4389478706163623	191	285	67	4	58	30	45	4	58	30	525	0	0.2343590259552002	96000	47.91859698295593	582	99.39375	
2.443385351222327	65.724	4.0	58.0	30.0	2.4389478706163623	192	285	67	4	58	30	45	4	58	30	525	0	0.2343587875366211	96500	48.152955770492554	582	99.39689119170984	
2.443385351222327	64.976	4.0	58.0	30.0	2.4389478706163623	193	285	67	4	58	30	45	4	58	30	525	0	0.2499833106994629	97000	48.40293908119202	582	99.4	
25391219512211.754	65.328	4.0	58.0	30.0	2.4389478706163623	194	285	67	4	58	30	45	4	58	30	525	0	0.21873688697814941	97500	48.621675968170166	582	99.40307692307692	
2.4433807241737897	65.284	4.0	58.0	30.0	2.4389478706163623	195	285	67	4	58	30	45	4	58	30	525	0	0.2031095027923584	98000	48.824785470962524	582	99.40612244897959	
38086829268316.39	65.24	4.0	58.0	30.0	2.4389478706163623	196	285	67	4	58	30	45	4	58	30	525	0	0.1874866485595703	98500	49.012272119522095	582	99.40913705583756	
2.443385351222327	64.8	4.0	58.0	30.0	2.4389478706163623	197	285	67	4	58	30	45	4	58	30	525	0	0.24999332427978516	99000	49.26226544380188	582	99.4121212121212	
25391219512211.754	64.888	4.0	58.0	30.0	2.4389478706163623	198	285	67	4	58	30	45	4	58	30	525	0	0.18747711181640625	99500	49.449742555618286	582	99.41507537688442	
2.4433807241737897	64.536	4.0	58.0	30.0	2.4389478706163623	199	285	67	4	58	30	45	4	58	30	525	0	0.18748688697814941	100000	49.637229442596436	582	99.418	
25391219512211.754	64.272	4.0	58.0	30.0	2.4389478706163623	200	285	67	4	58	30	45	4	58	30	525	0	0.17186355590820312	100500	49.80909299850464	582	99.42089552238807	
25391219512211.754	64.536	4.0	58.0	30.0	2.4389478706163623	201	285	67	4	58	30	45	4	58	30	525	0	0.18748712539672852	101000	49.99658012390137	582	99.42376237623762	
38086829268316.39	63.744	4.0	58.0	30.0	2.4389478706163623	202	285	67	4	58	30	45	4	58	30	525	0	0.18748712539672852	101500	50.184067249298096	582	99.42660098522167	
12695609756107.096	63.612	4.0	58.0	30.0	2.4389478706163623	203	285	67	4	58	30	45	4	58	30	525	0	0.2031106948852539	102000	50.38717794418335	582	99.42941176470588	
2.4433807241737897	63.656	4.0	58.0	30.0	2.4389478706163623	204	285	67	4	58	30	45	4	58	30	525	0	0.21873688697814941	102500	50.6059148311615	582	99.43219512195122	
12695609756107.096	63.436	4.0	58.0	30.0	2.4389478706163623	205	285	67	4	58	30	45	4	58	30	525	0	0.23435759544372559	103000	50.840272426605225	582	99.43495145631069	
50782439024421.05	62.82	4.0	58.0	30.0	2.4389478706163623	206	285	67	4	58	30	45	4	58	30	525	0	0.17186379432678223	103500	51.01213622093201	582	99.4376811594203	
50782439024421.05	62.732	4.0	58.0	30.0	2.4389478706163623	207	285	67	4	58	30	45	4	58	30	525	0	0.2343578338623047	104000	51.24649405479431	582	99.44038461538462	
2.4433807241737897	62.336	4.0	58.0	30.0	2.4389478706163623	208	285	67	4	58	30	45	4	58	30	525	0	0.20311307907104492	104500	51.449607133865356	582	99.44306220095694	
12695609756107.096	62.996	4.0	58.0	30.0	2.4389478706163623	209	285	67	4	58	30	45	4	58	30	525	0	0.187485933303833	105000	51.63709306716919	582	99.44571428571429	
88869268292735.03	62.6	4.0	58.0	30.0	2.4389478706163623	210	285	67	4	58	30	45	4	58	30	525	0	0.2343590259552002	105500	51.87145209312439	582	99.44834123222749	
12695609756107.096	62.292	4.0	58.0	30.0	2.4389478706163623	211	285	67	4	58	30	45	4	58	30	525	0	0.2499828338623047	106000	52.121434926986694	582	99.45094339622642	
2.4433807241737897	63.172	4.0	58.0	30.0	2.4389478706163623	212	285	67	4	58	30	45	4	58	30	525	0	0.2187356948852539	106500	52.34017062187195	582	99.45352112676056	
2.4433807241737897	63.656	4.0	58.0	30.0	2.4389478706163623	213	285	67	4	58	30	45	4	58	30	525	0	0.2343597412109375	107000	52.574530363082886	582	99.45607476635514	
25391219512211.754	64.272	4.0	58.0	30.0	2.4389478706163623	214	285	67	4	58	30	45	4	58	30	525	0	0.2031104564666748	107500	52.77764081954956	582	99.45860465116279	
2.4433807241737897	64.624	4.0	58.0	30.0	2.4389478706163623	215	285	67	4	58	30	45	4	58	30	525	0	0.2343578338623047	108000	53.011998653411865	582	99.46111111111111	
2.4433807241737897	63.92	4.0	58.0	30.0	2.4389478706163623	216	285	67	4	58	30	45	4	58	30	525	0	0.2187354564666748	108500	53.23073410987854	582	99.46359447004609	
25391219512211.754	63.612	4.0	58.0	30.0	2.4389478706163623	217	285	67	4	58	30	45	4	58	30	525	0	0.1874866485595703	109000	53.41822075843811	582	99.46605504587156	
2.4433807241737897	63.084	4.0	58.0	30.0	2.4389478706163623	218	285	67	4	58	30	45	4	58	30	525	0	0.2031114101409912	109500	53.6213321685791	582	99.46849315068494	
25391219512211.754	62.072	4.0	58.0	30.0	2.4389478706163623	219	285	67	4	58	30	45	4	58	30	525	0	0.2187352180480957	110000	53.8400673866272	582	99.47090909090909	
25391219512211.754	62.204	4.0	58.0	30.0	2.4389478706163623	220	285	67	4	58	30	45	4	58	30	525	0	0.17186403274536133	110500	54.01193141937256	582	99.47330316742081	
2.4433807241737897	61.852	4.0	58.0	30.0	2.4389478706163623	221	285	67	4	58	30	45	4	58	30	525	0	0.17186236381530762	111000	54.183793783187866	582	99.47567567567567	
2.4433807241737897	61.324	4.0	58.0	30.0	2.4389478706163623	222	285	67	4	58	30	45	4	58	30	525	0	0.17186284065246582	111500	54.35565662384033	582	99.4780269058296	
2.443385351222327	61.236	4.0	58.0	30.0	2.4389478706163623	223	285	67	4	58	30	45	4	58	30	525	0	0.18748831748962402	112000	54.543144941329956	582	99.48035714285714	
2.4433807241737897	60.092	4.0	58.0	30.0	2.4389478706163623	224	285	67	4	58	30	45	4	58	30	525	0	0.2031102180480957	112500	54.74625515937805	582	99.48266666666666	
2.4433807241737897	58.904	4.0	58.0	30.0	2.4389478706163623	225	285	67	4	58	30	45	4	58	30	525	0	0.2187347412109375	113000	54.96498990058899	582	99.48495575221239	
2.4433807241737897	58.992	4.0	58.0	30.0	2.4389478706163623	226	285	67	4	58	30	45	4	58	30	525	0	0.17186450958251953	113500	55.13685441017151	582	99.48722466960352	
12695609756107.096	60.092	4.0	58.0	30.0	2.4389478706163623	227	285	67	4	58	30	45	4	58	30	525	0	0.17186236381530762	114000	55.308716773986816	582	99.48947368421052	
25391219512211.754	60.312	4.0	58.0	30.0	2.4389478706163623	228	285	67	4	58	30	45	4	58	30	525	0	0.2343599796295166	114500	55.54307675361633	582	99.49170305676856	
2.4433807241737897	60.092	4.0	58.0	30.0	2.4389478706163623	229	285	67	4	58	30	45	4	58	30	525	0	0.18748760223388672	115000	55.73056435585022	582	99.49391304347826	
12695609756107.096	59.388	4.0	58.0	30.0	2.4389478706163623	230	285	67	4	58	30	45	4	58	30	525	0	0.24998211860656738	115500	55.98054647445679	582	99.49610389610389	
2.4433807241737897	59.432	4.0	58.0	30.0	2.4389478706163623	231	285	67	4	58	30	45	4	58	30	525	0	0.18748712539672852	116000	56.168033599853516	582	99.49827586206897	
25391219512211.754	58.024	4.0	58.0	30.0	2.4389478706163623	232	285	67	4	58	30	45	4	58	30	525	0	0.17186474800109863	116500	56.339898347854614	582	99.50042918454936	
2.4433807241737897	58.684	4.0	58.0	30.0	2.4389478706163623	233	285	67	4	58	30	45	4	58	30	525	0	0.2187328338623047	117000	56.55863118171692	582	99.50256410256411	
12695609756107.096	59.344	4.0	58.0	30.0	2.4389478706163623	234	285	67	4	58	30	45	4	58	30	525	0	0.2343592643737793	117500	56.7929904460907	582	99.50468085106382	
25391219512211.754	58.772	4.0	58.0	30.0	2.4389478706163623	235	285	67	4	58	30	45	4	58	30	525	0	0.18748855590820312	118000	56.9804790019989	582	99.50677966101695	
25391219512211.754	59.036	4.0	58.0	30.0	2.4389478706163623	236	285	67	4	58	30	45	4	58	30	525	0	0.2187337875366211	118500	57.19921278953552	582	99.50886075949367	
2.4433807241737897	58.596	4.0	58.0	30.0	2.4389478706163623	237	285	67	4	58	30	45	4	58	30	525	0	0.2187352180480957	119000	57.41794800758362	582	99.5109243697479	
2.4433807241737897	60.092	4.0	58.0	30.0	2.4389478706163623	238	285	67	4	58	30	45	4	58	30	525	0	0.20311474800109863	119500	57.62106275558472	582	99.51297071129707	
12695609756107.096	60.312	4.0	58.0	30.0	2.4389478706163623	239	285	67	4	58	30	45	4	58	30	525	0	0.2343578338623047	120000	57.85542058944702	582	99.515	
38086829268316.39	59.784	4.0	58.0	30.0	2.4389478706163623	240	285	67	4	58	30	45	4	58	30	525	0	0.1874854564666748	120500	58.042906045913696	582	99.51701244813277	
12695609756107.096	58.464	4.0	58.0	30.0	2.4389478706163623	241	285	67	4	58	30	45	4	58	30	525	0	0.1874864101409912	121000	58.23039245605469	582	99.51900826446281	
12695609756107.096	57.584	4.0	58.0	30.0	2.4389478706163623	242	285	67	4	58	30	45	4	58	30	525	0	0.249983549118042	121500	58.48037600517273	582	99.52098765432099	
101564878048839.69	58.288	4.0	58.0	30.0	2.4389478706163623	243	285	67	4	58	30	45	4	58	30	525	0	0.2031111717224121	122000	58.68348717689514	582	99.52295081967213	
12695609756107.096	59.608	4.0	58.0	30.0	2.4389478706163623	244	285	67	4	58	30	45	4	58	30	525	0	0.2031106948852539	122500	58.886597871780396	582	99.52489795918368	
2.4433807241737897	60.092	4.0	58.0	30.0	2.4389478706163623	245	285	67	4	58	30	45	4	58	30	525	0	0.18748736381530762	123000	59.0740852355957	582	99.52682926829269	
25391219512211.754	60.312	4.0	58.0	30.0	2.4389478706163623	246	285	67	4	58	30	45	4	58	30	525	0	0.18748855590820312	123500	59.261573791503906	582	99.52874493927125	
2.4433807241737897	60.62	4.0	58.0	30.0	2.4389478706163623	247	285	67	4	58	30	45	4	58	30	525	0	0.2031104564666748	124000	59.46468424797058	582	99.53064516129032	
25391219512211.754	60.664	4.0	58.0	30.0	2.4389478706163623	248	285	67	4	58	30	45	4	58	30	525	0	0.17186284065246582	124500	59.63654708862305	582	99.53253012048192	
12695609756107.096	60.972	4.0	58.0	30.0	2.4389478706163623	249	285	67	4	58	30	45	4	58	30	525	0	0.2187352180480957	125000	59.85528230667114	582	99.5344	
25391219512211.754	60.356	4.0	58.0	30.0	2.4389478706163623	250	285	67	4	58	30	45	4	58	30	525	0	0.2656056880950928	125500	60.120887994766235	582	99.53625498007968	
2.4433807241737897	59.74	4.0	58.0	30.0	2.4389478706163623	251	285	67	4	58	30	45	4	58	30	525	0	0.2031102180480957	126000	60.32399821281433	582	99.53809523809524	
12695609756107.096	59.784	4.0	58.0	30.0	2.4389478706163623	252	285	67	4	58	30	45	4	58	30	525	0	0.21873712539672852	126500	60.54273533821106	582	99.5399209486166	
2.4433807241737897	60.708	4.0	58.0	30.0	2.4389478706163623	253	285	67	4	58	30	45	4	58	30	525	0	0.218733549118042	127000	60.7614688873291	582	99.54173228346457	
12695609756107.096	61.148	4.0	58.0	30.0	2.4389478706163623	254	285	67	4	58	30	45	4	58	30	525	0	0.2187342643737793	127500	60.98020315170288	582	99.54352941176471	
2.4433807241737897	61.324	4.0	58.0	30.0	2.4389478706163623	255	285	67	4	58	30	45	4	58	30	525	0	0.218735933303833	128000	61.198939085006714	582	99.5453125	
12695609756107.096	60.928	4.0	58.0	30.0	2.4389478706163623	256	285	67	4	58	30	45	4	58	30	525	0	0.2343580722808838	128500	61.4332971572876	582	99.54708171206225	
12695609756107.096	60.312	4.0	58.0	30.0	2.4389478706163623	257	285	67	4	58	30	45	4	58	30	525	0	0.2343611717224121	129000	61.66765832901001	582	99.54883720930232	
2.4433807241737897	60.444	4.0	58.0	30.0	2.4389478706163623	258	285	67	4	58	30	45	4	58	30	525	0	0.2343578338623047	129500	61.902016162872314	582	99.55057915057915	
2.4433807241737897	59.608	4.0	58.0	30.0	2.4389478706163623	259	285	67	4	58	30	45	4	58	30	525	0	0.2187349796295166	130000	62.12075114250183	582	99.55230769230769	
2.4433807241737897	59.476	4.0	58.0	30.0	2.4389478706163623	260	285	67	4	58	30	45	4	58	30	525	0	0.203110933303833	130500	62.323862075805664	582	99.55402298850575	
12695609756107.096	59.564	4.0	58.0	30.0	2.4389478706163623	261	285	67	4	58	30	45	4	58	30	525	0	0.31248044967651367	131000	62.63634252548218	582	99.5557251908397	
12695609756107.096	60.356	4.0	58.0	30.0	2.4389478706163623	262	285	67	4	58	30	45	4	58	30	525	0	0.2031090259552002	131500	62.83945155143738	582	99.5574144486692	
2.4433807241737897	60.532	4.0	58.0	30.0	2.4389478706163623	263	285	67	4	58	30	45	4	58	30	525	0	0.2343590259552002	132000	63.07381057739258	582	99.55909090909091	
38086829268316.39	60.62	4.0	58.0	30.0	2.4389478706163623	264	285	67	4	58	30	45	4	58	30	525	0	0.2187347412109375	132500	63.292545318603516	582	99.56075471698114	
63478048780525.695	61.764	4.0	58.0	30.0	2.4389478706163623	265	285	67	4	58	30	45	4	58	30	525	0	0.2343592643737793	133000	63.526904582977295	582	99.5624060150376	
25391219512211.754	61.192	4.0	58.0	30.0	2.4389478706163623	266	285	67	4	58	30	45	4	58	30	525	0	0.249983549118042	133500	63.77688813209534	582	99.56404494382022	
25391219512211.754	62.336	4.0	58.0	30.0	2.4389478706163623	267	285	67	4	58	30	45	4	58	30	525	0	0.2343583106994629	134000	64.0112464427948	582	99.56567164179104	
2.4433807241737897	62.336	4.0	58.0	30.0	2.4389478706163623	268	285	67	4	58	30	45	4	58	30	525	0	0.249983549118042	134500	64.26122999191284	582	99.56728624535316	
2.4433807241737897	62.336	4.0	58.0	30.0	2.4389478706163623	269	285	67	4	58	30	45	4	58	30	525	0	0.2031102180480957	135000	64.46434020996094	582	99.56888888888889	
2.443385351222327	62.336	4.0	58.0	30.0	2.4389478706163623	270	285	67	4	58	30	45	4	58	30	525	0	0.218735933303833	135500	64.68307614326477	582	99.57047970479705	
38086829268316.39	62.556	4.0	58.0	30.0	2.4389478706163623	271	285	67	4	58	30	45	4	58	30	525	0	0.2343597412109375	136000	64.91743588447571	582	99.57205882352942	
63478048780525.695	61.104	4.0	58.0	30.0	2.4389478706163623	272	285	67	4	58	30	45	4	58	30	525	0	0.17186284065246582	136500	65.08929872512817	582	99.57362637362637	
25391219512211.754	61.544	4.0	58.0	30.0	2.4389478706163623	273	285	67	4	58	30	45	4	58	30	525	0	0.17186212539672852	137000	65.2611608505249	582	99.57518248175182	
2.443385351222327	61.544	4.0	58.0	30.0	2.4389478706163623	274	285	67	4	58	30	45	4	58	30	525	0	0.18748736381530762	137500	65.44864821434021	582	99.57672727272727	
2.4433807241737897	61.676	4.0	58.0	30.0	2.4389478706163623	275	285	67	4	58	30	45	4	58	30	525	0	0.20311212539672852	138000	65.65176033973694	582	99.57826086956521	
2.4433807241737897	62.072	4.0	58.0	30.0	2.4389478706163623	276	285	67	4	58	30	45	4	58	30	525	0	0.2343587875366211	138500	65.88611912727356	582	99.5797833935018	
12695609756107.096	61.456	4.0	58.0	30.0	2.4389478706163623	277	285	67	4	58	30	45	4	58	30	525	0	0.218733549118042	139000	66.1048526763916	582	99.58129496402877	
2.443385351222327	62.072	4.0	58.0	30.0	2.4389478706163623	278	285	67	4	58	30	45	4	58	30	525	0	0.2031114101409912	139500	66.30796408653259	582	99.58279569892473	
50782439024421.05	62.028	4.0	58.0	30.0	2.4389478706163623	279	285	67	4	58	30	45	4	58	30	525	0	0.2499833106994629	140000	66.55794739723206	582	99.58428571428571	
38086829268316.39	62.028	4.0	58.0	30.0	2.4389478706163623	280	285	67	4	58	30	45	4	58	30	525	0	0.2656066417694092	140500	66.82355403900146	582	99.58576512455517	
25391219512211.754	61.676	4.0	58.0	30.0	2.4389478706163623	281	285	67	4	58	30	45	4	58	30	525	0	0.15623903274536133	141000	66.97979307174683	582	99.58723404255319	
2.4433807241737897	62.468	4.0	58.0	30.0	2.4389478706163623	282	285	67	4	58	30	45	4	58	30	525	0	0.2187361717224121	141500	67.19852924346924	582	99.5886925795053	
2.4433807241737897	63.216	4.0	58.0	30.0	2.4389478706163623	283	285	67	4	58	30	45	4	58	30	525	0	0.2031099796295166	142000	67.40163922309875	582	99.59014084507042	
2.4433807241737897	63.128	4.0	58.0	30.0	2.4389478706163623	284	285	67	4	58	30	45	4	58	30	525	0	0.15623974800109863	142500	67.55787897109985	582	99.59157894736842	
38086829268316.39	63.128	4.0	58.0	30.0	2.4389478706163623	285	285	67	4	58	30	45	4	58	30	525	0	0.18748736381530762	143000	67.74536633491516	582	99.593006993007	
25391219512211.754	62.6	4.0	58.0	30.0	2.4389478706163623	286	285	67	4	58	30	45	4	58	30	525	0	0.2343597412109375	143500	67.9797260761261	582	99.59442508710801	
63478048780525.695	62.424	4.0	58.0	30.0	2.4389478706163623	287	285	67	4	58	30	45	4	58	30	525	0	0.24998116493225098	144000	68.22970724105835	582	99.59583333333333	
2.4433807241737897	62.556	4.0	58.0	30.0	2.4389478706163623	288	285	67	4	58	30	45	4	58	30	525	0	0.18748736381530762	144500	68.41719460487366	582	99.59723183391003	
12695609756107.096	62.556	4.0	58.0	30.0	2.4389478706163623	289	285	67	4	58	30	45	4	58	30	525	0	0.2499849796295166	145000	68.66717958450317	582	99.59862068965518	
12695609756107.096	62.688	4.0	58.0	30.0	2.4389478706163623	290	285	67	4	58	30	45	4	58	30	525	0	0.2187333106994629	145500	68.88591289520264	582	99.6	
2.4433807241737897	62.204	4.0	58.0	30.0	2.4389478706163623	291	285	67	4	58	30	45	4	58	30	525	0	0.17186307907104492	146000	69.05777597427368	582	99.6013698630137	
2.443385351222327	62.468	4.0	58.0	30.0	2.4389478706163623	292	285	67	4	58	30	45	4	58	30	525	0	0.18748712539672852	146500	69.24526309967041	582	99.60273037542662	
101564878048839.69	61.984	4.0	58.0	30.0	2.4389478706163623	293	285	67	4	58	30	45	4	58	30	525	0	0.2187364101409912	147000	69.4639995098114	582	99.60408163265306	
2.4433807241737897	62.556	4.0	58.0	30.0	2.4389478706163623	294	285	67	4	58	30	45	4	58	30	525	0	0.2187333106994629	147500	69.68273282051086	582	99.60542372881356	
2.443385351222327	62.556	4.0	58.0	30.0	2.4389478706163623	295	285	67	4	58	30	45	4	58	30	525	0	0.2499830722808838	148000	69.93271589279175	582	99.60675675675675	
12695609756107.096	62.028	4.0	58.0	30.0	2.4389478706163623	296	285	67	4	58	30	45	4	58	30	525	0	0.23436880111694336	148500	70.16708469390869	582	99.60808080808081	
12695609756107.096	61.588	4.0	58.0	30.0	2.4389478706163623	297	285	67	4	58	30	45	4	58	30	525	0	0.23434996604919434	149000	70.40143465995789	582	99.60939597315436	
2.4433807241737897	62.204	4.0	58.0	30.0	2.4389478706163623	298	285	67	4	58	30	45	4	58	30	525	0	0.2031099796295166	149500	70.6045446395874	582	99.61070234113713	
2.4433807241737897	61.676	4.0	58.0	30.0	2.4389478706163623	299	285	67	4	58	30	45	4	58	30	525	0	0.18748807907104492	150000	70.79203271865845	582	99.612	
38086829268316.39	61.5	4.0	58.0	30.0	2.4389478706163623	300	285	67	4	58	30	45	4	58	30	525	0	0.2031116485595703	150500	70.99514436721802	582	99.61328903654486	
2.4433807241737897	61.06	4.0	58.0	30.0	2.4389478706163623	301	285	67	4	58	30	45	4	58	30	525	0	0.24998259544372559	151000	71.24512696266174	582	99.61456953642384	
12695609756107.096	61.676	4.0	58.0	30.0	2.4389478706163623	302	285	67	4	58	30	45	4	58	30	525	0	0.2031102180480957	151500	71.44823718070984	582	99.61584158415842	
2.4433807241737897	62.82	4.0	58.0	30.0	2.4389478706163623	303	285	67	4	58	30	45	4	58	30	525	0	0.2343592643737793	152000	71.68259644508362	582	99.6171052631579	
25391219512211.754	62.204	4.0	58.0	30.0	2.4389478706163623	304	285	67	4	58	30	45	4	58	30	525	0	0.2187349796295166	152500	71.90133142471313	582	99.6183606557377	
2.4433807241737897	61.72	4.0	58.0	30.0	2.4389478706163623	305	285	67	4	58	30	45	4	58	30	525	0	0.24998259544372559	153000	72.15131402015686	582	99.61960784313726	
38086829268316.39	59.564	4.0	58.0	30.0	2.4389478706163623	306	285	67	4	58	30	45	4	58	30	525	0	0.2187361717224121	153500	72.37005019187927	582	99.62084690553746	
12695609756107.096	58.86	4.0	58.0	30.0	2.4389478706163623	307	285	67	4	58	30	45	4	58	30	525	0	0.2031104564666748	154000	72.57316064834595	582	99.62207792207792	
12695609756107.096	58.596	4.0	58.0	30.0	2.4389478706163623	308	285	67	4	58	30	45	4	58	30	525	0	0.2187354564666748	154500	72.79189610481262	582	99.62330097087379	
2.4433807241737897	58.156	4.0	58.0	30.0	2.4389478706163623	309	285	67	4	58	30	45	4	58	30	525	0	0.2343587875366211	155000	73.02625489234924	582	99.62451612903226	
2.4433807241737897	58.596	4.0	58.0	30.0	2.4389478706163623	310	285	67	4	58	30	45	4	58	30	525	0	0.2187352180480957	155500	73.24499011039734	582	99.62572347266881	
12695609756107.096	58.2	4.0	58.0	30.0	2.4389478706163623	311	285	67	4	58	30	45	4	58	30	525	0	0.17186427116394043	156000	73.41685438156128	582	99.62692307692308	
2.4433807241737897	57.76	4.0	58.0	30.0	2.4389478706163623	312	285	67	4	58	30	45	4	58	30	525	0	0.2031097412109375	156500	73.61996412277222	582	99.62811501597444	
25391219512211.754	56.308	4.0	58.0	30.0	2.4389478706163623	313	285	67	4	58	30	45	4	58	30	525	0	0.20311188697814941	157000	73.82307600975037	582	99.62929936305733	
50782439024421.05	55.56	4.0	58.0	30.0	2.4389478706163623	314	285	67	4	58	30	45	4	58	30	525	0	0.17186260223388672	157500	73.99493861198425	582	99.63047619047619	
50782439024421.05	56.132	4.0	58.0	30.0	2.4389478706163623	315	285	67	4	58	30	45	4	58	30	525	0	0.17186355590820312	158000	74.16680216789246	582	99.63164556962025	
2.4433807241737897	56.22	4.0	58.0	30.0	2.4389478706163623	316	285	67	4	58	30	45	4	58	30	525	0	0.2031104564666748	158500	74.36991262435913	582	99.63280757097792	
12695609756107.096	55.824	4.0	58.0	30.0	2.4389478706163623	317	285	67	4	58	30	45	4	58	30	525	0	0.21873688697814941	159000	74.58864951133728	582	99.63396226415094	
2.443385351222327	54.152	4.0	58.0	30.0	2.4389478706163623	318	285	67	4	58	30	45	4	58	30	525	0	0.24998116493225098	159500	74.83863067626953	582	99.63510971786833	
12695609756107.096	54.68	4.0	58.0	30.0	2.4389478706163623	319	285	67	4	58	30	45	4	58	30	525	0	0.18748736381530762	160000	75.02611804008484	582	99.63625	
2.4433807241737897	55.076	4.0	58.0	30.0	2.4389478706163623	320	285	67	4	58	30	45	4	58	30	525	0	0.20311260223388672	160500	75.22923064231873	582	99.63738317757009	
38086829268316.39	55.34	4.0	58.0	30.0	2.4389478706163623	321	285	67	4	58	30	45	4	58	30	525	0	0.1874866485595703	161000	75.4167172908783	582	99.63850931677018	
25391219512211.754	55.164	4.0	58.0	30.0	2.4389478706163623	322	285	67	4	58	30	45	4	58	30	525	0	0.249983549118042	161500	75.66670083999634	582	99.63962848297214	
25391219512211.754	55.648	4.0	58.0	30.0	2.4389478706163623	323	285	67	4	58	30	45	4	58	30	525	0	0.28122901916503906	162000	75.94792985916138	582	99.64074074074074	
2.4433807241737897	56.0	4.0	58.0	30.0	2.4389478706163623	324	285	67	4	58	30	45	4	58	30	525	0	0.2031111717224121	162500	76.15104103088379	582	99.64184615384616	
12695609756107.096	56.176	4.0	58.0	30.0	2.4389478706163623	325	285	67	4	58	30	45	4	58	30	525	0	0.18748760223388672	163000	76.33852863311768	582	99.64294478527607	
12695609756107.096	55.912	4.0	58.0	30.0	2.4389478706163623	326	285	67	4	58	30	45	4	58	30	525	0	0.18748736381530762	163500	76.52601599693298	582	99.6440366972477	
38086829268316.39	55.956	4.0	58.0	30.0	2.4389478706163623	327	285	67	4	58	30	45	4	58	30	525	0	0.23436784744262695	164000	76.76038384437561	582	99.64512195121951	
2.4433807241737897	55.56	4.0	58.0	30.0	2.4389478706163623	328	285	67	4	58	30	45	4	58	30	525	0	0.20310139656066895	164500	76.96348524093628	582	99.64620060790274	
2.4433807241737897	56.22	4.0	58.0	30.0	2.4389478706163623	329	285	67	4	58	30	45	4	58	30	525	0	0.24998259544372559	165000	77.21346783638	582	99.64727272727272	
12695609756107.096	54.328	4.0	58.0	30.0	2.4389478706163623	330	285	67	4	58	30	45	4	58	30	525	0	0.2343599796295166	165500	77.44782781600952	582	99.64833836858006	
12695609756107.096	55.252	4.0	58.0	30.0	2.4389478706163623	331	285	67	4	58	30	45	4	58	30	525	0	0.2343580722808838	166000	77.6821858882904	582	99.64939759036145	
2.4433807241737897	54.856	4.0	58.0	30.0	2.4389478706163623	332	285	67	4	58	30	45	4	58	30	525	0	0.2031114101409912	166500	77.8852972984314	582	99.65045045045045	
2.4433807241737897	55.472	4.0	58.0	30.0	2.4389478706163623	333	285	67	4	58	30	45	4	58	30	525	0	0.203110933303833	167000	78.08840823173523	582	99.65149700598802	
2.4433807241737897	54.9	4.0	58.0	30.0	2.4389478706163623	334	285	67	4	58	30	45	4	58	30	525	0	0.2499830722808838	167500	78.33839130401611	582	99.65253731343283	
2.4433807241737897	54.812	4.0	58.0	30.0	2.4389478706163623	335	285	67	4	58	30	45	4	58	30	525	0	0.2343587875366211	168000	78.57275009155273	582	99.65357142857142	
2.4433807241737897	55.076	4.0	58.0	30.0	2.4389478706163623	336	285	67	4	58	30	45	4	58	30	525	0	0.2187349796295166	168500	78.79148507118225	582	99.65459940652819	
2.4433807241737897	53.976	4.0	58.0	30.0	2.4389478706163623	337	285	67	4	58	30	45	4	58	30	525	0	0.18748760223388672	169000	78.97897267341614	582	99.65562130177514	
25391219512211.754	52.656	4.0	58.0	30.0	2.4389478706163623	338	285	67	4	58	30	45	4	58	30	525	0	0.17187285423278809	169500	79.15084552764893	582	99.65663716814159	
2.4433807241737897	53.316	4.0	58.0	30.0	2.4389478706163623	339	285	67	4	58	30	45	4	58	30	525	0	0.23435068130493164	170000	79.38519620895386	582	99.65764705882353	
50782439024421.05	52.832	4.0	58.0	30.0	2.4389478706163623	340	285	67	4	58	30	45	4	58	30	525	0	0.21874308586120605	170500	79.60393929481506	582	99.65865102639296	
2.4433807241737897	53.14	4.0	58.0	30.0	2.4389478706163623	341	285	67	4	58	30	45	4	58	30	525	0	0.18747925758361816	171000	79.79141855239868	582	99.65964912280701	
50782439024421.05	52.48	4.0	58.0	30.0	2.4389478706163623	342	285	67	4	58	30	45	4	58	30	525	0	0.2031097412109375	171500	79.99452829360962	582	99.6606413994169	
38086829268316.39	53.36	4.0	58.0	30.0	2.4389478706163623	343	285	67	4	58	30	45	4	58	30	525	0	0.2031104564666748	172000	80.1976387500763	582	99.66162790697675	
2.4433807241737897	53.844	4.0	58.0	30.0	2.4389478706163623	344	285	67	4	58	30	45	4	58	30	525	0	0.203110933303833	172500	80.40074968338013	582	99.66260869565217	
2.4433807241737897	52.436	4.0	58.0	30.0	2.4389478706163623	345	285	67	4	58	30	45	4	58	30	525	0	0.18748760223388672	173000	80.58823728561401	582	99.6635838150289	
12695609756107.096	52.348	4.0	58.0	30.0	2.4389478706163623	346	285	67	4	58	30	45	4	58	30	525	0	0.2499833106994629	173500	80.83822059631348	582	99.66455331412104	
2.443385351222327	52.392	4.0	58.0	30.0	2.4389478706163623	347	285	67	4	58	30	45	4	58	30	525	0	0.18748688697814941	174000	81.02570748329163	582	99.6655172413793	
2.4433807241737897	51.908	4.0	58.0	30.0	2.4389478706163623	348	285	67	4	58	30	45	4	58	30	525	0	0.18748879432678223	174500	81.21319627761841	582	99.66647564469913	
12695609756107.096	50.94	4.0	58.0	30.0	2.4389478706163623	349	285	67	4	58	30	45	4	58	30	525	0	0.2031106948852539	175000	81.41630697250366	582	99.66742857142857	
2.4433807241737897	50.984	4.0	58.0	30.0	2.4389478706163623	350	285	67	4	58	30	45	4	58	30	525	0	0.1874861717224121	175500	81.60379314422607	582	99.66837606837606	
12695609756107.096	50.852	4.0	58.0	30.0	2.4389478706163623	351	285	67	4	58	30	45	4	58	30	525	0	0.20311236381530762	176000	81.80690550804138	582	99.66931818181818	
25391219512211.754	51.38	4.0	58.0	30.0	2.4389478706163623	352	285	67	4	58	30	45	4	58	30	525	0	0.2187349796295166	176500	82.0256404876709	582	99.67025495750708	
12695609756107.096	51.072	4.0	58.0	30.0	2.4389478706163623	353	285	67	4	58	30	45	4	58	30	525	0	0.2187342643737793	177000	82.24437475204468	582	99.67118644067797	
2.4433807241737897	50.412	4.0	58.0	30.0	2.4389478706163623	354	285	67	4	58	30	45	4	58	30	525	0	0.2343583106994629	177500	82.47873306274414	582	99.67211267605634	
2.4433807241737897	50.72	4.0	58.0	30.0	2.4389478706163623	355	285	67	4	58	30	45	4	58	30	525	0	0.24998259544372559	178000	82.72871565818787	582	99.67303370786517	
25391219512211.754	51.16	4.0	58.0	30.0	2.4389478706163623	356	285	67	4	58	30	45	4	58	30	525	0	0.2031114101409912	178500	82.93182706832886	582	99.67394957983193	
2.4433807241737897	50.632	4.0	58.0	30.0	2.4389478706163623	357	285	67	4	58	30	45	4	58	30	525	0	0.2343590259552002	179000	83.16618609428406	582	99.67486033519553	
76173658536630.39	50.412	4.0	58.0	30.0	2.4389478706163623	358	285	67	4	58	30	45	4	58	30	525	0	0.2343602180480957	179500	83.40054631233215	582	99.6757660167131	
12695609756107.096	50.5	4.0	58.0	30.0	2.4389478706163623	359	285	67	4	58	30	45	4	58	30	525	0	0.2031104564666748	180000	83.60365676879883	582	99.67666666666666	
2.4433807241737897	50.94	4.0	58.0	30.0	2.4389478706163623	360	285	67	4	58	30	45	4	58	30	525	0	0.2031104564666748	180500	83.8067672252655	582	99.6775623268698	
63478048780525.695	50.94	4.0	58.0	30.0	2.4389478706163623	361	285	67	4	58	30	45	4	58	30	525	0	0.2187352180480957	181000	84.0255024433136	582	99.67845303867404	
2.4433807241737897	50.764	4.0	58.0	30.0	2.4389478706163623	362	285	67	4	58	30	45	4	58	30	525	0	0.15623903274536133	181500	84.18174147605896	582	99.67933884297521	
76173658536630.39	50.148	4.0	58.0	30.0	2.4389478706163623	363	285	67	4	58	30	45	4	58	30	525	0	0.2187356948852539	182000	84.40047717094421	582	99.68021978021979	
2.443385351222327	50.808	4.0	58.0	30.0	2.4389478706163623	364	285	67	4	58	30	45	4	58	30	525	0	0.24999213218688965	182500	84.6504693031311	582	99.68109589041096	
2.4433807241737897	51.512	4.0	58.0	30.0	2.4389478706163623	365	285	67	4	58	30	45	4	58	30	525	0	0.20310258865356445	183000	84.85357189178467	582	99.68196721311476	
12695609756107.096	51.336	4.0	58.0	30.0	2.4389478706163623	366	285	67	4	58	30	45	4	58	30	525	0	0.2031114101409912	183500	85.05668330192566	582	99.68283378746594	
12695609756107.096	52.568	4.0	58.0	30.0	2.4389478706163623	367	285	67	4	58	30	45	4	58	30	525	0	0.1874861717224121	184000	85.24416947364807	582	99.68369565217391	
2.4433807241737897	52.128	4.0	58.0	30.0	2.4389478706163623	368	285	67	4	58	30	45	4	58	30	525	0	0.23436784744262695	184500	85.4785373210907	582	99.68455284552846	
2.4433807241737897	52.48	4.0	58.0	30.0	2.4389478706163623	369	285	67	4	58	30	45	4	58	30	525	0	0.18747758865356445	185000	85.66601490974426	582	99.6854054054054	
38086829268316.39	53.844	4.0	58.0	30.0	2.4389478706163623	370	285	67	4	58	30	45	4	58	30	525	0	0.2031114101409912	185500	85.86912631988525	582	99.68625336927224	
12695609756107.096	54.064	4.0	58.0	30.0	2.4389478706163623	371	285	67	4	58	30	45	4	58	30	525	0	0.2343592643737793	186000	86.10348558425903	582	99.68709677419355	
25391219512211.754	54.108	4.0	58.0	30.0	2.4389478706163623	372	285	67	4	58	30	45	4	58	30	525	0	0.1874864101409912	186500	86.29097199440002	582	99.68793565683646	
2.4433807241737897	54.636	4.0	58.0	30.0	2.4389478706163623	373	285	67	4	58	30	45	4	58	30	525	0	0.2031116485595703	187000	86.4940836429596	582	99.68877005347593	
2.443385351222327	55.208	4.0	58.0	30.0	2.4389478706163623	374	285	67	4	58	30	45	4	58	30	525	0	0.2031106948852539	187500	86.69719433784485	582	99.6896	
12695609756107.096	55.648	4.0	58.0	30.0	2.4389478706163623	375	285	67	4	58	30	45	4	58	30	525	0	0.2343602180480957	188000	86.93155455589294	582	99.6904255319149	
12695609756107.096	55.428	4.0	58.0	30.0	2.4389478706163623	376	285	67	4	58	30	45	4	58	30	525	0	0.2656059265136719	188500	87.19716048240662	582	99.69124668435013	
12695609756107.096	55.296	4.0	58.0	30.0	2.4389478706163623	377	285	67	4	58	30	45	4	58	30	525	0	0.234358549118042	189000	87.43151903152466	582	99.6920634920635	
2.4433807241737897	55.956	4.0	58.0	30.0	2.4389478706163623	378	285	67	4	58	30	45	4	58	30	525	0	0.18748712539672852	189500	87.61900615692139	582	99.69287598944591	
12695609756107.096	56.572	4.0	58.0	30.0	2.4389478706163623	379	285	67	4	58	30	45	4	58	30	525	0	0.17186498641967773	190000	87.79087114334106	582	99.69368421052631	
63478048780525.695	56.044	4.0	58.0	30.0	2.4389478706163623	380	285	67	4	58	30	45	4	58	30	525	0	0.17186284065246582	190500	87.96273398399353	582	99.69448818897638	
2.4433807241737897	56.264	4.0	58.0	30.0	2.4389478706163623	381	285	67	4	58	30	45	4	58	30	525	0	0.17186355590820312	191000	88.13459753990173	582	99.69528795811519	
2.4433807241737897	55.384	4.0	58.0	30.0	2.4389478706163623	382	285	67	4	58	30	45	4	58	30	525	0	0.203110933303833	191500	88.33770847320557	582	99.69608355091384	
25391219512211.754	54.856	4.0	58.0	30.0	2.4389478706163623	383	285	67	4	58	30	45	4	58	30	525	0	0.18748736381530762	192000	88.52519583702087	582	99.696875	
50782439024421.05	55.868	4.0	58.0	30.0	2.4389478706163623	384	285	67	4	58	30	45	4	58	30	525	0	0.187485933303833	192500	88.7126817703247	582	99.69766233766234	
2.4433807241737897	55.956	4.0	58.0	30.0	2.4389478706163623	385	285	67	4	58	30	45	4	58	30	525	0	0.2343590259552002	193000	88.94704079627991	582	99.69844559585492	
12695609756107.096	56.924	4.0	58.0	30.0	2.4389478706163623	386	285	67	4	58	30	45	4	58	30	525	0	0.18748712539672852	193500	89.13452792167664	582	99.69922480620156	
2.443385351222327	57.32	4.0	58.0	30.0	2.4389478706163623	387	285	67	4	58	30	45	4	58	30	525	0	0.2187345027923584	194000	89.353262424469	582	99.7	
25391219512211.754	57.056	4.0	58.0	30.0	2.4389478706163623	388	285	67	4	58	30	45	4	58	30	525	0	0.2031116485595703	194500	89.55637407302856	582	99.70077120822621	
2.4433807241737897	58.2	4.0	58.0	30.0	2.4389478706163623	389	285	67	4	58	30	45	4	58	30	525	0	0.2499828338623047	195000	89.80635690689087	582	99.70153846153846	
38086829268316.39	58.112	4.0	58.0	30.0	2.4389478706163623	390	285	67	4	58	30	45	4	58	30	525	0	0.20311212539672852	195500	90.0094690322876	582	99.70230179028133	
2.4433807241737897	58.948	4.0	58.0	30.0	2.4389478706163623	391	285	67	4	58	30	45	4	58	30	525	0	0.17186379432678223	196000	90.18133282661438	582	99.7030612244898	
38086829268316.39	58.42	4.0	58.0	30.0	2.4389478706163623	392	285	67	4	58	30	45	4	58	30	525	0	0.2187333106994629	196500	90.40006613731384	582	99.70381679389313	
12695609756107.096	58.904	4.0	58.0	30.0	2.4389478706163623	393	285	67	4	58	30	45	4	58	30	525	0	0.2499840259552002	197000	90.65005016326904	582	99.70456852791878	
2.4433807241737897	57.936	4.0	58.0	30.0	2.4389478706163623	394	285	67	4	58	30	45	4	58	30	525	0	0.2343597412109375	197500	90.88440990447998	582	99.7053164556962	
88869268292735.03	58.244	4.0	58.0	30.0	2.4389478706163623	395	285	67	4	58	30	45	4	58	30	525	0	0.2187330722808838	198000	91.10314297676086	582	99.7060606060606	
12695609756107.096	59.168	4.0	58.0	30.0	2.4389478706163623	396	285	67	4	58	30	45	4	58	30	525	0	0.2812306880950928	198500	91.38437366485596	582	99.70680100755668	
2.443385351222327	59.168	4.0	58.0	30.0	2.4389478706163623	397	285	67	4	58	30	45	4	58	30	525	0	0.18748784065246582	199000	91.57186150550842	582	99.70753768844222	
2.4433807241737897	59.564	4.0	58.0	30.0	2.4389478706163623	398	285	67	4	58	30	45	4	58	30	525	0	0.203110933303833	199500	91.77497243881226	582	99.70827067669173	
12695609756107.096	59.476	4.0	58.0	30.0	2.4389478706163623	399	285	67	4	58	30	45	4	58	30	525	0	0.2499828338623047	200000	92.02495527267456	582	99.709	
12695609756107.096	60.18	4.0	58.0	30.0	2.4389478706163623	400	285	67	4	58	30	45	4	58	30	525	0	0.18748736381530762	200500	92.21244263648987	582	99.70972568578554	
2.4433807241737897	60.356	4.0	58.0	30.0	2.4389478706163623	401	285	67	4	58	30	45	4	58	30	525	0	0.234358549118042	201000	92.44680118560791	582	99.71044776119403	
2.4433807241737897	59.916	4.0	58.0	30.0	2.4389478706163623	402	285	67	4	58	30	45	4	58	30	525	0	0.20311188697814941	201500	92.64991307258606	582	99.71116625310174	
2.4433807241737897	60.884	4.0	58.0	30.0	2.4389478706163623	403	285	67	4	58	30	45	4	58	30	525	0	0.24998188018798828	202000	92.89989495277405	582	99.71188118811881	
63478048780525.695	60.708	4.0	58.0	30.0	2.4389478706163623	404	285	67	4	58	30	45	4	58	30	525	0	0.18748784065246582	202500	93.08738279342651	582	99.71259259259259	
2.4433807241737897	61.016	4.0	58.0	30.0	2.4389478706163623	405	285	67	4	58	30	45	4	58	30	525	0	0.15624022483825684	203000	93.24362301826477	582	99.71330049261084	
2.4433807241737897	61.28	4.0	58.0	30.0	2.4389478706163623	406	285	67	4	58	30	45	4	58	30	525	0	0.24998259544372559	203500	93.4936056137085	582	99.71400491400492	
2.4433807241737897	61.412	4.0	58.0	30.0	2.4389478706163623	407	285	67	4	58	30	45	4	58	30	525	0	0.18748712539672852	204000	93.68109273910522	582	99.71470588235294	
2.4433807241737897	61.412	4.0	58.0	30.0	2.4389478706163623	408	285	67	4	58	30	45	4	58	30	525	0	0.15623831748962402	204500	93.83733105659485	582	99.71540342298289	
25391219512211.754	61.06	4.0	58.0	30.0	2.4389478706163623	409	285	67	4	58	30	45	4	58	30	525	0	0.2499828338623047	205000	94.08731389045715	582	99.71609756097561	
2.4433807241737897	61.5	4.0	58.0	30.0	2.4389478706163623	410	285	67	4	58	30	45	4	58	30	525	0	0.18748831748962402	205500	94.27480220794678	582	99.71678832116788	
2.443385351222327	61.896	4.0	58.0	30.0	2.4389478706163623	411	285	67	4	58	30	45	4	58	30	525	0	0.1874861717224121	206000	94.46228837966919	582	99.71747572815534	
12695609756107.096	62.864	4.0	58.0	30.0	2.4389478706163623	412	285	67	4	58	30	45	4	58	30	525	0	0.17186427116394043	206500	94.63415265083313	582	99.7181598062954	
2.443385351222327	62.072	4.0	58.0	30.0	2.4389478706163623	413	285	67	4	58	30	45	4	58	30	525	0	0.2187356948852539	207000	94.85288834571838	582	99.71884057971015	
25391219512211.754	62.028	4.0	58.0	30.0	2.4389478706163623	414	285	67	4	58	30	45	4	58	30	525	0	0.18748712539672852	207500	95.04037547111511	582	99.71951807228916	
38086829268316.39	62.424	4.0	58.0	30.0	2.4389478706163623	415	285	67	4	58	30	45	4	58	30	525	0	0.1874854564666748	208000	95.22786092758179	582	99.7201923076923	
12695609756107.096	62.512	4.0	58.0	30.0	2.4389478706163623	416	285	67	4	58	30	45	4	58	30	525	0	0.2499828338623047	208500	95.47784376144409	582	99.72086330935252	
2.4433807241737897	62.336	4.0	58.0	30.0	2.4389478706163623	417	285	67	4	58	30	45	4	58	30	525	0	0.2656071186065674	209000	95.74345088005066	582	99.72153110047847	
2.4433807241737897	61.324	4.0	58.0	30.0	2.4389478706163623	418	285	67	4	58	30	45	4	58	30	525	0	0.2187347412109375	209500	95.9621856212616	582	99.72219570405728	
2.4433807241737897	61.808	4.0	58.0	30.0	2.4389478706163623	419	285	67	4	58	30	45	4	58	30	525	0	0.2343590259552002	210000	96.1965446472168	582	99.72285714285714	
2.4433807241737897	62.644	4.0	58.0	30.0	2.4389478706163623	420	285	67	4	58	30	45	4	58	30	525	0	0.2343587875366211	210500	96.43090343475342	582	99.72351543942993	
2.4433807241737897	62.336	4.0	58.0	30.0	2.4389478706163623	421	285	67	4	58	30	45	4	58	30	525	0	0.2343590259552002	211000	96.66526246070862	582	99.72417061611374	
2.443385351222327	61.984	4.0	58.0	30.0	2.4389478706163623	422	285	67	4	58	30	45	4	58	30	525	0	0.2031111717224121	211500	96.86837363243103	582	99.72482269503546	
12695609756107.096	63.04	4.0	58.0	30.0	2.4389478706163623	423	285	67	4	58	30	45	4	58	30	525	0	0.2187352180480957	212000	97.08710885047913	582	99.72547169811321	
63478048780525.695	62.028	4.0	58.0	30.0	2.4389478706163623	424	285	67	4	58	30	45	4	58	30	525	0	0.24998259544372559	212500	97.33709144592285	582	99.72611764705883	
38086829268316.39	62.556	4.0	58.0	30.0	2.4389478706163623	425	285	67	4	58	30	45	4	58	30	525	0	0.2499828338623047	213000	97.58707427978516	582	99.72676056338028	
2.4433807241737897	63.392	4.0	58.0	30.0	2.4389478706163623	426	285	67	4	58	30	45	4	58	30	525	0	0.2499840259552002	213500	97.83705830574036	582	99.72740046838408	
38086829268316.39	63.612	4.0	58.0	30.0	2.4389478706163623	427	285	67	4	58	30	45	4	58	30	525	0	0.17186284065246582	214000	98.00892114639282	582	99.72803738317756	
12695609756107.096	63.612	4.0	58.0	30.0	2.4389478706163623	428	285	67	4	58	30	45	4	58	30	525	0	0.24998211860656738	214500	98.25890326499939	582	99.72867132867133	
25391219512211.754	63.964	4.0	58.0	30.0	2.4389478706163623	429	285	67	4	58	30	45	4	58	30	525	0	0.2343592643737793	215000	98.49326252937317	582	99.7293023255814	
2.4433807241737897	64.36	4.0	58.0	30.0	2.4389478706163623	430	285	67	4	58	30	45	4	58	30	525	0	0.18748903274536133	215500	98.68075156211853	582	99.72993039443155	
38086829268316.39	64.448	4.0	58.0	30.0	2.4389478706163623	431	285	67	4	58	30	45	4	58	30	525	0	0.24998116493225098	216000	98.93073272705078	582	99.73055555555555	
88869268292735.03	63.92	4.0	58.0	30.0	2.4389478706163623	432	285	67	4	58	30	45	4	58	30	525	0	0.2187352180480957	216500	99.14946794509888	582	99.73117782909931	
12695609756107.096	63.216	4.0	58.0	30.0	2.4389478706163623	433	285	67	4	58	30	45	4	58	30	525	0	0.2187356948852539	217000	99.36820363998413	582	99.73179723502304	
2.4433807241737897	63.964	4.0	58.0	30.0	2.4389478706163623	434	285	67	4	58	30	45	4	58	30	525	0	0.2343580722808838	217500	99.60256171226501	582	99.73241379310345	
2.4433807241737897	63.216	4.0	58.0	30.0	2.4389478706163623	435	285	67	4	58	30	45	4	58	30	525	0	0.18748807907104492	218000	99.79004979133606	582	99.73302752293579	
2.4433807241737897	63.7	4.0	58.0	30.0	2.4389478706163623	436	285	67	4	58	30	45	4	58	30	525	0	0.2187349796295166	218500	100.00878477096558	582	99.73363844393593	
2.4433807241737897	63.876	4.0	58.0	30.0	2.4389478706163623	437	285	67	4	58	30	45	4	58	30	525	0	0.20311236381530762	219000	100.21189713478088	582	99.73424657534247	
12695609756107.096	64.8	4.0	58.0	30.0	2.4389478706163623	438	285	67	4	58	30	45	4	58	30	525	0	0.18748831748962402	219500	100.39938545227051	582	99.73485193621867	
12695609756107.096	65.152	4.0	58.0	30.0	2.4389478706163623	439	285	67	4	58	30	45	4	58	30	525	0	0.249983549118042	220000	100.64936900138855	582	99.73545454545454	
2.4433807241737897	65.372	4.0	58.0	30.0	2.4389478706163623	440	285	67	4	58	30	45	4	58	30	525	0	0.17186260223388672	220500	100.82123160362244	582	99.73605442176871	
50782439024421.05	65.196	4.0	58.0	30.0	2.4389478706163623	441	285	67	4	58	30	45	4	58	30	525	0	0.2343580722808838	221000	101.05558967590332	582	99.73665158371041	
50782439024421.05	65.064	4.0	58.0	30.0	2.4389478706163623	442	285	67	4	58	30	45	4	58	30	525	0	0.18748807907104492	221500	101.24307775497437	582	99.7372460496614	
12695609756107.096	65.328	4.0	58.0	30.0	2.4389478706163623	443	285	67	4	58	30	45	4	58	30	525	0	0.24998068809509277	222000	101.49305844306946	582	99.73783783783784	
2.4433807241737897	65.24	4.0	58.0	30.0	2.4389478706163623	444	285	67	4	58	30	45	4	58	30	525	0	0.18748807907104492	222500	101.6805465221405	582	99.73842696629214	
12695609756107.096	65.064	4.0	58.0	30.0	2.4389478706163623	445	285	67	4	58	30	45	4	58	30	525	0	0.2031104564666748	223000	101.88365697860718	582	99.7390134529148	
2.4433807241737897	65.46	4.0	58.0	30.0	2.4389478706163623	446	285	67	4	58	30	45	4	58	30	525	0	0.18748736381530762	223500	102.07114434242249	582	99.73959731543624	
2.4433807241737897	65.636	4.0	58.0	30.0	2.4389478706163623	447	285	67	4	58	30	45	4	58	30	525	0	0.17186307907104492	224000	102.24300742149353	582	99.74017857142857	
76173658536630.39	65.812	4.0	58.0	30.0	2.4389478706163623	448	285	67	4	58	30	45	4	58	30	525	0	0.265608549118042	224500	102.50861597061157	582	99.74075723830735	
12695609756107.096	65.46	4.0	58.0	30.0	2.4389478706163623	449	285	67	4	58	30	45	4	58	30	525	0	0.2187347412109375	225000	102.72735071182251	582	99.74133333333333	
2.4433807241737897	65.592	4.0	58.0	30.0	2.4389478706163623	450	285	67	4	58	30	45	4	58	30	525	0	0.1874861717224121	225500	102.91483688354492	582	99.74190687361418	
50782439024421.05	65.856	4.0	58.0	30.0	2.4389478706163623	451	285	67	4	58	30	45	4	58	30	525	0	0.203110933303833	226000	103.11794781684875	582	99.7424778761062	
25391219512211.754	65.416	4.0	58.0	30.0	2.4389478706163623	452	285	67	4	58	30	45	4	58	30	525	0	0.2187340259552002	226500	103.33668184280396	582	99.7430463576159	
2.4433807241737897	65.152	4.0	58.0	30.0	2.4389478706163623	453	285	67	4	58	30	45	4	58	30	525	0	0.18748688697814941	227000	103.5241687297821	582	99.74361233480177	
12695609756107.096	64.8	4.0	58.0	30.0	2.4389478706163623	454	285	67	4	58	30	45	4	58	30	525	0	0.18748855590820312	227500	103.71165728569031	582	99.74417582417583	
12695609756107.096	64.536	4.0	58.0	30.0	2.4389478706163623	455	285	67	4	58	30	45	4	58	30	525	0	0.15623807907104492	228000	103.86789536476135	582	99.74473684210527	
12695609756107.096	64.448	4.0	58.0	30.0	2.4389478706163623	456	285	67	4	58	30	45	4	58	30	525	0	0.15624022483825684	228500	104.02413558959961	582	99.745295404814	
38086829268316.39	64.052	4.0	58.0	30.0	2.4389478706163623	457	285	67	4	58	30	45	4	58	30	525	0	0.2031095027923584	229000	104.22724509239197	582	99.74585152838428	
38086829268316.39	63.612	4.0	58.0	30.0	2.4389478706163623	458	285	67	4	58	30	45	4	58	30	525	0	0.2343595027923584	229500	104.46160459518433	582	99.74640522875816	
12695609756107.096	63.788	4.0	58.0	30.0	2.4389478706163623	459	285	67	4	58	30	45	4	58	30	525	0	0.2187352180480957	230000	104.68033981323242	582	99.74695652173914	
38086829268316.39	64.008	4.0	58.0	30.0	2.4389478706163623	460	285	67	4	58	30	45	4	58	30	525	0	0.17186379432678223	230500	104.8522036075592	582	99.7475054229935	
2.4433807241737897	63.7	4.0	58.0	30.0	2.4389478706163623	461	285	67	4	58	30	45	4	58	30	525	0	0.18749141693115234	231000	105.03969502449036	582	99.74805194805195	
2.4433807241737897	63.48	4.0	58.0	30.0	2.4389478706163623	462	285	67	4	58	30	45	4	58	30	525	0	0.18748211860656738	231500	105.22717714309692	582	99.74859611231102	
152347317073258.28	63.744	4.0	58.0	30.0	2.4389478706163623	463	285	67	4	58	30	45	4	58	30	525	0	0.2031111717224121	232000	105.43028831481934	582	99.74913793103448	
2.443385351222327	64.272	4.0	58.0	30.0	2.4389478706163623	464	285	67	4	58	30	45	4	58	30	525	0	0.2343599796295166	232500	105.66464829444885	582	99.74967741935484	
12695609756107.096	64.8	4.0	58.0	30.0	2.4389478706163623	465	285	67	4	58	30	45	4	58	30	525	0	0.2499833106994629	233000	105.91463160514832	582	99.75021459227467	
50782439024421.05	64.008	4.0	58.0	30.0	2.4389478706163623	466	285	67	4	58	30	45	4	58	30	525	0	0.28122949600219727	233500	106.19586110115051	582	99.75074946466809	
2.4433807241737897	63.612	4.0	58.0	30.0	2.4389478706163623	467	285	67	4	58	30	45	4	58	30	525	0	0.18748688697814941	234000	106.38334798812866	582	99.75128205128205	
25391219512211.754	63.392	4.0	58.0	30.0	2.4389478706163623	468	285	67	4	58	30	45	4	58	30	525	0	0.18749022483825684	234500	106.57083821296692	582	99.75181236673774	
12695609756107.096	63.216	4.0	58.0	30.0	2.4389478706163623	469	285	67	4	58	30	45	4	58	30	525	0	0.2031080722808838	235000	106.7739462852478	582	99.75234042553191	
12695609756107.096	63.216	4.0	58.0	30.0	2.4389478706163623	470	285	67	4	58	30	45	4	58	30	525	0	0.2187356948852539	235500	106.99268198013306	582	99.75286624203822	
50782439024421.05	63.304	4.0	58.0	30.0	2.4389478706163623	471	285	67	4	58	30	45	4	58	30	525	0	0.17186403274536133	236000	107.16454601287842	582	99.75338983050847	
12695609756107.096	62.776	4.0	58.0	30.0	2.4389478706163623	472	285	67	4	58	30	45	4	58	30	525	0	0.1874866485595703	236500	107.35203266143799	582	99.75391120507399	
12695609756107.096	62.644	4.0	58.0	30.0	2.4389478706163623	473	285	67	4	58	30	45	4	58	30	525	0	0.1874864101409912	237000	107.53951907157898	582	99.75443037974684	
50782439024421.05	63.216	4.0	58.0	30.0	2.4389478706163623	474	285	67	4	58	30	45	4	58	30	525	0	0.203110933303833	237500	107.74263000488281	582	99.75494736842106	
12695609756107.096	64.052	4.0	58.0	30.0	2.4389478706163623	475	285	67	4	58	30	45	4	58	30	525	0	0.21874499320983887	238000	107.96137499809265	582	99.75546218487395	
12695609756107.096	64.228	4.0	58.0	30.0	2.4389478706163623	476	285	67	4	58	30	45	4	58	30	525	0	0.18747639656066895	238500	108.14885139465332	582	99.7559748427673	
25391219512211.754	64.976	4.0	58.0	30.0	2.4389478706163623	477	285	67	4	58	30	45	4	58	30	525	0	0.17186427116394043	239000	108.32071566581726	582	99.75648535564854	
50782439024421.05	65.592	4.0	58.0	30.0	2.4389478706163623	478	285	67	4	58	30	45	4	58	30	525	0	0.20311236381530762	239500	108.52382802963257	582	99.75699373695198	
38086829268316.39	65.24	4.0	58.0	30.0	2.4389478706163623	479	285	67	4	58	30	45	4	58	30	525	0	0.2187333106994629	240000	108.74256134033203	582	99.7575	
12695609756107.096	64.668	4.0	58.0	30.0	2.4389478706163623	480	285	67	4	58	30	45	4	58	30	525	0	0.2187354564666748	240500	108.9612967967987	582	99.75800415800416	
2.4433807241737897	64.8	4.0	58.0	30.0	2.4389478706163623	481	285	67	4	58	30	45	4	58	30	525	0	0.2187347412109375	241000	109.18003153800964	582	99.7585062240664	
12695609756107.096	65.196	4.0	58.0	30.0	2.4389478706163623	482	285	67	4	58	30	45	4	58	30	525	0	0.20311236381530762	241500	109.38314390182495	582	99.75900621118012	
2.4433807241737897	65.812	4.0	58.0	30.0	2.4389478706163623	483	285	67	4	58	30	45	4	58	30	525	0	0.2343580722808838	242000	109.61750197410583	582	99.7595041322314	
2.4433807241737897	65.856	4.0	58.0	30.0	2.4389478706163623	484	285	67	4	58	30	45	4	58	30	525	0	0.2343595027923584	242500	109.8518614768982	582	99.76	
2.4433807241737897	66.076	4.0	58.0	30.0	2.4389478706163623	485	285	67	4	58	30	45	4	58	30	525	0	0.2343590259552002	243000	110.0862205028534	582	99.76049382716049	
12695609756107.096	66.296	4.0	58.0	30.0	2.4389478706163623	486	285	67	4	58	30	45	4	58	30	525	0	0.234358549118042	243500	110.32057905197144	582	99.76098562628337	
2.4433807241737897	66.296	4.0	58.0	30.0	2.4389478706163623	487	285	67	4	58	30	45	4	58	30	525	0	0.21874427795410156	244000	110.53932332992554	582	99.76147540983607	
12695609756107.096	66.384	4.0	58.0	30.0	2.4389478706163623	488	285	67	4	58	30	45	4	58	30	525	0	0.21872711181640625	244500	110.75805044174194	582	99.76196319018405	
2.4433807241737897	66.34	4.0	58.0	30.0	2.4389478706163623	489	285	67	4	58	30	45	4	58	30	525	0	0.2187337875366211	245000	110.97678422927856	582	99.76244897959184	
2.4433807241737897	66.428	4.0	58.0	30.0	2.4389478706163623	490	285	67	4	58	30	45	4	58	30	525	0	0.20311188697814941	245500	111.17989611625671	582	99.76293279022403	
25391219512211.754	66.164	4.0	58.0	30.0	2.4389478706163623	491	285	67	4	58	30	45	4	58	30	525	0	0.23435735702514648	246000	111.41425347328186	582	99.76341463414634	
12695609756107.096	66.164	4.0	58.0	30.0	2.4389478706163623	492	285	67	4	58	30	45	4	58	30	525	0	0.2343606948852539	246500	111.64861416816711	582	99.76389452332657	
25391219512211.754	65.68	4.0	58.0	30.0	2.4389478706163623	493	285	67	4	58	30	45	4	58	30	525	0	0.23435759544372559	247000	111.88297176361084	582	99.76437246963563	
2.4433807241737897	65.636	4.0	58.0	30.0	2.4389478706163623	494	285	67	4	58	30	45	4	58	30	525	0	0.203110933303833	247500	112.08608269691467	582	99.76484848484849	
38086829268316.39	65.416	4.0	58.0	30.0	2.4389478706163623	495	285	67	4	58	30	45	4	58	30	525	0	0.18748712539672852	248000	112.2735698223114	582	99.76532258064516	
2.4433807241737897	65.24	4.0	58.0	30.0	2.4389478706163623	496	285	67	4	58	30	45	4	58	30	525	0	0.17186498641967773	248500	112.44543480873108	582	99.76579476861167	
25391219512211.754	64.756	4.0	58.0	30.0	2.4389478706163623	497	285	67	4	58	30	45	4	58	30	525	0	0.2343590259552002	249000	112.67979383468628	582	99.76626506024097	
25391219512211.754	64.184	4.0	58.0	30.0	2.4389478706163623	498	285	67	4	58	30	45	4	58	30	525	0	0.2031111717224121	249500	112.88290500640869	582	99.76673346693387	
12695609756107.096	64.228	4.0	58.0	30.0	2.4389478706163623	499	285	67	4	58	30	45	4	58	30	525	0	0.21874308586120605	250000	113.1016480922699	582	99.7672	
2.443385351222327	64.14	4.0	58.0	30.0	2.4389478706163623	500	285	67	4	58	30	45	4	58	30	525	0	0.23434901237487793	250500	113.33599710464478	582	99.76766467065869	
2.443385351222327	64.228	4.0	58.0	30.0	2.4389478706163623	501	285	67	4	58	30	45	4	58	30	525	0	0.2187352180480957	251000	113.55473232269287	582	99.76812749003984	
2.4433807241737897	63.524	4.0	58.0	30.0	2.4389478706163623	502	285	67	4	58	30	45	4	58	30	525	0	0.20311188697814941	251500	113.75784420967102	582	99.76858846918489	
2.443385351222327	63.524	4.0	58.0	30.0	2.4389478706163623	503	285	67	4	58	30	45	4	58	30	525	0	0.2187349796295166	252000	113.97657918930054	582	99.76904761904763	
2.4433807241737897	63.084	4.0	58.0	30.0	2.4389478706163623	504	285	67	4	58	30	45	4	58	30	525	0	0.2187342643737793	252500	114.19531345367432	582	99.76950495049505	
2.4433807241737897	63.612	4.0	58.0	30.0	2.4389478706163623	505	285	67	4	58	30	45	4	58	30	525	0	0.20311212539672852	253000	114.39842557907104	582	99.7699604743083	
2.443385351222327	64.272	4.0	58.0	30.0	2.4389478706163623	506	285	67	4	58	30	45	4	58	30	525	0	0.17186331748962402	253500	114.57028889656067	582	99.77041420118343	
12695609756107.096	64.624	4.0	58.0	30.0	2.4389478706163623	507	285	67	4	58	30	45	4	58	30	525	0	0.203110933303833	254000	114.7733998298645	582	99.77086614173228	
2.4433807241737897	64.844	4.0	58.0	30.0	2.4389478706163623	508	285	67	4	58	30	45	4	58	30	525	0	0.17186403274536133	254500	114.94526386260986	582	99.7713163064833	
2.443385351222327	64.756	4.0	58.0	30.0	2.4389478706163623	509	285	67	4	58	30	45	4	58	30	525	0	0.23435735702514648	255000	115.17962121963501	582	99.77176470588235	
2.443385351222327	63.832	4.0	58.0	30.0	2.4389478706163623	510	285	67	4	58	30	45	4	58	30	525	0	0.2343587875366211	255500	115.41398000717163	582	99.77221135029355	
63478048780525.695	63.612	4.0	58.0	30.0	2.4389478706163623	511	285	67	4	58	30	45	4	58	30	525	0	0.2187352180480957	256000	115.63271522521973	582	99.77265625	
2.4433807241737897	63.128	4.0	58.0	30.0	2.4389478706163623	512	285	67	4	58	30	45	4	58	30	525	0	0.15624070167541504	256500	115.78895592689514	582	99.77309941520468	
25391219512211.754	63.832	4.0	58.0	30.0	2.4389478706163623	513	285	67	4	58	30	45	4	58	30	525	0	0.2031095027923584	257000	115.9920654296875	582	99.77354085603113	
2.4433807241737897	64.184	4.0	58.0	30.0	2.4389478706163623	514	285	67	4	58	30	45	4	58	30	525	0	0.17186403274536133	257500	116.16392946243286	582	99.77398058252427	
2.4433807241737897	64.184	4.0	58.0	30.0	2.4389478706163623	515	285	67	4	58	30	45	4	58	30	525	0	0.17186284065246582	258000	116.33579230308533	582	99.77441860465116	
12695609756107.096	63.832	4.0	58.0	30.0	2.4389478706163623	516	285	67	4	58	30	45	4	58	30	525	0	0.15623903274536133	258500	116.49203133583069	582	99.77485493230174	
63478048780525.695	64.14	4.0	58.0	30.0	2.4389478706163623	517	285	67	4	58	30	45	4	58	30	525	0	0.2343604564666748	259000	116.72639179229736	582	99.77528957528958	
2.4433807241737897	63.876	4.0	58.0	30.0	2.4389478706163623	518	285	67	4	58	30	45	4	58	30	525	0	0.2187333106994629	259500	116.94512510299683	582	99.7757225433526	
12695609756107.096	63.128	4.0	58.0	30.0	2.4389478706163623	519	285	67	4	58	30	45	4	58	30	525	0	0.2031111717224121	260000	117.14823627471924	582	99.77615384615385	
2.4433807241737897	63.7	4.0	58.0	30.0	2.4389478706163623	520	285	67	4	58	30	45	4	58	30	525	0	0.2343592643737793	260500	117.38259553909302	582	99.77658349328215	
12695609756107.096	63.524	4.0	58.0	30.0	2.4389478706163623	521	285	67	4	58	30	45	4	58	30	525	0	0.18748712539672852	261000	117.57008266448975	582	99.77701149425287	
12695609756107.096	63.304	4.0	58.0	30.0	2.4389478706163623	522	285	67	4	58	30	45	4	58	30	525	0	0.15623974800109863	261500	117.72632241249084	582	99.7774378585086	
25391219512211.754	64.184	4.0	58.0	30.0	2.4389478706163623	523	285	67	4	58	30	45	4	58	30	525	0	0.1874866485595703	262000	117.91380906105042	582	99.77786259541985	
12695609756107.096	63.832	4.0	58.0	30.0	2.4389478706163623	524	285	67	4	58	30	45	4	58	30	525	0	0.17186355590820312	262500	118.08567261695862	582	99.77828571428572	
88869268292735.03	63.612	4.0	58.0	30.0	2.4389478706163623	525	285	67	4	58	30	45	4	58	30	525	0	0.17186403274536133	263000	118.25753664970398	582	99.7787072243346	
2.4433807241737897	63.304	4.0	58.0	30.0	2.4389478706163623	526	285	67	4	58	30	45	4	58	30	525	0	0.18748688697814941	263500	118.44502353668213	582	99.77912713472486	
2.4433807241737897	63.744	4.0	58.0	30.0	2.4389478706163623	527	285	67	4	58	30	45	4	58	30	525	0	0.2187349796295166	264000	118.66375851631165	582	99.77954545454546	
25391219512211.754	64.008	4.0	58.0	30.0	2.4389478706163623	528	285	67	4	58	30	45	4	58	30	525	0	0.2187345027923584	264500	118.882493019104	582	99.77996219281664	
50782439024421.05	63.172	4.0	58.0	30.0	2.4389478706163623	529	285	67	4	58	30	45	4	58	30	525	0	0.18748736381530762	265000	119.06998038291931	582	99.78037735849057	
38086829268316.39	62.776	4.0	58.0	30.0	2.4389478706163623	530	285	67	4	58	30	45	4	58	30	525	0	0.18748831748962402	265500	119.25746870040894	582	99.78079096045198	
2.4433807241737897	62.996	4.0	58.0	30.0	2.4389478706163623	531	285	67	4	58	30	45	4	58	30	525	0	0.1874854564666748	266000	119.44495415687561	582	99.7812030075188	
2.4433807241737897	63.392	4.0	58.0	30.0	2.4389478706163623	532	285	67	4	58	30	45	4	58	30	525	0	0.2187354564666748	266500	119.66368961334229	582	99.78161350844277	
2.4433807241737897	63.964	4.0	58.0	30.0	2.4389478706163623	533	285	67	4	58	30	45	4	58	30	525	0	0.2187347412109375	267000	119.88242435455322	582	99.78202247191011	
12695609756107.096	63.7	4.0	58.0	30.0	2.4389478706163623	534	285	67	4	58	30	45	4	58	30	525	0	0.18748712539672852	267500	120.06991147994995	582	99.78242990654205	
2.4433807241737897	63.876	4.0	58.0	30.0	2.4389478706163623	535	285	67	4	58	30	45	4	58	30	525	0	0.18748879432678223	268000	120.25740027427673	582	99.78283582089553	
2.4433807241737897	63.7	4.0	58.0	30.0	2.4389478706163623	536	285	67	4	58	30	45	4	58	30	525	0	0.1874856948852539	268500	120.44488596916199	582	99.7832402234637	
2.443385351222327	63.172	4.0	58.0	30.0	2.4389478706163623	537	285	67	4	58	30	45	4	58	30	525	0	0.2343592643737793	269000	120.67924523353577	582	99.78364312267658	
38086829268316.39	63.656	4.0	58.0	30.0	2.4389478706163623	538	285	67	4	58	30	45	4	58	30	525	0	0.24998259544372559	269500	120.92922782897949	582	99.78404452690167	
2.4433807241737897	64.008	4.0	58.0	30.0	2.4389478706163623	539	285	67	4	58	30	45	4	58	30	525	0	0.2343590259552002	270000	121.16358685493469	582	99.78444444444445	
12695609756107.096	63.48	4.0	58.0	30.0	2.4389478706163623	540	285	67	4	58	30	45	4	58	30	525	0	0.2343590259552002	270500	121.39794588088989	582	99.78484288354899	
2.4433807241737897	63.964	4.0	58.0	30.0	2.4389478706163623	541	285	67	4	58	30	45	4	58	30	525	0	0.2187349796295166	271000	121.61668086051941	582	99.78523985239852	
12695609756107.096	63.656	4.0	58.0	30.0	2.4389478706163623	542	285	67	4	58	30	45	4	58	30	525	0	0.2187349796295166	271500	121.83541584014893	582	99.78563535911603	
2.4433807241737897	63.524	4.0	58.0	30.0	2.4389478706163623	543	285	67	4	58	30	45	4	58	30	525	0	0.15623903274536133	272000	121.99165487289429	582	99.7860294117647	
38086829268316.39	63.788	4.0	58.0	30.0	2.4389478706163623	544	285	67	4	58	30	45	4	58	30	525	0	0.17186570167541504	272500	122.1635205745697	582	99.78642201834862	
2.443385351222327	63.48	4.0	58.0	30.0	2.4389478706163623	545	285	67	4	58	30	45	4	58	30	525	0	0.1874861717224121	273000	122.35100674629211	582	99.78681318681319	
2.4433807241737897	62.776	4.0	58.0	30.0	2.4389478706163623	546	285	67	4	58	30	45	4	58	30	525	0	0.2031111717224121	273500	122.55411791801453	582	99.7872029250457	
2.443385351222327	63.26	4.0	58.0	30.0	2.4389478706163623	547	285	67	4	58	30	45	4	58	30	525	0	0.2187340259552002	274000	122.77285194396973	582	99.78759124087591	
12695609756107.096	62.952	4.0	58.0	30.0	2.4389478706163623	548	285	67	4	58	30	45	4	58	30	525	0	0.2187366485595703	274500	122.9915885925293	582	99.7879781420765	
38086829268316.39	62.644	4.0	58.0	30.0	2.4389478706163623	549	285	67	4	58	30	45	4	58	30	525	0	0.2343578338623047	275000	123.2259464263916	582	99.78836363636364	
50782439024421.05	62.776	4.0	58.0	30.0	2.4389478706163623	550	285	67	4	58	30	45	4	58	30	525	0	0.218735933303833	275500	123.44468235969543	582	99.78874773139746	
50782439024421.05	63.48	4.0	58.0	30.0	2.4389478706163623	551	285	67	4	58	30	45	4	58	30	525	0	0.24998116493225098	276000	123.69466352462769	582	99.7891304347826	
25391219512211.754	63.524	4.0	58.0	30.0	2.4389478706163623	552	285	67	4	58	30	45	4	58	30	525	0	0.2343606948852539	276500	123.92902421951294	582	99.78951175406871	
25391219512211.754	64.184	4.0	58.0	30.0	2.4389478706163623	553	285	67	4	58	30	45	4	58	30	525	0	0.2031111717224121	277000	124.13213539123535	582	99.7898916967509	
12695609756107.096	64.624	4.0	58.0	30.0	2.4389478706163623	554	285	67	4	58	30	45	4	58	30	525	0	0.2343580722808838	277500	124.36649346351624	582	99.79027027027027	
38086829268316.39	64.272	4.0	58.0	30.0	2.4389478706163623	555	285	67	4	58	30	45	4	58	30	525	0	0.23435759544372559	278000	124.60085105895996	582	99.79064748201439	
2.443385351222327	64.448	4.0	58.0	30.0	2.4389478706163623	556	285	67	4	58	30	45	4	58	30	525	0	0.2187354564666748	278500	124.81958651542664	582	99.79102333931777	
2.4433807241737897	64.58	4.0	58.0	30.0	2.4389478706163623	557	285	67	4	58	30	45	4	58	30	525	0	0.218735933303833	279000	125.03832244873047	582	99.79139784946237	
2.4433807241737897	64.14	4.0	58.0	30.0	2.4389478706163623	558	285	67	4	58	30	45	4	58	30	525	0	0.15623927116394043	279500	125.19456171989441	582	99.791771019678	
2.4433807241737897	64.316	4.0	58.0	30.0	2.4389478706163623	559	285	67	4	58	30	45	4	58	30	525	0	0.2187345027923584	280000	125.41329622268677	582	99.79214285714286	
76173658536630.39	63.744	4.0	58.0	30.0	2.4389478706163623	560	285	67	4	58	30	45	4	58	30	525	0	0.17186403274536133	280500	125.58516025543213	582	99.79251336898396	
2.4433807241737897	64.228	4.0	58.0	30.0	2.4389478706163623	561	285	67	4	58	30	45	4	58	30	525	0	0.2187354564666748	281000	125.8038957118988	582	99.79288256227758	
25391219512211.754	64.184	4.0	58.0	30.0	2.4389478706163623	562	285	67	4	58	30	45	4	58	30	525	0	0.2343592643737793	281500	126.03825497627258	582	99.79325044404973	
76173658536630.39	63.568	4.0	58.0	30.0	2.4389478706163623	563	285	67	4	58	30	45	4	58	30	525	0	0.24998259544372559	282000	126.28823757171631	582	99.79361702127659	
12695609756107.096	62.688	4.0	58.0	30.0	2.4389478706163623	564	285	67	4	58	30	45	4	58	30	525	0	0.1874856948852539	282500	126.47572326660156	582	99.79398230088495	
38086829268316.39	62.336	4.0	58.0	30.0	2.4389478706163623	565	285	67	4	58	30	45	4	58	30	525	0	0.17186522483825684	283000	126.64758849143982	582	99.79434628975265	
2.443385351222327	62.688	4.0	58.0	30.0	2.4389478706163623	566	285	67	4	58	30	45	4	58	30	525	0	0.2031095027923584	283500	126.85069799423218	582	99.794708994709	
2.4433807241737897	63.128	4.0	58.0	30.0	2.4389478706163623	567	285	67	4	58	30	45	4	58	30	525	0	0.2187352180480957	284000	127.06943321228027	582	99.79507042253522	
2.4433807241737897	63.216	4.0	58.0	30.0	2.4389478706163623	568	285	67	4	58	30	45	4	58	30	525	0	0.2031114101409912	284500	127.27254462242126	582	99.79543057996484	
2.4433807241737897	63.172	4.0	58.0	30.0	2.4389478706163623	569	285	67	4	58	30	45	4	58	30	525	0	0.2031102180480957	285000	127.47565484046936	582	99.79578947368421	
25391219512211.754	62.82	4.0	58.0	30.0	2.4389478706163623	570	285	67	4	58	30	45	4	58	30	525	0	0.18748831748962402	285500	127.66314315795898	582	99.79614711033275	
2.4433807241737897	63.348	4.0	58.0	30.0	2.4389478706163623	571	285	67	4	58	30	45	4	58	30	525	0	0.17186260223388672	286000	127.83500576019287	582	99.79650349650349	
38086829268316.39	62.028	4.0	58.0	30.0	2.4389478706163623	572	285	67	4	58	30	45	4	58	30	525	0	0.2343602180480957	286500	128.06936597824097	582	99.79685863874346	
12695609756107.096	62.776	4.0	58.0	30.0	2.4389478706163623	573	285	67	4	58	30	45	4	58	30	525	0	0.2187342643737793	287000	128.28810024261475	582	99.79721254355401	
12695609756107.096	62.996	4.0	58.0	30.0	2.4389478706163623	574	285	67	4	58	30	45	4	58	30	525	0	0.2031102180480957	287500	128.49121046066284	582	99.79756521739131	
25391219512211.754	62.468	4.0	58.0	30.0	2.4389478706163623	575	285	67	4	58	30	45	4	58	30	525	0	0.18748688697814941	288000	128.678697347641	582	99.79791666666667	
38086829268316.39	61.984	4.0	58.0	30.0	2.4389478706163623	576	285	67	4	58	30	45	4	58	30	525	0	0.2343599796295166	288500	128.9130573272705	582	99.79826689774697	
2.4433807241737897	61.28	4.0	58.0	30.0	2.4389478706163623	577	285	67	4	58	30	45	4	58	30	525	0	0.24998235702514648	289000	129.16303968429565	582	99.79861591695501	
2.4433807241737897	61.984	4.0	58.0	30.0	2.4389478706163623	578	285	67	4	58	30	45	4	58	30	525	0	0.20311236381530762	289500	129.36615204811096	582	99.79896373056995	
2.4433807241737897	62.204	4.0	58.0	30.0	2.4389478706163623	579	285	67	4	58	30	45	4	58	30	525	0	0.2031095027923584	290000	129.56926155090332	582	99.79931034482759	
50782439024421.05	62.468	4.0	58.0	30.0	2.4389478706163623	580	285	67	4	58	30	45	4	58	30	525	0	0.21873712539672852	290500	129.78799867630005	582	99.79965576592083	
38086829268316.39	61.896	4.0	58.0	30.0	2.4389478706163623	581	285	67	4	58	30	45	4	58	30	525	0	0.1718616485595703	291000	129.95986032485962	582	99.8	
2.4433807241737897	60.884	4.0	58.0	30.0	2.4389478706163623	582	285	67	4	58	30	45	4	58	30	525	0	0.203110933303833	291500	130.16297125816345	582	99.80034305317324	
88869268292735.03	61.148	4.0	58.0	30.0	2.4389478706163623	583	285	67	4	58	30	45	4	58	30	525	0	0.17186331748962402	292000	130.33483457565308	582	99.80068493150685	
2.4433807241737897	60.576	4.0	58.0	30.0	2.4389478706163623	584	285	67	4	58	30	45	4	58	30	525	0	0.17186546325683594	292500	130.5067000389099	582	99.80102564102565	
12695609756107.096	59.696	4.0	58.0	30.0	2.4389478706163623	585	285	67	4	58	30	45	4	58	30	525	0	0.21873259544372559	293000	130.72543263435364	582	99.80136518771332	
12695609756107.096	59.036	4.0	58.0	30.0	2.4389478706163623	586	285	67	4	58	30	45	4	58	30	525	0	0.18748831748962402	293500	130.91292095184326	582	99.80170357751278	
50782439024421.05	58.244	4.0	58.0	30.0	2.4389478706163623	587	285	67	4	58	30	45	4	58	30	525	0	0.2187342643737793	294000	131.13165521621704	582	99.80204081632652	
12695609756107.096	58.508	4.0	58.0	30.0	2.4389478706163623	588	285	67	4	58	30	45	4	58	30	525	0	0.18748807907104492	294500	131.3191432952881	582	99.80237691001697	
50782439024421.05	58.332	4.0	58.0	30.0	2.4389478706163623	589	285	67	4	58	30	45	4	58	30	525	0	0.17186355590820312	295000	131.4910068511963	582	99.80271186440677	
50782439024421.05	58.156	4.0	58.0	30.0	2.4389478706163623	590	285	67	4	58	30	45	4	58	30	525	0	0.2031097412109375	295500	131.69411659240723	582	99.80304568527919	
25391219512211.754	58.596	4.0	58.0	30.0	2.4389478706163623	591	285	67	4	58	30	45	4	58	30	525	0	0.20311188697814941	296000	131.89722847938538	582	99.80337837837838	
76173658536630.39	58.244	4.0	58.0	30.0	2.4389478706163623	592	285	67	4	58	30	45	4	58	30	525	0	0.2187356948852539	296500	132.11596417427063	582	99.80370994940978	
50782439024421.05	59.388	4.0	58.0	30.0	2.4389478706163623	593	285	67	4	58	30	45	4	58	30	525	0	0.17186331748962402	297000	132.28782749176025	582	99.8040404040404	
2.4433807241737897	60.312	4.0	58.0	30.0	2.4389478706163623	594	285	67	4	58	30	45	4	58	30	525	0	0.1874854564666748	297500	132.47531294822693	582	99.80436974789916	
2.4433807241737897	60.532	4.0	58.0	30.0	2.4389478706163623	595	285	67	4	58	30	45	4	58	30	525	0	0.2343595027923584	298000	132.7096724510193	582	99.80469798657718	
12695609756107.096	59.696	4.0	58.0	30.0	2.4389478706163623	596	285	67	4	58	30	45	4	58	30	525	0	0.2031106948852539	298500	132.91278314590454	582	99.80502512562813	
50782439024421.05	59.432	4.0	58.0	30.0	2.4389478706163623	597	285	67	4	58	30	45	4	58	30	525	0	0.18748688697814941	299000	133.1002700328827	582	99.80535117056856	
12695609756107.096	58.992	4.0	58.0	30.0	2.4389478706163623	598	285	67	4	58	30	45	4	58	30	525	0	0.20311260223388672	299500	133.30338263511658	582	99.80567612687813	
2.4433807241737897	59.52	4.0	58.0	30.0	2.4389478706163623	599	285	67	4	58	30	45	4	58	30	525	0	0.2499828338623047	300000	133.55336546897888	582	99.806	
2.4433807241737897	59.476	4.0	58.0	30.0	2.4389478706163623	600	285	67	4	58	30	45	4	58	30	525	0	0.2031116485595703	300500	133.75647711753845	582	99.8063227953411	
50782439024421.05	59.124	4.0	58.0	30.0	2.4389478706163623	601	285	67	4	58	30	45	4	58	30	525	0	0.1874856948852539	301000	133.9439628124237	582	99.80664451827242	
2.4433807241737897	58.156	4.0	58.0	30.0	2.4389478706163623	602	285	67	4	58	30	45	4	58	30	525	0	0.17186379432678223	301500	134.1158266067505	582	99.80696517412936	
63478048780525.695	58.64	4.0	58.0	30.0	2.4389478706163623	603	285	67	4	58	30	45	4	58	30	525	0	0.2499833106994629	302000	134.36580991744995	582	99.80728476821191	
25391219512211.754	58.508	4.0	58.0	30.0	2.4389478706163623	604	285	67	4	58	30	45	4	58	30	525	0	0.2187337875366211	302500	134.58454370498657	582	99.80760330578512	
12695609756107.096	59.036	4.0	58.0	30.0	2.4389478706163623	605	285	67	4	58	30	45	4	58	30	525	0	0.203110933303833	303000	134.7876546382904	582	99.8079207920792	
2.4433807241737897	58.948	4.0	58.0	30.0	2.4389478706163623	606	285	67	4	58	30	45	4	58	30	525	0	0.2187361717224121	303500	135.00639081001282	582	99.80823723228995	
2.4433807241737897	59.432	4.0	58.0	30.0	2.4389478706163623	607	285	67	4	58	30	45	4	58	30	525	0	0.2187347412109375	304000	135.22512555122375	582	99.80855263157895	
50782439024421.05	58.508	4.0	58.0	30.0	2.4389478706163623	608	285	67	4	58	30	45	4	58	30	525	0	0.2499842643737793	304500	135.47510981559753	582	99.80886699507388	
12695609756107.096	59.608	4.0	58.0	30.0	2.4389478706163623	609	285	67	4	58	30	45	4	58	30	525	0	0.23435711860656738	305000	135.7094669342041	582	99.80918032786886	
2.4433807241737897	59.696	4.0	58.0	30.0	2.4389478706163623	610	285	67	4	58	30	45	4	58	30	525	0	0.2187342643737793	305500	135.92820119857788	582	99.80949263502455	
2.4433807241737897	60.532	4.0	58.0	30.0	2.4389478706163623	611	285	67	4	58	30	45	4	58	30	525	0	0.2031116485595703	306000	136.13131284713745	582	99.80980392156863	
25391219512211.754	59.212	4.0	58.0	30.0	2.4389478706163623	612	285	67	4	58	30	45	4	58	30	525	0	0.2343592643737793	306500	136.36567211151123	582	99.81011419249592	
12695609756107.096	59.74	4.0	58.0	30.0	2.4389478706163623	613	285	67	4	58	30	45	4	58	30	525	0	0.2343592643737793	307000	136.600031375885	582	99.81042345276873	
2.4433807241737897	60.708	4.0	58.0	30.0	2.4389478706163623	614	285	67	4	58	30	45	4	58	30	525	0	0.20311641693115234	307500	136.80314779281616	582	99.81073170731707	
2.4433807241737897	60.4	4.0	58.0	30.0	2.4389478706163623	615	285	67	4	58	30	45	4	58	30	525	0	0.20310711860656738	308000	137.00625491142273	582	99.81103896103896	
2.4433807241737897	60.576	4.0	58.0	30.0	2.4389478706163623	616	285	67	4	58	30	45	4	58	30	525	0	0.20311331748962402	308500	137.20936822891235	582	99.81134521880065	
2.4433807241737897	60.048	4.0	58.0	30.0	2.4389478706163623	617	285	67	4	58	30	45	4	58	30	525	0	0.23435616493225098	309000	137.4437243938446	582	99.8116504854369	
12695609756107.096	58.42	4.0	58.0	30.0	2.4389478706163623	618	285	67	4	58	30	45	4	58	30	525	0	0.18748760223388672	309500	137.6312119960785	582	99.81195476575121	
12695609756107.096	57.892	4.0	58.0	30.0	2.4389478706163623	619	285	67	4	58	30	45	4	58	30	525	0	0.2031114101409912	310000	137.83432340621948	582	99.81225806451613	
12695609756107.096	57.892	4.0	58.0	30.0	2.4389478706163623	620	285	67	4	58	30	45	4	58	30	525	0	0.2656064033508301	310500	138.0999298095703	582	99.81256038647344	
12695609756107.096	58.024	4.0	58.0	30.0	2.4389478706163623	621	285	67	4	58	30	45	4	58	30	525	0	0.15624070167541504	311000	138.25617051124573	582	99.81286173633441	
76173658536630.39	58.068	4.0	58.0	30.0	2.4389478706163623	622	285	67	4	58	30	45	4	58	30	525	0	0.2499840259552002	311500	138.50615453720093	582	99.8131621187801	
2.4433807241737897	58.904	4.0	58.0	30.0	2.4389478706163623	623	285	67	4	58	30	45	4	58	30	525	0	0.23435616493225098	312000	138.74051070213318	582	99.81346153846154	
25391219512211.754	59.344	4.0	58.0	30.0	2.4389478706163623	624	285	67	4	58	30	45	4	58	30	525	0	0.2343604564666748	312500	138.97487115859985	582	99.81376	
38086829268316.39	60.4	4.0	58.0	30.0	2.4389478706163623	625	285	67	4	58	30	45	4	58	30	525	0	0.2343578338623047	313000	139.20922899246216	582	99.81405750798721	
2.443385351222327	60.004	4.0	58.0	30.0	2.4389478706163623	626	285	67	4	58	30	45	4	58	30	525	0	0.17186307907104492	313500	139.3810920715332	582	99.81435406698564	
2.4433807241737897	60.004	4.0	58.0	30.0	2.4389478706163623	627	285	67	4	58	30	45	4	58	30	525	0	0.2031102180480957	314000	139.5842022895813	582	99.81464968152866	
50782439024421.05	60.224	4.0	58.0	30.0	2.4389478706163623	628	285	67	4	58	30	45	4	58	30	525	0	0.2656083106994629	314500	139.84981060028076	582	99.81494435612083	
2.4433807241737897	60.576	4.0	58.0	30.0	2.4389478706163623	629	285	67	4	58	30	45	4	58	30	525	0	0.23435759544372559	315000	140.0841681957245	582	99.8152380952381	
2.443385351222327	60.796	4.0	58.0	30.0	2.4389478706163623	630	285	67	4	58	30	45	4	58	30	525	0	0.1874864101409912	315500	140.27165460586548	582	99.81553090332805	
2.4433807241737897	60.444	4.0	58.0	30.0	2.4389478706163623	631	285	67	4	58	30	45	4	58	30	525	0	0.18748807907104492	316000	140.45914268493652	582	99.81582278481012	
2.4433807241737897	59.652	4.0	58.0	30.0	2.4389478706163623	632	285	67	4	58	30	45	4	58	30	525	0	0.2031114101409912	316500	140.66225409507751	582	99.81611374407584	
38086829268316.39	59.3	4.0	58.0	30.0	2.4389478706163623	633	285	67	4	58	30	45	4	58	30	525	0	0.2187337875366211	317000	140.88098788261414	582	99.81640378548896	
25391219512211.754	57.98	4.0	58.0	30.0	2.4389478706163623	634	285	67	4	58	30	45	4	58	30	525	0	0.18748712539672852	317500	141.06847500801086	582	99.81669291338582	
25391219512211.754	57.408	4.0	58.0	30.0	2.4389478706163623	635	285	67	4	58	30	45	4	58	30	525	0	0.2343590259552002	318000	141.30283403396606	582	99.81698113207547	
2.4433807241737897	58.596	4.0	58.0	30.0	2.4389478706163623	636	285	67	4	58	30	45	4	58	30	525	0	0.18748736381530762	318500	141.49032139778137	582	99.81726844583987	
12695609756107.096	58.112	4.0	58.0	30.0	2.4389478706163623	637	285	67	4	58	30	45	4	58	30	525	0	0.203110933303833	319000	141.6934323310852	582	99.81755485893417	
25391219512211.754	58.508	4.0	58.0	30.0	2.4389478706163623	638	285	67	4	58	30	45	4	58	30	525	0	0.18748736381530762	319500	141.8809196949005	582	99.81784037558685	
25391219512211.754	57.804	4.0	58.0	30.0	2.4389478706163623	639	285	67	4	58	30	45	4	58	30	525	0	0.2031114101409912	320000	142.0840311050415	582	99.818125	
12695609756107.096	56.88	4.0	58.0	30.0	2.4389478706163623	640	285	67	4	58	30	45	4	58	30	525	0	0.24998259544372559	320500	142.33401370048523	582	99.81840873634945	
25391219512211.754	56.22	4.0	58.0	30.0	2.4389478706163623	641	285	67	4	58	30	45	4	58	30	525	0	0.2343602180480957	321000	142.56837391853333	582	99.81869158878504	
2.4433807241737897	55.736	4.0	58.0	30.0	2.4389478706163623	642	285	67	4	58	30	45	4	58	30	525	0	0.23435735702514648	321500	142.80273127555847	582	99.8189735614308	
25391219512211.754	56.924	4.0	58.0	30.0	2.4389478706163623	643	285	67	4	58	30	45	4	58	30	525	0	0.20311522483825684	322000	143.00584650039673	582	99.81925465838509	
76173658536630.39	56.836	4.0	58.0	30.0	2.4389478706163623	644	285	67	4	58	30	45	4	58	30	525	0	0.21873092651367188	322500	143.2245774269104	582	99.81953488372093	
25391219512211.754	57.32	4.0	58.0	30.0	2.4389478706163623	645	285	67	4	58	30	45	4	58	30	525	0	0.2187364101409912	323000	143.4433138370514	582	99.81981424148607	
38086829268316.39	56.924	4.0	58.0	30.0	2.4389478706163623	646	285	67	4	58	30	45	4	58	30	525	0	0.15623831748962402	323500	143.59955215454102	582	99.82009273570324	
2.4433807241737897	57.936	4.0	58.0	30.0	2.4389478706163623	647	285	67	4	58	30	45	4	58	30	525	0	0.24998259544372559	324000	143.84953474998474	582	99.82037037037037	
2.443385351222327	58.332	4.0	58.0	30.0	2.4389478706163623	648	285	67	4	58	30	45	4	58	30	525	0	0.2343590259552002	324500	144.08389377593994	582	99.82064714946071	
76173658536630.39	58.2	4.0	58.0	30.0	2.4389478706163623	649	285	67	4	58	30	45	4	58	30	525	0	0.2031114101409912	325000	144.28700518608093	582	99.82092307692308	
25391219512211.754	59.124	4.0	58.0	30.0	2.4389478706163623	650	285	67	4	58	30	45	4	58	30	525	0	0.20311236381530762	325500	144.49011754989624	582	99.82119815668203	
38086829268316.39	59.74	4.0	58.0	30.0	2.4389478706163623	651	285	67	4	58	30	45	4	58	30	525	0	0.1874856948852539	326000	144.6776032447815	582	99.82147239263804	
2.4433807241737897	59.652	4.0	58.0	30.0	2.4389478706163623	652	285	67	4	58	30	45	4	58	30	525	0	0.20311665534973145	326500	144.88071990013123	582	99.82174578866768	
2.4433807241737897	59.52	4.0	58.0	30.0	2.4389478706163623	653	285	67	4	58	30	45	4	58	30	525	0	0.21873188018798828	327000	145.0994517803192	582	99.82201834862386	
2.4433807241737897	59.652	4.0	58.0	30.0	2.4389478706163623	654	285	67	4	58	30	45	4	58	30	525	0	0.24998188018798828	327500	145.3494336605072	582	99.82229007633588	
38086829268316.39	58.904	4.0	58.0	30.0	2.4389478706163623	655	285	67	4	58	30	45	4	58	30	525	0	0.2343583106994629	328000	145.58379197120667	582	99.82256097560976	
2.443385351222327	58.684	4.0	58.0	30.0	2.4389478706163623	656	285	67	4	58	30	45	4	58	30	525	0	0.2343580722808838	328500	145.81815004348755	582	99.82283105022832	
2.4433807241737897	59.08	4.0	58.0	30.0	2.4389478706163623	657	285	67	4	58	30	45	4	58	30	525	0	0.18748903274536133	329000	146.0056390762329	582	99.82310030395136	
12695609756107.096	59.608	4.0	58.0	30.0	2.4389478706163623	658	285	67	4	58	30	45	4	58	30	525	0	0.218733549118042	329500	146.22437262535095	582	99.82336874051593	
2.4433807241737897	60.312	4.0	58.0	30.0	2.4389478706163623	659	285	67	4	58	30	45	4	58	30	525	0	0.203110933303833	330000	146.42748355865479	582	99.82363636363637	
2.4433807241737897	60.62	4.0	58.0	30.0	2.4389478706163623	660	285	67	4	58	30	45	4	58	30	525	0	0.17186307907104492	330500	146.59934663772583	582	99.82390317700454	
25391219512211.754	60.708	4.0	58.0	30.0	2.4389478706163623	661	285	67	4	58	30	45	4	58	30	525	0	0.2343590259552002	331000	146.83370566368103	582	99.82416918429003	
2.4433807241737897	61.324	4.0	58.0	30.0	2.4389478706163623	662	285	67	4	58	30	45	4	58	30	525	0	0.2031114101409912	331500	147.03681707382202	582	99.82443438914027	
25391219512211.754	61.368	4.0	58.0	30.0	2.4389478706163623	663	285	67	4	58	30	45	4	58	30	525	0	0.20311236381530762	332000	147.23992943763733	582	99.82469879518072	
38086829268316.39	61.412	4.0	58.0	30.0	2.4389478706163623	664	285	67	4	58	30	45	4	58	30	525	0	0.2187354564666748	332500	147.458664894104	582	99.82496240601503	
12695609756107.096	61.148	4.0	58.0	30.0	2.4389478706163623	665	285	67	4	58	30	45	4	58	30	525	0	0.2031097412109375	333000	147.66177463531494	582	99.82522522522522	
25391219512211.754	62.336	4.0	58.0	30.0	2.4389478706163623	666	285	67	4	58	30	45	4	58	30	525	0	0.2187349796295166	333500	147.88050961494446	582	99.82548725637182	
2.4433807241737897	62.6	4.0	58.0	30.0	2.4389478706163623	667	285	67	4	58	30	45	4	58	30	525	0	0.2187349796295166	334000	148.09924459457397	582	99.82574850299402	
63478048780525.695	62.732	4.0	58.0	30.0	2.4389478706163623	668	285	67	4	58	30	45	4	58	30	525	0	0.18749713897705078	334500	148.28674173355103	582	99.82600896860987	
12695609756107.096	62.116	4.0	58.0	30.0	2.4389478706163623	669	285	67	4	58	30	45	4	58	30	525	0	0.21872520446777344	335000	148.5054669380188	582	99.82626865671642	
25391219512211.754	61.852	4.0	58.0	30.0	2.4389478706163623	670	285	67	4	58	30	45	4	58	30	525	0	0.2187349796295166	335500	148.72420191764832	582	99.82652757078986	
50782439024421.05	62.248	4.0	58.0	30.0	2.4389478706163623	671	285	67	4	58	30	45	4	58	30	525	0	0.2656087875366211	336000	148.98981070518494	582	99.82678571428572	
2.443385351222327	62.952	4.0	58.0	30.0	2.4389478706163623	672	285	67	4	58	30	45	4	58	30	525	0	0.218733549118042	336500	149.20854425430298	582	99.82704309063892	
2.4433807241737897	62.864	4.0	58.0	30.0	2.4389478706163623	673	285	67	4	58	30	45	4	58	30	525	0	0.20311188697814941	337000	149.41165614128113	582	99.82729970326409	
2.443385351222327	62.952	4.0	58.0	30.0	2.4389478706163623	674	285	67	4	58	30	45	4	58	30	525	0	0.2343587875366211	337500	149.64601492881775	582	99.82755555555555	
25391219512211.754	63.216	4.0	58.0	30.0	2.4389478706163623	675	285	67	4	58	30	45	4	58	30	525	0	0.23435759544372559	338000	149.88037252426147	582	99.82781065088757	
50782439024421.05	63.524	4.0	58.0	30.0	2.4389478706163623	676	285	67	4	58	30	45	4	58	30	525	0	0.18748712539672852	338500	150.0678596496582	582	99.82806499261447	
2.4433807241737897	64.14	4.0	58.0	30.0	2.4389478706163623	677	285	67	4	58	30	45	4	58	30	525	0	0.18748760223388672	339000	150.2553472518921	582	99.8283185840708	
38086829268316.39	63.876	4.0	58.0	30.0	2.4389478706163623	678	285	67	4	58	30	45	4	58	30	525	0	0.17186427116394043	339500	150.42721152305603	582	99.82857142857142	
38086829268316.39	64.272	4.0	58.0	30.0	2.4389478706163623	679	285	67	4	58	30	45	4	58	30	525	0	0.2031097412109375	340000	150.63032126426697	582	99.82882352941176	
2.4433807241737897	64.624	4.0	58.0	30.0	2.4389478706163623	680	285	67	4	58	30	45	4	58	30	525	0	0.2499828338623047	340500	150.88030409812927	582	99.82907488986784	
2.443385351222327	64.096	4.0	58.0	30.0	2.4389478706163623	681	285	67	4	58	30	45	4	58	30	525	0	0.2499837875366211	341000	151.1302878856659	582	99.82932551319648	
25391219512211.754	64.228	4.0	58.0	30.0	2.4389478706163623	682	285	67	4	58	30	45	4	58	30	525	0	0.2031102180480957	341500	151.333398103714	582	99.82957540263543	
2.4433807241737897	64.272	4.0	58.0	30.0	2.4389478706163623	683	285	67	4	58	30	45	4	58	30	525	0	0.218735933303833	342000	151.55213403701782	582	99.82982456140351	
2.4433807241737897	64.36	4.0	58.0	30.0	2.4389478706163623	684	285	67	4	58	30	45	4	58	30	525	0	0.187485933303833	342500	151.73961997032166	582	99.83007299270074	
2.4433807241737897	64.184	4.0	58.0	30.0	2.4389478706163623	685	285	67	4	58	30	45	4	58	30	525	0	0.17186379432678223	343000	151.91148376464844	582	99.83032069970845	
2.4433807241737897	64.404	4.0	58.0	30.0	2.4389478706163623	686	285	67	4	58	30	45	4	58	30	525	0	0.17186498641967773	343500	152.08334875106812	582	99.83056768558951	
2.4433807241737897	63.832	4.0	58.0	30.0	2.4389478706163623	687	285	67	4	58	30	45	4	58	30	525	0	0.17186188697814941	344000	152.25521063804626	582	99.83081395348837	
12695609756107.096	62.776	4.0	58.0	30.0	2.4389478706163623	688	285	67	4	58	30	45	4	58	30	525	0	0.2031106948852539	344500	152.45832133293152	582	99.8310595065312	
2.4433807241737897	62.776	4.0	58.0	30.0	2.4389478706163623	689	285	67	4	58	30	45	4	58	30	525	0	0.2187349796295166	345000	152.67705631256104	582	99.83130434782609	
2.4433807241737897	63.876	4.0	58.0	30.0	2.4389478706163623	690	285	67	4	58	30	45	4	58	30	525	0	0.2187361717224121	345500	152.89579248428345	582	99.8315484804631	
2.4433807241737897	63.172	4.0	58.0	30.0	2.4389478706163623	691	285	67	4	58	30	45	4	58	30	525	0	0.2343578338623047	346000	153.13015031814575	582	99.83179190751446	
12695609756107.096	64.14	4.0	58.0	30.0	2.4389478706163623	692	285	67	4	58	30	45	4	58	30	525	0	0.2343595027923584	346500	153.3645098209381	582	99.83203463203463	
2.4433807241737897	64.316	4.0	58.0	30.0	2.4389478706163623	693	285	67	4	58	30	45	4	58	30	525	0	0.2187347412109375	347000	153.58324456214905	582	99.83227665706052	
25391219512211.754	63.92	4.0	58.0	30.0	2.4389478706163623	694	285	67	4	58	30	45	4	58	30	525	0	0.2343590259552002	347500	153.81760358810425	582	99.83251798561152	
50782439024421.05	63.392	4.0	58.0	30.0	2.4389478706163623	695	285	67	4	58	30	45	4	58	30	525	0	0.24998259544372559	348000	154.06758618354797	582	99.83275862068966	
38086829268316.39	63.612	4.0	58.0	30.0	2.4389478706163623	696	285	67	4	58	30	45	4	58	30	525	0	0.2656066417694092	348500	154.33319282531738	582	99.83299856527977	
2.4433807241737897	63.084	4.0	58.0	30.0	2.4389478706163623	697	285	67	4	58	30	45	4	58	30	525	0	0.2187361717224121	349000	154.5519289970398	582	99.83323782234957	
126956097561048.97	63.436	4.0	58.0	30.0	2.4389478706163623	698	285	67	4	58	30	45	4	58	30	525	0	0.24998164176940918	349500	154.8019106388092	582	99.83347639484978	
2.443389978270865	63.128	4.0	58.0	30.0	2.4389478706163623	699	285	67	4	58	30	45	4	58	30	525	0	0.2031114101409912	350000	155.0050220489502	582	99.83371428571428	
2.4433807241737897	63.612	4.0	58.0	30.0	2.4389478706163623	700	285	67	4	58	30	45	4	58	30	525	0	0.18748807907104492	350500	155.19251012802124	582	99.8339514978602	
2.443385351222327	63.436	4.0	58.0	30.0	2.4389478706163623	701	285	67	4	58	30	45	4	58	30	525	0	0.17186403274536133	351000	155.3643741607666	582	99.83418803418803	
2.4433807241737897	63.172	4.0	58.0	30.0	2.4389478706163623	702	285	67	4	58	30	45	4	58	30	525	0	0.2031099796295166	351500	155.56748414039612	582	99.83442389758179	
2.4433807241737897	62.732	4.0	58.0	30.0	2.4389478706163623	703	285	67	4	58	30	45	4	58	30	525	0	0.2656064033508301	352000	155.83309054374695	582	99.83465909090908	
25391219512211.754	62.82	4.0	58.0	30.0	2.4389478706163623	704	285	67	4	58	30	45	4	58	30	525	0	0.2656071186065674	352500	156.09869766235352	582	99.83489361702128	
2.4433807241737897	62.996	4.0	58.0	30.0	2.4389478706163623	705	285	67	4	58	30	45	4	58	30	525	0	0.18748688697814941	353000	156.28618454933167	582	99.83512747875353	
25391219512211.754	63.7	4.0	58.0	30.0	2.4389478706163623	706	285	67	4	58	30	45	4	58	30	525	0	0.18748736381530762	353500	156.47367191314697	582	99.83536067892504	
2.4433807241737897	63.216	4.0	58.0	30.0	2.4389478706163623	707	285	67	4	58	30	45	4	58	30	525	0	0.2343590259552002	354000	156.70803093910217	582	99.83559322033898	
2.4433807241737897	62.908	4.0	58.0	30.0	2.4389478706163623	708	285	67	4	58	30	45	4	58	30	525	0	0.2656066417694092	354500	156.97363758087158	582	99.83582510578279	
12695609756107.096	64.008	4.0	58.0	30.0	2.4389478706163623	709	285	67	4	58	30	45	4	58	30	525	0	0.1874866485595703	355000	157.16112422943115	582	99.83605633802817	
76173658536630.39	63.7	4.0	58.0	30.0	2.4389478706163623	710	285	67	4	58	30	45	4	58	30	525	0	0.2343592643737793	355500	157.39548349380493	582	99.83628691983122	
25391219512211.754	63.656	4.0	58.0	30.0	2.4389478706163623	711	285	67	4	58	30	45	4	58	30	525	0	0.2187361717224121	356000	157.61421966552734	582	99.83651685393258	
12695609756107.096	64.58	4.0	58.0	30.0	2.4389478706163623	712	285	67	4	58	30	45	4	58	30	525	0	0.2343580722808838	356500	157.84857773780823	582	99.83674614305751	
2.4433807241737897	64.228	4.0	58.0	30.0	2.4389478706163623	713	285	67	4	58	30	45	4	58	30	525	0	0.2187347412109375	357000	158.06731247901917	582	99.83697478991597	
12695609756107.096	64.668	4.0	58.0	30.0	2.4389478706163623	714	285	67	4	58	30	45	4	58	30	525	0	0.2499842643737793	357500	158.31729674339294	582	99.83720279720279	
2.4433807241737897	64.272	4.0	58.0	30.0	2.4389478706163623	715	285	67	4	58	30	45	4	58	30	525	0	0.2031095027923584	358000	158.5204062461853	582	99.83743016759776	
88869268292735.03	63.48	4.0	58.0	30.0	2.4389478706163623	716	285	67	4	58	30	45	4	58	30	525	0	0.2031114101409912	358500	158.7235176563263	582	99.83765690376569	
2.443385351222327	64.228	4.0	58.0	30.0	2.4389478706163623	717	285	67	4	58	30	45	4	58	30	525	0	0.18748831748962402	359000	158.91100597381592	582	99.83788300835654	
2.443385351222327	63.612	4.0	58.0	30.0	2.4389478706163623	718	285	67	4	58	30	45	4	58	30	525	0	0.2031099796295166	359500	159.11411595344543	582	99.83810848400556	
2.443385351222327	64.008	4.0	58.0	30.0	2.4389478706163623	719	285	67	4	58	30	45	4	58	30	525	0	0.2499830722808838	360000	159.36409902572632	582	99.83833333333334	
12695609756107.096	64.272	4.0	58.0	30.0	2.4389478706163623	720	285	67	4	58	30	45	4	58	30	525	0	0.2031116485595703	360500	159.5672106742859	582	99.83855755894591	
2.4433807241737897	64.008	4.0	58.0	30.0	2.4389478706163623	721	285	67	4	58	30	45	4	58	30	525	0	0.2031104564666748	361000	159.77032113075256	582	99.8387811634349	
12695609756107.096	63.568	4.0	58.0	30.0	2.4389478706163623	722	285	67	4	58	30	45	4	58	30	525	0	0.2343595027923584	361500	160.00468063354492	582	99.83900414937759	
2.4433807241737897	63.788	4.0	58.0	30.0	2.4389478706163623	723	285	67	4	58	30	45	4	58	30	525	0	0.2343587875366211	362000	160.23903942108154	582	99.83922651933702	
2.4433807241737897	64.14	4.0	58.0	30.0	2.4389478706163623	724	285	67	4	58	30	45	4	58	30	525	0	0.24998211860656738	362500	160.4890215396881	582	99.83944827586207	
2.4433807241737897	64.316	4.0	58.0	30.0	2.4389478706163623	725	285	67	4	58	30	45	4	58	30	525	0	0.2343611717224121	363000	160.72338271141052	582	99.8396694214876	
12695609756107.096	64.492	4.0	58.0	30.0	2.4389478706163623	726	285	67	4	58	30	45	4	58	30	525	0	0.1874852180480957	363500	160.91086792945862	582	99.83988995873453	
12695609756107.096	64.624	4.0	58.0	30.0	2.4389478706163623	727	285	67	4	58	30	45	4	58	30	525	0	0.18748712539672852	364000	161.09835505485535	582	99.84010989010989	
2.443385351222327	64.668	4.0	58.0	30.0	2.4389478706163623	728	285	67	4	58	30	45	4	58	30	525	0	0.18748712539672852	364500	161.28584218025208	582	99.840329218107	
38086829268316.39	64.448	4.0	58.0	30.0	2.4389478706163623	729	285	67	4	58	30	45	4	58	30	525	0	0.2031116485595703	365000	161.48895382881165	582	99.84054794520549	
2.443385351222327	65.284	4.0	58.0	30.0	2.4389478706163623	730	285	67	4	58	30	45	4	58	30	525	0	0.15623879432678223	365500	161.64519262313843	582	99.84076607387141	
25391219512211.754	65.504	4.0	58.0	30.0	2.4389478706163623	731	285	67	4	58	30	45	4	58	30	525	0	0.2343595027923584	366000	161.8795521259308	582	99.84098360655737	
25391219512211.754	65.284	4.0	58.0	30.0	2.4389478706163623	732	285	67	4	58	30	45	4	58	30	525	0	0.2343604564666748	366500	162.11391258239746	582	99.84120054570259	
25391219512211.754	65.284	4.0	58.0	30.0	2.4389478706163623	733	285	67	4	58	30	45	4	58	30	525	0	0.2031090259552002	367000	162.31702160835266	582	99.84141689373297	
38086829268316.39	65.328	4.0	58.0	30.0	2.4389478706163623	734	285	67	4	58	30	45	4	58	30	525	0	0.20311212539672852	367500	162.5201337337494	582	99.84163265306123	
38086829268316.39	65.196	4.0	58.0	30.0	2.4389478706163623	735	285	67	4	58	30	45	4	58	30	525	0	0.20311927795410156	368000	162.7232530117035	582	99.84184782608696	
25391219512211.754	65.548	4.0	58.0	30.0	2.4389478706163623	736	285	67	4	58	30	45	4	58	30	525	0	0.23435068130493164	368500	162.95760369300842	582	99.84206241519675	
2.4433807241737897	65.768	4.0	58.0	30.0	2.4389478706163623	737	285	67	4	58	30	45	4	58	30	525	0	0.17186260223388672	369000	163.1294662952423	582	99.84227642276423	
12695609756107.096	65.724	4.0	58.0	30.0	2.4389478706163623	738	285	67	4	58	30	45	4	58	30	525	0	0.2187352180480957	369500	163.3482015132904	582	99.8424898511502	
12695609756107.096	65.328	4.0	58.0	30.0	2.4389478706163623	739	285	67	4	58	30	45	4	58	30	525	0	0.203110933303833	370000	163.55131244659424	582	99.84270270270271	
12695609756107.096	65.02	4.0	58.0	30.0	2.4389478706163623	740	285	67	4	58	30	45	4	58	30	525	0	0.2343590259552002	370500	163.78567147254944	582	99.84291497975708	
38086829268316.39	65.02	4.0	58.0	30.0	2.4389478706163623	741	285	67	4	58	30	45	4	58	30	525	0	0.15623903274536133	371000	163.9419105052948	582	99.84312668463612	
2.4433807241737897	64.36	4.0	58.0	30.0	2.4389478706163623	742	285	67	4	58	30	45	4	58	30	525	0	0.2031111717224121	371500	164.1450216770172	582	99.84333781965007	
12695609756107.096	64.008	4.0	58.0	30.0	2.4389478706163623	743	285	67	4	58	30	45	4	58	30	525	0	0.2499847412109375	372000	164.39500641822815	582	99.84354838709677	
50782439024421.05	64.052	4.0	58.0	30.0	2.4389478706163623	744	285	67	4	58	30	45	4	58	30	525	0	0.17186212539672852	372500	164.56686854362488	582	99.84375838926175	
12695609756107.096	64.668	4.0	58.0	30.0	2.4389478706163623	745	285	67	4	58	30	45	4	58	30	525	0	0.1874866485595703	373000	164.75435519218445	582	99.84396782841823	
38086829268316.39	64.272	4.0	58.0	30.0	2.4389478706163623	746	285	67	4	58	30	45	4	58	30	525	0	0.203110933303833	373500	164.95746612548828	582	99.84417670682731	
2.4433807241737897	64.184	4.0	58.0	30.0	2.4389478706163623	747	285	67	4	58	30	45	4	58	30	525	0	0.2343595027923584	374000	165.19182562828064	582	99.84438502673797	
2.4433807241737897	64.228	4.0	58.0	30.0	2.4389478706163623	748	285	67	4	58	30	45	4	58	30	525	0	0.234358549118042	374500	165.42618417739868	582	99.84459279038718	
2.4433807241737897	64.624	4.0	58.0	30.0	2.4389478706163623	749	285	67	4	58	30	45	4	58	30	525	0	0.2187352180480957	375000	165.64491939544678	582	99.8448	
2.4433807241737897	64.756	4.0	58.0	30.0	2.4389478706163623	750	285	67	4	58	30	45	4	58	30	525	0	0.218735933303833	375500	165.8636553287506	582	99.84500665778961	
63478048780525.695	64.536	4.0	58.0	30.0	2.4389478706163623	751	285	67	4	58	30	45	4	58	30	525	0	0.2031102180480957	376000	166.0667655467987	582	99.84521276595744	
25391219512211.754	64.492	4.0	58.0	30.0	2.4389478706163623	752	285	67	4	58	30	45	4	58	30	525	0	0.20312118530273438	376500	166.26988673210144	582	99.84541832669322	
2.4433807241737897	64.492	4.0	58.0	30.0	2.4389478706163623	753	285	67	4	58	30	45	4	58	30	525	0	0.20310115814208984	377000	166.47298789024353	582	99.84562334217506	
2.4433807241737897	64.976	4.0	58.0	30.0	2.4389478706163623	754	285	67	4	58	30	45	4	58	30	525	0	0.18748688697814941	377500	166.66047477722168	582	99.84582781456953	
2.4433807241737897	65.02	4.0	58.0	30.0	2.4389478706163623	755	285	67	4	58	30	45	4	58	30	525	0	0.2499830722808838	378000	166.91045784950256	582	99.84603174603174	
2.4433807241737897	64.8	4.0	58.0	30.0	2.4389478706163623	756	285	67	4	58	30	45	4	58	30	525	0	0.2499830722808838	378500	167.16044092178345	582	99.84623513870541	
38086829268316.39	64.096	4.0	58.0	30.0	2.4389478706163623	757	285	67	4	58	30	45	4	58	30	525	0	0.218735933303833	379000	167.37917685508728	582	99.84643799472296	
2.443385351222327	63.524	4.0	58.0	30.0	2.4389478706163623	758	285	67	4	58	30	45	4	58	30	525	0	0.1874864101409912	379500	167.56666326522827	582	99.84664031620554	
25391219512211.754	63.128	4.0	58.0	30.0	2.4389478706163623	759	285	67	4	58	30	45	4	58	30	525	0	0.2187349796295166	380000	167.7853982448578	582	99.84684210526316	
2.4433807241737897	63.172	4.0	58.0	30.0	2.4389478706163623	760	285	67	4	58	30	45	4	58	30	525	0	0.18748712539672852	380500	167.97288537025452	582	99.84704336399474	
2.4433807241737897	63.392	4.0	58.0	30.0	2.4389478706163623	761	285	67	4	58	30	45	4	58	30	525	0	0.2031111717224121	381000	168.17599654197693	582	99.84724409448819	
2.4433807241737897	63.7	4.0	58.0	30.0	2.4389478706163623	762	285	67	4	58	30	45	4	58	30	525	0	0.2187342643737793	381500	168.3947308063507	582	99.84744429882045	
2.4433807241737897	64.008	4.0	58.0	30.0	2.4389478706163623	763	285	67	4	58	30	45	4	58	30	525	0	0.20311188697814941	382000	168.59784269332886	582	99.8476439790576	
2.4433807241737897	64.184	4.0	58.0	30.0	2.4389478706163623	764	285	67	4	58	30	45	4	58	30	525	0	0.2187354564666748	382500	168.81657814979553	582	99.8478431372549	
2.443385351222327	64.888	4.0	58.0	30.0	2.4389478706163623	765	285	67	4	58	30	45	4	58	30	525	0	0.2031099796295166	383000	169.01968812942505	582	99.84804177545692	
25391219512211.754	64.932	4.0	58.0	30.0	2.4389478706163623	766	285	67	4	58	30	45	4	58	30	525	0	0.2187354564666748	383500	169.23842358589172	582	99.84823989569752	
2.4433807241737897	64.932	4.0	58.0	30.0	2.4389478706163623	767	285	67	4	58	30	45	4	58	30	525	0	0.17186427116394043	384000	169.41028785705566	582	99.8484375	
50782439024421.05	63.964	4.0	58.0	30.0	2.4389478706163623	768	285	67	4	58	30	45	4	58	30	525	0	0.15623927116394043	384500	169.5665271282196	582	99.84863459037712	
25391219512211.754	64.096	4.0	58.0	30.0	2.4389478706163623	769	285	67	4	58	30	45	4	58	30	525	0	0.2031111717224121	385000	169.76963829994202	582	99.84883116883117	
12695609756107.096	64.448	4.0	58.0	30.0	2.4389478706163623	770	285	67	4	58	30	45	4	58	30	525	0	0.2343578338623047	385500	170.00399613380432	582	99.84902723735408	
38086829268316.39	64.712	4.0	58.0	30.0	2.4389478706163623	771	285	67	4	58	30	45	4	58	30	525	0	0.20311212539672852	386000	170.20710825920105	582	99.84922279792747	
2.4433807241737897	65.24	4.0	58.0	30.0	2.4389478706163623	772	285	67	4	58	30	45	4	58	30	525	0	0.203110933303833	386500	170.41021919250488	582	99.84941785252263	
2.4433807241737897	65.108	4.0	58.0	30.0	2.4389478706163623	773	285	67	4	58	30	45	4	58	30	525	0	0.2187340259552002	387000	170.62895321846008	582	99.84961240310078	
12695609756107.096	65.504	4.0	58.0	30.0	2.4389478706163623	774	285	67	4	58	30	45	4	58	30	525	0	0.2031116485595703	387500	170.83206486701965	582	99.8498064516129	
25391219512211.754	64.58	4.0	58.0	30.0	2.4389478706163623	775	285	67	4	58	30	45	4	58	30	525	0	0.203110933303833	388000	171.0351758003235	582	99.85	
63478048780525.695	65.24	4.0	58.0	30.0	2.4389478706163623	776	285	67	4	58	30	45	4	58	30	525	0	0.2343583106994629	388500	171.26953411102295	582	99.85019305019306	
2.4433807241737897	65.768	4.0	58.0	30.0	2.4389478706163623	777	285	67	4	58	30	45	4	58	30	525	0	0.17186403274536133	389000	171.4413981437683	582	99.85038560411311	
2.4433807241737897	65.812	4.0	58.0	30.0	2.4389478706163623	778	285	67	4	58	30	45	4	58	30	525	0	0.2343583106994629	389500	171.67575645446777	582	99.85057766367137	
2.4433807241737897	66.032	4.0	58.0	30.0	2.4389478706163623	779	285	67	4	58	30	45	4	58	30	525	0	0.20311880111694336	390000	171.87887525558472	582	99.85076923076923	
2.4433807241737897	65.68	4.0	58.0	30.0	2.4389478706163623	780	285	67	4	58	30	45	4	58	30	525	0	0.23435187339782715	390500	172.11322712898254	582	99.85096030729834	
2.4433807241737897	65.24	4.0	58.0	30.0	2.4389478706163623	781	285	67	4	58	30	45	4	58	30	525	0	0.18748688697814941	391000	172.3007140159607	582	99.85115089514066	
12695609756107.096	65.152	4.0	58.0	30.0	2.4389478706163623	782	285	67	4	58	30	45	4	58	30	525	0	0.20311188697814941	391500	172.50382590293884	582	99.85134099616859	
25391219512211.754	65.9	4.0	58.0	30.0	2.4389478706163623	783	285	67	4	58	30	45	4	58	30	525	0	0.17186212539672852	392000	172.67568802833557	582	99.8515306122449	
2.4433807241737897	65.68	4.0	58.0	30.0	2.4389478706163623	784	285	67	4	58	30	45	4	58	30	525	0	0.20311260223388672	392500	172.87880063056946	582	99.85171974522294	
12695609756107.096	65.856	4.0	58.0	30.0	2.4389478706163623	785	285	67	4	58	30	45	4	58	30	525	0	0.1874866485595703	393000	173.06628727912903	582	99.85190839694657	
38086829268316.39	66.208	4.0	58.0	30.0	2.4389478706163623	786	285	67	4	58	30	45	4	58	30	525	0	0.2031106948852539	393500	173.26939797401428	582	99.85209656925032	
2.4433807241737897	66.252	4.0	58.0	30.0	2.4389478706163623	787	285	67	4	58	30	45	4	58	30	525	0	0.2343599796295166	394000	173.5037579536438	582	99.85228426395939	
38086829268316.39	66.032	4.0	58.0	30.0	2.4389478706163623	788	285	67	4	58	30	45	4	58	30	525	0	0.24998188018798828	394500	173.7537398338318	582	99.85247148288974	
50782439024421.05	65.9	4.0	58.0	30.0	2.4389478706163623	789	285	67	4	58	30	45	4	58	30	525	0	0.18748688697814941	395000	173.94122672080994	582	99.8526582278481	
2.4433807241737897	65.9	4.0	58.0	30.0	2.4389478706163623	790	285	67	4	58	30	45	4	58	30	525	0	0.18748712539672852	395500	174.12871384620667	582	99.85284450063212	
12695609756107.096	65.812	4.0	58.0	30.0	2.4389478706163623	791	285	67	4	58	30	45	4	58	30	525	0	0.17186379432678223	396000	174.30057764053345	582	99.85303030303031	
38086829268316.39	65.68	4.0	58.0	30.0	2.4389478706163623	792	285	67	4	58	30	45	4	58	30	525	0	0.2343583106994629	396500	174.5349359512329	582	99.8532156368222	
2.4433807241737897	65.812	4.0	58.0	30.0	2.4389478706163623	793	285	67	4	58	30	45	4	58	30	525	0	0.18748927116394043	397000	174.72242522239685	582	99.85340050377833	
2.443385351222327	65.9	4.0	58.0	30.0	2.4389478706163623	794	285	67	4	58	30	45	4	58	30	525	0	0.1718614101409912	397500	174.89428663253784	582	99.85358490566038	
25391219512211.754	65.724	4.0	58.0	30.0	2.4389478706163623	795	285	67	4	58	30	45	4	58	30	525	0	0.18748831748962402	398000	175.08177495002747	582	99.85376884422111	
12695609756107.096	65.768	4.0	58.0	30.0	2.4389478706163623	796	285	67	4	58	30	45	4	58	30	525	0	0.2031095027923584	398500	175.28488445281982	582	99.85395232120452	
2.4433807241737897	65.856	4.0	58.0	30.0	2.4389478706163623	797	285	67	4	58	30	45	4	58	30	525	0	0.1718738079071045	399000	175.45675826072693	582	99.85413533834587	
12695609756107.096	65.372	4.0	58.0	30.0	2.4389478706163623	798	285	67	4	58	30	45	4	58	30	525	0	0.20310044288635254	399500	175.65985870361328	582	99.85431789737171	
2.4433807241737897	65.328	4.0	58.0	30.0	2.4389478706163623	799	285	67	4	58	30	45	4	58	30	525	0	0.24999332427978516	400000	175.90985202789307	582	99.8545	
38086829268316.39	65.284	4.0	58.0	30.0	2.4389478706163623	800	285	67	4	58	30	45	4	58	30	525	0	0.2187349796295166	400500	176.12858700752258	582	99.85468164794007	
2.443385351222327	65.196	4.0	58.0	30.0	2.4389478706163623	801	285	67	4	58	30	45	4	58	30	525	0	0.17185330390930176	401000	176.30044031143188	582	99.85486284289277	
2.4433807241737897	64.976	4.0	58.0	30.0	2.4389478706163623	802	285	67	4	58	30	45	4	58	30	525	0	0.2343599796295166	401500	176.5348002910614	582	99.85504358655044	
2.443385351222327	65.372	4.0	58.0	30.0	2.4389478706163623	803	285	67	4	58	30	45	4	58	30	525	0	0.2031097412109375	402000	176.73791003227234	582	99.85522388059701	
25391219512211.754	65.856	4.0	58.0	30.0	2.4389478706163623	804	285	67	4	58	30	45	4	58	30	525	0	0.17186403274536133	402500	176.9097740650177	582	99.85540372670808	
63478048780525.695	65.504	4.0	58.0	30.0	2.4389478706163623	805	285	67	4	58	30	45	4	58	30	525	0	0.17186284065246582	403000	177.08163690567017	582	99.85558312655087	
139651707317153.62	65.152	4.0	58.0	30.0	2.4389478706163623	806	285	67	4	58	30	45	4	58	30	525	0	0.2187349796295166	403500	177.30037188529968	582	99.85576208178439	
2.4433807241737897	65.9	4.0	58.0	30.0	2.4389478706163623	807	285	67	4	58	30	45	4	58	30	525	0	0.2343587875366211	404000	177.5347306728363	582	99.8559405940594	
88869268292735.03	65.636	4.0	58.0	30.0	2.4389478706163623	808	285	67	4	58	30	45	4	58	30	525	0	0.18748784065246582	404500	177.72221851348877	582	99.85611866501854	
12695609756107.096	65.372	4.0	58.0	30.0	2.4389478706163623	809	285	67	4	58	30	45	4	58	30	525	0	0.20312190055847168	405000	177.92534041404724	582	99.85629629629629	
2.4433807241737897	65.328	4.0	58.0	30.0	2.4389478706163623	810	285	67	4	58	30	45	4	58	30	525	0	0.21872425079345703	405500	178.1440646648407	582	99.85647348951912	
2.4433807241737897	65.24	4.0	58.0	30.0	2.4389478706163623	811	285	67	4	58	30	45	4	58	30	525	0	0.17186379432678223	406000	178.31592845916748	582	99.85665024630542	
2.4433807241737897	65.24	4.0	58.0	30.0	2.4389478706163623	812	285	67	4	58	30	45	4	58	30	525	0	0.17186236381530762	406500	178.4877908229828	582	99.85682656826569	
2.4433807241737897	65.108	4.0	58.0	30.0	2.4389478706163623	813	285	67	4	58	30	45	4	58	30	525	0	0.20311212539672852	407000	178.69090294837952	582	99.85700245700245	
25391219512211.754	65.416	4.0	58.0	30.0	2.4389478706163623	814	285	67	4	58	30	45	4	58	30	525	0	0.2343578338623047	407500	178.92526078224182	582	99.85717791411042	
2.4433807241737897	65.372	4.0	58.0	30.0	2.4389478706163623	815	285	67	4	58	30	45	4	58	30	525	0	0.2187347412109375	408000	179.14399552345276	582	99.85735294117647	
12695609756107.096	65.768	4.0	58.0	30.0	2.4389478706163623	816	285	67	4	58	30	45	4	58	30	525	0	0.2343587875366211	408500	179.37835431098938	582	99.85752753977968	
2.443385351222327	66.208	4.0	58.0	30.0	2.4389478706163623	817	285	67	4	58	30	45	4	58	30	525	0	0.17186355590820312	409000	179.55021786689758	582	99.85770171149144	
38086829268316.39	65.856	4.0	58.0	30.0	2.4389478706163623	818	285	67	4	58	30	45	4	58	30	525	0	0.218735933303833	409500	179.76895380020142	582	99.85787545787545	
2.443385351222327	65.9	4.0	58.0	30.0	2.4389478706163623	819	285	67	4	58	30	45	4	58	30	525	0	0.2343580722808838	410000	180.0033118724823	582	99.8580487804878	
50782439024421.05	65.504	4.0	58.0	30.0	2.4389478706163623	820	285	67	4	58	30	45	4	58	30	525	0	0.17186450958251953	410500	180.17517638206482	582	99.85822168087698	
2.4433807241737897	65.416	4.0	58.0	30.0	2.4389478706163623	821	285	67	4	58	30	45	4	58	30	525	0	0.2031102180480957	411000	180.37828660011292	582	99.85839416058394	
25391219512211.754	64.976	4.0	58.0	30.0	2.4389478706163623	822	285	67	4	58	30	45	4	58	30	525	0	0.2187349796295166	411500	180.59702157974243	582	99.85856622114217	
25391219512211.754	64.008	4.0	58.0	30.0	2.4389478706163623	823	285	67	4	58	30	45	4	58	30	525	0	0.18748712539672852	412000	180.78450870513916	582	99.85873786407767	
2.443385351222327	63.788	4.0	58.0	30.0	2.4389478706163623	824	285	67	4	58	30	45	4	58	30	525	0	0.2187352180480957	412500	181.00324392318726	582	99.8589090909091	
63478048780525.695	63.612	4.0	58.0	30.0	2.4389478706163623	825	285	67	4	58	30	45	4	58	30	525	0	0.18748879432678223	413000	181.19073271751404	582	99.8590799031477	
63478048780525.695	63.128	4.0	58.0	30.0	2.4389478706163623	826	285	67	4	58	30	45	4	58	30	525	0	0.24998092651367188	413500	181.4407136440277	582	99.85925030229745	
12695609756107.096	63.48	4.0	58.0	30.0	2.4389478706163623	827	285	67	4	58	30	45	4	58	30	525	0	0.2343597412109375	414000	181.67507338523865	582	99.85942028985507	
2.4433807241737897	63.92	4.0	58.0	30.0	2.4389478706163623	828	285	67	4	58	30	45	4	58	30	525	0	0.18748736381530762	414500	181.86256074905396	582	99.85958986731	
2.443385351222327	64.36	4.0	58.0	30.0	2.4389478706163623	829	285	67	4	58	30	45	4	58	30	525	0	0.2031104564666748	415000	182.06567120552063	582	99.85975903614458	
2.4433807241737897	65.284	4.0	58.0	30.0	2.4389478706163623	830	285	67	4	58	30	45	4	58	30	525	0	0.2343599796295166	415500	182.30003118515015	582	99.85992779783393	
2.4433807241737897	64.888	4.0	58.0	30.0	2.4389478706163623	831	285	67	4	58	30	45	4	58	30	525	0	0.2031102180480957	416000	182.50314140319824	582	99.86009615384616	
2.443385351222327	65.152	4.0	58.0	30.0	2.4389478706163623	832	285	67	4	58	30	45	4	58	30	525	0	0.2343587875366211	416500	182.73750019073486	582	99.86026410564226	
2.4433807241737897	65.372	4.0	58.0	30.0	2.4389478706163623	833	285	67	4	58	30	45	4	58	30	525	0	0.17186379432678223	417000	182.90936398506165	582	99.86043165467626	
2.4433807241737897	64.756	4.0	58.0	30.0	2.4389478706163623	834	285	67	4	58	30	45	4	58	30	525	0	0.18748688697814941	417500	183.0968508720398	582	99.86059880239522	
38086829268316.39	64.404	4.0	58.0	30.0	2.4389478706163623	835	285	67	4	58	30	45	4	58	30	525	0	0.2343580722808838	418000	183.33120894432068	582	99.86076555023924	
63478048780525.695	64.404	4.0	58.0	30.0	2.4389478706163623	836	285	67	4	58	30	45	4	58	30	525	0	0.18748736381530762	418500	183.518696308136	582	99.86093189964157	
2.4433807241737897	64.184	4.0	58.0	30.0	2.4389478706163623	837	285	67	4	58	30	45	4	58	30	525	0	0.18748784065246582	419000	183.70618414878845	582	99.86109785202864	
2.4433807241737897	63.436	4.0	58.0	30.0	2.4389478706163623	838	285	67	4	58	30	45	4	58	30	525	0	0.2187347412109375	419500	183.9249188899994	582	99.86126340882002	
25391219512211.754	63.48	4.0	58.0	30.0	2.4389478706163623	839	285	67	4	58	30	45	4	58	30	525	0	0.203110933303833	420000	184.12802982330322	582	99.86142857142858	
2.4433807241737897	63.524	4.0	58.0	30.0	2.4389478706163623	840	285	67	4	58	30	45	4	58	30	525	0	0.249983549118042	420500	184.37801337242126	582	99.8615933412604	
2.4433807241737897	63.216	4.0	58.0	30.0	2.4389478706163623	841	285	67	4	58	30	45	4	58	30	525	0	0.203110933303833	421000	184.5811243057251	582	99.86175771971496	
12695609756107.096	62.996	4.0	58.0	30.0	2.4389478706163623	842	285	67	4	58	30	45	4	58	30	525	0	0.2343597412109375	421500	184.81548404693604	582	99.86192170818505	
2.4433807241737897	62.38	4.0	58.0	30.0	2.4389478706163623	843	285	67	4	58	30	45	4	58	30	525	0	0.18748736381530762	422000	185.00297141075134	582	99.86208530805688	
2.4433807241737897	63.172	4.0	58.0	30.0	2.4389478706163623	844	285	67	4	58	30	45	4	58	30	525	0	0.1874861717224121	422500	185.19045758247375	582	99.86224852071005	
50782439024421.05	62.864	4.0	58.0	30.0	2.4389478706163623	845	285	67	4	58	30	45	4	58	30	525	0	0.18748760223388672	423000	185.37794518470764	582	99.86241134751774	
2.443385351222327	63.612	4.0	58.0	30.0	2.4389478706163623	846	285	67	4	58	30	45	4	58	30	525	0	0.1874866485595703	423500	185.5654318332672	582	99.86257378984652	
12695609756107.096	63.216	4.0	58.0	30.0	2.4389478706163623	847	285	67	4	58	30	45	4	58	30	525	0	0.2031102180480957	424000	185.7685420513153	582	99.8627358490566	
50782439024421.05	62.82	4.0	58.0	30.0	2.4389478706163623	848	285	67	4	58	30	45	4	58	30	525	0	0.18748903274536133	424500	185.95603108406067	582	99.86289752650177	
2.4433807241737897	63.436	4.0	58.0	30.0	2.4389478706163623	849	285	67	4	58	30	45	4	58	30	525	0	0.2031106948852539	425000	186.15914177894592	582	99.86305882352941	
12695609756107.096	62.688	4.0	58.0	30.0	2.4389478706163623	850	285	67	4	58	30	45	4	58	30	525	0	0.17186236381530762	425500	186.33100414276123	582	99.8632197414806	
88869268292735.03	61.896	4.0	58.0	30.0	2.4389478706163623	851	285	67	4	58	30	45	4	58	30	525	0	0.218735933303833	426000	186.54974007606506	582	99.86338028169014	
12695609756107.096	61.896	4.0	58.0	30.0	2.4389478706163623	852	285	67	4	58	30	45	4	58	30	525	0	0.2187342643737793	426500	186.76847434043884	582	99.86354044548652	
50782439024421.05	61.324	4.0	58.0	30.0	2.4389478706163623	853	285	67	4	58	30	45	4	58	30	525	0	0.2343599796295166	427000	187.00283432006836	582	99.86370023419204	
2.4433807241737897	61.896	4.0	58.0	30.0	2.4389478706163623	854	285	67	4	58	30	45	4	58	30	525	0	0.23436784744262695	427500	187.237202167511	582	99.8638596491228	
2.4433807241737897	62.512	4.0	58.0	30.0	2.4389478706163623	855	285	67	4	58	30	45	4	58	30	525	0	0.23434972763061523	428000	187.4715518951416	582	99.86401869158878	
12695609756107.096	61.632	4.0	58.0	30.0	2.4389478706163623	856	285	67	4	58	30	45	4	58	30	525	0	0.17186284065246582	428500	187.64341473579407	582	99.86417736289381	
2.443385351222327	61.544	4.0	58.0	30.0	2.4389478706163623	857	285	67	4	58	30	45	4	58	30	525	0	0.234358549118042	429000	187.8777732849121	582	99.86433566433567	
2.4433807241737897	59.872	4.0	58.0	30.0	2.4389478706163623	858	285	67	4	58	30	45	4	58	30	525	0	0.17186403274536133	429500	188.04963731765747	582	99.86449359720605	
2.4433807241737897	59.916	4.0	58.0	30.0	2.4389478706163623	859	285	67	4	58	30	45	4	58	30	525	0	0.2031104564666748	430000	188.25274777412415	582	99.8646511627907	
50782439024421.05	60.004	4.0	58.0	30.0	2.4389478706163623	860	285	67	4	58	30	45	4	58	30	525	0	0.18748879432678223	430500	188.44023656845093	582	99.86480836236933	
50782439024421.05	60.136	4.0	58.0	30.0	2.4389478706163623	861	285	67	4	58	30	45	4	58	30	525	0	0.2031095027923584	431000	188.6433460712433	582	99.86496519721578	
2.4433807241737897	60.84	4.0	58.0	30.0	2.4389478706163623	862	285	67	4	58	30	45	4	58	30	525	0	0.18748736381530762	431500	188.8308334350586	582	99.86512166859791	
2.4433807241737897	60.136	4.0	58.0	30.0	2.4389478706163623	863	285	67	4	58	30	45	4	58	30	525	0	0.17186331748962402	432000	189.00269675254822	582	99.86527777777778	
12695609756107.096	61.148	4.0	58.0	30.0	2.4389478706163623	864	285	67	4	58	30	45	4	58	30	525	0	0.2031116485595703	432500	189.2058084011078	582	99.86543352601156	
2.4433807241737897	60.708	4.0	58.0	30.0	2.4389478706163623	865	285	67	4	58	30	45	4	58	30	525	0	0.2343587875366211	433000	189.4401671886444	582	99.86558891454965	
50782439024421.05	61.06	4.0	58.0	30.0	2.4389478706163623	866	285	67	4	58	30	45	4	58	30	525	0	0.18748760223388672	433500	189.6276547908783	582	99.86574394463668	
2.4433807241737897	61.896	4.0	58.0	30.0	2.4389478706163623	867	285	67	4	58	30	45	4	58	30	525	0	0.187485933303833	434000	189.81514072418213	582	99.86589861751152	
2.4433807241737897	61.06	4.0	58.0	30.0	2.4389478706163623	868	285	67	4	58	30	45	4	58	30	525	0	0.20311236381530762	434500	190.01825308799744	582	99.86605293440736	
2.443385351222327	62.204	4.0	58.0	30.0	2.4389478706163623	869	285	67	4	58	30	45	4	58	30	525	0	0.2187337875366211	435000	190.23698687553406	582	99.86620689655173	
38086829268316.39	61.5	4.0	58.0	30.0	2.4389478706163623	870	285	67	4	58	30	45	4	58	30	525	0	0.2031114101409912	435500	190.44009828567505	582	99.86636050516647	
2.4433807241737897	60.884	4.0	58.0	30.0	2.4389478706163623	871	285	67	4	58	30	45	4	58	30	525	0	0.17186284065246582	436000	190.61196112632751	582	99.86651376146789	
25391219512211.754	61.852	4.0	58.0	30.0	2.4389478706163623	872	285	67	4	58	30	45	4	58	30	525	0	0.14061617851257324	436500	190.7525773048401	582	99.86666666666666	
50782439024421.05	62.204	4.0	58.0	30.0	2.4389478706163623	873	285	67	4	58	30	45	4	58	30	525	0	0.17186236381530762	437000	190.9244396686554	582	99.86681922196796	
2.4433807241737897	62.16	4.0	58.0	30.0	2.4389478706163623	874	285	67	4	58	30	45	4	58	30	525	0	0.203110933303833	437500	191.12755060195923	582	99.86697142857143	
2.4433807241737897	62.116	4.0	58.0	30.0	2.4389478706163623	875	285	67	4	58	30	45	4	58	30	525	0	0.20311236381530762	438000	191.33066296577454	582	99.86712328767123	
2.443385351222327	61.984	4.0	58.0	30.0	2.4389478706163623	876	285	67	4	58	30	45	4	58	30	525	0	0.2187340259552002	438500	191.54939699172974	582	99.8672748004561	
2.4433807241737897	61.896	4.0	58.0	30.0	2.4389478706163623	877	285	67	4	58	30	45	4	58	30	525	0	0.2499828338623047	439000	191.79937982559204	582	99.86742596810934	
2.4433807241737897	62.116	4.0	58.0	30.0	2.4389478706163623	878	285	67	4	58	30	45	4	58	30	525	0	0.2187356948852539	439500	192.0181155204773	582	99.86757679180887	
2.4433807241737897	62.248	4.0	58.0	30.0	2.4389478706163623	879	285	67	4	58	30	45	4	58	30	525	0	0.18748688697814941	440000	192.20560240745544	582	99.86772727272728	
25391219512211.754	62.072	4.0	58.0	30.0	2.4389478706163623	880	285	67	4	58	30	45	4	58	30	525	0	0.18748784065246582	440500	192.3930902481079	582	99.86787741203179	
12695609756107.096	62.204	4.0	58.0	30.0	2.4389478706163623	881	285	67	4	58	30	45	4	58	30	525	0	0.2031106948852539	441000	192.59620094299316	582	99.86802721088435	
2.4433807241737897	62.688	4.0	58.0	30.0	2.4389478706163623	882	285	67	4	58	30	45	4	58	30	525	0	0.18748688697814941	441500	192.7836878299713	582	99.86817667044167	
2.4433807241737897	63.568	4.0	58.0	30.0	2.4389478706163623	883	285	67	4	58	30	45	4	58	30	525	0	0.2031114101409912	442000	192.9867992401123	582	99.8683257918552	
2.4433807241737897	63.084	4.0	58.0	30.0	2.4389478706163623	884	285	67	4	58	30	45	4	58	30	525	0	0.18748688697814941	442500	193.17428612709045	582	99.86847457627118	
2.4433807241737897	63.524	4.0	58.0	30.0	2.4389478706163623	885	285	67	4	58	30	45	4	58	30	525	0	0.17187285423278809	443000	193.34615898132324	582	99.8686230248307	
25391219512211.754	63.788	4.0	58.0	30.0	2.4389478706163623	886	285	67	4	58	30	45	4	58	30	525	0	0.23434948921203613	443500	193.58050847053528	582	99.86877113866967	
2.4433807241737897	64.272	4.0	58.0	30.0	2.4389478706163623	887	285	67	4	58	30	45	4	58	30	525	0	0.2031111717224121	444000	193.7836196422577	582	99.86891891891892	
2.4433807241737897	65.064	4.0	58.0	30.0	2.4389478706163623	888	285	67	4	58	30	45	4	58	30	525	0	0.2031104564666748	444500	193.98673009872437	582	99.86906636670416	
76173658536630.39	65.108	4.0	58.0	30.0	2.4389478706163623	889	285	67	4	58	30	45	4	58	30	525	0	0.20311284065246582	445000	194.18984293937683	582	99.86921348314607	
12695609756107.096	64.844	4.0	58.0	30.0	2.4389478706163623	890	285	67	4	58	30	45	4	58	30	525	0	0.23435735702514648	445500	194.42420029640198	582	99.86936026936027	
12695609756107.096	65.064	4.0	58.0	30.0	2.4389478706163623	891	285	67	4	58	30	45	4	58	30	525	0	0.20311284065246582	446000	194.62731313705444	582	99.8695067264574	
25391219512211.754	64.272	4.0	58.0	30.0	2.4389478706163623	892	285	67	4	58	30	45	4	58	30	525	0	0.2187340259552002	446500	194.84604716300964	582	99.86965285554311	
126956097561048.97	64.184	4.0	58.0	30.0	2.4389478706163623	893	285	67	4	58	30	45	4	58	30	525	0	0.21873784065246582	447000	195.0647850036621	582	99.86979865771812	
12695609756107.096	64.668	4.0	58.0	30.0	2.4389478706163623	894	285	67	4	58	30	45	4	58	30	525	0	0.1718599796295166	447500	195.23664498329163	582	99.86994413407821	
2.4433807241737897	64.096	4.0	58.0	30.0	2.4389478706163623	895	285	67	4	58	30	45	4	58	30	525	0	0.203110933303833	448000	195.43975591659546	582	99.87008928571429	
12695609756107.096	64.096	4.0	58.0	30.0	2.4389478706163623	896	285	67	4	58	30	45	4	58	30	525	0	0.17186260223388672	448500	195.61161851882935	582	99.87023411371237	
2.4433807241737897	64.492	4.0	58.0	30.0	2.4389478706163623	897	285	67	4	58	30	45	4	58	30	525	0	0.2031114101409912	449000	195.81472992897034	582	99.87037861915367	
2.4433807241737897	64.36	4.0	58.0	30.0	2.4389478706163623	898	285	67	4	58	30	45	4	58	30	525	0	0.18748760223388672	449500	196.00221753120422	582	99.87052280311457	
38086829268316.39	64.316	4.0	58.0	30.0	2.4389478706163623	899	285	67	4	58	30	45	4	58	30	525	0	0.20311260223388672	450000	196.2053301334381	582	99.87066666666666	
2.443385351222327	64.272	4.0	58.0	30.0	2.4389478706163623	900	285	67	4	58	30	45	4	58	30	525	0	0.2031102180480957	450500	196.4084403514862	582	99.8708102108768	
2.4433807241737897	64.36	4.0	58.0	30.0	2.4389478706163623	901	285	67	4	58	30	45	4	58	30	525	0	0.1874861717224121	451000	196.59592652320862	582	99.8709534368071	
2.4433807241737897	63.92	4.0	58.0	30.0	2.4389478706163623	902	285	67	4	58	30	45	4	58	30	525	0	0.20312190055847168	451500	196.7990484237671	582	99.87109634551496	
12695609756107.096	63.832	4.0	58.0	30.0	2.4389478706163623	903	285	67	4	58	30	45	4	58	30	525	0	0.21872448921203613	452000	197.01777291297913	582	99.8712389380531	
50782439024421.05	63.084	4.0	58.0	30.0	2.4389478706163623	904	285	67	4	58	30	45	4	58	30	525	0	0.20311188697814941	452500	197.22088479995728	582	99.87138121546961	
2.4433807241737897	62.6	4.0	58.0	30.0	2.4389478706163623	905	285	67	4	58	30	45	4	58	30	525	0	0.18748760223388672	453000	197.40837240219116	582	99.87152317880795	
50782439024421.05	61.72	4.0	58.0	30.0	2.4389478706163623	906	285	67	4	58	30	45	4	58	30	525	0	0.2343580722808838	453500	197.64273047447205	582	99.87166482910695	
25391219512211.754	61.764	4.0	58.0	30.0	2.4389478706163623	907	285	67	4	58	30	45	4	58	30	525	0	0.20311260223388672	454000	197.84584307670593	582	99.87180616740088	
12695609756107.096	62.204	4.0	58.0	30.0	2.4389478706163623	908	285	67	4	58	30	45	4	58	30	525	0	0.23435688018798828	454500	198.08019995689392	582	99.87194719471947	
38086829268316.39	63.436	4.0	58.0	30.0	2.4389478706163623	909	285	67	4	58	30	45	4	58	30	525	0	0.2343597412109375	455000	198.31455969810486	582	99.8720879120879	
2.4433807241737897	63.656	4.0	58.0	30.0	2.4389478706163623	910	285	67	4	58	30	45	4	58	30	525	0	0.17186403274536133	455500	198.48642373085022	582	99.87222832052689	
25391219512211.754	64.14	4.0	58.0	30.0	2.4389478706163623	911	285	67	4	58	30	45	4	58	30	525	0	0.2031104564666748	456000	198.6895341873169	582	99.87236842105263	
2.4433807241737897	63.788	4.0	58.0	30.0	2.4389478706163623	912	285	67	4	58	30	45	4	58	30	525	0	0.2187356948852539	456500	198.90826988220215	582	99.87250821467688	
38086829268316.39	63.524	4.0	58.0	30.0	2.4389478706163623	913	285	67	4	58	30	45	4	58	30	525	0	0.2343583106994629	457000	199.1426281929016	582	99.87264770240701	
2.443385351222327	64.448	4.0	58.0	30.0	2.4389478706163623	914	285	67	4	58	30	45	4	58	30	525	0	0.2187356948852539	457500	199.36136388778687	582	99.8727868852459	
25391219512211.754	64.404	4.0	58.0	30.0	2.4389478706163623	915	285	67	4	58	30	45	4	58	30	525	0	0.1874856948852539	458000	199.54884958267212	582	99.87292576419215	
25391219512211.754	64.8	4.0	58.0	30.0	2.4389478706163623	916	285	67	4	58	30	45	4	58	30	525	0	0.2187349796295166	458500	199.76758456230164	582	99.8730643402399	
2.4433807241737897	64.404	4.0	58.0	30.0	2.4389478706163623	917	285	67	4	58	30	45	4	58	30	525	0	0.20311236381530762	459000	199.97069692611694	582	99.87320261437908	
12695609756107.096	64.316	4.0	58.0	30.0	2.4389478706163623	918	285	67	4	58	30	45	4	58	30	525	0	0.2031104564666748	459500	200.17380738258362	582	99.87334058759521	
2.4433807241737897	64.052	4.0	58.0	30.0	2.4389478706163623	919	285	67	4	58	30	45	4	58	30	525	0	0.1874866485595703	460000	200.3612940311432	582	99.87347826086956	
25391219512211.754	62.6	4.0	58.0	30.0	2.4389478706163623	920	285	67	4	58	30	45	4	58	30	525	0	0.18748760223388672	460500	200.54878163337708	582	99.87361563517915	
38086829268316.39	63.084	4.0	58.0	30.0	2.4389478706163623	921	285	67	4	58	30	45	4	58	30	525	0	0.20311236381530762	461000	200.75189399719238	582	99.87375271149675	
2.443385351222327	62.468	4.0	58.0	30.0	2.4389478706163623	922	285	67	4	58	30	45	4	58	30	525	0	0.2343587875366211	461500	200.986252784729	582	99.8738894907909	
25391219512211.754	62.072	4.0	58.0	30.0	2.4389478706163623	923	285	67	4	58	30	45	4	58	30	525	0	0.2343580722808838	462000	201.2206108570099	582	99.87402597402597	
2.4433807241737897	63.48	4.0	58.0	30.0	2.4389478706163623	924	285	67	4	58	30	45	4	58	30	525	0	0.17186403274536133	462500	201.39247488975525	582	99.87416216216216	
2.4433807241737897	63.26	4.0	58.0	30.0	2.4389478706163623	925	285	67	4	58	30	45	4	58	30	525	0	0.20311188697814941	463000	201.5955867767334	582	99.87429805615551	
12695609756107.096	63.216	4.0	58.0	30.0	2.4389478706163623	926	285	67	4	58	30	45	4	58	30	525	0	0.2187333106994629	463500	201.81432008743286	582	99.87443365695793	
2.443385351222327	63.392	4.0	58.0	30.0	2.4389478706163623	927	285	67	4	58	30	45	4	58	30	525	0	0.17186307907104492	464000	201.9861831665039	582	99.87456896551724	
2.4433807241737897	63.216	4.0	58.0	30.0	2.4389478706163623	928	285	67	4	58	30	45	4	58	30	525	0	0.23436951637268066	464500	202.2205526828766	582	99.87470398277718	
2.443385351222327	62.996	4.0	58.0	30.0	2.4389478706163623	929	285	67	4	58	30	45	4	58	30	525	0	0.21872639656066895	465000	202.43927907943726	582	99.87483870967742	
2.4433807241737897	63.216	4.0	58.0	30.0	2.4389478706163623	930	285	67	4	58	30	45	4	58	30	525	0	0.2343578338623047	465500	202.67363691329956	582	99.8749731471536	
2.4433807241737897	62.556	4.0	58.0	30.0	2.4389478706163623	931	285	67	4	58	30	45	4	58	30	525	0	0.2187342643737793	466000	202.89237117767334	582	99.87510729613734	
38086829268316.39	61.632	4.0	58.0	30.0	2.4389478706163623	932	285	67	4	58	30	45	4	58	30	525	0	0.1874985694885254	466500	203.07986974716187	582	99.87524115755627	
25391219512211.754	60.752	4.0	58.0	30.0	2.4389478706163623	933	285	67	4	58	30	45	4	58	30	525	0	0.18747568130493164	467000	203.2673454284668	582	99.87537473233405	
2.443385351222327	60.18	4.0	58.0	30.0	2.4389478706163623	934	285	67	4	58	30	45	4	58	30	525	0	0.18748736381530762	467500	203.4548327922821	582	99.87550802139037	
25391219512211.754	60.224	4.0	58.0	30.0	2.4389478706163623	935	285	67	4	58	30	45	4	58	30	525	0	0.2343599796295166	468000	203.68919277191162	582	99.87564102564103	
2.4433807241737897	60.708	4.0	58.0	30.0	2.4389478706163623	936	285	67	4	58	30	45	4	58	30	525	0	0.2343580722808838	468500	203.9235508441925	582	99.87577374599786	
12695609756107.096	60.664	4.0	58.0	30.0	2.4389478706163623	937	285	67	4	58	30	45	4	58	30	525	0	0.2343587875366211	469000	204.15790963172913	582	99.87590618336887	
2.4433807241737897	61.06	4.0	58.0	30.0	2.4389478706163623	938	285	67	4	58	30	45	4	58	30	525	0	0.203110933303833	469500	204.36102056503296	582	99.87603833865815	
2.4433807241737897	60.84	4.0	58.0	30.0	2.4389478706163623	939	285	67	4	58	30	45	4	58	30	525	0	0.2499830722808838	470000	204.61100363731384	582	99.87617021276596	
2.4433807241737897	60.576	4.0	58.0	30.0	2.4389478706163623	940	285	67	4	58	30	45	4	58	30	525	0	0.218735933303833	470500	204.82973957061768	582	99.87630180658874	
12695609756107.096	60.356	4.0	58.0	30.0	2.4389478706163623	941	285	67	4	58	30	45	4	58	30	525	0	0.2031111717224121	471000	205.0328507423401	582	99.8764331210191	
2.4433807241737897	59.96	4.0	58.0	30.0	2.4389478706163623	942	285	67	4	58	30	45	4	58	30	525	0	0.1874866485595703	471500	205.22033739089966	582	99.87656415694592	
2.4433807241737897	60.488	4.0	58.0	30.0	2.4389478706163623	943	285	67	4	58	30	45	4	58	30	525	0	0.1874866485595703	472000	205.40782403945923	582	99.87669491525423	
25391219512211.754	59.652	4.0	58.0	30.0	2.4389478706163623	944	285	67	4	58	30	45	4	58	30	525	0	0.18748831748962402	472500	205.59531235694885	582	99.8768253968254	
2.4433807241737897	59.212	4.0	58.0	30.0	2.4389478706163623	945	285	67	4	58	30	45	4	58	30	525	0	0.2343578338623047	473000	205.82967019081116	582	99.876955602537	
25391219512211.754	59.52	4.0	58.0	30.0	2.4389478706163623	946	285	67	4	58	30	45	4	58	30	525	0	0.18748903274536133	473500	206.01715922355652	582	99.87708553326294	
38086829268316.39	59.652	4.0	58.0	30.0	2.4389478706163623	947	285	67	4	58	30	45	4	58	30	525	0	0.1874856948852539	474000	206.20464491844177	582	99.87721518987341	
25391219512211.754	58.244	4.0	58.0	30.0	2.4389478706163623	948	285	67	4	58	30	45	4	58	30	525	0	0.2343583106994629	474500	206.43900322914124	582	99.87734457323498	
25391219512211.754	57.276	4.0	58.0	30.0	2.4389478706163623	949	285	67	4	58	30	45	4	58	30	525	0	0.17186474800109863	475000	206.61086797714233	582	99.87747368421053	
12695609756107.096	56.836	4.0	58.0	30.0	2.4389478706163623	950	285	67	4	58	30	45	4	58	30	525	0	0.2031114101409912	475500	206.81397938728333	582	99.8776025236593	
2.4433807241737897	57.1	4.0	58.0	30.0	2.4389478706163623	951	285	67	4	58	30	45	4	58	30	525	0	0.2031097412109375	476000	207.01708912849426	582	99.87773109243697	
38086829268316.39	56.968	4.0	58.0	30.0	2.4389478706163623	952	285	67	4	58	30	45	4	58	30	525	0	0.2343595027923584	476500	207.25144863128662	582	99.87785939139559	
76173658536630.39	56.968	4.0	58.0	30.0	2.4389478706163623	953	285	67	4	58	30	45	4	58	30	525	0	0.2031102180480957	477000	207.45455884933472	582	99.87798742138365	
2.443385351222327	57.936	4.0	58.0	30.0	2.4389478706163623	954	285	67	4	58	30	45	4	58	30	525	0	0.2187364101409912	477500	207.6732952594757	582	99.87811518324607	
50782439024421.05	58.552	4.0	58.0	30.0	2.4389478706163623	955	285	67	4	58	30	45	4	58	30	525	0	0.2343578338623047	478000	207.907653093338	582	99.87824267782426	
2.4433807241737897	58.244	4.0	58.0	30.0	2.4389478706163623	956	285	67	4	58	30	45	4	58	30	525	0	0.15623879432678223	478500	208.0638918876648	582	99.8783699059561	
2.4433807241737897	57.76	4.0	58.0	30.0	2.4389478706163623	957	285	67	4	58	30	45	4	58	30	525	0	0.2031116485595703	479000	208.26700353622437	582	99.87849686847599	
12695609756107.096	58.86	4.0	58.0	30.0	2.4389478706163623	958	285	67	4	58	30	45	4	58	30	525	0	0.18748855590820312	479500	208.45449209213257	582	99.87862356621481	
2.4433807241737897	59.344	4.0	58.0	30.0	2.4389478706163623	959	285	67	4	58	30	45	4	58	30	525	0	0.234358549118042	480000	208.6888506412506	582	99.87875	
2.4433807241737897	58.772	4.0	58.0	30.0	2.4389478706163623	960	285	67	4	58	30	45	4	58	30	525	0	0.2343578338623047	480500	208.92320847511292	582	99.87887617065557	
25391219512211.754	58.684	4.0	58.0	30.0	2.4389478706163623	961	285	67	4	58	30	45	4	58	30	525	0	0.2343592643737793	481000	209.1575677394867	582	99.87900207900208	
2.4433807241737897	58.42	4.0	58.0	30.0	2.4389478706163623	962	285	67	4	58	30	45	4	58	30	525	0	0.2187354564666748	481500	209.37630319595337	582	99.87912772585669	
2.443385351222327	57.672	4.0	58.0	30.0	2.4389478706163623	963	285	67	4	58	30	45	4	58	30	525	0	0.234358549118042	482000	209.6106617450714	582	99.8792531120332	
12695609756107.096	57.408	4.0	58.0	30.0	2.4389478706163623	964	285	67	4	58	30	45	4	58	30	525	0	0.20311236381530762	482500	209.81377410888672	582	99.87937823834197	
2.4433807241737897	58.244	4.0	58.0	30.0	2.4389478706163623	965	285	67	4	58	30	45	4	58	30	525	0	0.187485933303833	483000	210.00126004219055	582	99.87950310559006	
2.4433807241737897	58.244	4.0	58.0	30.0	2.4389478706163623	966	285	67	4	58	30	45	4	58	30	525	0	0.2031114101409912	483500	210.20437145233154	582	99.87962771458118	
12695609756107.096	59.608	4.0	58.0	30.0	2.4389478706163623	967	285	67	4	58	30	45	4	58	30	525	0	0.1874866485595703	484000	210.3918581008911	582	99.8797520661157	
50782439024421.05	59.124	4.0	58.0	30.0	2.4389478706163623	968	285	67	4	58	30	45	4	58	30	525	0	0.15624141693115234	484500	210.54809951782227	582	99.87987616099072	
2.4433807241737897	59.388	4.0	58.0	30.0	2.4389478706163623	969	285	67	4	58	30	45	4	58	30	525	0	0.1874861717224121	485000	210.73558568954468	582	99.88	
2.443385351222327	59.652	4.0	58.0	30.0	2.4389478706163623	970	285	67	4	58	30	45	4	58	30	525	0	0.2187349796295166	485500	210.9543206691742	582	99.8801235839341	
25391219512211.754	60.224	4.0	58.0	30.0	2.4389478706163623	971	285	67	4	58	30	45	4	58	30	525	0	0.1874861717224121	486000	211.1418068408966	582	99.88024691358025	
2.4433807241737897	60.884	4.0	58.0	30.0	2.4389478706163623	972	285	67	4	58	30	45	4	58	30	525	0	0.2187349796295166	486500	211.36054182052612	582	99.88036998972251	
2.4433807241737897	61.412	4.0	58.0	30.0	2.4389478706163623	973	285	67	4	58	30	45	4	58	30	525	0	0.2343590259552002	487000	211.59490084648132	582	99.88049281314169	
2.4433807241737897	61.324	4.0	58.0	30.0	2.4389478706163623	974	285	67	4	58	30	45	4	58	30	525	0	0.2187364101409912	487500	211.81363725662231	582	99.88061538461538	
38086829268316.39	60.84	4.0	58.0	30.0	2.4389478706163623	975	285	67	4	58	30	45	4	58	30	525	0	0.24998188018798828	488000	212.0636191368103	582	99.88073770491803	
25391219512211.754	60.4	4.0	58.0	30.0	2.4389478706163623	976	285	67	4	58	30	45	4	58	30	525	0	0.2343587875366211	488500	212.29797792434692	582	99.88085977482088	
2.4433807241737897	60.444	4.0	58.0	30.0	2.4389478706163623	977	285	67	4	58	30	45	4	58	30	525	0	0.2343590259552002	489000	212.53233695030212	582	99.88098159509202	
25391219512211.754	59.784	4.0	58.0	30.0	2.4389478706163623	978	285	67	4	58	30	45	4	58	30	525	0	0.14061450958251953	489500	212.67295145988464	582	99.88110316649643	
12695609756107.096	58.772	4.0	58.0	30.0	2.4389478706163623	979	285	67	4	58	30	45	4	58	30	525	0	0.20311188697814941	490000	212.8760633468628	582	99.88122448979591	
2.4433807241737897	59.564	4.0	58.0	30.0	2.4389478706163623	980	285	67	4	58	30	45	4	58	30	525	0	0.2187364101409912	490500	213.09479975700378	582	99.88134556574923	
2.4433807241737897	60.356	4.0	58.0	30.0	2.4389478706163623	981	285	67	4	58	30	45	4	58	30	525	0	0.17186307907104492	491000	213.26666283607483	582	99.88146639511201	
12695609756107.096	61.5	4.0	58.0	30.0	2.4389478706163623	982	285	67	4	58	30	45	4	58	30	525	0	0.23436260223388672	491500	213.50102543830872	582	99.88158697863683	
2.4433807241737897	62.776	4.0	58.0	30.0	2.4389478706163623	983	285	67	4	58	30	45	4	58	30	525	0	0.20310664176940918	492000	213.70413208007812	582	99.88170731707316	
12695609756107.096	62.6	4.0	58.0	30.0	2.4389478706163623	984	285	67	4	58	30	45	4	58	30	525	0	0.17186641693115234	492500	213.87599849700928	582	99.8818274111675	
2.443385351222327	63.04	4.0	58.0	30.0	2.4389478706163623	985	285	67	4	58	30	45	4	58	30	525	0	0.1874852180480957	493000	214.06348371505737	582	99.88194726166329	
2.4433807241737897	63.7	4.0	58.0	30.0	2.4389478706163623	986	285	67	4	58	30	45	4	58	30	525	0	0.17186260223388672	493500	214.23534631729126	582	99.88206686930091	
2.443385351222327	63.26	4.0	58.0	30.0	2.4389478706163623	987	285	67	4	58	30	45	4	58	30	525	0	0.15624189376831055	494000	214.39158821105957	582	99.88218623481781	
25391219512211.754	63.216	4.0	58.0	30.0	2.4389478706163623	988	285	67	4	58	30	45	4	58	30	525	0	0.2031097412109375	494500	214.5946979522705	582	99.88230535894843	
12695609756107.096	63.788	4.0	58.0	30.0	2.4389478706163623	989	285	67	4	58	30	45	4	58	30	525	0	0.218733549118042	495000	214.81343150138855	582	99.88242424242424	
25391219512211.754	63.964	4.0	58.0	30.0	2.4389478706163623	990	285	67	4	58	30	45	4	58	30	525	0	0.26561665534973145	495500	215.07904815673828	582	99.88254288597376	
12695609756107.096	64.272	4.0	58.0	30.0	2.4389478706163623	991	285	67	4	58	30	45	4	58	30	525	0	0.23434925079345703	496000	215.31339740753174	582	99.88266129032257	
2.4433807241737897	64.58	4.0	58.0	30.0	2.4389478706163623	992	285	67	4	58	30	45	4	58	30	525	0	0.2656092643737793	496500	215.57900667190552	582	99.88277945619335	
2.443385351222327	64.624	4.0	58.0	30.0	2.4389478706163623	993	285	67	4	58	30	45	4	58	30	525	0	0.2031083106994629	497000	215.78211498260498	582	99.88289738430583	
25391219512211.754	64.8	4.0	58.0	30.0	2.4389478706163623	994	285	67	4	58	30	45	4	58	30	525	0	0.18748736381530762	497500	215.9696023464203	582	99.88301507537689	
12695609756107.096	65.812	4.0	58.0	30.0	2.4389478706163623	995	285	67	4	58	30	45	4	58	30	525	0	0.2031111717224121	498000	216.1727135181427	582	99.88313253012048	
2.4433807241737897	66.12	4.0	58.0	30.0	2.4389478706163623	996	285	67	4	58	30	45	4	58	30	525	0	0.2812323570251465	498500	216.45394587516785	582	99.88324974924774	
12695609756107.096	66.252	4.0	58.0	30.0	2.4389478706163623	997	285	67	4	58	30	45	4	58	30	525	0	0.23435664176940918	499000	216.68830251693726	582	99.88336673346693	
63478048780525.695	66.032	4.0	58.0	30.0	2.4389478706163623	998	285	67	4	58	30	45	4	58	30	525	0	0.2343595027923584	499500	216.92266201972961	582	99.88348348348349	
25391219512211.754	65.856	4.0	58.0	30.0	2.4389478706163623	999	285	67	4	58	30	45	4	58	30	525	0	0.20311236381530762	500000	217.12577438354492	582	99.8836	
2.4433807241737897	65.988	4.0	58.0	30.0	2.4389478706163623	1000	285	67	4	58	30	45	4	58	30	525	0	0.24998068809509277	500500	217.37575507164001	582	99.88371628371628	
