ave_fitness	ave_genome_length	ave_tree_depth	ave_tree_nodes	ave_used_codons	best_fitness	gen	invalids	max_genome_length	max_tree_depth	max_tree_nodes	max_used_codons	min_genome_length	min_tree_depth	min_tree_nodes	min_used_codons	runtime_error	time_adjust	time_taken	total_inds	total_time	unique_inds	unused_search	
1.5426385947172425e+38	101.68	6.53	131.37	67.95	81.97443653255604	0	0	180	10	232	120	22	3	29	15	59	0	2.4685802459716797	100	2.4685802459716797	41	59.0	
4.3827830641043505e+24	29.82	3.225	35.525	18.375	60.54010252813638	1	21	45	5.0	87.0	45.0	22	3.0	29.0	15.0	81	0	0.10936713218688965	200	2.5779473781585693	89	55.5	
2.592875941584255e+20	25.45	3.0434782608695654	30.26086956521739	15.652173913043478	29.059037892292114	2	29	45	5.0	87.0	45.0	22	3.0	29.0	15.0	83	0	0.031247854232788086	300	2.6091952323913574	145	51.666666666666664	
7350462.769687299	24.53	3.0	29.0	15.0	29.059037892292114	3	34	45	3.0	29.0	15.0	22	3.0	29.0	15.0	83	0	0.031248092651367188	400	2.6404433250427246	206	48.5	
26472497.428434335	23.38	3.0	29.0	15.0	29.059037892292114	4	41	45	3.0	29.0	15.0	22	3.0	29.0	15.0	84	0	0.015631675720214844	500	2.6560750007629395	268	46.4	
665192.0398405307	23.15	3.021505376344086	29.623655913978496	15.32258064516129	27.106072458418158	5	49	45	5.0	87.0	45.0	22	3.0	29.0	15.0	85	0	0.031239986419677734	600	2.687314987182617	330	44.99999999999999	
1124579.2842521435	22.69	3.0	29.0	15.0	27.106072458418158	6	56	45	3.0	29.0	15.0	22	3.0	29.0	15.0	86	0	0.031247615814208984	700	2.718562602996826	392	43.99999999999999	
5634655.0087234685	23.38	3.0	29.0	15.0	25.47861791247876	7	66	45	3.0	29.0	15.0	22	3.0	29.0	15.0	86	0	0.031248092651367188	800	2.7498106956481934	455	43.125	
6.321672114070991e+25	22.69	3.0	29.0	15.0	25.47861791247876	8	70	45	3.0	29.0	15.0	22	3.0	29.0	15.0	86	0	0.031247854232788086	900	2.7810585498809814	512	43.111111111111114	
214813.67471729557	24.07	3.0	29.0	15.0	24.26080996820318	9	77	45	3.0	29.0	15.0	22	3.0	29.0	15.0	86	0	0.04687213897705078	1000	2.8279306888580322	573	42.7	
62346589.50323906	25.45	3.020618556701031	29.5979381443299	15.309278350515465	24.19354558470281	10	81	45	5.0	87.0	45.0	22	3.0	29.0	15.0	87	0	0.01562356948852539	1100	2.8435542583465576	636	42.18181818181819	
21263563.95219851	22.92	3.020618556701031	29.5979381443299	15.309278350515465	24.119848046628334	11	85	45	5.0	87.0	45.0	22	3.0	29.0	15.0	87	0	0.031247377395629883	1200	2.8748016357421875	693	42.25	
8045087.509281098	22.46	3.0	29.0	15.0	24.097413966494386	12	88	45	3.0	29.0	15.0	22	3.0	29.0	15.0	87	0	0.015624523162841797	1300	2.8904261589050293	755	41.92307692307692	
618934586.9502189	24.99	3.0	29.0	15.0	24.097413966494386	13	92	45	3.0	29.0	15.0	22	3.0	29.0	15.0	87	0	0.031247854232788086	1400	2.9216740131378174	824	41.142857142857146	
8392772.80217342	25.45	3.0	29.0	15.0	24.097413966494386	14	96	45	3.0	29.0	15.0	22	3.0	29.0	15.0	88	0	0.04687190055847168	1500	2.968545913696289	880	41.333333333333336	
834041.0111048784	28.44	3.0208333333333335	29.604166666666668	15.3125	24.097413966494386	15	101	45	5.0	87.0	45.0	22	3.0	29.0	15.0	88	0	0.01562356948852539	1600	2.9841694831848145	933	41.6875	
9515465.735334141	29.36	3.020408163265306	29.591836734693878	15.306122448979592	24.097413966494386	16	104	45	5.0	87.0	45.0	22	3.0	29.0	15.0	88	0	0.04687190055847168	1700	3.031041383743286	1003	41.0	
6622517.9866355695	28.44	3.0208333333333335	29.604166666666668	15.3125	24.097413966494386	17	109	45	5.0	87.0	45.0	22	3.0	29.0	15.0	88	0	0.031247854232788086	1800	3.062289237976074	1070	40.55555555555556	
64792290.56896554	27.06	3.0408163265306123	30.183673469387756	15.612244897959183	24.097413966494386	18	112	45	5.0	87.0	45.0	22	3.0	29.0	15.0	88	0	0.04687166213989258	1900	3.109160900115967	1121	41.0	
39957475.99936097	26.6	3.0	29.0	15.0	24.097413966494386	19	115	45	3.0	29.0	15.0	22	3.0	29.0	15.0	89	0	0.015624284744262695	2000	3.1247851848602295	1173	41.349999999999994	
13626128679.193254	25.91	3.020618556701031	29.5979381443299	15.309278350515465	24.097413966494386	20	119	45	5.0	87.0	45.0	22	3.0	29.0	15.0	89	0	0.031247615814208984	2100	3.1560328006744385	1221	41.85714285714286	
8744516.44985433	26.37	3.0425531914893615	30.23404255319149	15.638297872340425	24.097413966494386	21	126	45	5.0	87.0	45.0	22	3.0	29.0	15.0	89	0	0.031247854232788086	2200	3.1872806549072266	1275	42.04545454545454	
10655933.45608117	24.53	3.021276595744681	29.617021276595743	15.319148936170214	24.097413966494386	22	133	45	5.0	87.0	45.0	22	3.0	29.0	15.0	89	0	0.031248092651367188	2300	3.2185287475585938	1332	42.086956521739125	
7360821.01779061	23.61	3.0202020202020203	29.585858585858585	15.303030303030303	24.097413966494386	23	135	45	5.0	87.0	45.0	22	3.0	29.0	15.0	89	0	0.04687166213989258	2400	3.2654004096984863	1387	42.208333333333336	
7422575.738552519	24.3	3.0	29.0	15.0	24.097413966494386	24	138	45	3.0	29.0	15.0	22	3.0	29.0	15.0	89	0	0.031248092651367188	2500	3.2966485023498535	1440	42.400000000000006	
10021283.587566113	25.68	3.020408163265306	29.591836734693878	15.306122448979592	24.097413966494386	25	141	45	5.0	87.0	45.0	22	3.0	29.0	15.0	89	0	0.031247615814208984	2600	3.3278961181640625	1496	42.46153846153846	
16371551384.316303	25.68	3.020618556701031	29.5979381443299	15.309278350515465	24.097413966494386	26	145	45	5.0	87.0	45.0	22	3.0	29.0	15.0	89	0	0.03124833106994629	2700	3.359144449234009	1548	42.666666666666664	
501373.71162804955	25.45	3.0	29.0	15.0	24.097413966494386	27	148	45	3.0	29.0	15.0	22	3.0	29.0	15.0	89	0	0.03124690055847168	2800	3.3903913497924805	1590	43.214285714285715	
8760456.91231651	25.22	3.0	29.0	15.0	24.097413966494386	28	149	45	3	29	15	22	3	29	15	89	0	0.04687237739562988	2900	3.4372637271881104	1647	43.20689655172414	
80504.90353626666	26.37	3.020408163265306	29.591836734693878	15.306122448979592	24.097413966494386	29	152	45	5.0	87.0	45.0	22	3.0	29.0	15.0	89	0	0.031247854232788086	3000	3.4685115814208984	1701	43.300000000000004	
14654.03695749715	23.61	3.021505376344086	29.623655913978496	15.32258064516129	24.097413966494386	30	160	45	5.0	87.0	45.0	22	3.0	29.0	15.0	89	0	0.015624046325683594	3100	3.484135627746582	1753	43.45161290322581	
2130398.887283969	23.84	3.043956043956044	30.274725274725274	15.659340659340659	24.097413966494386	31	170	45	5.0	87.0	45.0	22	3.0	29.0	15.0	89	0	0.04687166213989258	3200	3.5310072898864746	1797	43.84375	
8476535.796645667	24.07	3.0416666666666665	30.208333333333332	15.625	24.097413966494386	32	175	45	5.0	87.0	45.0	22	3.0	29.0	15.0	89	0	0.031247854232788086	3300	3.5622551441192627	1860	43.63636363636364	
510755262.1656577	24.76	3.061224489795918	30.775510204081634	15.918367346938776	24.097413966494386	33	178	45	5.0	87.0	45.0	22	3.0	29.0	15.0	90	0	0.031247854232788086	3400	3.593502998352051	1916	43.64705882352942	
1424692768.449054	25.45	3.0851063829787235	31.46808510638298	16.27659574468085	24.097413966494386	34	185	45	5.0	87.0	45.0	22	3.0	29.0	15.0	91	0	0.04687237739562988	3500	3.6403753757476807	1967	43.8	
49126004.93039541	26.6	3.0631578947368423	30.83157894736842	15.947368421052632	24.097413966494386	35	191	45	5.0	87.0	45.0	22	3.0	29.0	15.0	91	0	0.015623092651367188	3600	3.655998468399048	2022	43.833333333333336	
26799773.895795833	28.9	3.061224489795918	30.775510204081634	15.918367346938776	24.097413966494386	36	194	45	5.0	87.0	45.0	22	3.0	29.0	15.0	91	0	0.03124833106994629	3700	3.687246799468994	2075	43.91891891891891	
8958271.056206103	29.59	3.0425531914893615	30.23404255319149	15.638297872340425	24.097413966494386	37	201	45	5.0	87.0	45.0	22	3.0	29.0	15.0	91	0	0.03124833106994629	3800	3.7184951305389404	2117	44.28947368421052	
10991912.830915865	28.44	3.0408163265306123	30.183673469387756	15.612244897959183	24.097413966494386	38	204	45	5.0	87.0	45.0	22	3.0	29.0	15.0	91	0	0.031247615814208984	3900	3.7497427463531494	2166	44.46153846153847	
24610863662.38477	27.75	3.0851063829787235	31.46808510638298	16.27659574468085	24.097413966494386	39	211	45	5.0	87.0	45.0	22	3.0	29.0	15.0	91	0	0.015624523162841797	4000	3.765367269515991	2213	44.675	
16823.137545679827	28.67	3.0412371134020617	30.195876288659793	15.618556701030927	24.097413966494386	40	215	45	5.0	87.0	45.0	22	3.0	29.0	15.0	91	0	0.03124856948852539	4100	3.7966158390045166	2262	44.829268292682926	
547474754.6434838	30.74	3.1515151515151514	33.39393939393939	17.272727272727273	24.097413966494386	41	217	45	5.0	87.0	45.0	22	3.0	29.0	15.0	91	0	0.031245946884155273	4200	3.827861785888672	2319	44.785714285714285	
1214682765.993954	29.82	3.094736842105263	31.74736842105263	16.42105263157895	24.097413966494386	42	223	45	5.0	87.0	45.0	22	3.0	29.0	15.0	91	0	0.03124856948852539	4300	3.8591103553771973	2375	44.76744186046512	
46597940444.82649	28.21	3.02	29.58	15.3	24.097413966494386	43	224	45	5	87	45	22	3	29	15	91	0	0.03124856948852539	4400	3.8903589248657227	2431	44.75	
1706406111.7097347	29.36	3.0618556701030926	30.79381443298969	15.927835051546392	24.097413966494386	44	228	45	5.0	87.0	45.0	22	3.0	29.0	15.0	91	0	0.031246423721313477	4500	3.921605348587036	2490	44.666666666666664	
1.436294736842127e+24	26.37	3.1157894736842104	32.357894736842105	16.736842105263158	24.097413966494386	45	234	45	5.0	87.0	45.0	22	3.0	29.0	15.0	91	0	0.031248092651367188	4600	3.9528534412384033	2544	44.69565217391305	
8088543.970965052	26.83	3.03	29.87	15.45	24.097413966494386	46	235	45	5	87	45	22	3	29	15	91	0	0.031248807907104492	4700	3.984102249145508	2603	44.61702127659575	
30332063.305864785	26.83	3.043010752688172	30.247311827956988	15.64516129032258	24.097413966494386	47	243	45	5.0	87.0	45.0	22	3.0	29.0	15.0	91	0	0.01562356948852539	4800	3.999725818634033	2652	44.75	
119792343.28240636	27.98	3.0425531914893615	30.23404255319149	15.638297872340425	24.097413966494386	48	250	45	5.0	87.0	45.0	22	3.0	29.0	15.0	91	0	0.015624046325683594	4900	4.015349864959717	2691	45.08163265306122	
5513125.342706598	26.83	3.0	29.0	15.0	24.097413966494386	49	255	45	3.0	29.0	15.0	22	3.0	29.0	15.0	91	0	0.031247615814208984	5000	4.046597480773926	2732	45.36	
5671.3749532683605	27.29	3.0202020202020203	29.585858585858585	15.303030303030303	24.097413966494386	50	257	45	5.0	87.0	45.0	22	3.0	29.0	15.0	91	0	0.031248092651367188	5100	4.077845573425293	2776	45.568627450980394	
420751.439106856	24.76	3.0	29.0	15.0	24.097413966494386	51	264	45	3.0	29.0	15.0	22	3.0	29.0	15.0	91	0	0.031249284744262695	5200	4.109094858169556	2825	45.67307692307693	
9684717.788463525	25.68	3.0	29.0	15.0	24.097413966494386	52	269	45	3.0	29.0	15.0	22	3.0	29.0	15.0	91	0	0.031248092651367188	5300	4.140342950820923	2869	45.867924528301884	
3869294.496402786	25.68	3.0106382978723403	29.30851063829787	15.159574468085106	24.097413966494386	53	276	45	4.0	58.0	30.0	22	3.0	29.0	15.0	91	0	0.015623331069946289	5400	4.155966281890869	2915	46.01851851851851	
9.183691912665839e+18	27.29	3.010204081632653	29.29591836734694	15.153061224489797	24.097413966494386	54	278	45	4.0	58.0	30.0	22	3.0	29.0	15.0	92	0	0.031249046325683594	5500	4.187215328216553	2955	46.27272727272727	
1665911490.3487241	26.83	3.01010101010101	29.292929292929294	15.151515151515152	24.097413966494386	55	280	45	4.0	58.0	30.0	22	3.0	29.0	15.0	92	0	0.015623331069946289	5600	4.202838659286499	2990	46.60714285714286	
482817580.40267104	28.9	3.01	29.29	15.15	24.097413966494386	56	281	45	4	58	30	22	3	29	15	92	0	0.031248092651367188	5700	4.234086751937866	3035	46.75438596491228	
51303852.21869564	27.75	3.010752688172043	29.311827956989248	15.161290322580646	24.097413966494386	57	288	45	4.0	58.0	30.0	22	3.0	29.0	15.0	93	0	0.03124713897705078	5800	4.265333890914917	3072	47.03448275862069	
8.02222085514478e+18	31.2	3.0103092783505154	29.298969072164947	15.154639175257731	24.097413966494386	58	292	45	4.0	58.0	30.0	22	3.0	29.0	15.0	93	0	0.031249523162841797	5900	4.296583414077759	3121	47.101694915254235	
62850971.365073375	32.12	3.02	29.58	15.3	24.097413966494386	59	293	45	4	58	30	22	3	29	15	93	0	0.04686999320983887	6000	4.343453407287598	3168	47.199999999999996	
5773731720199.512	28.44	3.0408163265306123	30.183673469387756	15.612244897959183	24.097413966494386	60	296	45	4.0	58.0	30.0	22	3.0	29.0	15.0	93	0	0.031249284744262695	6100	4.37470269203186	3210	47.377049180327866	
7472808211.992685	30.97	3.061224489795918	30.775510204081634	15.918367346938776	24.097413966494386	61	299	45	4.0	58.0	30.0	22	3.0	29.0	15.0	93	0	0.03124523162841797	6200	4.405947923660278	3252	47.54838709677419	
10338100.875467584	29.59	3.02	29.58	15.3	24.097413966494386	62	300	45	4	58	30	22	3	29	15	93	0	0.031248092651367188	6300	4.4371960163116455	3309	47.476190476190474	
1712723581.1167152	26.37	3.0103092783505154	29.298969072164947	15.154639175257731	24.097413966494386	63	304	45	4.0	58.0	30.0	22	3.0	29.0	15.0	93	0	0.031248092651367188	6400	4.468444108963013	3350	47.65625	
418258120.58209676	29.13	3.0	29.0	15.0	24.097413966494386	64	309	45	3.0	29.0	15.0	22	3.0	29.0	15.0	93	0	0.031247854232788086	6500	4.499691963195801	3389	47.861538461538466	
5704249754841.928	28.67	3.0	29.0	15.0	24.097413966494386	65	315	45	3.0	29.0	15.0	22	3.0	29.0	15.0	93	0	0.046871185302734375	6600	4.546563148498535	3436	47.93939393939394	
728731165353.3214	30.28	3.0103092783505154	29.298969072164947	15.154639175257731	24.097413966494386	66	319	45	4.0	58.0	30.0	22	3.0	29.0	15.0	93	0	0.031249523162841797	6700	4.577812671661377	3480	48.05970149253731	
354293.5246106144	31.89	3.03	29.87	15.45	24.097413966494386	67	319	45	4	58	30	22	3	29	15	93	0	0.031245946884155273	6800	4.609058618545532	3518	48.26470588235294	
1909748.9750483518	31.43	3.0625	30.8125	15.9375	24.097413966494386	68	324	45	4.0	58.0	30.0	22	3.0	29.0	15.0	93	0	0.031248092651367188	6900	4.640306711196899	3562	48.3768115942029	
781861.6470855341	33.27	3.0721649484536084	31.09278350515464	16.082474226804123	24.097413966494386	69	328	45	4.0	58.0	30.0	22	3.0	29.0	15.0	93	0	0.031247854232788086	7000	4.6715545654296875	3612	48.4	
84992.73712960433	32.12	3.1041666666666665	32.020833333333336	16.5625	24.097413966494386	70	333	45	4.0	58.0	30.0	22	3.0	29.0	15.0	93	0	0.031249523162841797	7100	4.702804088592529	3656	48.50704225352113	
1009926.9405659817	35.34	3.075268817204301	31.182795698924732	16.129032258064516	24.097413966494386	71	341	45	4.0	58.0	30.0	22	3.0	29.0	15.0	93	0	0.031246662139892578	7200	4.734050750732422	3690	48.75000000000001	
16595163.36966932	35.34	3.082474226804124	31.391752577319586	16.237113402061855	24.097413966494386	72	345	45	4.0	58.0	30.0	22	3.0	29.0	15.0	93	0	0.04687213897705078	7300	4.780922889709473	3734	48.84931506849315	
13666848.812001903	35.34	3.086021505376344	31.49462365591398	16.29032258064516	24.097413966494386	73	353	45	4.0	58.0	30.0	22	3.0	29.0	15.0	94	0	0.031247377395629883	7400	4.8121702671051025	3790	48.78378378378378	
506422613.646933	33.27	3.051546391752577	30.49484536082474	15.77319587628866	24.097413966494386	74	357	45	4.0	58.0	30.0	22	3.0	29.0	15.0	94	0	0.046872854232788086	7500	4.859043121337891	3833	48.89333333333333	
295227474.44871753	32.58	3.0408163265306123	30.183673469387756	15.612244897959183	24.097413966494386	75	360	45	4.0	58.0	30.0	22	3.0	29.0	15.0	94	0	0.03124713897705078	7600	4.890290260314941	3882	48.921052631578945	
1659161.832346271	34.19	3.0618556701030926	30.79381443298969	15.927835051546392	24.097413966494386	76	364	45	4.0	58.0	30.0	22	3.0	29.0	15.0	94	0	0.031247615814208984	7700	4.92153787612915	3933	48.922077922077925	
173624130.60268527	36.49	3.0816326530612246	31.367346938775512	16.224489795918366	24.097413966494386	77	367	45	4.0	58.0	30.0	22	3.0	29.0	15.0	95	0	0.04687166213989258	7800	4.968409538269043	3978	49.0	
8740255.263620019	34.65	3.0505050505050506	30.464646464646464	15.757575757575758	24.097413966494386	78	369	45	4.0	58.0	30.0	22	3.0	29.0	15.0	95	0	0.031248092651367188	7900	4.99965763092041	4020	49.1139240506329	
281745.5001171044	34.19	3.0309278350515463	29.896907216494846	15.463917525773196	24.097413966494386	79	373	45	4.0	58.0	30.0	22	3.0	29.0	15.0	95	0	0.04687166213989258	8000	5.046529293060303	4060	49.25000000000001	
6253093.50759396	33.04	3.0412371134020617	30.195876288659793	15.618556701030927	24.097413966494386	80	377	45	4.0	58.0	30.0	22	3.0	29.0	15.0	95	0	0.015624523162841797	8100	5.0621538162231445	4096	49.432098765432094	
14407.746158417844	34.65	3.01	29.29	15.15	24.097413966494386	81	377	45	4	58	30	22	3	29	15	95	0	0.031247854232788086	8200	5.093401670455933	4138	49.53658536585366	
13463061961.649242	36.03	3.0408163265306123	30.183673469387756	15.612244897959183	24.097413966494386	82	380	45	4.0	58.0	30.0	22	3.0	29.0	15.0	95	0	0.031247377395629883	8300	5.1246490478515625	4184	49.59036144578314	
10327596.102078013	37.64	3.0510204081632653	30.479591836734695	15.76530612244898	24.097413966494386	83	383	45	4.0	58.0	30.0	22	3.0	29.0	15.0	95	0	0.04687142372131348	8400	5.171520471572876	4236	49.57142857142857	
6308.78644130049	38.56	3.05	30.45	15.75	24.097413966494386	84	383	45	4	58	30	22	3	29	15	96	0	0.015624761581420898	8500	5.187145233154297	4296	49.45882352941177	
806937.6237450505	41.32	3.01010101010101	29.292929292929294	15.151515151515152	24.097413966494386	85	385	45	4.0	58.0	30.0	22	3.0	29.0	15.0	96	0	0.031247615814208984	8600	5.218392848968506	4350	49.41860465116279	
15810996.75302924	40.17	3.04	30.16	15.6	24.097413966494386	86	386	45	4	58	30	22	3	29	15	97	0	0.046872615814208984	8700	5.265265464782715	4410	49.310344827586206	
484645483.95349514	38.33	3.0510204081632653	30.479591836734695	15.76530612244898	24.097413966494386	87	389	45	4.0	58.0	30.0	22	3.0	29.0	15.0	98	0	0.031247854232788086	8800	5.296513319015503	4470	49.20454545454545	
5862961.976052478	37.87	3.020408163265306	29.591836734693878	15.306122448979592	24.097413966494386	88	392	45	4.0	58.0	30.0	22	3.0	29.0	15.0	98	0	0.03124856948852539	8900	5.327761888504028	4532	49.07865168539326	
13063812.718038715	39.94	3.05	30.45	15.75	24.097413966494386	89	392	45	4	58	30	22	3	29	15	98	0	0.04686999320983887	9000	5.374631881713867	4585	49.05555555555555	
2255305025302.8447	38.79	3.1313131313131315	32.80808080808081	16.96969696969697	24.097413966494386	90	394	45	4.0	58.0	30.0	22	3.0	29.0	15.0	98	0	0.03124833106994629	9100	5.4058802127838135	4634	49.07692307692307	
5833641.708025984	41.55	3.090909090909091	31.636363636363637	16.363636363636363	24.097413966494386	91	395	45	4.0	58.0	30.0	22	3.0	29.0	15.0	100	0	0.031247615814208984	9200	5.4371278285980225	4678	49.15217391304347	
8032788.359148395	42.01	3.03	29.87	15.45	24.097413966494386	92	396	45	4	58	30	22	3	29	15	100	0	0.04687237739562988	9300	5.484000205993652	4722	49.22580645161291	
1.1456476632809873e+19	42.24	3.0707070707070705	31.050505050505052	16.060606060606062	24.097413966494386	93	398	45	4.0	58.0	30.0	22	3.0	29.0	15.0	100	0	0.015624284744262695	9400	5.499624490737915	4772	49.23404255319149	
744296.4174085065	40.4	3.0707070707070705	31.050505050505052	16.060606060606062	24.097413966494386	94	400	45	4.0	58.0	30.0	22	3.0	29.0	15.0	100	0	0.04687023162841797	9500	5.546494722366333	4821	49.25263157894737	
13181064676.877562	39.48	3.09	31.61	16.35	24.097413966494386	95	401	45	4	58	30	22	3	29	15	100	0	0.031247615814208984	9600	5.577742338180542	4876	49.20833333333333	
417448800.66849905	37.64	3.06	30.74	15.9	24.097413966494386	96	402	45	4	58	30	22	3	29	15	100	0	0.031248092651367188	9700	5.608990430831909	4925	49.22680412371135	
1912625.3856312719	34.88	3.0625	30.8125	15.9375	24.097413966494386	97	407	45	4.0	58.0	30.0	22	3.0	29.0	15.0	100	0	0.031247854232788086	9800	5.640238285064697	4987	49.11224489795918	
740425314.476848	35.11	3.04040404040404	30.171717171717173	15.606060606060606	24.097413966494386	98	409	45	4.0	58.0	30.0	22	3.0	29.0	15.0	100	0	0.04687309265136719	9900	5.6871113777160645	5048	49.01010101010102	
227701.8787520101	33.27	3.0208333333333335	29.604166666666668	15.3125	24.097413966494386	99	413	45	4.0	58.0	30.0	22	3.0	29.0	15.0	102	0	0.03124713897705078	10000	5.718358516693115	5098	49.019999999999996	
9266992.653817592	31.2	3.0	29.0	15.0	24.097413966494386	100	414	45	3	29	15	22	3	29	15	102	0	0.031247377395629883	10100	5.749605894088745	5150	49.00990099009901	
49437329.62266743	31.43	3.0309278350515463	29.896907216494846	15.463917525773196	24.097413966494386	101	418	45	4.0	58.0	30.0	22	3.0	29.0	15.0	102	0	0.031248092651367188	10200	5.780853986740112	5186	49.15686274509804	
12901113.091406506	32.35	3.0408163265306123	30.183673469387756	15.612244897959183	24.097413966494386	102	421	45	4.0	58.0	30.0	22	3.0	29.0	15.0	102	0	0.03124856948852539	10300	5.812102556228638	5232	49.203883495145625	
9400443.59775596	31.43	3.0833333333333335	31.416666666666668	16.25	24.097413966494386	103	426	45	4.0	58.0	30.0	22	3.0	29.0	15.0	102	0	0.03124713897705078	10400	5.8433496952056885	5274	49.28846153846153	
1847327.0356100777	34.88	3.0736842105263156	31.13684210526316	16.105263157894736	24.097413966494386	104	432	45	4.0	58.0	30.0	22	3.0	29.0	15.0	102	0	0.04687166213989258	10500	5.890221357345581	5318	49.35238095238095	
9331119.182659535	33.5	3.0833333333333335	31.416666666666668	16.25	24.097413966494386	105	437	45	4.0	58.0	30.0	22	3.0	29.0	15.0	103	0	0.03124833106994629	10600	5.921469688415527	5367	49.367924528301884	
15833170468.111197	32.35	3.0851063829787235	31.46808510638298	16.27659574468085	24.097413966494386	106	444	45	4.0	58.0	30.0	22	3.0	29.0	15.0	104	0	0.04687190055847168	10700	5.968341588973999	5425	49.29906542056075	
372500.36689297936	32.81	3.10752688172043	32.11827956989247	16.612903225806452	24.097413966494386	107	452	45	4.0	58.0	30.0	22	3.0	29.0	15.0	104	0	0.015624523162841797	10800	5.983966112136841	5475	49.30555555555556	
517600463.8331297	32.58	3.118279569892473	32.43010752688172	16.774193548387096	24.097413966494386	108	460	45	4.0	58.0	30.0	22	3.0	29.0	15.0	105	0	0.03124690055847168	10900	6.0152130126953125	5519	49.366972477064216	
14131927.633235225	33.96	3.106382978723404	32.08510638297872	16.595744680851062	24.097413966494386	109	467	45	4.0	58.0	30.0	22	3.0	29.0	15.0	105	0	0.031247615814208984	11000	6.0464606285095215	5566	49.4	
1.2457373737375714e+25	33.04	3.0303030303030303	29.87878787878788	15.454545454545455	24.097413966494386	110	469	45	4.0	58.0	30.0	22	3.0	29.0	15.0	105	0	0.03124713897705078	11100	6.077707767486572	5606	49.495495495495504	
356357.08156661317	31.43	3.0303030303030303	29.87878787878788	15.454545454545455	24.097413966494386	111	471	45	4.0	58.0	30.0	22	3.0	29.0	15.0	106	0	0.031247854232788086	11200	6.10895562171936	5651	49.54464285714286	
4.0856318031473457e+21	27.98	3.0	29.0	15.0	24.097413966494386	112	476	45	3.0	29.0	15.0	22	3.0	29.0	15.0	106	0	0.031248092651367188	11300	6.1402037143707275	5699	49.56637168141593	
51389899.136335686	28.9	3.020618556701031	29.5979381443299	15.309278350515465	24.097413966494386	113	480	45	4.0	58.0	30.0	22	3.0	29.0	15.0	106	0	0.031248807907104492	11400	6.171452522277832	5749	49.570175438596486	
3250702019.2145057	28.44	3.0103092783505154	29.298969072164947	15.154639175257731	24.097413966494386	114	484	45	4.0	58.0	30.0	22	3.0	29.0	15.0	108	0	0.046872615814208984	11500	6.218325138092041	5800	49.56521739130435	
9164031.633417523	32.81	3.0208333333333335	29.604166666666668	15.3125	24.097413966494386	115	489	45	4.0	58.0	30.0	22	3.0	29.0	15.0	110	0	0.015624046325683594	11600	6.233949184417725	5839	49.66379310344827	
34983588.449571095	36.03	3.0408163265306123	30.183673469387756	15.612244897959183	24.097413966494386	116	492	45	4.0	58.0	30.0	22	3.0	29.0	15.0	111	0	0.04686999320983887	11700	6.2808191776275635	5877	49.76923076923077	
8857191.835571282	35.8	3.0510204081632653	30.479591836734695	15.76530612244898	24.097413966494386	117	495	45	4.0	58.0	30.0	22	3.0	29.0	15.0	111	0	0.015623807907104492	11800	6.296442985534668	5919	49.83898305084746	
8716423.928543981	36.26	3.0303030303030303	29.87878787878788	15.454545454545455	24.097413966494386	118	497	45	4.0	58.0	30.0	22	3.0	29.0	15.0	111	0	0.04687166213989258	11900	6.3433146476745605	5959	49.924369747899156	
19087064.55693335	39.25	3.03	29.87	15.45	24.097413966494386	119	497	45	4	58	30	22	3	29	15	112	0	0.031249284744262695	12000	6.374563932418823	6010	49.916666666666664	
14022171.43406122	39.48	3.02	29.58	15.3	24.097413966494386	120	497	45	4	58	30	22	3	29	15	112	0	0.031247615814208984	12100	6.405811548233032	6056	49.9504132231405	
8.105785655659537e+18	37.87	3.0618556701030926	30.79381443298969	15.927835051546392	24.097413966494386	121	501	45	4.0	58.0	30.0	22	3.0	29.0	15.0	113	0	0.031247854232788086	12200	6.43705940246582	6102	49.983606557377044	
14048997.526618984	36.26	3.0816326530612246	31.367346938775512	16.224489795918366	24.097413966494386	122	504	45	4.0	58.0	30.0	22	3.0	29.0	15.0	113	0	0.046871185302734375	12300	6.483930587768555	6155	49.959349593495936	
555922663.5387998	34.88	3.082474226804124	31.391752577319586	16.237113402061855	24.097413966494386	123	508	45	4.0	58.0	30.0	22	3.0	29.0	15.0	113	0	0.031249046325683594	12400	6.515179634094238	6202	49.983870967741936	
491057652.5864358	37.18	3.07	31.03	16.05	24.097413966494386	124	509	45	4	58	30	22	3	29	15	113	0	0.031247854232788086	12500	6.546427488327026	6266	49.87200000000001	
916274.8220365928	36.26	3.080808080808081	31.343434343434343	16.21212121212121	24.097413966494386	125	511	45	4.0	58.0	30.0	22	3.0	29.0	15.0	113	0	0.046871185302734375	12600	6.593298673629761	6328	49.77777777777778	
3.2409981478455143e+22	34.42	3.0721649484536084	31.09278350515464	16.082474226804123	24.097413966494386	126	515	45	4.0	58.0	30.0	22	3.0	29.0	15.0	114	0	0.031247615814208984	12700	6.62454628944397	6388	49.70078740157481	
6499176.412783395	32.35	3.0714285714285716	31.071428571428573	16.071428571428573	24.097413966494386	127	518	45	4.0	58.0	30.0	22	3.0	29.0	15.0	115	0	0.031247854232788086	12800	6.655794143676758	6453	49.5859375	
12274418.484763687	30.28	3.0306122448979593	29.887755102040817	15.459183673469388	24.097413966494386	128	521	45	4.0	58.0	30.0	22	3.0	29.0	15.0	115	0	0.04687190055847168	12900	6.7026660442352295	6520	49.457364341085274	
11782350.953453148	29.82	3.0520833333333335	30.510416666666668	15.78125	24.097413966494386	129	526	45	4.0	58.0	30.0	22	3.0	29.0	15.0	115	0	0.03124713897705078	13000	6.73391318321228	6567	49.48461538461538	
1710272032.0680258	30.28	3.03125	29.90625	15.46875	24.097413966494386	130	531	45	4.0	58.0	30.0	22	3.0	29.0	15.0	115	0	0.031247854232788086	13100	6.765161037445068	6622	49.45038167938931	
852529862.8846664	32.12	3.04040404040404	30.171717171717173	15.606060606060606	24.097413966494386	131	533	45	4.0	58.0	30.0	22	3.0	29.0	15.0	116	0	0.015625	13200	6.780786037445068	6675	49.43181818181818	
584970.6308981869	30.28	3.0408163265306123	30.183673469387756	15.612244897959183	24.097413966494386	132	536	45	4.0	58.0	30.0	22	3.0	29.0	15.0	116	0	0.046871185302734375	13300	6.827657222747803	6727	49.421052631578945	
2.54347325225264e+37	27.98	3.0434782608695654	30.26086956521739	15.652173913043478	24.097413966494386	133	545	45	4.0	58.0	30.0	22	3.0	29.0	15.0	116	0	0.031248092651367188	13400	6.85890531539917	6764	49.52238805970149	
14390728958.909092	26.37	3.0631578947368423	30.83157894736842	15.947368421052632	24.097413966494386	134	551	45	4.0	58.0	30.0	22	3.0	29.0	15.0	116	0	0.031247615814208984	13500	6.890152931213379	6815	49.51851851851852	
990089.6739667478	27.98	3.075268817204301	31.182795698924732	16.129032258064516	24.097413966494386	135	559	45	4.0	58.0	30.0	22	3.0	29.0	15.0	116	0	0.04687309265136719	13600	6.937026023864746	6852	49.617647058823536	
377646490.08646935	29.59	3.0505050505050506	30.464646464646464	15.757575757575758	24.097413966494386	136	561	45	4.0	58.0	30.0	22	3.0	29.0	15.0	116	0	0.031246662139892578	13700	6.968272686004639	6889	49.715328467153284	
9482775.18217297	27.29	3.0217391304347827	29.630434782608695	15.326086956521738	24.097413966494386	137	570	45	4.0	58.0	30.0	22	3.0	29.0	15.0	117	0	0.031249046325683594	13800	6.999521732330322	6924	49.82608695652174	
11726.141402431185	27.29	3.0103092783505154	29.298969072164947	15.154639175257731	24.097413966494386	138	574	45	4.0	58.0	30.0	22	3.0	29.0	15.0	117	0	0.04687142372131348	13900	7.046393156051636	6948	50.014388489208635	
6003399.800317841	28.44	3.0412371134020617	30.195876288659793	15.618556701030927	24.097413966494386	139	578	45	4.0	58.0	30.0	22	3.0	29.0	15.0	117	0	0.015622854232788086	14000	7.062016010284424	6987	50.09285714285714	
576768.5827228664	27.75	3.02	29.58	15.3	24.097413966494386	140	579	45	4	58	30	22	3	29	15	117	0	0.04687190055847168	14100	7.1088879108428955	7022	50.19858156028369	
539966042.8475296	31.2	3.0208333333333335	29.604166666666668	15.3125	24.097413966494386	141	584	45	4.0	58.0	30.0	22	3.0	29.0	15.0	117	0	0.031247377395629883	14200	7.140135288238525	7066	50.23943661971831	
518053316.8393981	31.43	3.020408163265306	29.591836734693878	15.306122448979592	24.097413966494386	142	587	45	4.0	58.0	30.0	22	3.0	29.0	15.0	118	0	0.03124833106994629	14300	7.171383619308472	7109	50.28671328671329	
7850736.815746529	30.05	3.0208333333333335	29.604166666666668	15.3125	24.097413966494386	143	592	45	4.0	58.0	30.0	22	3.0	29.0	15.0	119	0	0.031247854232788086	14400	7.20263147354126	7152	50.333333333333336	
55521003622.59047	30.05	3.0105263157894737	29.305263157894736	15.157894736842104	24.097413966494386	144	598	45	4.0	58.0	30.0	22	3.0	29.0	15.0	119	0	0.04687309265136719	14500	7.249504566192627	7189	50.42068965517241	
115160131818892.14	29.36	3.0520833333333335	30.510416666666668	15.78125	24.097413966494386	145	603	45	4.0	58.0	30.0	22	3.0	29.0	15.0	119	0	0.03124690055847168	14600	7.280751466751099	7236	50.43835616438356	
7962200474.722569	31.66	3.0306122448979593	29.887755102040817	15.459183673469388	24.097413966494386	146	606	45	4.0	58.0	30.0	22	3.0	29.0	15.0	120	0	0.031247615814208984	14700	7.311999082565308	7287	50.42857142857143	
489067685.3134347	30.05	3.0306122448979593	29.887755102040817	15.459183673469388	24.097413966494386	147	608	45	4.0	58.0	30.0	22	3.0	29.0	15.0	122	0	0.0468745231628418	14800	7.358873605728149	7334	50.445945945945944	
10208658.570275057	29.36	3.0104166666666665	29.302083333333332	15.15625	24.097413966494386	148	613	45	4.0	58.0	30.0	22	3.0	29.0	15.0	122	0	0.03124713897705078	14900	7.3901207447052	7377	50.48993288590604	
6565639.79717534	25.22	3.0	29.0	15.0	24.097413966494386	149	615	45	3.0	29.0	15.0	22	3.0	29.0	15.0	122	0	0.031247377395629883	15000	7.42136812210083	7414	50.57333333333333	
14367083678326.312	24.53	3.0	29.0	15.0	24.097413966494386	150	620	45	3.0	29.0	15.0	22	3.0	29.0	15.0	122	0	0.031247615814208984	15100	7.452615737915039	7462	50.58278145695364	
861284.1521288331	25.45	3.0	29.0	15.0	24.097413966494386	151	627	45	3.0	29.0	15.0	22	3.0	29.0	15.0	122	0	0.031249284744262695	15200	7.483865022659302	7507	50.61184210526316	
509486348.84415245	25.68	3.03125	29.90625	15.46875	24.097413966494386	152	632	45	4.0	58.0	30.0	22	3.0	29.0	15.0	122	0	0.04687070846557617	15300	7.530735731124878	7553	50.63398692810458	
17261695.74741049	24.53	3.01010101010101	29.292929292929294	15.151515151515152	24.097413966494386	153	634	45	4.0	58.0	30.0	22	3.0	29.0	15.0	122	0	0.03124856948852539	15400	7.561984300613403	7608	50.5974025974026	
2245440.989396035	22.92	3.0	29.0	15.0	24.095506169045144	154	640	45	3.0	29.0	15.0	22	3.0	29.0	15.0	122	0	0.03124713897705078	15500	7.593231439590454	7656	50.60645161290323	
11631948.999128474	22.92	3.0	29.0	15.0	24.095506169045144	155	643	45	3.0	29.0	15.0	22	3.0	29.0	15.0	122	0	0.04686927795410156	15600	7.640100717544556	7703	50.621794871794876	
7206941.777670612	22.69	3.0	29.0	15.0	24.095506169045144	156	653	45	3.0	29.0	15.0	22	3.0	29.0	15.0	123	0	0.031249284744262695	15700	7.671350002288818	7747	50.65605095541401	
58719943.34494876	22.0	3.0	29.0	15.0	24.095506169045144	157	658	22	3.0	29.0	15.0	22	3.0	29.0	15.0	123	0	0.031247854232788086	15800	7.7025978565216064	7802	50.620253164556964	
188845805.3441366	22.0	3.0	29.0	15.0	24.095506169045144	158	664	22	3.0	29.0	15.0	22	3.0	29.0	15.0	123	0	0.031247615814208984	15900	7.733845472335815	7844	50.666666666666664	
8429575.941698827	22.0	3.0	29.0	15.0	24.095506169045144	159	667	22	3.0	29.0	15.0	22	3.0	29.0	15.0	123	0	0.04687142372131348	16000	7.780716896057129	7897	50.64375	
11524340914.662817	22.0	3.0	29.0	15.0	24.095506169045144	160	669	22	3.0	29.0	15.0	22	3.0	29.0	15.0	123	0	0.031255483627319336	16100	7.811972379684448	7954	50.59627329192546	
687048.2750981328	22.0	3.0	29.0	15.0	24.095506169045144	161	676	22	3.0	29.0	15.0	22	3.0	29.0	15.0	123	0	0.03124070167541504	16200	7.843213081359863	8000	50.617283950617285	
282785589561311.3	22.0	3.0	29.0	15.0	24.095506169045144	162	682	22	3.0	29.0	15.0	22	3.0	29.0	15.0	123	0	0.04687213897705078	16300	7.890085220336914	8049	50.61963190184049	
13421807.089973405	22.0	3.0	29.0	15.0	24.095506169045144	163	687	22	3.0	29.0	15.0	22	3.0	29.0	15.0	123	0	0.031247854232788086	16400	7.921333074569702	8101	50.603658536585364	
887253.7851843155	22.0	3.0	29.0	15.0	24.095506169045144	164	693	22	3.0	29.0	15.0	22	3.0	29.0	15.0	123	0	0.031247854232788086	16500	7.95258092880249	8148	50.61818181818182	
12652907.170559563	22.0	3.0	29.0	15.0	24.095506169045144	165	696	22	3.0	29.0	15.0	22	3.0	29.0	15.0	125	0	0.031247615814208984	16600	7.983828544616699	8201	50.596385542168676	
8926171.777650993	22.0	3.0	29.0	15.0	24.095506169045144	166	708	22	3.0	29.0	15.0	22	3.0	29.0	15.0	125	0	0.031248092651367188	16700	8.015076637268066	8248	50.61077844311377	
534788523.0945846	22.0	3.0	29.0	15.0	24.095506169045144	167	716	22	3.0	29.0	15.0	22	3.0	29.0	15.0	125	0	0.031247854232788086	16800	8.046324491500854	8292	50.642857142857146	
5279664.220423389	22.0	3.0	29.0	15.0	24.095506169045144	168	724	22	3.0	29.0	15.0	22	3.0	29.0	15.0	125	0	0.046871185302734375	16900	8.093195676803589	8344	50.62721893491124	
11714863.772734229	22.0	3.0	29.0	15.0	24.095506169045144	169	728	22	3.0	29.0	15.0	22	3.0	29.0	15.0	125	0	0.031248092651367188	17000	8.124443769454956	8394	50.62352941176471	
9312431.29882718	22.0	3.0	29.0	15.0	24.095506169045144	170	733	22	3.0	29.0	15.0	22	3.0	29.0	15.0	125	0	0.03124833106994629	17100	8.155692100524902	8447	50.602339181286546	
21296135.836497504	22.0	3.0	29.0	15.0	24.095506169045144	171	737	22	3.0	29.0	15.0	22	3.0	29.0	15.0	125	0	0.031248807907104492	17200	8.186940908432007	8502	50.56976744186046	
10252805.030424878	22.0	3.0	29.0	15.0	24.095506169045144	172	741	22	3.0	29.0	15.0	22	3.0	29.0	15.0	125	0	0.04687213897705078	17300	8.233813047409058	8550	50.578034682080926	
970344.5281188308	22.0	3.0	29.0	15.0	24.095506169045144	173	748	22	3.0	29.0	15.0	22	3.0	29.0	15.0	125	0	0.03124713897705078	17400	8.265060186386108	8596	50.59770114942529	
995371969.8849696	22.0	3.0	29.0	15.0	24.095506169045144	174	754	22	3.0	29.0	15.0	22	3.0	29.0	15.0	125	0	0.03124713897705078	17500	8.29630732536316	8632	50.674285714285716	
61544702.19878749	22.0	3.0	29.0	15.0	24.095506169045144	175	757	22	3.0	29.0	15.0	22	3.0	29.0	15.0	125	0	0.031246662139892578	17600	8.327553987503052	8675	50.71022727272727	
11824483.256036885	22.0	3.0	29.0	15.0	24.095506169045144	176	758	22	3	29	15	22	3	29	15	125	0	0.031248807907104492	17700	8.358802795410156	8727	50.69491525423729	
101366928.58438098	22.0	3.0	29.0	15.0	24.095506169045144	177	762	22	3.0	29.0	15.0	22	3.0	29.0	15.0	125	0	0.03125	17800	8.390052795410156	8779	50.67977528089887	
9841294.935018899	22.0	3.0	29.0	15.0	24.095506169045144	178	765	22	3.0	29.0	15.0	22	3.0	29.0	15.0	125	0	0.04687023162841797	17900	8.436923027038574	8827	50.687150837988824	
414478.2855501912	22.0	3.0	29.0	15.0	24.095506169045144	179	774	22	3.0	29.0	15.0	22	3.0	29.0	15.0	126	0	0.031247854232788086	18000	8.468170881271362	8872	50.711111111111116	
9138810.51960005	22.0	3.0	29.0	15.0	24.095506169045144	180	779	22	3.0	29.0	15.0	22	3.0	29.0	15.0	126	0	0.031247615814208984	18100	8.499418497085571	8922	50.70718232044199	
865275.6073077747	22.0	3.0	29.0	15.0	24.095506169045144	181	782	22	3.0	29.0	15.0	22	3.0	29.0	15.0	126	0	0.04687166213989258	18200	8.546290159225464	8975	50.68681318681318	
14931305.273911348	22.0	3.0	29.0	15.0	24.095506169045144	182	784	22	3.0	29.0	15.0	22	3.0	29.0	15.0	126	0	0.031249046325683594	18300	8.577539205551147	9030	50.65573770491803	
49764.05203456816	22.0	3.0	29.0	15.0	24.095506169045144	183	787	22	3.0	29.0	15.0	22	3.0	29.0	15.0	126	0	0.03124690055847168	18400	8.60878610610962	9084	50.630434782608695	
12747721.583503857	22.0	3.0	29.0	15.0	24.095506169045144	184	789	22	3.0	29.0	15.0	22	3.0	29.0	15.0	126	0	0.03124713897705078	18500	8.64003324508667	9141	50.589189189189185	
9595046.268064335	22.0	3.0	29.0	15.0	24.095506169045144	185	793	22	3.0	29.0	15.0	22	3.0	29.0	15.0	126	0	0.04687142372131348	18600	8.686904668807983	9195	50.564516129032256	
4.5666186231469096e+26	22.0	3.0	29.0	15.0	24.095506169045144	186	800	22	3.0	29.0	15.0	22	3.0	29.0	15.0	126	0	0.03124833106994629	18700	8.71815299987793	9244	50.5668449197861	
178477.01630269372	22.0	3.0	29.0	15.0	24.095506169045144	187	803	22	3.0	29.0	15.0	22	3.0	29.0	15.0	126	0	0.031247377395629883	18800	8.74940037727356	9291	50.579787234042556	
5419.729224399411	22.0	3.0	29.0	15.0	24.095506169045144	188	807	22	3.0	29.0	15.0	22	3.0	29.0	15.0	126	0	0.0312497615814209	18900	8.78065013885498	9343	50.56613756613756	
17156547.984114155	22.0	3.0	29.0	15.0	24.095506169045144	189	812	22	3.0	29.0	15.0	22	3.0	29.0	15.0	126	0	0.031245946884155273	19000	8.811896085739136	9396	50.54736842105263	
542.972962517495	22.0	3.0	29.0	15.0	24.095506169045144	190	819	22	3.0	29.0	15.0	22	3.0	29.0	15.0	126	0	0.03124833106994629	19100	8.843144416809082	9437	50.59162303664921	
7185196.880792625	22.0	3.0	29.0	15.0	24.095506169045144	191	825	22	3.0	29.0	15.0	22	3.0	29.0	15.0	126	0	0.04687237739562988	19200	8.890016794204712	9476	50.645833333333336	
3972374.131553473	22.0	3.0	29.0	15.0	24.095506169045144	192	825	22	3	29	15	22	3	29	15	126	0	0.031247854232788086	19300	8.9212646484375	9530	50.62176165803109	
12164138.989996558	22.0	3.0	29.0	15.0	24.095506169045144	193	832	22	3.0	29.0	15.0	22	3.0	29.0	15.0	126	0	0.031248092651367188	19400	8.952512741088867	9586	50.58762886597938	
40869.76295515784	22.0	3.0	29.0	15.0	24.095506169045144	194	837	22	3.0	29.0	15.0	22	3.0	29.0	15.0	127	0	0.031247377395629883	19500	8.983760118484497	9639	50.56923076923077	
2070168.7609615403	22.0	3.0	29.0	15.0	24.095506169045144	195	844	22	3.0	29.0	15.0	22	3.0	29.0	15.0	127	0	0.031248092651367188	19600	9.015008211135864	9684	50.59183673469388	
18536561.951811813	22.0	3.0	29.0	15.0	24.095506169045144	196	850	22	3.0	29.0	15.0	22	3.0	29.0	15.0	128	0	0.03124713897705078	19700	9.046255350112915	9744	50.53807106598985	
39342318.50217132	22.0	3.0	29.0	15.0	24.095506169045144	197	852	22	3.0	29.0	15.0	22	3.0	29.0	15.0	128	0	0.04687142372131348	19800	9.093126773834229	9800	50.505050505050505	
10487492270735.98	22.0	3.0	29.0	15.0	24.095506169045144	198	859	22	3.0	29.0	15.0	22	3.0	29.0	15.0	128	0	0.031249046325683594	19900	9.124375820159912	9844	50.53266331658291	
9384509.511166517	22.0	3.0	29.0	15.0	24.095506169045144	199	864	22	3.0	29.0	15.0	22	3.0	29.0	15.0	128	0	0.031247377395629883	20000	9.155623197555542	9894	50.53	
8141266.986808463	22.0	3.0	29.0	15.0	24.095506169045144	200	872	22	3.0	29.0	15.0	22	3.0	29.0	15.0	128	0	0.015624284744262695	20100	9.171247482299805	9948	50.50746268656716	
2527812.9675005306	22.0	3.0	29.0	15.0	24.095506169045144	201	878	22	3.0	29.0	15.0	22	3.0	29.0	15.0	128	0	0.04687213897705078	20200	9.218119621276855	10000	50.495049504950494	
80097.85570376288	22.0	3.0	29.0	15.0	24.095506169045144	202	887	22	3.0	29.0	15.0	22	3.0	29.0	15.0	128	0	0.03124833106994629	20300	9.249367952346802	10055	50.4679802955665	
329261742276788.0	22.0	3.0	29.0	15.0	24.095506169045144	203	897	22	3.0	29.0	15.0	22	3.0	29.0	15.0	128	0	0.031246662139892578	20400	9.280614614486694	10101	50.48529411764706	
482315710.8997862	22.0	3.0	29.0	15.0	24.095506169045144	204	898	22	3	29	15	22	3	29	15	128	0	0.03124856948852539	20500	9.31186318397522	10156	50.458536585365856	
3665861.4699301966	22.0	3.0	29.0	15.0	24.095506169045144	205	901	22	3.0	29.0	15.0	22	3.0	29.0	15.0	129	0	0.031249046325683594	20600	9.343112230300903	10212	50.42718446601942	
10526917.617770212	22.0	3.0	29.0	15.0	24.095506169045144	206	905	22	3.0	29.0	15.0	22	3.0	29.0	15.0	129	0	0.04686999320983887	20700	9.389982223510742	10246	50.5024154589372	
2196745589.9158015	22.0	3.0	29.0	15.0	24.095506169045144	207	911	22	3.0	29.0	15.0	22	3.0	29.0	15.0	129	0	0.031247854232788086	20800	9.42123007774353	10297	50.495192307692314	
7847565.537399877	22.0	3.0	29.0	15.0	24.095506169045144	208	915	22	3.0	29.0	15.0	22	3.0	29.0	15.0	130	0	0.031252384185791016	20900	9.452482461929321	10343	50.51196172248804	
649287557.7669206	22.0	3.0	29.0	15.0	24.095506169045144	209	921	22	3.0	29.0	15.0	22	3.0	29.0	15.0	132	0	0.031243324279785156	21000	9.483725786209106	10388	50.53333333333334	
13642344.368817603	22.0	3.0	29.0	15.0	24.095506169045144	210	926	22	3.0	29.0	15.0	22	3.0	29.0	15.0	132	0	0.04687166213989258	21100	9.530597448348999	10437	50.535545023696685	
5832.557438541231	22.0	3.0	29.0	15.0	24.095506169045144	211	936	22	3.0	29.0	15.0	22	3.0	29.0	15.0	132	0	0.015623807907104492	21200	9.546221256256104	10479	50.57075471698113	
4957429.948501945	22.0	3.0	29.0	15.0	24.095506169045144	212	937	22	3	29	15	22	3	29	15	132	0	0.046872854232788086	21300	9.593094110488892	10526	50.58215962441315	
8899477.221868679	22.0	3.0	29.0	15.0	24.095506169045144	213	940	22	3.0	29.0	15.0	22	3.0	29.0	15.0	133	0	0.03124713897705078	21400	9.624341249465942	10576	50.57943925233645	
3173179.5602574567	22.0	3.0	29.0	15.0	24.095506169045144	214	943	22	3.0	29.0	15.0	22	3.0	29.0	15.0	133	0	0.031249284744262695	21500	9.655590534210205	10621	50.6	
497891687.54730743	22.0	3.0	29.0	15.0	24.095506169045144	215	947	22	3.0	29.0	15.0	22	3.0	29.0	15.0	133	0	0.04687142372131348	21600	9.702461957931519	10675	50.5787037037037	
580295195.1910172	22.0	3.0	29.0	15.0	24.095506169045144	216	952	22	3.0	29.0	15.0	22	3.0	29.0	15.0	133	0	0.03124713897705078	21700	9.73370909690857	10722	50.58986175115208	
9220198.180478998	22.0	3.0	29.0	15.0	24.095506169045144	217	958	22	3.0	29.0	15.0	22	3.0	29.0	15.0	133	0	0.046871185302734375	21800	9.780580282211304	10773	50.58256880733945	
62657022.20785371	22.0	3.0	29.0	15.0	24.095506169045144	218	964	22	3.0	29.0	15.0	22	3.0	29.0	15.0	134	0	0.031248092651367188	21900	9.811828374862671	10826	50.5662100456621	
9783226.695858218	22.0	3.0	29.0	15.0	24.095506169045144	219	971	22	3.0	29.0	15.0	22	3.0	29.0	15.0	134	0	0.031248807907104492	22000	9.843077182769775	10872	50.581818181818186	
804191.9598080236	22.0	3.0	29.0	15.0	24.095506169045144	220	974	22	3.0	29.0	15.0	22	3.0	29.0	15.0	134	0	0.031247377395629883	22100	9.874324560165405	10929	50.547511312217196	
867911506.4312313	22.0	3.0	29.0	15.0	24.095506169045144	221	975	22	3	29	15	22	3	29	15	134	0	0.03124833106994629	22200	9.905572891235352	10981	50.53603603603604	
513488324.68580824	22.0	3.0	29.0	15.0	24.095506169045144	222	982	22	3.0	29.0	15.0	22	3.0	29.0	15.0	134	0	0.015624046325683594	22300	9.921196937561035	11030	50.53811659192825	
45512.43253734434	22.0	3.0	29.0	15.0	24.095506169045144	223	990	22	3.0	29.0	15.0	22	3.0	29.0	15.0	134	0	0.031246185302734375	22400	9.95244312286377	11066	50.598214285714285	
15161517.220039466	22.0	3.0	29.0	15.0	24.095506169045144	224	995	22	3.0	29.0	15.0	22	3.0	29.0	15.0	134	0	0.04687190055847168	22500	9.999315023422241	11117	50.59111111111111	
877961.1839399055	22.0	3.0	29.0	15.0	24.095506169045144	225	1004	22	3.0	29.0	15.0	22	3.0	29.0	15.0	134	0	0.031248092651367188	22600	10.030563116073608	11160	50.61946902654867	
5215715.166685481	22.0	3.0	29.0	15.0	24.095506169045144	226	1009	22	3.0	29.0	15.0	22	3.0	29.0	15.0	134	0	0.031248092651367188	22700	10.061811208724976	11203	50.647577092511014	
1659587.8519787055	22.0	3.0	29.0	15.0	24.095506169045144	227	1014	22	3.0	29.0	15.0	22	3.0	29.0	15.0	134	0	0.01562356948852539	22800	10.077434778213501	11248	50.666666666666664	
878551.6221522586	22.0	3.0	29.0	15.0	24.095506169045144	228	1020	22	3.0	29.0	15.0	22	3.0	29.0	15.0	134	0	0.04687142372131348	22900	10.124306201934814	11288	50.70742358078603	
104725274.19722532	22.0	3.0	29.0	15.0	24.095506169045144	229	1024	22	3.0	29.0	15.0	22	3.0	29.0	15.0	134	0	0.031248092651367188	23000	10.155554294586182	11331	50.73478260869565	
8776456.650970729	22.0	3.0	29.0	15.0	24.095506169045144	230	1029	22	3.0	29.0	15.0	22	3.0	29.0	15.0	135	0	0.031247615814208984	23100	10.18680191040039	11372	50.77056277056277	
85484.38756834372	22.0	3.0	29.0	15.0	24.095506169045144	231	1033	22	3.0	29.0	15.0	22	3.0	29.0	15.0	135	0	0.04687213897705078	23200	10.233674049377441	11407	50.831896551724135	
14462428.475272594	22.0	3.0	29.0	15.0	24.095506169045144	232	1040	22	3.0	29.0	15.0	22	3.0	29.0	15.0	135	0	0.031248807907104492	23300	10.264922857284546	11443	50.88841201716738	
13076518.09447263	22.0	3.0	29.0	15.0	24.095506169045144	233	1042	22	3.0	29.0	15.0	22	3.0	29.0	15.0	135	0	0.03124713897705078	23400	10.296169996261597	11483	50.927350427350426	
9334871.484191002	22.0	3.0	29.0	15.0	24.095506169045144	234	1047	22	3.0	29.0	15.0	22	3.0	29.0	15.0	135	0	0.0312502384185791	23500	10.327420234680176	11537	50.9063829787234	
10613431.134131614	22.0	3.0	29.0	15.0	24.095506169045144	235	1051	22	3.0	29.0	15.0	22	3.0	29.0	15.0	135	0	0.04687047004699707	23600	10.374290704727173	11593	50.8771186440678	
7778708.759107543	22.0	3.0	29.0	15.0	24.095506169045144	236	1053	22	3.0	29.0	15.0	22	3.0	29.0	15.0	135	0	0.04687023162841797	23700	10.42116093635559	11635	50.90717299578059	
480645470.8799751	22.0	3.0	29.0	15.0	24.095506169045144	237	1057	22	3.0	29.0	15.0	22	3.0	29.0	15.0	136	0	0.03124856948852539	23800	10.452409505844116	11688	50.890756302521005	
1396815761.7407944	22.0	3.0	29.0	15.0	24.095506169045144	238	1066	22	3.0	29.0	15.0	22	3.0	29.0	15.0	136	0	0.031247615814208984	23900	10.483657121658325	11726	50.937238493723854	
1049578.1473189841	22.0	3.0	29.0	15.0	24.095506169045144	239	1074	22	3.0	29.0	15.0	22	3.0	29.0	15.0	137	0	0.04687142372131348	24000	10.530528545379639	11774	50.94166666666667	
17647560.057300445	22.0	3.0	29.0	15.0	24.095506169045144	240	1079	22	3.0	29.0	15.0	22	3.0	29.0	15.0	137	0	0.031247854232788086	24100	10.561776399612427	11808	51.00414937759336	
18692562.079083115	22.0	3.0	29.0	15.0	24.095506169045144	241	1084	22	3.0	29.0	15.0	22	3.0	29.0	15.0	137	0	0.031247854232788086	24200	10.593024253845215	11844	51.057851239669425	
15759629.378942864	22.0	3.0	29.0	15.0	24.095506169045144	242	1088	22	3.0	29.0	15.0	22	3.0	29.0	15.0	137	0	0.031247854232788086	24300	10.624272108078003	11886	51.08641975308642	
3.547835026349142e+17	22.0	3.0	29.0	15.0	24.095506169045144	243	1090	22	3.0	29.0	15.0	22	3.0	29.0	15.0	137	0	0.031247854232788086	24400	10.655519962310791	11930	51.10655737704918	
53039859.94665813	22.0	3.0	29.0	15.0	24.095506169045144	244	1098	22	3.0	29.0	15.0	22	3.0	29.0	15.0	137	0	0.031247854232788086	24500	10.686767816543579	11964	51.16734693877551	
6.097473735683964e+22	22.0	3.0	29.0	15.0	24.095506169045144	245	1103	22	3.0	29.0	15.0	22	3.0	29.0	15.0	137	0	0.031247615814208984	24600	10.718015432357788	12012	51.170731707317074	
14678156.674410835	22.0	3.0	29.0	15.0	24.095506169045144	246	1106	22	3.0	29.0	15.0	22	3.0	29.0	15.0	137	0	0.015624046325683594	24700	10.733639478683472	12056	51.19028340080972	
8405447.718580864	22.0	3.0	29.0	15.0	24.095506169045144	247	1112	22	3.0	29.0	15.0	22	3.0	29.0	15.0	137	0	0.031247854232788086	24800	10.76488733291626	12094	51.233870967741936	
992848.8563948923	22.0	3.0	29.0	15.0	24.095506169045144	248	1116	22	3.0	29.0	15.0	22	3.0	29.0	15.0	137	0	0.031247377395629883	24900	10.79613471031189	12135	51.265060240963855	
469859897.97389656	22.0	3.0	29.0	15.0	24.095506169045144	249	1119	22	3.0	29.0	15.0	22	3.0	29.0	15.0	137	0	0.03124833106994629	25000	10.827383041381836	12176	51.296	
37004860.792517	22.0	3.0	29.0	15.0	24.095506169045144	250	1121	22	3.0	29.0	15.0	22	3.0	29.0	15.0	137	0	0.031248092651367188	25100	10.858631134033203	12220	51.31474103585658	
10705679.838151908	22.0	3.0	29.0	15.0	24.095506169045144	251	1122	22	3	29	15	22	3	29	15	137	0	0.031247615814208984	25200	10.889878749847412	12261	51.345238095238095	
9234732.445669295	22.0	3.0	29.0	15.0	24.095506169045144	252	1124	22	3.0	29.0	15.0	22	3.0	29.0	15.0	137	0	0.031247854232788086	25300	10.9211266040802	12304	51.36758893280632	
59339858.13240831	22.0	3.0	29.0	15.0	24.095506169045144	253	1130	22	3.0	29.0	15.0	22	3.0	29.0	15.0	137	0	0.031247854232788086	25400	10.952374458312988	12341	51.41338582677165	
817850.5418683622	22.0	3.0	29.0	15.0	24.095506169045144	254	1138	22	3.0	29.0	15.0	22	3.0	29.0	15.0	137	0	0.015624046325683594	25500	10.967998504638672	12376	51.46666666666667	
12388501.300351787	22.0	3.0	29.0	15.0	24.095506169045144	255	1144	22	3.0	29.0	15.0	22	3.0	29.0	15.0	137	0	0.015624046325683594	25600	10.983622550964355	12415	51.50390625	
13434705.708054233	22.0	3.0	29.0	15.0	24.095506169045144	256	1151	22	3.0	29.0	15.0	22	3.0	29.0	15.0	137	0	0.031247854232788086	25700	11.014870405197144	12456	51.533073929961084	
9579123.694338096	22.0	3.0	29.0	15.0	24.095506169045144	257	1156	22	3.0	29.0	15.0	22	3.0	29.0	15.0	138	0	0.04687142372131348	25800	11.061741828918457	12496	51.565891472868216	
10461145.323837949	22.0	3.0	29.0	15.0	24.095506169045144	258	1160	22	3.0	29.0	15.0	22	3.0	29.0	15.0	138	0	0.031248092651367188	25900	11.092989921569824	12536	51.5984555984556	
57942797.72200938	22.0	3.0	29.0	15.0	24.095506169045144	259	1168	22	3.0	29.0	15.0	22	3.0	29.0	15.0	138	0	0.031247854232788086	26000	11.124237775802612	12582	51.60769230769231	
21257.110728369673	22.0	3.0	29.0	15.0	24.095506169045144	260	1171	22	3.0	29.0	15.0	22	3.0	29.0	15.0	138	0	0.031247854232788086	26100	11.1554856300354	12626	51.62452107279694	
8248770.827450602	22.0	3.0	29.0	15.0	24.095506169045144	261	1175	22	3.0	29.0	15.0	22	3.0	29.0	15.0	138	0	0.031248092651367188	26200	11.186733722686768	12659	51.68320610687023	
452336791.042994	22.0	3.0	29.0	15.0	24.095506169045144	262	1179	22	3.0	29.0	15.0	22	3.0	29.0	15.0	138	0	0.04687142372131348	26300	11.233605146408081	12698	51.71863117870723	
503189174.3388348	22.0	3.0	29.0	15.0	24.095506169045144	263	1186	22	3.0	29.0	15.0	22	3.0	29.0	15.0	138	0	0.031247854232788086	26400	11.26485300064087	12742	51.734848484848484	
8329415.344062593	22.0	3.0	29.0	15.0	24.095506169045144	264	1192	22	3.0	29.0	15.0	22	3.0	29.0	15.0	138	0	0.031247615814208984	26500	11.296100616455078	12778	51.781132075471696	
10146447.231764352	22.0	3.0	29.0	15.0	24.095506169045144	265	1196	22	3.0	29.0	15.0	22	3.0	29.0	15.0	138	0	0.03124856948852539	26600	11.327349185943604	12824	51.78947368421053	
11118298.180677501	22.0	3.0	29.0	15.0	24.095506169045144	266	1198	22	3.0	29.0	15.0	22	3.0	29.0	15.0	138	0	0.03124833106994629	26700	11.35859751701355	12876	51.7752808988764	
7594976.626251207	22.0	3.0	29.0	15.0	24.095506169045144	267	1203	22	3.0	29.0	15.0	22	3.0	29.0	15.0	138	0	0.046871185302734375	26800	11.405468702316284	12909	51.832089552238806	
8633368.24912442	22.0	3.0	29.0	15.0	24.095506169045144	268	1207	22	3.0	29.0	15.0	22	3.0	29.0	15.0	138	0	0.015624046325683594	26900	11.421092748641968	12947	51.869888475836426	
511936536.8004738	22.0	3.0	29.0	15.0	24.095506169045144	269	1211	22	3.0	29.0	15.0	22	3.0	29.0	15.0	138	0	0.031249523162841797	27000	11.45234227180481	12990	51.88888888888889	
9593268.277868073	22.0	3.0	29.0	15.0	24.095506169045144	270	1217	22	3.0	29.0	15.0	22	3.0	29.0	15.0	138	0	0.031247377395629883	27100	11.48358964920044	13030	51.91881918819188	
221514300313572.28	22.0	3.0	29.0	15.0	24.095506169045144	271	1223	22	3.0	29.0	15.0	22	3.0	29.0	15.0	138	0	0.03124690055847168	27200	11.514836549758911	13067	51.95955882352941	
510641746.0709833	22.0	3.0	29.0	15.0	24.095506169045144	272	1229	22	3.0	29.0	15.0	22	3.0	29.0	15.0	139	0	0.031247615814208984	27300	11.54608416557312	13120	51.94139194139194	
8347305.170579216	22.0	3.0	29.0	15.0	24.095506169045144	273	1234	22	3.0	29.0	15.0	22	3.0	29.0	15.0	139	0	0.031247854232788086	27400	11.577332019805908	13156	51.98540145985401	
18552468.703036297	22.0	3.0	29.0	15.0	24.095506169045144	274	1241	22	3.0	29.0	15.0	22	3.0	29.0	15.0	139	0	0.046871185302734375	27500	11.624203205108643	13193	52.025454545454544	
3323459972930008.0	22.0	3.0	29.0	15.0	24.095506169045144	275	1245	22	3.0	29.0	15.0	22	3.0	29.0	15.0	139	0	0.031248807907104492	27600	11.655452013015747	13239	52.03260869565217	
9792416.782790273	22.0	3.0	29.0	15.0	24.095506169045144	276	1256	22	3.0	29.0	15.0	22	3.0	29.0	15.0	140	0	0.031247615814208984	27700	11.686699628829956	13281	52.05415162454874	
9.627140625045526e+30	22.0	3.0	29.0	15.0	24.095506169045144	277	1261	22	3.0	29.0	15.0	22	3.0	29.0	15.0	140	0	0.03124833106994629	27800	11.717947959899902	13332	52.043165467625904	
495088.794654521	22.0	3.0	29.0	15.0	24.095506169045144	278	1265	22	3.0	29.0	15.0	22	3.0	29.0	15.0	141	0	0.04687094688415527	27900	11.764818906784058	13376	52.0573476702509	
10653870.142763352	22.0	3.0	29.0	15.0	24.095506169045144	279	1270	22	3.0	29.0	15.0	22	3.0	29.0	15.0	141	0	0.015623807907104492	28000	11.780442714691162	13421	52.06785714285714	
18400411.57871576	22.0	3.0	29.0	15.0	24.095506169045144	280	1278	22	3.0	29.0	15.0	22	3.0	29.0	15.0	142	0	0.031248092651367188	28100	11.81169080734253	13464	52.08540925266904	
12853446.322715338	22.0	3.0	29.0	15.0	24.095506169045144	281	1281	22	3.0	29.0	15.0	22	3.0	29.0	15.0	142	0	0.031248092651367188	28200	11.842938899993896	13510	52.09219858156028	
8466074.648717966	22.0	3.0	29.0	15.0	24.095506169045144	282	1286	22	3.0	29.0	15.0	22	3.0	29.0	15.0	142	0	0.031247377395629883	28300	11.874186277389526	13559	52.08833922261484	
7012.171209421242	22.0	3.0	29.0	15.0	24.095506169045144	283	1290	22	3.0	29.0	15.0	22	3.0	29.0	15.0	142	0	0.031248092651367188	28400	11.905434370040894	13593	52.137323943661976	
547138.8113677794	22.0	3.0	29.0	15.0	24.095506169045144	284	1293	22	3.0	29.0	15.0	22	3.0	29.0	15.0	142	0	0.031249046325683594	28500	11.936683416366577	13638	52.14736842105263	
479304291.9257992	22.0	3.0	29.0	15.0	24.095506169045144	285	1295	22	3.0	29.0	15.0	22	3.0	29.0	15.0	142	0	0.03124690055847168	28600	11.967930316925049	13685	52.150349650349646	
67340734.14693874	22.0	3.0	29.0	15.0	24.095506169045144	286	1298	22	3.0	29.0	15.0	22	3.0	29.0	15.0	143	0	0.015624046325683594	28700	11.983554363250732	13733	52.149825783972126	
10059888397957.02	22.0	3.0	29.0	15.0	24.095506169045144	287	1301	22	3.0	29.0	15.0	22	3.0	29.0	15.0	143	0	0.031247854232788086	28800	12.01480221748352	13786	52.13194444444444	
911270.4541413514	22.0	3.0	29.0	15.0	24.095506169045144	288	1305	22	3.0	29.0	15.0	22	3.0	29.0	15.0	143	0	0.031247854232788086	28900	12.046050071716309	13843	52.10034602076124	
189551082.01241302	22.0	3.0	29.0	15.0	24.095506169045144	289	1311	22	3.0	29.0	15.0	22	3.0	29.0	15.0	143	0	0.04687166213989258	29000	12.092921733856201	13896	52.08275862068966	
354394002.7024532	22.0	3.0	29.0	15.0	24.095506169045144	290	1314	22	3.0	29.0	15.0	22	3.0	29.0	15.0	143	0	0.031247854232788086	29100	12.12416958808899	13943	52.085910652920965	
1009172.094823823	22.0	3.0	29.0	15.0	24.095506169045144	291	1320	22	3.0	29.0	15.0	22	3.0	29.0	15.0	143	0	0.031247854232788086	29200	12.155417442321777	13983	52.11301369863014	
533720358.03343874	22.0	3.0	29.0	15.0	24.095506169045144	292	1329	22	3.0	29.0	15.0	22	3.0	29.0	15.0	143	0	0.031247854232788086	29300	12.186665296554565	14024	52.13651877133106	
9230751.57674158	22.0	3.0	29.0	15.0	24.095506169045144	293	1333	22	3.0	29.0	15.0	22	3.0	29.0	15.0	143	0	0.031247854232788086	29400	12.217913150787354	14066	52.156462585034014	
8004.170697290274	22.0	3.0	29.0	15.0	24.095506169045144	294	1339	22	3.0	29.0	15.0	22	3.0	29.0	15.0	143	0	0.046872615814208984	29500	12.264785766601562	14101	52.2	
613064630.5787259	22.0	3.0	29.0	15.0	24.095506169045144	295	1342	22	3.0	29.0	15.0	22	3.0	29.0	15.0	144	0	0.03124713897705078	29600	12.296032905578613	14130	52.263513513513516	
7933895.638688193	22.0	3.0	29.0	15.0	24.095506169045144	296	1347	22	3.0	29.0	15.0	22	3.0	29.0	15.0	144	0	0.031247854232788086	29700	12.327280759811401	14158	52.32996632996633	
16788801.27298594	22.0	3.0	29.0	15.0	24.095506169045144	297	1352	22	3.0	29.0	15.0	22	3.0	29.0	15.0	145	0	0.031247615814208984	29800	12.35852837562561	14187	52.39261744966443	
24583627.110710893	22.0	3.0	29.0	15.0	24.095506169045144	298	1356	22	3.0	29.0	15.0	22	3.0	29.0	15.0	145	0	0.04687166213989258	29900	12.405400037765503	14226	52.42140468227425	
24708285.815067664	22.0	3.0	29.0	15.0	24.095506169045144	299	1362	22	3.0	29.0	15.0	22	3.0	29.0	15.0	145	0	0.031247854232788086	30000	12.436647891998291	14260	52.46666666666667	
593761941.7007738	22.0	3.0	29.0	15.0	24.095506169045144	300	1367	22	3.0	29.0	15.0	22	3.0	29.0	15.0	145	0	0.031247854232788086	30100	12.467895746231079	14303	52.48172757475083	
96731.39388545508	22.0	3.0	29.0	15.0	24.095506169045144	301	1374	22	3.0	29.0	15.0	22	3.0	29.0	15.0	145	0	0.03124856948852539	30200	12.499144315719604	14340	52.51655629139073	
501486250.8876615	22.0	3.0	29.0	15.0	24.095506169045144	302	1377	22	3.0	29.0	15.0	22	3.0	29.0	15.0	145	0	0.046871185302734375	30300	12.546015501022339	14388	52.51485148514852	
9635897.950471403	22.0	3.0	29.0	15.0	24.095506169045144	303	1386	22	3.0	29.0	15.0	22	3.0	29.0	15.0	145	0	0.015624046325683594	30400	12.561639547348022	14442	52.493421052631575	
364497797.7149331	22.0	3.0	29.0	15.0	24.095506169045144	304	1390	22	3.0	29.0	15.0	22	3.0	29.0	15.0	145	0	0.04687166213989258	30500	12.608511209487915	14481	52.52131147540984	
927727.3829033208	22.0	3.0	29.0	15.0	24.095506169045144	305	1394	22	3.0	29.0	15.0	22	3.0	29.0	15.0	145	0	0.031248092651367188	30600	12.639759302139282	14532	52.509803921568626	
499408371.6696289	22.0	3.0	29.0	15.0	24.095506169045144	306	1399	22	3.0	29.0	15.0	22	3.0	29.0	15.0	145	0	0.04687190055847168	30700	12.686631202697754	14576	52.52117263843648	
8822802.999166176	22.0	3.0	29.0	15.0	24.095506169045144	307	1402	22	3.0	29.0	15.0	22	3.0	29.0	15.0	145	0	0.031247854232788086	30800	12.717879056930542	14627	52.50974025974026	
727960.3537910349	22.0	3.0	29.0	15.0	24.095506169045144	308	1405	22	3.0	29.0	15.0	22	3.0	29.0	15.0	146	0	0.031247615814208984	30900	12.749126672744751	14673	52.51456310679611	
2729586.826897574	22.0	3.0	29.0	15.0	24.095506169045144	309	1410	22	3.0	29.0	15.0	22	3.0	29.0	15.0	146	0	0.04687213897705078	31000	12.795998811721802	14730	52.483870967741936	
5798868.470370862	22.0	3.0	29.0	15.0	24.095506169045144	310	1411	22	3	29	15	22	3	29	15	146	0	0.031247615814208984	31100	12.82724642753601	14774	52.4951768488746	
21107510.43039618	22.0	3.0	29.0	15.0	24.095506169045144	311	1412	22	3	29	15	22	3	29	15	146	0	0.015623807907104492	31200	12.842870235443115	14803	52.55448717948718	
16975755.093755446	22.0	3.0	29.0	15.0	24.095506169045144	312	1415	22	3.0	29.0	15.0	22	3.0	29.0	15.0	146	0	0.031247854232788086	31300	12.874118089675903	14840	52.58785942492013	
475425618.5621961	22.0	3.0	29.0	15.0	24.095506169045144	313	1419	22	3.0	29.0	15.0	22	3.0	29.0	15.0	146	0	0.046872854232788086	31400	12.920990943908691	14875	52.62738853503185	
1684589.4856043162	22.0	3.0	29.0	15.0	24.095506169045144	314	1427	22	3.0	29.0	15.0	22	3.0	29.0	15.0	146	0	0.03124690055847168	31500	12.952237844467163	14923	52.62539682539683	
10482933004138.686	22.0	3.0	29.0	15.0	24.095506169045144	315	1432	22	3.0	29.0	15.0	22	3.0	29.0	15.0	146	0	0.015624523162841797	31600	12.967862367630005	14969	52.629746835443036	
4820497.647773729	22.0	3.0	29.0	15.0	24.095506169045144	316	1436	22	3.0	29.0	15.0	22	3.0	29.0	15.0	146	0	0.046871185302734375	31700	13.01473355293274	15017	52.62776025236593	
80677.52793490041	22.0	3.0	29.0	15.0	24.095506169045144	317	1439	22	3.0	29.0	15.0	22	3.0	29.0	15.0	146	0	0.015623807907104492	31800	13.030357360839844	15053	52.66352201257862	
601337.2980642798	22.0	3.0	29.0	15.0	24.095506169045144	318	1447	22	3.0	29.0	15.0	22	3.0	29.0	15.0	146	0	0.03124833106994629	31900	13.06160569190979	15094	52.6833855799373	
618445331687835.6	22.0	3.0	29.0	15.0	24.095506169045144	319	1454	22	3.0	29.0	15.0	22	3.0	29.0	15.0	146	0	0.031247615814208984	32000	13.092853307723999	15139	52.690625000000004	
512253.58925014065	22.0	3.0	29.0	15.0	24.095506169045144	320	1456	22	3.0	29.0	15.0	22	3.0	29.0	15.0	146	0	0.031247854232788086	32100	13.124101161956787	15194	52.666666666666664	
8896987.917444963	22.0	3.0	29.0	15.0	24.095506169045144	321	1461	22	3.0	29.0	15.0	22	3.0	29.0	15.0	146	0	0.031247854232788086	32200	13.155349016189575	15236	52.683229813664596	
35427405.410917625	22.0	3.0	29.0	15.0	24.095506169045144	322	1466	22	3.0	29.0	15.0	22	3.0	29.0	15.0	147	0	0.04687190055847168	32300	13.202220916748047	15282	52.68730650154799	
50533936.86799231	22.0	3.0	29.0	15.0	24.095506169045144	323	1471	22	3.0	29.0	15.0	22	3.0	29.0	15.0	148	0	0.031247854232788086	32400	13.233468770980835	15332	52.67901234567901	
3770115.1763844695	22.0	3.0	29.0	15.0	24.095506169045144	324	1475	22	3.0	29.0	15.0	22	3.0	29.0	15.0	148	0	0.031247377395629883	32500	13.264716148376465	15383	52.66769230769231	
1.0487438346432676e+18	22.0	3.0	29.0	15.0	24.095506169045144	325	1482	22	3.0	29.0	15.0	22	3.0	29.0	15.0	148	0	0.04687190055847168	32600	13.311588048934937	15425	52.6840490797546	
471938523.10857946	22.0	3.0	29.0	15.0	24.095506169045144	326	1487	22	3.0	29.0	15.0	22	3.0	29.0	15.0	148	0	0.015624284744262695	32700	13.3272123336792	15470	52.69113149847095	
876384113.3470547	22.0	3.0	29.0	15.0	24.095506169045144	327	1491	22	3.0	29.0	15.0	22	3.0	29.0	15.0	148	0	0.031247615814208984	32800	13.358459949493408	15519	52.6859756097561	
39252290.28765154	22.0	3.0	29.0	15.0	24.095506169045144	328	1498	22	3.0	29.0	15.0	22	3.0	29.0	15.0	148	0	0.04687190055847168	32900	13.40533185005188	15573	52.66565349544073	
16824680.93414927	22.0	3.0	29.0	15.0	24.095506169045144	329	1504	22	3.0	29.0	15.0	22	3.0	29.0	15.0	149	0	0.031247615814208984	33000	13.436579465866089	15617	52.67575757575757	
5511136369.182283	22.0	3.0	29.0	15.0	24.095506169045144	330	1508	22	3.0	29.0	15.0	22	3.0	29.0	15.0	149	0	0.031247854232788086	33100	13.467827320098877	15663	52.6797583081571	
83226.72771642703	22.0	3.0	29.0	15.0	24.095506169045144	331	1512	22	3.0	29.0	15.0	22	3.0	29.0	15.0	149	0	0.04687166213989258	33200	13.51469898223877	15696	52.72289156626506	
340002917142.7212	22.0	3.0	29.0	15.0	24.095506169045144	332	1519	22	3.0	29.0	15.0	22	3.0	29.0	15.0	151	0	0.031248092651367188	33300	13.545947074890137	15730	52.76276276276276	
55675047.61857572	22.0	3.0	29.0	15.0	24.095506169045144	333	1523	22	3.0	29.0	15.0	22	3.0	29.0	15.0	151	0	0.031247615814208984	33400	13.577194690704346	15768	52.79041916167665	
55499995.713016674	22.0	3.0	29.0	15.0	24.095506169045144	334	1529	22	3.0	29.0	15.0	22	3.0	29.0	15.0	151	0	0.04687213897705078	33500	13.624066829681396	15807	52.81492537313433	
338276589406389.25	22.0	3.0	29.0	15.0	24.095506169045144	335	1536	22	3.0	29.0	15.0	22	3.0	29.0	15.0	151	0	0.031247615814208984	33600	13.655314445495605	15839	52.86011904761905	
5341779.739397095	22.0	3.0	29.0	15.0	24.095506169045144	336	1542	22	3.0	29.0	15.0	22	3.0	29.0	15.0	151	0	0.03124833106994629	33700	13.686562776565552	15875	52.89317507418398	
4061280288.0466347	22.0	3.0	29.0	15.0	24.095506169045144	337	1545	22	3.0	29.0	15.0	22	3.0	29.0	15.0	151	0	0.04687190055847168	33800	13.733434677124023	15925	52.88461538461539	
8664169.093376469	22.0	3.0	29.0	15.0	24.095506169045144	338	1552	22	3.0	29.0	15.0	22	3.0	29.0	15.0	151	0	0.031247615814208984	33900	13.764682292938232	15957	52.929203539823014	
2338380.174270608	22.0	3.0	29.0	15.0	24.095506169045144	339	1557	22	3.0	29.0	15.0	22	3.0	29.0	15.0	151	0	0.04687213897705078	34000	13.811554431915283	15999	52.944117647058825	
2283575.7423847537	22.0	3.0	29.0	15.0	24.095506169045144	340	1561	22	3.0	29.0	15.0	22	3.0	29.0	15.0	153	0	0.031247377395629883	34100	13.842801809310913	16042	52.956011730205276	
56388315.714554824	22.0	3.0	29.0	15.0	24.095506169045144	341	1567	22	3.0	29.0	15.0	22	3.0	29.0	15.0	153	0	0.031247854232788086	34200	13.874049663543701	16072	53.005847953216374	
7684856774.769694	22.0	3.0	29.0	15.0	24.095506169045144	342	1569	22	3.0	29.0	15.0	22	3.0	29.0	15.0	153	0	0.04687142372131348	34300	13.920921087265015	16111	53.02915451895044	
9225084.740671452	22.0	3.0	29.0	15.0	24.095506169045144	343	1573	22	3.0	29.0	15.0	22	3.0	29.0	15.0	153	0	0.03124833106994629	34400	13.952169418334961	16161	53.020348837209305	
9556548742126.373	22.0	3.0	29.0	15.0	24.095506169045144	344	1576	22	3.0	29.0	15.0	22	3.0	29.0	15.0	153	0	0.031248092651367188	34500	13.983417510986328	16216	52.99710144927536	
77558788374876.31	22.0	3.0	29.0	15.0	24.095506169045144	345	1579	22	3.0	29.0	15.0	22	3.0	29.0	15.0	153	0	0.031247615814208984	34600	14.014665126800537	16271	52.97398843930636	
2575949.046775849	22.0	3.0	29.0	15.0	24.095506169045144	346	1583	22	3.0	29.0	15.0	22	3.0	29.0	15.0	153	0	0.04687166213989258	34700	14.06153678894043	16318	52.97406340057637	
6631245.139992425	22.0	3.0	29.0	15.0	24.095506169045144	347	1592	22	3.0	29.0	15.0	22	3.0	29.0	15.0	153	0	0.031247615814208984	34800	14.092784404754639	16349	53.020114942528735	
259003.18142084064	22.0	3.0	29.0	15.0	24.095506169045144	348	1596	22	3.0	29.0	15.0	22	3.0	29.0	15.0	153	0	0.0156252384185791	34900	14.108409643173218	16390	53.03724928366762	
8773465.031395417	22.0	3.0	29.0	15.0	24.095506169045144	349	1600	22	3.0	29.0	15.0	22	3.0	29.0	15.0	153	0	0.03124713897705078	35000	14.139656782150269	16435	53.042857142857144	
18785440.980047364	22.0	3.0	29.0	15.0	24.095506169045144	350	1607	22	3.0	29.0	15.0	22	3.0	29.0	15.0	153	0	0.046871185302734375	35100	14.186527967453003	16478	53.054131054131055	
8407606.80364834	22.0	3.0	29.0	15.0	24.095506169045144	351	1612	22	3.0	29.0	15.0	22	3.0	29.0	15.0	153	0	0.046872615814208984	35200	14.233400583267212	16516	53.07954545454546	
621287.3573779288	22.0	3.0	29.0	15.0	24.095506169045144	352	1615	22	3.0	29.0	15.0	22	3.0	29.0	15.0	153	0	0.031247377395629883	35300	14.264647960662842	16562	53.08215297450425	
8410471.34983739	22.0	3.0	29.0	15.0	24.095506169045144	353	1618	22	3.0	29.0	15.0	22	3.0	29.0	15.0	153	0	0.031247854232788086	35400	14.29589581489563	16606	53.090395480225986	
1715119.0335795246	22.0	3.0	29.0	15.0	24.095506169045144	354	1624	22	3.0	29.0	15.0	22	3.0	29.0	15.0	153	0	0.031247854232788086	35500	14.327143669128418	16656	53.08169014084507	
315248207680296.8	22.0	3.0	29.0	15.0	24.095506169045144	355	1627	22	3.0	29.0	15.0	22	3.0	29.0	15.0	153	0	0.031247854232788086	35600	14.358391523361206	16694	53.10674157303371	
29073422.00543618	22.0	3.0	29.0	15.0	24.095506169045144	356	1636	22	3.0	29.0	15.0	22	3.0	29.0	15.0	153	0	0.031249046325683594	35700	14.38964056968689	16733	53.128851540616246	
4864520.7624632465	22.0	3.0	29.0	15.0	24.095506169045144	357	1638	22	3.0	29.0	15.0	22	3.0	29.0	15.0	153	0	0.031246662139892578	35800	14.420887231826782	16780	53.12849162011173	
9657626.805077307	22.0	3.0	29.0	15.0	24.095506169045144	358	1640	22	3.0	29.0	15.0	22	3.0	29.0	15.0	153	0	0.031248092651367188	35900	14.45213532447815	16830	53.119777158774376	
73326.63878231337	22.0	3.0	29.0	15.0	24.095506169045144	359	1645	22	3.0	29.0	15.0	22	3.0	29.0	15.0	153	0	0.031248092651367188	36000	14.483383417129517	16877	53.11944444444445	
794577.5653818789	22.0	3.0	29.0	15.0	24.095506169045144	360	1651	22	3.0	29.0	15.0	22	3.0	29.0	15.0	153	0	0.04687094688415527	36100	14.530254364013672	16933	53.094182825484765	
8493199.260080783	22.0	3.0	29.0	15.0	24.095506169045144	361	1656	22	3.0	29.0	15.0	22	3.0	29.0	15.0	154	0	0.015624284744262695	36200	14.545878648757935	16977	53.10220994475138	
1889956.363139781	22.0	3.0	29.0	15.0	24.095506169045144	362	1662	22	3.0	29.0	15.0	22	3.0	29.0	15.0	154	0	0.015623807907104492	36300	14.561502456665039	17026	53.09641873278237	
8749649.67452048	22.0	3.0	29.0	15.0	24.095506169045144	363	1668	22	3.0	29.0	15.0	22	3.0	29.0	15.0	154	0	0.04687190055847168	36400	14.60837435722351	17065	53.11813186813187	
8432891053.199119	22.0	3.0	29.0	15.0	24.095506169045144	364	1672	22	3.0	29.0	15.0	22	3.0	29.0	15.0	155	0	0.03124856948852539	36500	14.639622926712036	17118	53.101369863013694	
96411.31804533234	22.0	3.0	29.0	15.0	24.095506169045144	365	1675	22	3.0	29.0	15.0	22	3.0	29.0	15.0	155	0	0.03124690055847168	36600	14.670869827270508	17164	53.10382513661202	
2688938.123031093	22.0	3.0	29.0	15.0	24.095506169045144	366	1680	22	3.0	29.0	15.0	22	3.0	29.0	15.0	156	0	0.015624284744262695	36700	14.68649411201477	17198	53.13896457765668	
386475.837131237	22.0	3.0	29.0	15.0	24.095506169045144	367	1686	22	3.0	29.0	15.0	22	3.0	29.0	15.0	156	0	0.031247854232788086	36800	14.717741966247559	17244	53.141304347826086	
1061841.2259113493	22.0	3.0	29.0	15.0	24.095506169045144	368	1691	22	3.0	29.0	15.0	22	3.0	29.0	15.0	157	0	0.04687190055847168	36900	14.76461386680603	17284	53.15989159891599	
166070289.72016904	22.0	3.0	29.0	15.0	24.095506169045144	369	1695	22	3.0	29.0	15.0	22	3.0	29.0	15.0	157	0	0.031247615814208984	37000	14.79586148262024	17326	53.17297297297297	
342952738886715.7	22.0	3.0	29.0	15.0	24.095506169045144	370	1702	22	3.0	29.0	15.0	22	3.0	29.0	15.0	157	0	0.031247854232788086	37100	14.827109336853027	17375	53.16711590296496	
11810589.898389185	22.0	3.0	29.0	15.0	24.095506169045144	371	1706	22	3.0	29.0	15.0	22	3.0	29.0	15.0	158	0	0.03124833106994629	37200	14.858357667922974	17425	53.15860215053764	
822178.1383650135	22.0	3.0	29.0	15.0	24.095506169045144	372	1708	22	3.0	29.0	15.0	22	3.0	29.0	15.0	158	0	0.031247854232788086	37300	14.889605522155762	17477	53.14477211796247	
9435946.4571547	22.0	3.0	29.0	15.0	24.095506169045144	373	1714	22	3.0	29.0	15.0	22	3.0	29.0	15.0	158	0	0.046871185302734375	37400	14.936476707458496	17531	53.12566844919786	
1572360055.0952036	22.0	3.0	29.0	15.0	24.095506169045144	374	1716	22	3.0	29.0	15.0	22	3.0	29.0	15.0	158	0	0.03124856948852539	37500	14.967725276947021	17582	53.114666666666665	
3005515.0566119957	22.0	3.0	29.0	15.0	24.095506169045144	375	1717	22	3	29	15	22	3	29	15	158	0	0.03124713897705078	37600	14.998972415924072	17627	53.119680851063826	
8232584.186341726	22.0	3.0	29.0	15.0	24.095506169045144	376	1720	22	3.0	29.0	15.0	22	3.0	29.0	15.0	158	0	0.031247854232788086	37700	15.03022027015686	17670	53.12997347480106	
256105.0029265424	22.0	3.0	29.0	15.0	24.095506169045144	377	1724	22	3.0	29.0	15.0	22	3.0	29.0	15.0	158	0	0.031248092651367188	37800	15.061468362808228	17709	53.150793650793645	
17278837.067447584	22.0	3.0	29.0	15.0	24.095506169045144	378	1727	22	3.0	29.0	15.0	22	3.0	29.0	15.0	159	0	0.015624046325683594	37900	15.077092409133911	17740	53.19261213720316	
7985710.550075561	22.0	3.0	29.0	15.0	24.095506169045144	379	1729	22	3.0	29.0	15.0	22	3.0	29.0	15.0	159	0	0.031247854232788086	38000	15.1083402633667	17776	53.22105263157895	
129708.19019637893	22.0	3.0	29.0	15.0	24.095506169045144	380	1738	22	3.0	29.0	15.0	22	3.0	29.0	15.0	159	0	0.031247615814208984	38100	15.139587879180908	17812	53.249343832021	
6338841.62959817	22.0	3.0	29.0	15.0	24.095506169045144	381	1740	22	3.0	29.0	15.0	22	3.0	29.0	15.0	159	0	0.031248092651367188	38200	15.170835971832275	17847	53.28010471204189	
39233392.582915224	22.0	3.0	29.0	15.0	24.095506169045144	382	1744	22	3.0	29.0	15.0	22	3.0	29.0	15.0	159	0	0.031247854232788086	38300	15.202083826065063	17872	53.33681462140992	
14411.63635631647	22.0	3.0	29.0	15.0	24.095506169045144	383	1748	22	3.0	29.0	15.0	22	3.0	29.0	15.0	159	0	0.031247615814208984	38400	15.233331441879272	17903	53.377604166666664	
1839429.323734614	22.0	3.0	29.0	15.0	24.095506169045144	384	1751	22	3.0	29.0	15.0	22	3.0	29.0	15.0	159	0	0.04687213897705078	38500	15.280203580856323	17937	53.41038961038961	
10759771.211017203	22.0	3.0	29.0	15.0	24.095506169045144	385	1755	22	3.0	29.0	15.0	22	3.0	29.0	15.0	159	0	0.03124856948852539	38600	15.311452150344849	17972	53.44041450777202	
120856.21035563025	22.0	3.0	29.0	15.0	24.095506169045144	386	1764	22	3.0	29.0	15.0	22	3.0	29.0	15.0	159	0	0.03124713897705078	38700	15.3426992893219	18006	53.47286821705426	
707187.8922238074	22.0	3.0	29.0	15.0	24.095506169045144	387	1773	22	3.0	29.0	15.0	22	3.0	29.0	15.0	159	0	0.03124856948852539	38800	15.373947858810425	18037	53.51288659793814	
12058.583894688947	22.0	3.0	29.0	15.0	24.095506169045144	388	1779	22	3.0	29.0	15.0	22	3.0	29.0	15.0	159	0	0.04687070846557617	38900	15.420818567276001	18071	53.544987146529564	
5.935043213894835e+18	22.0	3.0	29.0	15.0	24.095506169045144	389	1782	22	3.0	29.0	15.0	22	3.0	29.0	15.0	159	0	0.03124833106994629	39000	15.452066898345947	18103	53.58205128205128	
2129876.6176531794	22.0	3.0	29.0	15.0	24.095506169045144	390	1787	22	3.0	29.0	15.0	22	3.0	29.0	15.0	159	0	0.03124856948852539	39100	15.483315467834473	18131	53.629156010230176	
9210505.881153231	22.0	3.0	29.0	15.0	24.095506169045144	391	1796	22	3.0	29.0	15.0	22	3.0	29.0	15.0	159	0	0.03124713897705078	39200	15.514562606811523	18165	53.660714285714285	
9578677.356088614	22.0	3.0	29.0	15.0	24.095506169045144	392	1802	22	3.0	29.0	15.0	22	3.0	29.0	15.0	159	0	0.031247615814208984	39300	15.545810222625732	18202	53.68447837150127	
480.49298879300005	22.0	3.0	29.0	15.0	24.095506169045144	393	1806	22	3.0	29.0	15.0	22	3.0	29.0	15.0	159	0	0.04687213897705078	39400	15.592682361602783	18232	53.7258883248731	
1070436692.6285706	22.0	3.0	29.0	15.0	24.095506169045144	394	1813	22	3.0	29.0	15.0	22	3.0	29.0	15.0	160	0	0.01562356948852539	39500	15.608305931091309	18259	53.7746835443038	
848303.7656389351	22.0	3.0	29.0	15.0	24.095506169045144	395	1817	22	3.0	29.0	15.0	22	3.0	29.0	15.0	160	0	0.031248092651367188	39600	15.639554023742676	18285	53.82575757575758	
631559.5184586297	22.0	3.0	29.0	15.0	24.095506169045144	396	1821	22	3.0	29.0	15.0	22	3.0	29.0	15.0	160	0	0.031248807907104492	39700	15.67080283164978	18315	53.86649874055416	
61173338.23472165	22.0	3.0	29.0	15.0	24.095506169045144	397	1828	22	3.0	29.0	15.0	22	3.0	29.0	15.0	160	0	0.031246662139892578	39800	15.702049493789673	18353	53.88693467336683	
9111513.263716223	22.0	3.0	29.0	15.0	24.095506169045144	398	1832	22	3.0	29.0	15.0	22	3.0	29.0	15.0	162	0	0.031247854232788086	39900	15.733297348022461	18392	53.904761904761905	
5828238.73804522	22.0	3.0	29.0	15.0	24.095506169045144	399	1836	22	3.0	29.0	15.0	22	3.0	29.0	15.0	163	0	0.04687190055847168	40000	15.780169248580933	18429	53.9275	
1324932.6812592968	22.0	3.0	29.0	15.0	24.095506169045144	400	1841	22	3.0	29.0	15.0	22	3.0	29.0	15.0	163	0	0.015624046325683594	40100	15.795793294906616	18468	53.94513715710723	
8104990.818485373	22.0	3.0	29.0	15.0	24.095506169045144	401	1849	22	3.0	29.0	15.0	22	3.0	29.0	15.0	163	0	0.04687166213989258	40200	15.842664957046509	18497	53.98756218905473	
16704643.517118365	22.0	3.0	29.0	15.0	24.095506169045144	402	1852	22	3.0	29.0	15.0	22	3.0	29.0	15.0	164	0	0.031247854232788086	40300	15.873912811279297	18525	54.03225806451613	
8954957.943347525	22.0	3.0	29.0	15.0	24.095506169045144	403	1856	22	3.0	29.0	15.0	22	3.0	29.0	15.0	164	0	0.031248092651367188	40400	15.905160903930664	18560	54.059405940594054	
5767429.587834012	22.0	3.0	29.0	15.0	24.095506169045144	404	1861	22	3.0	29.0	15.0	22	3.0	29.0	15.0	164	0	0.031248092651367188	40500	15.936408996582031	18583	54.11604938271605	
1501367.0540024035	22.0	3.0	29.0	15.0	24.095506169045144	405	1865	22	3.0	29.0	15.0	22	3.0	29.0	15.0	164	0	0.04687142372131348	40600	15.983280420303345	18607	54.169950738916256	
13977663.637836112	22.0	3.0	29.0	15.0	24.095506169045144	406	1868	22	3.0	29.0	15.0	22	3.0	29.0	15.0	164	0	0.031247854232788086	40700	16.014528274536133	18632	54.221130221130224	
7712541458013.77	22.0	3.0	29.0	15.0	24.095506169045144	407	1871	22	3.0	29.0	15.0	22	3.0	29.0	15.0	164	0	0.031248092651367188	40800	16.0457763671875	18666	54.25	
15787430.226570636	22.0	3.0	29.0	15.0	24.095506169045144	408	1874	22	3.0	29.0	15.0	22	3.0	29.0	15.0	164	0	0.04687166213989258	40900	16.092648029327393	18701	54.27628361858191	
172670.7100588632	22.0	3.0	29.0	15.0	24.095506169045144	409	1879	22	3.0	29.0	15.0	22	3.0	29.0	15.0	164	0	0.015623807907104492	41000	16.108271837234497	18741	54.29024390243902	
1030486182583239.4	22.0	3.0	29.0	15.0	24.095506169045144	410	1886	22	3.0	29.0	15.0	22	3.0	29.0	15.0	164	0	0.031248092651367188	41100	16.139519929885864	18783	54.2992700729927	
838195.9973892233	22.0	3.0	29.0	15.0	24.095506169045144	411	1894	22	3.0	29.0	15.0	22	3.0	29.0	15.0	164	0	0.031248092651367188	41200	16.17076802253723	18828	54.30097087378641	
7458046.822889007	22.0	3.0	29.0	15.0	24.095506169045144	412	1904	22	3.0	29.0	15.0	22	3.0	29.0	15.0	164	0	0.015623807907104492	41300	16.186391830444336	18876	54.295399515738495	
9222699.824959999	22.0	3.0	29.0	15.0	24.095506169045144	413	1911	22	3.0	29.0	15.0	22	3.0	29.0	15.0	164	0	0.031247854232788086	41400	16.217639684677124	18922	54.29468599033817	
704433139.6440029	22.0	3.0	29.0	15.0	24.095506169045144	414	1917	22	3.0	29.0	15.0	22	3.0	29.0	15.0	164	0	0.031247377395629883	41500	16.248887062072754	18962	54.30843373493976	
949922.2161439724	22.0	3.0	29.0	15.0	24.095506169045144	415	1920	22	3.0	29.0	15.0	22	3.0	29.0	15.0	164	0	0.015624046325683594	41600	16.264511108398438	19004	54.31730769230769	
994383.6883825784	22.0	3.0	29.0	15.0	24.095506169045144	416	1924	22	3.0	29.0	15.0	22	3.0	29.0	15.0	164	0	0.03124833106994629	41700	16.295759439468384	19050	54.31654676258993	
7599956.377188825	22.0	3.0	29.0	15.0	24.095506169045144	417	1929	22	3.0	29.0	15.0	22	3.0	29.0	15.0	164	0	0.031247377395629883	41800	16.327006816864014	19090	54.33014354066986	
547040.8249834839	22.0	3.0	29.0	15.0	24.095506169045144	418	1932	22	3.0	29.0	15.0	22	3.0	29.0	15.0	165	0	0.031247854232788086	41900	16.3582546710968	19129	54.346062052505964	
49019785.76224952	22.0	3.0	29.0	15.0	24.095506169045144	419	1935	22	3.0	29.0	15.0	22	3.0	29.0	15.0	165	0	0.031247615814208984	42000	16.38950228691101	19166	54.36666666666667	
1162730.090801784	22.0	3.0	29.0	15.0	24.095506169045144	420	1937	22	3.0	29.0	15.0	22	3.0	29.0	15.0	165	0	0.03124833106994629	42100	16.420750617980957	19208	54.37529691211401	
7822047.248393215	22.0	3.0	29.0	15.0	24.095506169045144	421	1940	22	3.0	29.0	15.0	22	3.0	29.0	15.0	165	0	0.031247615814208984	42200	16.451998233795166	19245	54.3957345971564	
19826685413504.383	22.0	3.0	29.0	15.0	24.095506169045144	422	1950	22	3.0	29.0	15.0	22	3.0	29.0	15.0	165	0	0.031247854232788086	42300	16.483246088027954	19283	54.41371158392435	
60923.72969502719	22.0	3.0	29.0	15.0	24.095506169045144	423	1954	22	3.0	29.0	15.0	22	3.0	29.0	15.0	165	0	0.04687190055847168	42400	16.530117988586426	19322	54.429245283018865	
9505006017.343859	22.0	3.0	29.0	15.0	24.095506169045144	424	1958	22	3.0	29.0	15.0	22	3.0	29.0	15.0	166	0	0.031247854232788086	42500	16.561365842819214	19372	54.41882352941177	
1232713.6747529914	22.0	3.0	29.0	15.0	24.095506169045144	425	1963	22	3.0	29.0	15.0	22	3.0	29.0	15.0	166	0	0.04687213897705078	42600	16.608237981796265	19415	54.42488262910798	
505906309.04472274	22.0	3.0	29.0	15.0	24.095506169045144	426	1967	22	3.0	29.0	15.0	22	3.0	29.0	15.0	166	0	0.031247854232788086	42700	16.639485836029053	19454	54.440281030444964	
7803351.399676957	22.0	3.0	29.0	15.0	24.095506169045144	427	1968	22	3	29	15	22	3	29	15	166	0	0.031247615814208984	42800	16.67073345184326	19512	54.41121495327103	
2913.420980344943	22.0	3.0	29.0	15.0	24.095506169045144	428	1968	22	3	29	15	22	3	29	15	166	0	0.031247615814208984	42900	16.70198106765747	19550	54.42890442890443	
8261686.307704112	22.0	3.0	29.0	15.0	24.095506169045144	429	1972	22	3.0	29.0	15.0	22	3.0	29.0	15.0	166	0	0.031247854232788086	43000	16.73322892189026	19591	54.43953488372093	
15177726279.728245	22.0	3.0	29.0	15.0	24.095506169045144	430	1975	22	3.0	29.0	15.0	22	3.0	29.0	15.0	166	0	0.04687213897705078	43100	16.78010106086731	19632	54.45011600928074	
1339844.027663918	22.0	3.0	29.0	15.0	24.095506169045144	431	1975	22	3	29	15	22	3	29	15	166	0	0.031247615814208984	43200	16.81134867668152	19676	54.4537037037037	
599272.1903334163	22.0	3.0	29.0	15.0	24.095506169045144	432	1980	22	3.0	29.0	15.0	22	3.0	29.0	15.0	166	0	0.031247615814208984	43300	16.842596292495728	19718	54.46189376443418	
339342759090052.06	22.0	3.0	29.0	15.0	24.095506169045144	433	1985	22	3.0	29.0	15.0	22	3.0	29.0	15.0	167	0	0.03124833106994629	43400	16.873844623565674	19753	54.486175115207374	
10095.124164326555	22.0	3.0	29.0	15.0	24.095506169045144	434	1994	22	3.0	29.0	15.0	22	3.0	29.0	15.0	167	0	0.04687166213989258	43500	16.920716285705566	19775	54.54022988505747	
5.187458010850204e+16	22.0	3.0	29.0	15.0	24.095506169045144	435	2004	22	3.0	29.0	15.0	22	3.0	29.0	15.0	167	0	0.031249046325683594	43600	16.95196533203125	19805	54.575688073394495	
302596118639709.94	22.0	3.0	29.0	15.0	24.095506169045144	436	2014	22	3.0	29.0	15.0	22	3.0	29.0	15.0	167	0	0.03124690055847168	43700	16.98321223258972	19839	54.60183066361556	
108175259.03824168	22.0	3.0	29.0	15.0	24.095506169045144	437	2022	22	3.0	29.0	15.0	22	3.0	29.0	15.0	167	0	0.031248092651367188	43800	17.01446032524109	19882	54.60730593607306	
1341112.119386404	22.0	3.0	29.0	15.0	24.095506169045144	438	2028	22	3.0	29.0	15.0	22	3.0	29.0	15.0	167	0	0.031247615814208984	43900	17.045707941055298	19926	54.61047835990888	
40179999.7899775	22.0	3.0	29.0	15.0	24.095506169045144	439	2031	22	3.0	29.0	15.0	22	3.0	29.0	15.0	167	0	0.04687190055847168	44000	17.09257984161377	19969	54.61590909090909	
141960556416.62628	22.0	3.0	29.0	15.0	24.095506169045144	440	2032	22	3	29	15	22	3	29	15	167	0	0.031247854232788086	44100	17.123827695846558	20015	54.61451247165533	
49312273.50528181	22.0	3.0	29.0	15.0	24.095506169045144	441	2034	22	3.0	29.0	15.0	22	3.0	29.0	15.0	167	0	0.031247615814208984	44200	17.155075311660767	20045	54.64932126696833	
987016255.8277329	22.0	3.0	29.0	15.0	24.095506169045144	442	2041	22	3.0	29.0	15.0	22	3.0	29.0	15.0	167	0	0.031247854232788086	44300	17.186323165893555	20083	54.66591422121896	
5537626.962762115	22.0	3.0	29.0	15.0	24.095506169045144	443	2047	22	3.0	29.0	15.0	22	3.0	29.0	15.0	168	0	0.04687166213989258	44400	17.233194828033447	20120	54.68468468468469	
35708414.581418365	22.0	3.0	29.0	15.0	24.095506169045144	444	2051	22	3.0	29.0	15.0	22	3.0	29.0	15.0	168	0	0.031248092651367188	44500	17.264442920684814	20148	54.72359550561798	
16208887.947615536	22.0	3.0	29.0	15.0	24.095506169045144	445	2058	22	3.0	29.0	15.0	22	3.0	29.0	15.0	169	0	0.031247615814208984	44600	17.295690536499023	20177	54.76008968609866	
2269559.550076402	22.0	3.0	29.0	15.0	24.095506169045144	446	2058	22	3	29	15	22	3	29	15	169	0	0.031247854232788086	44700	17.32693839073181	20215	54.77628635346756	
530419536.056263	22.0	3.0	29.0	15.0	24.095506169045144	447	2066	22	3.0	29.0	15.0	22	3.0	29.0	15.0	170	0	0.04687309265136719	44800	17.37381148338318	20247	54.80580357142858	
869368105.4321833	22.0	3.0	29.0	15.0	24.095506169045144	448	2068	22	3.0	29.0	15.0	22	3.0	29.0	15.0	170	0	0.031246662139892578	44900	17.40505814552307	20278	54.83741648106904	
14917018559058.607	22.0	3.0	29.0	15.0	24.095506169045144	449	2074	22	3.0	29.0	15.0	22	3.0	29.0	15.0	170	0	0.031248807907104492	45000	17.436306953430176	20303	54.88222222222222	
477109.23137029976	22.0	3.0	29.0	15.0	24.095506169045144	450	2078	22	3.0	29.0	15.0	22	3.0	29.0	15.0	170	0	0.03124690055847168	45100	17.467553853988647	20334	54.91352549889135	
5866754.017345892	22.0	3.0	29.0	15.0	24.095506169045144	451	2081	22	3.0	29.0	15.0	22	3.0	29.0	15.0	170	0	0.04687190055847168	45200	17.51442575454712	20371	54.93141592920354	
1422790.6555959247	22.0	3.0	29.0	15.0	24.095506169045144	452	2089	22	3.0	29.0	15.0	22	3.0	29.0	15.0	170	0	0.03124713897705078	45300	17.54567289352417	20402	54.96247240618102	
3407423.110012063	22.0	3.0	29.0	15.0	24.095506169045144	453	2097	22	3.0	29.0	15.0	22	3.0	29.0	15.0	170	0	0.03124856948852539	45400	17.576921463012695	20432	54.99559471365639	
18337692.16330133	22.0	3.0	29.0	15.0	24.095506169045144	454	2101	22	3.0	29.0	15.0	22	3.0	29.0	15.0	170	0	0.031247854232788086	45500	17.608169317245483	20476	54.9978021978022	
485058462.2788586	22.0	3.0	29.0	15.0	24.095506169045144	455	2103	22	3.0	29.0	15.0	22	3.0	29.0	15.0	170	0	0.031247854232788086	45600	17.63941717147827	20522	54.99561403508772	
46211710.00103389	22.0	3.0	29.0	15.0	24.095506169045144	456	2110	22	3.0	29.0	15.0	22	3.0	29.0	15.0	170	0	0.04687166213989258	45700	17.686288833618164	20563	55.00437636761488	
5231888.830682116	22.0	3.0	29.0	15.0	24.095506169045144	457	2117	22	3.0	29.0	15.0	22	3.0	29.0	15.0	170	0	0.031247615814208984	45800	17.717536449432373	20607	55.006550218340614	
512097909.1704998	22.0	3.0	29.0	15.0	24.095506169045144	458	2123	22	3.0	29.0	15.0	22	3.0	29.0	15.0	170	0	0.031248092651367188	45900	17.74878454208374	20647	55.01742919389978	
13270.019407168315	22.0	3.0	29.0	15.0	24.095506169045144	459	2129	22	3.0	29.0	15.0	22	3.0	29.0	15.0	170	0	0.031248092651367188	46000	17.780032634735107	20689	55.02391304347826	
1469005.373342615	22.0	3.0	29.0	15.0	24.095506169045144	460	2138	22	3.0	29.0	15.0	22	3.0	29.0	15.0	170	0	0.04687166213989258	46100	17.826904296875	20725	55.04338394793926	
8098189.198356006	22.0	3.0	29.0	15.0	24.095506169045144	461	2142	22	3.0	29.0	15.0	22	3.0	29.0	15.0	170	0	0.031247854232788086	46200	17.858152151107788	20774	55.03463203463204	
47377976.619898446	22.0	3.0	29.0	15.0	24.095506169045144	462	2145	22	3.0	29.0	15.0	22	3.0	29.0	15.0	170	0	0.031247615814208984	46300	17.889399766921997	20806	55.062634989200866	
960330.097623914	22.0	3.0	29.0	15.0	24.095506169045144	463	2152	22	3.0	29.0	15.0	22	3.0	29.0	15.0	170	0	0.03124833106994629	46400	17.920648097991943	20837	55.0926724137931	
361123501050734.0	22.0	3.0	29.0	15.0	24.095506169045144	464	2160	22	3.0	29.0	15.0	22	3.0	29.0	15.0	171	0	0.031247615814208984	46500	17.951895713806152	20879	55.0989247311828	
2129624.484837701	22.0	3.0	29.0	15.0	24.095506169045144	465	2164	22	3.0	29.0	15.0	22	3.0	29.0	15.0	172	0	0.031248092651367188	46600	17.98314380645752	20924	55.09871244635193	
30563.20031258601	22.0	3.0	29.0	15.0	24.095506169045144	466	2170	22	3.0	29.0	15.0	22	3.0	29.0	15.0	172	0	0.04687166213989258	46700	18.030015468597412	20971	55.09421841541756	
2662024.1962519707	22.0	3.0	29.0	15.0	24.095506169045144	467	2176	22	3.0	29.0	15.0	22	3.0	29.0	15.0	173	0	0.031247377395629883	46800	18.061262845993042	21014	55.0982905982906	
5438960062919.315	22.0	3.0	29.0	15.0	24.095506169045144	468	2181	22	3.0	29.0	15.0	22	3.0	29.0	15.0	173	0	0.03124833106994629	46900	18.09251117706299	21057	55.10234541577825	
8806342.179741543	22.0	3.0	29.0	15.0	24.095506169045144	469	2185	22	3.0	29.0	15.0	22	3.0	29.0	15.0	173	0	0.03124833106994629	47000	18.123759508132935	21102	55.10212765957447	
40750524.11828137	22.0	3.0	29.0	15.0	24.095506169045144	470	2190	22	3.0	29.0	15.0	22	3.0	29.0	15.0	173	0	0.046871185302734375	47100	18.17063069343567	21143	55.1104033970276	
9552568.318367247	22.0	3.0	29.0	15.0	24.095506169045144	471	2199	22	3.0	29.0	15.0	22	3.0	29.0	15.0	173	0	0.031247854232788086	47200	18.201878547668457	21183	55.12076271186441	
1268231.0742658519	22.0	3.0	29.0	15.0	24.095506169045144	472	2199	22	3	29	15	22	3	29	15	173	0	0.031247854232788086	47300	18.233126401901245	21222	55.13319238900634	
351737.769337936	22.0	3.0	29.0	15.0	24.095506169045144	473	2203	22	3.0	29.0	15.0	22	3.0	29.0	15.0	173	0	0.04687213897705078	47400	18.279998540878296	21266	55.13502109704642	
12016093.08709386	22.0	3.0	29.0	15.0	24.095506169045144	474	2209	22	3.0	29.0	15.0	22	3.0	29.0	15.0	173	0	0.031247615814208984	47500	18.311246156692505	21292	55.17473684210527	
4872815.132128647	22.0	3.0	29.0	15.0	24.095506169045144	475	2212	22	3.0	29.0	15.0	22	3.0	29.0	15.0	174	0	0.015624046325683594	47600	18.32687020301819	21342	55.16386554621849	
414025090117122.3	22.0	3.0	29.0	15.0	24.095506169045144	476	2216	22	3.0	29.0	15.0	22	3.0	29.0	15.0	175	0	0.031247615814208984	47700	18.358117818832397	21380	55.17819706498952	
32563190718024.023	22.0	3.0	29.0	15.0	24.095506169045144	477	2218	22	3.0	29.0	15.0	22	3.0	29.0	15.0	175	0	0.04687190055847168	47800	18.40498971939087	21425	55.17782426778243	
575813.3249665318	22.0	3.0	29.0	15.0	24.095506169045144	478	2221	22	3.0	29.0	15.0	22	3.0	29.0	15.0	175	0	0.031247854232788086	47900	18.436237573623657	21458	55.202505219206685	
16067867.486762878	22.0	3.0	29.0	15.0	24.095506169045144	479	2224	22	3.0	29.0	15.0	22	3.0	29.0	15.0	176	0	0.031247854232788086	48000	18.467485427856445	21488	55.233333333333334	
7065641.6603919435	22.0	3.0	29.0	15.0	24.095506169045144	480	2232	22	3.0	29.0	15.0	22	3.0	29.0	15.0	176	0	0.031249046325683594	48100	18.49873447418213	21523	55.25363825363826	
9935351.432712642	22.0	3.0	29.0	15.0	24.095506169045144	481	2240	22	3.0	29.0	15.0	22	3.0	29.0	15.0	176	0	0.04687047004699707	48200	18.545604944229126	21560	55.26970954356846	
9.127270845563516e+18	22.0	3.0	29.0	15.0	24.095506169045144	482	2247	22	3.0	29.0	15.0	22	3.0	29.0	15.0	176	0	0.031247854232788086	48300	18.576852798461914	21586	55.308488612836435	
11630882.857742652	22.0	3.0	29.0	15.0	24.095506169045144	483	2250	22	3.0	29.0	15.0	22	3.0	29.0	15.0	176	0	0.031247854232788086	48400	18.608100652694702	21618	55.33471074380165	
489804274.7049596	22.0	3.0	29.0	15.0	24.095506169045144	484	2251	22	3	29	15	22	3	29	15	178	0	0.031248092651367188	48500	18.63934874534607	21644	55.37319587628866	
9610890.97125865	22.0	3.0	29.0	15.0	24.095506169045144	485	2253	22	3.0	29.0	15.0	22	3.0	29.0	15.0	178	0	0.04687166213989258	48600	18.686220407485962	21682	55.38683127572017	
15230656.042678535	22.0	3.0	29.0	15.0	24.095506169045144	486	2261	22	3.0	29.0	15.0	22	3.0	29.0	15.0	178	0	0.031247854232788086	48700	18.71746826171875	21708	55.42505133470226	
17054732.070761494	22.0	3.0	29.0	15.0	24.095506169045144	487	2264	22	3.0	29.0	15.0	22	3.0	29.0	15.0	178	0	0.031248092651367188	48800	18.748716354370117	21736	55.459016393442624	
712837.164776372	22.0	3.0	29.0	15.0	24.095506169045144	488	2268	22	3.0	29.0	15.0	22	3.0	29.0	15.0	181	0	0.031247615814208984	48900	18.779963970184326	21765	55.490797546012274	
7065793.877064284	22.0	3.0	29.0	15.0	24.095506169045144	489	2268	22	3	29	15	22	3	29	15	181	0	0.04687213897705078	49000	18.826836109161377	21808	55.49387755102041	
551102232.3982471	22.0	3.0	29.0	15.0	24.095506169045144	490	2275	22	3.0	29.0	15.0	22	3.0	29.0	15.0	181	0	0.031247615814208984	49100	18.858083724975586	21850	55.4989816700611	
365569.5872422851	22.0	3.0	29.0	15.0	24.095506169045144	491	2279	22	3.0	29.0	15.0	22	3.0	29.0	15.0	181	0	0.031247854232788086	49200	18.889331579208374	21886	55.516260162601625	
502354629.28819764	22.0	3.0	29.0	15.0	24.095506169045144	492	2286	22	3.0	29.0	15.0	22	3.0	29.0	15.0	181	0	0.031248092651367188	49300	18.92057967185974	21923	55.53144016227181	
52981.43188682154	22.0	3.0	29.0	15.0	24.095506169045144	493	2292	22	3.0	29.0	15.0	22	3.0	29.0	15.0	181	0	0.031247854232788086	49400	18.95182752609253	21957	55.55263157894737	
38718837.39985467	22.0	3.0	29.0	15.0	24.095506169045144	494	2296	22	3.0	29.0	15.0	22	3.0	29.0	15.0	182	0	0.031247615814208984	49500	18.98307514190674	21986	55.58383838383838	
8689550.214215461	22.0	3.0	29.0	15.0	24.095506169045144	495	2300	22	3.0	29.0	15.0	22	3.0	29.0	15.0	182	0	0.031248092651367188	49600	19.014323234558105	22017	55.61088709677419	
3259884.550590405	22.0	3.0	29.0	15.0	24.095506169045144	496	2306	22	3.0	29.0	15.0	22	3.0	29.0	15.0	182	0	0.031248092651367188	49700	19.045571327209473	22043	55.647887323943664	
953609.1422063698	22.0	3.0	29.0	15.0	24.095506169045144	497	2311	22	3.0	29.0	15.0	22	3.0	29.0	15.0	183	0	0.031247377395629883	49800	19.076818704605103	22075	55.67269076305221	
8345485.963856689	22.0	3.0	29.0	15.0	24.095506169045144	498	2315	22	3.0	29.0	15.0	22	3.0	29.0	15.0	183	0	0.031247854232788086	49900	19.10806655883789	22106	55.69939879759519	
506776525.9678809	22.0	3.0	29.0	15.0	24.095506169045144	499	2320	22	3.0	29.0	15.0	22	3.0	29.0	15.0	183	0	0.04687190055847168	50000	19.154938459396362	22135	55.730000000000004	
43425151.65276771	22.0	3.0	29.0	15.0	24.095506169045144	500	2331	22	3.0	29.0	15.0	22	3.0	29.0	15.0	183	0	0.031248092651367188	50100	19.18618655204773	22162	55.76447105788423	
10059447473496.785	22.0	3.0	29.0	15.0	24.095506169045144	501	2334	22	3.0	29.0	15.0	22	3.0	29.0	15.0	183	0	0.031247377395629883	50200	19.21743392944336	22198	55.78087649402391	
5596579.934193465	22.0	3.0	29.0	15.0	24.095506169045144	502	2345	22	3.0	29.0	15.0	22	3.0	29.0	15.0	183	0	0.031248092651367188	50300	19.248682022094727	22229	55.80715705765408	
6030862.997748622	22.0	3.0	29.0	15.0	24.095506169045144	503	2349	22	3.0	29.0	15.0	22	3.0	29.0	15.0	183	0	0.031247854232788086	50400	19.279929876327515	22263	55.82738095238095	
240348.85340171156	22.0	3.0	29.0	15.0	24.095506169045144	504	2352	22	3.0	29.0	15.0	22	3.0	29.0	15.0	183	0	0.04687190055847168	50500	19.326801776885986	22313	55.81584158415841	
510634.07805992465	22.0	3.0	29.0	15.0	24.095506169045144	505	2355	22	3.0	29.0	15.0	22	3.0	29.0	15.0	183	0	0.031247615814208984	50600	19.358049392700195	22348	55.833992094861664	
7445430820.688215	22.0	3.0	29.0	15.0	24.095506169045144	506	2362	22	3.0	29.0	15.0	22	3.0	29.0	15.0	183	0	0.031248807907104492	50700	19.3892982006073	22389	55.84023668639053	
987086416.0687132	22.0	3.0	29.0	15.0	24.095506169045144	507	2368	22	3.0	29.0	15.0	22	3.0	29.0	15.0	183	0	0.031247377395629883	50800	19.42054557800293	22426	55.854330708661415	
82870.3477864898	22.0	3.0	29.0	15.0	24.095506169045144	508	2372	22	3.0	29.0	15.0	22	3.0	29.0	15.0	183	0	0.031248092651367188	50900	19.451793670654297	22468	55.858546168958746	
11656370800.945578	22.0	3.0	29.0	15.0	24.095506169045144	509	2376	22	3.0	29.0	15.0	22	3.0	29.0	15.0	183	0	0.015623807907104492	51000	19.4674174785614	22513	55.85686274509804	
48721702.07373028	22.0	3.0	29.0	15.0	24.095506169045144	510	2380	22	3.0	29.0	15.0	22	3.0	29.0	15.0	184	0	0.031248092651367188	51100	19.49866557121277	22557	55.857142857142854	
9019313.022520604	22.0	3.0	29.0	15.0	24.095506169045144	511	2385	22	3.0	29.0	15.0	22	3.0	29.0	15.0	184	0	0.031247615814208984	51200	19.529913187026978	22606	55.84765625	
39947909.09372339	22.0	3.0	29.0	15.0	24.095506169045144	512	2392	22	3.0	29.0	15.0	22	3.0	29.0	15.0	184	0	0.031247615814208984	51300	19.561160802841187	22649	55.84990253411306	
14944665.50838668	22.0	3.0	29.0	15.0	24.095506169045144	513	2400	22	3.0	29.0	15.0	22	3.0	29.0	15.0	184	0	0.031247854232788086	51400	19.592408657073975	22701	55.83463035019455	
49301990.0641416	22.0	3.0	29.0	15.0	24.095506169045144	514	2406	22	3.0	29.0	15.0	22	3.0	29.0	15.0	184	0	0.04687142372131348	51500	19.639280080795288	22752	55.82135922330097	
581605276596553.4	22.0	3.0	29.0	15.0	24.095506169045144	515	2410	22	3.0	29.0	15.0	22	3.0	29.0	15.0	184	0	0.03124833106994629	51600	19.670528411865234	22796	55.82170542635659	
11912032279710.766	22.0	3.0	29.0	15.0	24.095506169045144	516	2411	22	3	29	15	22	3	29	15	184	0	0.031247854232788086	51700	19.701776266098022	22837	55.827852998065765	
21371746.851665393	22.0	3.0	29.0	15.0	24.095506169045144	517	2412	22	3	29	15	22	3	29	15	184	0	0.031247854232788086	51800	19.73302412033081	22882	55.826254826254825	
317210283889052.5	22.0	3.0	29.0	15.0	24.095506169045144	518	2415	22	3.0	29.0	15.0	22	3.0	29.0	15.0	184	0	0.04687213897705078	51900	19.77989625930786	22921	55.836223506743735	
2153539.149429478	22.0	3.0	29.0	15.0	24.095506169045144	519	2420	22	3.0	29.0	15.0	22	3.0	29.0	15.0	184	0	0.031247377395629883	52000	19.81114363670349	22954	55.85769230769231	
49474.90481531193	22.0	3.0	29.0	15.0	24.095506169045144	520	2424	22	3.0	29.0	15.0	22	3.0	29.0	15.0	184	0	0.03124833106994629	52100	19.842391967773438	22993	55.867562380038386	
339342705660384.6	22.0	3.0	29.0	15.0	24.095506169045144	521	2430	22	3.0	29.0	15.0	22	3.0	29.0	15.0	184	0	0.03124713897705078	52200	19.87363910675049	23024	55.89272030651341	
825276.28838545	22.0	3.0	29.0	15.0	24.095506169045144	522	2433	22	3.0	29.0	15.0	22	3.0	29.0	15.0	184	0	0.04687190055847168	52300	19.92051100730896	23066	55.896749521988525	
441369.49788199813	22.0	3.0	29.0	15.0	24.095506169045144	523	2439	22	3.0	29.0	15.0	22	3.0	29.0	15.0	184	0	0.015624523162841797	52400	19.9361355304718	23102	55.912213740458014	
8305346.937377126	22.0	3.0	29.0	15.0	24.095506169045144	524	2442	22	3.0	29.0	15.0	22	3.0	29.0	15.0	184	0	0.031247377395629883	52500	19.96738290786743	23143	55.91809523809524	
9991005.383722717	22.0	3.0	29.0	15.0	24.095506169045144	525	2447	22	3.0	29.0	15.0	22	3.0	29.0	15.0	184	0	0.04687166213989258	52600	20.014254570007324	23186	55.92015209125476	
5486322.274671801	22.0	3.0	29.0	15.0	24.095506169045144	526	2451	22	3.0	29.0	15.0	22	3.0	29.0	15.0	184	0	0.031248092651367188	52700	20.04550266265869	23235	55.91081593927893	
16598425929074.441	22.0	3.0	29.0	15.0	24.095506169045144	527	2457	22	3.0	29.0	15.0	22	3.0	29.0	15.0	184	0	0.03124833106994629	52800	20.076750993728638	23283	55.903409090909086	
3044969.917196822	22.0	3.0	29.0	15.0	24.095506169045144	528	2461	22	3.0	29.0	15.0	22	3.0	29.0	15.0	185	0	0.04687142372131348	52900	20.12362241744995	23329	55.89981096408317	
1.2365869028798166e+28	22.0	3.0	29.0	15.0	24.095506169045144	529	2469	22	3.0	29.0	15.0	22	3.0	29.0	15.0	185	0	0.031247854232788086	53000	20.15487027168274	23372	55.901886792452835	
562942476.0206374	22.0	3.0	29.0	15.0	24.095506169045144	530	2475	22	3.0	29.0	15.0	22	3.0	29.0	15.0	185	0	0.031247854232788086	53100	20.186118125915527	23418	55.898305084745765	
622.3199989966892	22.0	3.0	29.0	15.0	24.095506169045144	531	2478	22	3.0	29.0	15.0	22	3.0	29.0	15.0	185	0	0.031247615814208984	53200	20.217365741729736	23465	55.892857142857146	
2699830.4159246488	22.0	3.0	29.0	15.0	24.095506169045144	532	2485	22	3.0	29.0	15.0	22	3.0	29.0	15.0	185	0	0.015624284744262695	53300	20.232990026474	23509	55.893058161350844	
83868457.53951815	22.0	3.0	29.0	15.0	24.095506169045144	533	2493	22	3.0	29.0	15.0	22	3.0	29.0	15.0	185	0	0.031247615814208984	53400	20.264237642288208	23561	55.87827715355805	
1.3258111243460395e+17	22.0	3.0	29.0	15.0	24.095506169045144	534	2499	22	3.0	29.0	15.0	22	3.0	29.0	15.0	185	0	0.031247615814208984	53500	20.295485258102417	23618	55.854205607476636	
989742.6904752636	22.0	3.0	29.0	15.0	24.095506169045144	535	2506	22	3.0	29.0	15.0	22	3.0	29.0	15.0	185	0	0.015624523162841797	53600	20.31110978126526	23663	55.85261194029851	
59439074.003819965	22.0	3.0	29.0	15.0	24.095506169045144	536	2512	22	3.0	29.0	15.0	22	3.0	29.0	15.0	185	0	0.04687142372131348	53700	20.357981204986572	23712	55.84357541899441	
15374705.976734122	22.0	3.0	29.0	15.0	24.095506169045144	537	2514	22	3.0	29.0	15.0	22	3.0	29.0	15.0	185	0	0.031247854232788086	53800	20.38922905921936	23761	55.83457249070632	
439753.5608748028	22.0	3.0	29.0	15.0	24.095506169045144	538	2520	22	3.0	29.0	15.0	22	3.0	29.0	15.0	185	0	0.015624046325683594	53900	20.404853105545044	23802	55.8404452690167	
8583019.094701575	22.0	3.0	29.0	15.0	24.095506169045144	539	2525	22	3.0	29.0	15.0	22	3.0	29.0	15.0	185	0	0.031247854232788086	54000	20.436100959777832	23847	55.83888888888889	
8.230800035955601e+21	22.0	3.0	29.0	15.0	24.095506169045144	540	2527	22	3.0	29.0	15.0	22	3.0	29.0	15.0	185	0	0.03124833106994629	54100	20.46734929084778	23889	55.842883548983366	
506326002.4292098	22.0	3.0	29.0	15.0	24.095506169045144	541	2531	22	3.0	29.0	15.0	22	3.0	29.0	15.0	185	0	0.046871185302734375	54200	20.514220476150513	23932	55.845018450184504	
176786.16455159688	22.0	3.0	29.0	15.0	24.095506169045144	542	2535	22	3.0	29.0	15.0	22	3.0	29.0	15.0	185	0	0.031247615814208984	54300	20.54546809196472	23971	55.85451197053407	
446381494.9451466	22.0	3.0	29.0	15.0	24.095506169045144	543	2538	22	3.0	29.0	15.0	22	3.0	29.0	15.0	185	0	0.03124856948852539	54400	20.576716661453247	24011	55.862132352941174	
9056000.511077106	22.0	3.0	29.0	15.0	24.095506169045144	544	2542	22	3.0	29.0	15.0	22	3.0	29.0	15.0	185	0	0.031247615814208984	54500	20.607964277267456	24038	55.893577981651376	
376653.2312524221	22.0	3.0	29.0	15.0	24.095506169045144	545	2547	22	3.0	29.0	15.0	22	3.0	29.0	15.0	185	0	0.031247854232788086	54600	20.639212131500244	24074	55.908424908424905	
865751.2588403121	22.0	3.0	29.0	15.0	24.095506169045144	546	2553	22	3.0	29.0	15.0	22	3.0	29.0	15.0	185	0	0.04687142372131348	54700	20.686083555221558	24103	55.936014625228516	
3618870.667286157	22.0	3.0	29.0	15.0	24.095506169045144	547	2557	22	3.0	29.0	15.0	22	3.0	29.0	15.0	185	0	0.031247854232788086	54800	20.717331409454346	24142	55.94525547445255	
735679112.4274638	22.0	3.0	29.0	15.0	24.095506169045144	548	2561	22	3.0	29.0	15.0	22	3.0	29.0	15.0	185	0	0.015624284744262695	54900	20.73295569419861	24181	55.954462659380695	
492531415.0619166	22.0	3.0	29.0	15.0	24.095506169045144	549	2566	22	3.0	29.0	15.0	22	3.0	29.0	15.0	185	0	0.031248092651367188	55000	20.764203786849976	24225	55.95454545454545	
6380471650.121317	22.0	3.0	29.0	15.0	24.095506169045144	550	2572	22	3.0	29.0	15.0	22	3.0	29.0	15.0	185	0	0.031247615814208984	55100	20.795451402664185	24260	55.970961887477316	
8.488901058986625e+18	22.0	3.0	29.0	15.0	24.095506169045144	551	2574	22	3.0	29.0	15.0	22	3.0	29.0	15.0	185	0	0.031247854232788086	55200	20.826699256896973	24286	56.0036231884058	
497030372.52191114	22.0	3.0	29.0	15.0	24.095506169045144	552	2580	22	3.0	29.0	15.0	22	3.0	29.0	15.0	185	0	0.04687142372131348	55300	20.873570680618286	24312	56.03616636528029	
7432395.109143734	22.0	3.0	29.0	15.0	24.095506169045144	553	2583	22	3.0	29.0	15.0	22	3.0	29.0	15.0	185	0	0.031248092651367188	55400	20.904818773269653	24344	56.057761732851986	
8333814.967923588	22.0	3.0	29.0	15.0	24.095506169045144	554	2589	22	3.0	29.0	15.0	22	3.0	29.0	15.0	185	0	0.031248092651367188	55500	20.93606686592102	24382	56.06846846846847	
7770.728785522328	22.0	3.0	29.0	15.0	24.095506169045144	555	2596	22	3.0	29.0	15.0	22	3.0	29.0	15.0	185	0	0.031248092651367188	55600	20.967314958572388	24413	56.09172661870503	
4968589.017382919	22.0	3.0	29.0	15.0	24.095506169045144	556	2599	22	3.0	29.0	15.0	22	3.0	29.0	15.0	185	0	0.031247854232788086	55700	20.998562812805176	24455	56.0951526032316	
62167601.075021744	22.0	3.0	29.0	15.0	24.095506169045144	557	2602	22	3.0	29.0	15.0	22	3.0	29.0	15.0	185	0	0.04687142372131348	55800	21.04543423652649	24489	56.112903225806456	
36261696.57219058	22.0	3.0	29.0	15.0	24.095506169045144	558	2605	22	3.0	29.0	15.0	22	3.0	29.0	15.0	186	0	0.015624046325683594	55900	21.061058282852173	24522	56.13237924865832	
10268978944066.723	22.0	3.0	29.0	15.0	24.095506169045144	559	2609	22	3.0	29.0	15.0	22	3.0	29.0	15.0	187	0	0.03124856948852539	56000	21.0923068523407	24552	56.15714285714286	
893802.3112824261	22.0	3.0	29.0	15.0	24.095506169045144	560	2613	22	3.0	29.0	15.0	22	3.0	29.0	15.0	187	0	0.046871185302734375	56100	21.139178037643433	24585	56.1764705882353	
1827344.7013784403	22.0	3.0	29.0	15.0	24.095506169045144	561	2619	22	3.0	29.0	15.0	22	3.0	29.0	15.0	188	0	0.031247615814208984	56200	21.17042565345764	24613	56.204626334519574	
56990291.7134263	22.0	3.0	29.0	15.0	24.095506169045144	562	2622	22	3.0	29.0	15.0	22	3.0	29.0	15.0	188	0	0.031248092651367188	56300	21.20167374610901	24638	56.238010657193605	
4955834.404732813	22.0	3.0	29.0	15.0	24.095506169045144	563	2626	22	3.0	29.0	15.0	22	3.0	29.0	15.0	188	0	0.031247615814208984	56400	21.232921361923218	24666	56.265957446808514	
3.3934251085437943e+28	22.0	3.0	29.0	15.0	24.095506169045144	564	2632	22	3.0	29.0	15.0	22	3.0	29.0	15.0	188	0	0.031247615814208984	56500	21.264168977737427	24695	56.29203539823009	
9646145.608456211	22.0	3.0	29.0	15.0	24.095506169045144	565	2635	22	3.0	29.0	15.0	22	3.0	29.0	15.0	188	0	0.015624284744262695	56600	21.27979326248169	24735	56.29858657243816	
175616570618243.8	22.0	3.0	29.0	15.0	24.095506169045144	566	2639	22	3.0	29.0	15.0	22	3.0	29.0	15.0	188	0	0.04687142372131348	56700	21.326664686203003	24772	56.310405643738974	
27121578.521896936	22.0	3.0	29.0	15.0	24.095506169045144	567	2640	22	3	29	15	22	3	29	15	189	0	0.03124856948852539	56800	21.35791325569153	24814	56.31338028169014	
2035907.5119534559	22.0	3.0	29.0	15.0	24.095506169045144	568	2644	22	3.0	29.0	15.0	22	3.0	29.0	15.0	189	0	0.031247615814208984	56900	21.389160871505737	24846	56.333919156414765	
15527105.63125348	22.0	3.0	29.0	15.0	24.095506169045144	569	2652	22	3.0	29.0	15.0	22	3.0	29.0	15.0	189	0	0.031247854232788086	57000	21.420408725738525	24880	56.35087719298246	
514267494.8130961	22.0	3.0	29.0	15.0	24.095506169045144	570	2661	22	3.0	29.0	15.0	22	3.0	29.0	15.0	189	0	0.031247615814208984	57100	21.451656341552734	24916	56.364273204903675	
17864253.419391308	22.0	3.0	29.0	15.0	24.095506169045144	571	2666	22	3.0	29.0	15.0	22	3.0	29.0	15.0	189	0	0.04687166213989258	57200	21.498528003692627	24946	56.38811188811189	
442706091.1572158	22.0	3.0	29.0	15.0	24.095506169045144	572	2668	22	3.0	29.0	15.0	22	3.0	29.0	15.0	189	0	0.031247854232788086	57300	21.529775857925415	24986	56.39441535776614	
73054450.6098981	22.0	3.0	29.0	15.0	24.095506169045144	573	2673	22	3.0	29.0	15.0	22	3.0	29.0	15.0	189	0	0.031247377395629883	57400	21.561023235321045	25029	56.39547038327526	
15634633.229262399	22.0	3.0	29.0	15.0	24.095506169045144	574	2681	22	3.0	29.0	15.0	22	3.0	29.0	15.0	189	0	0.03124856948852539	57500	21.59227180480957	25066	56.40695652173913	
159924.81990976696	22.0	3.0	29.0	15.0	24.095506169045144	575	2685	22	3.0	29.0	15.0	22	3.0	29.0	15.0	189	0	0.04687213897705078	57600	21.63914394378662	25103	56.41840277777778	
8490047.588801835	22.0	3.0	29.0	15.0	24.095506169045144	576	2688	22	3.0	29.0	15.0	22	3.0	29.0	15.0	189	0	0.015624046325683594	57700	21.654767990112305	25133	56.4419410745234	
1709025.3769233865	22.0	3.0	29.0	15.0	24.095506169045144	577	2691	22	3.0	29.0	15.0	22	3.0	29.0	15.0	189	0	0.046871185302734375	57800	21.70163917541504	25173	56.44809688581315	
55733957.48480858	22.0	3.0	29.0	15.0	24.095506169045144	578	2695	22	3.0	29.0	15.0	22	3.0	29.0	15.0	189	0	0.031248092651367188	57900	21.732887268066406	25211	56.45768566493955	
54366274.98695084	22.0	3.0	29.0	15.0	24.095506169045144	579	2701	22	3.0	29.0	15.0	22	3.0	29.0	15.0	189	0	0.04687190055847168	58000	21.779759168624878	25251	56.463793103448275	
17035423.497251008	22.0	3.0	29.0	15.0	24.095506169045144	580	2704	22	3.0	29.0	15.0	22	3.0	29.0	15.0	189	0	0.031247615814208984	58100	21.811006784439087	25282	56.485370051635115	
1278682.8292884363	22.0	3.0	29.0	15.0	24.095506169045144	581	2710	22	3.0	29.0	15.0	22	3.0	29.0	15.0	189	0	0.031247854232788086	58200	21.842254638671875	25313	56.50687285223368	
2073843.8577635994	22.0	3.0	29.0	15.0	24.095506169045144	582	2713	22	3.0	29.0	15.0	22	3.0	29.0	15.0	189	0	0.031247854232788086	58300	21.873502492904663	25346	56.524871355060036	
8712766.328314515	22.0	3.0	29.0	15.0	24.095506169045144	583	2719	22	3.0	29.0	15.0	22	3.0	29.0	15.0	189	0	0.031247854232788086	58400	21.90475034713745	25376	56.54794520547945	
13885447177636.385	22.0	3.0	29.0	15.0	24.095506169045144	584	2723	22	3.0	29.0	15.0	22	3.0	29.0	15.0	189	0	0.031247854232788086	58500	21.93599820137024	25410	56.56410256410256	
8493528.08287565	22.0	3.0	29.0	15.0	24.095506169045144	585	2726	22	3.0	29.0	15.0	22	3.0	29.0	15.0	189	0	0.031247854232788086	58600	21.967246055603027	25440	56.587030716723554	
1.4398435848890397e+19	22.0	3.0	29.0	15.0	24.095506169045144	586	2735	22	3.0	29.0	15.0	22	3.0	29.0	15.0	189	0	0.031247615814208984	58700	21.998493671417236	25473	56.604770017035776	
630485.4593698698	22.0	3.0	29.0	15.0	24.095506169045144	587	2743	22	3.0	29.0	15.0	22	3.0	29.0	15.0	189	0	0.015624046325683594	58800	22.01411771774292	25499	56.634353741496604	
378232604.39746904	22.0	3.0	29.0	15.0	24.095506169045144	588	2750	22	3.0	29.0	15.0	22	3.0	29.0	15.0	190	0	0.04687237739562988	58900	22.06099009513855	25528	56.65874363327674	
23227619.333909877	22.0	3.0	29.0	15.0	24.095506169045144	589	2753	22	3.0	29.0	15.0	22	3.0	29.0	15.0	190	0	0.04687142372131348	59000	22.107861518859863	25553	56.68983050847458	
8693119.337859813	22.0	3.0	29.0	15.0	24.095506169045144	590	2756	22	3.0	29.0	15.0	22	3.0	29.0	15.0	190	0	0.031248092651367188	59100	22.13910961151123	25582	56.71404399323181	
468750521.95506734	22.0	3.0	29.0	15.0	24.095506169045144	591	2761	22	3.0	29.0	15.0	22	3.0	29.0	15.0	190	0	0.031247377395629883	59200	22.17035698890686	25615	56.73141891891892	
491950130.39160424	22.0	3.0	29.0	15.0	24.095506169045144	592	2765	22	3.0	29.0	15.0	22	3.0	29.0	15.0	191	0	0.04687213897705078	59300	22.21722912788391	25645	56.75379426644182	
1442673.1004057457	22.0	3.0	29.0	15.0	24.095506169045144	593	2774	22	3.0	29.0	15.0	22	3.0	29.0	15.0	191	0	0.031247854232788086	59400	22.2484769821167	25675	56.77609427609428	
59967.05502013083	22.0	3.0	29.0	15.0	24.095506169045144	594	2779	22	3.0	29.0	15.0	22	3.0	29.0	15.0	191	0	0.031248092651367188	59500	22.279725074768066	25707	56.79495798319328	
7663374.685273754	22.0	3.0	29.0	15.0	24.095506169045144	595	2780	22	3	29	15	22	3	29	15	191	0	0.031247615814208984	59600	22.310972690582275	25743	56.807046979865774	
7735996.916981843	22.0	3.0	29.0	15.0	24.095506169045144	596	2788	22	3.0	29.0	15.0	22	3.0	29.0	15.0	192	0	0.04687237739562988	59700	22.357845067977905	25777	56.82244556113903	
8413760.439324427	22.0	3.0	29.0	15.0	24.095506169045144	597	2794	22	3.0	29.0	15.0	22	3.0	29.0	15.0	192	0	0.03124713897705078	59800	22.389092206954956	25801	56.85451505016722	
506940117.72101706	22.0	3.0	29.0	15.0	24.095506169045144	598	2799	22	3.0	29.0	15.0	22	3.0	29.0	15.0	193	0	0.031247854232788086	59900	22.420340061187744	25843	56.85642737896494	
90079534370.13585	22.0	3.0	29.0	15.0	24.095506169045144	599	2805	22	3.0	29.0	15.0	22	3.0	29.0	15.0	194	0	0.031247854232788086	60000	22.451587915420532	25880	56.86666666666667	
5960.7481338018115	22.0	3.0	29.0	15.0	24.095506169045144	600	2815	22	3.0	29.0	15.0	22	3.0	29.0	15.0	194	0	0.03124856948852539	60100	22.482836484909058	25910	56.88851913477537	
9653554.13842224	22.0	3.0	29.0	15.0	24.095506169045144	601	2824	22	3.0	29.0	15.0	22	3.0	29.0	15.0	195	0	0.031247854232788086	60200	22.514084339141846	25938	56.91362126245847	
291294283.50604135	22.0	3.0	29.0	15.0	24.095506169045144	602	2836	22	3.0	29.0	15.0	22	3.0	29.0	15.0	195	0	0.03124713897705078	60300	22.545331478118896	25975	56.923714759535656	
61374476.216782086	22.0	3.0	29.0	15.0	24.095506169045144	603	2842	22	3.0	29.0	15.0	22	3.0	29.0	15.0	196	0	0.031248092651367188	60400	22.576579570770264	26014	56.93046357615894	
1196031.2973100217	22.0	3.0	29.0	15.0	24.095506169045144	604	2847	22	3.0	29.0	15.0	22	3.0	29.0	15.0	196	0	0.031248092651367188	60500	22.60782766342163	26056	56.93223140495868	
9585197.730312513	22.0	3.0	29.0	15.0	24.095506169045144	605	2853	22	3.0	29.0	15.0	22	3.0	29.0	15.0	196	0	0.015623807907104492	60600	22.623451471328735	26091	56.945544554455445	
8148564.546205289	22.0	3.0	29.0	15.0	24.095506169045144	606	2856	22	3.0	29.0	15.0	22	3.0	29.0	15.0	196	0	0.03124833106994629	60700	22.65469980239868	26117	56.97364085667216	
528574820.83113736	22.0	3.0	29.0	15.0	24.095506169045144	607	2866	22	3.0	29.0	15.0	22	3.0	29.0	15.0	196	0	0.03124713897705078	60800	22.685946941375732	26144	57.0	
853919.3854269858	22.0	3.0	29.0	15.0	24.095506169045144	608	2869	22	3.0	29.0	15.0	22	3.0	29.0	15.0	196	0	0.031247854232788086	60900	22.71719479560852	26163	57.039408866995075	
679030599.8179997	22.0	3.0	29.0	15.0	24.095506169045144	609	2874	22	3.0	29.0	15.0	22	3.0	29.0	15.0	197	0	0.015625	61000	22.73281979560852	26182	57.07868852459016	
8274089.095845615	22.0	3.0	29.0	15.0	24.095506169045144	610	2878	22	3.0	29.0	15.0	22	3.0	29.0	15.0	197	0	0.04687047004699707	61100	22.779690265655518	26198	57.1227495908347	
4976684.101292357	22.0	3.0	29.0	15.0	24.095506169045144	611	2882	22	3.0	29.0	15.0	22	3.0	29.0	15.0	197	0	0.015625	61200	22.795315265655518	26208	57.1764705882353	
252658.09833501015	22.0	3.0	29.0	15.0	24.095506169045144	612	2888	22	3.0	29.0	15.0	22	3.0	29.0	15.0	198	0	0.031247377395629883	61300	22.826562643051147	26236	57.200652528548126	
9.529615721009852e+18	22.0	3.0	29.0	15.0	24.095506169045144	613	2892	22	3.0	29.0	15.0	22	3.0	29.0	15.0	198	0	0.01562356948852539	61400	22.842186212539673	26264	57.22475570032574	
14778376.402175887	22.0	3.0	29.0	15.0	24.095506169045144	614	2897	22	3.0	29.0	15.0	22	3.0	29.0	15.0	198	0	0.031247854232788086	61500	22.87343406677246	26295	57.24390243902439	
811946.4203872315	22.0	3.0	29.0	15.0	24.095506169045144	615	2901	22	3.0	29.0	15.0	22	3.0	29.0	15.0	198	0	0.015624523162841797	61600	22.889058589935303	26332	57.253246753246756	
1666085.5082513697	22.0	3.0	29.0	15.0	24.095506169045144	616	2905	22	3.0	29.0	15.0	22	3.0	29.0	15.0	198	0	0.04687237739562988	61700	22.935930967330933	26365	57.26904376012966	
7993270.159804971	22.0	3.0	29.0	15.0	24.095506169045144	617	2908	22	3.0	29.0	15.0	22	3.0	29.0	15.0	198	0	0.031247377395629883	61800	22.967178344726562	26407	57.27022653721683	
9806339.373815525	22.0	3.0	29.0	15.0	24.095506169045144	618	2915	22	3.0	29.0	15.0	22	3.0	29.0	15.0	198	0	0.031247615814208984	61900	22.99842596054077	26449	57.27140549273021	
8318579.173323047	22.0	3.0	29.0	15.0	24.095506169045144	619	2920	22	3.0	29.0	15.0	22	3.0	29.0	15.0	198	0	0.046872854232788086	62000	23.04529881477356	26485	57.28225806451613	
1771156.918071772	22.0	3.0	29.0	15.0	24.095506169045144	620	2925	22	3.0	29.0	15.0	22	3.0	29.0	15.0	198	0	0.031247615814208984	62100	23.07654643058777	26522	57.291465378421904	
1048738.729974235	22.0	3.0	29.0	15.0	24.095506169045144	621	2932	22	3.0	29.0	15.0	22	3.0	29.0	15.0	198	0	0.046871185302734375	62200	23.123417615890503	26557	57.30385852090032	
9779312.226541288	22.0	3.0	29.0	15.0	24.095506169045144	622	2937	22	3.0	29.0	15.0	22	3.0	29.0	15.0	198	0	0.0156252384185791	62300	23.139042854309082	26589	57.32102728731942	
56946904.161884986	22.0	3.0	29.0	15.0	24.095506169045144	623	2940	22	3.0	29.0	15.0	22	3.0	29.0	15.0	198	0	0.031246662139892578	62400	23.170289516448975	26630	57.32371794871795	
6081.01828942134	22.0	3.0	29.0	15.0	24.095506169045144	624	2946	22	3.0	29.0	15.0	22	3.0	29.0	15.0	198	0	0.04687094688415527	62500	23.21716046333313	26664	57.3376	
10408006.785721784	22.0	3.0	29.0	15.0	24.095506169045144	625	2950	22	3.0	29.0	15.0	22	3.0	29.0	15.0	199	0	0.015625953674316406	62600	23.232786417007446	26691	57.36261980830671	
13540902.985984214	22.0	3.0	29.0	15.0	24.095506169045144	626	2955	22	3.0	29.0	15.0	22	3.0	29.0	15.0	199	0	0.03124690055847168	62700	23.264033317565918	26718	57.387559808612444	
49716089.60259871	22.0	3.0	29.0	15.0	24.095506169045144	627	2959	22	3.0	29.0	15.0	22	3.0	29.0	15.0	199	0	0.031247854232788086	62800	23.295281171798706	26742	57.4171974522293	
6244542.963420352	22.0	3.0	29.0	15.0	24.095506169045144	628	2965	22	3.0	29.0	15.0	22	3.0	29.0	15.0	200	0	0.031249523162841797	62900	23.326530694961548	26765	57.448330683624796	
852778.2437931815	22.0	3.0	29.0	15.0	24.095506169045144	629	2971	22	3.0	29.0	15.0	22	3.0	29.0	15.0	200	0	0.0312497615814209	63000	23.35778045654297	26788	57.47936507936508	
1771112.0766565998	22.0	3.0	29.0	15.0	24.095506169045144	630	2980	22	3.0	29.0	15.0	22	3.0	29.0	15.0	200	0	0.015621423721313477	63100	23.373401880264282	26810	57.51188589540412	
64751103.18938148	22.0	3.0	29.0	15.0	24.095506169045144	631	2984	22	3.0	29.0	15.0	22	3.0	29.0	15.0	200	0	0.031247854232788086	63200	23.40464973449707	26839	57.53322784810126	
7787334.834706069	22.0	3.0	29.0	15.0	24.095506169045144	632	2989	22	3.0	29.0	15.0	22	3.0	29.0	15.0	200	0	0.0312497615814209	63300	23.43589949607849	26867	57.55608214849921	
16367000.38236257	22.0	3.0	29.0	15.0	24.095506169045144	633	2996	22	3.0	29.0	15.0	22	3.0	29.0	15.0	201	0	0.031247377395629883	63400	23.46714687347412	26892	57.58359621451104	
3138913.970348167	22.0	3.0	29.0	15.0	24.095506169045144	634	3001	22	3.0	29.0	15.0	22	3.0	29.0	15.0	201	0	0.04687190055847168	63500	23.514018774032593	26921	57.60472440944882	
11556382.518248068	22.0	3.0	29.0	15.0	24.095506169045144	635	3005	22	3.0	29.0	15.0	22	3.0	29.0	15.0	201	0	0.03124547004699707	63600	23.54526424407959	26939	57.643081761006286	
593243140.0432814	22.0	3.0	29.0	15.0	24.095506169045144	636	3007	22	3.0	29.0	15.0	22	3.0	29.0	15.0	201	0	0.031248807907104492	63700	23.576513051986694	26957	57.681318681318686	
10169.435525829533	22.0	3.0	29.0	15.0	24.095506169045144	637	3014	22	3.0	29.0	15.0	22	3.0	29.0	15.0	201	0	0.03124713897705078	63800	23.607760190963745	26977	57.71630094043887	
6316327049065.484	22.0	3.0	29.0	15.0	24.095506169045144	638	3020	22	3.0	29.0	15.0	22	3.0	29.0	15.0	201	0	0.03124690055847168	63900	23.639007091522217	27000	57.74647887323944	
423276189255914.75	22.0	3.0	29.0	15.0	24.095506169045144	639	3030	22	3.0	29.0	15.0	22	3.0	29.0	15.0	201	0	0.03124833106994629	64000	23.670255422592163	27026	57.771875	
506705883.7140727	22.0	3.0	29.0	15.0	24.095506169045144	640	3032	22	3.0	29.0	15.0	22	3.0	29.0	15.0	201	0	0.031248092651367188	64100	23.70150351524353	27060	57.78471138845554	
9030857.959048338	22.0	3.0	29.0	15.0	24.095506169045144	641	3039	22	3.0	29.0	15.0	22	3.0	29.0	15.0	202	0	0.03124690055847168	64200	23.732750415802002	27087	57.80841121495327	
507614.73833502916	22.0	3.0	29.0	15.0	24.095506169045144	642	3043	22	3.0	29.0	15.0	22	3.0	29.0	15.0	202	0	0.031248092651367188	64300	23.76399850845337	27124	57.816485225505446	
335807853750695.8	22.0	3.0	29.0	15.0	24.095506169045144	643	3047	22	3.0	29.0	15.0	22	3.0	29.0	15.0	203	0	0.04687333106994629	64400	23.810871839523315	27155	57.83385093167702	
10917865.649666512	22.0	3.0	29.0	15.0	24.095506169045144	644	3050	22	3.0	29.0	15.0	22	3.0	29.0	15.0	203	0	0.031246662139892578	64500	23.842118501663208	27197	57.83410852713178	
7978106.584256837	22.0	3.0	29.0	15.0	24.095506169045144	645	3054	22	3.0	29.0	15.0	22	3.0	29.0	15.0	203	0	0.03124833106994629	64600	23.873366832733154	27227	57.85294117647059	
515042194.6478206	22.0	3.0	29.0	15.0	24.095506169045144	646	3057	22	3.0	29.0	15.0	22	3.0	29.0	15.0	203	0	0.015624761581420898	64700	23.888991594314575	27264	57.860896445131374	
40070109.8425882	22.0	3.0	29.0	15.0	24.095506169045144	647	3063	22	3.0	29.0	15.0	22	3.0	29.0	15.0	203	0	0.03124690055847168	64800	23.920238494873047	27301	57.86882716049383	
9343344.360276217	22.0	3.0	29.0	15.0	24.095506169045144	648	3069	22	3.0	29.0	15.0	22	3.0	29.0	15.0	203	0	0.031248807907104492	64900	23.95148730278015	27330	57.889060092449924	
879678.5087226506	22.0	3.0	29.0	15.0	24.095506169045144	649	3073	22	3.0	29.0	15.0	22	3.0	29.0	15.0	203	0	0.031247377395629883	65000	23.98273468017578	27372	57.88923076923077	
91107390.82476436	22.0	3.0	29.0	15.0	24.095506169045144	650	3076	22	3.0	29.0	15.0	22	3.0	29.0	15.0	204	0	0.03124713897705078	65100	24.013981819152832	27405	57.903225806451616	
506034065.4495839	22.0	3.0	29.0	15.0	24.095506169045144	651	3082	22	3.0	29.0	15.0	22	3.0	29.0	15.0	204	0	0.046872854232788086	65200	24.06085467338562	27447	57.90337423312884	
223662844.9926177	22.0	3.0	29.0	15.0	24.095506169045144	652	3085	22	3.0	29.0	15.0	22	3.0	29.0	15.0	204	0	0.031247377395629883	65300	24.09210205078125	27488	57.905053598774884	
7291981503048.359	22.0	3.0	29.0	15.0	24.095506169045144	653	3088	22	3.0	29.0	15.0	22	3.0	29.0	15.0	204	0	0.031248092651367188	65400	24.123350143432617	27518	57.92354740061162	
11234313.961753748	22.0	3.0	29.0	15.0	24.095506169045144	654	3094	22	3.0	29.0	15.0	22	3.0	29.0	15.0	204	0	0.046871185302734375	65500	24.17022132873535	27555	57.93129770992366	
44062115.095474966	22.0	3.0	29.0	15.0	24.095506169045144	655	3099	22	3.0	29.0	15.0	22	3.0	29.0	15.0	204	0	0.04687213897705078	65600	24.217093467712402	27595	57.9344512195122	
442975033.1489383	22.0	3.0	29.0	15.0	24.095506169045144	656	3105	22	3.0	29.0	15.0	22	3.0	29.0	15.0	204	0	0.046872615814208984	65700	24.26396608352661	27628	57.948249619482496	
1141693.5176432221	22.0	3.0	29.0	15.0	24.095506169045144	657	3111	22	3.0	29.0	15.0	22	3.0	29.0	15.0	204	0	0.03124713897705078	65800	24.295213222503662	27654	57.972644376899694	
21987787.94197782	22.0	3.0	29.0	15.0	24.095506169045144	658	3118	22	3.0	29.0	15.0	22	3.0	29.0	15.0	204	0	0.04687047004699707	65900	24.34208369255066	27689	57.983308042488616	
15497365.097343965	22.0	3.0	29.0	15.0	24.095506169045144	659	3120	22	3.0	29.0	15.0	22	3.0	29.0	15.0	204	0	0.03124833106994629	66000	24.373332023620605	27728	57.987878787878785	
11179350.84624576	22.0	3.0	29.0	15.0	24.095506169045144	660	3127	22	3.0	29.0	15.0	22	3.0	29.0	15.0	204	0	0.015625953674316406	66100	24.388957977294922	27757	58.00756429652043	
1347326.16550686	22.0	3.0	29.0	15.0	24.095506169045144	661	3132	22	3.0	29.0	15.0	22	3.0	29.0	15.0	205	0	0.04686927795410156	66200	24.435827255249023	27790	58.02114803625378	
9287235.914961461	22.0	3.0	29.0	15.0	24.095506169045144	662	3136	22	3.0	29.0	15.0	22	3.0	29.0	15.0	205	0	0.031248092651367188	66300	24.46707534790039	27827	58.02865761689291	
639442.8777542547	22.0	3.0	29.0	15.0	24.095506169045144	663	3143	22	3.0	29.0	15.0	22	3.0	29.0	15.0	205	0	0.015624046325683594	66400	24.482699394226074	27857	58.04668674698795	
10086326.446384195	22.0	3.0	29.0	15.0	24.095506169045144	664	3150	22	3.0	29.0	15.0	22	3.0	29.0	15.0	205	0	0.046874046325683594	66500	24.529573440551758	27900	58.04511278195489	
7617854.007054324	22.0	3.0	29.0	15.0	24.095506169045144	665	3155	22	3.0	29.0	15.0	22	3.0	29.0	15.0	205	0	0.031246423721313477	66600	24.56081986427307	27946	58.03903903903904	
383363513.5516675	22.0	3.0	29.0	15.0	24.095506169045144	666	3162	22	3.0	29.0	15.0	22	3.0	29.0	15.0	206	0	0.03124713897705078	66700	24.592067003250122	27981	58.049475262368816	
9802076.237071859	22.0	3.0	29.0	15.0	24.095506169045144	667	3166	22	3.0	29.0	15.0	22	3.0	29.0	15.0	206	0	0.046872615814208984	66800	24.63893961906433	28027	58.043413173652695	
281994842020233.8	22.0	3.0	29.0	15.0	24.095506169045144	668	3171	22	3.0	29.0	15.0	22	3.0	29.0	15.0	206	0	0.031247377395629883	66900	24.67018699645996	28074	58.035874439461885	
500011345.3974056	22.0	3.0	29.0	15.0	24.095506169045144	669	3176	22	3.0	29.0	15.0	22	3.0	29.0	15.0	206	0	0.046872615814208984	67000	24.71705961227417	28108	58.04776119402985	
3815101917.2281165	22.0	3.0	29.0	15.0	24.095506169045144	670	3179	22	3.0	29.0	15.0	22	3.0	29.0	15.0	206	0	0.031247854232788086	67100	24.748307466506958	28134	58.071535022354695	
336595694.1498135	22.0	3.0	29.0	15.0	24.095506169045144	671	3184	22	3.0	29.0	15.0	22	3.0	29.0	15.0	206	0	0.03124690055847168	67200	24.77955436706543	28160	58.095238095238095	
17863517.632850956	22.0	3.0	29.0	15.0	24.095506169045144	672	3190	22	3.0	29.0	15.0	22	3.0	29.0	15.0	206	0	0.0312497615814209	67300	24.81080412864685	28183	58.12332838038633	
1669509.8977748957	22.0	3.0	29.0	15.0	24.095506169045144	673	3190	22	3	29	15	22	3	29	15	206	0	0.031245946884155273	67400	24.842050075531006	28220	58.13056379821958	
1561625.0069206508	22.0	3.0	29.0	15.0	24.095506169045144	674	3197	22	3.0	29.0	15.0	22	3.0	29.0	15.0	207	0	0.04687213897705078	67500	24.888922214508057	28256	58.139259259259255	
3881438892.497528	22.0	3.0	29.0	15.0	24.095506169045144	675	3203	22	3.0	29.0	15.0	22	3.0	29.0	15.0	208	0	0.031248092651367188	67600	24.920170307159424	28287	58.15532544378698	
11035109.698821723	22.0	3.0	29.0	15.0	24.095506169045144	676	3210	22	3.0	29.0	15.0	22	3.0	29.0	15.0	208	0	0.031247377395629883	67700	24.951417684555054	28323	58.163958641063516	
290802708802820.75	22.0	3.0	29.0	15.0	24.095506169045144	677	3214	22	3.0	29.0	15.0	22	3.0	29.0	15.0	208	0	0.04687237739562988	67800	24.998290061950684	28360	58.17109144542773	
7590728.351957795	22.0	3.0	29.0	15.0	24.095506169045144	678	3216	22	3.0	29.0	15.0	22	3.0	29.0	15.0	208	0	0.031246662139892578	67900	25.029536724090576	28402	58.17083946980854	
188260.45525494879	22.0	3.0	29.0	15.0	24.095506169045144	679	3220	22	3.0	29.0	15.0	22	3.0	29.0	15.0	208	0	0.015624523162841797	68000	25.045161247253418	28445	58.16911764705882	
10487498872779.66	22.0	3.0	29.0	15.0	24.095506169045144	680	3226	22	3.0	29.0	15.0	22	3.0	29.0	15.0	209	0	0.031247615814208984	68100	25.076408863067627	28483	58.17474302496329	
142833510958.88538	22.0	3.0	29.0	15.0	24.095506169045144	681	3229	22	3.0	29.0	15.0	22	3.0	29.0	15.0	209	0	0.031248092651367188	68200	25.107656955718994	28516	58.18768328445748	
18498904.193982635	22.0	3.0	29.0	15.0	24.095506169045144	682	3240	22	3.0	29.0	15.0	22	3.0	29.0	15.0	211	0	0.015624046325683594	68300	25.123281002044678	28540	58.21376281112738	
516633.1893435115	22.0	3.0	29.0	15.0	24.095506169045144	683	3248	22	3.0	29.0	15.0	22	3.0	29.0	15.0	211	0	0.031247377395629883	68400	25.154528379440308	28575	58.223684210526315	
346640398289229.4	22.0	3.0	29.0	15.0	24.095506169045144	684	3256	22	3.0	29.0	15.0	22	3.0	29.0	15.0	211	0	0.015623807907104492	68500	25.170152187347412	28604	58.24233576642336	
1149354.462094869	22.0	3.0	29.0	15.0	24.095506169045144	685	3260	22	3.0	29.0	15.0	22	3.0	29.0	15.0	211	0	0.03124833106994629	68600	25.20140051841736	28629	58.2667638483965	
15426746779.955025	22.0	3.0	29.0	15.0	24.095506169045144	686	3265	22	3.0	29.0	15.0	22	3.0	29.0	15.0	212	0	0.031249046325683594	68700	25.232649564743042	28656	58.288209606986904	
925678.3101861995	22.0	3.0	29.0	15.0	24.095506169045144	687	3273	22	3.0	29.0	15.0	22	3.0	29.0	15.0	212	0	0.031246185302734375	68800	25.263895750045776	28696	58.29069767441861	
48579823.03414421	22.0	3.0	29.0	15.0	24.095506169045144	688	3275	22	3.0	29.0	15.0	22	3.0	29.0	15.0	212	0	0.031248092651367188	68900	25.295143842697144	28731	58.30043541364296	
10163151118728.78	22.0	3.0	29.0	15.0	24.095506169045144	689	3278	22	3.0	29.0	15.0	22	3.0	29.0	15.0	213	0	0.031247854232788086	69000	25.32639169692993	28765	58.311594202898554	
926136.1792779955	22.0	3.0	29.0	15.0	24.095506169045144	690	3285	22	3.0	29.0	15.0	22	3.0	29.0	15.0	213	0	0.031248807907104492	69100	25.357640504837036	28794	58.32995658465991	
270841.9082689949	22.0	3.0	29.0	15.0	24.095506169045144	691	3290	22	3.0	29.0	15.0	22	3.0	29.0	15.0	213	0	0.046872854232788086	69200	25.404513359069824	28834	58.332369942196536	
86822.92575900604	22.0	3.0	29.0	15.0	24.095506169045144	692	3294	22	3.0	29.0	15.0	22	3.0	29.0	15.0	213	0	0.031247377395629883	69300	25.435760736465454	28874	58.334776334776336	
1162116.7095451064	22.0	3.0	29.0	15.0	24.095506169045144	693	3299	22	3.0	29.0	15.0	22	3.0	29.0	15.0	213	0	0.031246185302734375	69400	25.46700692176819	28910	58.34293948126801	
24974750.345659673	22.0	3.0	29.0	15.0	24.095506169045144	694	3302	22	3.0	29.0	15.0	22	3.0	29.0	15.0	213	0	0.031252384185791016	69500	25.49825930595398	28941	58.358273381294964	
7531493.309787909	22.0	3.0	29.0	15.0	24.095506169045144	695	3307	22	3.0	29.0	15.0	22	3.0	29.0	15.0	214	0	0.031246185302734375	69600	25.529505491256714	28972	58.37356321839081	
494965612.85898197	22.0	3.0	29.0	15.0	24.095506169045144	696	3311	22	3.0	29.0	15.0	22	3.0	29.0	15.0	214	0	0.046869754791259766	69700	25.576375246047974	29006	58.3845050215208	
66891997.596349336	22.0	3.0	29.0	15.0	24.095506169045144	697	3316	22	3.0	29.0	15.0	22	3.0	29.0	15.0	214	0	0.015624284744262695	69800	25.591999530792236	29035	58.402578796561606	
14280400732.129322	22.0	3.0	29.0	15.0	24.095506169045144	698	3322	22	3.0	29.0	15.0	22	3.0	29.0	15.0	214	0	0.04687190055847168	69900	25.638871431350708	29058	58.42918454935622	
1127241440.0571587	22.0	3.0	29.0	15.0	24.095506169045144	699	3328	22	3.0	29.0	15.0	22	3.0	29.0	15.0	214	0	0.031247615814208984	70000	25.670119047164917	29088	58.44571428571428	
1571871.4072337237	22.0	3.0	29.0	15.0	24.095506169045144	700	3330	22	3.0	29.0	15.0	22	3.0	29.0	15.0	214	0	0.031247377395629883	70100	25.701366424560547	29122	58.4564907275321	
10362598.69386177	22.0	3.0	29.0	15.0	24.095506169045144	701	3337	22	3.0	29.0	15.0	22	3.0	29.0	15.0	214	0	0.03124833106994629	70200	25.732614755630493	29154	58.47008547008547	
8.283463119776583e+38	22.0	3.0	29.0	15.0	24.095506169045144	702	3345	22	3.0	29.0	15.0	22	3.0	29.0	15.0	214	0	0.031247615814208984	70300	25.763862371444702	29177	58.49644381223328	
4762920.720573904	22.0	3.0	29.0	15.0	24.095506169045144	703	3348	22	3.0	29.0	15.0	22	3.0	29.0	15.0	214	0	0.04687309265136719	70400	25.81073546409607	29205	58.515625	
172509.21242190804	22.0	3.0	29.0	15.0	24.095506169045144	704	3353	22	3.0	29.0	15.0	22	3.0	29.0	15.0	214	0	0.031246423721313477	70500	25.841981887817383	29232	58.53617021276596	
2090281.845777232	22.0	3.0	29.0	15.0	24.095506169045144	705	3358	22	3.0	29.0	15.0	22	3.0	29.0	15.0	215	0	0.031247615814208984	70600	25.873229503631592	29262	58.55240793201133	
491541419.0146163	22.0	3.0	29.0	15.0	24.095506169045144	706	3360	22	3.0	29.0	15.0	22	3.0	29.0	15.0	215	0	0.031248807907104492	70700	25.904478311538696	29293	58.56718528995757	
9306411.859553762	22.0	3.0	29.0	15.0	24.095506169045144	707	3363	22	3.0	29.0	15.0	22	3.0	29.0	15.0	215	0	0.04687190055847168	70800	25.951350212097168	29332	58.570621468926554	
1450850.1679905932	22.0	3.0	29.0	15.0	24.095506169045144	708	3369	22	3.0	29.0	15.0	22	3.0	29.0	15.0	215	0	0.03124713897705078	70900	25.98259735107422	29365	58.58251057827927	
542.3393807445332	22.0	3.0	29.0	15.0	24.095506169045144	709	3372	22	3.0	29.0	15.0	22	3.0	29.0	15.0	215	0	0.03124856948852539	71000	26.013845920562744	29404	58.585915492957746	
80251864.67849275	22.0	3.0	29.0	15.0	24.095506169045144	710	3379	22	3.0	29.0	15.0	22	3.0	29.0	15.0	215	0	0.031248807907104492	71100	26.04509472846985	29441	58.59212376933896	
496877275.4393838	22.0	3.0	29.0	15.0	24.095506169045144	711	3384	22	3.0	29.0	15.0	22	3.0	29.0	15.0	215	0	0.031245946884155273	71200	26.076340675354004	29487	58.585674157303366	
537969456.4126449	22.0	3.0	29.0	15.0	24.095506169045144	712	3387	22	3.0	29.0	15.0	22	3.0	29.0	15.0	215	0	0.03124856948852539	71300	26.10758924484253	29524	58.591865357643755	
16836950.970865916	22.0	3.0	29.0	15.0	24.095506169045144	713	3396	22	3.0	29.0	15.0	22	3.0	29.0	15.0	215	0	0.03124833106994629	71400	26.138837575912476	29560	58.59943977591037	
7103.736170138157	22.0	3.0	29.0	15.0	24.095506169045144	714	3398	22	3.0	29.0	15.0	22	3.0	29.0	15.0	215	0	0.01562356948852539	71500	26.154461145401	29593	58.61118881118881	
1427976.0134128544	22.0	3.0	29.0	15.0	24.095506169045144	715	3406	22	3.0	29.0	15.0	22	3.0	29.0	15.0	215	0	0.031247615814208984	71600	26.18570876121521	29630	58.61731843575419	
8.905394784879664e+18	22.0	3.0	29.0	15.0	24.095506169045144	716	3408	22	3.0	29.0	15.0	22	3.0	29.0	15.0	215	0	0.04687142372131348	71700	26.232580184936523	29679	58.60669456066945	
12793459.361206112	22.0	3.0	29.0	15.0	24.095506169045144	717	3414	22	3.0	29.0	15.0	22	3.0	29.0	15.0	215	0	0.031247377395629883	71800	26.263827562332153	29721	58.6058495821727	
7892168.9695469765	22.0	3.0	29.0	15.0	24.095506169045144	718	3421	22	3.0	29.0	15.0	22	3.0	29.0	15.0	215	0	0.031249284744262695	71900	26.295076847076416	29762	58.60639777468706	
147471.5776788789	22.0	3.0	29.0	15.0	24.095506169045144	719	3429	22	3.0	29.0	15.0	22	3.0	29.0	15.0	215	0	0.031248092651367188	72000	26.326324939727783	29803	58.606944444444444	
8177778.9908979675	22.0	3.0	29.0	15.0	24.095506169045144	720	3435	22	3.0	29.0	15.0	22	3.0	29.0	15.0	215	0	0.031246662139892578	72100	26.357571601867676	29856	58.590846047156724	
9417813.952378972	22.0	3.0	29.0	15.0	24.095506169045144	721	3442	22	3.0	29.0	15.0	22	3.0	29.0	15.0	216	0	0.046872615814208984	72200	26.404444217681885	29901	58.58587257617728	
102065.36701268553	22.0	3.0	29.0	15.0	24.095506169045144	722	3450	22	3.0	29.0	15.0	22	3.0	29.0	15.0	217	0	0.015625715255737305	72300	26.420069932937622	29946	58.58091286307054	
175567.17473246725	22.0	3.0	29.0	15.0	24.095506169045144	723	3454	22	3.0	29.0	15.0	22	3.0	29.0	15.0	217	0	0.04686856269836426	72400	26.466938495635986	29989	58.578729281767956	
63197.93726114324	22.0	3.0	29.0	15.0	24.095506169045144	724	3458	22	3.0	29.0	15.0	22	3.0	29.0	15.0	217	0	0.015624046325683594	72500	26.48256254196167	30029	58.580689655172414	
496354855.1850694	22.0	3.0	29.0	15.0	24.095506169045144	725	3462	22	3.0	29.0	15.0	22	3.0	29.0	15.0	217	0	0.031247377395629883	72600	26.5138099193573	30063	58.59090909090909	
80720.89346287525	22.0	3.0	29.0	15.0	24.095506169045144	726	3463	22	3	29	15	22	3	29	15	217	0	0.031247854232788086	72700	26.545057773590088	30097	58.601100412654745	
10554557.76007189	22.0	3.0	29.0	15.0	24.095506169045144	727	3473	22	3.0	29.0	15.0	22	3.0	29.0	15.0	217	0	0.04687213897705078	72800	26.59192991256714	30129	58.61401098901099	
13380074.691942574	22.0	3.0	29.0	15.0	24.095506169045144	728	3477	22	3.0	29.0	15.0	22	3.0	29.0	15.0	217	0	0.031247854232788086	72900	26.623177766799927	30169	58.6159122085048	
57900538.51289622	22.0	3.0	29.0	15.0	24.095506169045144	729	3482	22	3.0	29.0	15.0	22	3.0	29.0	15.0	217	0	0.031247615814208984	73000	26.654425382614136	30209	58.61780821917808	
9381.801008603512	22.0	3.0	29.0	15.0	24.095506169045144	730	3490	22	3.0	29.0	15.0	22	3.0	29.0	15.0	218	0	0.031247615814208984	73100	26.685672998428345	30240	58.63201094391245	
127656568.34197313	22.0	3.0	29.0	15.0	24.095506169045144	731	3492	22	3.0	29.0	15.0	22	3.0	29.0	15.0	218	0	0.031248092651367188	73200	26.716921091079712	30278	58.63661202185793	
13199459.326281268	22.0	3.0	29.0	15.0	24.095506169045144	732	3498	22	3.0	29.0	15.0	22	3.0	29.0	15.0	219	0	0.04687213897705078	73300	26.763793230056763	30307	58.653478854024556	
1.2181860716910268e+19	22.0	3.0	29.0	15.0	24.095506169045144	733	3503	22	3.0	29.0	15.0	22	3.0	29.0	15.0	219	0	0.031248092651367188	73400	26.79504132270813	30341	58.66348773841962	
8223650.518237867	22.0	3.0	29.0	15.0	24.095506169045144	734	3505	22	3.0	29.0	15.0	22	3.0	29.0	15.0	219	0	0.01562356948852539	73500	26.810664892196655	30375	58.6734693877551	
15003883.9414028	22.0	3.0	29.0	15.0	24.095506169045144	735	3509	22	3.0	29.0	15.0	22	3.0	29.0	15.0	220	0	0.04687142372131348	73600	26.85753631591797	30398	58.69836956521739	
4893237.634404317	22.0	3.0	29.0	15.0	24.095506169045144	736	3513	22	3.0	29.0	15.0	22	3.0	29.0	15.0	220	0	0.031248092651367188	73700	26.888784408569336	30415	58.731343283582085	
495821618.9700625	22.0	3.0	29.0	15.0	24.095506169045144	737	3518	22	3.0	29.0	15.0	22	3.0	29.0	15.0	220	0	0.03124833106994629	73800	26.920032739639282	30448	58.74254742547426	
55913145.85095721	22.0	3.0	29.0	15.0	24.095506169045144	738	3523	22	3.0	29.0	15.0	22	3.0	29.0	15.0	220	0	0.031248092651367188	73900	26.95128083229065	30479	58.75642760487145	
314003319945849.44	22.0	3.0	29.0	15.0	24.095506169045144	739	3525	22	3.0	29.0	15.0	22	3.0	29.0	15.0	220	0	0.03124833106994629	74000	26.982529163360596	30517	58.76081081081081	
3574126.855735532	22.0	3.0	29.0	15.0	24.095506169045144	740	3530	22	3.0	29.0	15.0	22	3.0	29.0	15.0	221	0	0.031246423721313477	74100	27.01377558708191	30560	58.75843454790824	
1052486538.6896783	22.0	3.0	29.0	15.0	24.095506169045144	741	3537	22	3.0	29.0	15.0	22	3.0	29.0	15.0	221	0	0.031248092651367188	74200	27.045023679733276	30594	58.76819407008087	
9578323.29758005	22.0	3.0	29.0	15.0	24.095506169045144	742	3540	22	3.0	29.0	15.0	22	3.0	29.0	15.0	222	0	0.031247615814208984	74300	27.076271295547485	30635	58.76850605652759	
796954.6484260971	22.0	3.0	29.0	15.0	24.095506169045144	743	3544	22	3.0	29.0	15.0	22	3.0	29.0	15.0	222	0	0.04687190055847168	74400	27.123143196105957	30687	58.75403225806451	
6873201.716502209	22.0	3.0	29.0	15.0	24.095506169045144	744	3546	22	3.0	29.0	15.0	22	3.0	29.0	15.0	222	0	0.031248092651367188	74500	27.154391288757324	30729	58.75302013422819	
567805.3691610375	22.0	3.0	29.0	15.0	24.095506169045144	745	3550	22	3.0	29.0	15.0	22	3.0	29.0	15.0	222	0	0.031247854232788086	74600	27.185639142990112	30776	58.74530831099196	
10268993179891.914	22.0	3.0	29.0	15.0	24.095506169045144	746	3557	22	3.0	29.0	15.0	22	3.0	29.0	15.0	222	0	0.04687190055847168	74700	27.232511043548584	30819	58.7429718875502	
923349.7989389481	22.0	3.0	29.0	15.0	24.095506169045144	747	3562	22	3.0	29.0	15.0	22	3.0	29.0	15.0	222	0	0.031248092651367188	74800	27.26375913619995	30862	58.74064171122995	
8548956.058627773	22.0	3.0	29.0	15.0	24.095506169045144	748	3563	22	3	29	15	22	3	29	15	222	0	0.03124833106994629	74900	27.295007467269897	30894	58.75300400534045	
468929843.7666699	22.0	3.0	29.0	15.0	24.095506169045144	749	3570	22	3.0	29.0	15.0	22	3.0	29.0	15.0	222	0	0.031248092651367188	75000	27.326255559921265	30922	58.77066666666666	
6292744.242091815	22.0	3.0	29.0	15.0	24.095506169045144	750	3576	22	3.0	29.0	15.0	22	3.0	29.0	15.0	222	0	0.031245946884155273	75100	27.35750150680542	30963	58.77097203728362	
531720130.16992193	22.0	3.0	29.0	15.0	24.095506169045144	751	3578	22	3.0	29.0	15.0	22	3.0	29.0	15.0	222	0	0.04687237739562988	75200	27.40437388420105	31000	58.77659574468085	
11682912.583984282	22.0	3.0	29.0	15.0	24.095506169045144	752	3584	22	3.0	29.0	15.0	22	3.0	29.0	15.0	222	0	0.03124833106994629	75300	27.435622215270996	31041	58.776892430278885	
11319271.90331888	22.0	3.0	29.0	15.0	24.095506169045144	753	3594	22	3.0	29.0	15.0	22	3.0	29.0	15.0	222	0	0.03125333786010742	75400	27.466875553131104	31081	58.778514588859416	
1590934.0313372433	22.0	3.0	29.0	15.0	24.095506169045144	754	3597	22	3.0	29.0	15.0	22	3.0	29.0	15.0	222	0	0.031244277954101562	75500	27.498119831085205	31120	58.78145695364238	
101432945.97471549	22.0	3.0	29.0	15.0	24.095506169045144	755	3605	22	3.0	29.0	15.0	22	3.0	29.0	15.0	222	0	0.031246185302734375	75600	27.52936601638794	31155	58.789682539682545	
474663679.57090026	22.0	3.0	29.0	15.0	24.095506169045144	756	3611	22	3.0	29.0	15.0	22	3.0	29.0	15.0	222	0	0.04687213897705078	75700	27.57623815536499	31197	58.7886393659181	
9627019.003821103	22.0	3.0	29.0	15.0	24.095506169045144	757	3616	22	3.0	29.0	15.0	22	3.0	29.0	15.0	222	0	0.031247854232788086	75800	27.60748600959778	31238	58.78891820580475	
1383483395.135275	22.0	3.0	29.0	15.0	24.095506169045144	758	3618	22	3.0	29.0	15.0	22	3.0	29.0	15.0	223	0	0.03124713897705078	75900	27.63873314857483	31282	58.785243741765484	
494632238.42152727	22.0	3.0	29.0	15.0	24.095506169045144	759	3626	22	3.0	29.0	15.0	22	3.0	29.0	15.0	223	0	0.03124856948852539	76000	27.669981718063354	31322	58.78684210526316	
893893.8468870103	22.0	3.0	29.0	15.0	24.095506169045144	760	3631	22	3.0	29.0	15.0	22	3.0	29.0	15.0	223	0	0.04687166213989258	76100	27.716853380203247	31377	58.76872536136663	
18000886.973960545	22.0	3.0	29.0	15.0	24.095506169045144	761	3643	22	3.0	29.0	15.0	22	3.0	29.0	15.0	223	0	0.031247615814208984	76200	27.748100996017456	31413	58.775590551181104	
1047518.5879899815	22.0	3.0	29.0	15.0	24.095506169045144	762	3649	22	3.0	29.0	15.0	22	3.0	29.0	15.0	223	0	0.031247377395629883	76300	27.779348373413086	31445	58.78768020969856	
963515195.8473074	22.0	3.0	29.0	15.0	24.095506169045144	763	3653	22	3.0	29.0	15.0	22	3.0	29.0	15.0	223	0	0.03124856948852539	76400	27.81059694290161	31482	58.79319371727749	
27849981.783148166	22.0	3.0	29.0	15.0	24.095506169045144	764	3657	22	3.0	29.0	15.0	22	3.0	29.0	15.0	224	0	0.031247377395629883	76500	27.84184432029724	31527	58.78823529411765	
524561669.1722889	22.0	3.0	29.0	15.0	24.095506169045144	765	3665	22	3.0	29.0	15.0	22	3.0	29.0	15.0	224	0	0.03124833106994629	76600	27.873092651367188	31562	58.79634464751958	
10531856.63814384	22.0	3.0	29.0	15.0	24.095506169045144	766	3672	22	3.0	29.0	15.0	22	3.0	29.0	15.0	224	0	0.031247615814208984	76700	27.904340267181396	31589	58.81486310299869	
311574427543756.94	22.0	3.0	29.0	15.0	24.095506169045144	767	3676	22	3.0	29.0	15.0	22	3.0	29.0	15.0	224	0	0.031247854232788086	76800	27.935588121414185	31626	58.8203125	
3114282.8493040064	22.0	3.0	29.0	15.0	24.095506169045144	768	3678	22	3.0	29.0	15.0	22	3.0	29.0	15.0	224	0	0.031247615814208984	76900	27.966835737228394	31660	58.8296488946684	
17389973546.01682	22.0	3.0	29.0	15.0	24.095506169045144	769	3681	22	3.0	29.0	15.0	22	3.0	29.0	15.0	224	0	0.031247854232788086	77000	27.99808359146118	31694	58.83896103896104	
663163138.3742105	22.0	3.0	29.0	15.0	24.095506169045144	770	3686	22	3.0	29.0	15.0	22	3.0	29.0	15.0	224	0	0.031247854232788086	77100	28.02933144569397	31728	58.84824902723735	
242755.55510329054	22.0	3.0	29.0	15.0	24.095506169045144	771	3689	22	3.0	29.0	15.0	22	3.0	29.0	15.0	224	0	0.04687142372131348	77200	28.076202869415283	31765	58.85362694300518	
1782607.2277926647	22.0	3.0	29.0	15.0	24.095506169045144	772	3694	22	3.0	29.0	15.0	22	3.0	29.0	15.0	225	0	0.031249046325683594	77300	28.107451915740967	31795	58.86804657179819	
1030402.0143260411	22.0	3.0	29.0	15.0	24.095506169045144	773	3696	22	3.0	29.0	15.0	22	3.0	29.0	15.0	225	0	0.03124713897705078	77400	28.138699054718018	31822	58.88630490956072	
12618807.788874203	22.0	3.0	29.0	15.0	24.095506169045144	774	3700	22	3.0	29.0	15.0	22	3.0	29.0	15.0	225	0	0.031247615814208984	77500	28.169946670532227	31853	58.89935483870968	
65312.8998769976	22.0	3.0	29.0	15.0	24.095506169045144	775	3707	22	3.0	29.0	15.0	22	3.0	29.0	15.0	226	0	0.031247854232788086	77600	28.201194524765015	31878	58.920103092783506	
502186.1690183487	22.0	3.0	29.0	15.0	24.095506169045144	776	3712	22	3.0	29.0	15.0	22	3.0	29.0	15.0	226	0	0.04687213897705078	77700	28.248066663742065	31905	58.938223938223935	
98906508.7791589	22.0	3.0	29.0	15.0	24.095506169045144	777	3715	22	3.0	29.0	15.0	22	3.0	29.0	15.0	226	0	0.031247377395629883	77800	28.279314041137695	31931	58.95758354755784	
18863002.957366757	22.0	3.0	29.0	15.0	24.095506169045144	778	3721	22	3.0	29.0	15.0	22	3.0	29.0	15.0	227	0	0.03124833106994629	77900	28.31056237220764	31956	58.97817715019256	
311588694.8801267	22.0	3.0	29.0	15.0	24.095506169045144	779	3727	22	3.0	29.0	15.0	22	3.0	29.0	15.0	228	0	0.031248092651367188	78000	28.34181046485901	31984	58.9948717948718	
21203813.412991013	22.0	3.0	29.0	15.0	24.095506169045144	780	3731	22	3.0	29.0	15.0	22	3.0	29.0	15.0	228	0	0.04687142372131348	78100	28.388681888580322	32017	59.00512163892446	
49278.22422102085	22.0	3.0	29.0	15.0	24.095506169045144	781	3734	22	3.0	29.0	15.0	22	3.0	29.0	15.0	229	0	0.031247854232788086	78200	28.41992974281311	32053	59.01150895140665	
9334544.689670013	22.0	3.0	29.0	15.0	24.095506169045144	782	3738	22	3.0	29.0	15.0	22	3.0	29.0	15.0	229	0	0.031247854232788086	78300	28.4511775970459	32100	59.00383141762452	
179372.46646646445	22.0	3.0	29.0	15.0	24.095506169045144	783	3742	22	3.0	29.0	15.0	22	3.0	29.0	15.0	231	0	0.031247854232788086	78400	28.482425451278687	32132	59.015306122448976	
713124.8231497124	22.0	3.0	29.0	15.0	24.095506169045144	784	3745	22	3.0	29.0	15.0	22	3.0	29.0	15.0	231	0	0.04687190055847168	78500	28.529297351837158	32172	59.01656050955414	
13333442330.063553	22.0	3.0	29.0	15.0	24.095506169045144	785	3750	22	3.0	29.0	15.0	22	3.0	29.0	15.0	232	0	0.031247377395629883	78600	28.560544729232788	32216	59.012722646310436	
5179343.16672247	22.0	3.0	29.0	15.0	24.095506169045144	786	3757	22	3.0	29.0	15.0	22	3.0	29.0	15.0	232	0	0.03124856948852539	78700	28.591793298721313	32251	59.020330368487926	
26304942.338676773	22.0	3.0	29.0	15.0	24.095506169045144	787	3761	22	3.0	29.0	15.0	22	3.0	29.0	15.0	232	0	0.031247854232788086	78800	28.6230411529541	32279	59.036802030456855	
2981812.2111330824	22.0	3.0	29.0	15.0	24.095506169045144	788	3765	22	3.0	29.0	15.0	22	3.0	29.0	15.0	232	0	0.046871185302734375	78900	28.669912338256836	32313	59.045627376425855	
8951148.435978292	22.0	3.0	29.0	15.0	24.095506169045144	789	3769	22	3.0	29.0	15.0	22	3.0	29.0	15.0	232	0	0.031248807907104492	79000	28.70116114616394	32344	59.05822784810126	
6595996.373337514	22.0	3.0	29.0	15.0	24.095506169045144	790	3782	22	3.0	29.0	15.0	22	3.0	29.0	15.0	232	0	0.03124690055847168	79100	28.732408046722412	32374	59.07206068268015	
10101524.436918482	22.0	3.0	29.0	15.0	24.095506169045144	791	3787	22	3.0	29.0	15.0	22	3.0	29.0	15.0	232	0	0.031247854232788086	79200	28.7636559009552	32410	59.07828282828283	
1617774.4779900787	22.0	3.0	29.0	15.0	24.095506169045144	792	3790	22	3.0	29.0	15.0	22	3.0	29.0	15.0	232	0	0.04687190055847168	79300	28.810527801513672	32449	59.08070617906683	
8881456.115680348	22.0	3.0	29.0	15.0	24.095506169045144	793	3798	22	3.0	29.0	15.0	22	3.0	29.0	15.0	232	0	0.031247854232788086	79400	28.84177565574646	32482	59.09068010075566	
603260949.7837785	22.0	3.0	29.0	15.0	24.095506169045144	794	3808	22	3.0	29.0	15.0	22	3.0	29.0	15.0	232	0	0.031247854232788086	79500	28.873023509979248	32519	59.09559748427673	
278250371.6991557	22.0	3.0	29.0	15.0	24.095506169045144	795	3814	22	3.0	29.0	15.0	22	3.0	29.0	15.0	232	0	0.031247854232788086	79600	28.904271364212036	32553	59.10427135678392	
307786901555250.2	22.0	3.0	29.0	15.0	24.095506169045144	796	3819	22	3.0	29.0	15.0	22	3.0	29.0	15.0	233	0	0.031249046325683594	79700	28.93552041053772	32592	59.10664993726474	
12750900.139004689	22.0	3.0	29.0	15.0	24.095506169045144	797	3821	22	3.0	29.0	15.0	22	3.0	29.0	15.0	233	0	0.04687166213989258	79800	28.982392072677612	32625	59.116541353383454	
39267.103794055045	22.0	3.0	29.0	15.0	24.095506169045144	798	3825	22	3.0	29.0	15.0	22	3.0	29.0	15.0	233	0	0.031246662139892578	79900	29.013638734817505	32665	59.11764705882353	
14594754.297551705	22.0	3.0	29.0	15.0	24.095506169045144	799	3828	22	3.0	29.0	15.0	22	3.0	29.0	15.0	233	0	0.031248807907104492	80000	29.04488754272461	32711	59.11125	
2.661802211710842e+17	22.0	3.0	29.0	15.0	24.095506169045144	800	3830	22	3.0	29.0	15.0	22	3.0	29.0	15.0	233	0	0.03124690055847168	80100	29.07613444328308	32761	59.099875156054935	
8162096.127714593	22.0	3.0	29.0	15.0	24.095506169045144	801	3837	22	3.0	29.0	15.0	22	3.0	29.0	15.0	233	0	0.04687237739562988	80200	29.12300682067871	32804	59.09725685785536	
1768816.73290385	22.0	3.0	29.0	15.0	24.095506169045144	802	3845	22	3.0	29.0	15.0	22	3.0	29.0	15.0	234	0	0.031247615814208984	80300	29.15425443649292	32846	59.09589041095891	
8672781321889.731	22.0	3.0	29.0	15.0	24.095506169045144	803	3852	22	3.0	29.0	15.0	22	3.0	29.0	15.0	234	0	0.031248092651367188	80400	29.185502529144287	32897	59.08333333333333	
666866.9109638038	22.0	3.0	29.0	15.0	24.095506169045144	804	3856	22	3.0	29.0	15.0	22	3.0	29.0	15.0	234	0	0.031247615814208984	80500	29.216750144958496	32937	59.08447204968944	
294080.95971915	22.0	3.0	29.0	15.0	24.095506169045144	805	3862	22	3.0	29.0	15.0	22	3.0	29.0	15.0	234	0	0.04687142372131348	80600	29.26362156867981	32986	59.074441687344915	
43872164.02328492	22.0	3.0	29.0	15.0	24.095506169045144	806	3864	22	3.0	29.0	15.0	22	3.0	29.0	15.0	234	0	0.031249284744262695	80700	29.294870853424072	33025	59.07682775712516	
499128428.5129094	22.0	3.0	29.0	15.0	24.095506169045144	807	3872	22	3.0	29.0	15.0	22	3.0	29.0	15.0	235	0	0.03124690055847168	80800	29.326117753982544	33068	59.07425742574258	
3.5487842283613665e+29	22.0	3.0	29.0	15.0	24.095506169045144	808	3875	22	3.0	29.0	15.0	22	3.0	29.0	15.0	235	0	0.031247854232788086	80900	29.357365608215332	33123	59.05686032138443	
14788072119.118685	22.0	3.0	29.0	15.0	24.095506169045144	809	3879	22	3.0	29.0	15.0	22	3.0	29.0	15.0	235	0	0.031247615814208984	81000	29.38861322402954	33178	59.03950617283951	
159752.9984922776	22.0	3.0	29.0	15.0	24.095506169045144	810	3887	22	3.0	29.0	15.0	22	3.0	29.0	15.0	237	0	0.04687190055847168	81100	29.435485124588013	33221	59.03699136868064	
643337303059429.1	22.0	3.0	29.0	15.0	24.095506169045144	811	3893	22	3.0	29.0	15.0	22	3.0	29.0	15.0	237	0	0.015623807907104492	81200	29.451108932495117	33277	59.01847290640394	
3821326275283.026	22.0	3.0	29.0	15.0	24.095506169045144	812	3900	22	3.0	29.0	15.0	22	3.0	29.0	15.0	237	0	0.046872615814208984	81300	29.497981548309326	33319	59.017220172201725	
4259758.867975028	22.0	3.0	29.0	15.0	24.095506169045144	813	3904	22	3.0	29.0	15.0	22	3.0	29.0	15.0	237	0	0.015623331069946289	81400	29.513604879379272	33358	59.01965601965602	
93585905.94144024	22.0	3.0	29.0	15.0	24.095506169045144	814	3909	22	3.0	29.0	15.0	22	3.0	29.0	15.0	237	0	0.04687213897705078	81500	29.560477018356323	33414	59.00122699386503	
1860314.0930160955	22.0	3.0	29.0	15.0	24.095506169045144	815	3917	22	3.0	29.0	15.0	22	3.0	29.0	15.0	237	0	0.031247854232788086	81600	29.59172487258911	33455	59.00122549019608	
42890961.634227335	22.0	3.0	29.0	15.0	24.095506169045144	816	3920	22	3.0	29.0	15.0	22	3.0	29.0	15.0	237	0	0.031248092651367188	81700	29.62297296524048	33487	59.01223990208078	
4274146.3720168965	22.0	3.0	29.0	15.0	24.095506169045144	817	3921	22	3	29	15	22	3	29	15	237	0	0.031247377395629883	81800	29.65422034263611	33532	59.00733496332518	
74155178.63912597	22.0	3.0	29.0	15.0	24.095506169045144	818	3927	22	3.0	29.0	15.0	22	3.0	29.0	15.0	237	0	0.04687190055847168	81900	29.70109224319458	33564	59.01831501831502	
4346855.212426108	22.0	3.0	29.0	15.0	24.095506169045144	819	3932	22	3.0	29.0	15.0	22	3.0	29.0	15.0	237	0	0.031247615814208984	82000	29.73233985900879	33608	59.014634146341464	
834452477.336316	22.0	3.0	29.0	15.0	24.095506169045144	820	3934	22	3.0	29.0	15.0	22	3.0	29.0	15.0	238	0	0.04687190055847168	82100	29.77921175956726	33652	59.01096224116931	
14062997.351846198	22.0	3.0	29.0	15.0	24.095506169045144	821	3942	22	3.0	29.0	15.0	22	3.0	29.0	15.0	238	0	0.031247615814208984	82200	29.81045937538147	33687	59.01824817518248	
50000977.38032482	22.0	3.0	29.0	15.0	24.095506169045144	822	3947	22	3.0	29.0	15.0	22	3.0	29.0	15.0	238	0	0.031248092651367188	82300	29.841707468032837	33725	59.02187120291616	
98409.24354621848	22.0	3.0	29.0	15.0	24.095506169045144	823	3953	22	3.0	29.0	15.0	22	3.0	29.0	15.0	238	0	0.031247615814208984	82400	29.872955083847046	33754	59.03640776699029	
522854973.4292193	22.0	3.0	29.0	15.0	24.095506169045144	824	3956	22	3.0	29.0	15.0	22	3.0	29.0	15.0	238	0	0.031247615814208984	82500	29.904202699661255	33797	59.03393939393939	
561032364417.2937	22.0	3.0	29.0	15.0	24.095506169045144	825	3962	22	3.0	29.0	15.0	22	3.0	29.0	15.0	238	0	0.03124856948852539	82600	29.93545126914978	33844	59.026634382566584	
16753348584.791967	22.0	3.0	29.0	15.0	24.095506169045144	826	3965	22	3.0	29.0	15.0	22	3.0	29.0	15.0	240	0	0.031247615814208984	82700	29.96669888496399	33883	59.02902055622733	
11087.813512867082	22.0	3.0	29.0	15.0	24.095506169045144	827	3971	22	3.0	29.0	15.0	22	3.0	29.0	15.0	240	0	0.015624046325683594	82800	29.982322931289673	33922	59.031400966183575	
913611.7500608165	22.0	3.0	29.0	15.0	24.095506169045144	828	3981	22	3.0	29.0	15.0	22	3.0	29.0	15.0	240	0	0.031247854232788086	82900	30.01357078552246	33956	59.03980699638118	
335807889517593.3	22.0	3.0	29.0	15.0	24.095506169045144	829	3986	22	3.0	29.0	15.0	22	3.0	29.0	15.0	240	0	0.03124690055847168	83000	30.044817686080933	33991	59.046987951807225	
8070685.777462074	22.0	3.0	29.0	15.0	24.095506169045144	830	3992	22	3.0	29.0	15.0	22	3.0	29.0	15.0	240	0	0.0312504768371582	83100	30.07606816291809	34019	59.06257521058965	
10268993429170.396	22.0	3.0	29.0	15.0	24.095506169045144	831	3997	22	3.0	29.0	15.0	22	3.0	29.0	15.0	240	0	0.015623807907104492	83200	30.091691970825195	34058	59.06490384615385	
51080769.325307	22.0	3.0	29.0	15.0	24.095506169045144	832	4004	22	3.0	29.0	15.0	22	3.0	29.0	15.0	240	0	0.031246423721313477	83300	30.12293839454651	34082	59.08523409363745	
10163140088024.79	22.0	3.0	29.0	15.0	24.095506169045144	833	4008	22	3.0	29.0	15.0	22	3.0	29.0	15.0	240	0	0.04687213897705078	83400	30.16981053352356	34112	59.09832134292566	
456530537.5939759	22.0	3.0	29.0	15.0	24.095506169045144	834	4017	22	3.0	29.0	15.0	22	3.0	29.0	15.0	240	0	0.031247615814208984	83500	30.20105814933777	34147	59.105389221556884	
348725627643710.1	22.0	3.0	29.0	15.0	24.095506169045144	835	4021	22	3.0	29.0	15.0	22	3.0	29.0	15.0	240	0	0.031247615814208984	83600	30.232305765151978	34180	59.11483253588517	
3251589.61571649	22.0	3.0	29.0	15.0	24.095506169045144	836	4029	22	3.0	29.0	15.0	22	3.0	29.0	15.0	242	0	0.031247377395629883	83700	30.263553142547607	34205	59.13381123058542	
2254.316607199639	22.0	3.0	29.0	15.0	24.095506169045144	837	4033	22	3.0	29.0	15.0	22	3.0	29.0	15.0	242	0	0.031247854232788086	83800	30.294800996780396	34233	59.14916467780429	
3.0263375867264184e+16	22.0	3.0	29.0	15.0	24.095506169045144	838	4038	22	3.0	29.0	15.0	22	3.0	29.0	15.0	243	0	0.03124833106994629	83900	30.326049327850342	34272	59.151370679380214	
804689.9837858861	22.0	3.0	29.0	15.0	24.095506169045144	839	4043	22	3.0	29.0	15.0	22	3.0	29.0	15.0	244	0	0.031247854232788086	84000	30.35729718208313	34310	59.154761904761905	
1134440.4994577176	22.0	3.0	29.0	15.0	24.095506169045144	840	4046	22	3.0	29.0	15.0	22	3.0	29.0	15.0	244	0	0.031248092651367188	84100	30.388545274734497	34340	59.16765755053508	
117230.63262144955	22.0	3.0	29.0	15.0	24.095506169045144	841	4049	22	3.0	29.0	15.0	22	3.0	29.0	15.0	244	0	0.031247615814208984	84200	30.419792890548706	34383	59.165083135391924	
432716516.63485676	22.0	3.0	29.0	15.0	24.095506169045144	842	4053	22	3.0	29.0	15.0	22	3.0	29.0	15.0	245	0	0.031247854232788086	84300	30.451040744781494	34434	59.15302491103203	
6631.679924611158	22.0	3.0	29.0	15.0	24.095506169045144	843	4059	22	3.0	29.0	15.0	22	3.0	29.0	15.0	245	0	0.031247615814208984	84400	30.482288360595703	34476	59.15165876777252	
8373708.709866174	22.0	3.0	29.0	15.0	24.095506169045144	844	4064	22	3.0	29.0	15.0	22	3.0	29.0	15.0	245	0	0.03124856948852539	84500	30.51353693008423	34515	59.15384615384615	
59101304.66449695	22.0	3.0	29.0	15.0	24.095506169045144	845	4070	22	3.0	29.0	15.0	22	3.0	29.0	15.0	245	0	0.046871185302734375	84600	30.560408115386963	34551	59.15957446808511	
521445276.6247001	22.0	3.0	29.0	15.0	24.095506169045144	846	4076	22	3.0	29.0	15.0	22	3.0	29.0	15.0	245	0	0.031247615814208984	84700	30.591655731201172	34584	59.16883116883117	
323375.2332185957	22.0	3.0	29.0	15.0	24.095506169045144	847	4080	22	3.0	29.0	15.0	22	3.0	29.0	15.0	245	0	0.031247854232788086	84800	30.62290358543396	34619	59.17570754716981	
346641980367094.3	22.0	3.0	29.0	15.0	24.095506169045144	848	4088	22	3.0	29.0	15.0	22	3.0	29.0	15.0	245	0	0.031247854232788086	84900	30.654151439666748	34648	59.18963486454653	
3.058735770383047e+17	22.0	3.0	29.0	15.0	24.095506169045144	849	4093	22	3.0	29.0	15.0	22	3.0	29.0	15.0	247	0	0.031247854232788086	85000	30.685399293899536	34677	59.203529411764706	
13821644.316993706	22.0	3.0	29.0	15.0	24.095506169045144	850	4100	22	3.0	29.0	15.0	22	3.0	29.0	15.0	247	0	0.031247854232788086	85100	30.716647148132324	34701	59.22326674500587	
279839999095167.72	22.0	3.0	29.0	15.0	24.095506169045144	851	4105	22	3.0	29.0	15.0	22	3.0	29.0	15.0	247	0	0.04687213897705078	85200	30.763519287109375	34733	59.23356807511737	
7562997.954724039	22.0	3.0	29.0	15.0	24.095506169045144	852	4109	22	3.0	29.0	15.0	22	3.0	29.0	15.0	247	0	0.031247854232788086	85300	30.794767141342163	34764	59.24501758499414	
5924934.665641854	22.0	3.0	29.0	15.0	24.095506169045144	853	4116	22	3.0	29.0	15.0	22	3.0	29.0	15.0	247	0	0.031248092651367188	85400	30.82601523399353	34798	59.25292740046839	
870609.6746089723	22.0	3.0	29.0	15.0	24.095506169045144	854	4119	22	3.0	29.0	15.0	22	3.0	29.0	15.0	247	0	0.031247615814208984	85500	30.85726284980774	34824	59.27017543859649	
8325567.688253064	22.0	3.0	29.0	15.0	24.095506169045144	855	4123	22	3.0	29.0	15.0	22	3.0	29.0	15.0	247	0	0.04687237739562988	85600	30.90413522720337	34847	59.290887850467286	
7460825.565911067	22.0	3.0	29.0	15.0	24.095506169045144	856	4128	22	3.0	29.0	15.0	22	3.0	29.0	15.0	247	0	0.031247615814208984	85700	30.935382843017578	34873	59.30805134189032	
490604101.3788899	22.0	3.0	29.0	15.0	24.095506169045144	857	4131	22	3.0	29.0	15.0	22	3.0	29.0	15.0	247	0	0.015623807907104492	85800	30.951006650924683	34903	59.320512820512825	
33436226.551808525	22.0	3.0	29.0	15.0	24.095506169045144	858	4139	22	3.0	29.0	15.0	22	3.0	29.0	15.0	247	0	0.04687142372131348	85900	30.997878074645996	34922	59.345750873108265	
3.4280368663763666e+29	22.0	3.0	29.0	15.0	24.095506169045144	859	4144	22	3.0	29.0	15.0	22	3.0	29.0	15.0	247	0	0.031247854232788086	86000	31.029125928878784	34945	59.366279069767444	
18124772.127347287	22.0	3.0	29.0	15.0	24.095506169045144	860	4148	22	3.0	29.0	15.0	22	3.0	29.0	15.0	247	0	0.03124833106994629	86100	31.06037425994873	34966	59.38908246225319	
7.55544064006223e+38	22.0	3.0	29.0	15.0	24.095506169045144	861	4152	22	3.0	29.0	15.0	22	3.0	29.0	15.0	248	0	0.04687190055847168	86200	31.107246160507202	34987	59.41183294663573	
110840.86433395787	22.0	3.0	29.0	15.0	24.095506169045144	862	4160	22	3.0	29.0	15.0	22	3.0	29.0	15.0	248	0	0.015623331069946289	86300	31.12286949157715	35017	59.42410196987254	
445341892.1480497	22.0	3.0	29.0	15.0	24.095506169045144	863	4165	22	3.0	29.0	15.0	22	3.0	29.0	15.0	249	0	0.031247854232788086	86400	31.154117345809937	35053	59.42939814814815	
1593446.0182057186	22.0	3.0	29.0	15.0	24.095506169045144	864	4170	22	3.0	29.0	15.0	22	3.0	29.0	15.0	250	0	0.031248092651367188	86500	31.185365438461304	35084	59.440462427745665	
3225652512967.2144	22.0	3.0	29.0	15.0	24.095506169045144	865	4173	22	3.0	29.0	15.0	22	3.0	29.0	15.0	250	0	0.0312497615814209	86600	31.216615200042725	35121	59.4445727482679	
513334953.63740605	22.0	3.0	29.0	15.0	24.095506169045144	866	4180	22	3.0	29.0	15.0	22	3.0	29.0	15.0	250	0	0.04686999320983887	86700	31.263485193252563	35146	59.46251441753172	
6740082.8745569475	22.0	3.0	29.0	15.0	24.095506169045144	867	4187	22	3.0	29.0	15.0	22	3.0	29.0	15.0	250	0	0.031247854232788086	86800	31.29473304748535	35174	59.47695852534562	
3131200.069314109	22.0	3.0	29.0	15.0	24.095506169045144	868	4191	22	3.0	29.0	15.0	22	3.0	29.0	15.0	250	0	0.015624046325683594	86900	31.310357093811035	35207	59.48561565017261	
16512673289992.207	22.0	3.0	29.0	15.0	24.095506169045144	869	4193	22	3.0	29.0	15.0	22	3.0	29.0	15.0	250	0	0.04687166213989258	87000	31.357228755950928	35236	59.49885057471264	
815599.7517704108	22.0	3.0	29.0	15.0	24.095506169045144	870	4197	22	3.0	29.0	15.0	22	3.0	29.0	15.0	251	0	0.031247377395629883	87100	31.388476133346558	35267	59.5097588978186	
47010141.04268696	22.0	3.0	29.0	15.0	24.095506169045144	871	4198	22	3	29	15	22	3	29	15	251	0	0.031247615814208984	87200	31.419723749160767	35294	59.52522935779817	
1805176.4257568354	22.0	3.0	29.0	15.0	24.095506169045144	872	4206	22	3.0	29.0	15.0	22	3.0	29.0	15.0	251	0	0.031249046325683594	87300	31.45097279548645	35327	59.53379152348224	
10910970.688020412	22.0	3.0	29.0	15.0	24.095506169045144	873	4212	22	3.0	29.0	15.0	22	3.0	29.0	15.0	251	0	0.015623331069946289	87400	31.466596126556396	35357	59.545766590389015	
122909.42289360601	22.0	3.0	29.0	15.0	24.095506169045144	874	4216	22	3.0	29.0	15.0	22	3.0	29.0	15.0	251	0	0.031247615814208984	87500	31.497843742370605	35387	59.55771428571428	
57733277.1320527	22.0	3.0	29.0	15.0	24.095506169045144	875	4220	22	3.0	29.0	15.0	22	3.0	29.0	15.0	251	0	0.03124833106994629	87600	31.52909207344055	35416	59.57077625570776	
4961620.697693023	22.0	3.0	29.0	15.0	24.095506169045144	876	4223	22	3.0	29.0	15.0	22	3.0	29.0	15.0	252	0	0.04687166213989258	87700	31.575963735580444	35442	59.587229190421894	
12713478.004370037	22.0	3.0	29.0	15.0	24.095506169045144	877	4225	22	3.0	29.0	15.0	22	3.0	29.0	15.0	252	0	0.031248092651367188	87800	31.60721182823181	35474	59.59681093394077	
1810062.576436962	22.0	3.0	29.0	15.0	24.095506169045144	878	4231	22	3.0	29.0	15.0	22	3.0	29.0	15.0	252	0	0.031247854232788086	87900	31.6384596824646	35511	59.60068259385666	
1.642545000062845e+30	22.0	3.0	29.0	15.0	24.095506169045144	879	4236	22	3.0	29.0	15.0	22	3.0	29.0	15.0	252	0	0.04687166213989258	88000	31.685331344604492	35537	59.617045454545455	
973624.4440156808	22.0	3.0	29.0	15.0	24.095506169045144	880	4242	22	3.0	29.0	15.0	22	3.0	29.0	15.0	252	0	0.031247615814208984	88100	31.7165789604187	35562	59.634506242905786	
8727520.490079531	22.0	3.0	29.0	15.0	24.095506169045144	881	4248	22	3.0	29.0	15.0	22	3.0	29.0	15.0	252	0	0.03124833106994629	88200	31.747827291488647	35584	59.65532879818594	
8413281.75318815	22.0	3.0	29.0	15.0	24.095506169045144	882	4254	22	3.0	29.0	15.0	22	3.0	29.0	15.0	252	0	0.031247854232788086	88300	31.779075145721436	35604	59.67836919592299	
76805639.43312348	22.0	3.0	29.0	15.0	24.095506169045144	883	4256	22	3.0	29.0	15.0	22	3.0	29.0	15.0	253	0	0.04687190055847168	88400	31.825947046279907	35632	59.69230769230769	
6516770.057179996	22.0	3.0	29.0	15.0	24.095506169045144	884	4261	22	3.0	29.0	15.0	22	3.0	29.0	15.0	253	0	0.031247615814208984	88500	31.857194662094116	35655	59.71186440677966	
52098767.02448716	22.0	3.0	29.0	15.0	24.095506169045144	885	4262	22	3.0	29.0	15.0	22	3.0	29.0	15.0	254	0	0.031247854232788086	88600	31.888442516326904	35683	59.72573363431151	
498618110.1433842	22.0	3.0	29.0	15.0	24.095506169045144	886	4265	22	3.0	29.0	15.0	22	3.0	29.0	15.0	254	0	0.04687142372131348	88700	31.935313940048218	35707	59.74408117249154	
8365751.973890892	22.0	3.0	29.0	15.0	24.095506169045144	887	4270	22	3.0	29.0	15.0	22	3.0	29.0	15.0	254	0	0.031248092651367188	88800	31.966562032699585	35731	59.76238738738739	
593.6718266712528	22.0	3.0	29.0	15.0	24.095506169045144	888	4272	22	3.0	29.0	15.0	22	3.0	29.0	15.0	254	0	0.031248092651367188	88900	31.997810125350952	35753	59.782902137232846	
91574.18782438923	22.0	3.0	29.0	15.0	24.095506169045144	889	4276	22	3.0	29.0	15.0	22	3.0	29.0	15.0	254	0	0.03124833106994629	89000	32.0290584564209	35770	59.80898876404495	
26500992.454871755	22.0	3.0	29.0	15.0	24.095506169045144	890	4282	22	3.0	29.0	15.0	22	3.0	29.0	15.0	254	0	0.031247615814208984	89100	32.06030607223511	35793	59.82828282828283	
978786.9075368992	22.0	3.0	29.0	15.0	24.095506169045144	891	4286	22	3.0	29.0	15.0	22	3.0	29.0	15.0	255	0	0.04687142372131348	89200	32.10717749595642	35829	59.832959641255606	
1641510337.966081	22.0	3.0	29.0	15.0	24.095506169045144	892	4289	22	3.0	29.0	15.0	22	3.0	29.0	15.0	255	0	0.031247615814208984	89300	32.13842511177063	35870	59.83202687569989	
1053314.8418597195	22.0	3.0	29.0	15.0	24.095506169045144	893	4293	22	3.0	29.0	15.0	22	3.0	29.0	15.0	255	0	0.031247854232788086	89400	32.16967296600342	35907	59.83557046979866	
318498504844342.5	22.0	3.0	29.0	15.0	24.095506169045144	894	4297	22	3.0	29.0	15.0	22	3.0	29.0	15.0	255	0	0.03124833106994629	89500	32.200921297073364	35944	59.8391061452514	
1.3883927515706462e+17	22.0	3.0	29.0	15.0	24.095506169045144	895	4304	22	3.0	29.0	15.0	22	3.0	29.0	15.0	256	0	0.031247615814208984	89600	32.23216891288757	35980	59.84375	
84849075.88209556	22.0	3.0	29.0	15.0	24.095506169045144	896	4305	22	3	29	15	22	3	29	15	256	0	0.04687142372131348	89700	32.27904033660889	36028	59.835005574136005	
163607.6029463024	22.0	3.0	29.0	15.0	24.095506169045144	897	4309	22	3.0	29.0	15.0	22	3.0	29.0	15.0	256	0	0.031248092651367188	89800	32.310288429260254	36057	59.847438752783965	
6946423.9215329755	22.0	3.0	29.0	15.0	24.095506169045144	898	4312	22	3.0	29.0	15.0	22	3.0	29.0	15.0	256	0	0.031248092651367188	89900	32.34153652191162	36086	59.85984427141268	
7216866.802714555	22.0	3.0	29.0	15.0	24.095506169045144	899	4318	22	3.0	29.0	15.0	22	3.0	29.0	15.0	256	0	0.04687166213989258	90000	32.388408184051514	36104	59.88444444444445	
19144020.832226735	22.0	3.0	29.0	15.0	24.095506169045144	900	4322	22	3.0	29.0	15.0	22	3.0	29.0	15.0	256	0	0.031247854232788086	90100	32.4196560382843	36128	59.9023307436182	
786874.9734081404	22.0	3.0	29.0	15.0	24.095506169045144	901	4328	22	3.0	29.0	15.0	22	3.0	29.0	15.0	256	0	0.031247854232788086	90200	32.45090389251709	36149	59.92350332594235	
5551683.309070753	22.0	3.0	29.0	15.0	24.095506169045144	902	4331	22	3.0	29.0	15.0	22	3.0	29.0	15.0	257	0	0.015623807907104492	90300	32.466527700424194	36181	59.93244739756368	
1906788.6940829526	22.0	3.0	29.0	15.0	24.095506169045144	903	4333	22	3.0	29.0	15.0	22	3.0	29.0	15.0	257	0	0.03124833106994629	90400	32.49777603149414	36220	59.93362831858407	
25596606.333080035	22.0	3.0	29.0	15.0	24.095506169045144	904	4338	22	3.0	29.0	15.0	22	3.0	29.0	15.0	257	0	0.031248092651367188	90500	32.52902412414551	36254	59.940331491712705	
123177.24061567387	22.0	3.0	29.0	15.0	24.095506169045144	905	4343	22	3.0	29.0	15.0	22	3.0	29.0	15.0	257	0	0.031247377395629883	90600	32.56027150154114	36282	59.95364238410596	
43806957.966592714	22.0	3.0	29.0	15.0	24.095506169045144	906	4347	22	3.0	29.0	15.0	22	3.0	29.0	15.0	257	0	0.031248092651367188	90700	32.591519594192505	36308	59.9691289966924	
5.393794195850237e+18	22.0	3.0	29.0	15.0	24.095506169045144	907	4349	22	3.0	29.0	15.0	22	3.0	29.0	15.0	257	0	0.031247615814208984	90800	32.622767210006714	36342	59.97577092511013	
910904.8669976552	22.0	3.0	29.0	15.0	24.095506169045144	908	4352	22	3.0	29.0	15.0	22	3.0	29.0	15.0	257	0	0.04687190055847168	90900	32.669639110565186	36379	59.97909790979098	
8167075.68884227	22.0	3.0	29.0	15.0	24.095506169045144	909	4355	22	3.0	29.0	15.0	22	3.0	29.0	15.0	257	0	0.031248092651367188	91000	32.70088720321655	36406	59.9934065934066	
51011281.44338433	22.0	3.0	29.0	15.0	24.095506169045144	910	4359	22	3.0	29.0	15.0	22	3.0	29.0	15.0	257	0	0.031247854232788086	91100	32.73213505744934	36439	60.00109769484083	
11410757.222044135	22.0	3.0	29.0	15.0	24.095506169045144	911	4369	22	3.0	29.0	15.0	22	3.0	29.0	15.0	257	0	0.04687142372131348	91200	32.779006481170654	36467	60.01425438596491	
7293655.705721638	22.0	3.0	29.0	15.0	24.095506169045144	912	4376	22	3.0	29.0	15.0	22	3.0	29.0	15.0	257	0	0.015624284744262695	91300	32.79463076591492	36497	60.02519167579409	
694282.2303451528	22.0	3.0	29.0	15.0	24.095506169045144	913	4381	22	3.0	29.0	15.0	22	3.0	29.0	15.0	257	0	0.04687166213989258	91400	32.84150242805481	36534	60.02844638949672	
12829984.54916342	22.0	3.0	29.0	15.0	24.095506169045144	914	4388	22	3.0	29.0	15.0	22	3.0	29.0	15.0	257	0	0.031247615814208984	91500	32.87275004386902	36569	60.033879781420765	
184267.81731227392	22.0	3.0	29.0	15.0	24.095506169045144	915	4397	22	3.0	29.0	15.0	22	3.0	29.0	15.0	257	0	0.031247854232788086	91600	32.90399789810181	36608	60.03493449781659	
492402419.5100036	22.0	3.0	29.0	15.0	24.095506169045144	916	4401	22	3.0	29.0	15.0	22	3.0	29.0	15.0	257	0	0.04687190055847168	91700	32.95086979866028	36645	60.038167938931295	
7401.806367927615	22.0	3.0	29.0	15.0	24.095506169045144	917	4404	22	3.0	29.0	15.0	22	3.0	29.0	15.0	257	0	0.031247854232788086	91800	32.982117652893066	36671	60.053376906318086	
5082244.017701583	22.0	3.0	29.0	15.0	24.095506169045144	918	4414	22	3.0	29.0	15.0	22	3.0	29.0	15.0	259	0	0.04687166213989258	91900	33.02898931503296	36694	60.071817192600655	
9464196.869432567	22.0	3.0	29.0	15.0	24.095506169045144	919	4417	22	3.0	29.0	15.0	22	3.0	29.0	15.0	259	0	0.031248092651367188	92000	33.060237407684326	36718	60.089130434782604	
116731.20429600045	22.0	3.0	29.0	15.0	24.095506169045144	920	4420	22	3.0	29.0	15.0	22	3.0	29.0	15.0	259	0	0.031247854232788086	92100	33.091485261917114	36748	60.099891422366994	
1605.9633041467396	22.0	3.0	29.0	15.0	24.095506169045144	921	4426	22	3.0	29.0	15.0	22	3.0	29.0	15.0	259	0	0.03124856948852539	92200	33.12273383140564	36763	60.12689804772234	
8161089.636285802	22.0	3.0	29.0	15.0	24.095506169045144	922	4428	22	3.0	29.0	15.0	22	3.0	29.0	15.0	259	0	0.03124713897705078	92300	33.15398097038269	36792	60.138678223185266	
3731993929387219.5	22.0	3.0	29.0	15.0	24.095506169045144	923	4433	22	3.0	29.0	15.0	22	3.0	29.0	15.0	259	0	0.031247854232788086	92400	33.18522882461548	36821	60.1504329004329	
22089788.4205323	22.0	3.0	29.0	15.0	24.095506169045144	924	4437	22	3.0	29.0	15.0	22	3.0	29.0	15.0	259	0	0.031247854232788086	92500	33.21647667884827	36845	60.16756756756757	
821185317.0140234	22.0	3.0	29.0	15.0	24.095506169045144	925	4442	22	3.0	29.0	15.0	22	3.0	29.0	15.0	259	0	0.031248092651367188	92600	33.247724771499634	36875	60.17818574514039	
835281.0620557339	22.0	3.0	29.0	15.0	24.095506169045144	926	4444	22	3.0	29.0	15.0	22	3.0	29.0	15.0	259	0	0.03124713897705078	92700	33.278971910476685	36901	60.193096008629986	
6512406.976909214	22.0	3.0	29.0	15.0	24.095506169045144	927	4446	22	3.0	29.0	15.0	22	3.0	29.0	15.0	259	0	0.031248092651367188	92800	33.31022000312805	36932	60.202586206896555	
1543181271.389171	22.0	3.0	29.0	15.0	24.095506169045144	928	4450	22	3.0	29.0	15.0	22	3.0	29.0	15.0	259	0	0.03124856948852539	92900	33.34146857261658	36960	60.21528525296017	
200220.98332202664	22.0	3.0	29.0	15.0	24.095506169045144	929	4454	22	3.0	29.0	15.0	22	3.0	29.0	15.0	259	0	0.015623331069946289	93000	33.35709190368652	36990	60.225806451612904	
9401678.947983509	22.0	3.0	29.0	15.0	24.095506169045144	930	4461	22	3.0	29.0	15.0	22	3.0	29.0	15.0	259	0	0.031248807907104492	93100	33.38834071159363	37011	60.245972073039745	
90310143.71093583	22.0	3.0	29.0	15.0	24.095506169045144	931	4463	22	3.0	29.0	15.0	22	3.0	29.0	15.0	259	0	0.031246423721313477	93200	33.41958713531494	37054	60.242489270386265	
8273432.108933287	22.0	3.0	29.0	15.0	24.095506169045144	932	4467	22	3.0	29.0	15.0	22	3.0	29.0	15.0	259	0	0.03124856948852539	93300	33.45083570480347	37084	60.252947481243304	
865.2829323422521	22.0	3.0	29.0	15.0	24.095506169045144	933	4472	22	3.0	29.0	15.0	22	3.0	29.0	15.0	259	0	0.031247615814208984	93400	33.482083320617676	37110	60.267665952890795	
56002149.403172776	22.0	3.0	29.0	15.0	24.095506169045144	934	4479	22	3.0	29.0	15.0	22	3.0	29.0	15.0	259	0	0.031248092651367188	93500	33.51333141326904	37129	60.28983957219251	
3466414121195.48	22.0	3.0	29.0	15.0	24.095506169045144	935	4486	22	3.0	29.0	15.0	22	3.0	29.0	15.0	260	0	0.04687166213989258	93600	33.560203075408936	37153	60.30662393162393	
829402266185.2897	22.0	3.0	29.0	15.0	24.095506169045144	936	4492	22	3.0	29.0	15.0	22	3.0	29.0	15.0	260	0	0.031247854232788086	93700	33.591450929641724	37180	60.320170757737465	
450511563.4299144	22.0	3.0	29.0	15.0	24.095506169045144	937	4496	22	3.0	29.0	15.0	22	3.0	29.0	15.0	261	0	0.031247854232788086	93800	33.62269878387451	37206	60.33475479744136	
900883.3694154978	22.0	3.0	29.0	15.0	24.095506169045144	938	4505	22	3.0	29.0	15.0	22	3.0	29.0	15.0	261	0	0.031247854232788086	93900	33.6539466381073	37235	60.346112886048985	
2334.8121727081825	22.0	3.0	29.0	15.0	24.095506169045144	939	4513	22	3.0	29.0	15.0	22	3.0	29.0	15.0	261	0	0.03124833106994629	94000	33.685194969177246	37261	60.360638297872335	
7909685.978648008	22.0	3.0	29.0	15.0	24.095506169045144	940	4517	22	3.0	29.0	15.0	22	3.0	29.0	15.0	262	0	0.031247377395629883	94100	33.716442346572876	37298	60.3634431455898	
13110236.84100594	22.0	3.0	29.0	15.0	24.095506169045144	941	4520	22	3.0	29.0	15.0	22	3.0	29.0	15.0	265	0	0.031247854232788086	94200	33.747690200805664	37333	60.368365180467094	
8749309.942334084	22.0	3.0	29.0	15.0	24.095506169045144	942	4525	22	3.0	29.0	15.0	22	3.0	29.0	15.0	265	0	0.04687213897705078	94300	33.794562339782715	37363	60.378579003181336	
6308081.600114078	22.0	3.0	29.0	15.0	24.095506169045144	943	4530	22	3.0	29.0	15.0	22	3.0	29.0	15.0	266	0	0.031247854232788086	94400	33.8258101940155	37400	60.38135593220339	
14089206715936.975	22.0	3.0	29.0	15.0	24.095506169045144	944	4534	22	3.0	29.0	15.0	22	3.0	29.0	15.0	266	0	0.031247854232788086	94500	33.85705804824829	37445	60.37566137566138	
2611117.255755024	22.0	3.0	29.0	15.0	24.095506169045144	945	4538	22	3.0	29.0	15.0	22	3.0	29.0	15.0	266	0	0.015624046325683594	94600	33.872682094573975	37477	60.383720930232556	
994099387.7307587	22.0	3.0	29.0	15.0	24.095506169045144	946	4546	22	3.0	29.0	15.0	22	3.0	29.0	15.0	266	0	0.031247854232788086	94700	33.90392994880676	37511	60.389651531151	
17649359.426845513	22.0	3.0	29.0	15.0	24.095506169045144	947	4552	22	3.0	29.0	15.0	22	3.0	29.0	15.0	266	0	0.04687166213989258	94800	33.950801610946655	37544	60.39662447257384	
343513.4434755437	22.0	3.0	29.0	15.0	24.095506169045144	948	4555	22	3.0	29.0	15.0	22	3.0	29.0	15.0	266	0	0.04687309265136719	94900	33.99767470359802	37573	60.40779768177028	
400225154373157.8	22.0	3.0	29.0	15.0	24.095506169045144	949	4560	22	3.0	29.0	15.0	22	3.0	29.0	15.0	266	0	0.03124833106994629	95000	34.02892303466797	37607	60.41368421052631	
7551992.340886096	22.0	3.0	29.0	15.0	24.095506169045144	950	4562	22	3.0	29.0	15.0	22	3.0	29.0	15.0	266	0	0.031248092651367188	95100	34.060171127319336	37639	60.42166140904312	
488044236.30677676	22.0	3.0	29.0	15.0	24.095506169045144	951	4565	22	3.0	29.0	15.0	22	3.0	29.0	15.0	267	0	0.046871185302734375	95200	34.10704231262207	37668	60.4327731092437	
491539.4234301046	22.0	3.0	29.0	15.0	24.095506169045144	952	4568	22	3.0	29.0	15.0	22	3.0	29.0	15.0	267	0	0.03124713897705078	95300	34.13828945159912	37704	60.43651626442812	
558864.5529484621	22.0	3.0	29.0	15.0	24.095506169045144	953	4573	22	3.0	29.0	15.0	22	3.0	29.0	15.0	267	0	0.031250953674316406	95400	34.16954040527344	37735	60.4454926624738	
67583818.161818	22.0	3.0	29.0	15.0	24.095506169045144	954	4581	22	3.0	29.0	15.0	22	3.0	29.0	15.0	267	0	0.031244993209838867	95500	34.200785398483276	37764	60.456544502617795	
8407194906021.526	22.0	3.0	29.0	15.0	24.095506169045144	955	4588	22	3.0	29.0	15.0	22	3.0	29.0	15.0	267	0	0.04687023162841797	95600	34.247655630111694	37784	60.47698744769875	
2455190.5819909642	22.0	3.0	29.0	15.0	24.095506169045144	956	4592	22	3.0	29.0	15.0	22	3.0	29.0	15.0	267	0	0.031249046325683594	95700	34.27890467643738	37817	60.483803552769075	
7.940361568076799e+18	22.0	3.0	29.0	15.0	24.095506169045144	957	4597	22	3.0	29.0	15.0	22	3.0	29.0	15.0	267	0	0.031248092651367188	95800	34.310152769088745	37840	60.50104384133611	
44304656.7736978	22.0	3.0	29.0	15.0	24.095506169045144	958	4603	22	3.0	29.0	15.0	22	3.0	29.0	15.0	267	0	0.03124713897705078	95900	34.341399908065796	37865	60.51616266944734	
353693.6809952432	22.0	3.0	29.0	15.0	24.095506169045144	959	4605	22	3.0	29.0	15.0	22	3.0	29.0	15.0	267	0	0.03124833106994629	96000	34.37264823913574	37908	60.5125	
10818582.901148658	22.0	3.0	29.0	15.0	24.095506169045144	960	4606	22	3	29	15	22	3	29	15	267	0	0.03125143051147461	96100	34.40389966964722	37948	60.51196670135276	
1136899.8984864599	22.0	3.0	29.0	15.0	24.095506169045144	961	4611	22	3.0	29.0	15.0	22	3.0	29.0	15.0	268	0	0.031246185302734375	96200	34.43514585494995	37985	60.514553014553016	
8346443.15231623	22.0	3.0	29.0	15.0	24.095506169045144	962	4616	22	3.0	29.0	15.0	22	3.0	29.0	15.0	268	0	0.04687070846557617	96300	34.48201656341553	38024	60.51505711318795	
17920256.9381585	22.0	3.0	29.0	15.0	24.095506169045144	963	4620	22	3.0	29.0	15.0	22	3.0	29.0	15.0	269	0	0.0312497615814209	96400	34.51326632499695	38069	60.50933609958506	
1.2514631592314134e+17	22.0	3.0	29.0	15.0	24.095506169045144	964	4624	22	3.0	29.0	15.0	22	3.0	29.0	15.0	269	0	0.031247854232788086	96500	34.544514179229736	38106	60.51191709844559	
1653500096878260.0	22.0	3.0	29.0	15.0	24.095506169045144	965	4629	22	3.0	29.0	15.0	22	3.0	29.0	15.0	269	0	0.031249046325683594	96600	34.57576322555542	38143	60.51449275362319	
6968504.860262573	22.0	3.0	29.0	15.0	24.095506169045144	966	4630	22	3	29	15	22	3	29	15	269	0	0.031244754791259766	96700	34.60700798034668	38176	60.52119958634953	
513617842.61684686	22.0	3.0	29.0	15.0	24.095506169045144	967	4637	22	3.0	29.0	15.0	22	3.0	29.0	15.0	269	0	0.04687023162841797	96800	34.6538782119751	38206	60.530991735537185	
485070488.4162864	22.0	3.0	29.0	15.0	24.095506169045144	968	4639	22	3.0	29.0	15.0	22	3.0	29.0	15.0	269	0	0.03124833106994629	96900	34.685126543045044	38228	60.549019607843135	
303470.33431218826	22.0	3.0	29.0	15.0	24.095506169045144	969	4646	22	3.0	29.0	15.0	22	3.0	29.0	15.0	269	0	0.031248092651367188	97000	34.71637463569641	38258	60.55876288659794	
23914674.83833882	22.0	3.0	29.0	15.0	24.095506169045144	970	4650	22	3.0	29.0	15.0	22	3.0	29.0	15.0	269	0	0.031248807907104492	97100	34.747623443603516	38289	60.567456230690006	
8022930.7030401705	22.0	3.0	29.0	15.0	24.095506169045144	971	4653	22	3.0	29.0	15.0	22	3.0	29.0	15.0	269	0	0.031248092651367188	97200	34.77887153625488	38318	60.57818930041152	
9843.757396493898	22.0	3.0	29.0	15.0	24.095506169045144	972	4656	22	3.0	29.0	15.0	22	3.0	29.0	15.0	269	0	0.04687142372131348	97300	34.825742959976196	38349	60.58684480986639	
489.3435751944038	22.0	3.0	29.0	15.0	24.095506169045144	973	4663	22	3.0	29.0	15.0	22	3.0	29.0	15.0	269	0	0.04687166213989258	97400	34.87261462211609	38368	60.60780287474333	
12737017.942544317	22.0	3.0	29.0	15.0	24.095506169045144	974	4667	22	3.0	29.0	15.0	22	3.0	29.0	15.0	269	0	0.031247854232788086	97500	34.90386247634888	38397	60.61846153846154	
16399715.496941362	22.0	3.0	29.0	15.0	24.095506169045144	975	4671	22	3.0	29.0	15.0	22	3.0	29.0	15.0	269	0	0.03124690055847168	97600	34.93510937690735	38423	60.63217213114754	
5808723521026.543	22.0	3.0	29.0	15.0	24.095506169045144	976	4673	22	3.0	29.0	15.0	22	3.0	29.0	15.0	269	0	0.031249284744262695	97700	34.96635866165161	38458	60.63664278403275	
961923.8543592546	22.0	3.0	29.0	15.0	24.095506169045144	977	4678	22	3.0	29.0	15.0	22	3.0	29.0	15.0	269	0	0.031247854232788086	97800	34.9976065158844	38480	60.65439672801636	
511062103.80343586	22.0	3.0	29.0	15.0	24.095506169045144	978	4683	22	3.0	29.0	15.0	22	3.0	29.0	15.0	269	0	0.031248092651367188	97900	35.02885460853577	38512	60.66189989785495	
385458910.8631141	22.0	3.0	29.0	15.0	24.095506169045144	979	4687	22	3.0	29.0	15.0	22	3.0	29.0	15.0	269	0	0.04687166213989258	98000	35.07572627067566	38547	60.666326530612245	
50498749.56817922	22.0	3.0	29.0	15.0	24.095506169045144	980	4691	22	3.0	29.0	15.0	22	3.0	29.0	15.0	269	0	0.03124690055847168	98100	35.10697317123413	38573	60.679918450560656	
88042959.67707223	22.0	3.0	29.0	15.0	24.095506169045144	981	4698	22	3.0	29.0	15.0	22	3.0	29.0	15.0	269	0	0.031247854232788086	98200	35.13822102546692	38601	60.69144602851324	
18303149.626559936	22.0	3.0	29.0	15.0	24.095506169045144	982	4701	22	3.0	29.0	15.0	22	3.0	29.0	15.0	270	0	0.03124690055847168	98300	35.16946792602539	38635	60.6968463886063	
558583.7626620429	22.0	3.0	29.0	15.0	24.095506169045144	983	4704	22	3.0	29.0	15.0	22	3.0	29.0	15.0	270	0	0.031248807907104492	98400	35.200716733932495	38662	60.709349593495936	
434650183.24696964	22.0	3.0	29.0	15.0	24.095506169045144	984	4708	22	3.0	29.0	15.0	22	3.0	29.0	15.0	270	0	0.031247377395629883	98500	35.231964111328125	38691	60.71979695431472	
7329895.7258554455	22.0	3.0	29.0	15.0	24.095506169045144	985	4712	22	3.0	29.0	15.0	22	3.0	29.0	15.0	270	0	0.03124856948852539	98600	35.26321268081665	38715	60.73529411764706	
1917694.5563824961	22.0	3.0	29.0	15.0	24.095506169045144	986	4717	22	3.0	29.0	15.0	22	3.0	29.0	15.0	270	0	0.03124690055847168	98700	35.29445958137512	38738	60.751773049645394	
32768480.74858999	22.0	3.0	29.0	15.0	24.095506169045144	987	4721	22	3.0	29.0	15.0	22	3.0	29.0	15.0	272	0	0.031248092651367188	98800	35.32570767402649	38760	60.76923076923077	
30264636.41354497	22.0	3.0	29.0	15.0	24.095506169045144	988	4723	22	3.0	29.0	15.0	22	3.0	29.0	15.0	272	0	0.031247854232788086	98900	35.35695552825928	38788	60.78058645096057	
37073805.622576684	22.0	3.0	29.0	15.0	24.095506169045144	989	4731	22	3.0	29.0	15.0	22	3.0	29.0	15.0	272	0	0.04687237739562988	99000	35.40382790565491	38814	60.7939393939394	
13882835.108101247	22.0	3.0	29.0	15.0	24.095506169045144	990	4735	22	3.0	29.0	15.0	22	3.0	29.0	15.0	272	0	0.031248807907104492	99100	35.43507671356201	38838	60.80928355196771	
5.184312608419792e+18	22.0	3.0	29.0	15.0	24.095506169045144	991	4739	22	3.0	29.0	15.0	22	3.0	29.0	15.0	272	0	0.031247615814208984	99200	35.46632432937622	38861	60.82560483870968	
11032139696.685669	22.0	3.0	29.0	15.0	24.095506169045144	992	4740	22	3	29	15	22	3	29	15	272	0	0.031247377395629883	99300	35.49757170677185	38901	60.82477341389728	
1.1207909518485823e+19	22.0	3.0	29.0	15.0	24.095506169045144	993	4746	22	3.0	29.0	15.0	22	3.0	29.0	15.0	272	0	0.015624046325683594	99400	35.513195753097534	38926	60.83903420523139	
328954539797656.44	22.0	3.0	29.0	15.0	24.095506169045144	994	4749	22	3.0	29.0	15.0	22	3.0	29.0	15.0	272	0	0.031249046325683594	99500	35.54444479942322	38955	60.84924623115578	
3123185.262861868	22.0	3.0	29.0	15.0	24.095506169045144	995	4754	22	3.0	29.0	15.0	22	3.0	29.0	15.0	272	0	0.031246423721313477	99600	35.57569122314453	38982	60.86144578313253	
1.3802685038183395e+17	22.0	3.0	29.0	15.0	24.095506169045144	996	4754	22	3	29	15	22	3	29	15	273	0	0.03124833106994629	99700	35.60693955421448	39011	60.8716148445336	
9.03651239519282e+18	22.0	3.0	29.0	15.0	24.095506169045144	997	4761	22	3.0	29.0	15.0	22	3.0	29.0	15.0	274	0	0.03124690055847168	99800	35.63818645477295	39047	60.874749498998	
38871672.54395143	22.0	3.0	29.0	15.0	24.095506169045144	998	4769	22	3.0	29.0	15.0	22	3.0	29.0	15.0	274	0	0.031247377395629883	99900	35.66943383216858	39068	60.89289289289289	
496243926.0251023	22.0	3.0	29.0	15.0	24.095506169045144	999	4772	22	3.0	29.0	15.0	22	3.0	29.0	15.0	274	0	0.03124856948852539	100000	35.700682401657104	39107	60.893	
1000908525.789761	22.0	3.0	29.0	15.0	24.095506169045144	1000	4776	22	3.0	29.0	15.0	22	3.0	29.0	15.0	274	0	0.031247615814208984	100100	35.73193001747131	39140	60.8991008991009	
