ave_fitness	ave_genome_length	ave_tree_depth	ave_tree_nodes	ave_used_codons	best_fitness	gen	invalids	max_genome_length	max_tree_depth	max_tree_nodes	max_used_codons	min_genome_length	min_tree_depth	min_tree_nodes	min_used_codons	runtime_error	time_adjust	time_taken	total_inds	total_time	unique_inds	unused_search	
1.0843710071040084e+42	102.58	6.57	132.53	68.55	81.97587409926474	0	0	180	10	232	120	22	3	29	15	60	0	2.452955961227417	100	2.452955961227417	40	60.0	
1.7150422858310235e+40	75.78	4.2073170731707314	64.01219512195122	33.109756097560975	55.64106952615877	1	18	180	8.0	174.0	90.0	22	3.0	29.0	15.0	91	0	0.06249547004699707	200	2.515451431274414	76	62.0	
1.4318047000541172e+38	79.93	4.0	58.0	30.0	55.64106952615877	2	24	180	7.0	145.0	75.0	22	3.0	29.0	15.0	104	0	0.04687142372131348	300	2.5623228549957275	104	65.33333333333333	
2016704825.946502	83.29	3.88659793814433	54.71134020618557	28.298969072164947	51.56963748911503	3	28	180	8.0	174.0	90.0	22	3.0	29.0	15.0	108	0	0.06249594688415527	400	2.624818801879883	120	70.0	
1938014829.7294617	81.78	3.63	47.27	24.45	51.56963748911503	4	28	180	8	174	90	22	3	29	15	112	0	0.031248092651367188	500	2.65606689453125	128	74.4	
8426.136730115733	88.8	3.57	45.53	23.55	51.56963748911503	5	28	180	5	87	45	45	3	29	15	116	0	0.031247615814208984	600	2.687314510345459	129	78.5	
1867320111.7649164	84.58	3.89	54.81	28.35	51.56963748911503	6	28	180	5	87	45	45	3	29	15	116	0	0.04687166213989258	700	2.7341861724853516	130	81.42857142857143	
53.84990209843928	66.58	4.0	58.0	30.0	51.56963748911503	7	28	135	4	58	30	45	4	58	30	116	0	0.04687166213989258	800	2.781057834625244	130	83.75	
52.18035229467157	69.72	4.0	58.0	30.0	51.56963748911503	8	28	135	4	58	30	45	4	58	30	116	0	0.04687190055847168	900	2.827929735183716	130	85.55555555555556	
51.56963748911504	71.31	4.0	58.0	30.0	51.56963748911503	9	28	135	4	58	30	45	4	58	30	116	0	0.031248092651367188	1000	2.859177827835083	130	87.0	
51.56963748911504	71.1	4.0	58.0	30.0	51.56963748911503	10	28	135	4	58	30	45	4	58	30	116	0	0.04687190055847168	1100	2.9060497283935547	130	88.18181818181819	
51.56963748911504	65.25	4.0	58.0	30.0	51.56963748911503	11	28	135	4	58	30	45	4	58	30	116	0	0.04687142372131348	1200	2.952921152114868	130	89.16666666666667	
51.56963748911504	66.6	4.0	58.0	30.0	51.56963748911503	12	28	135	4	58	30	45	4	58	30	116	0	0.06249570846557617	1300	3.0154168605804443	130	90.0	
51.56963748911504	61.65	4.0	58.0	30.0	51.56963748911503	13	28	135	4	58	30	45	4	58	30	116	0	0.04687213897705078	1400	3.062288999557495	130	90.71428571428571	
51.56963748911504	57.6	4.0	58.0	30.0	51.56963748911503	14	28	135	4	58	30	45	4	58	30	116	0	0.04687237739562988	1500	3.109161376953125	130	91.33333333333333	
51.56963748911504	55.35	4.0	58.0	30.0	51.56963748911503	15	28	135	4	58	30	45	4	58	30	116	0	0.03124856948852539	1600	3.1404099464416504	130	91.875	
51.56963748911504	54.45	4.0	58.0	30.0	51.56963748911503	16	28	135	4	58	30	45	4	58	30	116	0	0.015622615814208984	1700	3.1560325622558594	130	92.3529411764706	
51.56963748911504	49.5	4.0	58.0	30.0	51.56963748911503	17	28	90	4	58	30	45	4	58	30	116	0	0.04687190055847168	1800	3.202904462814331	130	92.77777777777777	
51.56963748911504	50.85	4.0	58.0	30.0	51.56963748911503	18	28	90	4	58	30	45	4	58	30	116	0	0.06249570846557617	1900	3.2654001712799072	130	93.15789473684211	
51.56963748911504	48.15	4.0	58.0	30.0	51.56963748911503	19	28	90	4	58	30	45	4	58	30	116	0	0.04687190055847168	2000	3.312272071838379	130	93.5	
51.56963748911504	49.05	4.0	58.0	30.0	51.56963748911503	20	28	90	4	58	30	45	4	58	30	116	0	0.04687166213989258	2100	3.3591437339782715	130	93.80952380952381	
51.56963748911504	50.85	4.0	58.0	30.0	51.56963748911503	21	28	90	4	58	30	45	4	58	30	116	0	0.06249570846557617	2200	3.4216394424438477	130	94.0909090909091	
51.56963748911504	55.35	4.0	58.0	30.0	51.56963748911503	22	28	90	4	58	30	45	4	58	30	116	0	0.04687190055847168	2300	3.4685113430023193	130	94.34782608695652	
51.56963748911504	57.15	4.0	58.0	30.0	51.56963748911503	23	28	90	4	58	30	45	4	58	30	116	0	0.031247854232788086	2400	3.4997591972351074	130	94.58333333333333	
51.56963748911504	54.9	4.0	58.0	30.0	51.56963748911503	24	28	90	4	58	30	45	4	58	30	116	0	0.06249547004699707	2500	3.5622546672821045	130	94.8	
51.56963748911504	52.2	4.0	58.0	30.0	51.56963748911503	25	28	90	4	58	30	45	4	58	30	116	0	0.046872615814208984	2600	3.6091272830963135	130	95.0	
51.56963748911504	49.05	4.0	58.0	30.0	51.56963748911503	26	28	90	4	58	30	45	4	58	30	116	0	0.031247377395629883	2700	3.6403746604919434	130	95.18518518518519	
51.56963748911504	52.65	4.0	58.0	30.0	51.56963748911503	27	28	90	4	58	30	45	4	58	30	116	0	0.031248092651367188	2800	3.6716227531433105	130	95.35714285714286	
51.56963748911504	54.9	4.0	58.0	30.0	51.56963748911503	28	28	90	4	58	30	45	4	58	30	116	0	0.031247377395629883	2900	3.7028701305389404	130	95.51724137931035	
51.56963748911504	54.9	4.0	58.0	30.0	51.56963748911503	29	28	90	4	58	30	45	4	58	30	116	0	0.06249547004699707	3000	3.7653656005859375	130	95.66666666666667	
51.56963748911504	61.65	4.0	58.0	30.0	51.56963748911503	30	28	90	4	58	30	45	4	58	30	116	0	0.04687237739562988	3100	3.8122379779815674	130	95.80645161290323	
51.56963748911504	65.7	4.0	58.0	30.0	51.56963748911503	31	28	90	4	58	30	45	4	58	30	116	0	0.04687142372131348	3200	3.859109401702881	130	95.9375	
51.56963748911504	66.15	4.0	58.0	30.0	51.56963748911503	32	28	90	4	58	30	45	4	58	30	116	0	0.06249642372131348	3300	3.9216058254241943	130	96.06060606060606	
51.56963748911504	67.05	4.0	58.0	30.0	51.56963748911503	33	28	90	4	58	30	45	4	58	30	116	0	0.03124690055847168	3400	3.952852725982666	130	96.17647058823529	
51.56963748911504	68.4	4.0	58.0	30.0	51.56963748911503	34	28	90	4	58	30	45	4	58	30	116	0	0.06249642372131348	3500	4.0153491497039795	130	96.28571428571429	
51.56963748911504	62.55	4.0	58.0	30.0	51.56963748911503	35	28	90	4	58	30	45	4	58	30	116	0	0.031248092651367188	3600	4.046597242355347	130	96.38888888888889	
51.56963748911504	58.95	4.0	58.0	30.0	51.56963748911503	36	28	90	4	58	30	45	4	58	30	116	0	0.04687094688415527	3700	4.093468189239502	130	96.48648648648648	
51.56963748911504	59.4	4.0	58.0	30.0	51.56963748911503	37	28	90	4	58	30	45	4	58	30	116	0	0.04687213897705078	3800	4.140340328216553	130	96.57894736842105	
51.56963748911504	59.4	4.0	58.0	30.0	51.56963748911503	38	28	90	4	58	30	45	4	58	30	116	0	0.04687166213989258	3900	4.187211990356445	130	96.66666666666667	
51.56963748911504	56.7	4.0	58.0	30.0	51.56963748911503	39	28	90	4	58	30	45	4	58	30	116	0	0.06249594688415527	4000	4.249707937240601	130	96.75	
51.56963748911504	55.8	4.0	58.0	30.0	51.56963748911503	40	28	90	4	58	30	45	4	58	30	116	0	0.04687213897705078	4100	4.296580076217651	130	96.82926829268293	
51.56963748911504	53.55	4.0	58.0	30.0	51.56963748911503	41	28	90	4	58	30	45	4	58	30	116	0	0.04687166213989258	4200	4.343451738357544	130	96.9047619047619	
51.56963748911504	53.55	4.0	58.0	30.0	51.56963748911503	42	28	90	4	58	30	45	4	58	30	116	0	0.04687190055847168	4300	4.390323638916016	130	96.97674418604652	
51.56963748911504	53.55	4.0	58.0	30.0	51.56963748911503	43	28	90	4	58	30	45	4	58	30	116	0	0.04687142372131348	4400	4.437195062637329	130	97.04545454545455	
51.56963748911504	54.45	4.0	58.0	30.0	51.56963748911503	44	28	90	4	58	30	45	4	58	30	116	0	0.04687142372131348	4500	4.484066486358643	130	97.11111111111111	
51.56963748911504	53.55	4.0	58.0	30.0	51.56963748911503	45	28	90	4	58	30	45	4	58	30	116	0	0.062496185302734375	4600	4.546562671661377	130	97.17391304347827	
51.56963748911504	53.55	4.0	58.0	30.0	51.56963748911503	46	28	90	4	58	30	45	4	58	30	116	0	0.04687142372131348	4700	4.59343409538269	130	97.23404255319149	
51.56963748911504	55.8	4.0	58.0	30.0	51.56963748911503	47	28	90	4	58	30	45	4	58	30	116	0	0.03124833106994629	4800	4.624682426452637	130	97.29166666666667	
51.56963748911504	61.2	4.0	58.0	30.0	51.56963748911503	48	28	90	4	58	30	45	4	58	30	116	0	0.06249570846557617	4900	4.687178134918213	130	97.34693877551021	
51.56963748911504	62.1	4.0	58.0	30.0	51.56963748911503	49	28	90	4	58	30	45	4	58	30	116	0	0.04687166213989258	5000	4.7340497970581055	130	97.4	
51.56963748911504	58.95	4.0	58.0	30.0	51.56963748911503	50	28	90	4	58	30	45	4	58	30	116	0	0.04687190055847168	5100	4.780921697616577	130	97.45098039215686	
51.56963748911504	58.95	4.0	58.0	30.0	51.56963748911503	51	28	90	4	58	30	45	4	58	30	116	0	0.04687166213989258	5200	4.82779335975647	130	97.5	
51.56963748911504	61.2	4.0	58.0	30.0	51.56963748911503	52	28	90	4	58	30	45	4	58	30	116	0	0.04687166213989258	5300	4.874665021896362	130	97.54716981132076	
51.56963748911504	60.3	4.0	58.0	30.0	51.56963748911503	53	28	90	4	58	30	45	4	58	30	116	0	0.04687190055847168	5400	4.921536922454834	130	97.5925925925926	
51.56963748911504	56.25	4.0	58.0	30.0	51.56963748911503	54	28	90	4	58	30	45	4	58	30	116	0	0.03124833106994629	5500	4.95278525352478	130	97.63636363636364	
51.56963748911504	57.6	4.0	58.0	30.0	51.56963748911503	55	28	90	4	58	30	45	4	58	30	116	0	0.06249523162841797	5600	5.015280485153198	130	97.67857142857143	
51.56963748911504	57.6	4.0	58.0	30.0	51.56963748911503	56	28	90	4	58	30	45	4	58	30	116	0	0.046872615814208984	5700	5.062153100967407	130	97.71929824561404	
51.56963748911504	59.4	4.0	58.0	30.0	51.56963748911503	57	28	90	4	58	30	45	4	58	30	116	0	0.031247377395629883	5800	5.093400478363037	130	97.75862068965517	
51.56963748911504	63.0	4.0	58.0	30.0	51.56963748911503	58	28	90	4	58	30	45	4	58	30	116	0	0.031247377395629883	5900	5.124647855758667	130	97.79661016949153	
51.56963748911504	60.3	4.0	58.0	30.0	51.56963748911503	59	28	90	4	58	30	45	4	58	30	116	0	0.04687213897705078	6000	5.171519994735718	130	97.83333333333333	
51.56963748911504	59.85	4.0	58.0	30.0	51.56963748911503	60	28	90	4	58	30	45	4	58	30	116	0	0.04687166213989258	6100	5.21839165687561	130	97.8688524590164	
51.56963748911504	60.3	4.0	58.0	30.0	51.56963748911503	61	28	90	4	58	30	45	4	58	30	116	0	0.04687166213989258	6200	5.265263319015503	130	97.90322580645162	
51.56963748911504	58.05	4.0	58.0	30.0	51.56963748911503	62	28	90	4	58	30	45	4	58	30	116	0	0.04687166213989258	6300	5.3121349811553955	130	97.93650793650794	
51.56963748911504	58.95	4.0	58.0	30.0	51.56963748911503	63	28	90	4	58	30	45	4	58	30	116	0	0.06249570846557617	6400	5.374630689620972	130	97.96875	
51.56963748911504	59.4	4.0	58.0	30.0	51.56963748911503	64	28	90	4	58	30	45	4	58	30	116	0	0.04687190055847168	6500	5.421502590179443	130	98.0	
51.56963748911504	63.45	4.0	58.0	30.0	51.56963748911503	65	28	90	4	58	30	45	4	58	30	116	0	0.03124833106994629	6600	5.45275092124939	130	98.03030303030303	
51.56963748911504	60.75	4.0	58.0	30.0	51.56963748911503	66	28	90	4	58	30	45	4	58	30	116	0	0.04687142372131348	6700	5.499622344970703	130	98.05970149253731	
51.56963748911504	58.05	4.0	58.0	30.0	51.56963748911503	67	28	90	4	58	30	45	4	58	30	116	0	0.06249594688415527	6800	5.562118291854858	130	98.08823529411765	
51.56963748911504	55.35	4.0	58.0	30.0	51.56963748911503	68	28	90	4	58	30	45	4	58	30	116	0	0.04687142372131348	6900	5.608989715576172	130	98.1159420289855	
51.56963748911504	52.2	4.0	58.0	30.0	51.56963748911503	69	28	90	4	58	30	45	4	58	30	116	0	0.04687213897705078	7000	5.655861854553223	130	98.14285714285714	
51.56963748911504	51.75	4.0	58.0	30.0	51.56963748911503	70	28	90	4	58	30	45	4	58	30	116	0	0.04687166213989258	7100	5.702733516693115	130	98.16901408450704	
51.56963748911504	49.95	4.0	58.0	30.0	51.56963748911503	71	28	90	4	58	30	45	4	58	30	116	0	0.04687190055847168	7200	5.749605417251587	130	98.19444444444444	
51.56963748911504	48.15	4.0	58.0	30.0	51.56963748911503	72	28	90	4	58	30	45	4	58	30	116	0	0.04687166213989258	7300	5.7964770793914795	130	98.21917808219177	
51.56963748911504	48.15	4.0	58.0	30.0	51.56963748911503	73	28	90	4	58	30	45	4	58	30	116	0	0.04687142372131348	7400	5.843348503112793	130	98.24324324324324	
51.56963748911504	50.4	4.0	58.0	30.0	51.56963748911503	74	28	90	4	58	30	45	4	58	30	116	0	0.04687166213989258	7500	5.8902201652526855	130	98.26666666666667	
51.56963748911504	50.4	4.0	58.0	30.0	51.56963748911503	75	28	90	4	58	30	45	4	58	30	116	0	0.046872615814208984	7600	5.9370927810668945	130	98.28947368421052	
51.56963748911504	47.25	4.0	58.0	30.0	51.56963748911503	76	28	90	4	58	30	45	4	58	30	116	0	0.04687166213989258	7700	5.983964443206787	130	98.31168831168831	
51.56963748911504	47.25	4.0	58.0	30.0	51.56963748911503	77	28	90	4	58	30	45	4	58	30	116	0	0.04687190055847168	7800	6.030836343765259	130	98.33333333333333	
51.56963748911504	48.6	4.0	58.0	30.0	51.56963748911503	78	28	90	4	58	30	45	4	58	30	116	0	0.046871185302734375	7900	6.077707529067993	130	98.35443037974683	
51.56963748911504	48.6	4.0	58.0	30.0	51.56963748911503	79	28	90	4	58	30	45	4	58	30	116	0	0.04687190055847168	8000	6.124579429626465	130	98.375	
51.56963748911504	49.95	4.0	58.0	30.0	51.56963748911503	80	28	90	4	58	30	45	4	58	30	116	0	0.04687190055847168	8100	6.1714513301849365	130	98.39506172839506	
51.56963748911504	50.85	4.0	58.0	30.0	51.56963748911503	81	28	90	4	58	30	45	4	58	30	116	0	0.031248092651367188	8200	6.202699422836304	130	98.41463414634147	
51.56963748911504	49.95	4.0	58.0	30.0	51.56963748911503	82	28	90	4	58	30	45	4	58	30	116	0	0.046871185302734375	8300	6.249570608139038	130	98.43373493975903	
51.56963748911504	51.3	4.0	58.0	30.0	51.56963748911503	83	28	90	4	58	30	45	4	58	30	116	0	0.06249642372131348	8400	6.312067031860352	130	98.45238095238095	
51.56963748911504	50.4	4.0	58.0	30.0	51.56963748911503	84	28	90	4	58	30	45	4	58	30	116	0	0.031247854232788086	8500	6.34331488609314	130	98.47058823529412	
51.56963748911504	49.5	4.0	58.0	30.0	51.56963748911503	85	28	90	4	58	30	45	4	58	30	116	0	0.04687166213989258	8600	6.390186548233032	130	98.48837209302326	
51.56963748911504	52.2	4.0	58.0	30.0	51.56963748911503	86	28	90	4	58	30	45	4	58	30	116	0	0.031247377395629883	8700	6.421433925628662	130	98.50574712643679	
51.56963748911504	49.5	4.0	58.0	30.0	51.56963748911503	87	28	90	4	58	30	45	4	58	30	116	0	0.04687237739562988	8800	6.468306303024292	130	98.52272727272727	
51.56963748911504	48.6	4.0	58.0	30.0	51.56963748911503	88	28	90	4	58	30	45	4	58	30	116	0	0.04687166213989258	8900	6.515177965164185	130	98.53932584269663	
51.56963748911504	49.5	4.0	58.0	30.0	51.56963748911503	89	28	90	4	58	30	45	4	58	30	116	0	0.06249523162841797	9000	6.5776731967926025	130	98.55555555555556	
51.56963748911504	48.6	4.0	58.0	30.0	51.56963748911503	90	28	90	4	58	30	45	4	58	30	116	0	0.03124856948852539	9100	6.608921766281128	130	98.57142857142857	
51.56963748911504	47.7	4.0	58.0	30.0	51.56963748911503	91	28	90	4	58	30	45	4	58	30	116	0	0.04687166213989258	9200	6.6557934284210205	130	98.58695652173913	
51.56963748911504	45.45	4.0	58.0	30.0	51.56963748911503	92	28	90	4	58	30	45	4	58	30	116	0	0.04687142372131348	9300	6.702664852142334	130	98.60215053763442	
51.56963748911504	45.0	4.0	58.0	30.0	51.56963748911503	93	28	45	4	58	30	45	4	58	30	116	0	0.04687237739562988	9400	6.749537229537964	130	98.61702127659575	
51.56963748911504	45.0	4.0	58.0	30.0	51.56963748911503	94	28	45	4	58	30	45	4	58	30	116	0	0.04687142372131348	9500	6.796408653259277	130	98.63157894736842	
51.56963748911504	45.0	4.0	58.0	30.0	51.56963748911503	95	28	45	4	58	30	45	4	58	30	116	0	0.04687166213989258	9600	6.84328031539917	130	98.64583333333333	
51.56963748911504	45.0	4.0	58.0	30.0	51.56963748911503	96	28	45	4	58	30	45	4	58	30	116	0	0.062496185302734375	9700	6.905776500701904	130	98.65979381443299	
51.56963748911504	45.0	4.0	58.0	30.0	51.56963748911503	97	28	45	4	58	30	45	4	58	30	116	0	0.046871185302734375	9800	6.952647686004639	130	98.6734693877551	
51.56963748911504	45.0	4.0	58.0	30.0	51.56963748911503	98	28	45	4	58	30	45	4	58	30	116	0	0.03124856948852539	9900	6.983896255493164	130	98.68686868686869	
51.56963748911504	45.0	4.0	58.0	30.0	51.56963748911503	99	28	45	4	58	30	45	4	58	30	116	0	0.04687166213989258	10000	7.030767917633057	130	98.7	
51.56963748911504	45.0	4.0	58.0	30.0	51.56963748911503	100	28	45	4	58	30	45	4	58	30	116	0	0.04687166213989258	10100	7.077639579772949	130	98.7128712871287	
51.56963748911504	45.0	4.0	58.0	30.0	51.56963748911503	101	28	45	4	58	30	45	4	58	30	116	0	0.06249547004699707	10200	7.140135049819946	130	98.72549019607843	
51.56963748911504	45.0	4.0	58.0	30.0	51.56963748911503	102	28	45	4	58	30	45	4	58	30	116	0	0.031247854232788086	10300	7.171382904052734	130	98.7378640776699	
51.56963748911504	45.0	4.0	58.0	30.0	51.56963748911503	103	28	45	4	58	30	45	4	58	30	116	0	0.06249570846557617	10400	7.2338786125183105	130	98.75	
51.56963748911504	45.0	4.0	58.0	30.0	51.56963748911503	104	28	45	4	58	30	45	4	58	30	116	0	0.04687166213989258	10500	7.280750274658203	130	98.76190476190476	
51.56963748911504	45.0	4.0	58.0	30.0	51.56963748911503	105	28	45	4	58	30	45	4	58	30	116	0	0.04687166213989258	10600	7.327621936798096	130	98.77358490566037	
51.56963748911504	45.0	4.0	58.0	30.0	51.56963748911503	106	28	45	4	58	30	45	4	58	30	116	0	0.04687213897705078	10700	7.3744940757751465	130	98.78504672897196	
51.56963748911504	45.0	4.0	58.0	30.0	51.56963748911503	107	28	45	4	58	30	45	4	58	30	116	0	0.04687213897705078	10800	7.421366214752197	130	98.79629629629629	
51.56963748911504	45.0	4.0	58.0	30.0	51.56963748911503	108	28	45	4	58	30	45	4	58	30	116	0	0.04687142372131348	10900	7.468237638473511	130	98.80733944954129	
51.56963748911504	45.0	4.0	58.0	30.0	51.56963748911503	109	28	45	4	58	30	45	4	58	30	116	0	0.04687190055847168	11000	7.515109539031982	130	98.81818181818181	
51.56963748911504	45.0	4.0	58.0	30.0	51.56963748911503	110	28	45	4	58	30	45	4	58	30	116	0	0.06249570846557617	11100	7.577605247497559	130	98.82882882882883	
51.56963748911504	45.0	4.0	58.0	30.0	51.56963748911503	111	28	45	4	58	30	45	4	58	30	116	0	0.046871185302734375	11200	7.624476432800293	130	98.83928571428571	
51.56963748911504	45.0	4.0	58.0	30.0	51.56963748911503	112	28	45	4	58	30	45	4	58	30	116	0	0.031248807907104492	11300	7.6557252407073975	130	98.84955752212389	
51.56963748911504	45.0	4.0	58.0	30.0	51.56963748911503	113	28	45	4	58	30	45	4	58	30	116	0	0.04687166213989258	11400	7.70259690284729	130	98.85964912280701	
51.56963748911504	45.0	4.0	58.0	30.0	51.56963748911503	114	28	45	4	58	30	45	4	58	30	116	0	0.06249547004699707	11500	7.765092372894287	130	98.8695652173913	
51.56963748911504	45.0	4.0	58.0	30.0	51.56963748911503	115	28	45	4	58	30	45	4	58	30	116	0	0.04687166213989258	11600	7.81196403503418	130	98.87931034482759	
51.56963748911504	45.0	4.0	58.0	30.0	51.56963748911503	116	28	45	4	58	30	45	4	58	30	116	0	0.04687166213989258	11700	7.858835697174072	130	98.88888888888889	
51.56963748911504	45.0	4.0	58.0	30.0	51.56963748911503	117	28	45	4	58	30	45	4	58	30	116	0	0.04687213897705078	11800	7.905707836151123	130	98.89830508474576	
51.56963748911504	45.0	4.0	58.0	30.0	51.56963748911503	118	28	45	4	58	30	45	4	58	30	116	0	0.04687190055847168	11900	7.952579736709595	130	98.90756302521008	
51.56963748911504	45.0	4.0	58.0	30.0	51.56963748911503	119	28	45	4	58	30	45	4	58	30	116	0	0.031247615814208984	12000	7.983827352523804	130	98.91666666666667	
51.56963748911504	45.0	4.0	58.0	30.0	51.56963748911503	120	28	45	4	58	30	45	4	58	30	116	0	0.04687190055847168	12100	8.030699253082275	130	98.92561983471074	
51.56963748911504	45.0	4.0	58.0	30.0	51.56963748911503	121	28	45	4	58	30	45	4	58	30	116	0	0.06249594688415527	12200	8.09319519996643	130	98.93442622950819	
51.56963748911504	45.0	4.0	58.0	30.0	51.56963748911503	122	28	45	4	58	30	45	4	58	30	116	0	0.031247615814208984	12300	8.12444281578064	130	98.9430894308943	
51.56963748911504	45.0	4.0	58.0	30.0	51.56963748911503	123	28	45	4	58	30	45	4	58	30	116	0	0.04687142372131348	12400	8.171314239501953	130	98.95161290322581	
51.56963748911504	45.0	4.0	58.0	30.0	51.56963748911503	124	28	45	4	58	30	45	4	58	30	116	0	0.03124833106994629	12500	8.2025625705719	130	98.96	
51.56963748911504	45.0	4.0	58.0	30.0	51.56963748911503	125	28	45	4	58	30	45	4	58	30	116	0	0.04687190055847168	12600	8.249434471130371	130	98.96825396825398	
51.56963748911504	45.0	4.0	58.0	30.0	51.56963748911503	126	28	45	4	58	30	45	4	58	30	116	0	0.04687166213989258	12700	8.296306133270264	130	98.97637795275591	
51.56963748911504	45.0	4.0	58.0	30.0	51.56963748911503	127	28	45	4	58	30	45	4	58	30	116	0	0.04687166213989258	12800	8.343177795410156	130	98.984375	
51.56963748911504	45.0	4.0	58.0	30.0	51.56963748911503	128	28	45	4	58	30	45	4	58	30	116	0	0.04687190055847168	12900	8.390049695968628	130	98.9922480620155	
51.56963748911504	45.0	4.0	58.0	30.0	51.56963748911503	129	28	45	4	58	30	45	4	58	30	116	0	0.031247615814208984	13000	8.421297311782837	130	99.0	
51.56963748911504	45.0	4.0	58.0	30.0	51.56963748911503	130	28	45	4	58	30	45	4	58	30	116	0	0.04687190055847168	13100	8.468169212341309	130	99.00763358778626	
51.56963748911504	45.0	4.0	58.0	30.0	51.56963748911503	131	28	45	4	58	30	45	4	58	30	116	0	0.06249594688415527	13200	8.530665159225464	130	99.01515151515152	
51.56963748911504	45.0	4.0	58.0	30.0	51.56963748911503	132	28	45	4	58	30	45	4	58	30	116	0	0.04687190055847168	13300	8.577537059783936	130	99.02255639097744	
51.56963748911504	45.0	4.0	58.0	30.0	51.56963748911503	133	28	45	4	58	30	45	4	58	30	116	0	0.04687142372131348	13400	8.624408483505249	130	99.02985074626865	
51.56963748911504	45.0	4.0	58.0	30.0	51.56963748911503	134	28	45	4	58	30	45	4	58	30	116	0	0.04687190055847168	13500	8.67128038406372	130	99.03703703703704	
51.56963748911504	45.0	4.0	58.0	30.0	51.56963748911503	135	28	45	4	58	30	45	4	58	30	116	0	0.04687142372131348	13600	8.718151807785034	130	99.04411764705883	
51.56963748911504	45.0	4.0	58.0	30.0	51.56963748911503	136	28	45	4	58	30	45	4	58	30	116	0	0.04687237739562988	13700	8.765024185180664	130	99.05109489051095	
51.56963748911504	45.0	4.0	58.0	30.0	51.56963748911503	137	28	45	4	58	30	45	4	58	30	116	0	0.06249547004699707	13800	8.827519655227661	130	99.05797101449275	
51.56963748911504	45.0	4.0	58.0	30.0	51.56963748911503	138	28	45	4	58	30	45	4	58	30	116	0	0.031247615814208984	13900	8.85876727104187	130	99.06474820143885	
51.56963748911504	45.0	4.0	58.0	30.0	51.56963748911503	139	28	45	4	58	30	45	4	58	30	116	0	0.04687166213989258	14000	8.905638933181763	130	99.07142857142857	
51.56963748911504	45.0	4.0	58.0	30.0	51.56963748911503	140	28	45	4	58	30	45	4	58	30	116	0	0.062496185302734375	14100	8.968135118484497	130	99.07801418439716	
51.56963748911504	45.0	4.0	58.0	30.0	51.56963748911503	141	28	45	4	58	30	45	4	58	30	116	0	0.04687166213989258	14200	9.01500678062439	130	99.08450704225352	
51.56963748911504	45.0	4.0	58.0	30.0	51.56963748911503	142	28	45	4	58	30	45	4	58	30	116	0	0.04687213897705078	14300	9.06187891960144	130	99.0909090909091	
51.56963748911504	45.0	4.0	58.0	30.0	51.56963748911503	143	28	45	4	58	30	45	4	58	30	116	0	0.06249570846557617	14400	9.124374628067017	130	99.09722222222223	
51.56963748911504	45.0	4.0	58.0	30.0	51.56963748911503	144	28	45	4	58	30	45	4	58	30	116	0	0.04687166213989258	14500	9.17124629020691	130	99.10344827586206	
51.56963748911504	45.0	4.0	58.0	30.0	51.56963748911503	145	28	45	4	58	30	45	4	58	30	116	0	0.04687142372131348	14600	9.218117713928223	130	99.10958904109589	
51.56963748911504	45.0	4.0	58.0	30.0	51.56963748911503	146	28	45	4	58	30	45	4	58	30	116	0	0.04687213897705078	14700	9.264989852905273	130	99.1156462585034	
51.56963748911504	45.0	4.0	58.0	30.0	51.56963748911503	147	28	45	4	58	30	45	4	58	30	116	0	0.046872854232788086	14800	9.311862707138062	130	99.12162162162163	
51.56963748911504	45.0	4.0	58.0	30.0	51.56963748911503	148	28	45	4	58	30	45	4	58	30	116	0	0.04687070846557617	14900	9.358733415603638	130	99.12751677852349	
51.56963748911504	45.0	4.0	58.0	30.0	51.56963748911503	149	28	45	4	58	30	45	4	58	30	116	0	0.046871185302734375	15000	9.405604600906372	130	99.13333333333334	
51.56963748911504	45.0	4.0	58.0	30.0	51.56963748911503	150	28	45	4	58	30	45	4	58	30	116	0	0.06249594688415527	15100	9.468100547790527	130	99.13907284768212	
51.56963748911504	45.0	4.0	58.0	30.0	51.56963748911503	151	28	45	4	58	30	45	4	58	30	116	0	0.031248092651367188	15200	9.499348640441895	130	99.14473684210526	
51.56963748911504	45.0	4.0	58.0	30.0	51.56963748911503	152	28	45	4	58	30	45	4	58	30	116	0	0.04687190055847168	15300	9.546220541000366	130	99.15032679738562	
51.56963748911504	45.0	4.0	58.0	30.0	51.56963748911503	153	28	45	4	58	30	45	4	58	30	116	0	0.04687213897705078	15400	9.593092679977417	130	99.15584415584415	
51.56963748911504	45.0	4.0	58.0	30.0	51.56963748911503	154	28	45	4	58	30	45	4	58	30	116	0	0.04687142372131348	15500	9.63996410369873	130	99.16129032258064	
51.56963748911504	45.0	4.0	58.0	30.0	51.56963748911503	155	28	45	4	58	30	45	4	58	30	116	0	0.04687166213989258	15600	9.686835765838623	130	99.16666666666667	
51.56963748911504	45.0	4.0	58.0	30.0	51.56963748911503	156	28	45	4	58	30	45	4	58	30	116	0	0.06249570846557617	15700	9.7493314743042	130	99.171974522293	
51.56963748911504	45.0	4.0	58.0	30.0	51.56963748911503	157	28	45	4	58	30	45	4	58	30	116	0	0.031247854232788086	15800	9.780579328536987	130	99.17721518987342	
51.56963748911504	45.0	4.0	58.0	30.0	51.56963748911503	158	28	45	4	58	30	45	4	58	30	116	0	0.06249547004699707	15900	9.843074798583984	130	99.18238993710692	
51.56963748911504	45.0	4.0	58.0	30.0	51.56963748911503	159	28	45	4	58	30	45	4	58	30	116	0	0.031248092651367188	16000	9.874322891235352	130	99.1875	
51.56963748911504	45.0	4.0	58.0	30.0	51.56963748911503	160	28	45	4	58	30	45	4	58	30	116	0	0.06249594688415527	16100	9.936818838119507	130	99.19254658385093	
51.56963748911504	45.0	4.0	58.0	30.0	51.56963748911503	161	28	45	4	58	30	45	4	58	30	116	0	0.031247615814208984	16200	9.968066453933716	130	99.19753086419753	
51.56963748911504	45.0	4.0	58.0	30.0	51.56963748911503	162	28	45	4	58	30	45	4	58	30	116	0	0.06249642372131348	16300	10.03056287765503	130	99.20245398773007	
51.56963748911504	45.0	4.0	58.0	30.0	51.56963748911503	163	28	45	4	58	30	45	4	58	30	116	0	0.04687213897705078	16400	10.07743501663208	130	99.20731707317073	
51.56963748911504	45.0	4.0	58.0	30.0	51.56963748911503	164	28	45	4	58	30	45	4	58	30	116	0	0.04687213897705078	16500	10.12430715560913	130	99.21212121212122	
51.56963748911504	45.0	4.0	58.0	30.0	51.56963748911503	165	28	45	4	58	30	45	4	58	30	116	0	0.062494754791259766	16600	10.18680191040039	130	99.21686746987952	
51.56963748911504	45.0	4.0	58.0	30.0	51.56963748911503	166	28	45	4	58	30	45	4	58	30	116	0	0.06249594688415527	16700	10.249297857284546	130	99.22155688622755	
51.56963748911504	45.0	4.0	58.0	30.0	51.56963748911503	167	28	45	4	58	30	45	4	58	30	116	0	0.04687190055847168	16800	10.296169757843018	130	99.22619047619048	
51.56963748911504	45.0	4.0	58.0	30.0	51.56963748911503	168	28	45	4	58	30	45	4	58	30	116	0	0.04687190055847168	16900	10.34304165840149	130	99.23076923076923	
51.56963748911504	45.0	4.0	58.0	30.0	51.56963748911503	169	28	45	4	58	30	45	4	58	30	116	0	0.046872854232788086	17000	10.389914512634277	130	99.23529411764706	
51.56963748911504	45.0	4.0	58.0	30.0	51.56963748911503	170	28	45	4	58	30	45	4	58	30	116	0	0.04687094688415527	17100	10.436785459518433	130	99.23976608187135	
51.56963748911504	45.0	4.0	58.0	30.0	51.56963748911503	171	28	45	4	58	30	45	4	58	30	116	0	0.03124713897705078	17200	10.468032598495483	130	99.24418604651163	
51.56963748911504	45.0	4.0	58.0	30.0	51.56963748911503	172	28	45	4	58	30	45	4	58	30	116	0	0.0468752384185791	17300	10.514907836914062	130	99.2485549132948	
51.56963748911504	45.0	4.0	58.0	30.0	51.56963748911503	173	28	45	4	58	30	45	4	58	30	116	0	0.046869754791259766	17400	10.561777591705322	130	99.25287356321839	
51.56963748911504	45.0	4.0	58.0	30.0	51.56963748911503	174	28	45	4	58	30	45	4	58	30	116	0	0.04687356948852539	17500	10.608651161193848	130	99.25714285714285	
51.56963748911504	45.0	4.0	58.0	30.0	51.56963748911503	175	28	45	4	58	30	45	4	58	30	116	0	0.04687237739562988	17600	10.655523538589478	130	99.26136363636364	
51.56963748911504	45.0	4.0	58.0	30.0	51.56963748911503	176	28	45	4	58	30	45	4	58	30	116	0	0.04687023162841797	17700	10.702393770217896	130	99.26553672316385	
51.56963748911504	45.0	4.0	58.0	30.0	51.56963748911503	177	28	45	4	58	30	45	4	58	30	116	0	0.04686999320983887	17800	10.749263763427734	130	99.26966292134831	
51.56963748911504	45.0	4.0	58.0	30.0	51.56963748911503	178	28	45	4	58	30	45	4	58	30	116	0	0.06249570846557617	17900	10.81175947189331	130	99.27374301675978	
51.56963748911504	45.0	4.0	58.0	30.0	51.56963748911503	179	28	45	4	58	30	45	4	58	30	116	0	0.04687190055847168	18000	10.858631372451782	130	99.27777777777777	
51.56963748911504	45.0	4.0	58.0	30.0	51.56963748911503	180	28	45	4	58	30	45	4	58	30	116	0	0.04687166213989258	18100	10.905503034591675	130	99.2817679558011	
51.56963748911504	45.0	4.0	58.0	30.0	51.56963748911503	181	28	45	4	58	30	45	4	58	30	116	0	0.04687309265136719	18200	10.952376127243042	130	99.28571428571429	
51.56963748911504	45.0	4.0	58.0	30.0	51.56963748911503	182	28	45	4	58	30	45	4	58	30	116	0	0.04687142372131348	18300	10.999247550964355	130	99.2896174863388	
51.56963748911504	45.0	4.0	58.0	30.0	51.56963748911503	183	28	45	4	58	30	45	4	58	30	116	0	0.03124833106994629	18400	11.030495882034302	130	99.29347826086956	
51.56963748911504	45.0	4.0	58.0	30.0	51.56963748911503	184	28	45	4	58	30	45	4	58	30	116	0	0.06249499320983887	18500	11.09299087524414	130	99.29729729729729	
51.56963748911504	45.0	4.0	58.0	30.0	51.56963748911503	185	28	45	4	58	30	45	4	58	30	116	0	0.04687237739562988	18600	11.13986325263977	130	99.3010752688172	
51.56963748911504	45.0	4.0	58.0	30.0	51.56963748911503	186	28	45	4	58	30	45	4	58	30	116	0	0.04687142372131348	18700	11.186734676361084	130	99.3048128342246	
51.56963748911504	45.0	4.0	58.0	30.0	51.56963748911503	187	28	45	4	58	30	45	4	58	30	116	0	0.031248092651367188	18800	11.217982769012451	130	99.30851063829788	
51.56963748911504	45.0	4.0	58.0	30.0	51.56963748911503	188	28	45	4	58	30	45	4	58	30	116	0	0.046872615814208984	18900	11.26485538482666	130	99.31216931216932	
51.56963748911504	45.0	4.0	58.0	30.0	51.56963748911503	189	28	45	4	58	30	45	4	58	30	116	0	0.04686999320983887	19000	11.311725378036499	130	99.3157894736842	
51.56963748911504	45.0	4.0	58.0	30.0	51.56963748911503	190	28	45	4	58	30	45	4	58	30	116	0	0.046871185302734375	19100	11.358596563339233	130	99.31937172774869	
51.56963748911504	45.0	4.0	58.0	30.0	51.56963748911503	191	28	45	4	58	30	45	4	58	30	116	0	0.03124833106994629	19200	11.38984489440918	130	99.32291666666667	
51.56963748911504	45.0	4.0	58.0	30.0	51.56963748911503	192	28	45	4	58	30	45	4	58	30	116	0	0.04687166213989258	19300	11.436716556549072	130	99.32642487046633	
51.56963748911504	45.0	4.0	58.0	30.0	51.56963748911503	193	28	45	4	58	30	45	4	58	30	116	0	0.04687237739562988	19400	11.483588933944702	130	99.3298969072165	
51.56963748911504	45.0	4.0	58.0	30.0	51.56963748911503	194	28	45	4	58	30	45	4	58	30	116	0	0.04687237739562988	19500	11.530461311340332	130	99.33333333333333	
51.56963748911504	45.0	4.0	58.0	30.0	51.56963748911503	195	28	45	4	58	30	45	4	58	30	116	0	0.046872854232788086	19600	11.57733416557312	130	99.33673469387755	
51.56963748911504	45.0	4.0	58.0	30.0	51.56963748911503	196	28	45	4	58	30	45	4	58	30	116	0	0.031245946884155273	19700	11.608580112457275	130	99.34010152284264	
51.56963748911504	45.0	4.0	58.0	30.0	51.56963748911503	197	28	45	4	58	30	45	4	58	30	116	0	0.046872615814208984	19800	11.655452728271484	130	99.34343434343434	
51.56963748911504	45.0	4.0	58.0	30.0	51.56963748911503	198	28	45	4	58	30	45	4	58	30	116	0	0.04687213897705078	19900	11.702324867248535	130	99.34673366834171	
51.56963748911504	45.0	4.0	58.0	30.0	51.56963748911503	199	28	45	4	58	30	45	4	58	30	116	0	0.031246662139892578	20000	11.733571529388428	130	99.35	
51.56963748911504	45.0	4.0	58.0	30.0	51.56963748911503	200	28	45	4	58	30	45	4	58	30	116	0	0.04687142372131348	20100	11.780442953109741	130	99.35323383084577	
51.56963748911504	45.0	4.0	58.0	30.0	51.56963748911503	201	28	45	4	58	30	45	4	58	30	116	0	0.04687309265136719	20200	11.827316045761108	130	99.35643564356435	
51.56963748911504	45.0	4.0	58.0	30.0	51.56963748911503	202	28	45	4	58	30	45	4	58	30	116	0	0.06249570846557617	20300	11.889811754226685	130	99.35960591133005	
51.56963748911504	45.0	4.0	58.0	30.0	51.56963748911503	203	28	45	4	58	30	45	4	58	30	116	0	0.04687142372131348	20400	11.936683177947998	130	99.36274509803921	
51.56963748911504	45.0	4.0	58.0	30.0	51.56963748911503	204	28	45	4	58	30	45	4	58	30	116	0	0.031246662139892578	20500	11.96792984008789	130	99.36585365853658	
51.56963748911504	45.0	4.0	58.0	30.0	51.56963748911503	205	28	45	4	58	30	45	4	58	30	116	0	0.04687237739562988	20600	12.01480221748352	130	99.36893203883496	
51.56963748911504	45.0	4.0	58.0	30.0	51.56963748911503	206	28	45	4	58	30	45	4	58	30	116	0	0.031248092651367188	20700	12.046050310134888	130	99.3719806763285	
51.56963748911504	45.0	4.0	58.0	30.0	51.56963748911503	207	28	45	4	58	30	45	4	58	30	116	0	0.04687190055847168	20800	12.09292221069336	130	99.375	
51.56963748911504	45.0	4.0	58.0	30.0	51.56963748911503	208	28	45	4	58	30	45	4	58	30	116	0	0.04687237739562988	20900	12.13979458808899	130	99.377990430622	
51.56963748911504	45.0	4.0	58.0	30.0	51.56963748911503	209	28	45	4	58	30	45	4	58	30	116	0	0.04687094688415527	21000	12.186665534973145	130	99.38095238095238	
51.56963748911504	45.0	4.0	58.0	30.0	51.56963748911503	210	28	45	4	58	30	45	4	58	30	116	0	0.031247615814208984	21100	12.217913150787354	130	99.38388625592417	
51.56963748911504	45.0	4.0	58.0	30.0	51.56963748911503	211	28	45	4	58	30	45	4	58	30	116	0	0.06249666213989258	21200	12.280409812927246	130	99.38679245283019	
51.56963748911504	45.0	4.0	58.0	30.0	51.56963748911503	212	28	45	4	58	30	45	4	58	30	116	0	0.03124690055847168	21300	12.311656713485718	130	99.38967136150235	
51.56963748911504	45.0	4.0	58.0	30.0	51.56963748911503	213	28	45	4	58	30	45	4	58	30	116	0	0.06249642372131348	21400	12.374153137207031	130	99.39252336448598	
51.56963748911504	45.0	4.0	58.0	30.0	51.56963748911503	214	28	45	4	58	30	45	4	58	30	116	0	0.031247854232788086	21500	12.40540099143982	130	99.3953488372093	
51.56963748911504	45.0	4.0	58.0	30.0	51.56963748911503	215	28	45	4	58	30	45	4	58	30	116	0	0.031247377395629883	21600	12.43664836883545	130	99.39814814814815	
51.56963748911504	45.0	4.0	58.0	30.0	51.56963748911503	216	28	45	4	58	30	45	4	58	30	116	0	0.04687237739562988	21700	12.483520746231079	130	99.40092165898618	
51.56963748911504	45.0	4.0	58.0	30.0	51.56963748911503	217	28	45	4	58	30	45	4	58	30	116	0	0.031247615814208984	21800	12.514768362045288	130	99.40366972477064	
51.56963748911504	45.0	4.0	58.0	30.0	51.56963748911503	218	28	45	4	58	30	45	4	58	30	116	0	0.07811903953552246	21900	12.59288740158081	130	99.40639269406392	
51.56963748911504	45.0	4.0	58.0	30.0	51.56963748911503	219	28	45	4	58	30	45	4	58	30	116	0	0.031249046325683594	22000	12.624136447906494	130	99.4090909090909	
51.56963748911504	45.0	4.0	58.0	30.0	51.56963748911503	220	28	45	4	58	30	45	4	58	30	116	0	0.031247377395629883	22100	12.655383825302124	130	99.41176470588235	
51.56963748911504	45.0	4.0	58.0	30.0	51.56963748911503	221	28	45	4	58	30	45	4	58	30	116	0	0.06249642372131348	22200	12.717880249023438	130	99.41441441441441	
51.56963748911504	45.0	4.0	58.0	30.0	51.56963748911503	222	28	45	4	58	30	45	4	58	30	116	0	0.04687213897705078	22300	12.764752388000488	130	99.4170403587444	
51.56963748911504	45.0	4.0	58.0	30.0	51.56963748911503	223	28	45	4	58	30	45	4	58	30	116	0	0.04687142372131348	22400	12.811623811721802	130	99.41964285714286	
51.56963748911504	45.0	4.0	58.0	30.0	51.56963748911503	224	28	45	4	58	30	45	4	58	30	116	0	0.031247377395629883	22500	12.842871189117432	130	99.42222222222222	
51.56963748911504	45.0	4.0	58.0	30.0	51.56963748911503	225	28	45	4	58	30	45	4	58	30	116	0	0.04687380790710449	22600	12.889744997024536	130	99.42477876106194	
51.56963748911504	45.0	4.0	58.0	30.0	51.56963748911503	226	28	45	4	58	30	45	4	58	30	116	0	0.046869516372680664	22700	12.936614513397217	130	99.42731277533039	
51.56963748911504	45.0	4.0	58.0	30.0	51.56963748911503	227	28	45	4	58	30	45	4	58	30	116	0	0.046872615814208984	22800	12.983487129211426	130	99.4298245614035	
51.56963748911504	45.0	4.0	58.0	30.0	51.56963748911503	228	28	45	4	58	30	45	4	58	30	116	0	0.06249523162841797	22900	13.045982360839844	130	99.43231441048034	
51.56963748911504	45.0	4.0	58.0	30.0	51.56963748911503	229	28	45	4	58	30	45	4	58	30	116	0	0.04687237739562988	23000	13.092854738235474	130	99.43478260869566	
51.56963748911504	45.0	4.0	58.0	30.0	51.56963748911503	230	28	45	4	58	30	45	4	58	30	116	0	0.04687190055847168	23100	13.139726638793945	130	99.43722943722943	
51.56963748911504	45.0	4.0	58.0	30.0	51.56963748911503	231	28	45	4	58	30	45	4	58	30	116	0	0.04687142372131348	23200	13.186598062515259	130	99.4396551724138	
51.56963748911504	45.0	4.0	58.0	30.0	51.56963748911503	232	28	45	4	58	30	45	4	58	30	116	0	0.04687094688415527	23300	13.233469009399414	130	99.44206008583691	
51.56963748911504	45.0	4.0	58.0	30.0	51.56963748911503	233	28	45	4	58	30	45	4	58	30	116	0	0.06249713897705078	23400	13.295966148376465	130	99.44444444444444	
51.56963748911504	45.0	4.0	58.0	30.0	51.56963748911503	234	28	45	4	58	30	45	4	58	30	116	0	0.031246662139892578	23500	13.327212810516357	130	99.44680851063829	
51.56963748911504	45.0	4.0	58.0	30.0	51.56963748911503	235	28	45	4	58	30	45	4	58	30	116	0	0.046872615814208984	23600	13.374085426330566	130	99.44915254237289	
51.56963748911504	45.0	4.0	58.0	30.0	51.56963748911503	236	28	45	4	58	30	45	4	58	30	116	0	0.04687094688415527	23700	13.420956373214722	130	99.45147679324894	
51.56963748911504	45.0	4.0	58.0	30.0	51.56963748911503	237	28	45	4	58	30	45	4	58	30	116	0	0.04687142372131348	23800	13.467827796936035	130	99.45378151260505	
51.56963748911504	45.0	4.0	58.0	30.0	51.56963748911503	238	28	45	4	58	30	45	4	58	30	116	0	0.04687166213989258	23900	13.514699459075928	130	99.4560669456067	
51.56963748911504	45.0	4.0	58.0	30.0	51.56963748911503	239	28	45	4	58	30	45	4	58	30	116	0	0.04687190055847168	24000	13.5615713596344	130	99.45833333333333	
51.56963748911504	45.0	4.0	58.0	30.0	51.56963748911503	240	28	45	4	58	30	45	4	58	30	116	0	0.03125119209289551	24100	13.592822551727295	130	99.46058091286307	
51.56963748911504	45.0	4.0	58.0	30.0	51.56963748911503	241	28	45	4	58	30	45	4	58	30	116	0	0.04686784744262695	24200	13.639690399169922	130	99.46280991735537	
51.56963748911504	45.0	4.0	58.0	30.0	51.56963748911503	242	28	45	4	58	30	45	4	58	30	116	0	0.04687166213989258	24300	13.686562061309814	130	99.46502057613169	
51.56963748911504	45.0	4.0	58.0	30.0	51.56963748911503	243	28	45	4	58	30	45	4	58	30	116	0	0.031247854232788086	24400	13.717809915542603	130	99.4672131147541	
51.56963748911504	45.0	4.0	58.0	30.0	51.56963748911503	244	28	45	4	58	30	45	4	58	30	116	0	0.04687166213989258	24500	13.764681577682495	130	99.46938775510205	
51.56963748911504	45.0	4.0	58.0	30.0	51.56963748911503	245	28	45	4	58	30	45	4	58	30	116	0	0.046874046325683594	24600	13.811555624008179	130	99.47154471544715	
51.56963748911504	45.0	4.0	58.0	30.0	51.56963748911503	246	28	45	4	58	30	45	4	58	30	116	0	0.046869754791259766	24700	13.858425378799438	130	99.47368421052632	
51.56963748911504	45.0	4.0	58.0	30.0	51.56963748911503	247	28	45	4	58	30	45	4	58	30	116	0	0.06249642372131348	24800	13.920921802520752	130	99.4758064516129	
51.56963748911504	45.0	4.0	58.0	30.0	51.56963748911503	248	28	45	4	58	30	45	4	58	30	116	0	0.031247854232788086	24900	13.95216965675354	130	99.47791164658635	
51.56963748911504	45.0	4.0	58.0	30.0	51.56963748911503	249	28	45	4	58	30	45	4	58	30	116	0	0.046871185302734375	25000	13.999040842056274	130	99.48	
51.56963748911504	45.0	4.0	58.0	30.0	51.56963748911503	250	28	45	4	58	30	45	4	58	30	116	0	0.046872854232788086	25100	14.045913696289062	130	99.4820717131474	
51.56963748911504	45.0	4.0	58.0	30.0	51.56963748911503	251	28	45	4	58	30	45	4	58	30	116	0	0.04687166213989258	25200	14.092785358428955	130	99.48412698412699	
51.56963748911504	45.0	4.0	58.0	30.0	51.56963748911503	252	28	45	4	58	30	45	4	58	30	116	0	0.046871185302734375	25300	14.13965654373169	130	99.48616600790514	
51.56963748911504	45.0	4.0	58.0	30.0	51.56963748911503	253	28	45	4	58	30	45	4	58	30	116	0	0.06249594688415527	25400	14.202152490615845	130	99.48818897637796	
51.56963748911504	45.0	4.0	58.0	30.0	51.56963748911503	254	28	45	4	58	30	45	4	58	30	116	0	0.031247615814208984	25500	14.233400106430054	130	99.49019607843137	
51.56963748911504	45.0	4.0	58.0	30.0	51.56963748911503	255	28	45	4	58	30	45	4	58	30	116	0	0.062499046325683594	25600	14.295899152755737	130	99.4921875	
51.56963748911504	45.0	4.0	58.0	30.0	51.56963748911503	256	28	45	4	58	30	45	4	58	30	116	0	0.04687166213989258	25700	14.34277081489563	130	99.49416342412451	
51.56963748911504	45.0	4.0	58.0	30.0	51.56963748911503	257	28	45	4	58	30	45	4	58	30	116	0	0.04687166213989258	25800	14.389642477035522	130	99.49612403100775	
51.56963748911504	45.0	4.0	58.0	30.0	51.56963748911503	258	28	45	4	58	30	45	4	58	30	116	0	0.031248807907104492	25900	14.420891284942627	130	99.4980694980695	
51.56963748911504	45.0	4.0	58.0	30.0	51.56963748911503	259	28	45	4	58	30	45	4	58	30	116	0	0.04686999320983887	26000	14.467761278152466	130	99.5	
51.56963748911504	45.0	4.0	58.0	30.0	51.56963748911503	260	28	45	4	58	30	45	4	58	30	116	0	0.046872854232788086	26100	14.514634132385254	130	99.50191570881226	
51.56963748911504	45.0	4.0	58.0	30.0	51.56963748911503	261	28	45	4	58	30	45	4	58	30	116	0	0.04687047004699707	26200	14.561504602432251	130	99.50381679389314	
51.56963748911504	45.0	4.0	58.0	30.0	51.56963748911503	262	28	45	4	58	30	45	4	58	30	116	0	0.062494516372680664	26300	14.623999118804932	130	99.50570342205323	
51.56963748911504	45.0	4.0	58.0	30.0	51.56963748911503	263	28	45	4	58	30	45	4	58	30	116	0	0.046872615814208984	26400	14.67087173461914	130	99.50757575757575	
51.56963748911504	45.0	4.0	58.0	30.0	51.56963748911503	264	28	45	4	58	30	45	4	58	30	116	0	0.031249046325683594	26500	14.702120780944824	130	99.50943396226415	
51.56963748911504	45.0	4.0	58.0	30.0	51.56963748911503	265	28	45	4	58	30	45	4	58	30	116	0	0.031247615814208984	26600	14.733368396759033	130	99.51127819548873	
51.56963748911504	45.0	4.0	58.0	30.0	51.56963748911503	266	28	45	4	58	30	45	4	58	30	116	0	0.031245946884155273	26700	14.764614343643188	130	99.51310861423221	
51.56963748911504	45.0	4.0	58.0	30.0	51.56963748911503	267	28	45	4	58	30	45	4	58	30	116	0	0.04687166213989258	26800	14.811486005783081	130	99.51492537313433	
51.56963748911504	45.0	4.0	58.0	30.0	51.56963748911503	268	28	45	4	58	30	45	4	58	30	116	0	0.06249594688415527	26900	14.873981952667236	130	99.51672862453532	
51.56963748911504	45.0	4.0	58.0	30.0	51.56963748911503	269	28	45	4	58	30	45	4	58	30	116	0	0.04687213897705078	27000	14.920854091644287	130	99.51851851851852	
51.56963748911504	45.0	4.0	58.0	30.0	51.56963748911503	270	28	45	4	58	30	45	4	58	30	116	0	0.04687190055847168	27100	14.967725992202759	130	99.52029520295203	
51.56963748911504	45.0	4.0	58.0	30.0	51.56963748911503	271	28	45	4	58	30	45	4	58	30	116	0	0.04687166213989258	27200	15.014597654342651	130	99.5220588235294	
51.56963748911504	45.0	4.0	58.0	30.0	51.56963748911503	272	28	45	4	58	30	45	4	58	30	116	0	0.04687166213989258	27300	15.061469316482544	130	99.52380952380952	
51.56963748911504	45.0	4.0	58.0	30.0	51.56963748911503	273	28	45	4	58	30	45	4	58	30	116	0	0.031247854232788086	27400	15.092717170715332	130	99.52554744525547	
51.56963748911504	45.0	4.0	58.0	30.0	51.56963748911503	274	28	45	4	58	30	45	4	58	30	116	0	0.06249547004699707	27500	15.155212640762329	130	99.52727272727273	
51.56963748911504	45.0	4.0	58.0	30.0	51.56963748911503	275	28	45	4	58	30	45	4	58	30	116	0	0.04687166213989258	27600	15.202084302902222	130	99.52898550724638	
51.56963748911504	45.0	4.0	58.0	30.0	51.56963748911503	276	28	45	4	58	30	45	4	58	30	116	0	0.04687213897705078	27700	15.248956441879272	130	99.53068592057761	
51.56963748911504	45.0	4.0	58.0	30.0	51.56963748911503	277	28	45	4	58	30	45	4	58	30	116	0	0.062494754791259766	27800	15.311451196670532	130	99.53237410071942	
51.56963748911504	45.0	4.0	58.0	30.0	51.56963748911503	278	28	45	4	58	30	45	4	58	30	116	0	0.04687857627868652	27900	15.358329772949219	130	99.53405017921148	
51.56963748911504	45.0	4.0	58.0	30.0	51.56963748911503	279	28	45	4	58	30	45	4	58	30	116	0	0.046865224838256836	28000	15.405194997787476	130	99.53571428571429	
51.56963748911504	45.0	4.0	58.0	30.0	51.56963748911503	280	28	45	4	58	30	45	4	58	30	116	0	0.046872615814208984	28100	15.452067613601685	130	99.5373665480427	
51.56963748911504	45.0	4.0	58.0	30.0	51.56963748911503	281	28	45	4	58	30	45	4	58	30	116	0	0.031248092651367188	28200	15.483315706253052	130	99.53900709219859	
51.56963748911504	45.0	4.0	58.0	30.0	51.56963748911503	282	28	45	4	58	30	45	4	58	30	116	0	0.06249713897705078	28300	15.545812845230103	130	99.54063604240282	
51.56963748911504	45.0	4.0	58.0	30.0	51.56963748911503	283	28	45	4	58	30	45	4	58	30	116	0	0.06249403953552246	28400	15.608306884765625	130	99.54225352112677	
51.56963748911504	45.0	4.0	58.0	30.0	51.56963748911503	284	28	45	4	58	30	45	4	58	30	116	0	0.04687213897705078	28500	15.655179023742676	130	99.54385964912281	
51.56963748911504	45.0	4.0	58.0	30.0	51.56963748911503	285	28	45	4	58	30	45	4	58	30	116	0	0.06249427795410156	28600	15.717673301696777	130	99.54545454545455	
51.56963748911504	45.0	4.0	58.0	30.0	51.56963748911503	286	28	45	4	58	30	45	4	58	30	116	0	0.031248807907104492	28700	15.748922109603882	130	99.54703832752614	
51.56963748911504	45.0	4.0	58.0	30.0	51.56963748911503	287	28	45	4	58	30	45	4	58	30	116	0	0.04687166213989258	28800	15.795793771743774	130	99.54861111111111	
51.56963748911504	45.0	4.0	58.0	30.0	51.56963748911503	288	28	45	4	58	30	45	4	58	30	116	0	0.046871185302734375	28900	15.842664957046509	130	99.55017301038062	
51.56963748911504	45.0	4.0	58.0	30.0	51.56963748911503	289	28	45	4	58	30	45	4	58	30	116	0	0.03124833106994629	29000	15.873913288116455	130	99.55172413793103	
51.56963748911504	45.0	4.0	58.0	30.0	51.56963748911503	290	28	45	4	58	30	45	4	58	30	116	0	0.06249547004699707	29100	15.936408758163452	130	99.55326460481099	
51.56963748911504	45.0	4.0	58.0	30.0	51.56963748911503	291	28	45	4	58	30	45	4	58	30	116	0	0.046872854232788086	29200	15.98328161239624	130	99.55479452054794	
51.56963748911504	45.0	4.0	58.0	30.0	51.56963748911503	292	28	45	4	58	30	45	4	58	30	116	0	0.031247854232788086	29300	16.01452946662903	130	99.55631399317406	
51.56963748911504	45.0	4.0	58.0	30.0	51.56963748911503	293	28	45	4	58	30	45	4	58	30	116	0	0.062494516372680664	29400	16.07702398300171	130	99.5578231292517	
51.56963748911504	45.0	4.0	58.0	30.0	51.56963748911503	294	28	45	4	58	30	45	4	58	30	116	0	0.04687190055847168	29500	16.12389588356018	130	99.55932203389831	
51.56963748911504	45.0	4.0	58.0	30.0	51.56963748911503	295	28	45	4	58	30	45	4	58	30	116	0	0.04687237739562988	29600	16.17076826095581	130	99.5608108108108	
51.56963748911504	45.0	4.0	58.0	30.0	51.56963748911503	296	28	45	4	58	30	45	4	58	30	116	0	0.03124833106994629	29700	16.202016592025757	130	99.56228956228956	
51.56963748911504	45.0	4.0	58.0	30.0	51.56963748911503	297	28	45	4	58	30	45	4	58	30	116	0	0.04687190055847168	29800	16.24888849258423	130	99.56375838926175	
51.56963748911504	45.0	4.0	58.0	30.0	51.56963748911503	298	28	45	4	58	30	45	4	58	30	116	0	0.06249523162841797	29900	16.311383724212646	130	99.56521739130434	
51.56963748911504	45.0	4.0	58.0	30.0	51.56963748911503	299	28	45	4	58	30	45	4	58	30	116	0	0.04687190055847168	30000	16.358255624771118	130	99.56666666666666	
51.56963748911504	45.0	4.0	58.0	30.0	51.56963748911503	300	28	45	4	58	30	45	4	58	30	116	0	0.04687213897705078	30100	16.40512776374817	130	99.56810631229236	
51.56963748911504	45.0	4.0	58.0	30.0	51.56963748911503	301	28	45	4	58	30	45	4	58	30	116	0	0.04687333106994629	30200	16.452001094818115	130	99.56953642384106	
51.56963748911504	45.0	4.0	58.0	30.0	51.56963748911503	302	28	45	4	58	30	45	4	58	30	116	0	0.04687070846557617	30300	16.49887180328369	130	99.57095709570957	
51.56963748911504	45.0	4.0	58.0	30.0	51.56963748911503	303	28	45	4	58	30	45	4	58	30	116	0	0.04687023162841797	30400	16.54574203491211	130	99.57236842105263	
51.56963748911504	45.0	4.0	58.0	30.0	51.56963748911503	304	28	45	4	58	30	45	4	58	30	116	0	0.062496185302734375	30500	16.608238220214844	130	99.57377049180327	
51.56963748911504	45.0	4.0	58.0	30.0	51.56963748911503	305	28	45	4	58	30	45	4	58	30	116	0	0.046871185302734375	30600	16.655109405517578	130	99.57516339869281	
51.56963748911504	45.0	4.0	58.0	30.0	51.56963748911503	306	28	45	4	58	30	45	4	58	30	116	0	0.04687190055847168	30700	16.70198130607605	130	99.57654723127035	
51.56963748911504	45.0	4.0	58.0	30.0	51.56963748911503	307	28	45	4	58	30	45	4	58	30	116	0	0.046872854232788086	30800	16.748854160308838	130	99.57792207792208	
51.56963748911504	45.0	4.0	58.0	30.0	51.56963748911503	308	28	45	4	58	30	45	4	58	30	116	0	0.06249547004699707	30900	16.811349630355835	130	99.57928802588997	
51.56963748911504	45.0	4.0	58.0	30.0	51.56963748911503	309	28	45	4	58	30	45	4	58	30	116	0	0.04687237739562988	31000	16.858222007751465	130	99.58064516129032	
51.56963748911504	45.0	4.0	58.0	30.0	51.56963748911503	310	28	45	4	58	30	45	4	58	30	116	0	0.04687166213989258	31100	16.905093669891357	130	99.58199356913184	
51.56963748911504	45.0	4.0	58.0	30.0	51.56963748911503	311	28	45	4	58	30	45	4	58	30	116	0	0.04687142372131348	31200	16.95196509361267	130	99.58333333333333	
51.56963748911504	45.0	4.0	58.0	30.0	51.56963748911503	312	28	45	4	58	30	45	4	58	30	116	0	0.04687142372131348	31300	16.998836517333984	130	99.58466453674122	
51.56963748911504	45.0	4.0	58.0	30.0	51.56963748911503	313	28	45	4	58	30	45	4	58	30	116	0	0.04687142372131348	31400	17.045707941055298	130	99.5859872611465	
51.56963748911504	45.0	4.0	58.0	30.0	51.56963748911503	314	28	45	4	58	30	45	4	58	30	116	0	0.04687190055847168	31500	17.09257984161377	130	99.58730158730158	
51.56963748911504	45.0	4.0	58.0	30.0	51.56963748911503	315	28	45	4	58	30	45	4	58	30	116	0	0.062496185302734375	31600	17.155076026916504	130	99.5886075949367	
51.56963748911504	45.0	4.0	58.0	30.0	51.56963748911503	316	28	45	4	58	30	45	4	58	30	116	0	0.04687142372131348	31700	17.201947450637817	130	99.58990536277602	
51.56963748911504	45.0	4.0	58.0	30.0	51.56963748911503	317	28	45	4	58	30	45	4	58	30	116	0	0.04687356948852539	31800	17.248821020126343	130	99.59119496855345	
51.56963748911504	45.0	4.0	58.0	30.0	51.56963748911503	318	28	45	4	58	30	45	4	58	30	116	0	0.04686999320983887	31900	17.29569101333618	130	99.59247648902821	
51.56963748911504	45.0	4.0	58.0	30.0	51.56963748911503	319	28	45	4	58	30	45	4	58	30	116	0	0.046872615814208984	32000	17.34256362915039	130	99.59375	
51.56963748911504	45.0	4.0	58.0	30.0	51.56963748911503	320	28	45	4	58	30	45	4	58	30	116	0	0.04687213897705078	32100	17.38943576812744	130	99.59501557632399	
51.56963748911504	45.0	4.0	58.0	30.0	51.56963748911503	321	28	45	4	58	30	45	4	58	30	116	0	0.04687380790710449	32200	17.436309576034546	130	99.59627329192547	
51.56963748911504	45.0	4.0	58.0	30.0	51.56963748911503	322	28	45	4	58	30	45	4	58	30	116	0	0.031247377395629883	32300	17.467556953430176	130	99.59752321981424	
51.56963748911504	45.0	4.0	58.0	30.0	51.56963748911503	323	28	45	4	58	30	45	4	58	30	116	0	0.046868324279785156	32400	17.51442527770996	130	99.59876543209876	
51.56963748911504	45.0	4.0	58.0	30.0	51.56963748911503	324	28	45	4	58	30	45	4	58	30	116	0	0.04687213897705078	32500	17.56129741668701	130	99.6	
51.56963748911504	45.0	4.0	58.0	30.0	51.56963748911503	325	28	45	4	58	30	45	4	58	30	116	0	0.06249594688415527	32600	17.623793363571167	130	99.60122699386503	
51.56963748911504	45.0	4.0	58.0	30.0	51.56963748911503	326	28	45	4	58	30	45	4	58	30	116	0	0.03124713897705078	32700	17.655040502548218	130	99.60244648318043	
51.56963748911504	45.0	4.0	58.0	30.0	51.56963748911503	327	28	45	4	58	30	45	4	58	30	116	0	0.04687213897705078	32800	17.70191264152527	130	99.60365853658537	
51.56963748911504	45.0	4.0	58.0	30.0	51.56963748911503	328	28	45	4	58	30	45	4	58	30	116	0	0.04687142372131348	32900	17.748784065246582	130	99.6048632218845	
51.56963748911504	45.0	4.0	58.0	30.0	51.56963748911503	329	28	45	4	58	30	45	4	58	30	116	0	0.04687213897705078	33000	17.795656204223633	130	99.60606060606061	
51.56963748911504	45.0	4.0	58.0	30.0	51.56963748911503	330	28	45	4	58	30	45	4	58	30	116	0	0.06249547004699707	33100	17.85815167427063	130	99.60725075528701	
51.56963748911504	45.0	4.0	58.0	30.0	51.56963748911503	331	28	45	4	58	30	45	4	58	30	116	0	0.04687190055847168	33200	17.9050235748291	130	99.60843373493977	
51.56963748911504	45.0	4.0	58.0	30.0	51.56963748911503	332	28	45	4	58	30	45	4	58	30	116	0	0.04687237739562988	33300	17.95189595222473	130	99.6096096096096	
51.56963748911504	45.0	4.0	58.0	30.0	51.56963748911503	333	28	45	4	58	30	45	4	58	30	116	0	0.031247377395629883	33400	17.98314332962036	130	99.61077844311377	
51.56963748911504	45.0	4.0	58.0	30.0	51.56963748911503	334	28	45	4	58	30	45	4	58	30	116	0	0.04687190055847168	33500	18.030015230178833	130	99.61194029850746	
51.56963748911504	45.0	4.0	58.0	30.0	51.56963748911503	335	28	45	4	58	30	45	4	58	30	116	0	0.04687213897705078	33600	18.076887369155884	130	99.61309523809524	
51.56963748911504	45.0	4.0	58.0	30.0	51.56963748911503	336	28	45	4	58	30	45	4	58	30	116	0	0.06249523162841797	33700	18.1393826007843	130	99.61424332344214	
51.56963748911504	45.0	4.0	58.0	30.0	51.56963748911503	337	28	45	4	58	30	45	4	58	30	116	0	0.031247854232788086	33800	18.17063045501709	130	99.61538461538461	
51.56963748911504	45.0	4.0	58.0	30.0	51.56963748911503	338	28	45	4	58	30	45	4	58	30	116	0	0.031247854232788086	33900	18.201878309249878	130	99.6165191740413	
51.56963748911504	45.0	4.0	58.0	30.0	51.56963748911503	339	28	45	4	58	30	45	4	58	30	116	0	0.04687190055847168	34000	18.24875020980835	130	99.61764705882354	
51.56963748911504	45.0	4.0	58.0	30.0	51.56963748911503	340	28	45	4	58	30	45	4	58	30	116	0	0.06249570846557617	34100	18.311245918273926	130	99.61876832844575	
51.56963748911504	45.0	4.0	58.0	30.0	51.56963748911503	341	28	45	4	58	30	45	4	58	30	116	0	0.04687094688415527	34200	18.35811686515808	130	99.61988304093568	
51.56963748911504	45.0	4.0	58.0	30.0	51.56963748911503	342	28	45	4	58	30	45	4	58	30	116	0	0.0468752384185791	34300	18.40499210357666	130	99.62099125364432	
51.56963748911504	45.0	4.0	58.0	30.0	51.56963748911503	343	28	45	4	58	30	45	4	58	30	116	0	0.03124856948852539	34400	18.436240673065186	130	99.62209302325581	
51.56963748911504	45.0	4.0	58.0	30.0	51.56963748911503	344	28	45	4	58	30	45	4	58	30	116	0	0.046868085861206055	34500	18.48310875892639	130	99.6231884057971	
51.56963748911504	45.0	4.0	58.0	30.0	51.56963748911503	345	28	45	4	58	30	45	4	58	30	116	0	0.04687190055847168	34600	18.529980659484863	130	99.6242774566474	
51.56963748911504	45.0	4.0	58.0	30.0	51.56963748911503	346	28	45	4	58	30	45	4	58	30	116	0	0.04687190055847168	34700	18.576852560043335	130	99.62536023054756	
51.56963748911504	45.0	4.0	58.0	30.0	51.56963748911503	347	28	45	4	58	30	45	4	58	30	116	0	0.015624523162841797	34800	18.592477083206177	130	99.6264367816092	
51.56963748911504	45.0	4.0	58.0	30.0	51.56963748911503	348	28	45	4	58	30	45	4	58	30	116	0	0.046871185302734375	34900	18.63934826850891	130	99.62750716332378	
51.56963748911504	45.0	4.0	58.0	30.0	51.56963748911503	349	28	45	4	58	30	45	4	58	30	116	0	0.04687190055847168	35000	18.686220169067383	130	99.62857142857143	
51.56963748911504	45.0	4.0	58.0	30.0	51.56963748911503	350	28	45	4	58	30	45	4	58	30	116	0	0.03124833106994629	35100	18.71746850013733	130	99.62962962962963	
51.56963748911504	45.0	4.0	58.0	30.0	51.56963748911503	351	28	45	4	58	30	45	4	58	30	116	0	0.04687166213989258	35200	18.76434016227722	130	99.63068181818181	
51.56963748911504	45.0	4.0	58.0	30.0	51.56963748911503	352	28	45	4	58	30	45	4	58	30	116	0	0.04687190055847168	35300	18.811212062835693	130	99.63172804532577	
51.56963748911504	45.0	4.0	58.0	30.0	51.56963748911503	353	28	45	4	58	30	45	4	58	30	116	0	0.06249547004699707	35400	18.87370753288269	130	99.63276836158192	
51.56963748911504	45.0	4.0	58.0	30.0	51.56963748911503	354	28	45	4	58	30	45	4	58	30	116	0	0.031247854232788086	35500	18.90495538711548	130	99.63380281690141	
51.56963748911504	45.0	4.0	58.0	30.0	51.56963748911503	355	28	45	4	58	30	45	4	58	30	116	0	0.062496185302734375	35600	18.967451572418213	130	99.63483146067416	
51.56963748911504	45.0	4.0	58.0	30.0	51.56963748911503	356	28	45	4	58	30	45	4	58	30	116	0	0.06249570846557617	35700	19.02994728088379	130	99.63585434173669	
51.56963748911504	45.0	4.0	58.0	30.0	51.56963748911503	357	28	45	4	58	30	45	4	58	30	116	0	0.04687142372131348	35800	19.076818704605103	130	99.63687150837988	
51.56963748911504	45.0	4.0	58.0	30.0	51.56963748911503	358	28	45	4	58	30	45	4	58	30	116	0	0.04687166213989258	35900	19.123690366744995	130	99.63788300835654	
51.56963748911504	45.0	4.0	58.0	30.0	51.56963748911503	359	28	45	4	58	30	45	4	58	30	116	0	0.04687237739562988	36000	19.170562744140625	130	99.63888888888889	
51.56963748911504	45.0	4.0	58.0	30.0	51.56963748911503	360	28	45	4	58	30	45	4	58	30	116	0	0.031247377395629883	36100	19.201810121536255	130	99.6398891966759	
51.56963748911504	45.0	4.0	58.0	30.0	51.56963748911503	361	28	45	4	58	30	45	4	58	30	116	0	0.062496185302734375	36200	19.26430630683899	130	99.64088397790056	
51.56963748911504	45.0	4.0	58.0	30.0	51.56963748911503	362	28	45	4	58	30	45	4	58	30	116	0	0.04687142372131348	36300	19.311177730560303	130	99.64187327823691	
51.56963748911504	45.0	4.0	58.0	30.0	51.56963748911503	363	28	45	4	58	30	45	4	58	30	116	0	0.04687142372131348	36400	19.358049154281616	130	99.64285714285714	
51.56963748911504	45.0	4.0	58.0	30.0	51.56963748911503	364	28	45	4	58	30	45	4	58	30	116	0	0.031248092651367188	36500	19.389297246932983	130	99.64383561643835	
51.56963748911504	45.0	4.0	58.0	30.0	51.56963748911503	365	28	45	4	58	30	45	4	58	30	116	0	0.06249570846557617	36600	19.45179295539856	130	99.64480874316939	
51.56963748911504	45.0	4.0	58.0	30.0	51.56963748911503	366	28	45	4	58	30	45	4	58	30	116	0	0.031248092651367188	36700	19.483041048049927	130	99.64577656675749	
51.56963748911504	45.0	4.0	58.0	30.0	51.56963748911503	367	28	45	4	58	30	45	4	58	30	116	0	0.04687190055847168	36800	19.5299129486084	130	99.64673913043478	
51.56963748911504	45.0	4.0	58.0	30.0	51.56963748911503	368	28	45	4	58	30	45	4	58	30	116	0	0.06249499320983887	36900	19.592407941818237	130	99.64769647696477	
51.56963748911504	45.0	4.0	58.0	30.0	51.56963748911503	369	28	45	4	58	30	45	4	58	30	116	0	0.04687213897705078	37000	19.639280080795288	130	99.64864864864865	
51.56963748911504	45.0	4.0	58.0	30.0	51.56963748911503	370	28	45	4	58	30	45	4	58	30	116	0	0.06249594688415527	37100	19.701776027679443	130	99.64959568733154	
51.56963748911504	45.0	4.0	58.0	30.0	51.56963748911503	371	28	45	4	58	30	45	4	58	30	116	0	0.04687142372131348	37200	19.748647451400757	130	99.65053763440861	
51.56963748911504	45.0	4.0	58.0	30.0	51.56963748911503	372	28	45	4	58	30	45	4	58	30	116	0	0.04687213897705078	37300	19.795519590377808	130	99.6514745308311	
51.56963748911504	45.0	4.0	58.0	30.0	51.56963748911503	373	28	45	4	58	30	45	4	58	30	116	0	0.046871185302734375	37400	19.842390775680542	130	99.6524064171123	
51.56963748911504	45.0	4.0	58.0	30.0	51.56963748911503	374	28	45	4	58	30	45	4	58	30	116	0	0.04687213897705078	37500	19.889262914657593	130	99.65333333333334	
51.56963748911504	45.0	4.0	58.0	30.0	51.56963748911503	375	28	45	4	58	30	45	4	58	30	116	0	0.046872615814208984	37600	19.9361355304718	130	99.65425531914893	
51.56963748911504	45.0	4.0	58.0	30.0	51.56963748911503	376	28	45	4	58	30	45	4	58	30	116	0	0.03124690055847168	37700	19.967382431030273	130	99.65517241379311	
51.56963748911504	45.0	4.0	58.0	30.0	51.56963748911503	377	28	45	4	58	30	45	4	58	30	116	0	0.031247854232788086	37800	19.99863028526306	130	99.65608465608466	
51.56963748911504	45.0	4.0	58.0	30.0	51.56963748911503	378	28	45	4	58	30	45	4	58	30	116	0	0.04687166213989258	37900	20.045501947402954	130	99.65699208443272	
51.56963748911504	45.0	4.0	58.0	30.0	51.56963748911503	379	28	45	4	58	30	45	4	58	30	116	0	0.04687237739562988	38000	20.092374324798584	130	99.65789473684211	
51.56963748911504	45.0	4.0	58.0	30.0	51.56963748911503	380	28	45	4	58	30	45	4	58	30	116	0	0.031248092651367188	38100	20.12362241744995	130	99.65879265091864	
51.56963748911504	45.0	4.0	58.0	30.0	51.56963748911503	381	28	45	4	58	30	45	4	58	30	116	0	0.04687142372131348	38200	20.170493841171265	130	99.65968586387434	
51.56963748911504	45.0	4.0	58.0	30.0	51.56963748911503	382	28	45	4	58	30	45	4	58	30	116	0	0.031248092651367188	38300	20.201741933822632	130	99.66057441253264	
51.56963748911504	45.0	4.0	58.0	30.0	51.56963748911503	383	28	45	4	58	30	45	4	58	30	116	0	0.04687142372131348	38400	20.248613357543945	130	99.66145833333333	
51.56963748911504	45.0	4.0	58.0	30.0	51.56963748911503	384	28	45	4	58	30	45	4	58	30	116	0	0.04687237739562988	38500	20.295485734939575	130	99.66233766233766	
51.56963748911504	45.0	4.0	58.0	30.0	51.56963748911503	385	28	45	4	58	30	45	4	58	30	116	0	0.04687166213989258	38600	20.342357397079468	130	99.66321243523316	
51.56963748911504	45.0	4.0	58.0	30.0	51.56963748911503	386	28	45	4	58	30	45	4	58	30	116	0	0.031247377395629883	38700	20.373604774475098	130	99.6640826873385	
51.56963748911504	45.0	4.0	58.0	30.0	51.56963748911503	387	28	45	4	58	30	45	4	58	30	116	0	0.031247854232788086	38800	20.404852628707886	130	99.66494845360825	
51.56963748911504	45.0	4.0	58.0	30.0	51.56963748911503	388	28	45	4	58	30	45	4	58	30	116	0	0.04687190055847168	38900	20.451724529266357	130	99.66580976863753	
51.56963748911504	45.0	4.0	58.0	30.0	51.56963748911503	389	28	45	4	58	30	45	4	58	30	116	0	0.04687213897705078	39000	20.498596668243408	130	99.66666666666667	
51.56963748911504	45.0	4.0	58.0	30.0	51.56963748911503	390	28	45	4	58	30	45	4	58	30	116	0	0.06249523162841797	39100	20.561091899871826	130	99.66751918158567	
51.56963748911504	45.0	4.0	58.0	30.0	51.56963748911503	391	28	45	4	58	30	45	4	58	30	116	0	0.04687166213989258	39200	20.60796356201172	130	99.66836734693878	
51.56963748911504	45.0	4.0	58.0	30.0	51.56963748911503	392	28	45	4	58	30	45	4	58	30	116	0	0.04687190055847168	39300	20.65483546257019	130	99.66921119592875	
51.56963748911504	45.0	4.0	58.0	30.0	51.56963748911503	393	28	45	4	58	30	45	4	58	30	116	0	0.03124833106994629	39400	20.686083793640137	130	99.67005076142132	
51.56963748911504	45.0	4.0	58.0	30.0	51.56963748911503	394	28	45	4	58	30	45	4	58	30	116	0	0.031247854232788086	39500	20.717331647872925	130	99.67088607594937	
51.56963748911504	45.0	4.0	58.0	30.0	51.56963748911503	395	28	45	4	58	30	45	4	58	30	116	0	0.04687213897705078	39600	20.764203786849976	130	99.67171717171718	
51.56963748911504	45.0	4.0	58.0	30.0	51.56963748911503	396	28	45	4	58	30	45	4	58	30	116	0	0.015624523162841797	39700	20.779828310012817	130	99.67254408060454	
51.56963748911504	45.0	4.0	58.0	30.0	51.56963748911503	397	28	45	4	58	30	45	4	58	30	116	0	0.03124690055847168	39800	20.81107521057129	130	99.67336683417085	
51.56963748911504	45.0	4.0	58.0	30.0	51.56963748911503	398	28	45	4	58	30	45	4	58	30	116	0	0.04687142372131348	39900	20.857946634292603	130	99.67418546365914	
51.56963748911504	45.0	4.0	58.0	30.0	51.56963748911503	399	28	45	4	58	30	45	4	58	30	116	0	0.04687190055847168	40000	20.904818534851074	130	99.675	
51.56963748911504	45.0	4.0	58.0	30.0	51.56963748911503	400	28	45	4	58	30	45	4	58	30	116	0	0.06249547004699707	40100	20.96731400489807	130	99.67581047381546	
51.56963748911504	45.0	4.0	58.0	30.0	51.56963748911503	401	28	45	4	58	30	45	4	58	30	116	0	0.03124833106994629	40200	20.998562335968018	130	99.67661691542288	
51.56963748911504	45.0	4.0	58.0	30.0	51.56963748911503	402	28	45	4	58	30	45	4	58	30	116	0	0.06249547004699707	40300	21.061057806015015	130	99.6774193548387	
51.56963748911504	45.0	4.0	58.0	30.0	51.56963748911503	403	28	45	4	58	30	45	4	58	30	116	0	0.04687166213989258	40400	21.107929468154907	130	99.67821782178218	
51.56963748911504	45.0	4.0	58.0	30.0	51.56963748911503	404	28	45	4	58	30	45	4	58	30	116	0	0.04687213897705078	40500	21.154801607131958	130	99.67901234567901	
51.56963748911504	45.0	4.0	58.0	30.0	51.56963748911503	405	28	45	4	58	30	45	4	58	30	116	0	0.031247615814208984	40600	21.186049222946167	130	99.67980295566502	
51.56963748911504	45.0	4.0	58.0	30.0	51.56963748911503	406	28	45	4	58	30	45	4	58	30	116	0	0.06249570846557617	40700	21.248544931411743	130	99.68058968058968	
51.56963748911504	45.0	4.0	58.0	30.0	51.56963748911503	407	28	45	4	58	30	45	4	58	30	116	0	0.04687166213989258	40800	21.295416593551636	130	99.68137254901961	
51.56963748911504	45.0	4.0	58.0	30.0	51.56963748911503	408	28	45	4	58	30	45	4	58	30	116	0	0.04687190055847168	40900	21.342288494110107	130	99.68215158924205	
51.56963748911504	45.0	4.0	58.0	30.0	51.56963748911503	409	28	45	4	58	30	45	4	58	30	116	0	0.04687142372131348	41000	21.38915991783142	130	99.6829268292683	
51.56963748911504	45.0	4.0	58.0	30.0	51.56963748911503	410	28	45	4	58	30	45	4	58	30	116	0	0.04687237739562988	41100	21.43603229522705	130	99.68369829683698	
51.56963748911504	45.0	4.0	58.0	30.0	51.56963748911503	411	28	45	4	58	30	45	4	58	30	116	0	0.06249594688415527	41200	21.498528242111206	130	99.68446601941747	
51.56963748911504	45.0	4.0	58.0	30.0	51.56963748911503	412	28	45	4	58	30	45	4	58	30	116	0	0.031247377395629883	41300	21.529775619506836	130	99.68523002421307	
51.56963748911504	45.0	4.0	58.0	30.0	51.56963748911503	413	28	45	4	58	30	45	4	58	30	116	0	0.04687190055847168	41400	21.576647520065308	130	99.68599033816425	
51.56963748911504	45.0	4.0	58.0	30.0	51.56963748911503	414	28	45	4	58	30	45	4	58	30	116	0	0.04687166213989258	41500	21.6235191822052	130	99.6867469879518	
51.56963748911504	45.0	4.0	58.0	30.0	51.56963748911503	415	28	45	4	58	30	45	4	58	30	116	0	0.06249642372131348	41600	21.686015605926514	130	99.6875	
51.56963748911504	45.0	4.0	58.0	30.0	51.56963748911503	416	28	45	4	58	30	45	4	58	30	116	0	0.03124713897705078	41700	21.717262744903564	130	99.68824940047962	
51.56963748911504	45.0	4.0	58.0	30.0	51.56963748911503	417	28	45	4	58	30	45	4	58	30	116	0	0.04687166213989258	41800	21.764134407043457	130	99.68899521531101	
51.56963748911504	45.0	4.0	58.0	30.0	51.56963748911503	418	28	45	4	58	30	45	4	58	30	116	0	0.06249642372131348	41900	21.82663083076477	130	99.68973747016706	
51.56963748911504	45.0	4.0	58.0	30.0	51.56963748911503	419	28	45	4	58	30	45	4	58	30	116	0	0.04687142372131348	42000	21.873502254486084	130	99.69047619047619	
51.56963748911504	45.0	4.0	58.0	30.0	51.56963748911503	420	28	45	4	58	30	45	4	58	30	116	0	0.04687237739562988	42100	21.920374631881714	130	99.69121140142518	
51.56963748911504	45.0	4.0	58.0	30.0	51.56963748911503	421	28	45	4	58	30	45	4	58	30	116	0	0.03124690055847168	42200	21.951621532440186	130	99.69194312796209	
51.56963748911504	45.0	4.0	58.0	30.0	51.56963748911503	422	28	45	4	58	30	45	4	58	30	116	0	0.062496185302734375	42300	22.01411771774292	130	99.69267139479905	
51.56963748911504	45.0	4.0	58.0	30.0	51.56963748911503	423	28	45	4	58	30	45	4	58	30	116	0	0.04687166213989258	42400	22.060989379882812	130	99.69339622641509	
51.56963748911504	45.0	4.0	58.0	30.0	51.56963748911503	424	28	45	4	58	30	45	4	58	30	116	0	0.04687166213989258	42500	22.107861042022705	130	99.69411764705882	
51.56963748911504	45.0	4.0	58.0	30.0	51.56963748911503	425	28	45	4	58	30	45	4	58	30	116	0	0.04687237739562988	42600	22.154733419418335	130	99.69483568075117	
51.56963748911504	45.0	4.0	58.0	30.0	51.56963748911503	426	28	45	4	58	30	45	4	58	30	116	0	0.046872854232788086	42700	22.201606273651123	130	99.69555035128806	
51.56963748911504	45.0	4.0	58.0	30.0	51.56963748911503	427	28	45	4	58	30	45	4	58	30	116	0	0.06249523162841797	42800	22.26410150527954	130	99.69626168224299	
51.56963748911504	45.0	4.0	58.0	30.0	51.56963748911503	428	28	45	4	58	30	45	4	58	30	116	0	0.031248092651367188	42900	22.295349597930908	130	99.6969696969697	
51.56963748911504	45.0	4.0	58.0	30.0	51.56963748911503	429	28	45	4	58	30	45	4	58	30	116	0	0.031247377395629883	43000	22.326596975326538	130	99.69767441860465	
51.56963748911504	45.0	4.0	58.0	30.0	51.56963748911503	430	28	45	4	58	30	45	4	58	30	116	0	0.06249570846557617	43100	22.389092683792114	130	99.69837587006961	
51.56963748911504	45.0	4.0	58.0	30.0	51.56963748911503	431	28	45	4	58	30	45	4	58	30	116	0	0.04687070846557617	43200	22.43596339225769	130	99.69907407407408	
51.56963748911504	45.0	4.0	58.0	30.0	51.56963748911503	432	28	45	4	58	30	45	4	58	30	116	0	0.04687237739562988	43300	22.48283576965332	130	99.69976905311778	
51.56963748911504	45.0	4.0	58.0	30.0	51.56963748911503	433	28	45	4	58	30	45	4	58	30	116	0	0.046872615814208984	43400	22.52970838546753	130	99.70046082949308	
51.56963748911504	45.0	4.0	58.0	30.0	51.56963748911503	434	28	45	4	58	30	45	4	58	30	116	0	0.04687309265136719	43500	22.576581478118896	130	99.70114942528735	
51.56963748911504	45.0	4.0	58.0	30.0	51.56963748911503	435	28	45	4	58	30	45	4	58	30	116	0	0.04687166213989258	43600	22.62345314025879	130	99.70183486238533	
51.56963748911504	45.0	4.0	58.0	30.0	51.56963748911503	436	28	45	4	58	30	45	4	58	30	116	0	0.031246423721313477	43700	22.654699563980103	130	99.7025171624714	
51.56963748911504	45.0	4.0	58.0	30.0	51.56963748911503	437	28	45	4	58	30	45	4	58	30	116	0	0.04687356948852539	43800	22.701573133468628	130	99.70319634703196	
51.56963748911504	45.0	4.0	58.0	30.0	51.56963748911503	438	28	45	4	58	30	45	4	58	30	116	0	0.046871185302734375	43900	22.748444318771362	130	99.70387243735763	
51.56963748911504	45.0	4.0	58.0	30.0	51.56963748911503	439	28	45	4	58	30	45	4	58	30	116	0	0.062496185302734375	44000	22.810940504074097	130	99.70454545454545	
51.56963748911504	45.0	4.0	58.0	30.0	51.56963748911503	440	28	45	4	58	30	45	4	58	30	116	0	0.04687023162841797	44100	22.857810735702515	130	99.70521541950113	
51.56963748911504	45.0	4.0	58.0	30.0	51.56963748911503	441	28	45	4	58	30	45	4	58	30	116	0	0.04687237739562988	44200	22.904683113098145	130	99.70588235294117	
51.56963748911504	45.0	4.0	58.0	30.0	51.56963748911503	442	28	45	4	58	30	45	4	58	30	116	0	0.06249547004699707	44300	22.96717858314514	130	99.70654627539503	
51.56963748911504	45.0	4.0	58.0	30.0	51.56963748911503	443	28	45	4	58	30	45	4	58	30	116	0	0.04687070846557617	44400	23.014049291610718	130	99.7072072072072	
51.56963748911504	45.0	4.0	58.0	30.0	51.56963748911503	444	28	45	4	58	30	45	4	58	30	116	0	0.04687213897705078	44500	23.06092143058777	130	99.70786516853933	
51.56963748911504	45.0	4.0	58.0	30.0	51.56963748911503	445	28	45	4	58	30	45	4	58	30	116	0	0.06249594688415527	44600	23.123417377471924	130	99.7085201793722	
51.56963748911504	45.0	4.0	58.0	30.0	51.56963748911503	446	28	45	4	58	30	45	4	58	30	116	0	0.04687190055847168	44700	23.170289278030396	130	99.70917225950782	
51.56963748911504	45.0	4.0	58.0	30.0	51.56963748911503	447	28	45	4	58	30	45	4	58	30	116	0	0.062496185302734375	44800	23.23278546333313	130	99.70982142857143	
51.56963748911504	45.0	4.0	58.0	30.0	51.56963748911503	448	28	45	4	58	30	45	4	58	30	116	0	0.046872615814208984	44900	23.27965807914734	130	99.71046770601336	
51.56963748911504	45.0	4.0	58.0	30.0	51.56963748911503	449	28	45	4	58	30	45	4	58	30	116	0	0.04687190055847168	45000	23.32652997970581	130	99.71111111111111	
51.56963748911504	45.0	4.0	58.0	30.0	51.56963748911503	450	28	45	4	58	30	45	4	58	30	116	0	0.06249523162841797	45100	23.38902521133423	130	99.71175166297118	
51.56963748911504	45.0	4.0	58.0	30.0	51.56963748911503	451	28	45	4	58	30	45	4	58	30	116	0	0.04687190055847168	45200	23.4358971118927	130	99.71238938053098	
51.56963748911504	45.0	4.0	58.0	30.0	51.56963748911503	452	28	45	4	58	30	45	4	58	30	116	0	0.046871185302734375	45300	23.482768297195435	130	99.71302428256071	
51.56963748911504	45.0	4.0	58.0	30.0	51.56963748911503	453	28	45	4	58	30	45	4	58	30	116	0	0.04687166213989258	45400	23.529639959335327	130	99.7136563876652	
51.56963748911504	45.0	4.0	58.0	30.0	51.56963748911503	454	28	45	4	58	30	45	4	58	30	116	0	0.046872615814208984	45500	23.576512575149536	130	99.71428571428571	
51.56963748911504	45.0	4.0	58.0	30.0	51.56963748911503	455	28	45	4	58	30	45	4	58	30	116	0	0.04687190055847168	45600	23.623384475708008	130	99.71491228070175	
51.56963748911504	45.0	4.0	58.0	30.0	51.56963748911503	456	28	45	4	58	30	45	4	58	30	116	0	0.04687142372131348	45700	23.67025589942932	130	99.71553610503283	
51.56963748911504	45.0	4.0	58.0	30.0	51.56963748911503	457	28	45	4	58	30	45	4	58	30	116	0	0.04687142372131348	45800	23.717127323150635	130	99.71615720524018	
51.56963748911504	45.0	4.0	58.0	30.0	51.56963748911503	458	28	45	4	58	30	45	4	58	30	116	0	0.046872854232788086	45900	23.764000177383423	130	99.71677559912854	
51.56963748911504	45.0	4.0	58.0	30.0	51.56963748911503	459	28	45	4	58	30	45	4	58	30	116	0	0.04687047004699707	46000	23.81087064743042	130	99.71739130434783	
51.56963748911504	45.0	4.0	58.0	30.0	51.56963748911503	460	28	45	4	58	30	45	4	58	30	116	0	0.06249547004699707	46100	23.873366117477417	130	99.71800433839479	
51.56963748911504	45.0	4.0	58.0	30.0	51.56963748911503	461	28	45	4	58	30	45	4	58	30	116	0	0.04687237739562988	46200	23.920238494873047	130	99.71861471861472	
51.56963748911504	45.0	4.0	58.0	30.0	51.56963748911503	462	28	45	4	58	30	45	4	58	30	116	0	0.031247377395629883	46300	23.951485872268677	130	99.71922246220302	
51.56963748911504	45.0	4.0	58.0	30.0	51.56963748911503	463	28	45	4	58	30	45	4	58	30	116	0	0.03124856948852539	46400	23.982734441757202	130	99.71982758620689	
51.56963748911504	45.0	4.0	58.0	30.0	51.56963748911503	464	28	45	4	58	30	45	4	58	30	116	0	0.04687213897705078	46500	24.029606580734253	130	99.72043010752688	
51.56963748911504	45.0	4.0	58.0	30.0	51.56963748911503	465	28	45	4	58	30	45	4	58	30	116	0	0.062494754791259766	46600	24.092101335525513	130	99.72103004291846	
51.56963748911504	45.0	4.0	58.0	30.0	51.56963748911503	466	28	45	4	58	30	45	4	58	30	116	0	0.04687237739562988	46700	24.138973712921143	130	99.72162740899357	
51.56963748911504	45.0	4.0	58.0	30.0	51.56963748911503	467	28	45	4	58	30	45	4	58	30	116	0	0.06249570846557617	46800	24.20146942138672	130	99.72222222222223	
51.56963748911504	45.0	4.0	58.0	30.0	51.56963748911503	468	28	45	4	58	30	45	4	58	30	116	0	0.06249642372131348	46900	24.263965845108032	130	99.7228144989339	
51.56963748911504	45.0	4.0	58.0	30.0	51.56963748911503	469	28	45	4	58	30	45	4	58	30	116	0	0.031247377395629883	47000	24.295213222503662	130	99.72340425531915	
51.56963748911504	45.0	4.0	58.0	30.0	51.56963748911503	470	28	45	4	58	30	45	4	58	30	116	0	0.031248092651367188	47100	24.32646131515503	130	99.723991507431	
51.56963748911504	45.0	4.0	58.0	30.0	51.56963748911503	471	28	45	4	58	30	45	4	58	30	116	0	0.062494516372680664	47200	24.38895583152771	130	99.72457627118644	
51.56963748911504	45.0	4.0	58.0	30.0	51.56963748911503	472	28	45	4	58	30	45	4	58	30	116	0	0.031247854232788086	47300	24.420203685760498	130	99.72515856236787	
51.56963748911504	45.0	4.0	58.0	30.0	51.56963748911503	473	28	45	4	58	30	45	4	58	30	116	0	0.031248807907104492	47400	24.451452493667603	130	99.72573839662448	
51.56963748911504	45.0	4.0	58.0	30.0	51.56963748911503	474	28	45	4	58	30	45	4	58	30	116	0	0.03124690055847168	47500	24.482699394226074	130	99.72631578947369	
51.56963748911504	45.0	4.0	58.0	30.0	51.56963748911503	475	28	45	4	58	30	45	4	58	30	116	0	0.046872854232788086	47600	24.529572248458862	130	99.72689075630252	
51.56963748911504	45.0	4.0	58.0	30.0	51.56963748911503	476	28	45	4	58	30	45	4	58	30	116	0	0.04687237739562988	47700	24.576444625854492	130	99.72746331236897	
51.56963748911504	45.0	4.0	58.0	30.0	51.56963748911503	477	28	45	4	58	30	45	4	58	30	116	0	0.04687237739562988	47800	24.623317003250122	130	99.72803347280335	
51.56963748911504	45.0	4.0	58.0	30.0	51.56963748911503	478	28	45	4	58	30	45	4	58	30	116	0	0.06249380111694336	47900	24.685810804367065	130	99.72860125260961	
51.56963748911504	45.0	4.0	58.0	30.0	51.56963748911503	479	28	45	4	58	30	45	4	58	30	116	0	0.04687762260437012	48000	24.732688426971436	130	99.72916666666667	
51.56963748911504	45.0	4.0	58.0	30.0	51.56963748911503	480	28	45	4	58	30	45	4	58	30	116	0	0.04686689376831055	48100	24.779555320739746	130	99.72972972972973	
51.56963748911504	45.0	4.0	58.0	30.0	51.56963748911503	481	28	45	4	58	30	45	4	58	30	116	0	0.04687047004699707	48200	24.826425790786743	130	99.73029045643153	
51.56963748911504	45.0	4.0	58.0	30.0	51.56963748911503	482	28	45	4	58	30	45	4	58	30	116	0	0.046872854232788086	48300	24.87329864501953	130	99.73084886128365	
51.56963748911504	45.0	4.0	58.0	30.0	51.56963748911503	483	28	45	4	58	30	45	4	58	30	116	0	0.031248807907104492	48400	24.904547452926636	130	99.73140495867769	
51.56963748911504	45.0	4.0	58.0	30.0	51.56963748911503	484	28	45	4	58	30	45	4	58	30	116	0	0.06249499320983887	48500	24.967042446136475	130	99.73195876288659	
51.56963748911504	45.0	4.0	58.0	30.0	51.56963748911503	485	28	45	4	58	30	45	4	58	30	116	0	0.04687190055847168	48600	25.013914346694946	130	99.73251028806584	
51.56963748911504	45.0	4.0	58.0	30.0	51.56963748911503	486	28	45	4	58	30	45	4	58	30	116	0	0.04687190055847168	48700	25.060786247253418	130	99.73305954825462	
51.56963748911504	45.0	4.0	58.0	30.0	51.56963748911503	487	28	45	4	58	30	45	4	58	30	116	0	0.04687166213989258	48800	25.10765790939331	130	99.73360655737704	
51.56963748911504	45.0	4.0	58.0	30.0	51.56963748911503	488	28	45	4	58	30	45	4	58	30	116	0	0.046871185302734375	48900	25.154529094696045	130	99.73415132924336	
51.56963748911504	45.0	4.0	58.0	30.0	51.56963748911503	489	28	45	4	58	30	45	4	58	30	116	0	0.062496185302734375	49000	25.21702527999878	130	99.73469387755102	
51.56963748911504	45.0	4.0	58.0	30.0	51.56963748911503	490	28	45	4	58	30	45	4	58	30	116	0	0.04687237739562988	49100	25.26389765739441	130	99.73523421588595	
51.56963748911504	45.0	4.0	58.0	30.0	51.56963748911503	491	28	45	4	58	30	45	4	58	30	116	0	0.031245946884155273	49200	25.295143604278564	130	99.73577235772358	
51.56963748911504	45.0	4.0	58.0	30.0	51.56963748911503	492	28	45	4	58	30	45	4	58	30	116	0	0.04687213897705078	49300	25.342015743255615	130	99.73630831643003	
51.56963748911504	45.0	4.0	58.0	30.0	51.56963748911503	493	28	45	4	58	30	45	4	58	30	116	0	0.031247377395629883	49400	25.373263120651245	130	99.73684210526316	
51.56963748911504	45.0	4.0	58.0	30.0	51.56963748911503	494	28	45	4	58	30	45	4	58	30	116	0	0.04687309265136719	49500	25.420136213302612	130	99.73737373737374	
51.56963748911504	45.0	4.0	58.0	30.0	51.56963748911503	495	28	45	4	58	30	45	4	58	30	116	0	0.04687213897705078	49600	25.467008352279663	130	99.73790322580645	
51.56963748911504	45.0	4.0	58.0	30.0	51.56963748911503	496	28	45	4	58	30	45	4	58	30	116	0	0.04687070846557617	49700	25.51387906074524	130	99.738430583501	
51.56963748911504	45.0	4.0	58.0	30.0	51.56963748911503	497	28	45	4	58	30	45	4	58	30	116	0	0.04687309265136719	49800	25.560752153396606	130	99.73895582329317	
51.56963748911504	45.0	4.0	58.0	30.0	51.56963748911503	498	28	45	4	58	30	45	4	58	30	116	0	0.03124713897705078	49900	25.591999292373657	130	99.73947895791584	
51.56963748911504	45.0	4.0	58.0	30.0	51.56963748911503	499	28	45	4	58	30	45	4	58	30	116	0	0.031247615814208984	50000	25.623246908187866	130	99.74	
51.56963748911504	45.0	4.0	58.0	30.0	51.56963748911503	500	28	45	4	58	30	45	4	58	30	116	0	0.031248092651367188	50100	25.654495000839233	130	99.74051896207585	
51.56963748911504	45.0	4.0	58.0	30.0	51.56963748911503	501	28	45	4	58	30	45	4	58	30	116	0	0.062494754791259766	50200	25.716989755630493	130	99.7410358565737	
51.56963748911504	45.0	4.0	58.0	30.0	51.56963748911503	502	28	45	4	58	30	45	4	58	30	116	0	0.046875	50300	25.763864755630493	130	99.74155069582505	
51.56963748911504	45.0	4.0	58.0	30.0	51.56963748911503	503	28	45	4	58	30	45	4	58	30	116	0	0.06249189376831055	50400	25.826356649398804	130	99.7420634920635	
51.56963748911504	45.0	4.0	58.0	30.0	51.56963748911503	504	28	45	4	58	30	45	4	58	30	116	0	0.04687142372131348	50500	25.873228073120117	130	99.74257425742574	
51.56963748911504	45.0	4.0	58.0	30.0	51.56963748911503	505	28	45	4	58	30	45	4	58	30	116	0	0.04687237739562988	50600	25.920100450515747	130	99.74308300395256	
51.56963748911504	45.0	4.0	58.0	30.0	51.56963748911503	506	28	45	4	58	30	45	4	58	30	116	0	0.04687166213989258	50700	25.96697211265564	130	99.74358974358974	
51.56963748911504	45.0	4.0	58.0	30.0	51.56963748911503	507	28	45	4	58	30	45	4	58	30	116	0	0.04687190055847168	50800	26.01384401321411	130	99.74409448818898	
51.56963748911504	45.0	4.0	58.0	30.0	51.56963748911503	508	28	45	4	58	30	45	4	58	30	116	0	0.04687190055847168	50900	26.060715913772583	130	99.74459724950884	
51.56963748911504	45.0	4.0	58.0	30.0	51.56963748911503	509	28	45	4	58	30	45	4	58	30	116	0	0.06249594688415527	51000	26.12321186065674	130	99.74509803921569	
51.56963748911504	45.0	4.0	58.0	30.0	51.56963748911503	510	28	45	4	58	30	45	4	58	30	116	0	0.04687166213989258	51100	26.17008352279663	130	99.74559686888453	
51.56963748911504	45.0	4.0	58.0	30.0	51.56963748911503	511	28	45	4	58	30	45	4	58	30	116	0	0.06249594688415527	51200	26.232579469680786	130	99.74609375	
51.56963748911504	45.0	4.0	58.0	30.0	51.56963748911503	512	28	45	4	58	30	45	4	58	30	116	0	0.03124690055847168	51300	26.263826370239258	130	99.74658869395712	
51.56963748911504	45.0	4.0	58.0	30.0	51.56963748911503	513	28	45	4	58	30	45	4	58	30	116	0	0.06249570846557617	51400	26.326322078704834	130	99.74708171206225	
51.56963748911504	45.0	4.0	58.0	30.0	51.56963748911503	514	28	45	4	58	30	45	4	58	30	116	0	0.04687237739562988	51500	26.373194456100464	130	99.74757281553399	
51.56963748911504	45.0	4.0	58.0	30.0	51.56963748911503	515	28	45	4	58	30	45	4	58	30	116	0	0.04687166213989258	51600	26.420066118240356	130	99.74806201550388	
51.56963748911504	45.0	4.0	58.0	30.0	51.56963748911503	516	28	45	4	58	30	45	4	58	30	116	0	0.04687237739562988	51700	26.466938495635986	130	99.74854932301741	
51.56963748911504	45.0	4.0	58.0	30.0	51.56963748911503	517	28	45	4	58	30	45	4	58	30	116	0	0.06249594688415527	51800	26.52943444252014	130	99.74903474903475	
51.56963748911504	45.0	4.0	58.0	30.0	51.56963748911503	518	28	45	4	58	30	45	4	58	30	116	0	0.04687166213989258	51900	26.576306104660034	130	99.7495183044316	
51.56963748911504	45.0	4.0	58.0	30.0	51.56963748911503	519	28	45	4	58	30	45	4	58	30	116	0	0.03124690055847168	52000	26.607553005218506	130	99.75	
51.56963748911504	45.0	4.0	58.0	30.0	51.56963748911503	520	28	45	4	58	30	45	4	58	30	116	0	0.04687213897705078	52100	26.654425144195557	130	99.75047984644914	
51.56963748911504	45.0	4.0	58.0	30.0	51.56963748911503	521	28	45	4	58	30	45	4	58	30	116	0	0.062496185302734375	52200	26.71692132949829	130	99.75095785440612	
51.56963748911504	45.0	4.0	58.0	30.0	51.56963748911503	522	28	45	4	58	30	45	4	58	30	116	0	0.04687142372131348	52300	26.763792753219604	130	99.75143403441683	
51.56963748911504	45.0	4.0	58.0	30.0	51.56963748911503	523	28	45	4	58	30	45	4	58	30	116	0	0.046875953674316406	52400	26.81066870689392	130	99.75190839694656	
51.56963748911504	45.0	4.0	58.0	30.0	51.56963748911503	524	28	45	4	58	30	45	4	58	30	116	0	0.046868324279785156	52500	26.857537031173706	130	99.75238095238095	
51.56963748911504	45.0	4.0	58.0	30.0	51.56963748911503	525	28	45	4	58	30	45	4	58	30	116	0	0.03124833106994629	52600	26.888785362243652	130	99.75285171102662	
51.56963748911504	45.0	4.0	58.0	30.0	51.56963748911503	526	28	45	4	58	30	45	4	58	30	116	0	0.06249547004699707	52700	26.95128083229065	130	99.75332068311195	
51.56963748911504	45.0	4.0	58.0	30.0	51.56963748911503	527	28	45	4	58	30	45	4	58	30	116	0	0.046871185302734375	52800	26.998152017593384	130	99.75378787878788	
51.56963748911504	45.0	4.0	58.0	30.0	51.56963748911503	528	28	45	4	58	30	45	4	58	30	116	0	0.04687190055847168	52900	27.045023918151855	130	99.75425330812854	
51.56963748911504	45.0	4.0	58.0	30.0	51.56963748911503	529	28	45	4	58	30	45	4	58	30	116	0	0.06249523162841797	53000	27.107519149780273	130	99.75471698113208	
51.56963748911504	45.0	4.0	58.0	30.0	51.56963748911503	530	28	45	4	58	30	45	4	58	30	116	0	0.04687142372131348	53100	27.154390573501587	130	99.75517890772129	
51.56963748911504	45.0	4.0	58.0	30.0	51.56963748911503	531	28	45	4	58	30	45	4	58	30	116	0	0.06249642372131348	53200	27.2168869972229	130	99.75563909774436	
51.56963748911504	45.0	4.0	58.0	30.0	51.56963748911503	532	28	45	4	58	30	45	4	58	30	116	0	0.04687190055847168	53300	27.263758897781372	130	99.7560975609756	
51.56963748911504	45.0	4.0	58.0	30.0	51.56963748911503	533	28	45	4	58	30	45	4	58	30	116	0	0.031247854232788086	53400	27.29500675201416	130	99.7565543071161	
51.56963748911504	45.0	4.0	58.0	30.0	51.56963748911503	534	28	45	4	58	30	45	4	58	30	116	0	0.06249499320983887	53500	27.357501745224	130	99.75700934579439	
51.56963748911504	45.0	4.0	58.0	30.0	51.56963748911503	535	28	45	4	58	30	45	4	58	30	116	0	0.04687213897705078	53600	27.40437388420105	130	99.75746268656717	
51.56963748911504	45.0	4.0	58.0	30.0	51.56963748911503	536	28	45	4	58	30	45	4	58	30	116	0	0.046872615814208984	53700	27.45124650001526	130	99.75791433891993	
51.56963748911504	45.0	4.0	58.0	30.0	51.56963748911503	537	28	45	4	58	30	45	4	58	30	116	0	0.04687094688415527	53800	27.498117446899414	130	99.75836431226766	
51.56963748911504	45.0	4.0	58.0	30.0	51.56963748911503	538	28	45	4	58	30	45	4	58	30	116	0	0.04687213897705078	53900	27.544989585876465	130	99.75881261595548	
51.56963748911504	45.0	4.0	58.0	30.0	51.56963748911503	539	28	45	4	58	30	45	4	58	30	116	0	0.04687190055847168	54000	27.591861486434937	130	99.75925925925925	
51.56963748911504	45.0	4.0	58.0	30.0	51.56963748911503	540	28	45	4	58	30	45	4	58	30	116	0	0.06249523162841797	54100	27.654356718063354	130	99.75970425138632	
51.56963748911504	45.0	4.0	58.0	30.0	51.56963748911503	541	28	45	4	58	30	45	4	58	30	116	0	0.04687190055847168	54200	27.701228618621826	130	99.76014760147602	
51.56963748911504	45.0	4.0	58.0	30.0	51.56963748911503	542	28	45	4	58	30	45	4	58	30	116	0	0.031248092651367188	54300	27.732476711273193	130	99.76058931860037	
51.56963748911504	45.0	4.0	58.0	30.0	51.56963748911503	543	28	45	4	58	30	45	4	58	30	116	0	0.04687213897705078	54400	27.779348850250244	130	99.76102941176471	
51.56963748911504	45.0	4.0	58.0	30.0	51.56963748911503	544	28	45	4	58	30	45	4	58	30	116	0	0.04687142372131348	54500	27.826220273971558	130	99.76146788990826	
51.56963748911504	45.0	4.0	58.0	30.0	51.56963748911503	545	28	45	4	58	30	45	4	58	30	116	0	0.06249594688415527	54600	27.888716220855713	130	99.76190476190476	
51.56963748911504	45.0	4.0	58.0	30.0	51.56963748911503	546	28	45	4	58	30	45	4	58	30	116	0	0.03124833106994629	54700	27.91996455192566	130	99.76234003656307	
51.56963748911504	45.0	4.0	58.0	30.0	51.56963748911503	547	28	45	4	58	30	45	4	58	30	116	0	0.04687070846557617	54800	27.966835260391235	130	99.76277372262774	
51.56963748911504	45.0	4.0	58.0	30.0	51.56963748911503	548	28	45	4	58	30	45	4	58	30	116	0	0.06249666213989258	54900	28.029331922531128	130	99.7632058287796	
51.56963748911504	45.0	4.0	58.0	30.0	51.56963748911503	549	28	45	4	58	30	45	4	58	30	116	0	0.04687094688415527	55000	28.076202869415283	130	99.76363636363637	
51.56963748911504	45.0	4.0	58.0	30.0	51.56963748911503	550	28	45	4	58	30	45	4	58	30	116	0	0.03124856948852539	55100	28.10745143890381	130	99.76406533575317	
51.56963748911504	45.0	4.0	58.0	30.0	51.56963748911503	551	28	45	4	58	30	45	4	58	30	116	0	0.04687142372131348	55200	28.154322862625122	130	99.76449275362319	
51.56963748911504	45.0	4.0	58.0	30.0	51.56963748911503	552	28	45	4	58	30	45	4	58	30	116	0	0.04687166213989258	55300	28.201194524765015	130	99.76491862567812	
51.56963748911504	45.0	4.0	58.0	30.0	51.56963748911503	553	28	45	4	58	30	45	4	58	30	116	0	0.04687142372131348	55400	28.248065948486328	130	99.7653429602888	
51.56963748911504	45.0	4.0	58.0	30.0	51.56963748911503	554	28	45	4	58	30	45	4	58	30	116	0	0.03124856948852539	55500	28.279314517974854	130	99.76576576576576	
51.56963748911504	45.0	4.0	58.0	30.0	51.56963748911503	555	28	45	4	58	30	45	4	58	30	116	0	0.062496185302734375	55600	28.341810703277588	130	99.76618705035972	
51.56963748911504	45.0	4.0	58.0	30.0	51.56963748911503	556	28	45	4	58	30	45	4	58	30	116	0	0.03124690055847168	55700	28.37305760383606	130	99.76660682226212	
51.56963748911504	45.0	4.0	58.0	30.0	51.56963748911503	557	28	45	4	58	30	45	4	58	30	116	0	0.04687166213989258	55800	28.419929265975952	130	99.76702508960574	
51.56963748911504	45.0	4.0	58.0	30.0	51.56963748911503	558	28	45	4	58	30	45	4	58	30	116	0	0.03124833106994629	55900	28.4511775970459	130	99.76744186046511	
51.56963748911504	45.0	4.0	58.0	30.0	51.56963748911503	559	28	45	4	58	30	45	4	58	30	116	0	0.04687142372131348	56000	28.498049020767212	130	99.76785714285714	
51.56963748911504	45.0	4.0	58.0	30.0	51.56963748911503	560	28	45	4	58	30	45	4	58	30	116	0	0.062496185302734375	56100	28.560545206069946	130	99.76827094474153	
51.56963748911504	45.0	4.0	58.0	30.0	51.56963748911503	561	28	45	4	58	30	45	4	58	30	116	0	0.04687142372131348	56200	28.60741662979126	130	99.76868327402136	
51.56963748911504	45.0	4.0	58.0	30.0	51.56963748911503	562	28	45	4	58	30	45	4	58	30	116	0	0.04687213897705078	56300	28.65428876876831	130	99.76909413854352	
51.56963748911504	45.0	4.0	58.0	30.0	51.56963748911503	563	28	45	4	58	30	45	4	58	30	116	0	0.04687142372131348	56400	28.701160192489624	130	99.76950354609929	
51.56963748911504	45.0	4.0	58.0	30.0	51.56963748911503	564	28	45	4	58	30	45	4	58	30	116	0	0.06249547004699707	56500	28.76365566253662	130	99.76991150442478	
51.56963748911504	45.0	4.0	58.0	30.0	51.56963748911503	565	28	45	4	58	30	45	4	58	30	116	0	0.04687190055847168	56600	28.810527563095093	130	99.77031802120142	
51.56963748911504	45.0	4.0	58.0	30.0	51.56963748911503	566	28	45	4	58	30	45	4	58	30	116	0	0.062496185302734375	56700	28.873023748397827	130	99.77072310405644	
51.56963748911504	45.0	4.0	58.0	30.0	51.56963748911503	567	28	45	4	58	30	45	4	58	30	116	0	0.031247854232788086	56800	28.904271602630615	130	99.77112676056338	
51.56963748911504	45.0	4.0	58.0	30.0	51.56963748911503	568	28	45	4	58	30	45	4	58	30	116	0	0.06249570846557617	56900	28.96676731109619	130	99.77152899824253	
51.56963748911504	45.0	4.0	58.0	30.0	51.56963748911503	569	28	45	4	58	30	45	4	58	30	116	0	0.04687166213989258	57000	29.013638973236084	130	99.7719298245614	
51.56963748911504	45.0	4.0	58.0	30.0	51.56963748911503	570	28	45	4	58	30	45	4	58	30	116	0	0.031247854232788086	57100	29.044886827468872	130	99.7723292469352	
51.56963748911504	45.0	4.0	58.0	30.0	51.56963748911503	571	28	45	4	58	30	45	4	58	30	116	0	0.04687190055847168	57200	29.091758728027344	130	99.77272727272727	
51.56963748911504	45.0	4.0	58.0	30.0	51.56963748911503	572	28	45	4	58	30	45	4	58	30	116	0	0.06249570846557617	57300	29.15425443649292	130	99.77312390924956	
51.56963748911504	45.0	4.0	58.0	30.0	51.56963748911503	573	28	45	4	58	30	45	4	58	30	116	0	0.04687237739562988	57400	29.20112681388855	130	99.77351916376307	
51.56963748911504	45.0	4.0	58.0	30.0	51.56963748911503	574	28	45	4	58	30	45	4	58	30	116	0	0.06249523162841797	57500	29.263622045516968	130	99.77391304347826	
51.56963748911504	45.0	4.0	58.0	30.0	51.56963748911503	575	28	45	4	58	30	45	4	58	30	116	0	0.06249570846557617	57600	29.326117753982544	130	99.77430555555556	
51.56963748911504	45.0	4.0	58.0	30.0	51.56963748911503	576	28	45	4	58	30	45	4	58	30	116	0	0.04687190055847168	57700	29.372989654541016	130	99.77469670710572	
51.56963748911504	45.0	4.0	58.0	30.0	51.56963748911503	577	28	45	4	58	30	45	4	58	30	116	0	0.031247854232788086	57800	29.404237508773804	130	99.77508650519032	
51.56963748911504	45.0	4.0	58.0	30.0	51.56963748911503	578	28	45	4	58	30	45	4	58	30	116	0	0.04687166213989258	57900	29.451109170913696	130	99.77547495682211	
51.56963748911504	45.0	4.0	58.0	30.0	51.56963748911503	579	28	45	4	58	30	45	4	58	30	116	0	0.031247615814208984	58000	29.482356786727905	130	99.77586206896552	
51.56963748911504	45.0	4.0	58.0	30.0	51.56963748911503	580	28	45	4	58	30	45	4	58	30	116	0	0.04687142372131348	58100	29.52922821044922	130	99.77624784853701	
51.56963748911504	45.0	4.0	58.0	30.0	51.56963748911503	581	28	45	4	58	30	45	4	58	30	116	0	0.04687213897705078	58200	29.57610034942627	130	99.7766323024055	
51.56963748911504	45.0	4.0	58.0	30.0	51.56963748911503	582	28	45	4	58	30	45	4	58	30	116	0	0.04687190055847168	58300	29.62297224998474	130	99.77701543739279	
51.56963748911504	45.0	4.0	58.0	30.0	51.56963748911503	583	28	45	4	58	30	45	4	58	30	116	0	0.04687190055847168	58400	29.669844150543213	130	99.77739726027397	
51.56963748911504	45.0	4.0	58.0	30.0	51.56963748911503	584	28	45	4	58	30	45	4	58	30	116	0	0.04687213897705078	58500	29.716716289520264	130	99.77777777777777	
51.56963748911504	45.0	4.0	58.0	30.0	51.56963748911503	585	28	45	4	58	30	45	4	58	30	116	0	0.046871185302734375	58600	29.763587474822998	130	99.77815699658703	
51.56963748911504	45.0	4.0	58.0	30.0	51.56963748911503	586	28	45	4	58	30	45	4	58	30	116	0	0.04687190055847168	58700	29.81045937538147	130	99.77853492333901	
51.56963748911504	45.0	4.0	58.0	30.0	51.56963748911503	587	28	45	4	58	30	45	4	58	30	116	0	0.06249666213989258	58800	29.872956037521362	130	99.77891156462584	
51.56963748911504	45.0	4.0	58.0	30.0	51.56963748911503	588	28	45	4	58	30	45	4	58	30	116	0	0.04687070846557617	58900	29.91982674598694	130	99.77928692699491	
51.56963748911504	45.0	4.0	58.0	30.0	51.56963748911503	589	28	45	4	58	30	45	4	58	30	116	0	0.031247615814208984	59000	29.951074361801147	130	99.77966101694915	
51.56963748911504	45.0	4.0	58.0	30.0	51.56963748911503	590	28	45	4	58	30	45	4	58	30	116	0	0.046872615814208984	59100	29.997946977615356	130	99.78003384094755	
51.56963748911504	45.0	4.0	58.0	30.0	51.56963748911503	591	28	45	4	58	30	45	4	58	30	116	0	0.06249570846557617	59200	30.060442686080933	130	99.7804054054054	
51.56963748911504	45.0	4.0	58.0	30.0	51.56963748911503	592	28	45	4	58	30	45	4	58	30	116	0	0.06249547004699707	59300	30.12293815612793	130	99.78077571669478	
51.56963748911504	45.0	4.0	58.0	30.0	51.56963748911503	593	28	45	4	58	30	45	4	58	30	116	0	0.04687190055847168	59400	30.1698100566864	130	99.78114478114477	
51.56963748911504	45.0	4.0	58.0	30.0	51.56963748911503	594	28	45	4	58	30	45	4	58	30	116	0	0.04687213897705078	59500	30.216682195663452	130	99.78151260504201	
51.56963748911504	45.0	4.0	58.0	30.0	51.56963748911503	595	28	45	4	58	30	45	4	58	30	116	0	0.04687142372131348	59600	30.263553619384766	130	99.78187919463087	
51.56963748911504	45.0	4.0	58.0	30.0	51.56963748911503	596	28	45	4	58	30	45	4	58	30	116	0	0.06249547004699707	59700	30.326049089431763	130	99.78224455611391	
51.56963748911504	45.0	4.0	58.0	30.0	51.56963748911503	597	28	45	4	58	30	45	4	58	30	116	0	0.03124856948852539	59800	30.357297658920288	130	99.78260869565217	
51.56963748911504	45.0	4.0	58.0	30.0	51.56963748911503	598	28	45	4	58	30	45	4	58	30	116	0	0.04687094688415527	59900	30.404168605804443	130	99.78297161936561	
51.56963748911504	45.0	4.0	58.0	30.0	51.56963748911503	599	28	45	4	58	30	45	4	58	30	116	0	0.04687190055847168	60000	30.451040506362915	130	99.78333333333333	
51.56963748911504	45.0	4.0	58.0	30.0	51.56963748911503	600	28	45	4	58	30	45	4	58	30	116	0	0.04687166213989258	60100	30.497912168502808	130	99.78369384359401	
51.56963748911504	45.0	4.0	58.0	30.0	51.56963748911503	601	28	45	4	58	30	45	4	58	30	116	0	0.04687237739562988	60200	30.544784545898438	130	99.78405315614619	
51.56963748911504	45.0	4.0	58.0	30.0	51.56963748911503	602	28	45	4	58	30	45	4	58	30	116	0	0.04687142372131348	60300	30.59165596961975	130	99.78441127694859	
51.56963748911504	45.0	4.0	58.0	30.0	51.56963748911503	603	28	45	4	58	30	45	4	58	30	116	0	0.04687166213989258	60400	30.638527631759644	130	99.78476821192054	
51.56963748911504	45.0	4.0	58.0	30.0	51.56963748911503	604	28	45	4	58	30	45	4	58	30	116	0	0.031248807907104492	60500	30.669776439666748	130	99.78512396694215	
51.56963748911504	45.0	4.0	58.0	30.0	51.56963748911503	605	28	45	4	58	30	45	4	58	30	116	0	0.062494754791259766	60600	30.732271194458008	130	99.78547854785478	
51.56963748911504	45.0	4.0	58.0	30.0	51.56963748911503	606	28	45	4	58	30	45	4	58	30	116	0	0.031248092651367188	60700	30.763519287109375	130	99.78583196046128	
51.56963748911504	45.0	4.0	58.0	30.0	51.56963748911503	607	28	45	4	58	30	45	4	58	30	116	0	0.04687166213989258	60800	30.810390949249268	130	99.78618421052632	
51.56963748911504	45.0	4.0	58.0	30.0	51.56963748911503	608	28	45	4	58	30	45	4	58	30	116	0	0.04687142372131348	60900	30.85726237297058	130	99.78653530377669	
51.56963748911504	45.0	4.0	58.0	30.0	51.56963748911503	609	28	45	4	58	30	45	4	58	30	116	0	0.06249642372131348	61000	30.919758796691895	130	99.78688524590164	
51.56963748911504	45.0	4.0	58.0	30.0	51.56963748911503	610	28	45	4	58	30	45	4	58	30	116	0	0.031247615814208984	61100	30.951006412506104	130	99.7872340425532	
51.56963748911504	45.0	4.0	58.0	30.0	51.56963748911503	611	28	45	4	58	30	45	4	58	30	116	0	0.031248807907104492	61200	30.982255220413208	130	99.7875816993464	
51.56963748911504	45.0	4.0	58.0	30.0	51.56963748911503	612	28	45	4	58	30	45	4	58	30	116	0	0.062494754791259766	61300	31.044749975204468	130	99.7879282218597	
51.56963748911504	45.0	4.0	58.0	30.0	51.56963748911503	613	28	45	4	58	30	45	4	58	30	116	0	0.04687190055847168	61400	31.09162187576294	130	99.78827361563518	
51.56963748911504	45.0	4.0	58.0	30.0	51.56963748911503	614	28	45	4	58	30	45	4	58	30	116	0	0.04687190055847168	61500	31.13849377632141	130	99.78861788617886	
51.56963748911504	45.0	4.0	58.0	30.0	51.56963748911503	615	28	45	4	58	30	45	4	58	30	116	0	0.04687213897705078	61600	31.185365915298462	130	99.78896103896103	
51.56963748911504	45.0	4.0	58.0	30.0	51.56963748911503	616	28	45	4	58	30	45	4	58	30	116	0	0.06249499320983887	61700	31.2478609085083	130	99.78930307941653	
51.56963748911504	45.0	4.0	58.0	30.0	51.56963748911503	617	28	45	4	58	30	45	4	58	30	116	0	0.046872854232788086	61800	31.29473376274109	130	99.78964401294499	
51.56963748911504	45.0	4.0	58.0	30.0	51.56963748911503	618	28	45	4	58	30	45	4	58	30	116	0	0.04687142372131348	61900	31.341605186462402	130	99.78998384491115	
51.56963748911504	45.0	4.0	58.0	30.0	51.56963748911503	619	28	45	4	58	30	45	4	58	30	116	0	0.04687166213989258	62000	31.388476848602295	130	99.79032258064517	
51.56963748911504	45.0	4.0	58.0	30.0	51.56963748911503	620	28	45	4	58	30	45	4	58	30	116	0	0.031247615814208984	62100	31.419724464416504	130	99.79066022544283	
51.56963748911504	45.0	4.0	58.0	30.0	51.56963748911503	621	28	45	4	58	30	45	4	58	30	116	0	0.031247615814208984	62200	31.450972080230713	130	99.79099678456592	
51.56963748911504	45.0	4.0	58.0	30.0	51.56963748911503	622	28	45	4	58	30	45	4	58	30	116	0	0.04687190055847168	62300	31.497843980789185	130	99.79133226324238	
51.56963748911504	45.0	4.0	58.0	30.0	51.56963748911503	623	28	45	4	58	30	45	4	58	30	116	0	0.031247615814208984	62400	31.529091596603394	130	99.79166666666667	
51.56963748911504	45.0	4.0	58.0	30.0	51.56963748911503	624	28	45	4	58	30	45	4	58	30	116	0	0.04687190055847168	62500	31.575963497161865	130	99.792	
51.56963748911504	45.0	4.0	58.0	30.0	51.56963748911503	625	28	45	4	58	30	45	4	58	30	116	0	0.04687309265136719	62600	31.622836589813232	130	99.7923322683706	
51.56963748911504	45.0	4.0	58.0	30.0	51.56963748911503	626	28	45	4	58	30	45	4	58	30	116	0	0.04687094688415527	62700	31.669707536697388	130	99.792663476874	
51.56963748911504	45.0	4.0	58.0	30.0	51.56963748911503	627	28	45	4	58	30	45	4	58	30	116	0	0.04687142372131348	62800	31.7165789604187	130	99.79299363057325	
51.56963748911504	45.0	4.0	58.0	30.0	51.56963748911503	628	28	45	4	58	30	45	4	58	30	116	0	0.04687190055847168	62900	31.763450860977173	130	99.7933227344992	
51.56963748911504	45.0	4.0	58.0	30.0	51.56963748911503	629	28	45	4	58	30	45	4	58	30	116	0	0.03124833106994629	63000	31.79469919204712	130	99.7936507936508	
51.56963748911504	45.0	4.0	58.0	30.0	51.56963748911503	630	28	45	4	58	30	45	4	58	30	116	0	0.04687070846557617	63100	31.841569900512695	130	99.79397781299525	
51.56963748911504	45.0	4.0	58.0	30.0	51.56963748911503	631	28	45	4	58	30	45	4	58	30	116	0	0.04687237739562988	63200	31.888442277908325	130	99.79430379746836	
51.56963748911504	45.0	4.0	58.0	30.0	51.56963748911503	632	28	45	4	58	30	45	4	58	30	116	0	0.04687213897705078	63300	31.935314416885376	130	99.79462875197473	
51.56963748911504	45.0	4.0	58.0	30.0	51.56963748911503	633	28	45	4	58	30	45	4	58	30	116	0	0.04687142372131348	63400	31.98218584060669	130	99.79495268138801	
51.56963748911504	45.0	4.0	58.0	30.0	51.56963748911503	634	28	45	4	58	30	45	4	58	30	116	0	0.04687190055847168	63500	32.02905774116516	130	99.79527559055119	
51.56963748911504	45.0	4.0	58.0	30.0	51.56963748911503	635	28	45	4	58	30	45	4	58	30	116	0	0.04687142372131348	63600	32.075929164886475	130	99.79559748427673	
51.56963748911504	45.0	4.0	58.0	30.0	51.56963748911503	636	28	45	4	58	30	45	4	58	30	116	0	0.04687237739562988	63700	32.122801542282104	130	99.79591836734694	
51.56963748911504	45.0	4.0	58.0	30.0	51.56963748911503	637	28	45	4	58	30	45	4	58	30	116	0	0.04687166213989258	63800	32.169673204422	130	99.7962382445141	
51.56963748911504	45.0	4.0	58.0	30.0	51.56963748911503	638	28	45	4	58	30	45	4	58	30	116	0	0.046871185302734375	63900	32.21654438972473	130	99.79655712050078	
51.56963748911504	45.0	4.0	58.0	30.0	51.56963748911503	639	28	45	4	58	30	45	4	58	30	116	0	0.04687213897705078	64000	32.26341652870178	130	99.796875	
51.56963748911504	45.0	4.0	58.0	30.0	51.56963748911503	640	28	45	4	58	30	45	4	58	30	116	0	0.04687166213989258	64100	32.310288190841675	130	99.79719188767551	
51.56963748911504	45.0	4.0	58.0	30.0	51.56963748911503	641	28	45	4	58	30	45	4	58	30	116	0	0.04687237739562988	64200	32.357160568237305	130	99.797507788162	
51.56963748911504	45.0	4.0	58.0	30.0	51.56963748911503	642	28	45	4	58	30	45	4	58	30	116	0	0.06249547004699707	64300	32.4196560382843	130	99.79782270606532	
51.56963748911504	45.0	4.0	58.0	30.0	51.56963748911503	643	28	45	4	58	30	45	4	58	30	116	0	0.04687190055847168	64400	32.46652793884277	130	99.79813664596273	
51.56963748911504	45.0	4.0	58.0	30.0	51.56963748911503	644	28	45	4	58	30	45	4	58	30	116	0	0.04687166213989258	64500	32.513399600982666	130	99.7984496124031	
51.56963748911504	45.0	4.0	58.0	30.0	51.56963748911503	645	28	45	4	58	30	45	4	58	30	116	0	0.031247854232788086	64600	32.544647455215454	130	99.79876160990712	
51.56963748911504	45.0	4.0	58.0	30.0	51.56963748911503	646	28	45	4	58	30	45	4	58	30	116	0	0.04687166213989258	64700	32.59151911735535	130	99.79907264296754	
51.56963748911504	45.0	4.0	58.0	30.0	51.56963748911503	647	28	45	4	58	30	45	4	58	30	116	0	0.06249570846557617	64800	32.65401482582092	130	99.79938271604938	
51.56963748911504	45.0	4.0	58.0	30.0	51.56963748911503	648	28	45	4	58	30	45	4	58	30	116	0	0.03124856948852539	64900	32.68526339530945	130	99.79969183359015	
51.56963748911504	45.0	4.0	58.0	30.0	51.56963748911503	649	28	45	4	58	30	45	4	58	30	116	0	0.06249690055847168	65000	32.74776029586792	130	99.8	
51.56963748911504	45.0	4.0	58.0	30.0	51.56963748911503	650	28	45	4	58	30	45	4	58	30	116	0	0.04687070846557617	65100	32.794631004333496	130	99.80030721966206	
51.56963748911504	45.0	4.0	58.0	30.0	51.56963748911503	651	28	45	4	58	30	45	4	58	30	116	0	0.06249642372131348	65200	32.85712742805481	130	99.80061349693251	
51.56963748911504	45.0	4.0	58.0	30.0	51.56963748911503	652	28	45	4	58	30	45	4	58	30	116	0	0.04687047004699707	65300	32.90399789810181	130	99.8009188361409	
51.56963748911504	45.0	4.0	58.0	30.0	51.56963748911503	653	28	45	4	58	30	45	4	58	30	116	0	0.04687166213989258	65400	32.9508695602417	130	99.80122324159021	
51.56963748911504	45.0	4.0	58.0	30.0	51.56963748911503	654	28	45	4	58	30	45	4	58	30	116	0	0.046872615814208984	65500	32.99774217605591	130	99.80152671755725	
51.56963748911504	45.0	4.0	58.0	30.0	51.56963748911503	655	28	45	4	58	30	45	4	58	30	116	0	0.04687237739562988	65600	33.04461455345154	130	99.80182926829268	
51.56963748911504	45.0	4.0	58.0	30.0	51.56963748911503	656	28	45	4	58	30	45	4	58	30	116	0	0.031249284744262695	65700	33.0758638381958	130	99.8021308980213	
51.56963748911504	45.0	4.0	58.0	30.0	51.56963748911503	657	28	45	4	58	30	45	4	58	30	116	0	0.031246662139892578	65800	33.10711050033569	130	99.80243161094225	
51.56963748911504	45.0	4.0	58.0	30.0	51.56963748911503	658	28	45	4	58	30	45	4	58	30	116	0	0.0468747615814209	65900	33.153985261917114	130	99.80273141122913	
51.56963748911504	45.0	4.0	58.0	30.0	51.56963748911503	659	28	45	4	58	30	45	4	58	30	116	0	0.04687213897705078	66000	33.200857400894165	130	99.8030303030303	
51.56963748911504	45.0	4.0	58.0	30.0	51.56963748911503	660	28	45	4	58	30	45	4	58	30	116	0	0.046868324279785156	66100	33.24772572517395	130	99.80332829046898	
51.56963748911504	45.0	4.0	58.0	30.0	51.56963748911503	661	28	45	4	58	30	45	4	58	30	116	0	0.04687333106994629	66200	33.2945990562439	130	99.8036253776435	
51.56963748911504	45.0	4.0	58.0	30.0	51.56963748911503	662	28	45	4	58	30	45	4	58	30	116	0	0.046869754791259766	66300	33.341468811035156	130	99.80392156862744	
51.56963748911504	45.0	4.0	58.0	30.0	51.56963748911503	663	28	45	4	58	30	45	4	58	30	116	0	0.04687166213989258	66400	33.38834047317505	130	99.80421686746988	
51.56963748911504	45.0	4.0	58.0	30.0	51.56963748911503	664	28	45	4	58	30	45	4	58	30	116	0	0.06249594688415527	66500	33.450836420059204	130	99.80451127819549	
51.56963748911504	45.0	4.0	58.0	30.0	51.56963748911503	665	28	45	4	58	30	45	4	58	30	116	0	0.04687190055847168	66600	33.497708320617676	130	99.8048048048048	
51.56963748911504	45.0	4.0	58.0	30.0	51.56963748911503	666	28	45	4	58	30	45	4	58	30	116	0	0.06249499320983887	66700	33.560203313827515	130	99.80509745127436	
51.56963748911504	45.0	4.0	58.0	30.0	51.56963748911503	667	28	45	4	58	30	45	4	58	30	116	0	0.046872854232788086	66800	33.6070761680603	130	99.80538922155688	
51.56963748911504	45.0	4.0	58.0	30.0	51.56963748911503	668	28	45	4	58	30	45	4	58	30	116	0	0.031247615814208984	66900	33.63832378387451	130	99.80568011958147	
51.56963748911504	45.0	4.0	58.0	30.0	51.56963748911503	669	28	45	4	58	30	45	4	58	30	116	0	0.04687190055847168	67000	33.68519568443298	130	99.80597014925372	
51.56963748911504	45.0	4.0	58.0	30.0	51.56963748911503	670	28	45	4	58	30	45	4	58	30	116	0	0.06249570846557617	67100	33.74769139289856	130	99.80625931445604	
51.56963748911504	45.0	4.0	58.0	30.0	51.56963748911503	671	28	45	4	58	30	45	4	58	30	116	0	0.015624046325683594	67200	33.76331543922424	130	99.80654761904762	
51.56963748911504	45.0	4.0	58.0	30.0	51.56963748911503	672	28	45	4	58	30	45	4	58	30	116	0	0.06249594688415527	67300	33.8258113861084	130	99.80683506686478	
51.56963748911504	45.0	4.0	58.0	30.0	51.56963748911503	673	28	45	4	58	30	45	4	58	30	116	0	0.04687166213989258	67400	33.87268304824829	130	99.80712166172107	
51.56963748911504	45.0	4.0	58.0	30.0	51.56963748911503	674	28	45	4	58	30	45	4	58	30	116	0	0.06249523162841797	67500	33.93517827987671	130	99.80740740740741	
51.56963748911504	45.0	4.0	58.0	30.0	51.56963748911503	675	28	45	4	58	30	45	4	58	30	116	0	0.04687166213989258	67600	33.9820499420166	130	99.8076923076923	
51.56963748911504	45.0	4.0	58.0	30.0	51.56963748911503	676	28	45	4	58	30	45	4	58	30	116	0	0.04687190055847168	67700	34.02892184257507	130	99.80797636632201	
51.56963748911504	45.0	4.0	58.0	30.0	51.56963748911503	677	28	45	4	58	30	45	4	58	30	116	0	0.06249594688415527	67800	34.09141778945923	130	99.80825958702064	
51.56963748911504	45.0	4.0	58.0	30.0	51.56963748911503	678	28	45	4	58	30	45	4	58	30	116	0	0.04687380790710449	67900	34.13829159736633	130	99.80854197349042	
51.56963748911504	45.0	4.0	58.0	30.0	51.56963748911503	679	28	45	4	58	30	45	4	58	30	116	0	0.046869754791259766	68000	34.18516135215759	130	99.80882352941177	
51.56963748911504	45.0	4.0	58.0	30.0	51.56963748911503	680	28	45	4	58	30	45	4	58	30	116	0	0.03124833106994629	68100	34.21640968322754	130	99.80910425844347	
51.56963748911504	45.0	4.0	58.0	30.0	51.56963748911503	681	28	45	4	58	30	45	4	58	30	116	0	0.06249523162841797	68200	34.27890491485596	130	99.80938416422288	
51.56963748911504	45.0	4.0	58.0	30.0	51.56963748911503	682	28	45	4	58	30	45	4	58	30	116	0	0.04687142372131348	68300	34.32577633857727	130	99.80966325036603	
51.56963748911504	45.0	4.0	58.0	30.0	51.56963748911503	683	28	45	4	58	30	45	4	58	30	116	0	0.04687190055847168	68400	34.37264823913574	130	99.80994152046783	
51.56963748911504	45.0	4.0	58.0	30.0	51.56963748911503	684	28	45	4	58	30	45	4	58	30	116	0	0.046872854232788086	68500	34.41952109336853	130	99.81021897810218	
51.56963748911504	45.0	4.0	58.0	30.0	51.56963748911503	685	28	45	4	58	30	45	4	58	30	116	0	0.031247615814208984	68600	34.45076870918274	130	99.81049562682216	
51.56963748911504	45.0	4.0	58.0	30.0	51.56963748911503	686	28	45	4	58	30	45	4	58	30	116	0	0.031247854232788086	68700	34.48201656341553	130	99.81077147016012	
51.56963748911504	45.0	4.0	58.0	30.0	51.56963748911503	687	28	45	4	58	30	45	4	58	30	116	0	0.03124713897705078	68800	34.51326370239258	130	99.81104651162791	
51.56963748911504	45.0	4.0	58.0	30.0	51.56963748911503	688	28	45	4	58	30	45	4	58	30	116	0	0.04687142372131348	68900	34.56013512611389	130	99.81132075471699	
51.56963748911504	45.0	4.0	58.0	30.0	51.56963748911503	689	28	45	4	58	30	45	4	58	30	116	0	0.04687190055847168	69000	34.60700702667236	130	99.81159420289855	
51.56963748911504	45.0	4.0	58.0	30.0	51.56963748911503	690	28	45	4	58	30	45	4	58	30	116	0	0.046872615814208984	69100	34.65387964248657	130	99.81186685962373	
51.56963748911504	45.0	4.0	58.0	30.0	51.56963748911503	691	28	45	4	58	30	45	4	58	30	116	0	0.031247615814208984	69200	34.68512725830078	130	99.8121387283237	
51.56963748911504	45.0	4.0	58.0	30.0	51.56963748911503	692	28	45	4	58	30	45	4	58	30	116	0	0.04687094688415527	69300	34.73199820518494	130	99.81240981240981	
51.56963748911504	45.0	4.0	58.0	30.0	51.56963748911503	693	28	45	4	58	30	45	4	58	30	116	0	0.046872854232788086	69400	34.778871059417725	130	99.81268011527378	
51.56963748911504	45.0	4.0	58.0	30.0	51.56963748911503	694	28	45	4	58	30	45	4	58	30	116	0	0.031246662139892578	69500	34.81011772155762	130	99.81294964028777	
51.56963748911504	45.0	4.0	58.0	30.0	51.56963748911503	695	28	45	4	58	30	45	4	58	30	116	0	0.06249642372131348	69600	34.87261414527893	130	99.8132183908046	
51.56963748911504	45.0	4.0	58.0	30.0	51.56963748911503	696	28	45	4	58	30	45	4	58	30	116	0	0.04687094688415527	69700	34.919485092163086	130	99.81348637015782	
51.56963748911504	45.0	4.0	58.0	30.0	51.56963748911503	697	28	45	4	58	30	45	4	58	30	116	0	0.03124833106994629	69800	34.95073342323303	130	99.81375358166189	
51.56963748911504	45.0	4.0	58.0	30.0	51.56963748911503	698	28	45	4	58	30	45	4	58	30	116	0	0.04687190055847168	69900	34.997605323791504	130	99.8140200286123	
51.56963748911504	45.0	4.0	58.0	30.0	51.56963748911503	699	28	45	4	58	30	45	4	58	30	116	0	0.04687309265136719	70000	35.04447841644287	130	99.81428571428572	
51.56963748911504	45.0	4.0	58.0	30.0	51.56963748911503	700	28	45	4	58	30	45	4	58	30	116	0	0.06249547004699707	70100	35.10697388648987	130	99.81455064194009	
51.56963748911504	45.0	4.0	58.0	30.0	51.56963748911503	701	28	45	4	58	30	45	4	58	30	116	0	0.04687070846557617	70200	35.153844594955444	130	99.81481481481481	
51.56963748911504	45.0	4.0	58.0	30.0	51.56963748911503	702	28	45	4	58	30	45	4	58	30	116	0	0.04687237739562988	70300	35.200716972351074	130	99.81507823613087	
51.56963748911504	45.0	4.0	58.0	30.0	51.56963748911503	703	28	45	4	58	30	45	4	58	30	116	0	0.04687213897705078	70400	35.247589111328125	130	99.8153409090909	
51.56963748911504	45.0	4.0	58.0	30.0	51.56963748911503	704	28	45	4	58	30	45	4	58	30	116	0	0.04687309265136719	70500	35.29446220397949	130	99.81560283687944	
51.56963748911504	45.0	4.0	58.0	30.0	51.56963748911503	705	28	45	4	58	30	45	4	58	30	116	0	0.04686880111694336	70600	35.341331005096436	130	99.8158640226629	
51.56963748911504	45.0	4.0	58.0	30.0	51.56963748911503	706	28	45	4	58	30	45	4	58	30	116	0	0.062499046325683594	70700	35.40383005142212	130	99.81612446958981	
51.56963748911504	45.0	4.0	58.0	30.0	51.56963748911503	707	28	45	4	58	30	45	4	58	30	116	0	0.04686999320983887	70800	35.45070004463196	130	99.81638418079096	
51.56963748911504	45.0	4.0	58.0	30.0	51.56963748911503	708	28	45	4	58	30	45	4	58	30	116	0	0.06249523162841797	70900	35.513195276260376	130	99.81664315937941	
51.56963748911504	45.0	4.0	58.0	30.0	51.56963748911503	709	28	45	4	58	30	45	4	58	30	116	0	0.06249594688415527	71000	35.57569122314453	130	99.8169014084507	
51.56963748911504	45.0	4.0	58.0	30.0	51.56963748911503	710	28	45	4	58	30	45	4	58	30	116	0	0.031248092651367188	71100	35.6069393157959	130	99.81715893108299	
51.56963748911504	45.0	4.0	58.0	30.0	51.56963748911503	711	28	45	4	58	30	45	4	58	30	116	0	0.04687094688415527	71200	35.653810262680054	130	99.81741573033707	
51.56963748911504	45.0	4.0	58.0	30.0	51.56963748911503	712	28	45	4	58	30	45	4	58	30	116	0	0.031249046325683594	71300	35.68505930900574	130	99.81767180925667	
51.56963748911504	45.0	4.0	58.0	30.0	51.56963748911503	713	28	45	4	58	30	45	4	58	30	116	0	0.04687142372131348	71400	35.73193073272705	130	99.81792717086834	
51.56963748911504	45.0	4.0	58.0	30.0	51.56963748911503	714	28	45	4	58	30	45	4	58	30	116	0	0.031248807907104492	71500	35.763179540634155	130	99.81818181818181	
51.56963748911504	45.0	4.0	58.0	30.0	51.56963748911503	715	28	45	4	58	30	45	4	58	30	116	0	0.046869754791259766	71600	35.810049295425415	130	99.81843575418995	
51.56963748911504	45.0	4.0	58.0	30.0	51.56963748911503	716	28	45	4	58	30	45	4	58	30	116	0	0.04687190055847168	71700	35.85692119598389	130	99.8186889818689	
51.56963748911504	45.0	4.0	58.0	30.0	51.56963748911503	717	28	45	4	58	30	45	4	58	30	116	0	0.04687309265136719	71800	35.903794288635254	130	99.81894150417827	
51.56963748911504	45.0	4.0	58.0	30.0	51.56963748911503	718	28	45	4	58	30	45	4	58	30	116	0	0.06249523162841797	71900	35.96628952026367	130	99.8191933240612	
51.56963748911504	45.0	4.0	58.0	30.0	51.56963748911503	719	28	45	4	58	30	45	4	58	30	116	0	0.04687190055847168	72000	36.013161420822144	130	99.81944444444444	
51.56963748911504	45.0	4.0	58.0	30.0	51.56963748911503	720	28	45	4	58	30	45	4	58	30	116	0	0.04687142372131348	72100	36.06003284454346	130	99.81969486823856	
51.56963748911504	45.0	4.0	58.0	30.0	51.56963748911503	721	28	45	4	58	30	45	4	58	30	116	0	0.04687213897705078	72200	36.10690498352051	130	99.81994459833795	
51.56963748911504	45.0	4.0	58.0	30.0	51.56963748911503	722	28	45	4	58	30	45	4	58	30	116	0	0.046871185302734375	72300	36.15377616882324	130	99.82019363762102	
51.56963748911504	45.0	4.0	58.0	30.0	51.56963748911503	723	28	45	4	58	30	45	4	58	30	116	0	0.031247854232788086	72400	36.18502402305603	130	99.82044198895028	
51.56963748911504	45.0	4.0	58.0	30.0	51.56963748911503	724	28	45	4	58	30	45	4	58	30	116	0	0.04687333106994629	72500	36.23189735412598	130	99.82068965517242	
51.56963748911504	45.0	4.0	58.0	30.0	51.56963748911503	725	28	45	4	58	30	45	4	58	30	116	0	0.04686903953552246	72600	36.2787663936615	130	99.82093663911846	
51.56963748911504	45.0	4.0	58.0	30.0	51.56963748911503	726	28	45	4	58	30	45	4	58	30	116	0	0.04687237739562988	72700	36.32563877105713	130	99.82118294360386	
51.56963748911504	45.0	4.0	58.0	30.0	51.56963748911503	727	28	45	4	58	30	45	4	58	30	116	0	0.04687237739562988	72800	36.37251114845276	130	99.82142857142857	
51.56963748911504	45.0	4.0	58.0	30.0	51.56963748911503	728	28	45	4	58	30	45	4	58	30	116	0	0.04687142372131348	72900	36.41938257217407	130	99.82167352537724	
51.56963748911504	45.0	4.0	58.0	30.0	51.56963748911503	729	28	45	4	58	30	45	4	58	30	116	0	0.06249523162841797	73000	36.48187780380249	130	99.82191780821918	
51.56963748911504	45.0	4.0	58.0	30.0	51.56963748911503	730	28	45	4	58	30	45	4	58	30	116	0	0.04687190055847168	73100	36.52874970436096	130	99.82216142270862	
51.56963748911504	45.0	4.0	58.0	30.0	51.56963748911503	731	28	45	4	58	30	45	4	58	30	116	0	0.06249570846557617	73200	36.59124541282654	130	99.8224043715847	
51.56963748911504	45.0	4.0	58.0	30.0	51.56963748911503	732	28	45	4	58	30	45	4	58	30	116	0	0.04687190055847168	73300	36.63811731338501	130	99.82264665757162	
51.56963748911504	45.0	4.0	58.0	30.0	51.56963748911503	733	28	45	4	58	30	45	4	58	30	116	0	0.04687142372131348	73400	36.68498873710632	130	99.82288828337875	
51.56963748911504	45.0	4.0	58.0	30.0	51.56963748911503	734	28	45	4	58	30	45	4	58	30	116	0	0.06249570846557617	73500	36.7474844455719	130	99.82312925170068	
51.56963748911504	45.0	4.0	58.0	30.0	51.56963748911503	735	28	45	4	58	30	45	4	58	30	116	0	0.04687213897705078	73600	36.79435658454895	130	99.82336956521739	
51.56963748911504	45.0	4.0	58.0	30.0	51.56963748911503	736	28	45	4	58	30	45	4	58	30	116	0	0.031247854232788086	73700	36.82560443878174	130	99.8236092265943	
51.56963748911504	45.0	4.0	58.0	30.0	51.56963748911503	737	28	45	4	58	30	45	4	58	30	116	0	0.031247854232788086	73800	36.856852293014526	130	99.82384823848238	
51.56963748911504	45.0	4.0	58.0	30.0	51.56963748911503	738	28	45	4	58	30	45	4	58	30	116	0	0.031247854232788086	73900	36.888100147247314	130	99.82408660351827	
51.56963748911504	45.0	4.0	58.0	30.0	51.56963748911503	739	28	45	4	58	30	45	4	58	30	116	0	0.04687190055847168	74000	36.934972047805786	130	99.82432432432432	
51.56963748911504	45.0	4.0	58.0	30.0	51.56963748911503	740	28	45	4	58	30	45	4	58	30	116	0	0.06249570846557617	74100	36.99746775627136	130	99.82456140350877	
51.56963748911504	45.0	4.0	58.0	30.0	51.56963748911503	741	28	45	4	58	30	45	4	58	30	116	0	0.04687142372131348	74200	37.044339179992676	130	99.82479784366576	
51.56963748911504	45.0	4.0	58.0	30.0	51.56963748911503	742	28	45	4	58	30	45	4	58	30	116	0	0.04687213897705078	74300	37.09121131896973	130	99.8250336473755	
51.56963748911504	45.0	4.0	58.0	30.0	51.56963748911503	743	28	45	4	58	30	45	4	58	30	116	0	0.04687190055847168	74400	37.1380832195282	130	99.8252688172043	
51.56963748911504	45.0	4.0	58.0	30.0	51.56963748911503	744	28	45	4	58	30	45	4	58	30	116	0	0.04687142372131348	74500	37.18495464324951	130	99.8255033557047	
51.56963748911504	45.0	4.0	58.0	30.0	51.56963748911503	745	28	45	4	58	30	45	4	58	30	116	0	0.04687190055847168	74600	37.23182654380798	130	99.82573726541555	
51.56963748911504	45.0	4.0	58.0	30.0	51.56963748911503	746	28	45	4	58	30	45	4	58	30	116	0	0.04687213897705078	74700	37.278698682785034	130	99.82597054886212	
51.56963748911504	45.0	4.0	58.0	30.0	51.56963748911503	747	28	45	4	58	30	45	4	58	30	116	0	0.046871185302734375	74800	37.32556986808777	130	99.82620320855615	
51.56963748911504	45.0	4.0	58.0	30.0	51.56963748911503	748	28	45	4	58	30	45	4	58	30	116	0	0.0468747615814209	74900	37.37244462966919	130	99.826435246996	
51.56963748911504	45.0	4.0	58.0	30.0	51.56963748911503	749	28	45	4	58	30	45	4	58	30	116	0	0.04686880111694336	75000	37.41931343078613	130	99.82666666666667	
51.56963748911504	45.0	4.0	58.0	30.0	51.56963748911503	750	28	45	4	58	30	45	4	58	30	116	0	0.046872615814208984	75100	37.46618604660034	130	99.82689747003995	
51.56963748911504	45.0	4.0	58.0	30.0	51.56963748911503	751	28	45	4	58	30	45	4	58	30	116	0	0.015623807907104492	75200	37.481809854507446	130	99.82712765957447	
51.56963748911504	45.0	4.0	58.0	30.0	51.56963748911503	752	28	45	4	58	30	45	4	58	30	116	0	0.04687142372131348	75300	37.52868127822876	130	99.8273572377158	
51.56963748911504	45.0	4.0	58.0	30.0	51.56963748911503	753	28	45	4	58	30	45	4	58	30	116	0	0.06249570846557617	75400	37.591176986694336	130	99.82758620689656	
51.56963748911504	45.0	4.0	58.0	30.0	51.56963748911503	754	28	45	4	58	30	45	4	58	30	116	0	0.04687166213989258	75500	37.63804864883423	130	99.82781456953643	
51.56963748911504	45.0	4.0	58.0	30.0	51.56963748911503	755	28	45	4	58	30	45	4	58	30	116	0	0.031247854232788086	75600	37.66929650306702	130	99.82804232804233	
51.56963748911504	45.0	4.0	58.0	30.0	51.56963748911503	756	28	45	4	58	30	45	4	58	30	116	0	0.031248092651367188	75700	37.700544595718384	130	99.82826948480846	
51.56963748911504	45.0	4.0	58.0	30.0	51.56963748911503	757	28	45	4	58	30	45	4	58	30	116	0	0.031247377395629883	75800	37.731791973114014	130	99.82849604221636	
51.56963748911504	45.0	4.0	58.0	30.0	51.56963748911503	758	28	45	4	58	30	45	4	58	30	116	0	0.06249594688415527	75900	37.79428791999817	130	99.82872200263505	
51.56963748911504	45.0	4.0	58.0	30.0	51.56963748911503	759	28	45	4	58	30	45	4	58	30	116	0	0.04687190055847168	76000	37.84115982055664	130	99.82894736842105	
51.56963748911504	45.0	4.0	58.0	30.0	51.56963748911503	760	28	45	4	58	30	45	4	58	30	116	0	0.04687166213989258	76100	37.88803148269653	130	99.82917214191853	
51.56963748911504	45.0	4.0	58.0	30.0	51.56963748911503	761	28	45	4	58	30	45	4	58	30	116	0	0.06249642372131348	76200	37.95052790641785	130	99.82939632545931	
51.56963748911504	45.0	4.0	58.0	30.0	51.56963748911503	762	28	45	4	58	30	45	4	58	30	116	0	0.04687142372131348	76300	37.99739933013916	130	99.82961992136305	
51.56963748911504	45.0	4.0	58.0	30.0	51.56963748911503	763	28	45	4	58	30	45	4	58	30	116	0	0.04687190055847168	76400	38.04427123069763	130	99.82984293193718	
51.56963748911504	45.0	4.0	58.0	30.0	51.56963748911503	764	28	45	4	58	30	45	4	58	30	116	0	0.04687142372131348	76500	38.091142654418945	130	99.83006535947712	
51.56963748911504	45.0	4.0	58.0	30.0	51.56963748911503	765	28	45	4	58	30	45	4	58	30	116	0	0.04687190055847168	76600	38.13801455497742	130	99.83028720626632	
51.56963748911504	45.0	4.0	58.0	30.0	51.56963748911503	766	28	45	4	58	30	45	4	58	30	116	0	0.04687166213989258	76700	38.18488621711731	130	99.83050847457628	
51.56963748911504	45.0	4.0	58.0	30.0	51.56963748911503	767	28	45	4	58	30	45	4	58	30	116	0	0.04687166213989258	76800	38.2317578792572	130	99.83072916666667	
51.56963748911504	45.0	4.0	58.0	30.0	51.56963748911503	768	28	45	4	58	30	45	4	58	30	116	0	0.031248092651367188	76900	38.26300597190857	130	99.83094928478543	
51.56963748911504	45.0	4.0	58.0	30.0	51.56963748911503	769	28	45	4	58	30	45	4	58	30	116	0	0.06249642372131348	77000	38.32550239562988	130	99.83116883116882	
51.56963748911504	45.0	4.0	58.0	30.0	51.56963748911503	770	28	45	4	58	30	45	4	58	30	116	0	0.031247615814208984	77100	38.35675001144409	130	99.8313878080415	
51.56963748911504	45.0	4.0	58.0	30.0	51.56963748911503	771	28	45	4	58	30	45	4	58	30	116	0	0.06249523162841797	77200	38.41924524307251	130	99.83160621761658	
51.56963748911504	45.0	4.0	58.0	30.0	51.56963748911503	772	28	45	4	58	30	45	4	58	30	116	0	0.04687190055847168	77300	38.46611714363098	130	99.83182406209573	
51.56963748911504	45.0	4.0	58.0	30.0	51.56963748911503	773	28	45	4	58	30	45	4	58	30	116	0	0.04687213897705078	77400	38.51298928260803	130	99.83204134366925	
51.56963748911504	45.0	4.0	58.0	30.0	51.56963748911503	774	28	45	4	58	30	45	4	58	30	116	0	0.04687190055847168	77500	38.559861183166504	130	99.83225806451613	
51.56963748911504	45.0	4.0	58.0	30.0	51.56963748911503	775	28	45	4	58	30	45	4	58	30	116	0	0.06249523162841797	77600	38.62235641479492	130	99.83247422680412	
51.56963748911504	45.0	4.0	58.0	30.0	51.56963748911503	776	28	45	4	58	30	45	4	58	30	116	0	0.031248092651367188	77700	38.65360450744629	130	99.83268983268984	
51.56963748911504	45.0	4.0	58.0	30.0	51.56963748911503	777	28	45	4	58	30	45	4	58	30	116	0	0.04687142372131348	77800	38.7004759311676	130	99.83290488431876	
51.56963748911504	45.0	4.0	58.0	30.0	51.56963748911503	778	28	45	4	58	30	45	4	58	30	116	0	0.062496185302734375	77900	38.76297211647034	130	99.83311938382542	
51.56963748911504	45.0	4.0	58.0	30.0	51.56963748911503	779	28	45	4	58	30	45	4	58	30	116	0	0.04687142372131348	78000	38.80984354019165	130	99.83333333333333	
51.56963748911504	45.0	4.0	58.0	30.0	51.56963748911503	780	28	45	4	58	30	45	4	58	30	116	0	0.04687237739562988	78100	38.85671591758728	130	99.83354673495519	
51.56963748911504	45.0	4.0	58.0	30.0	51.56963748911503	781	28	45	4	58	30	45	4	58	30	116	0	0.06249499320983887	78200	38.91921091079712	130	99.83375959079284	
51.56963748911504	45.0	4.0	58.0	30.0	51.56963748911503	782	28	45	4	58	30	45	4	58	30	116	0	0.046872615814208984	78300	38.96608352661133	130	99.83397190293742	
51.56963748911504	45.0	4.0	58.0	30.0	51.56963748911503	783	28	45	4	58	30	45	4	58	30	116	0	0.03124833106994629	78400	38.997331857681274	130	99.83418367346938	
51.56963748911504	45.0	4.0	58.0	30.0	51.56963748911503	784	28	45	4	58	30	45	4	58	30	116	0	0.04687094688415527	78500	39.04420280456543	130	99.8343949044586	
51.56963748911504	45.0	4.0	58.0	30.0	51.56963748911503	785	28	45	4	58	30	45	4	58	30	116	0	0.04687166213989258	78600	39.09107446670532	130	99.83460559796438	
51.56963748911504	45.0	4.0	58.0	30.0	51.56963748911503	786	28	45	4	58	30	45	4	58	30	116	0	0.04687190055847168	78700	39.137946367263794	130	99.83481575603558	
51.56963748911504	45.0	4.0	58.0	30.0	51.56963748911503	787	28	45	4	58	30	45	4	58	30	116	0	0.04687190055847168	78800	39.184818267822266	130	99.83502538071066	
51.56963748911504	45.0	4.0	58.0	30.0	51.56963748911503	788	28	45	4	58	30	45	4	58	30	116	0	0.04687190055847168	78900	39.23169016838074	130	99.83523447401774	
51.56963748911504	45.0	4.0	58.0	30.0	51.56963748911503	789	28	45	4	58	30	45	4	58	30	116	0	0.04687142372131348	79000	39.27856159210205	130	99.83544303797468	
51.56963748911504	45.0	4.0	58.0	30.0	51.56963748911503	790	28	45	4	58	30	45	4	58	30	116	0	0.04687213897705078	79100	39.3254337310791	130	99.83565107458912	
51.56963748911504	45.0	4.0	58.0	30.0	51.56963748911503	791	28	45	4	58	30	45	4	58	30	116	0	0.04687142372131348	79200	39.372305154800415	130	99.83585858585859	
51.56963748911504	45.0	4.0	58.0	30.0	51.56963748911503	792	28	45	4	58	30	45	4	58	30	116	0	0.031247854232788086	79300	39.4035530090332	130	99.8360655737705	
51.56963748911504	45.0	4.0	58.0	30.0	51.56963748911503	793	28	45	4	58	30	45	4	58	30	116	0	0.031248092651367188	79400	39.43480110168457	130	99.83627204030226	
51.56963748911504	45.0	4.0	58.0	30.0	51.56963748911503	794	28	45	4	58	30	45	4	58	30	116	0	0.04687142372131348	79500	39.481672525405884	130	99.83647798742139	
51.56963748911504	45.0	4.0	58.0	30.0	51.56963748911503	795	28	45	4	58	30	45	4	58	30	116	0	0.04687213897705078	79600	39.528544664382935	130	99.83668341708542	
51.56963748911504	45.0	4.0	58.0	30.0	51.56963748911503	796	28	45	4	58	30	45	4	58	30	116	0	0.031248092651367188	79700	39.5597927570343	130	99.83688833124216	
51.56963748911504	45.0	4.0	58.0	30.0	51.56963748911503	797	28	45	4	58	30	45	4	58	30	116	0	0.031247377395629883	79800	39.59104013442993	130	99.83709273182957	
51.56963748911504	45.0	4.0	58.0	30.0	51.56963748911503	798	28	45	4	58	30	45	4	58	30	116	0	0.031247615814208984	79900	39.62228775024414	130	99.83729662077597	
51.56963748911504	45.0	4.0	58.0	30.0	51.56963748911503	799	28	45	4	58	30	45	4	58	30	116	0	0.04687309265136719	80000	39.66916084289551	130	99.8375	
51.56963748911504	45.0	4.0	58.0	30.0	51.56963748911503	800	28	45	4	58	30	45	4	58	30	116	0	0.04687213897705078	80100	39.71603298187256	130	99.83770287141074	
51.56963748911504	45.0	4.0	58.0	30.0	51.56963748911503	801	28	45	4	58	30	45	4	58	30	116	0	0.06249570846557617	80200	39.778528690338135	130	99.83790523690773	
51.56963748911504	45.0	4.0	58.0	30.0	51.56963748911503	802	28	45	4	58	30	45	4	58	30	116	0	0.06249547004699707	80300	39.84102416038513	130	99.83810709838107	
51.56963748911504	45.0	4.0	58.0	30.0	51.56963748911503	803	28	45	4	58	30	45	4	58	30	116	0	0.04687190055847168	80400	39.8878960609436	130	99.83830845771145	
51.56963748911504	45.0	4.0	58.0	30.0	51.56963748911503	804	28	45	4	58	30	45	4	58	30	116	0	0.04687213897705078	80500	39.934768199920654	130	99.83850931677019	
51.56963748911504	45.0	4.0	58.0	30.0	51.56963748911503	805	28	45	4	58	30	45	4	58	30	116	0	0.04687023162841797	80600	39.98163843154907	130	99.83870967741936	
51.56963748911504	45.0	4.0	58.0	30.0	51.56963748911503	806	28	45	4	58	30	45	4	58	30	116	0	0.04687166213989258	80700	40.028510093688965	130	99.83890954151177	
51.56963748911504	45.0	4.0	58.0	30.0	51.56963748911503	807	28	45	4	58	30	45	4	58	30	116	0	0.046872615814208984	80800	40.075382709503174	130	99.83910891089108	
51.56963748911504	45.0	4.0	58.0	30.0	51.56963748911503	808	28	45	4	58	30	45	4	58	30	116	0	0.06249642372131348	80900	40.13787913322449	130	99.83930778739185	
51.56963748911504	45.0	4.0	58.0	30.0	51.56963748911503	809	28	45	4	58	30	45	4	58	30	116	0	0.04687166213989258	81000	40.18475079536438	130	99.8395061728395	
51.56963748911504	45.0	4.0	58.0	30.0	51.56963748911503	810	28	45	4	58	30	45	4	58	30	116	0	0.06249547004699707	81100	40.24724626541138	130	99.83970406905055	
51.56963748911504	45.0	4.0	58.0	30.0	51.56963748911503	811	28	45	4	58	30	45	4	58	30	116	0	0.046871185302734375	81200	40.29411745071411	130	99.83990147783251	
51.56963748911504	45.0	4.0	58.0	30.0	51.56963748911503	812	28	45	4	58	30	45	4	58	30	116	0	0.031248092651367188	81300	40.32536554336548	130	99.840098400984	
51.56963748911504	45.0	4.0	58.0	30.0	51.56963748911503	813	28	45	4	58	30	45	4	58	30	116	0	0.04687190055847168	81400	40.37223744392395	130	99.84029484029485	
51.56963748911504	45.0	4.0	58.0	30.0	51.56963748911503	814	28	45	4	58	30	45	4	58	30	116	0	0.031247615814208984	81500	40.40348505973816	130	99.84049079754601	
51.56963748911504	45.0	4.0	58.0	30.0	51.56963748911503	815	28	45	4	58	30	45	4	58	30	116	0	0.04687166213989258	81600	40.45035672187805	130	99.8406862745098	
51.56963748911504	45.0	4.0	58.0	30.0	51.56963748911503	816	28	45	4	58	30	45	4	58	30	116	0	0.062496185302734375	81700	40.512852907180786	130	99.84088127294982	
51.56963748911504	45.0	4.0	58.0	30.0	51.56963748911503	817	28	45	4	58	30	45	4	58	30	116	0	0.04687142372131348	81800	40.5597243309021	130	99.84107579462103	
51.56963748911504	45.0	4.0	58.0	30.0	51.56963748911503	818	28	45	4	58	30	45	4	58	30	116	0	0.04687237739562988	81900	40.60659670829773	130	99.84126984126983	
51.56963748911504	45.0	4.0	58.0	30.0	51.56963748911503	819	28	45	4	58	30	45	4	58	30	116	0	0.06249594688415527	82000	40.669092655181885	130	99.84146341463415	
51.56963748911504	45.0	4.0	58.0	30.0	51.56963748911503	820	28	45	4	58	30	45	4	58	30	116	0	0.04687094688415527	82100	40.71596360206604	130	99.84165651644336	
51.56963748911504	45.0	4.0	58.0	30.0	51.56963748911503	821	28	45	4	58	30	45	4	58	30	116	0	0.04687166213989258	82200	40.76283526420593	130	99.84184914841849	
51.56963748911504	45.0	4.0	58.0	30.0	51.56963748911503	822	28	45	4	58	30	45	4	58	30	116	0	0.04687190055847168	82300	40.809707164764404	130	99.84204131227217	
51.56963748911504	45.0	4.0	58.0	30.0	51.56963748911503	823	28	45	4	58	30	45	4	58	30	116	0	0.04687333106994629	82400	40.85658049583435	130	99.84223300970874	
51.56963748911504	45.0	4.0	58.0	30.0	51.56963748911503	824	28	45	4	58	30	45	4	58	30	116	0	0.04687094688415527	82500	40.903451442718506	130	99.84242424242424	
51.56963748911504	45.0	4.0	58.0	30.0	51.56963748911503	825	28	45	4	58	30	45	4	58	30	116	0	0.046872615814208984	82600	40.950324058532715	130	99.84261501210653	
51.56963748911504	45.0	4.0	58.0	30.0	51.56963748911503	826	28	45	4	58	30	45	4	58	30	116	0	0.04687166213989258	82700	40.99719572067261	130	99.8428053204353	
51.56963748911504	45.0	4.0	58.0	30.0	51.56963748911503	827	28	45	4	58	30	45	4	58	30	116	0	0.06249547004699707	82800	41.059691190719604	130	99.84299516908213	
51.56963748911504	45.0	4.0	58.0	30.0	51.56963748911503	828	28	45	4	58	30	45	4	58	30	116	0	0.046871185302734375	82900	41.10656237602234	130	99.8431845597105	
51.56963748911504	45.0	4.0	58.0	30.0	51.56963748911503	829	28	45	4	58	30	45	4	58	30	116	0	0.04687142372131348	83000	41.15343379974365	130	99.8433734939759	
51.56963748911504	45.0	4.0	58.0	30.0	51.56963748911503	830	28	45	4	58	30	45	4	58	30	116	0	0.06249713897705078	83100	41.2159309387207	130	99.84356197352587	
51.56963748911504	45.0	4.0	58.0	30.0	51.56963748911503	831	28	45	4	58	30	45	4	58	30	116	0	0.06249427795410156	83200	41.278425216674805	130	99.84375	
51.56963748911504	45.0	4.0	58.0	30.0	51.56963748911503	832	28	45	4	58	30	45	4	58	30	116	0	0.062496185302734375	83300	41.34092140197754	130	99.84393757503001	
51.56963748911504	45.0	4.0	58.0	30.0	51.56963748911503	833	28	45	4	58	30	45	4	58	30	116	0	0.046871185302734375	83400	41.38779258728027	130	99.8441247002398	
51.56963748911504	45.0	4.0	58.0	30.0	51.56963748911503	834	28	45	4	58	30	45	4	58	30	116	0	0.04687333106994629	83500	41.43466591835022	130	99.8443113772455	
51.56963748911504	45.0	4.0	58.0	30.0	51.56963748911503	835	28	45	4	58	30	45	4	58	30	116	0	0.06249547004699707	83600	41.49716138839722	130	99.8444976076555	
51.56963748911504	45.0	4.0	58.0	30.0	51.56963748911503	836	28	45	4	58	30	45	4	58	30	116	0	0.04687190055847168	83700	41.54403328895569	130	99.8446833930705	
51.56963748911504	45.0	4.0	58.0	30.0	51.56963748911503	837	28	45	4	58	30	45	4	58	30	116	0	0.04687142372131348	83800	41.590904712677	130	99.84486873508354	
51.56963748911504	45.0	4.0	58.0	30.0	51.56963748911503	838	28	45	4	58	30	45	4	58	30	116	0	0.03124713897705078	83900	41.62215185165405	130	99.8450536352801	
51.56963748911504	45.0	4.0	58.0	30.0	51.56963748911503	839	28	45	4	58	30	45	4	58	30	116	0	0.06249570846557617	84000	41.68464756011963	130	99.8452380952381	
51.56963748911504	45.0	4.0	58.0	30.0	51.56963748911503	840	28	45	4	58	30	45	4	58	30	116	0	0.06249547004699707	84100	41.747143030166626	130	99.84542211652794	
51.56963748911504	45.0	4.0	58.0	30.0	51.56963748911503	841	28	45	4	58	30	45	4	58	30	116	0	0.04687309265136719	84200	41.79401612281799	130	99.84560570071258	
51.56963748911504	45.0	4.0	58.0	30.0	51.56963748911503	842	28	45	4	58	30	45	4	58	30	116	0	0.062496185302734375	84300	41.85651230812073	130	99.84578884934757	
51.56963748911504	45.0	4.0	58.0	30.0	51.56963748911503	843	28	45	4	58	30	45	4	58	30	116	0	0.04687166213989258	84400	41.90338397026062	130	99.84597156398104	
51.56963748911504	45.0	4.0	58.0	30.0	51.56963748911503	844	28	45	4	58	30	45	4	58	30	116	0	0.04687190055847168	84500	41.95025587081909	130	99.84615384615384	
51.56963748911504	45.0	4.0	58.0	30.0	51.56963748911503	845	28	45	4	58	30	45	4	58	30	116	0	0.04687094688415527	84600	41.99712681770325	130	99.84633569739952	
51.56963748911504	45.0	4.0	58.0	30.0	51.56963748911503	846	28	45	4	58	30	45	4	58	30	116	0	0.04687166213989258	84700	42.04399847984314	130	99.8465171192444	
51.56963748911504	45.0	4.0	58.0	30.0	51.56963748911503	847	28	45	4	58	30	45	4	58	30	116	0	0.04687213897705078	84800	42.09087061882019	130	99.84669811320755	
51.56963748911504	45.0	4.0	58.0	30.0	51.56963748911503	848	28	45	4	58	30	45	4	58	30	116	0	0.046871185302734375	84900	42.137741804122925	130	99.84687868080094	
51.56963748911504	45.0	4.0	58.0	30.0	51.56963748911503	849	28	45	4	58	30	45	4	58	30	116	0	0.046872615814208984	85000	42.184614419937134	130	99.84705882352941	
51.56963748911504	45.0	4.0	58.0	30.0	51.56963748911503	850	28	45	4	58	30	45	4	58	30	116	0	0.06249523162841797	85100	42.24710965156555	130	99.84723854289072	
51.56963748911504	45.0	4.0	58.0	30.0	51.56963748911503	851	28	45	4	58	30	45	4	58	30	116	0	0.04687213897705078	85200	42.2939817905426	130	99.84741784037558	
51.56963748911504	45.0	4.0	58.0	30.0	51.56963748911503	852	28	45	4	58	30	45	4	58	30	116	0	0.04687047004699707	85300	42.3408522605896	130	99.84759671746777	
51.56963748911504	45.0	4.0	58.0	30.0	51.56963748911503	853	28	45	4	58	30	45	4	58	30	116	0	0.046872854232788086	85400	42.38772511482239	130	99.84777517564403	
51.56963748911504	45.0	4.0	58.0	30.0	51.56963748911503	854	28	45	4	58	30	45	4	58	30	116	0	0.04687166213989258	85500	42.43459677696228	130	99.84795321637426	
51.56963748911504	45.0	4.0	58.0	30.0	51.56963748911503	855	28	45	4	58	30	45	4	58	30	116	0	0.06249642372131348	85600	42.497093200683594	130	99.84813084112149	
51.56963748911504	45.0	4.0	58.0	30.0	51.56963748911503	856	28	45	4	58	30	45	4	58	30	116	0	0.04687142372131348	85700	42.54396462440491	130	99.84830805134189	
51.56963748911504	45.0	4.0	58.0	30.0	51.56963748911503	857	28	45	4	58	30	45	4	58	30	116	0	0.031248092651367188	85800	42.575212717056274	130	99.84848484848484	
51.56963748911504	45.0	4.0	58.0	30.0	51.56963748911503	858	28	45	4	58	30	45	4	58	30	116	0	0.06249523162841797	85900	42.63770794868469	130	99.84866123399301	
51.56963748911504	45.0	4.0	58.0	30.0	51.56963748911503	859	28	45	4	58	30	45	4	58	30	116	0	0.06249523162841797	86000	42.70020318031311	130	99.84883720930233	
51.56963748911504	45.0	4.0	58.0	30.0	51.56963748911503	860	28	45	4	58	30	45	4	58	30	116	0	0.04687166213989258	86100	42.747074842453	130	99.84901277584204	
51.56963748911504	45.0	4.0	58.0	30.0	51.56963748911503	861	28	45	4	58	30	45	4	58	30	116	0	0.04687142372131348	86200	42.793946266174316	130	99.8491879350348	
51.56963748911504	45.0	4.0	58.0	30.0	51.56963748911503	862	28	45	4	58	30	45	4	58	30	116	0	0.0312497615814209	86300	42.82519602775574	130	99.84936268829664	
51.56963748911504	45.0	4.0	58.0	30.0	51.56963748911503	863	28	45	4	58	30	45	4	58	30	116	0	0.046871185302734375	86400	42.87206721305847	130	99.84953703703704	
51.56963748911504	45.0	4.0	58.0	30.0	51.56963748911503	864	28	45	4	58	30	45	4	58	30	116	0	0.04687094688415527	86500	42.91893815994263	130	99.84971098265896	
51.56963748911504	45.0	4.0	58.0	30.0	51.56963748911503	865	28	45	4	58	30	45	4	58	30	116	0	0.06249666213989258	86600	42.98143482208252	130	99.8498845265589	
51.56963748911504	45.0	4.0	58.0	30.0	51.56963748911503	866	28	45	4	58	30	45	4	58	30	116	0	0.04687142372131348	86700	43.02830624580383	130	99.85005767012687	
51.56963748911504	45.0	4.0	58.0	30.0	51.56963748911503	867	28	45	4	58	30	45	4	58	30	116	0	0.06249499320983887	86800	43.09080123901367	130	99.85023041474655	
51.56963748911504	45.0	4.0	58.0	30.0	51.56963748911503	868	28	45	4	58	30	45	4	58	30	116	0	0.04687333106994629	86900	43.13767457008362	130	99.85040276179517	
51.56963748911504	45.0	4.0	58.0	30.0	51.56963748911503	869	28	45	4	58	30	45	4	58	30	116	0	0.031246185302734375	87000	43.16892075538635	130	99.85057471264368	
51.56963748911504	45.0	4.0	58.0	30.0	51.56963748911503	870	28	45	4	58	30	45	4	58	30	116	0	0.04687213897705078	87100	43.2157928943634	130	99.85074626865672	
51.56963748911504	45.0	4.0	58.0	30.0	51.56963748911503	871	28	45	4	58	30	45	4	58	30	116	0	0.04687213897705078	87200	43.262665033340454	130	99.85091743119266	
51.56963748911504	45.0	4.0	58.0	30.0	51.56963748911503	872	28	45	4	58	30	45	4	58	30	116	0	0.06249499320983887	87300	43.32516002655029	130	99.85108820160366	
51.56963748911504	45.0	4.0	58.0	30.0	51.56963748911503	873	28	45	4	58	30	45	4	58	30	116	0	0.031248092651367188	87400	43.35640811920166	130	99.8512585812357	
51.56963748911504	45.0	4.0	58.0	30.0	51.56963748911503	874	28	45	4	58	30	45	4	58	30	116	0	0.046871185302734375	87500	43.403279304504395	130	99.85142857142857	
51.56963748911504	45.0	4.0	58.0	30.0	51.56963748911503	875	28	45	4	58	30	45	4	58	30	116	0	0.06249570846557617	87600	43.46577501296997	130	99.85159817351598	
51.56963748911504	45.0	4.0	58.0	30.0	51.56963748911503	876	28	45	4	58	30	45	4	58	30	116	0	0.04687190055847168	87700	43.51264691352844	130	99.85176738882554	
51.56963748911504	45.0	4.0	58.0	30.0	51.56963748911503	877	28	45	4	58	30	45	4	58	30	116	0	0.04687213897705078	87800	43.55951905250549	130	99.85193621867882	
51.56963748911504	45.0	4.0	58.0	30.0	51.56963748911503	878	28	45	4	58	30	45	4	58	30	116	0	0.04687190055847168	87900	43.606390953063965	130	99.85210466439135	
51.56963748911504	45.0	4.0	58.0	30.0	51.56963748911503	879	28	45	4	58	30	45	4	58	30	116	0	0.046871185302734375	88000	43.6532621383667	130	99.85227272727273	
51.56963748911504	45.0	4.0	58.0	30.0	51.56963748911503	880	28	45	4	58	30	45	4	58	30	116	0	0.04687237739562988	88100	43.70013451576233	130	99.85244040862656	
51.56963748911504	45.0	4.0	58.0	30.0	51.56963748911503	881	28	45	4	58	30	45	4	58	30	116	0	0.06249547004699707	88200	43.762629985809326	130	99.85260770975057	
51.56963748911504	45.0	4.0	58.0	30.0	51.56963748911503	882	28	45	4	58	30	45	4	58	30	116	0	0.04687190055847168	88300	43.8095018863678	130	99.85277463193658	
51.56963748911504	45.0	4.0	58.0	30.0	51.56963748911503	883	28	45	4	58	30	45	4	58	30	116	0	0.04687142372131348	88400	43.85637331008911	130	99.8529411764706	
51.56963748911504	45.0	4.0	58.0	30.0	51.56963748911503	884	28	45	4	58	30	45	4	58	30	116	0	0.04687237739562988	88500	43.90324568748474	130	99.85310734463278	
51.56963748911504	45.0	4.0	58.0	30.0	51.56963748911503	885	28	45	4	58	30	45	4	58	30	116	0	0.046871185302734375	88600	43.950116872787476	130	99.85327313769751	
51.56963748911504	45.0	4.0	58.0	30.0	51.56963748911503	886	28	45	4	58	30	45	4	58	30	116	0	0.06249594688415527	88700	44.01261281967163	130	99.85343855693348	
51.56963748911504	45.0	4.0	58.0	30.0	51.56963748911503	887	28	45	4	58	30	45	4	58	30	116	0	0.04687190055847168	88800	44.0594847202301	130	99.8536036036036	
51.56963748911504	45.0	4.0	58.0	30.0	51.56963748911503	888	28	45	4	58	30	45	4	58	30	116	0	0.04687190055847168	88900	44.106356620788574	130	99.85376827896513	
51.56963748911504	45.0	4.0	58.0	30.0	51.56963748911503	889	28	45	4	58	30	45	4	58	30	116	0	0.04687142372131348	89000	44.15322804450989	130	99.85393258426966	
51.56963748911504	45.0	4.0	58.0	30.0	51.56963748911503	890	28	45	4	58	30	45	4	58	30	116	0	0.04687190055847168	89100	44.20009994506836	130	99.85409652076319	
51.56963748911504	45.0	4.0	58.0	30.0	51.56963748911503	891	28	45	4	58	30	45	4	58	30	116	0	0.04687190055847168	89200	44.24697184562683	130	99.8542600896861	
51.56963748911504	45.0	4.0	58.0	30.0	51.56963748911503	892	28	45	4	58	30	45	4	58	30	116	0	0.015623807907104492	89300	44.262595653533936	130	99.85442329227324	
51.56963748911504	45.0	4.0	58.0	30.0	51.56963748911503	893	28	45	4	58	30	45	4	58	30	116	0	0.06249594688415527	89400	44.32509160041809	130	99.85458612975391	
51.56963748911504	45.0	4.0	58.0	30.0	51.56963748911503	894	28	45	4	58	30	45	4	58	30	116	0	0.04687166213989258	89500	44.37196326255798	130	99.85474860335195	
51.56963748911504	45.0	4.0	58.0	30.0	51.56963748911503	895	28	45	4	58	30	45	4	58	30	116	0	0.04687213897705078	89600	44.418835401535034	130	99.85491071428571	
51.56963748911504	45.0	4.0	58.0	30.0	51.56963748911503	896	28	45	4	58	30	45	4	58	30	116	0	0.04687213897705078	89700	44.465707540512085	130	99.85507246376811	
51.56963748911504	45.0	4.0	58.0	30.0	51.56963748911503	897	28	45	4	58	30	45	4	58	30	116	0	0.04687070846557617	89800	44.51257824897766	130	99.85523385300668	
51.56963748911504	45.0	4.0	58.0	30.0	51.56963748911503	898	28	45	4	58	30	45	4	58	30	116	0	0.04687237739562988	89900	44.55945062637329	130	99.85539488320356	
51.56963748911504	45.0	4.0	58.0	30.0	51.56963748911503	899	28	45	4	58	30	45	4	58	30	116	0	0.06249547004699707	90000	44.62194609642029	130	99.85555555555555	
51.56963748911504	45.0	4.0	58.0	30.0	51.56963748911503	900	28	45	4	58	30	45	4	58	30	116	0	0.031247615814208984	90100	44.6531937122345	130	99.85571587125416	
51.56963748911504	45.0	4.0	58.0	30.0	51.56963748911503	901	28	45	4	58	30	45	4	58	30	116	0	0.04687213897705078	90200	44.70006585121155	130	99.85587583148559	
51.56963748911504	45.0	4.0	58.0	30.0	51.56963748911503	902	28	45	4	58	30	45	4	58	30	116	0	0.046872615814208984	90300	44.74693846702576	130	99.85603543743079	
51.56963748911504	45.0	4.0	58.0	30.0	51.56963748911503	903	28	45	4	58	30	45	4	58	30	116	0	0.04687094688415527	90400	44.79380941390991	130	99.85619469026548	
51.56963748911504	45.0	4.0	58.0	30.0	51.56963748911503	904	28	45	4	58	30	45	4	58	30	116	0	0.03124833106994629	90500	44.82505774497986	130	99.85635359116021	
51.56963748911504	45.0	4.0	58.0	30.0	51.56963748911503	905	28	45	4	58	30	45	4	58	30	116	0	0.04687142372131348	90600	44.87192916870117	130	99.85651214128035	
51.56963748911504	45.0	4.0	58.0	30.0	51.56963748911503	906	28	45	4	58	30	45	4	58	30	116	0	0.04687237739562988	90700	44.9188015460968	130	99.85667034178611	
51.56963748911504	45.0	4.0	58.0	30.0	51.56963748911503	907	28	45	4	58	30	45	4	58	30	116	0	0.04687094688415527	90800	44.96567249298096	130	99.8568281938326	
51.56963748911504	45.0	4.0	58.0	30.0	51.56963748911503	908	28	45	4	58	30	45	4	58	30	116	0	0.04687237739562988	90900	45.01254487037659	130	99.85698569856986	
51.56963748911504	45.0	4.0	58.0	30.0	51.56963748911503	909	28	45	4	58	30	45	4	58	30	116	0	0.031247615814208984	91000	45.043792486190796	130	99.85714285714286	
51.56963748911504	45.0	4.0	58.0	30.0	51.56963748911503	910	28	45	4	58	30	45	4	58	30	116	0	0.046872615814208984	91100	45.090665102005005	130	99.85729967069155	
51.56963748911504	45.0	4.0	58.0	30.0	51.56963748911503	911	28	45	4	58	30	45	4	58	30	116	0	0.06249690055847168	91200	45.15316200256348	130	99.85745614035088	
51.56963748911504	45.0	4.0	58.0	30.0	51.56963748911503	912	28	45	4	58	30	45	4	58	30	116	0	0.046872615814208984	91300	45.200034618377686	130	99.85761226725081	
51.56963748911504	45.0	4.0	58.0	30.0	51.56963748911503	913	28	45	4	58	30	45	4	58	30	116	0	0.04686999320983887	91400	45.246904611587524	130	99.8577680525164	
51.56963748911504	45.0	4.0	58.0	30.0	51.56963748911503	914	28	45	4	58	30	45	4	58	30	116	0	0.04687237739562988	91500	45.293776988983154	130	99.85792349726776	
51.56963748911504	45.0	4.0	58.0	30.0	51.56963748911503	915	28	45	4	58	30	45	4	58	30	116	0	0.06249642372131348	91600	45.35627341270447	130	99.85807860262008	
51.56963748911504	45.0	4.0	58.0	30.0	51.56963748911503	916	28	45	4	58	30	45	4	58	30	116	0	0.04687047004699707	91700	45.403143882751465	130	99.85823336968375	
51.56963748911504	45.0	4.0	58.0	30.0	51.56963748911503	917	28	45	4	58	30	45	4	58	30	116	0	0.04687190055847168	91800	45.45001578330994	130	99.85838779956427	
51.56963748911504	45.0	4.0	58.0	30.0	51.56963748911503	918	28	45	4	58	30	45	4	58	30	116	0	0.015624523162841797	91900	45.46564030647278	130	99.85854189336236	
51.56963748911504	45.0	4.0	58.0	30.0	51.56963748911503	919	28	45	4	58	30	45	4	58	30	116	0	0.06249523162841797	92000	45.528135538101196	130	99.8586956521739	
51.56963748911504	45.0	4.0	58.0	30.0	51.56963748911503	920	28	45	4	58	30	45	4	58	30	116	0	0.04687142372131348	92100	45.57500696182251	130	99.85884907709011	
51.56963748911504	45.0	4.0	58.0	30.0	51.56963748911503	921	28	45	4	58	30	45	4	58	30	116	0	0.06249594688415527	92200	45.637502908706665	130	99.8590021691974	
51.56963748911504	45.0	4.0	58.0	30.0	51.56963748911503	922	28	45	4	58	30	45	4	58	30	116	0	0.04687213897705078	92300	45.684375047683716	130	99.85915492957747	
51.56963748911504	45.0	4.0	58.0	30.0	51.56963748911503	923	28	45	4	58	30	45	4	58	30	116	0	0.031246423721313477	92400	45.71562147140503	130	99.85930735930737	
51.56963748911504	45.0	4.0	58.0	30.0	51.56963748911503	924	28	45	4	58	30	45	4	58	30	116	0	0.04687190055847168	92500	45.7624933719635	130	99.85945945945946	
51.56963748911504	45.0	4.0	58.0	30.0	51.56963748911503	925	28	45	4	58	30	45	4	58	30	116	0	0.06249690055847168	92600	45.82499027252197	130	99.85961123110151	
51.56963748911504	45.0	4.0	58.0	30.0	51.56963748911503	926	28	45	4	58	30	45	4	58	30	116	0	0.046872615814208984	92700	45.87186288833618	130	99.85976267529665	
51.56963748911504	45.0	4.0	58.0	30.0	51.56963748911503	927	28	45	4	58	30	45	4	58	30	116	0	0.031247377395629883	92800	45.90311026573181	130	99.85991379310344	
51.56963748911504	45.0	4.0	58.0	30.0	51.56963748911503	928	28	45	4	58	30	45	4	58	30	116	0	0.06249547004699707	92900	45.96560573577881	130	99.86006458557588	
51.56963748911504	45.0	4.0	58.0	30.0	51.56963748911503	929	28	45	4	58	30	45	4	58	30	116	0	0.04687070846557617	93000	46.012476444244385	130	99.86021505376344	
51.56963748911504	45.0	4.0	58.0	30.0	51.56963748911503	930	28	45	4	58	30	45	4	58	30	116	0	0.04687213897705078	93100	46.059348583221436	130	99.86036519871107	
51.56963748911504	45.0	4.0	58.0	30.0	51.56963748911503	931	28	45	4	58	30	45	4	58	30	116	0	0.04687237739562988	93200	46.106220960617065	130	99.86051502145922	
51.56963748911504	45.0	4.0	58.0	30.0	51.56963748911503	932	28	45	4	58	30	45	4	58	30	116	0	0.031248092651367188	93300	46.13746905326843	130	99.86066452304395	
51.56963748911504	45.0	4.0	58.0	30.0	51.56963748911503	933	28	45	4	58	30	45	4	58	30	116	0	0.04687213897705078	93400	46.18434119224548	130	99.86081370449679	
51.56963748911504	45.0	4.0	58.0	30.0	51.56963748911503	934	28	45	4	58	30	45	4	58	30	116	0	0.04687094688415527	93500	46.23121213912964	130	99.86096256684492	
51.56963748911504	45.0	4.0	58.0	30.0	51.56963748911503	935	28	45	4	58	30	45	4	58	30	116	0	0.04687142372131348	93600	46.27808356285095	130	99.86111111111111	
51.56963748911504	45.0	4.0	58.0	30.0	51.56963748911503	936	28	45	4	58	30	45	4	58	30	116	0	0.031248807907104492	93700	46.30933237075806	130	99.86125933831377	
51.56963748911504	45.0	4.0	58.0	30.0	51.56963748911503	937	28	45	4	58	30	45	4	58	30	116	0	0.04687142372131348	93800	46.35620379447937	130	99.86140724946695	
51.56963748911504	45.0	4.0	58.0	30.0	51.56963748911503	938	28	45	4	58	30	45	4	58	30	116	0	0.04687190055847168	93900	46.40307569503784	130	99.8615548455804	
51.56963748911504	45.0	4.0	58.0	30.0	51.56963748911503	939	28	45	4	58	30	45	4	58	30	116	0	0.06249570846557617	94000	46.46557140350342	130	99.86170212765957	
51.56963748911504	45.0	4.0	58.0	30.0	51.56963748911503	940	28	45	4	58	30	45	4	58	30	116	0	0.031247854232788086	94100	46.496819257736206	130	99.86184909670563	
51.56963748911504	45.0	4.0	58.0	30.0	51.56963748911503	941	28	45	4	58	30	45	4	58	30	116	0	0.04687166213989258	94200	46.5436909198761	130	99.8619957537155	
51.56963748911504	45.0	4.0	58.0	30.0	51.56963748911503	942	28	45	4	58	30	45	4	58	30	116	0	0.04687070846557617	94300	46.590561628341675	130	99.86214209968186	
51.56963748911504	45.0	4.0	58.0	30.0	51.56963748911503	943	28	45	4	58	30	45	4	58	30	116	0	0.031248807907104492	94400	46.62181043624878	130	99.86228813559322	
51.56963748911504	45.0	4.0	58.0	30.0	51.56963748911503	944	28	45	4	58	30	45	4	58	30	116	0	0.04687094688415527	94500	46.668681383132935	130	99.86243386243386	
51.56963748911504	45.0	4.0	58.0	30.0	51.56963748911503	945	28	45	4	58	30	45	4	58	30	116	0	0.04687356948852539	94600	46.71555495262146	130	99.86257928118393	
51.56963748911504	45.0	4.0	58.0	30.0	51.56963748911503	946	28	45	4	58	30	45	4	58	30	116	0	0.03124690055847168	94700	46.74680185317993	130	99.86272439281943	
51.56963748911504	45.0	4.0	58.0	30.0	51.56963748911503	947	28	45	4	58	30	45	4	58	30	116	0	0.04687142372131348	94800	46.793673276901245	130	99.86286919831224	
51.56963748911504	45.0	4.0	58.0	30.0	51.56963748911503	948	28	45	4	58	30	45	4	58	30	116	0	0.04687213897705078	94900	46.840545415878296	130	99.86301369863014	
51.56963748911504	45.0	4.0	58.0	30.0	51.56963748911503	949	28	45	4	58	30	45	4	58	30	116	0	0.06249547004699707	95000	46.90304088592529	130	99.86315789473684	
51.56963748911504	45.0	4.0	58.0	30.0	51.56963748911503	950	28	45	4	58	30	45	4	58	30	116	0	0.031247615814208984	95100	46.9342885017395	130	99.86330178759201	
51.56963748911504	45.0	4.0	58.0	30.0	51.56963748911503	951	28	45	4	58	30	45	4	58	30	116	0	0.03124833106994629	95200	46.96553683280945	130	99.86344537815125	
51.56963748911504	45.0	4.0	58.0	30.0	51.56963748911503	952	28	45	4	58	30	45	4	58	30	116	0	0.06249594688415527	95300	47.0280327796936	130	99.86358866736622	
51.56963748911504	45.0	4.0	58.0	30.0	51.56963748911503	953	28	45	4	58	30	45	4	58	30	116	0	0.04687190055847168	95400	47.074904680252075	130	99.86373165618448	
51.56963748911504	45.0	4.0	58.0	30.0	51.56963748911503	954	28	45	4	58	30	45	4	58	30	116	0	0.04687190055847168	95500	47.12177658081055	130	99.86387434554973	
51.56963748911504	45.0	4.0	58.0	30.0	51.56963748911503	955	28	45	4	58	30	45	4	58	30	116	0	0.04687190055847168	95600	47.16864848136902	130	99.86401673640168	
51.56963748911504	45.0	4.0	58.0	30.0	51.56963748911503	956	28	45	4	58	30	45	4	58	30	116	0	0.04687166213989258	95700	47.21552014350891	130	99.86415882967607	
51.56963748911504	45.0	4.0	58.0	30.0	51.56963748911503	957	28	45	4	58	30	45	4	58	30	116	0	0.04687166213989258	95800	47.262391805648804	130	99.8643006263048	
51.56963748911504	45.0	4.0	58.0	30.0	51.56963748911503	958	28	45	4	58	30	45	4	58	30	116	0	0.046875	95900	47.309266805648804	130	99.86444212721585	
51.56963748911504	45.0	4.0	58.0	30.0	51.56963748911503	959	28	45	4	58	30	45	4	58	30	116	0	0.046869516372680664	96000	47.356136322021484	130	99.86458333333333	
51.56963748911504	45.0	4.0	58.0	30.0	51.56963748911503	960	28	45	4	58	30	45	4	58	30	116	0	0.031245946884155273	96100	47.38738226890564	130	99.86472424557752	
51.56963748911504	45.0	4.0	58.0	30.0	51.56963748911503	961	28	45	4	58	30	45	4	58	30	116	0	0.04687166213989258	96200	47.43425393104553	130	99.86486486486487	
51.56963748911504	45.0	4.0	58.0	30.0	51.56963748911503	962	28	45	4	58	30	45	4	58	30	116	0	0.06249809265136719	96300	47.4967520236969	130	99.865005192108	
51.56963748911504	45.0	4.0	58.0	30.0	51.56963748911503	963	28	45	4	58	30	45	4	58	30	116	0	0.04687166213989258	96400	47.54362368583679	130	99.86514522821577	
51.56963748911504	45.0	4.0	58.0	30.0	51.56963748911503	964	28	45	4	58	30	45	4	58	30	116	0	0.04687070846557617	96500	47.59049439430237	130	99.86528497409327	
51.56963748911504	45.0	4.0	58.0	30.0	51.56963748911503	965	28	45	4	58	30	45	4	58	30	116	0	0.04687166213989258	96600	47.63736605644226	130	99.86542443064182	
51.56963748911504	45.0	4.0	58.0	30.0	51.56963748911503	966	28	45	4	58	30	45	4	58	30	116	0	0.06249642372131348	96700	47.699862480163574	130	99.86556359875905	
51.56963748911504	45.0	4.0	58.0	30.0	51.56963748911503	967	28	45	4	58	30	45	4	58	30	116	0	0.03124713897705078	96800	47.731109619140625	130	99.86570247933884	
51.56963748911504	45.0	4.0	58.0	30.0	51.56963748911503	968	28	45	4	58	30	45	4	58	30	116	0	0.04687166213989258	96900	47.77798128128052	130	99.86584107327141	
51.56963748911504	45.0	4.0	58.0	30.0	51.56963748911503	969	28	45	4	58	30	45	4	58	30	116	0	0.046872854232788086	97000	47.824854135513306	130	99.8659793814433	
51.56963748911504	45.0	4.0	58.0	30.0	51.56963748911503	970	28	45	4	58	30	45	4	58	30	116	0	0.031246662139892578	97100	47.8561007976532	130	99.86611740473738	
51.56963748911504	45.0	4.0	58.0	30.0	51.56963748911503	971	28	45	4	58	30	45	4	58	30	116	0	0.031247377395629883	97200	47.88734817504883	130	99.86625514403292	
51.56963748911504	45.0	4.0	58.0	30.0	51.56963748911503	972	28	45	4	58	30	45	4	58	30	116	0	0.04687142372131348	97300	47.93421959877014	130	99.86639260020554	
51.56963748911504	45.0	4.0	58.0	30.0	51.56963748911503	973	28	45	4	58	30	45	4	58	30	116	0	0.046872854232788086	97400	47.98109245300293	130	99.86652977412732	
51.56963748911504	45.0	4.0	58.0	30.0	51.56963748911503	974	28	45	4	58	30	45	4	58	30	116	0	0.06249594688415527	97500	48.043588399887085	130	99.86666666666666	
51.56963748911504	45.0	4.0	58.0	30.0	51.56963748911503	975	28	45	4	58	30	45	4	58	30	116	0	0.06249690055847168	97600	48.10608530044556	130	99.86680327868852	
51.56963748911504	45.0	4.0	58.0	30.0	51.56963748911503	976	28	45	4	58	30	45	4	58	30	116	0	0.046871185302734375	97700	48.15295648574829	130	99.86693961105425	
51.56963748911504	45.0	4.0	58.0	30.0	51.56963748911503	977	28	45	4	58	30	45	4	58	30	116	0	0.04687213897705078	97800	48.19982862472534	130	99.86707566462168	
51.56963748911504	45.0	4.0	58.0	30.0	51.56963748911503	978	28	45	4	58	30	45	4	58	30	116	0	0.031246185302734375	97900	48.231074810028076	130	99.86721144024514	
51.56963748911504	45.0	4.0	58.0	30.0	51.56963748911503	979	28	45	4	58	30	45	4	58	30	116	0	0.04687380790710449	98000	48.27794861793518	130	99.86734693877551	
51.56963748911504	45.0	4.0	58.0	30.0	51.56963748911503	980	28	45	4	58	30	45	4	58	30	116	0	0.031248092651367188	98100	48.30919671058655	130	99.86748216106014	
51.56963748911504	45.0	4.0	58.0	30.0	51.56963748911503	981	28	45	4	58	30	45	4	58	30	116	0	0.04686927795410156	98200	48.35606598854065	130	99.86761710794298	
51.56963748911504	45.0	4.0	58.0	30.0	51.56963748911503	982	28	45	4	58	30	45	4	58	30	116	0	0.046871185302734375	98300	48.402937173843384	130	99.8677517802645	
51.56963748911504	45.0	4.0	58.0	30.0	51.56963748911503	983	28	45	4	58	30	45	4	58	30	116	0	0.04687643051147461	98400	48.44981360435486	130	99.8678861788618	
51.56963748911504	45.0	4.0	58.0	30.0	51.56963748911503	984	28	45	4	58	30	45	4	58	30	116	0	0.06249523162841797	98500	48.512308835983276	130	99.86802030456853	
51.56963748911504	45.0	4.0	58.0	30.0	51.56963748911503	985	28	45	4	58	30	45	4	58	30	116	0	0.04687213897705078	98600	48.55918097496033	130	99.868154158215	
51.56963748911504	45.0	4.0	58.0	30.0	51.56963748911503	986	28	45	4	58	30	45	4	58	30	116	0	0.04687142372131348	98700	48.60605239868164	130	99.86828774062816	
51.56963748911504	45.0	4.0	58.0	30.0	51.56963748911503	987	28	45	4	58	30	45	4	58	30	116	0	0.046868324279785156	98800	48.652920722961426	130	99.86842105263158	
51.56963748911504	45.0	4.0	58.0	30.0	51.56963748911503	988	28	45	4	58	30	45	4	58	30	116	0	0.04687356948852539	98900	48.69979429244995	130	99.8685540950455	
51.56963748911504	45.0	4.0	58.0	30.0	51.56963748911503	989	28	45	4	58	30	45	4	58	30	116	0	0.04687190055847168	99000	48.74666619300842	130	99.86868686868686	
51.56963748911504	45.0	4.0	58.0	30.0	51.56963748911503	990	28	45	4	58	30	45	4	58	30	116	0	0.06249547004699707	99100	48.80916166305542	130	99.86881937436932	
51.56963748911504	45.0	4.0	58.0	30.0	51.56963748911503	991	28	45	4	58	30	45	4	58	30	116	0	0.04687094688415527	99200	48.856032609939575	130	99.86895161290323	
51.56963748911504	45.0	4.0	58.0	30.0	51.56963748911503	992	28	45	4	58	30	45	4	58	30	116	0	0.046871185302734375	99300	48.90290379524231	130	99.86908358509567	
51.56963748911504	45.0	4.0	58.0	30.0	51.56963748911503	993	28	45	4	58	30	45	4	58	30	116	0	0.04687213897705078	99400	48.94977593421936	130	99.8692152917505	
51.56963748911504	45.0	4.0	58.0	30.0	51.56963748911503	994	28	45	4	58	30	45	4	58	30	116	0	0.04687213897705078	99500	48.99664807319641	130	99.86934673366834	
51.56963748911504	45.0	4.0	58.0	30.0	51.56963748911503	995	28	45	4	58	30	45	4	58	30	116	0	0.06249594688415527	99600	49.059144020080566	130	99.86947791164658	
51.56963748911504	45.0	4.0	58.0	30.0	51.56963748911503	996	28	45	4	58	30	45	4	58	30	116	0	0.04687142372131348	99700	49.10601544380188	130	99.86960882647944	
51.56963748911504	45.0	4.0	58.0	30.0	51.56963748911503	997	28	45	4	58	30	45	4	58	30	116	0	0.04687213897705078	99800	49.15288758277893	130	99.86973947895791	
51.56963748911504	45.0	4.0	58.0	30.0	51.56963748911503	998	28	45	4	58	30	45	4	58	30	116	0	0.031247377395629883	99900	49.18413496017456	130	99.86986986986987	
51.56963748911504	45.0	4.0	58.0	30.0	51.56963748911503	999	28	45	4	58	30	45	4	58	30	116	0	0.04687190055847168	100000	49.23100686073303	130	99.87	
51.56963748911504	45.0	4.0	58.0	30.0	51.56963748911503	1000	28	45	4	58	30	45	4	58	30	116	0	0.031247615814208984	100100	49.26225447654724	130	99.87012987012987	
