ave_fitness	ave_genome_length	ave_tree_depth	ave_tree_nodes	ave_used_codons	best_fitness	gen	invalids	max_genome_length	max_tree_depth	max_tree_nodes	max_used_codons	min_genome_length	min_tree_depth	min_tree_nodes	min_used_codons	runtime_error	time_adjust	time_taken	total_inds	total_time	unique_inds	unused_search	
8.475325284025766e+27	99.2	6.42	128.18	66.3	65.29298180447533	0	0	180	10	232	120	22	3	29	15	31	0	1.7342548370361328	50	1.7342548370361328	19	62.0	
8.74010738116998e+34	93.28	4.128205128205129	61.717948717948715	31.923076923076923	59.77682846844712	1	11	180	6.0	116.0	60.0	22	3.0	29.0	15.0	46	0	0.015624761581420898	100	1.7498795986175537	41	59.0	
4.601343767092829e+33	134.38	3.9791666666666665	57.395833333333336	29.6875	59.77682846844712	2	13	180	7.0	145.0	75.0	22	3.0	29.0	15.0	51	0	0.03124713897705078	150	1.7811267375946045	78	48.0	
4990914928012029.0	137.98	3.82	52.78	27.3	59.77682846844712	3	13	180	7	145	75	67	3	29	15	58	0	0.0156252384185791	200	1.7967519760131836	115	42.50000000000001	
35815236733.322205	147.46	3.4	40.6	21.0	45.38828721845276	4	13	180	6	116	60	67	3	29	15	59	0	0.015622854232788086	250	1.8123748302459717	150	40.0	
31778147.497125827	151.54	3.24	35.96	18.6	45.38828721845276	5	13	180	6	116	60	67	3	29	15	63	0	0.015623807907104492	300	1.8279986381530762	179	40.33333333333333	
1868399.5399853152	155.56	3.18	34.22	17.7	45.38828721845276	6	13	180	5	87	45	90	3	29	15	63	0	0.031247615814208984	350	1.8592462539672852	218	37.71428571428571	
3640926.6132291644	155.14	3.2	34.8	18.0	45.38828721845276	7	13	180	5	87	45	90	3	29	15	66	0	0.015624284744262695	400	1.8748705387115479	248	38.0	
1883269.1198996548	157.8	3.1	31.9	16.5	45.38828721845276	8	13	180	5	87	45	90	3	29	15	67	0	0.01562356948852539	450	1.8904941082000732	277	38.44444444444445	
355773.2777520513	157.4	3.18	34.22	17.7	45.38828721845276	9	13	180	5	87	45	90	3	29	15	69	0	0.015624046325683594	500	1.9061181545257568	314	37.2	
11582790.981803553	165.5	3.16	33.64	17.4	45.38828721845276	10	13	180	5	87	45	135	3	29	15	70	0	0.01562356948852539	550	1.9217417240142822	346	37.090909090909086	
73725227.11657496	170.44	3.02	29.58	15.3	45.38828721845276	11	13	180	4	58	30	135	3	29	15	71	0	0.015624761581420898	600	1.9373664855957031	379	36.83333333333333	
2058935.2677554684	173.12	3.1	31.9	16.5	45.38828721845276	12	13	180	4	58	30	135	3	29	15	71	0	0.031249046325683594	650	1.9686155319213867	406	37.53846153846154	
160155974.24862394	175.4	3.28	37.12	19.2	37.04889617972003	13	13	180	6	116	60	157	3	29	15	76	0	0.015622377395629883	700	1.9842379093170166	436	37.71428571428571	
53229910591821.2	177.7	3.2	34.8	18.0	37.04889617972003	14	13	180	5	87	45	157	3	29	15	80	0	0.015623807907104492	750	1.999861717224121	463	38.26666666666667	
160845.72677835877	180.0	3.1	31.9	16.5	37.04889617972003	15	13	180	5	87	45	180	3	29	15	80	0	0.015624284744262695	800	2.015486001968384	497	37.875	
235.2729973334563	180.0	3.32	38.28	19.8	37.04889617972003	16	13	180	5	87	45	180	3	29	15	82	0	0.015623092651367188	850	2.031109094619751	535	37.05882352941177	
1.4794687825614662e+24	180.0	3.46	42.34	21.9	37.04889617972003	17	13	180	5	87	45	180	3	29	15	85	0	0.031248092651367188	900	2.062357187271118	568	36.88888888888889	
818427.6737409848	180.0	3.42	41.18	21.3	33.80470195818525	18	13	180	5	87	45	180	3	29	15	86	0	0.015624523162841797	950	2.07798171043396	604	36.421052631578945	
312691755737.20416	180.0	3.7	49.3	25.5	33.80470195818525	19	13	180	5	87	45	180	3	29	15	89	0	0.015623807907104492	1000	2.0936055183410645	640	36.0	
2.5465561233233998e+19	180.0	3.82	52.78	27.3	33.80470195818525	20	13	180	6	116	60	180	3	29	15	91	0	0.031249523162841797	1050	2.1248550415039062	678	35.42857142857143	
621190093593.5774	180.0	3.66	48.14	24.9	33.728083396689335	21	13	180	6	116	60	180	3	29	15	91	0	0.015622138977050781	1100	2.140477180480957	722	34.36363636363636	
6.076902592800012e+29	180.0	3.8	52.2	27.0	33.728083396689335	22	13	180	5	87	45	180	3	29	15	92	0	0.01562356948852539	1150	2.1561007499694824	764	33.565217391304344	
1.4051822337760586e+23	180.0	3.84	53.36	27.6	33.728083396689335	23	13	180	5	87	45	180	3	29	15	94	0	0.031248092651367188	1200	2.1873488426208496	804	33.0	
1074032605213.4454	180.0	3.84	53.36	27.6	33.728083396689335	24	13	180	5	87	45	180	3	29	15	97	0	0.01562356948852539	1250	2.202972412109375	844	32.480000000000004	
124309380431169.39	180.0	3.9	55.1	28.5	33.728083396689335	25	13	180	5	87	45	180	3	29	15	101	0	0.031247854232788086	1300	2.234220266342163	882	32.15384615384616	
133475336593810.95	180.0	3.8	52.2	27.0	33.728083396689335	26	13	180	5	87	45	180	3	29	15	105	0	0.015624761581420898	1350	2.249845027923584	919	31.925925925925924	
4.25251531943641e+19	180.0	3.66	48.14	24.9	33.728083396689335	27	13	180	5	87	45	180	3	29	15	107	0	0.031247854232788086	1400	2.281092882156372	955	31.785714285714278	
5.778572800017909e+20	180.0	3.54	44.66	23.1	33.728083396689335	28	13	180	6	116	60	180	3	29	15	108	0	0.015623807907104492	1450	2.2967166900634766	989	31.793103448275858	
6.7157534510657724e+19	180.0	3.96	56.84	29.4	33.728083396689335	29	13	180	6	116	60	180	3	29	15	111	0	0.03124856948852539	1500	2.327965259552002	1031	31.266666666666666	
6.790552546030769e+19	180.0	4.04	59.16	30.6	33.728083396689335	30	13	180	6	116	60	180	3	29	15	113	0	0.015624523162841797	1550	2.3435897827148438	1072	30.838709677419345	
7.535362683850005e+32	180.0	4.06	59.74	30.9	33.728083396689335	31	13	180	6	116	60	180	3	29	15	116	0	0.015623807907104492	1600	2.3592135906219482	1113	30.4375	
6.676098062376502e+22	180.0	3.88	54.52	28.2	33.728083396689335	32	13	180	6	116	60	180	3	29	15	119	0	0.015622615814208984	1650	2.3748362064361572	1149	30.36363636363636	
4.800467124590062e+16	180.0	3.7	49.3	25.5	33.728083396689335	33	13	180	6	116	60	180	3	29	15	124	0	0.015624284744262695	1700	2.39046049118042	1183	30.411764705882348	
6903.500641408388	180.0	3.4	40.6	21.0	33.728083396689335	34	13	180	6	116	60	180	3	29	15	124	0	0.01562356948852539	1750	2.4060840606689453	1217	30.457142857142856	
278967055.80807334	180.0	3.32	38.28	19.8	33.728083396689335	35	13	180	6	116	60	180	3	29	15	124	0	0.015623092651367188	1800	2.4217071533203125	1247	30.722222222222214	
76.0140190773389	180.0	3.26	36.54	18.9	33.728083396689335	36	13	180	5	87	45	180	3	29	15	126	0	0.015625	1850	2.4373321533203125	1282	30.702702702702695	
1.486550572365356e+25	180.0	3.44	41.76	21.6	33.724278516998204	37	13	180	5	87	45	180	3	29	15	128	0	0.031247377395629883	1900	2.4685795307159424	1319	30.578947368421055	
36216846247364.13	180.0	3.54	44.66	23.1	33.724278516998204	38	13	180	5	87	45	180	3	29	15	130	0	0.015624523162841797	1950	2.484204053878784	1352	30.666666666666657	
2.2896414718362583e+19	180.0	3.44	41.76	21.6	33.724278516998204	39	13	180	5	87	45	180	3	29	15	132	0	0.031247377395629883	2000	2.515451431274414	1387	30.650000000000006	
1.8810979864405885e+18	180.0	3.5	43.5	22.5	33.724278516998204	40	13	180	5	87	45	180	3	29	15	132	0	0.015624046325683594	2050	2.5310754776000977	1427	30.390243902439025	
2.993055628190955e+21	180.0	3.7	49.3	25.5	30.63130043038861	41	13	180	5	87	45	180	3	29	15	134	0	0.015624284744262695	2100	2.5466997623443604	1469	30.04761904761905	
3.055061193179927e+17	180.0	3.82	52.78	27.3	30.34646066864098	42	13	180	5	87	45	180	3	29	15	134	0	0.031247377395629883	2150	2.5779471397399902	1508	29.860465116279073	
2091522826.7825184	180.0	3.8	52.2	27.0	30.34646066864098	43	13	180	5	87	45	180	3	29	15	135	0	0.031248092651367188	2200	2.6091952323913574	1545	29.772727272727266	
7869295962004947.0	180.0	3.5	43.5	22.5	30.126134643487692	44	13	180	5	87	45	180	3	29	15	138	0	0.015624523162841797	2250	2.624819755554199	1585	29.555555555555557	
409812955012.98773	180.0	3.26	36.54	18.9	30.126134643487692	45	13	180	5	87	45	180	3	29	15	140	0	0.015623331069946289	2300	2.6404430866241455	1615	29.782608695652172	
1.9617355586868538e+25	180.0	3.44	41.76	21.6	30.126134643487692	46	13	180	5	87	45	180	3	29	15	143	0	0.015624046325683594	2350	2.656067132949829	1649	29.829787234042556	
3.13469472391872e+39	180.0	3.48	42.92	22.2	30.126134643487692	47	13	180	6	116	60	180	3	29	15	145	0	0.01562356948852539	2400	2.6716907024383545	1685	29.79166666666667	
2.880001164000483e+20	180.0	3.38	40.02	20.7	30.126134643487692	48	13	180	5	87	45	180	3	29	15	148	0	0.03124833106994629	2450	2.702939033508301	1720	29.795918367346943	
8643785966186588.0	180.0	3.18	34.22	17.7	30.126134643487692	49	13	180	5	87	45	180	3	29	15	149	0	0.015624046325683594	2500	2.7185630798339844	1753	29.879999999999995	
284141.2136243543	180.0	3.2	34.8	18.0	30.126134643487692	50	13	180	5	87	45	180	3	29	15	150	0	0.015623331069946289	2550	2.7341864109039307	1791	29.764705882352942	
2049136578499.7935	180.0	3.36	39.44	20.4	30.126134643487692	51	13	180	5	87	45	180	3	29	15	152	0	0.015625	2600	2.7498114109039307	1826	29.769230769230774	
3.134697858613486e+45	180.0	3.68	48.72	25.2	30.126134643487692	52	13	180	5	87	45	180	3	29	15	154	0	0.015622615814208984	2650	2.7654340267181396	1863	29.698113207547166	
1798310059883176.8	180.0	3.44	41.76	21.6	30.126134643487692	53	13	180	5	87	45	180	3	29	15	154	0	0.015624523162841797	2700	2.7810585498809814	1896	29.777777777777786	
2.4528146197634025e+24	180.0	3.26	36.54	18.9	30.126134643487692	54	13	180	5	87	45	180	3	29	15	155	0	0.031247615814208984	2750	2.8123061656951904	1930	29.818181818181827	
1.4610264680946635e+37	180.0	3.14	33.06	17.1	30.126134643487692	55	13	180	5	87	45	180	3	29	15	155	0	0.0156252384185791	2800	2.8279314041137695	1966	29.785714285714278	
173615.51939567516	180.0	3.1	31.9	16.5	30.126134643487692	56	13	180	5	87	45	180	3	29	15	155	0	0.015622854232788086	2850	2.8435542583465576	1999	29.859649122807014	
2.8787355735287036e+32	180.0	3.16	33.64	17.4	30.126134643487692	57	13	180	5	87	45	180	3	29	15	155	0	0.015624284744262695	2900	2.8591785430908203	2033	29.896551724137936	
3251798857.386255	180.0	3.06	30.74	15.9	30.126134643487692	58	13	180	5	87	45	180	3	29	15	155	0	0.015623331069946289	2950	2.8748018741607666	2068	29.898305084745758	
2.689755246933382e+19	180.0	3.22	35.38	18.3	30.126134643487692	59	13	180	5	87	45	180	3	29	15	157	0	0.015624523162841797	3000	2.8904263973236084	2104	29.86666666666666	
4.95921950296088e+16	180.0	3.38	40.02	20.7	30.126134643487692	60	13	180	6	116	60	180	3	29	15	159	0	0.015625	3050	2.9060513973236084	2133	30.06557377049181	
242564341.73152122	180.0	3.3	37.7	19.5	30.126134643487692	61	13	180	5	87	45	180	3	29	15	160	0	0.015622615814208984	3100	2.9216740131378174	2162	30.25806451612904	
306244152.6399801	180.0	3.38	40.02	20.7	30.126134643487692	62	13	180	6	116	60	180	3	29	15	160	0	0.015623331069946289	3150	2.9372973442077637	2199	30.19047619047619	
12380513229.61417	180.0	3.32	38.28	19.8	30.126134643487692	63	13	180	5	87	45	180	3	29	15	161	0	0.031247854232788086	3200	2.9685451984405518	2233	30.21875	
2277914490320.111	180.0	3.4	40.6	21.0	30.126134643487692	64	13	180	6	116	60	180	3	29	15	162	0	0.015624284744262695	3250	2.9841694831848145	2272	30.0923076923077	
2.8149542589422148e+20	180.0	3.3	37.7	19.5	30.126134643487692	65	13	180	6	116	60	180	3	29	15	165	0	0.01562356948852539	3300	2.99979305267334	2304	30.181818181818173	
1.6049661645500416e+19	180.0	3.44	41.76	21.6	30.126134643487692	66	13	180	5	87	45	180	3	29	15	167	0	0.031247854232788086	3350	3.031040906906128	2343	30.059701492537314	
1.5728668412235293e+19	180.0	3.4	40.6	21.0	30.126134643487692	67	13	180	5	87	45	180	3	29	15	168	0	0.0	3400	3.031040906906128	2378	30.058823529411754	
1.5728668411516682e+24	180.0	3.32	38.28	19.8	30.126134643487692	68	13	180	6	116	60	180	3	29	15	169	0	0.015625	3450	3.046665906906128	2413	30.05797101449275	
1700163.9832873214	180.0	3.28	37.12	19.2	30.126134643487692	69	13	180	6	116	60	180	3	29	15	169	0	0.015622854232788086	3500	3.062288761138916	2449	30.028571428571425	
2.5385724002347496e+20	180.0	3.34	38.86	20.1	30.126134643487692	70	13	180	5	87	45	180	3	29	15	170	0	0.015624284744262695	3550	3.0779130458831787	2486	29.97183098591549	
5.148979722334132e+17	180.0	3.28	37.12	19.2	30.126134643487692	71	13	180	5	87	45	180	3	29	15	172	0	0.015624284744262695	3600	3.0935373306274414	2525	29.861111111111114	
2.9848000019853093e+21	180.0	3.64	47.56	24.6	30.126134643487692	72	13	180	5	87	45	180	3	29	15	173	0	0.015624046325683594	3650	3.109161376953125	2564	29.75342465753424	
221600580.25052223	180.0	3.48	42.92	22.2	30.126134643487692	73	13	180	6	116	60	180	3	29	15	174	0	0.01562356948852539	3700	3.1247849464416504	2603	29.648648648648646	
992120.985807768	180.0	3.4	40.6	21.0	30.126134387198263	74	13	180	5	87	45	180	3	29	15	174	0	0.01562356948852539	3750	3.140408515930176	2641	29.573333333333323	
1.3664085456123932e+20	180.0	3.5	43.5	22.5	30.126134387198263	75	13	180	6	116	60	180	3	29	15	175	0	0.015624046325683594	3800	3.1560325622558594	2681	29.44736842105263	
752.4006771775996	180.0	3.22	35.38	18.3	30.126134387198263	76	13	180	6	116	60	180	3	29	15	175	0	0.015624046325683594	3850	3.171656608581543	2712	29.558441558441558	
4.649400000126456e+17	180.0	3.24	35.96	18.6	30.126134387198263	77	13	180	5	87	45	180	3	29	15	176	0	0.015624523162841797	3900	3.1872811317443848	2748	29.538461538461533	
364909829.3148751	180.0	3.2	34.8	18.0	30.126134387198263	78	13	180	5	87	45	180	3	29	15	176	0	0.015624523162841797	3950	3.2029056549072266	2778	29.67088607594937	
98165662.92831156	180.0	3.28	37.12	19.2	30.126134387198263	79	13	180	5	87	45	180	3	29	15	176	0	0.015622615814208984	4000	3.2185282707214355	2807	29.825000000000003	
154108.9795100984	180.0	3.2	34.8	18.0	30.126134387198263	80	13	180	5	87	45	180	3	29	15	176	0	0.031248092651367188	4050	3.2497763633728027	2840	29.876543209876544	
254303.26217798406	180.0	3.18	34.22	17.7	30.126134387198263	81	13	180	5	87	45	180	3	29	15	176	0	0.015624284744262695	4100	3.2654006481170654	2871	29.97560975609757	
150058072.05128688	180.0	3.14	33.06	17.1	30.126134387198263	82	13	180	5	87	45	180	3	29	15	178	0	0.015624046325683594	4150	3.281024694442749	2908	29.92771084337349	
147247374.71293792	180.0	3.28	37.12	19.2	30.126134387198263	83	13	180	5	87	45	180	3	29	15	178	0	0.015623092651367188	4200	3.296647787094116	2938	30.04761904761905	
22397384.460799467	180.0	3.24	35.96	18.6	30.126134387198263	84	13	180	5	87	45	180	3	29	15	178	0	0.015625476837158203	4250	3.3122732639312744	2975	30.0	
182027302.8847843	180.0	3.22	35.38	18.3	30.126134387198263	85	13	180	5	87	45	180	3	29	15	179	0	0.03124690055847168	4300	3.343520164489746	3005	30.116279069767444	
1714150182.2729826	180.0	3.52	44.08	22.8	30.126134387198263	86	13	180	6	116	60	180	3	29	15	181	0	0.01562356948852539	4350	3.3591437339782715	3039	30.13793103448276	
3012.4809247254075	180.0	3.2	34.8	18.0	30.126134387198263	87	13	180	5	87	45	180	3	29	15	181	0	0.015625476837158203	4400	3.3747692108154297	3073	30.159090909090907	
913674.501948196	180.0	3.44	41.76	21.6	30.126134387198263	88	13	180	5	87	45	180	3	29	15	181	0	0.015622615814208984	4450	3.3903918266296387	3114	30.02247191011236	
188001687.15764344	180.0	3.3	37.7	19.5	30.126134387198263	89	13	180	6	116	60	180	3	29	15	181	0	0.0156252384185791	4500	3.4060170650482178	3150	30.0	
286.3447169210568	180.0	3.2	34.8	18.0	30.126134387198263	90	13	180	5	87	45	180	3	29	15	181	0	0.015623331069946289	4550	3.421640396118164	3177	30.175824175824175	
16586826.482073689	180.0	3.2	34.8	18.0	30.126134387198263	91	13	180	5	87	45	180	3	29	15	182	0	0.01562356948852539	4600	3.4372639656066895	3212	30.173913043478265	
1567.6074051134751	180.0	3.34	38.86	20.1	30.126134387198263	92	13	180	5	87	45	180	3	29	15	182	0	0.031247615814208984	4650	3.4685115814208984	3255	30.0	
110705059.48201631	180.0	3.36	39.44	20.4	30.126134387198263	93	13	180	5	87	45	180	3	29	15	184	0	0.015623331069946289	4700	3.4841349124908447	3292	29.95744680851064	
6302673.473887604	180.0	3.46	42.34	21.9	30.126134387198263	94	13	180	5	87	45	180	3	29	15	184	0	0.015624284744262695	4750	3.4997591972351074	3331	29.87368421052632	
25965.488263294123	180.0	3.24	35.96	18.6	30.126134387198263	95	13	180	6	116	60	180	3	29	15	185	0	0.031247377395629883	4800	3.5310065746307373	3368	29.83333333333333	
60.04715906827931	180.0	3.16	33.64	17.4	30.126134387198263	96	13	180	5	87	45	180	3	29	15	185	0	0.0	4850	3.5310065746307373	3405	29.79381443298969	
195.47596022679696	180.0	3.06	30.74	15.9	30.126134387198263	97	13	180	5	87	45	180	3	29	15	185	0	0.015625715255737305	4900	3.5466322898864746	3439	29.816326530612244	
1485.225732164028	180.0	3.12	32.48	16.8	30.126134387198263	98	13	180	5	87	45	180	3	29	15	187	0	0.015622615814208984	4950	3.5622549057006836	3474	29.818181818181827	
1200175895.72333	180.0	3.28	37.12	19.2	30.126134387198263	99	13	180	5	87	45	180	3	29	15	188	0	0.0	5000	3.5622549057006836	3510	29.80000000000001	
8439353846796.982	180.0	3.28	37.12	19.2	30.126134387198263	100	13	180	5	87	45	180	3	29	15	190	0	0.015623807907104492	5050	3.577878713607788	3541	29.88118811881189	
1420082325.5157518	180.0	3.16	33.64	17.4	28.18849866335757	101	13	180	5	87	45	180	3	29	15	191	0	0.015624046325683594	5100	3.5935027599334717	3577	29.862745098039213	
193961575.25682354	180.0	3.38	40.02	20.7	28.18849866335757	102	13	180	5	87	45	180	3	29	15	191	0	0.015624046325683594	5150	3.6091268062591553	3613	29.84466019417475	
11021570.865252199	180.0	3.4	40.6	21.0	28.18849866335757	103	13	180	5	87	45	180	3	29	15	193	0	0.01562356948852539	5200	3.6247503757476807	3650	29.807692307692307	
7411.215659718723	180.0	3.38	40.02	20.7	28.18849866335757	104	13	180	5	87	45	180	3	29	15	194	0	0.015624046325683594	5250	3.6403744220733643	3679	29.923809523809524	
6.591489554000251e+29	180.0	3.56	45.24	23.4	22.887104466660862	105	13	180	6	116	60	180	3	29	15	194	0	0.01562356948852539	5300	3.6559979915618896	3715	29.905660377358487	
2700424.30489108	180.0	3.26	36.54	18.9	22.887104466660862	106	13	180	5	87	45	180	3	29	15	194	0	0.015625	5350	3.6716229915618896	3749	29.925233644859816	
1.542294160167343e+22	180.0	3.4	40.6	21.0	22.887104466660862	107	13	180	5	87	45	180	3	29	15	194	0	0.015622854232788086	5400	3.6872458457946777	3781	29.98148148148148	
144738.71236030717	180.0	3.32	38.28	19.8	18.63028222298329	108	13	180	5	87	45	180	3	29	15	194	0	0.015624523162841797	5450	3.7028703689575195	3820	29.908256880733944	
1.6247196042118169e+19	180.0	3.34	38.86	20.1	18.63028222298329	109	13	180	5	87	45	180	3	29	15	195	0	0.015624046325683594	5500	3.718494415283203	3850	30.0	
253622692226484.8	180.0	3.54	44.66	23.1	18.63028222298329	110	13	180	5	87	45	180	3	29	15	195	0	0.031247615814208984	5550	3.749742031097412	3894	29.83783783783784	
181483370.83701527	180.0	3.44	41.76	21.6	18.50745464720736	111	13	180	4	58	30	180	3	29	15	195	0	0.015624284744262695	5600	3.765366315841675	3933	29.76785714285714	
2352694510895.316	180.0	3.32	38.28	19.8	18.50745464720736	112	13	180	5	87	45	180	3	29	15	195	0	0.015623807907104492	5650	3.7809901237487793	3967	29.787610619469035	
1766570964.0775123	180.0	3.3	37.7	19.5	18.50745464720736	113	13	180	4	58	30	180	3	29	15	197	0	0.015623331069946289	5700	3.7966134548187256	3999	29.84210526315789	
1620877.2397361877	180.0	3.4	40.6	21.0	18.50745464720736	114	13	180	5	87	45	180	3	29	15	197	0	0.031248092651367188	5750	3.8278615474700928	4040	29.73913043478261	
165442392.64277458	180.0	3.32	38.28	19.8	18.50745464720736	115	13	180	5	87	45	180	3	29	15	198	0	0.0	5800	3.8278615474700928	4076	29.724137931034477	
5816932.796921433	180.0	3.26	36.54	18.9	18.50745464720736	116	13	180	4	58	30	180	3	29	15	198	0	0.015624046325683594	5850	3.8434855937957764	4118	29.606837606837615	
10338329.677904246	180.0	3.32	38.28	19.8	17.90351500820183	117	13	180	4	58	30	180	3	29	15	198	0	0.015624046325683594	5900	3.85910964012146	4151	29.644067796610173	
22131390.195057895	180.0	3.28	37.12	19.2	17.90351500820183	118	13	180	4	58	30	180	3	29	15	200	0	0.015624284744262695	5950	3.8747339248657227	4181	29.73109243697479	
203643.67397355207	180.0	3.22	35.38	18.3	17.90351500820183	119	13	180	4	58	30	180	3	29	15	200	0	0.0	6000	3.8747339248657227	4220	29.666666666666657	
85.4318540160898	180.0	3.56	45.24	23.4	17.084134343706474	120	13	180	5	87	45	180	3	29	15	203	0	0.015624761581420898	6050	3.8903586864471436	4261	29.570247933884303	
1.6135718720381621e+28	180.0	3.68	48.72	25.2	17.084134343706474	121	13	180	5	87	45	180	3	29	15	204	0	0.01562356948852539	6100	3.905982255935669	4300	29.508196721311478	
5.868272344543328e+19	180.0	3.64	47.56	24.6	17.084134343706474	122	13	180	5	87	45	180	3	29	15	206	0	0.015622854232788086	6150	3.921605110168457	4338	29.463414634146346	
198557242.11164978	180.0	3.62	46.98	24.3	17.084134343706474	123	13	180	5	87	45	180	3	29	15	207	0	0.015624284744262695	6200	3.9372293949127197	4382	29.322580645161295	
159068413.08415723	180.0	3.74	50.46	26.1	17.084134343706474	124	13	180	5	87	45	180	3	29	15	207	0	0.015623807907104492	6250	3.952853202819824	4426	29.183999999999997	
2213297688.952088	180.0	3.64	47.56	24.6	16.351086848530162	125	13	180	5	87	45	180	3	29	15	210	0	0.015623807907104492	6300	3.9684770107269287	4463	29.158730158730165	
2.890300301177457e+27	180.0	3.72	49.88	25.8	16.351086848530162	126	13	180	5	87	45	180	3	29	15	211	0	0.015624284744262695	6350	3.9841012954711914	4503	29.08661417322834	
123.37931732373949	180.0	3.72	49.88	25.8	13.749329909230989	127	13	180	5	87	45	180	3	29	15	211	0	0.015623807907104492	6400	3.999725103378296	4545	28.984375	
151511547.29632044	180.0	3.66	48.14	24.9	13.749329909230989	128	13	180	5	87	45	180	3	29	15	212	0	0.015623807907104492	6450	4.0153489112854	4585	28.914728682170548	
225418891.44673964	180.0	3.62	46.98	24.3	13.749329909230989	129	13	180	5	87	45	180	3	29	15	213	0	0.015624046325683594	6500	4.030972957611084	4629	28.784615384615392	
3539107476.58795	180.0	3.84	53.36	27.6	13.500614731776471	130	13	180	5	87	45	180	3	29	15	214	0	0.031248807907104492	6550	4.0622217655181885	4673	28.656488549618317	
21723560.25396953	180.0	3.82	52.78	27.3	13.500614731776471	131	13	180	4	58	30	180	3	29	15	216	0	0.015623331069946289	6600	4.077845096588135	4715	28.560606060606062	
6111178890094.365	180.0	3.86	53.94	27.9	13.500614731776471	132	13	180	5	87	45	180	3	29	15	218	0	0.031247615814208984	6650	4.109092712402344	4758	28.451127819548873	
78357444.13244982	180.0	3.86	53.94	27.9	13.500614731776471	133	13	180	5	87	45	180	3	29	15	219	0	0.015623807907104492	6700	4.124716520309448	4800	28.358208955223887	
1421034945.9430587	180.0	3.8	52.2	27.0	13.241905146366614	134	13	180	4	58	30	180	3	29	15	219	0	0.03124856948852539	6750	4.155965089797974	4845	28.22222222222223	
1.7230561291514906e+17	180.0	3.84	53.36	27.6	13.241905146366614	135	13	180	5	87	45	180	3	29	15	219	0	0.03124690055847168	6800	4.187211990356445	4895	28.014705882352942	
77755525.49903333	180.0	3.76	51.04	26.4	13.24190454767604	136	13	180	4	58	30	180	3	29	15	220	0	0.015624284744262695	6850	4.202836275100708	4940	27.883211678832126	
1.0268718255737722e+29	180.0	3.7	49.3	25.5	13.24190454767604	137	13	180	4	58	30	180	3	29	15	221	0	0.031247377395629883	6900	4.234083652496338	4983	27.782608695652172	
1709974.5202267584	180.0	3.78	51.62	26.7	13.24190454767604	138	13	180	5	87	45	180	3	29	15	221	0	0.031247854232788086	6950	4.265331506729126	5030	27.62589928057554	
2.2430261926737165e+24	180.0	3.76	51.04	26.4	13.24190454767604	139	13	180	5	87	45	180	3	29	15	222	0	0.015623807907104492	7000	4.2809553146362305	5069	27.58571428571429	
9170.53666924088	180.0	3.76	51.04	26.4	13.24190454767604	140	13	180	5	87	45	180	3	29	15	223	0	0.031247854232788086	7050	4.3122031688690186	5113	27.475177304964532	
12998743.052311864	180.0	3.88	54.52	28.2	13.24190454767604	141	13	180	6	116	60	180	3	29	15	225	0	0.015624523162841797	7100	4.32782769203186	5155	27.39436619718309	
16591.950994165876	180.0	3.9	55.1	28.5	13.24190454767604	142	13	180	5	87	45	180	3	29	15	225	0	0.031247615814208984	7150	4.359075307846069	5203	27.23076923076924	
27221542087428.58	180.0	3.84	53.36	27.6	13.24190454767604	143	13	180	5	87	45	180	3	29	15	226	0	0.015624284744262695	7200	4.374699592590332	5246	27.138888888888886	
48755225.11042224	180.0	3.8	52.2	27.0	13.24190454767604	144	13	180	5	87	45	180	3	29	15	226	0	0.031247854232788086	7250	4.40594744682312	5291	27.02068965517242	
2.7026539564128145e+20	180.0	3.84	53.36	27.6	13.24190454767604	145	13	180	5	87	45	180	3	29	15	228	0	0.015623331069946289	7300	4.421570777893066	5331	26.972602739726028	
229558562449.19235	180.0	3.7	49.3	25.5	13.24190454767604	146	13	180	5	87	45	180	3	29	15	229	0	0.03124856948852539	7350	4.452819347381592	5373	26.897959183673464	
9491520999614710.0	180.0	3.4	40.6	21.0	13.24190454767604	147	13	180	5	87	45	180	3	29	15	232	0	0.015625	7400	4.468444347381592	5413	26.851351351351354	
18661986061.682674	180.0	3.34	38.86	20.1	13.24190454767604	148	13	180	4	58	30	180	3	29	15	232	0	0.015623807907104492	7450	4.484068155288696	5453	26.80536912751677	
3110.368751739161	180.0	3.2	34.8	18.0	13.24190454767604	149	13	180	4	58	30	180	3	29	15	232	0	0.031246423721313477	7500	4.51531457901001	5489	26.813333333333333	
157115079.52701604	180.0	3.38	40.02	20.7	13.24190454767604	150	13	180	4	58	30	180	3	29	15	234	0	0.015624046325683594	7550	4.530938625335693	5524	26.834437086092706	
43791436488658.07	180.0	3.34	38.86	20.1	13.24190454767604	151	13	180	4	58	30	180	3	29	15	234	0	0.015624046325683594	7600	4.546562671661377	5562	26.81578947368422	
1099209.3388216018	180.0	3.22	35.38	18.3	13.24190454767604	152	13	180	4	58	30	180	3	29	15	234	0	0.0	7650	4.546562671661377	5599	26.810457516339866	
503804156.39597243	180.0	3.28	37.12	19.2	13.24190454767604	153	13	180	4	58	30	180	3	29	15	234	0	0.015623331069946289	7700	4.562186002731323	5638	26.77922077922078	
866525549.705345	180.0	3.28	37.12	19.2	13.24190454767604	154	13	180	5	87	45	180	3	29	15	236	0	0.015624523162841797	7750	4.577810525894165	5669	26.851612903225814	
4.227158572433364e+18	180.0	3.38	40.02	20.7	13.24190454767604	155	13	180	5	87	45	180	3	29	15	238	0	0.01562356948852539	7800	4.59343409538269	5706	26.84615384615384	
19456777.551317114	180.0	3.4	40.6	21.0	13.139211107236768	156	13	180	4	58	30	180	3	29	15	238	0	0.015625715255737305	7850	4.609059810638428	5747	26.789808917197462	
18551700995120.31	180.0	3.58	45.82	23.7	13.139211107236768	157	13	180	4	58	30	180	3	29	15	238	0	0.01562356948852539	7900	4.624683380126953	5790	26.708860759493675	
4.196415600868259e+18	180.0	3.64	47.56	24.6	13.139211107236768	158	13	180	5	87	45	180	3	29	15	238	0	0.015622854232788086	7950	4.640306234359741	5836	26.591194968553452	
4.3290255053158764e+20	180.0	3.7	49.3	25.5	12.897844831482464	159	13	180	5	87	45	180	3	29	15	242	0	0.01562356948852539	8000	4.655929803848267	5873	26.58749999999999	
1536781.4709190268	180.0	3.64	47.56	24.6	12.897844831482464	160	13	180	4	58	30	180	3	29	15	242	0	0.015624523162841797	8050	4.671554327011108	5917	26.496894409937894	
4.674253794703351e+20	180.0	3.74	50.46	26.1	12.840258846869924	161	13	180	5	87	45	180	3	29	15	242	0	0.031247377395629883	8100	4.702801704406738	5960	26.419753086419746	
2159497986852224.0	180.0	3.72	49.88	25.8	12.840258846869924	162	13	180	5	87	45	180	3	29	15	246	0	0.015624046325683594	8150	4.718425750732422	5999	26.392638036809814	
672412671281451.2	180.0	3.56	45.24	23.4	12.840258846869924	163	13	180	4	58	30	180	3	29	15	246	0	0.0156252384185791	8200	4.734050989151001	6037	26.378048780487802	
7.388168009533124e+30	180.0	3.7	49.3	25.5	12.840258846869924	164	13	180	5	87	45	180	3	29	15	247	0	0.015623092651367188	8250	4.749674081802368	6077	26.339393939393943	
460641750.00856936	180.0	3.68	48.72	25.2	12.840258846869924	165	13	180	5	87	45	180	3	29	15	248	0	0.015623807907104492	8300	4.765297889709473	6118	26.289156626506028	
163167690.56035718	180.0	3.84	53.36	27.6	12.840258846869924	166	13	180	5	87	45	180	3	29	15	248	0	0.031247854232788086	8350	4.796545743942261	6162	26.203592814371262	
558489040.3409626	180.0	3.74	50.46	26.1	12.840258846869924	167	13	180	5	87	45	180	3	29	15	248	0	0.01562356948852539	8400	4.812169313430786	6205	26.13095238095238	
8458967.00035757	180.0	3.68	48.72	25.2	12.840258846869924	168	13	180	5	87	45	180	3	29	15	249	0	0.031247615814208984	8450	4.843416929244995	6245	26.094674556213022	
619179766747121.9	180.0	3.72	49.88	25.8	12.840258846869924	169	13	180	5	87	45	180	3	29	15	251	0	0.015624523162841797	8500	4.859041452407837	6286	26.04705882352941	
1.3725348610441083e+27	180.0	3.72	49.88	25.8	12.840258846869924	170	13	180	5	87	45	180	3	29	15	252	0	0.031248807907104492	8550	4.890290260314941	6328	25.98830409356725	
1.7311147111118298e+27	180.0	3.9	55.1	28.5	12.840258846869924	171	13	180	5	87	45	180	3	29	15	258	0	0.015622854232788086	8600	4.9059131145477295	6368	25.95348837209302	
3.3052939428739295e+23	180.0	3.96	56.84	29.4	12.840258846869924	172	13	180	5	87	45	180	3	29	15	263	0	0.03124713897705078	8650	4.93716025352478	6411	25.884393063583815	
7.71497044447568e+20	180.0	3.98	57.42	29.7	12.840258846869924	173	13	180	5	87	45	180	3	29	15	269	0	0.015624046325683594	8700	4.952784299850464	6452	25.839080459770116	
9.237956683001616e+22	180.0	3.9	55.1	28.5	12.840258846869924	174	13	180	5	87	45	180	3	29	15	271	0	0.015624046325683594	8750	4.9684083461761475	6496	25.760000000000005	
1.1342729718614776e+23	180.0	3.78	51.62	26.7	12.840258846869924	175	13	180	5	87	45	180	3	29	15	273	0	0.015623807907104492	8800	4.984032154083252	6534	25.75	
5.826702629360714e+34	180.0	3.62	46.98	24.3	12.840258846869924	176	13	180	5	87	45	180	3	29	15	275	0	0.015624523162841797	8850	4.999656677246094	6573	25.728813559322035	
1.3207435886371604e+31	180.0	3.56	45.24	23.4	12.840258846869924	177	13	180	5	87	45	180	3	29	15	278	0	0.015625	8900	5.015281677246094	6609	25.741573033707866	
4.0154457809095787e+37	180.0	3.46	42.34	21.9	12.840258846869924	178	13	180	5	87	45	180	3	29	15	282	0	0.015622615814208984	8950	5.030904293060303	6647	25.731843575418992	
5.660681584376261e+22	180.0	3.44	41.76	21.6	12.840258846869924	179	13	180	4	58	30	180	3	29	15	284	0	0.015623807907104492	9000	5.046528100967407	6683	25.744444444444454	
1921698168.8812366	180.0	3.62	46.98	24.3	12.840258846869924	180	13	180	4	58	30	180	3	29	15	289	0	0.015625476837158203	9050	5.062153577804565	6716	25.790055248618785	
4480925702.348761	180.0	3.68	48.72	25.2	12.795896532104756	181	13	180	4	58	30	180	3	29	15	289	0	0.031247854232788086	9100	5.0934014320373535	6758	25.736263736263737	
2.8594005535306646e+19	180.0	3.56	45.24	23.4	12.795896532104756	182	13	180	4	58	30	180	3	29	15	290	0	0.015622615814208984	9150	5.1090240478515625	6801	25.672131147540995	
8.067998149036845e+23	180.0	3.68	48.72	25.2	12.795896532104756	183	13	180	4	58	30	180	3	29	15	292	0	0.01562356948852539	9200	5.124647617340088	6842	25.63043478260869	
1090632666.617056	180.0	3.64	47.56	24.6	12.795896532104756	184	13	180	5	87	45	180	3	29	15	296	0	0.031248092651367188	9250	5.155895709991455	6881	25.61081081081082	
2450139403830.225	180.0	3.72	49.88	25.8	12.795896532104756	185	13	180	6	116	60	180	3	29	15	298	0	0.015624046325683594	9300	5.171519756317139	6921	25.580645161290334	
1.2917988432653697e+19	180.0	3.48	42.92	22.2	12.795896532104756	186	13	180	5	87	45	180	3	29	15	298	0	0.015623807907104492	9350	5.187143564224243	6955	25.61497326203208	
5.050346606493213e+36	180.0	3.68	48.72	25.2	12.795896532104756	187	13	180	5	87	45	180	3	29	15	301	0	0.015624523162841797	9400	5.202768087387085	6995	25.585106382978722	
4.6126522162023356e+21	180.0	3.64	47.56	24.6	12.795896532104756	188	13	180	5	87	45	180	3	29	15	302	0	0.015623807907104492	9450	5.2183918952941895	7035	25.555555555555557	
163592736.90653458	180.0	3.8	52.2	27.0	12.795896532104756	189	13	180	5	87	45	180	3	29	15	302	0	0.031247615814208984	9500	5.249639511108398	7083	25.4421052631579	
4.692112314334674e+36	180.0	3.78	51.62	26.7	12.795896532104756	190	13	180	4	58	30	180	3	29	15	302	0	0.01562356948852539	9550	5.265263080596924	7128	25.361256544502623	
1.5339042857756308e+18	180.0	3.64	47.56	24.6	12.795896532104756	191	13	180	5	87	45	180	3	29	15	304	0	0.015624284744262695	9600	5.2808873653411865	7171	25.302083333333343	
4803840726782630.0	180.0	3.62	46.98	24.3	12.795896532104756	192	13	180	5	87	45	180	3	29	15	307	0	0.015624046325683594	9650	5.29651141166687	7214	25.24352331606218	
4.7878697085047904e+36	180.0	3.66	48.14	24.9	12.795896532104756	193	13	180	5	87	45	180	3	29	15	309	0	0.031247854232788086	9700	5.327759265899658	7252	25.23711340206185	
143213304.40376824	180.0	3.56	45.24	23.4	12.795896532104756	194	13	180	5	87	45	180	3	29	15	310	0	0.015624046325683594	9750	5.343383312225342	7294	25.189743589743586	
41867.07357532006	180.0	3.66	48.14	24.9	12.795896532104756	195	13	180	5	87	45	180	3	29	15	314	0	0.01562356948852539	9800	5.359006881713867	7337	25.132653061224488	
1.3457259574469236e+25	180.0	3.62	46.98	24.3	12.795896532104756	196	13	180	5	87	45	180	3	29	15	318	0	0.03124833106994629	9850	5.3902552127838135	7376	25.116751269035532	
1.808035714293121e+20	180.0	3.42	41.18	21.3	12.795896532104756	197	13	180	5	87	45	180	3	29	15	320	0	0.015623807907104492	9900	5.405879020690918	7417	25.080808080808083	
5.432660000366546e+17	180.0	3.28	37.12	19.2	12.795896532104756	198	13	180	5	87	45	180	3	29	15	320	0	0.031247377395629883	9950	5.437126398086548	7456	25.065326633165824	
12673674.931412501	180.0	3.38	40.02	20.7	12.795896532104756	199	13	180	4	58	30	180	3	29	15	323	0	0.015624284744262695	10000	5.4527506828308105	7492	25.08	
28353160144309.355	180.0	3.24	35.96	18.6	12.795896532104756	200	13	180	4	58	30	180	3	29	15	324	0	0.015623807907104492	10050	5.468374490737915	7528	25.094527363184085	
1459543559.9675148	180.0	3.28	37.12	19.2	12.795896532104756	201	13	180	4	58	30	180	3	29	15	327	0	0.015623807907104492	10100	5.4839982986450195	7567	25.079207920792072	
1461867843.1782107	180.0	3.18	34.22	17.7	12.795896532104756	202	13	180	4	58	30	180	3	29	15	327	0	0.031247615814208984	10150	5.5152459144592285	7599	25.13300492610837	
425344263729376.94	180.0	3.18	34.22	17.7	12.795896532104756	203	13	180	4	58	30	180	3	29	15	327	0	0.015624284744262695	10200	5.530870199203491	7634	25.15686274509804	
212455882.85902005	180.0	3.24	35.96	18.6	12.795896532104756	204	13	180	4	58	30	180	3	29	15	327	0	0.015624046325683594	10250	5.546494245529175	7665	25.21951219512195	
129390450.09220006	180.0	3.42	41.18	21.3	12.795896532104756	205	13	180	5	87	45	180	3	29	15	327	0	0.015623807907104492	10300	5.562118053436279	7705	25.194174757281544	
325973769.05860406	180.0	3.36	39.44	20.4	12.795896532104756	206	13	180	6	116	60	180	3	29	15	328	0	0.03124833106994629	10350	5.593366384506226	7741	25.20772946859904	
5.465740395113251e+21	180.0	3.2	34.8	18.0	12.795896532104756	207	13	180	5	87	45	180	3	29	15	330	0	0.015623807907104492	10400	5.60899019241333	7774	25.25	
3.3636012037950525e+20	180.0	3.22	35.38	18.3	12.795896532104756	208	13	180	5	87	45	180	3	29	15	330	0	0.015623807907104492	10450	5.624614000320435	7807	25.291866028708128	
27221400000063.65	180.0	3.28	37.12	19.2	12.795896532104756	209	13	180	4	58	30	180	3	29	15	330	0	0.015623807907104492	10500	5.640237808227539	7849	25.247619047619054	
4.899228533763589e+41	180.0	3.66	48.14	24.9	12.795896532104756	210	13	180	5	87	45	180	3	29	15	335	0	0.031247854232788086	10550	5.671485662460327	7888	25.232227488151665	
2.100691801933641e+20	180.0	3.8	52.2	27.0	12.795896532104756	211	13	180	5	87	45	180	3	29	15	335	0	0.015623807907104492	10600	5.687109470367432	7931	25.179245283018872	
9.097000777486003e+36	180.0	3.86	53.94	27.9	12.795896532104756	212	13	180	5	87	45	180	3	29	15	336	0	0.031247615814208984	10650	5.718357086181641	7974	25.126760563380273	
1.7522318914894406e+27	180.0	3.82	52.78	27.3	12.795896532104756	213	13	180	5	87	45	180	3	29	15	340	0	0.015623807907104492	10700	5.733980894088745	8013	25.112149532710276	
2.1785779913055678e+41	180.0	3.66	48.14	24.9	12.795896532104756	214	13	180	4	58	30	180	3	29	15	342	0	0.015625	10750	5.749605894088745	8050	25.116279069767444	
2016649610855.9329	180.0	3.74	50.46	26.1	12.795896532104756	215	13	180	5	87	45	180	3	29	15	345	0	0.03124856948852539	10800	5.7808544635772705	8092	25.074074074074076	
1201727744.551921	180.0	3.74	50.46	26.1	12.795896532104756	216	13	180	4	58	30	180	3	29	15	345	0	0.015623092651367188	10850	5.796477556228638	8139	24.986175115207374	
5.747028752952124e+27	180.0	3.96	56.84	29.4	12.795896532104756	217	13	180	5	87	45	180	3	29	15	347	0	0.03124690055847168	10900	5.827724456787109	8181	24.944954128440372	
3396748372.931806	180.0	4.04	59.16	30.6	12.795896532104756	218	13	180	5	87	45	180	3	29	15	348	0	0.015623807907104492	10950	5.843348264694214	8226	24.876712328767127	
51249526.89557118	180.0	4.08	60.32	31.2	12.74930673608809	219	13	180	6	116	60	180	3	29	15	352	0	0.0156252384185791	11000	5.858973503112793	8270	24.818181818181813	
532140975.93007207	180.0	4.04	59.16	30.6	12.74930673608809	220	13	180	6	116	60	180	3	29	15	355	0	0.015624046325683594	11050	5.874597549438477	8313	24.76923076923076	
7.725796830853226e+36	180.0	3.9	55.1	28.5	12.74930673608809	221	13	180	6	116	60	180	3	29	15	361	0	0.03124713897705078	11100	5.905844688415527	8351	24.765765765765764	
3.0995201683827624e+33	180.0	3.74	50.46	26.1	12.74930673608809	222	13	180	6	116	60	180	3	29	15	364	0	0.015624046325683594	11150	5.921468734741211	8391	24.74439461883408	
5656188244.376946	180.0	3.44	41.76	21.6	12.74930673608809	223	13	180	5	87	45	180	3	29	15	368	0	0.031247615814208984	11200	5.95271635055542	8425	24.776785714285708	
3.306154846274947e+32	180.0	3.52	44.08	22.8	12.74930673608809	224	13	180	5	87	45	180	3	29	15	374	0	0.015623331069946289	11250	5.968339681625366	8455	24.84444444444445	
6.199013978073866e+32	180.0	3.66	48.14	24.9	12.74930673608809	225	13	180	5	87	45	180	3	29	15	377	0	0.015624284744262695	11300	5.983963966369629	8493	24.840707964601776	
358118.0806474888	180.0	3.6	46.4	24.0	12.74930673608809	226	13	180	5	87	45	180	3	29	15	380	0	0.015624046325683594	11350	5.9995880126953125	8530	24.845814977973575	
3126329085.5311956	180.0	3.58	45.82	23.7	12.74930673608809	227	13	180	5	87	45	180	3	29	15	381	0	0.031247854232788086	11400	6.030835866928101	8573	24.798245614035082	
77489.79306156063	180.0	3.62	46.98	24.3	12.74930673608809	228	13	180	5	87	45	180	3	29	15	384	0	0.0156252384185791	11450	6.04646110534668	8615	24.759825327510924	
878133304.2613102	180.0	3.64	47.56	24.6	12.718759928999614	229	13	180	5	87	45	180	3	29	15	386	0	0.015622854232788086	11500	6.062083959579468	8659	24.70434782608696	
145063717.73443657	180.0	3.64	47.56	24.6	12.695861224033424	230	13	180	5	87	45	180	3	29	15	390	0	0.03124833106994629	11550	6.093332290649414	8696	24.709956709956714	
5.596308254618909e+34	180.0	3.6	46.4	24.0	12.695861224033424	231	13	180	5	87	45	180	3	29	15	391	0	0.015623331069946289	11600	6.10895562171936	8739	24.66379310344827	
21442128.07708626	180.0	3.7	49.3	25.5	12.695861224033424	232	13	180	5	87	45	180	3	29	15	399	0	0.015624284744262695	11650	6.124579906463623	8770	24.721030042918457	
990049.1690371316	180.0	3.8	52.2	27.0	12.695861224033424	233	13	180	5	87	45	180	3	29	15	401	0	0.015623807907104492	11700	6.1402037143707275	8810	24.700854700854705	
4.7931527945536556e+20	180.0	3.82	52.78	27.3	12.695861224033424	234	13	180	5	87	45	180	3	29	15	408	0	0.031248092651367188	11750	6.171451807022095	8850	24.68085106382979	
2971879629.88916	180.0	3.72	49.88	25.8	12.695861224033424	235	13	180	5	87	45	180	3	29	15	412	0	0.015624046325683594	11800	6.187075853347778	8889	24.669491525423723	
51348765.99828588	180.0	3.52	44.08	22.8	12.695861224033424	236	13	180	4	58	30	180	3	29	15	415	0	0.031247615814208984	11850	6.218323469161987	8927	24.66666666666667	
859517394.61086	180.0	3.56	45.24	23.4	12.695861224033424	237	13	180	4	58	30	180	3	29	15	418	0	0.01562356948852539	11900	6.233947038650513	8964	24.672268907563023	
1.5378117965935179e+25	180.0	3.54	44.66	23.1	12.695861224033424	238	13	180	5	87	45	180	3	29	15	420	0	0.015624284744262695	11950	6.249571323394775	9004	24.652719665271974	
9181357755.969831	180.0	3.54	44.66	23.1	12.695861224033424	239	13	180	5	87	45	180	3	29	15	424	0	0.015623331069946289	12000	6.265194654464722	9035	24.70833333333333	
1.7773581216656192e+41	180.0	3.72	49.88	25.8	12.695861224033424	240	13	180	5	87	45	180	3	29	15	428	0	0.015624284744262695	12050	6.280818939208984	9074	24.697095435684645	
1.3843066719682671e+26	180.0	3.66	48.14	24.9	12.695861224033424	241	13	180	5	87	45	180	3	29	15	431	0	0.015624046325683594	12100	6.296442985534668	9113	24.68595041322314	
3.351456340310138e+26	180.0	3.54	44.66	23.1	12.695861224033424	242	13	180	5	87	45	180	3	29	15	434	0	0.031249046325683594	12150	6.327692031860352	9148	24.707818930041142	
5.443803627930628e+18	180.0	3.5	43.5	22.5	12.695861224033424	243	13	180	5	87	45	180	3	29	15	434	0	0.015622854232788086	12200	6.34331488609314	9189	24.68032786885246	
3.346684191699411e+26	180.0	3.44	41.76	21.6	12.695861224033424	244	13	180	5	87	45	180	3	29	15	437	0	0.015624046325683594	12250	6.358938932418823	9230	24.65306122448979	
134934.30907715776	180.0	3.28	37.12	19.2	12.695861224033424	245	13	180	5	87	45	180	3	29	15	439	0	0.015623807907104492	12300	6.374562740325928	9259	24.723577235772353	
4.922048778264018e+25	180.0	3.28	37.12	19.2	12.695861224033424	246	13	180	5	87	45	180	3	29	15	440	0	0.015623331069946289	12350	6.390186071395874	9290	24.777327935222672	
144179.40655310955	180.0	3.4	40.6	21.0	12.695861224033424	247	13	180	5	87	45	180	3	29	15	442	0	0.03124833106994629	12400	6.42143440246582	9327	24.782258064516128	
977084119.119752	180.0	3.66	48.14	24.9	12.695861224033424	248	13	180	5	87	45	180	3	29	15	445	0	0.015624046325683594	12450	6.437058448791504	9366	24.771084337349407	
6378352156511.433	180.0	3.58	45.82	23.7	12.695861224033424	249	13	180	6	116	60	180	3	29	15	446	0	0.031248092651367188	12500	6.468306541442871	9410	24.72	
7830614562.700391	180.0	3.44	41.76	21.6	12.695861224033424	250	13	180	5	87	45	180	3	29	15	449	0	0.015623331069946289	12550	6.483929872512817	9443	24.756972111553793	
118542067.24032877	180.0	3.54	44.66	23.1	12.695861224033424	251	13	180	5	87	45	180	3	29	15	452	0	0.015623807907104492	12600	6.499553680419922	9480	24.76190476190476	
15476972.508473814	180.0	3.7	49.3	25.5	12.695861224033424	252	13	180	5	87	45	180	3	29	15	453	0	0.031248092651367188	12650	6.530801773071289	9519	24.750988142292485	
1294373508.3417985	180.0	3.54	44.66	23.1	12.695861224033424	253	13	180	5	87	45	180	3	29	15	455	0	0.015624284744262695	12700	6.546426057815552	9558	24.740157480314963	
984515718.5364984	180.0	3.48	42.92	22.2	12.695861224033424	254	13	180	5	87	45	180	3	29	15	459	0	0.015623331069946289	12750	6.562049388885498	9598	24.721568627450978	
82.21615121283924	180.0	3.44	41.76	21.6	12.695861224033424	255	13	180	5	87	45	180	3	29	15	459	0	0.015624761581420898	12800	6.577674150466919	9636	24.71875	
100012730.21230157	180.0	3.48	42.92	22.2	12.695861224033424	256	13	180	5	87	45	180	3	29	15	462	0	0.015623331069946289	12850	6.593297481536865	9670	24.747081712062254	
120.2741295171458	180.0	3.44	41.76	21.6	12.695861224033424	257	13	180	5	87	45	180	3	29	15	465	0	0.031247854232788086	12900	6.624545335769653	9703	24.7829457364341	
153282392.9116686	180.0	3.54	44.66	23.1	12.695861224033424	258	13	180	5	87	45	180	3	29	15	471	0	0.015624761581420898	12950	6.640170097351074	9732	24.849420849420838	
3413289867.34304	180.0	3.34	38.86	20.1	12.695861224033424	259	13	180	4	58	30	180	3	29	15	472	0	0.03124833106994629	13000	6.6714184284210205	9770	24.846153846153854	
175068254.90584916	180.0	3.38	40.02	20.7	12.695861224033424	260	13	180	5	87	45	180	3	29	15	473	0	0.015623807907104492	13050	6.687042236328125	9805	24.865900383141764	
1451712742.3746407	180.0	3.52	44.08	22.8	12.695861224033424	261	13	180	5	87	45	180	3	29	15	477	0	0.015622615814208984	13100	6.702664852142334	9840	24.8854961832061	
3.5235364086624412e+22	180.0	3.42	41.18	21.3	12.695861224033424	262	13	180	5	87	45	180	3	29	15	479	0	0.015624284744262695	13150	6.718289136886597	9876	24.89733840304183	
1587846245.3132207	180.0	3.54	44.66	23.1	12.695861224033424	263	13	180	4	58	30	180	3	29	15	483	0	0.015623807907104492	13200	6.733912944793701	9912	24.90909090909092	
13424613.759271342	180.0	3.48	42.92	22.2	12.695861224033424	264	13	180	5	87	45	180	3	29	15	487	0	0.031248092651367188	13250	6.765161037445068	9947	24.928301886792454	
2.134987194079039e+25	180.0	3.44	41.76	21.6	12.695861224033424	265	13	180	5	87	45	180	3	29	15	488	0	0.01562356948852539	13300	6.780784606933594	9985	24.924812030075188	
2806.919789308804	180.0	3.4	40.6	21.0	12.695861224033424	266	13	180	4	58	30	180	3	29	15	488	0	0.015624761581420898	13350	6.796409368515015	10019	24.951310861423224	
223478075.69306105	180.0	3.3	37.7	19.5	12.695861224033424	267	13	180	4	58	30	180	3	29	15	489	0	0.0	13400	6.796409368515015	10060	24.925373134328353	
3.908378705765371e+28	180.0	3.32	38.28	19.8	12.695861224033424	268	13	180	5	87	45	180	3	29	15	493	0	0.015622854232788086	13450	6.812032222747803	10094	24.951672862453535	
64583.03908397173	180.0	3.24	35.96	18.6	12.695861224033424	269	13	180	4	58	30	180	3	29	15	496	0	0.031248092651367188	13500	6.84328031539917	10124	25.007407407407413	
1373458951.047258	180.0	3.22	35.38	18.3	12.695861224033424	270	13	180	4	58	30	180	3	29	15	498	0	0.015624284744262695	13550	6.858904600143433	10155	25.055350553505534	
1465136.5131666441	180.0	3.26	36.54	18.9	12.695861224033424	271	13	180	4	58	30	180	3	29	15	500	0	0.015623807907104492	13600	6.874528408050537	10193	25.05147058823529	
138019985.27311823	180.0	3.36	39.44	20.4	12.695861224033424	272	13	180	5	87	45	180	3	29	15	500	0	0.015624046325683594	13650	6.890152454376221	10230	25.05494505494505	
1.1745884839990392e+20	180.0	3.44	41.76	21.6	12.695861224033424	273	13	180	5	87	45	180	3	29	15	501	0	0.015624046325683594	13700	6.905776500701904	10266	25.065693430656935	
207200036.21150503	180.0	3.4	40.6	21.0	12.695861224033424	274	13	180	5	87	45	180	3	29	15	505	0	0.015623807907104492	13750	6.921400308609009	10299	25.098181818181814	
2709070501.013214	180.0	3.32	38.28	19.8	12.695861224033424	275	13	180	4	58	30	180	3	29	15	506	0	0.031247615814208984	13800	6.952647924423218	10336	25.101449275362313	
2865608858.3266644	180.0	3.38	40.02	20.7	12.695861224033424	276	13	180	5	87	45	180	3	29	15	506	0	0.015625476837158203	13850	6.968273401260376	10375	25.09025270758123	
4057968556.9486656	180.0	3.3	37.7	19.5	12.695861224033424	277	13	180	5	87	45	180	3	29	15	507	0	0.015622377395629883	13900	6.983895778656006	10408	25.122302158273385	
1487873.4492992528	180.0	3.2	34.8	18.0	12.695861224033424	278	13	180	5	87	45	180	3	29	15	508	0	0.015624284744262695	13950	6.9995200634002686	10441	25.15412186379929	
123.19611960788657	180.0	3.24	35.96	18.6	12.695861224033424	279	13	180	4	58	30	180	3	29	15	509	0	0.015624761581420898	14000	7.0151448249816895	10475	25.17857142857143	
52.27084321086284	180.0	3.06	30.74	15.9	12.695861224033424	280	13	180	4	58	30	180	3	29	15	509	0	0.015624284744262695	14050	7.030769109725952	10509	25.20284697508896	
9.821172400561035e+16	180.0	3.14	33.06	17.1	12.695861224033424	281	13	180	4	58	30	180	3	29	15	511	0	0.015622615814208984	14100	7.046391725540161	10544	25.21985815602838	
49.25151401767331	180.0	3.18	34.22	17.7	12.695861224033424	282	13	180	4	58	30	180	3	29	15	512	0	0.015624284744262695	14150	7.062016010284424	10579	25.23674911660777	
1948736.9587768996	180.0	3.22	35.38	18.3	12.695861224033424	283	13	180	4	58	30	180	3	29	15	513	0	0.0	14200	7.062016010284424	10617	25.232394366197184	
26809935.107102137	180.0	3.18	34.22	17.7	12.693690222949888	284	13	180	4	58	30	180	3	29	15	514	0	0.031247377395629883	14250	7.093263387680054	10651	25.25614035087719	
90.73683851474517	180.0	3.28	37.12	19.2	12.693690222949888	285	13	180	5	87	45	180	3	29	15	514	0	0.015624761581420898	14300	7.108888149261475	10684	25.286713286713294	
53.30259043649366	180.0	3.22	35.38	18.3	12.693690222949888	286	13	180	4	58	30	180	3	29	15	514	0	0.015622854232788086	14350	7.124511003494263	10720	25.296167247386762	
1026046822.6799654	180.0	3.38	40.02	20.7	12.693690222949888	287	13	180	4	58	30	180	3	29	15	515	0	0.015624523162841797	14400	7.1401355266571045	10759	25.28472222222223	
128014236.69298643	180.0	3.52	44.08	22.8	12.693690222949888	288	13	180	5	87	45	180	3	29	15	518	0	0.01562356948852539	14450	7.15575909614563	10797	25.28027681660899	
1277955530.0889459	180.0	3.72	49.88	25.8	12.693690222949888	289	13	180	5	87	45	180	3	29	15	520	0	0.015623807907104492	14500	7.171382904052734	10836	25.268965517241384	
6.002155790283588e+28	180.0	3.9	55.1	28.5	12.693690222949888	290	13	180	5	87	45	180	3	29	15	522	0	0.031248092651367188	14550	7.202630996704102	10883	25.20274914089346	
1523119245.0427291	180.0	3.8	52.2	27.0	12.693690222949888	291	13	180	5	87	45	180	3	29	15	525	0	0.015623092651367188	14600	7.218254089355469	10926	25.16438356164383	
3489057757.401978	180.0	3.74	50.46	26.1	12.693690222949888	292	13	180	5	87	45	180	3	29	15	527	0	0.03124856948852539	14650	7.249502658843994	10965	25.153583617747444	
631927376.4128047	180.0	3.76	51.04	26.4	12.693690222949888	293	13	180	5	87	45	180	3	29	15	530	0	0.031247854232788086	14700	7.280750513076782	11004	25.14285714285714	
1613708.1921249528	180.0	3.76	51.04	26.4	12.635448696069501	294	13	180	4	58	30	180	3	29	15	536	0	0.031247377395629883	14750	7.311997890472412	11041	25.145762711864407	
295696519.87194216	180.0	3.84	53.36	27.6	12.635448696069501	295	13	180	5	87	45	180	3	29	15	541	0	0.015624523162841797	14800	7.327622413635254	11083	25.114864864864856	
2.8544569001024067e+18	180.0	3.96	56.84	29.4	12.635448696069501	296	13	180	5	87	45	180	3	29	15	547	0	0.015624284744262695	14850	7.343246698379517	11122	25.104377104377107	
793073804.5509654	180.0	4.02	58.58	30.3	12.635448696069501	297	13	180	5	87	45	180	3	29	15	553	0	0.03124713897705078	14900	7.374493837356567	11161	25.09395973154362	
5043957733.056652	180.0	3.98	57.42	29.7	12.635448696069501	298	13	180	5	87	45	180	3	29	15	557	0	0.015624284744262695	14950	7.39011812210083	11203	25.06354515050168	
4338203487.700026	180.0	3.76	51.04	26.4	12.634230108511247	299	13	180	4	58	30	180	3	29	15	562	0	0.0312497615814209	15000	7.421367883682251	11238	25.08	
378961.95416647376	180.0	3.74	50.46	26.1	12.634230108511247	300	13	180	5	87	45	180	3	29	15	562	0	0.01562190055847168	15050	7.436989784240723	11284	25.023255813953497	
2054371058.2750003	180.0	3.76	51.04	26.4	12.634230108511247	301	13	180	5	87	45	180	3	29	15	566	0	0.01562356948852539	15100	7.452613353729248	11322	25.019867549668874	
4.0995930666333084e+20	180.0	3.58	45.82	23.7	12.634230108511247	302	13	180	5	87	45	180	3	29	15	568	0	0.0	15150	7.452613353729248	11363	24.996699669966986	
3333422.4114853367	180.0	3.58	45.82	23.7	12.634230108511247	303	13	180	5	87	45	180	3	29	15	574	0	0.015624284744262695	15200	7.468237638473511	11397	25.01973684210526	
551390064.9714296	180.0	3.56	45.24	23.4	12.634230108511247	304	13	180	5	87	45	180	3	29	15	577	0	0.031249046325683594	15250	7.499486684799194	11438	24.99672131147541	
4.26534262375887e+33	180.0	3.66	48.14	24.9	12.634230108511247	305	13	180	5	87	45	180	3	29	15	584	0	0.015622854232788086	15300	7.515109539031982	11474	25.006535947712422	
9.33758906918907e+18	180.0	3.78	51.62	26.7	12.634230108511247	306	13	180	5	87	45	180	3	29	15	588	0	0.031247854232788086	15350	7.5463573932647705	11510	25.016286644951137	
2000085759.2586412	180.0	3.9	55.1	28.5	12.634230108511247	307	13	180	5	87	45	180	3	29	15	592	0	0.015624046325683594	15400	7.561981439590454	11550	25.0	
13026227306627.76	180.0	3.88	54.52	28.2	12.634230108511247	308	13	180	5	87	45	180	3	29	15	595	0	0.031248807907104492	15450	7.593230247497559	11589	24.990291262135926	
6056412035257.148	180.0	3.76	51.04	26.4	12.633002624998275	309	13	180	5	87	45	180	3	29	15	603	0	0.015624284744262695	15500	7.608854532241821	11623	25.012903225806454	
50557044.61465756	180.0	3.68	48.72	25.2	12.633002624998275	310	13	180	5	87	45	180	3	29	15	605	0	0.03124713897705078	15550	7.640101671218872	11660	25.016077170418	
7.553071594703061e+27	180.0	3.66	48.14	24.9	12.633002624998275	311	13	180	5	87	45	180	3	29	15	609	0	0.01562356948852539	15600	7.6557252407073975	11699	25.006410256410263	
281152464.34911376	180.0	3.64	47.56	24.6	12.633002624998275	312	13	180	5	87	45	180	3	29	15	616	0	0.015625	15650	7.6713502407073975	11736	25.009584664536746	
5932690.573698576	180.0	3.64	47.56	24.6	12.633002624998275	313	13	180	5	87	45	180	3	29	15	622	0	0.03124833106994629	15700	7.702598571777344	11774	25.00636942675159	
212482553.53429943	180.0	3.92	55.68	28.8	12.633002624998275	314	13	180	5	87	45	180	3	29	15	626	0	0.015623807907104492	15750	7.718222379684448	11816	24.977777777777774	
2899061187.6416397	180.0	3.78	51.62	26.7	12.633002624998275	315	13	180	5	87	45	180	3	29	15	631	0	0.031245946884155273	15800	7.7494683265686035	11851	24.993670886075947	
295350589336039.94	180.0	3.8	52.2	27.0	12.633002624998275	316	13	180	6	116	60	180	3	29	15	634	0	0.015624284744262695	15850	7.765092611312866	11890	24.98422712933754	
4.051409817331725e+27	180.0	3.68	48.72	25.2	12.633002624998275	317	13	180	5	87	45	180	3	29	15	643	0	0.031247615814208984	15900	7.796340227127075	11923	25.0125786163522	
2589304.7690799055	180.0	3.76	51.04	26.4	12.633002624998275	318	13	180	6	116	60	180	3	29	15	645	0	0.031249046325683594	15950	7.827589273452759	11962	25.003134796238243	
180309234062.209	180.0	3.88	54.52	28.2	12.633002624998275	319	13	180	6	116	60	180	3	29	15	647	0	0.015624046325683594	16000	7.843213319778442	12006	24.962500000000006	
1727942.0378054695	180.0	3.7	49.3	25.5	12.633002624998275	320	13	180	5	87	45	180	3	29	15	654	0	0.015622854232788086	16050	7.8588361740112305	12040	24.984423676012455	
1.3048461367345232e+19	180.0	3.48	42.92	22.2	12.633002624998275	321	13	180	5	87	45	180	3	29	15	660	0	0.031248092651367188	16100	7.890084266662598	12075	25.0	
4175821822410578.0	180.0	3.32	38.28	19.8	12.633002624998275	322	13	180	5	87	45	180	3	29	15	667	0	0.015624046325683594	16150	7.905708312988281	12101	25.071207430340564	
6.289261561218174e+27	180.0	3.26	36.54	18.9	12.633002624998275	323	13	180	4	58	30	180	3	29	15	671	0	0.015624761581420898	16200	7.921333074569702	12132	25.1111111111111	
2083776.5173577983	180.0	3.32	38.28	19.8	12.633002624998275	324	13	180	5	87	45	180	3	29	15	676	0	0.015623331069946289	16250	7.936956405639648	12163	25.150769230769228	
196745985.63104776	180.0	3.42	41.18	21.3	12.633002624998275	325	13	180	4	58	30	180	3	29	15	679	0	0.03124713897705078	16300	7.968203544616699	12201	25.147239263803684	
9.17946240281481e+27	180.0	3.7	49.3	25.5	12.621189163279121	326	13	180	5	87	45	180	3	29	15	688	0	0.015624284744262695	16350	7.983827829360962	12238	25.14984709480123	
1.7279857566650419e+28	180.0	3.9	55.1	28.5	12.621189163279121	327	13	180	5	87	45	180	3	29	15	693	0	0.015624761581420898	16400	7.999452590942383	12275	25.152439024390233	
1.7494319508010832e+27	180.0	3.84	53.36	27.6	12.621189163279121	328	13	180	5	87	45	180	3	29	15	697	0	0.031248092651367188	16450	8.03070068359375	12317	25.124620060790264	
1.7394745994790562e+28	180.0	3.9	55.1	28.5	12.621189163279121	329	13	180	5	87	45	180	3	29	15	704	0	0.0156252384185791	16500	8.046325922012329	12356	25.11515151515151	
3.323936414977344e+28	180.0	3.64	47.56	24.6	12.621189163279121	330	13	180	5	87	45	180	3	29	15	707	0	0.031246662139892578	16550	8.077572584152222	12394	25.111782477341393	
2868998292.5532355	180.0	3.6	46.4	24.0	12.621189163279121	331	13	180	5	87	45	180	3	29	15	711	0	0.015622854232788086	16600	8.09319543838501	12435	25.09036144578313	
1786461543.6797981	180.0	3.56	45.24	23.4	12.621189163279121	332	13	180	5	87	45	180	3	29	15	715	0	0.031260013580322266	16650	8.124455451965332	12469	25.1111111111111	
1348851268.4197607	180.0	3.52	44.08	22.8	12.621189163279121	333	13	180	5	87	45	180	3	29	15	716	0	0.015614032745361328	16700	8.140069484710693	12504	25.125748502994014	
4.620363403703918e+33	180.0	3.44	41.76	21.6	12.621189163279121	334	13	180	5	87	45	180	3	29	15	720	0	0.01562356948852539	16750	8.155693054199219	12539	25.14029850746269	
1212849.7012534512	180.0	3.36	39.44	20.4	12.621189163279121	335	13	180	5	87	45	180	3	29	15	724	0	0.015622854232788086	16800	8.171315908432007	12577	25.13690476190476	
2.73092217345309e+30	180.0	3.42	41.18	21.3	12.621189163279121	336	13	180	6	116	60	180	3	29	15	725	0	0.015625476837158203	16850	8.186941385269165	12606	25.18694362017804	
124985.8303511218	180.0	3.28	37.12	19.2	12.621189163279121	337	13	180	4	58	30	180	3	29	15	726	0	0.031246662139892578	16900	8.218188047409058	12639	25.2130177514793	
49948195966.807304	180.0	3.24	35.96	18.6	12.621189163279121	338	13	180	4	58	30	180	3	29	15	729	0	0.015623807907104492	16950	8.233811855316162	12672	25.238938053097343	
1713782.9478089141	180.0	3.32	38.28	19.8	12.621189163279121	339	13	180	5	87	45	180	3	29	15	732	0	0.015624046325683594	17000	8.249435901641846	12708	25.247058823529414	
3021107.1958111594	180.0	3.2	34.8	18.0	12.621189163279121	340	13	180	4	58	30	180	3	29	15	735	0	0.01562356948852539	17050	8.265059471130371	12746	25.243401759530798	
5.034337966661673e+30	180.0	3.2	34.8	18.0	12.621189163279121	341	13	180	4	58	30	180	3	29	15	739	0	0.03124713897705078	17100	8.296306610107422	12777	25.280701754385973	
11250622.985809462	180.0	3.2	34.8	18.0	12.621189163279121	342	13	180	4	58	30	180	3	29	15	739	0	0.0	17150	8.296306610107422	12812	25.294460641399425	
6535117.51317215	180.0	3.38	40.02	20.7	12.621189163279121	343	13	180	5	87	45	180	3	29	15	741	0	0.015624046325683594	17200	8.311930656433105	12847	25.308139534883722	
1.2606145479826034e+31	180.0	3.4	40.6	21.0	12.621189163279121	344	13	180	5	87	45	180	3	29	15	743	0	0.015623092651367188	17250	8.327553749084473	12885	25.304347826086953	
5.690342845687814e+30	180.0	3.5	43.5	22.5	12.621189163279121	345	13	180	5	87	45	180	3	29	15	748	0	0.031248092651367188	17300	8.35880184173584	12921	25.312138728323703	
3.749653385508199e+30	180.0	3.56	45.24	23.4	12.621189163279121	346	13	180	5	87	45	180	3	29	15	748	0	0.015624761581420898	17350	8.37442660331726	12957	25.319884726224785	
5022.388873414868	180.0	3.36	39.44	20.4	12.621189163279121	347	13	180	4	58	30	180	3	29	15	749	0	0.031247377395629883	17400	8.40567398071289	12992	25.33333333333333	
3.271494142482285e+30	180.0	3.28	37.12	19.2	12.621189163279121	348	13	180	4	58	30	180	3	29	15	755	0	0.015624284744262695	17450	8.421298265457153	13019	25.392550143266476	
5910948.405615067	180.0	3.42	41.18	21.3	12.621189163279121	349	13	180	4	58	30	180	3	29	15	763	0	0.015622854232788086	17500	8.436921119689941	13055	25.400000000000006	
2.736364968983445e+36	180.0	3.3	37.7	19.5	12.620024070159182	350	13	180	5	87	45	180	3	29	15	765	0	0.015625715255737305	17550	8.452546834945679	13087	25.430199430199423	
1664514684.696229	180.0	3.3	37.7	19.5	12.620024070159182	351	13	180	5	87	45	180	3	29	15	766	0	0.015623807907104492	17600	8.468170642852783	13120	25.454545454545453	
144013191.97205663	180.0	3.42	41.18	21.3	12.620024070159182	352	13	180	4	58	30	180	3	29	15	770	0	0.015624523162841797	17650	8.483795166015625	13152	25.48441926345609	
1111201.7443251389	180.0	3.42	41.18	21.3	12.620024070159182	353	13	180	5	87	45	180	3	29	15	776	0	0.015622615814208984	17700	8.499417781829834	13177	25.55367231638418	
13409562.178220468	180.0	3.32	38.28	19.8	12.620024070159182	354	13	180	4	58	30	180	3	29	15	779	0	0.0	17750	8.499417781829834	13205	25.605633802816897	
3200845.764885412	180.0	3.3	37.7	19.5	12.620024070159182	355	13	180	4	58	30	180	3	29	15	779	0	0.031249284744262695	17800	8.530667066574097	13242	25.606741573033702	
14583411.868207581	180.0	3.56	45.24	23.4	12.620024070159182	356	13	180	5	87	45	180	3	29	15	785	0	0.015623092651367188	17850	8.546290159225464	13279	25.607843137254903	
286419733.2378956	180.0	3.62	46.98	24.3	12.620024070159182	357	13	180	5	87	45	180	3	29	15	790	0	0.031247377395629883	17900	8.577537536621094	13312	25.63128491620111	
1472546552.4613404	180.0	3.42	41.18	21.3	12.620024070159182	358	13	180	5	87	45	180	3	29	15	791	0	0.015623092651367188	17950	8.593160629272461	13348	25.63788300835654	
12941321.835752219	180.0	3.32	38.28	19.8	12.620024070159182	359	13	180	4	58	30	180	3	29	15	794	0	0.015624523162841797	18000	8.608785152435303	13381	25.66111111111111	
128.54322530440223	180.0	3.3	37.7	19.5	12.620024070159182	360	13	180	5	87	45	180	3	29	15	794	0	0.015623331069946289	18050	8.624408483505249	13418	25.662049861495845	
41.988210478963374	180.0	3.32	38.28	19.8	12.620024070159182	361	13	180	4	58	30	180	3	29	15	794	0	0.015625	18100	8.640033483505249	13452	25.67955801104972	
52000067.065360375	180.0	3.5	43.5	22.5	12.620024070159182	362	13	180	5	87	45	180	3	29	15	794	0	0.031247615814208984	18150	8.671281099319458	13484	25.70798898071625	
60.04842668492858	180.0	3.28	37.12	19.2	12.620024070159182	363	13	180	5	87	45	180	3	29	15	794	0	0.01562356948852539	18200	8.686904668807983	13516	25.736263736263737	
155768.94908063702	180.0	3.2	34.8	18.0	12.620024070159182	364	13	180	4	58	30	180	3	29	15	795	0	0.0156252384185791	18250	8.702529907226562	13549	25.75890410958904	
766816.5028326792	180.0	3.34	38.86	20.1	12.620024070159182	365	13	180	4	58	30	180	3	29	15	796	0	0.031246662139892578	18300	8.733776569366455	13581	25.78688524590163	
2340980966.0623956	180.0	3.52	44.08	22.8	12.620024070159182	366	13	180	5	87	45	180	3	29	15	797	0	0.015625	18350	8.749401569366455	13621	25.771117166212534	
124824.76930633449	180.0	3.52	44.08	22.8	12.620024070159182	367	13	180	4	58	30	180	3	29	15	797	0	0.015622854232788086	18400	8.765024423599243	13664	25.73913043478261	
147286990.36637574	180.0	3.36	39.44	20.4	12.620024070159182	368	13	180	5	87	45	180	3	29	15	798	0	0.031247615814208984	18450	8.796272039413452	13701	25.739837398373993	
66.13005601301312	180.0	3.3	37.7	19.5	12.620024070159182	369	13	180	5	87	45	180	3	29	15	799	0	0.0	18500	8.796272039413452	13735	25.756756756756758	
5834.575184157745	180.0	3.28	37.12	19.2	12.620024070159182	370	13	180	4	58	30	180	3	29	15	799	0	0.015624284744262695	18550	8.811896324157715	13766	25.789757412398913	
16962.517632273597	180.0	3.26	36.54	18.9	12.620024070159182	371	13	180	4	58	30	180	3	29	15	799	0	0.015625953674316406	18600	8.827522277832031	13802	25.795698924731184	
11777307.320308486	180.0	3.42	41.18	21.3	12.620024070159182	372	13	180	5	87	45	180	3	29	15	802	0	0.015622377395629883	18650	8.843144655227661	13834	25.823056300268092	
19934.870598848935	180.0	3.44	41.76	21.6	12.620024070159182	373	13	180	4	58	30	180	3	29	15	806	0	0.015624046325683594	18700	8.858768701553345	13869	25.834224598930476	
2.815674638441286e+18	180.0	3.6	46.4	24.0	12.620024070159182	374	13	180	5	87	45	180	3	29	15	807	0	0.015624284744262695	18750	8.874392986297607	13907	25.829333333333338	
1398.7587742110582	180.0	3.62	46.98	24.3	12.620024070159182	375	13	180	5	87	45	180	3	29	15	812	0	0.031246662139892578	18800	8.9056396484375	13944	25.829787234042556	
1404574477.3603399	180.0	3.56	45.24	23.4	12.620024070159182	376	13	180	4	58	30	180	3	29	15	815	0	0.015624046325683594	18850	8.921263694763184	13982	25.824933687002655	
2.5531927455327623e+24	180.0	3.44	41.76	21.6	12.620024070159182	377	13	180	4	58	30	180	3	29	15	819	0	0.031247854232788086	18900	8.952511548995972	14015	25.84656084656085	
500782037.60842025	180.0	3.32	38.28	19.8	12.620024070159182	378	13	180	4	58	30	180	3	29	15	820	0	0.01562356948852539	18950	8.968135118484497	14050	25.85751978891821	
17183.24647339105	180.0	3.34	38.86	20.1	12.620024070159182	379	13	180	5	87	45	180	3	29	15	823	0	0.015624046325683594	19000	8.98375916481018	14080	25.89473684210526	
13663814.32908224	180.0	3.18	34.22	17.7	12.620024070159182	380	13	180	4	58	30	180	3	29	15	824	0	0.031247854232788086	19050	9.015007019042969	14115	25.905511811023615	
5683498.5254526725	180.0	3.16	33.64	17.4	12.620024070159182	381	13	180	4	58	30	180	3	29	15	826	0	0.015624523162841797	19100	9.03063154220581	14144	25.947643979057588	
371376234.34959173	180.0	3.16	33.64	17.4	12.620024070159182	382	13	180	5	87	45	180	3	29	15	827	0	0.015623331069946289	19150	9.046254873275757	14177	25.9686684073107	
1.2288001255833605e+25	180.0	3.16	33.64	17.4	12.620024070159182	383	13	180	4	58	30	180	3	29	15	828	0	0.015624523162841797	19200	9.061879396438599	14215	25.96354166666667	
51980113.67267911	180.0	3.2	34.8	18.0	12.620024070159182	384	13	180	5	87	45	180	3	29	15	830	0	0.03124856948852539	19250	9.093127965927124	14245	26.0	
130907385.17566995	180.0	3.34	38.86	20.1	12.620024070159182	385	13	180	4	58	30	180	3	29	15	830	0	0.015622615814208984	19300	9.108750581741333	14288	25.968911917098453	
2457535902.8952174	180.0	3.44	41.76	21.6	12.620024070159182	386	13	180	5	87	45	180	3	29	15	831	0	0.015624046325683594	19350	9.124374628067017	14333	25.92764857881137	
1418013665.4685478	180.0	3.46	42.34	21.9	12.620024070159182	387	13	180	5	87	45	180	3	29	15	833	0	0.015625476837158203	19400	9.140000104904175	14368	25.9381443298969	
20208391.24375059	180.0	3.5	43.5	22.5	12.620024070159182	388	13	180	4	58	30	180	3	29	15	836	0	0.031246423721313477	19450	9.171246528625488	14408	25.922879177377894	
55404.18990052717	180.0	3.52	44.08	22.8	12.620024070159182	389	13	180	5	87	45	180	3	29	15	841	0	0.015624761581420898	19500	9.18687129020691	14446	25.91794871794872	
13881030.979623232	180.0	3.52	44.08	22.8	12.620024070159182	390	13	180	5	87	45	180	3	29	15	843	0	0.015622854232788086	19550	9.202494144439697	14485	25.907928388746797	
5472.94285236292	180.0	3.34	38.86	20.1	12.620024070159182	391	13	180	4	58	30	180	3	29	15	846	0	0.03124833106994629	19600	9.233742475509644	14525	25.89285714285714	
59.31753242971969	180.0	3.26	36.54	18.9	12.620024070159182	392	13	180	4	58	30	180	3	29	15	848	0	0.015624046325683594	19650	9.249366521835327	14562	25.89312977099236	
1.2562373542263875e+22	180.0	3.56	45.24	23.4	12.620024070159182	393	13	180	5	87	45	180	3	29	15	854	0	0.015624284744262695	19700	9.26499080657959	14596	25.90862944162437	
46014297.51477705	180.0	3.58	45.82	23.7	12.620024070159182	394	13	180	5	87	45	180	3	29	15	855	0	0.031247615814208984	19750	9.296238422393799	14637	25.8886075949367	
2.4225371150939193e+20	180.0	3.64	47.56	24.6	12.620024070159182	395	13	180	5	87	45	180	3	29	15	858	0	0.015623331069946289	19800	9.311861753463745	14676	25.878787878787875	
2677411792.4609065	180.0	3.68	48.72	25.2	12.620024070159182	396	13	180	5	87	45	180	3	29	15	861	0	0.015624046325683594	19850	9.327485799789429	14716	25.863979848866506	
9.876244900763206e+16	180.0	3.66	48.14	24.9	12.620024070159182	397	13	180	5	87	45	180	3	29	15	863	0	0.031247854232788086	19900	9.358733654022217	14758	25.8391959798995	
344660338089.5275	180.0	3.86	53.94	27.9	12.620024070159182	398	13	180	5	87	45	180	3	29	15	868	0	0.03124856948852539	19950	9.389982223510742	14798	25.824561403508767	
5.477974382261273e+43	180.0	3.8	52.2	27.0	12.620024070159182	399	13	180	5	87	45	180	3	29	15	870	0	0.015623331069946289	20000	9.405605554580688	14840	25.799999999999997	
1.994141315279564e+28	180.0	3.78	51.62	26.7	12.620024070159182	400	13	180	5	87	45	180	3	29	15	871	0	0.031247377395629883	20050	9.436852931976318	14882	25.775561097256855	
338905382468.2942	180.0	3.68	48.72	25.2	12.620024070159182	401	13	180	5	87	45	180	3	29	15	876	0	0.015624761581420898	20100	9.45247769355774	14918	25.78109452736318	
6.003076619907763e+21	180.0	3.7	49.3	25.5	12.620024070159182	402	13	180	5	87	45	180	3	29	15	882	0	0.0156252384185791	20150	9.468102931976318	14957	25.77171215880894	
1.185919037676509e+29	180.0	3.62	46.98	24.3	12.620024070159182	403	13	180	6	116	60	180	3	29	15	883	0	0.015622615814208984	20200	9.483725547790527	14999	25.747524752475243	
229857.17312288884	180.0	3.6	46.4	24.0	12.620024070159182	404	13	180	5	87	45	180	3	29	15	885	0	0.031247377395629883	20250	9.514972925186157	15039	25.733333333333334	
993041875051752.4	180.0	3.48	42.92	22.2	12.620024070159182	405	13	180	5	87	45	180	3	29	15	888	0	0.015625476837158203	20300	9.530598402023315	15077	25.72906403940887	
3402272127.1702685	180.0	3.5	43.5	22.5	12.620024070159182	406	13	180	5	87	45	180	3	29	15	889	0	0.031245708465576172	20350	9.561844110488892	15112	25.73955773955774	
1501785828.893208	180.0	3.46	42.34	21.9	12.620024070159182	407	13	180	4	58	30	180	3	29	15	889	0	0.015624523162841797	20400	9.577468633651733	15150	25.735294117647058	
5.799496000006444e+22	180.0	3.58	45.82	23.7	12.620024070159182	408	13	180	5	87	45	180	3	29	15	890	0	0.031248092651367188	20450	9.6087167263031	15186	25.74083129584352	
8.388607999999998e+36	180.0	3.66	48.14	24.9	12.620024070159182	409	13	180	5	87	45	180	3	29	15	895	0	0.015623807907104492	20500	9.624340534210205	15224	25.736585365853657	
3.167999999999998e+29	180.0	3.62	46.98	24.3	12.620024070159182	410	13	180	5	87	45	180	3	29	15	901	0	0.031247854232788086	20550	9.655588388442993	15258	25.75182481751824	
1190407591447.3545	180.0	3.56	45.24	23.4	12.620024070159182	411	13	180	5	87	45	180	3	29	15	902	0	0.015623807907104492	20600	9.671212196350098	15300	25.728155339805824	
3891.010956505911	180.0	3.36	39.44	20.4	12.620024070159182	412	13	180	4	58	30	180	3	29	15	906	0	0.015624046325683594	20650	9.686836242675781	15340	25.714285714285708	
2.712261257442835e+20	180.0	3.36	39.44	20.4	12.620024070159182	413	13	180	5	87	45	180	3	29	15	908	0	0.03124856948852539	20700	9.718084812164307	15378	25.71014492753622	
266209.22910336085	180.0	3.36	39.44	20.4	12.620024070159182	414	13	180	5	87	45	180	3	29	15	909	0	0.015623331069946289	20750	9.733708143234253	15415	25.710843373493972	
33301499.481731504	180.0	3.56	45.24	23.4	12.619732423682967	415	13	180	5	87	45	180	3	29	15	912	0	0.015624284744262695	20800	9.749332427978516	15453	25.706730769230774	
15080096.63635013	180.0	3.58	45.82	23.7	12.619732423682967	416	13	180	5	87	45	180	3	29	15	917	0	0.03124713897705078	20850	9.780579566955566	15489	25.712230215827333	
1587595.1973900977	180.0	3.44	41.76	21.6	12.619732423682967	417	13	180	6	116	60	180	3	29	15	918	0	0.015625	20900	9.796204566955566	15523	25.727272727272734	
1.2463209432516045e+29	180.0	3.14	33.06	17.1	12.619732423682967	418	13	180	4	58	30	180	3	29	15	920	0	0.015624761581420898	20950	9.811829328536987	15562	25.718377088305488	
1889877941.0011773	180.0	3.22	35.38	18.3	12.619732423682967	419	13	180	4	58	30	180	3	29	15	921	0	0.015622377395629883	21000	9.827451705932617	15595	25.73809523809524	
1189858.8787344482	180.0	3.22	35.38	18.3	12.619732423682967	420	13	180	4	58	30	180	3	29	15	924	0	0.015625	21050	9.843076705932617	15630	25.748218527315913	
787.6801143034804	180.0	3.34	38.86	20.1	12.619732423682967	421	13	180	5	87	45	180	3	29	15	924	0	0.03124833106994629	21100	9.874325037002563	15665	25.758293838862556	
346901229.7403594	180.0	3.16	33.64	17.4	12.619732423682967	422	13	180	4	58	30	180	3	29	15	925	0	0.0	21150	9.874325037002563	15696	25.78723404255318	
10017.761690247638	180.0	3.22	35.38	18.3	12.619732423682967	423	13	180	5	87	45	180	3	29	15	927	0	0.031245946884155273	21200	9.905570983886719	15728	25.811320754716988	
134885548.36794755	180.0	3.08	31.32	16.2	12.619732423682967	424	13	180	4	58	30	180	3	29	15	928	0	0.015624284744262695	21250	9.921195268630981	15757	25.84941176470589	
5461413436.802264	180.0	3.08	31.32	16.2	12.619732423682967	425	13	180	4	58	30	180	3	29	15	929	0	0.015624046325683594	21300	9.936819314956665	15785	25.89201877934272	
2546.9152875660407	180.0	3.08	31.32	16.2	12.619732423682967	426	13	180	4	58	30	180	3	29	15	929	0	0.015624046325683594	21350	9.952443361282349	15818	25.911007025761123	
1.1126567934051432e+38	180.0	3.2	34.8	18.0	12.619732423682967	427	13	180	5	87	45	180	3	29	15	931	0	0.015624284744262695	21400	9.968067646026611	15855	25.911214953271028	
659.0789352001582	180.0	3.12	32.48	16.8	12.619732423682967	428	13	180	4	58	30	180	3	29	15	931	0	0.031247377395629883	21450	9.999315023422241	15896	25.89277389277389	
89332836.16207668	180.0	3.18	34.22	17.7	12.619732423682967	429	13	180	5	87	45	180	3	29	15	935	0	0.015624284744262695	21500	10.014939308166504	15930	25.906976744186053	
1479735797.8424063	180.0	3.26	36.54	18.9	12.619732423682967	430	13	180	4	58	30	180	3	29	15	939	0	0.01562356948852539	21550	10.03056287765503	15955	25.962877030162417	
85600320.64850779	180.0	3.26	36.54	18.9	12.619732423682967	431	13	180	5	87	45	180	3	29	15	941	0	0.031248807907104492	21600	10.061811685562134	15994	25.953703703703695	
5.274764801673643e+18	180.0	3.26	36.54	18.9	12.619732423682967	432	13	180	5	87	45	180	3	29	15	942	0	0.015623092651367188	21650	10.077434778213501	16027	25.972286374133944	
1533632796.074018	180.0	3.14	33.06	17.1	12.619732423682967	433	13	180	5	87	45	180	3	29	15	943	0	0.015625476837158203	21700	10.09306025505066	16061	25.986175115207374	
153675.91038297277	180.0	3.08	31.32	16.2	12.619732423682967	434	13	180	4	58	30	180	3	29	15	944	0	0.015623331069946289	21750	10.108683586120605	16095	26.0	
93006052680619.6	180.0	3.2	34.8	18.0	12.619732423682967	435	13	180	4	58	30	180	3	29	15	949	0	0.015623807907104492	21800	10.12430739402771	16129	26.013761467889907	
35278.00514308838	180.0	3.14	33.06	17.1	12.619732423682967	436	13	180	4	58	30	180	3	29	15	949	0	0.015622615814208984	21850	10.139930009841919	16163	26.027459954233407	
168900513.7329873	180.0	3.12	32.48	16.8	12.619732423682967	437	13	180	5	87	45	180	3	29	15	951	0	0.015625715255737305	21900	10.155555725097656	16195	26.05022831050229	
169178365.11407006	180.0	3.18	34.22	17.7	12.619732423682967	438	13	180	5	87	45	180	3	29	15	951	0	0.03124713897705078	21950	10.186802864074707	16224	26.086560364464688	
136744358.55556995	180.0	3.24	35.96	18.6	12.619732423682967	439	13	180	5	87	45	180	3	29	15	952	0	0.015623807907104492	22000	10.202426671981812	16263	26.077272727272728	
43523322634.11643	180.0	3.2	34.8	18.0	12.619732423682967	440	13	180	4	58	30	180	3	29	15	954	0	0.0	22050	10.202426671981812	16300	26.07709750566893	
352973596567.7117	180.0	3.24	35.96	18.6	12.619732423682967	441	13	180	4	58	30	180	3	29	15	954	0	0.015623092651367188	22100	10.218049764633179	16329	26.113122171945705	
17920056779161.62	180.0	3.16	33.64	17.4	12.619732423682967	442	13	180	4	58	30	180	3	29	15	957	0	0.0312497615814209	22150	10.2492995262146	16353	26.171557562076757	
148486316.73041055	180.0	3.14	33.06	17.1	12.619732423682967	443	13	180	4	58	30	180	3	29	15	958	0	0.015624046325683594	22200	10.264923572540283	16385	26.193693693693703	
2628.0114048883484	180.0	3.24	35.96	18.6	12.619732423682967	444	13	180	4	58	30	180	3	29	15	960	0	0.03125	22250	10.296173572540283	16418	26.211235955056182	
4860205.653691563	180.0	3.4	40.6	21.0	12.619732423682967	445	13	180	5	87	45	180	3	29	15	964	0	0.015621423721313477	22300	10.311794996261597	16455	26.210762331838566	
260001911.7617968	180.0	3.42	41.18	21.3	12.619732423682967	446	13	180	4	58	30	180	3	29	15	965	0	0.03124690055847168	22350	10.343041896820068	16496	26.19239373601789	
131158791.8142817	180.0	3.5	43.5	22.5	12.619732423682967	447	13	180	5	87	45	180	3	29	15	968	0	0.015623331069946289	22400	10.358665227890015	16530	26.20535714285714	
1.4200208045675821e+26	180.0	3.42	41.18	21.3	12.619732423682967	448	13	180	5	87	45	180	3	29	15	971	0	0.031249284744262695	22450	10.389914512634277	16563	26.222717149220486	
73228194798420.11	180.0	3.48	42.92	22.2	12.619732423682967	449	13	180	5	87	45	180	3	29	15	974	0	0.015623092651367188	22500	10.405537605285645	16599	26.22666666666666	
2367020.2789035295	180.0	3.46	42.34	21.9	12.619732423682967	450	13	180	5	87	45	180	3	29	15	977	0	0.031247615814208984	22550	10.436785221099854	16636	26.22616407982261	
34000345.14858848	180.0	3.54	44.66	23.1	12.619732423682967	451	13	180	5	87	45	180	3	29	15	982	0	0.031248092651367188	22600	10.46803331375122	16671	26.23451327433628	
1.384997765920959e+18	180.0	3.7	49.3	25.5	12.619732423682967	452	13	180	5	87	45	180	3	29	15	984	0	0.031247854232788086	22650	10.499281167984009	16710	26.225165562913915	
1194994.789110469	180.0	3.84	53.36	27.6	12.619732423682967	453	13	180	5	87	45	180	3	29	15	986	0	0.015623092651367188	22700	10.514904260635376	16751	26.207048458149785	
8.93567386204578e+28	180.0	3.74	50.46	26.1	12.619732423682967	454	13	180	5	87	45	180	3	29	15	989	0	0.031248807907104492	22750	10.54615306854248	16791	26.193406593406593	
1.09748222945331e+29	180.0	3.66	48.14	24.9	12.619732423682967	455	13	180	5	87	45	180	3	29	15	998	0	0.015623807907104492	22800	10.561776876449585	16822	26.219298245614027	
254313072.48390067	180.0	3.76	51.04	26.4	12.619732423682967	456	13	180	5	87	45	180	3	29	15	1008	0	0.03124690055847168	22850	10.593023777008057	16853	26.245076586433257	
252652221.59044665	180.0	3.66	48.14	24.9	12.619732423682967	457	13	180	5	87	45	180	3	29	15	1013	0	0.015624046325683594	22900	10.60864782333374	16891	26.240174672489076	
57547870.002031684	180.0	3.82	52.78	27.3	12.619732423682967	458	13	180	5	87	45	180	3	29	15	1016	0	0.03124833106994629	22950	10.639896154403687	16936	26.20479302832244	
31094415.183334712	180.0	3.94	56.26	29.1	12.619732423682967	459	13	180	5	87	45	180	3	29	15	1018	0	0.01562356948852539	23000	10.655519723892212	16981	26.169565217391295	
3080250012932403.5	180.0	3.92	55.68	28.8	12.619732423682967	460	13	180	5	87	45	180	3	29	15	1021	0	0.03124833106994629	23050	10.686768054962158	17026	26.13449023861172	
2686307176.931534	180.0	4.0	58.0	30.0	12.619732423682967	461	13	180	6	116	60	180	3	29	15	1028	0	0.031247615814208984	23100	10.718015670776367	17064	26.129870129870127	
11482490374592.549	180.0	3.8	52.2	27.0	12.619732423682967	462	13	180	5	87	45	180	3	29	15	1033	0	0.031247615814208984	23150	10.749263286590576	17106	26.107991360691145	
177395250.04444125	180.0	3.66	48.14	24.9	12.619732423682967	463	13	180	5	87	45	180	3	29	15	1036	0	0.0	23200	10.749263286590576	17143	26.10775862068965	
517332.8508712605	180.0	3.78	51.62	26.7	12.619732423682967	464	13	180	5	87	45	180	3	29	15	1039	0	0.031248807907104492	23250	10.78051209449768	17183	26.094623655913978	
115128848.55687103	180.0	3.7	49.3	25.5	12.619732423682967	465	13	180	5	87	45	180	3	29	15	1044	0	0.01562356948852539	23300	10.796135663986206	17223	26.081545064377693	
3842495.555257485	180.0	3.76	51.04	26.4	12.619732423682967	466	13	180	5	87	45	180	3	29	15	1044	0	0.0156252384185791	23350	10.811760902404785	17269	26.04282655246253	
37908444.15060151	180.0	3.82	52.78	27.3	12.619732423682967	467	13	180	5	87	45	180	3	29	15	1045	0	0.015624284744262695	23400	10.827385187149048	17312	26.017094017094024	
817491313.8467008	180.0	3.86	53.94	27.9	12.619732423682967	468	13	180	5	87	45	180	3	29	15	1046	0	0.01562190055847168	23450	10.84300708770752	17358	25.978678038379527	
12060457.01551476	180.0	3.66	48.14	24.9	12.619732423682967	469	13	180	4	58	30	180	3	29	15	1051	0	0.0312497615814209	23500	10.87425684928894	17399	25.961702127659564	
3397631919.830161	180.0	3.82	52.78	27.3	12.619732423682967	470	13	180	4	58	30	180	3	29	15	1057	0	0.015624761581420898	23550	10.889881610870361	17439	25.949044585987252	
1312816969.6246352	180.0	3.88	54.52	28.2	12.619732423682967	471	13	180	5	87	45	180	3	29	15	1061	0	0.015621185302734375	23600	10.905502796173096	17478	25.940677966101703	
346751.8217722875	180.0	3.9	55.1	28.5	12.619732423682967	472	13	180	5	87	45	180	3	29	15	1066	0	0.015625715255737305	23650	10.921128511428833	17517	25.932346723044404	
1527499172.2989872	180.0	3.92	55.68	28.8	12.619732423682967	473	13	180	5	87	45	180	3	29	15	1070	0	0.031247615814208984	23700	10.952376127243042	17559	25.911392405063296	
1.8739296e+27	180.0	3.94	56.26	29.1	12.619732423682967	474	13	180	5	87	45	180	3	29	15	1071	0	0.015623331069946289	23750	10.967999458312988	17605	25.87368421052632	
1509699.1194628312	180.0	3.94	56.26	29.1	12.619732423682967	475	13	180	5	87	45	180	3	29	15	1075	0	0.015624284744262695	23800	10.983623743057251	17648	25.848739495798327	
2884546778.54475	180.0	3.82	52.78	27.3	12.619732423682967	476	13	180	5	87	45	180	3	29	15	1077	0	0.015623807907104492	23850	10.999247550964355	17689	25.83228511530399	
1.425598311839078e+18	180.0	3.94	56.26	29.1	12.619732423682967	477	13	180	5	87	45	180	3	29	15	1082	0	0.031247377395629883	23900	11.030494928359985	17730	25.81589958158996	
2.4697786458333347e+33	180.0	3.9	55.1	28.5	12.619732423682967	478	13	180	5	87	45	180	3	29	15	1085	0	0.015625715255737305	23950	11.046120643615723	17774	25.787056367432143	
1.1993090998281786e+21	180.0	3.82	52.78	27.3	12.619732423682967	479	13	180	5	87	45	180	3	29	15	1091	0	0.03124547004699707	24000	11.07736611366272	17815	25.77083333333333	
2612094401.9354863	180.0	3.76	51.04	26.4	12.619732423682967	480	13	180	5	87	45	180	3	29	15	1092	0	0.031247854232788086	24050	11.108613967895508	17856	25.754677754677758	
56592.190086841474	180.0	3.88	54.52	28.2	12.619732423682967	481	13	180	5	87	45	180	3	29	15	1097	0	0.015624046325683594	24100	11.124238014221191	17894	25.75103734439834	
29587022.943913665	180.0	3.96	56.84	29.4	12.619732423682967	482	13	180	5	87	45	180	3	29	15	1098	0	0.031250715255737305	24150	11.155488729476929	17937	25.726708074534173	
1.1526644915694889e+22	180.0	3.98	57.42	29.7	12.619732423682967	483	13	180	5	87	45	180	3	29	15	1101	0	0.03124713897705078	24200	11.18673586845398	17981	25.69834710743801	
118670203.1273971	180.0	3.82	52.78	27.3	12.619732423682967	484	13	180	5	87	45	180	3	29	15	1110	0	0.015623331069946289	24250	11.202359199523926	18015	25.711340206185568	
7143838.986293704	180.0	3.62	46.98	24.3	12.619732423682967	485	13	180	4	58	30	180	3	29	15	1116	0	0.01562356948852539	24300	11.217982769012451	18048	25.728395061728392	
87945043.66020465	180.0	3.48	42.92	22.2	12.619732423682967	486	13	180	5	87	45	180	3	29	15	1122	0	0.031248807907104492	24350	11.249231576919556	18081	25.74537987679672	
60.31376371965938	180.0	3.4	40.6	21.0	12.619732423682967	487	13	180	4	58	30	180	3	29	15	1130	0	0.015624284744262695	24400	11.264855861663818	18110	25.778688524590166	
158826024.45033604	180.0	3.38	40.02	20.7	12.619732423682967	488	13	180	5	87	45	180	3	29	15	1134	0	0.01562356948852539	24450	11.280479431152344	18144	25.791411042944787	
35421200.46347358	180.0	3.46	42.34	21.9	12.619732423682967	489	13	180	5	87	45	180	3	29	15	1136	0	0.031247377395629883	24500	11.311726808547974	18182	25.78775510204082	
1508784757.3220985	180.0	3.38	40.02	20.7	12.619732423682967	490	13	180	5	87	45	180	3	29	15	1140	0	0.031245946884155273	24550	11.342972755432129	18216	25.800407331975563	
14332526.107884567	180.0	3.5	43.5	22.5	12.619732423682967	491	13	180	5	87	45	180	3	29	15	1144	0	0.015625953674316406	24600	11.358598709106445	18256	25.78861788617887	
2.5148923578544106e+17	180.0	3.36	39.44	20.4	12.619732423682967	492	13	180	5	87	45	180	3	29	15	1146	0	0.015622138977050781	24650	11.374220848083496	18292	25.793103448275872	
1.8045254798840392e+18	180.0	3.28	37.12	19.2	12.619732423682967	493	13	180	5	87	45	180	3	29	15	1147	0	0.03124833106994629	24700	11.405469179153442	18326	25.805668016194332	
78466380.6653564	180.0	3.34	38.86	20.1	12.619732423682967	494	13	180	4	58	30	180	3	29	15	1149	0	0.015624761581420898	24750	11.421093940734863	18358	25.826262626262633	
58.7293117561004	180.0	3.18	34.22	17.7	12.619732423682967	495	13	180	4	58	30	180	3	29	15	1153	0	0.015622377395629883	24800	11.436716318130493	18387	25.858870967741936	
2362478059.4844446	180.0	3.1	31.9	16.5	12.619732423682967	496	13	180	4	58	30	180	3	29	15	1153	0	0.015625715255737305	24850	11.45234203338623	18416	25.89134808853119	
8749.988867825752	180.0	3.2	34.8	18.0	12.619732423682967	497	13	180	4	58	30	180	3	29	15	1157	0	0.03124713897705078	24900	11.483589172363281	18442	25.93574297188755	
2049.155114937908	180.0	3.18	34.22	17.7	12.619732423682967	498	13	180	4	58	30	180	3	29	15	1161	0	0.03124713897705078	24950	11.514836311340332	18472	25.963927855711418	
14931.394269110137	180.0	3.08	31.32	16.2	12.619732423682967	499	13	180	4	58	30	180	3	29	15	1161	0	0.03124856948852539	25000	11.546084880828857	18506	25.976	
424.5608693338789	180.0	3.12	32.48	16.8	12.619732423682967	500	13	180	4	58	30	180	3	29	15	1162	0	0.015622854232788086	25050	11.561707735061646	18537	26.0	
46.193615081861964	180.0	3.14	33.06	17.1	12.619732423682967	501	13	180	4	58	30	180	3	29	15	1165	0	0.015624523162841797	25100	11.577332258224487	18565	26.035856573705175	
1501705.817279645	180.0	3.16	33.64	17.4	12.619732423682967	502	13	180	4	58	30	180	3	29	15	1166	0	0.015623807907104492	25150	11.592956066131592	18604	26.02783300198807	
1511.2204448947064	180.0	3.12	32.48	16.8	12.619732423682967	503	13	180	4	58	30	180	3	29	15	1166	0	0.031247854232788086	25200	11.62420392036438	18640	26.031746031746025	
33544.62559331001	180.0	3.3	37.7	19.5	12.619732423682967	504	13	180	5	87	45	180	3	29	15	1168	0	0.0156252384185791	25250	11.639829158782959	18671	26.05544554455446	
168378938.62905976	180.0	3.32	38.28	19.8	12.619732423682967	505	13	180	5	87	45	180	3	29	15	1173	0	0.015624046325683594	25300	11.655453205108643	18704	26.071146245059282	
281305.77957498276	180.0	3.28	37.12	19.2	12.619732423682967	506	13	180	4	58	30	180	3	29	15	1176	0	0.015623331069946289	25350	11.671076536178589	18737	26.08678500986194	
49.14175388081932	180.0	3.34	38.86	20.1	12.619732423682967	507	13	180	4	58	30	180	3	29	15	1176	0	0.015624046325683594	25400	11.686700582504272	18772	26.09448818897637	
159207534.273731	180.0	3.46	42.34	21.9	12.619732423682967	508	13	180	4	58	30	180	3	29	15	1178	0	0.015624523162841797	25450	11.702325105667114	18807	26.10216110019647	
247172.3542494131	180.0	3.48	42.92	22.2	12.619732423682967	509	13	180	5	87	45	180	3	29	15	1181	0	0.015623331069946289	25500	11.71794843673706	18840	26.117647058823536	
290440102.0112101	180.0	3.4	40.6	21.0	12.619732423682967	510	13	180	5	87	45	180	3	29	15	1184	0	0.015625	25550	11.73357343673706	18879	26.109589041095887	
140028483.2150325	180.0	3.46	42.34	21.9	12.619732423682967	511	13	180	5	87	45	180	3	29	15	1186	0	0.015625476837158203	25600	11.749198913574219	18915	26.11328125	
1428238362.4358244	180.0	3.34	38.86	20.1	12.619732423682967	512	13	180	5	87	45	180	3	29	15	1187	0	0.015621662139892578	25650	11.764820575714111	18959	26.085769980506825	
154770770.4432665	180.0	3.32	38.28	19.8	12.619732423682967	513	13	180	5	87	45	180	3	29	15	1188	0	0.031248092651367188	25700	11.796068668365479	18995	26.08949416342412	
3163608749.401371	180.0	3.44	41.76	21.6	12.619732423682967	514	13	180	5	87	45	180	3	29	15	1192	0	0.0	25750	11.796068668365479	19029	26.10097087378641	
147252628.68740138	180.0	3.3	37.7	19.5	12.619732423682967	515	13	180	5	87	45	180	3	29	15	1192	0	0.015625	25800	11.811693668365479	19066	26.100775193798455	
1355150425.66375	180.0	3.26	36.54	18.9	12.619732423682967	516	13	180	4	58	30	180	3	29	15	1193	0	0.015623331069946289	25850	11.827316999435425	19102	26.104448742746612	
16740771.36750141	180.0	3.22	35.38	18.3	12.619732423682967	517	13	180	4	58	30	180	3	29	15	1193	0	0.015623331069946289	25900	11.842940330505371	19138	26.108108108108112	
98.52405239459677	180.0	3.1	31.9	16.5	12.619732423682967	518	13	180	4	58	30	180	3	29	15	1194	0	0.015623807907104492	25950	11.858564138412476	19168	26.13487475915221	
11316112.8544368	180.0	3.14	33.06	17.1	12.619732423682967	519	13	180	5	87	45	180	3	29	15	1195	0	0.015624046325683594	26000	11.87418818473816	19199	26.1576923076923	
81920322.3335901	180.0	3.22	35.38	18.3	12.619732423682967	520	13	180	5	87	45	180	3	29	15	1195	0	0.015624046325683594	26050	11.889812231063843	19229	26.184261036468328	
3162582.866072656	180.0	3.1	31.9	16.5	12.619732423682967	521	13	180	4	58	30	180	3	29	15	1195	0	0.015623331069946289	26100	11.905435562133789	19260	26.206896551724128	
68104138.27198078	180.0	3.22	35.38	18.3	12.619732423682967	522	13	180	5	87	45	180	3	29	15	1195	0	0.015624761581420898	26150	11.92106032371521	19297	26.20650095602295	
55519672421.226006	180.0	3.38	40.02	20.7	12.619732423682967	523	13	180	5	87	45	180	3	29	15	1198	0	0.031247854232788086	26200	11.952308177947998	19333	26.20992366412213	
1465576559.835142	180.0	3.14	33.06	17.1	12.619732423682967	524	13	180	4	58	30	180	3	29	15	1200	0	0.015623331069946289	26250	11.967931509017944	19366	26.224761904761905	
1089289063.3161008	180.0	3.24	35.96	18.6	12.619732423682967	525	13	180	5	87	45	180	3	29	15	1202	0	0.015622615814208984	26300	11.983554124832153	19398	26.243346007604558	
79.04939699146911	180.0	3.24	35.96	18.6	12.619732423682967	526	13	180	5	87	45	180	3	29	15	1202	0	0.015625	26350	11.999179124832153	19432	26.254269449715366	
119167.98275086808	180.0	3.16	33.64	17.4	12.619732423682967	527	13	180	4	58	30	180	3	29	15	1202	0	0.015623807907104492	26400	12.014802932739258	19466	26.265151515151516	
74.7522376028394	180.0	3.16	33.64	17.4	12.619732423682967	528	13	180	4	58	30	180	3	29	15	1202	0	0.015623331069946289	26450	12.030426263809204	19502	26.268431001890363	
90.87803989973777	180.0	3.24	35.96	18.6	12.619732423682967	529	13	180	4	58	30	180	3	29	15	1202	0	0.015624284744262695	26500	12.046050548553467	19536	26.279245283018867	
546809.7057628074	180.0	3.38	40.02	20.7	12.618735923674398	530	13	180	4	58	30	180	3	29	15	1204	0	0.015623092651367188	26550	12.061673641204834	19570	26.29001883239171	
161431744838.7402	180.0	3.56	45.24	23.4	12.618735923674398	531	13	180	5	87	45	180	3	29	15	1206	0	0.031249284744262695	26600	12.092922925949097	19609	26.281954887218035	
2616563.2126263552	180.0	3.6	46.4	24.0	12.618735923674398	532	13	180	5	87	45	180	3	29	15	1209	0	0.015623331069946289	26650	12.108546257019043	19643	26.292682926829272	
1370006022.301629	180.0	3.72	49.88	25.8	12.618735923674398	533	13	180	4	58	30	180	3	29	15	1214	0	0.031248092651367188	26700	12.13979434967041	19681	26.288389513108612	
70516205.28903453	180.0	3.76	51.04	26.4	12.618735923674398	534	13	180	5	87	45	180	3	29	15	1217	0	0.031247854232788086	26750	12.171042203903198	19721	26.276635514018693	
18904520.71963231	180.0	3.7	49.3	25.5	12.618735923674398	535	13	180	5	87	45	180	3	29	15	1224	0	0.01562356948852539	26800	12.186665773391724	19758	26.276119402985074	
12463003.329644661	180.0	3.68	48.72	25.2	12.618735923674398	536	13	180	5	87	45	180	3	29	15	1229	0	0.031247377395629883	26850	12.217913150787354	19794	26.279329608938554	
35144692.77901218	180.0	3.5	43.5	22.5	12.618735923674398	537	13	180	5	87	45	180	3	29	15	1231	0	0.031249046325683594	26900	12.249162197113037	19831	26.27881040892194	
1377981.2637899441	180.0	3.36	39.44	20.4	12.618735923674398	538	13	180	5	87	45	180	3	29	15	1231	0	0.015624046325683594	26950	12.26478624343872	19866	26.285714285714292	
26793693.2527874	180.0	3.54	44.66	23.1	12.618735923674398	539	13	180	5	87	45	180	3	29	15	1233	0	0.031246423721313477	27000	12.296032667160034	19900	26.29629629629629	
7391230.042496798	180.0	3.56	45.24	23.4	12.618735923674398	540	13	180	5	87	45	180	3	29	15	1238	0	0.015626192092895508	27050	12.31165885925293	19934	26.306839186691306	
436839754.5810001	180.0	3.34	38.86	20.1	12.618735923674398	541	13	180	4	58	30	180	3	29	15	1241	0	0.01562190055847168	27100	12.327280759811401	19966	26.32472324723247	
19111279.708818324	180.0	3.16	33.64	17.4	12.618735923674398	542	13	180	4	58	30	180	3	29	15	1241	0	0.015624046325683594	27150	12.342904806137085	19998	26.34254143646409	
91836794.38275866	180.0	3.34	38.86	20.1	12.618735923674398	543	13	180	5	87	45	180	3	29	15	1245	0	0.0156252384185791	27200	12.358530044555664	20031	26.356617647058826	
16899.133645037367	180.0	3.14	33.06	17.1	12.618735923674398	544	13	180	4	58	30	180	3	29	15	1245	0	0.015624046325683594	27250	12.374154090881348	20065	26.366972477064223	
16133278909833.45	180.0	3.22	35.38	18.3	12.618735923674398	545	13	180	5	87	45	180	3	29	15	1246	0	0.031246185302734375	27300	12.405400276184082	20101	26.369963369963372	
58.46931557332116	180.0	3.24	35.96	18.6	12.618735923674398	546	13	180	4	58	30	180	3	29	15	1246	0	0.015625715255737305	27350	12.42102599143982	20138	26.369287020109695	
26400732.873946477	180.0	3.42	41.18	21.3	12.618735923674398	547	13	180	5	87	45	180	3	29	15	1251	0	0.015622615814208984	27400	12.436648607254028	20171	26.383211678832126	
3862962.5137202633	180.0	3.18	34.22	17.7	12.618735923674398	548	13	180	5	87	45	180	3	29	15	1251	0	0.01562356948852539	27450	12.452272176742554	20202	26.404371584699447	
468005.95578179625	180.0	3.28	37.12	19.2	12.618735923674398	549	13	180	5	87	45	180	3	29	15	1252	0	0.0	27500	12.452272176742554	20237	26.4109090909091	
14398654.600898074	180.0	3.38	40.02	20.7	12.618735923674398	550	13	180	5	87	45	180	3	29	15	1255	0	0.031247854232788086	27550	12.483520030975342	20272	26.417422867513608	
1.1648432251611274e+18	180.0	3.4	40.6	21.0	12.618735923674398	551	13	180	5	87	45	180	3	29	15	1257	0	0.015624523162841797	27600	12.499144554138184	20305	26.431159420289845	
266.05508345433196	180.0	3.18	34.22	17.7	12.618735923674398	552	13	180	4	58	30	180	3	29	15	1260	0	0.01562356948852539	27650	12.514768123626709	20340	26.4376130198915	
12200070.152424052	180.0	3.12	32.48	16.8	12.618735923674398	553	13	180	5	87	45	180	3	29	15	1261	0	0.03124713897705078	27700	12.54601526260376	20379	26.42960288808665	
125908.24748932365	180.0	3.14	33.06	17.1	12.618735923674398	554	13	180	4	58	30	180	3	29	15	1263	0	0.015625	27750	12.56164026260376	20408	26.457657657657663	
3469862288.6639185	180.0	3.24	35.96	18.6	12.618735923674398	555	13	180	5	87	45	180	3	29	15	1265	0	0.015625476837158203	27800	12.577265739440918	20445	26.456834532374103	
1.9722532485001678e+39	180.0	3.14	33.06	17.1	12.618735923674398	556	13	180	5	87	45	180	3	29	15	1266	0	0.015622615814208984	27850	12.592888355255127	20478	26.470377019748653	
4.1566084035269616e+39	180.0	3.06	30.74	15.9	12.618735923674398	557	13	180	5	87	45	180	3	29	15	1267	0	0.015624523162841797	27900	12.608512878417969	20513	26.47670250896057	
1.3182669897930262e+16	180.0	3.18	34.22	17.7	12.618735923674398	558	13	180	5	87	45	180	3	29	15	1270	0	0.015622854232788086	27950	12.624135732650757	20545	26.493738819320214	
2.3378746520077033e+19	180.0	3.3	37.7	19.5	12.618735923674398	559	13	180	5	87	45	180	3	29	15	1271	0	0.031248092651367188	28000	12.655383825302124	20584	26.485714285714295	
62504466.889939174	180.0	3.4	40.6	21.0	12.618735923674398	560	13	180	5	87	45	180	3	29	15	1271	0	0.015623807907104492	28050	12.671007633209229	20620	26.488413547237073	
1.9428275933482836e+41	180.0	3.32	38.28	19.8	12.618735923674398	561	13	180	5	87	45	180	3	29	15	1273	0	0.03124856948852539	28100	12.702256202697754	20655	26.494661921708186	
6440531.037602229	180.0	3.42	41.18	21.3	12.618735923674398	562	13	180	5	87	45	180	3	29	15	1273	0	0.015625	28150	12.717881202697754	20697	26.47602131438721	
9.49079528459029e+29	180.0	3.58	45.82	23.7	12.618735923674398	563	13	180	5	87	45	180	3	29	15	1274	0	0.015622854232788086	28200	12.733504056930542	20738	26.460992907801412	
66315531324.69835	180.0	3.66	48.14	24.9	12.618735923674398	564	13	180	6	116	60	180	3	29	15	1275	0	0.031246185302734375	28250	12.764750242233276	20778	26.449557522123897	
3.466427285716625e+20	180.0	3.58	45.82	23.7	12.618735923674398	565	13	180	6	116	60	180	3	29	15	1276	0	0.031249523162841797	28300	12.795999765396118	20812	26.459363957597176	
2.6470577585680548e+41	180.0	3.42	41.18	21.3	12.618735923674398	566	13	180	5	87	45	180	3	29	15	1278	0	0.01562356948852539	28350	12.811623334884644	20845	26.47266313932981	
254119325693.1277	180.0	3.6	46.4	24.0	12.618735923674398	567	13	180	6	116	60	180	3	29	15	1283	0	0.031247854232788086	28400	12.842871189117432	20880	26.478873239436624	
6.593456000288664e+20	180.0	3.64	47.56	24.6	12.618735923674398	568	13	180	5	87	45	180	3	29	15	1284	0	0.031247377395629883	28450	12.874118566513062	20921	26.463971880492082	
13696035.053591141	180.0	3.48	42.92	22.2	12.618735923674398	569	13	180	5	87	45	180	3	29	15	1284	0	0.031247377395629883	28500	12.905365943908691	20959	26.459649122807022	
631663083494.4111	180.0	3.58	45.82	23.7	12.618735923674398	570	13	180	5	87	45	180	3	29	15	1287	0	0.015625476837158203	28550	12.92099142074585	20997	26.4553415061296	
107491.15189124837	180.0	3.76	51.04	26.4	12.618735923674398	571	13	180	5	87	45	180	3	29	15	1289	0	0.03124690055847168	28600	12.952238321304321	21037	26.444055944055947	
42901049.55999017	180.0	3.72	49.88	25.8	12.618735923674398	572	13	180	4	58	30	180	3	29	15	1294	0	0.015623807907104492	28650	12.967862129211426	21078	26.429319371727743	
1.5944334388745625e+41	180.0	3.68	48.72	25.2	12.618735923674398	573	13	180	4	58	30	180	3	29	15	1301	0	0.031247854232788086	28700	12.999109983444214	21114	26.43205574912892	
73.62974257469259	180.0	3.64	47.56	24.6	12.618735923674398	574	13	180	5	87	45	180	3	29	15	1307	0	0.015624284744262695	28750	13.014734268188477	21152	26.427826086956514	
262199.28902553365	180.0	3.5	43.5	22.5	12.618735923674398	575	13	180	5	87	45	180	3	29	15	1308	0	0.031247854232788086	28800	13.045982122421265	21189	26.42708333333333	
2022163265.1182742	180.0	3.34	38.86	20.1	12.618735923674398	576	13	180	4	58	30	180	3	29	15	1310	0	0.015624046325683594	28850	13.061606168746948	21228	26.419410745233975	
1.1902001817041989e+22	180.0	3.42	41.18	21.3	12.618735923674398	577	13	180	5	87	45	180	3	29	15	1314	0	0.01562356948852539	28900	13.077229738235474	21260	26.43598615916956	
2942772402.9301276	180.0	3.38	40.02	20.7	12.618735923674398	578	13	180	5	87	45	180	3	29	15	1316	0	0.01562356948852539	28950	13.092853307723999	21294	26.445595854922274	
1.0137318303400756e+18	180.0	3.36	39.44	20.4	12.618735923674398	579	13	180	4	58	30	180	3	29	15	1317	0	0.015625	29000	13.108478307723999	21334	26.43448275862069	
3243293059.770794	180.0	3.46	42.34	21.9	12.618735923674398	580	13	180	4	58	30	180	3	29	15	1319	0	0.01562356948852539	29050	13.124101877212524	21372	26.4302925989673	
6.735837242763477e+29	180.0	3.54	44.66	23.1	12.618735923674398	581	13	180	4	58	30	180	3	29	15	1323	0	0.0156252384185791	29100	13.139727115631104	21410	26.42611683848797	
6.3316870081976674e+29	180.0	3.3	37.7	19.5	12.618735923674398	582	13	180	5	87	45	180	3	29	15	1324	0	0.015623092651367188	29150	13.15535020828247	21448	26.42195540308748	
50.1481097787247	180.0	3.18	34.22	17.7	12.618735923674398	583	13	180	4	58	30	180	3	29	15	1324	0	0.015624046325683594	29200	13.170974254608154	21485	26.421232876712324	
57.02984127007175	180.0	3.16	33.64	17.4	12.618735923674398	584	13	180	4	58	30	180	3	29	15	1324	0	0.015623092651367188	29250	13.186597347259521	21518	26.43418803418804	
64.58000403040637	180.0	3.22	35.38	18.3	12.618735923674398	585	13	180	4	58	30	180	3	29	15	1326	0	0.015624046325683594	29300	13.202221393585205	21555	26.433447098976103	
9001569.379919961	180.0	3.4	40.6	21.0	12.618735923674398	586	13	180	4	58	30	180	3	29	15	1326	0	0.015623331069946289	29350	13.217844724655151	21594	26.4258943781942	
184848027.5824278	180.0	3.32	38.28	19.8	12.618735923674398	587	13	180	5	87	45	180	3	29	15	1326	0	0.015624523162841797	29400	13.233469247817993	21634	26.414965986394563	
221459878.18546093	180.0	3.26	36.54	18.9	12.618735923674398	588	13	180	5	87	45	180	3	29	15	1329	0	0.015623092651367188	29450	13.24909234046936	21666	26.431239388794566	
3305799.9618709795	180.0	3.36	39.44	20.4	12.618735923674398	589	13	180	5	87	45	180	3	29	15	1330	0	0.031248807907104492	29500	13.280341148376465	21696	26.4542372881356	
63.767895451274256	180.0	3.32	38.28	19.8	12.618735923674398	590	13	180	5	87	45	180	3	29	15	1331	0	0.015625476837158203	29550	13.295966625213623	21731	26.460236886632828	
7994190469.850517	180.0	3.56	45.24	23.4	12.618735923674398	591	13	180	5	87	45	180	3	29	15	1332	0	0.0	29600	13.295966625213623	21769	26.45608108108108	
1.1899847925776073e+28	180.0	3.52	44.08	22.8	12.618735923674398	592	13	180	5	87	45	180	3	29	15	1336	0	0.031245708465576172	29650	13.3272123336792	21803	26.465430016863408	
961596.069346155	180.0	3.48	42.92	22.2	12.618735923674398	593	13	180	4	58	30	180	3	29	15	1338	0	0.031249523162841797	29700	13.358461856842041	21841	26.46127946127946	
2.427541739404112e+16	180.0	3.62	46.98	24.3	12.618735923674398	594	13	180	5	87	45	180	3	29	15	1341	0	0.015624284744262695	29750	13.374086141586304	21880	26.453781512605048	
15510448269358.39	180.0	3.74	50.46	26.1	12.618735923674398	595	13	180	5	87	45	180	3	29	15	1344	0	0.0312497615814209	29800	13.405335903167725	21915	26.45973154362416	
201794461.78692672	180.0	3.84	53.36	27.6	12.618735923674398	596	13	180	5	87	45	180	3	29	15	1348	0	0.031244277954101562	29850	13.436580181121826	21954	26.452261306532662	
57963342517.09547	180.0	3.94	56.26	29.1	12.618735923674398	597	13	180	5	87	45	180	3	29	15	1355	0	0.015624284744262695	29900	13.452204465866089	21996	26.434782608695656	
1.8297445446199632e+17	180.0	3.9	55.1	28.5	12.618735923674398	598	13	180	5	87	45	180	3	29	15	1360	0	0.04687190055847168	29950	13.49907636642456	22038	26.417362270450752	
74404322.74574138	180.0	3.88	54.52	28.2	12.618735923674398	599	13	180	5	87	45	180	3	29	15	1366	0	0.031247854232788086	30000	13.530324220657349	22077	26.409999999999997	
2787544137280.433	180.0	4.0	58.0	30.0	12.618735923674398	600	13	180	5	87	45	180	3	29	15	1369	0	0.015624523162841797	30050	13.54594874382019	22114	26.40931780366057	
1946007141.4237926	180.0	3.92	55.68	28.8	12.618735923674398	601	13	180	5	87	45	180	3	29	15	1374	0	0.031247615814208984	30100	13.5771963596344	22152	26.405315614617948	
96177065.49272224	180.0	3.84	53.36	27.6	12.618735923674398	602	13	180	5	87	45	180	3	29	15	1381	0	0.03125	30150	13.6084463596344	22187	26.411276948590384	
1708267599.2058146	180.0	3.88	54.52	28.2	12.618735923674398	603	13	180	4	58	30	180	3	29	15	1388	0	0.01562190055847168	30200	13.624068260192871	22228	26.397350993377486	
1744161262.1330347	180.0	3.98	57.42	29.7	12.618735923674398	604	13	180	5	87	45	180	3	29	15	1396	0	0.031247615814208984	30250	13.65531587600708	22268	26.38677685950414	
8.46999872527465e+25	180.0	3.84	53.36	27.6	12.618735923674398	605	13	180	4	58	30	180	3	29	15	1405	0	0.031247377395629883	30300	13.68656325340271	22305	26.38613861386139	
6.598852410144883e+25	180.0	3.98	57.42	29.7	12.618735923674398	606	13	180	5	87	45	180	3	29	15	1406	0	0.015623092651367188	30350	13.702186346054077	22347	26.369028006589787	
117978029648989.39	180.0	3.9	55.1	28.5	12.618735923674398	607	13	180	5	87	45	180	3	29	15	1410	0	0.031248092651367188	30400	13.733434438705444	22387	26.358552631578945	
2846918321.9042783	180.0	3.88	54.52	28.2	12.618735923674398	608	13	180	5	87	45	180	3	29	15	1414	0	0.031247854232788086	30450	13.764682292938232	22429	26.341543513957305	
9992648553955.002	180.0	3.58	45.82	23.7	12.618735923674398	609	13	180	5	87	45	180	3	29	15	1420	0	0.03124833106994629	30500	13.795930624008179	22467	26.337704918032784	
6.400122985752741e+37	180.0	3.56	45.24	23.4	12.618735923674398	610	13	180	5	87	45	180	3	29	15	1424	0	0.015624284744262695	30550	13.811554908752441	22507	26.32733224222585	
2679340661.244869	180.0	3.64	47.56	24.6	12.618735923674398	611	13	180	5	87	45	180	3	29	15	1428	0	0.03124856948852539	30600	13.842803478240967	22546	26.3202614379085	
6.93176199213825e+25	180.0	3.58	45.82	23.7	12.618735923674398	612	13	180	6	116	60	180	3	29	15	1432	0	0.015622615814208984	30650	13.858426094055176	22581	26.326264274061998	
1500925845.2383423	180.0	3.64	47.56	24.6	12.618735923674398	613	13	180	5	87	45	180	3	29	15	1438	0	0.0	30700	13.858426094055176	22617	26.328990228013026	
1.368484314813488e+30	180.0	3.64	47.56	24.6	12.618735923674398	614	13	180	5	87	45	180	3	29	15	1439	0	0.031247854232788086	30750	13.889673948287964	22658	26.315447154471556	
9.111375578753575e+29	180.0	3.66	48.14	24.9	12.618735923674398	615	13	180	5	87	45	180	3	29	15	1441	0	0.015623807907104492	30800	13.905297756195068	22696	26.311688311688314	
7688333366.122123	180.0	3.7	49.3	25.5	12.618735923674398	616	13	180	5	87	45	180	3	29	15	1442	0	0.031247854232788086	30850	13.936545610427856	22735	26.304700162074553	
2181741.605998083	180.0	3.64	47.56	24.6	12.618735923674398	617	13	180	5	87	45	180	3	29	15	1447	0	0.015623331069946289	30900	13.952168941497803	22770	26.310679611650485	
19591264.946962193	180.0	3.74	50.46	26.1	12.618735923674398	618	13	180	6	116	60	180	3	29	15	1452	0	0.0312497615814209	30950	13.983418703079224	22800	26.33279483037157	
2.2999936395135314e+18	180.0	3.7	49.3	25.5	12.618735923674398	619	13	180	5	87	45	180	3	29	15	1457	0	0.03124713897705078	31000	14.014665842056274	22833	26.34516129032258	
118.60202075321808	180.0	3.56	45.24	23.4	12.618735923674398	620	13	180	4	58	30	180	3	29	15	1461	0	0.0	31050	14.014665842056274	22867	26.354267310789055	
138540351.12780443	180.0	3.58	45.82	23.7	12.618735923674398	621	13	180	4	58	30	180	3	29	15	1467	0	0.015624761581420898	31100	14.030290603637695	22902	26.360128617363344	
18648.342932401214	180.0	3.46	42.34	21.9	12.618735923674398	622	13	180	5	87	45	180	3	29	15	1473	0	0.015622377395629883	31150	14.045912981033325	22934	26.375601926163725	
126163841.55548075	180.0	3.26	36.54	18.9	12.618735923674398	623	13	180	4	58	30	180	3	29	15	1474	0	0.01562666893005371	31200	14.061539649963379	22968	26.384615384615387	
6462056323428397.0	180.0	3.3	37.7	19.5	12.618735923674398	624	13	180	5	87	45	180	3	29	15	1477	0	0.031246185302734375	31250	14.092785835266113	23006	26.380800000000008	
902246.5675070494	180.0	3.4	40.6	21.0	12.618735923674398	625	13	180	5	87	45	180	3	29	15	1483	0	0.0312497615814209	31300	14.124035596847534	23038	26.396166134185307	
558.2559820269255	180.0	3.32	38.28	19.8	12.618735923674398	626	13	180	5	87	45	180	3	29	15	1488	0	0.031246185302734375	31350	14.155281782150269	23071	26.408293460925037	
23314991.48620836	180.0	3.6	46.4	24.0	12.618735923674398	627	13	180	5	87	45	180	3	29	15	1495	0	0.0156252384185791	31400	14.170907020568848	23100	26.433121019108285	
282713686.4546627	180.0	3.3	37.7	19.5	12.618735923674398	628	13	180	5	87	45	180	3	29	15	1499	0	0.031248807907104492	31450	14.202155828475952	23133	26.445151033386324	
1751075.969976747	180.0	3.38	40.02	20.7	12.618735923674398	629	13	180	5	87	45	180	3	29	15	1504	0	0.01562190055847168	31500	14.217777729034424	23158	26.48253968253968	
9.15010136380111e+40	180.0	3.44	41.76	21.6	12.618735923674398	630	13	180	5	87	45	180	3	29	15	1508	0	0.015622615814208984	31550	14.233400344848633	23191	26.49445324881141	
3.99878234057884e+19	180.0	3.52	44.08	22.8	12.618735923674398	631	13	180	5	87	45	180	3	29	15	1512	0	0.03125	31600	14.264650344848633	23227	26.496835443037966	
8.067859360183045e+40	180.0	3.48	42.92	22.2	12.618735923674398	632	13	180	5	87	45	180	3	29	15	1513	0	0.015622377395629883	31650	14.280272722244263	23267	26.486571879936804	
5600026458419940.0	180.0	3.34	38.86	20.1	12.618735923674398	633	13	180	4	58	30	180	3	29	15	1516	0	0.015625476837158203	31700	14.295898199081421	23298	26.504731861198735	
352930343.8309415	180.0	3.36	39.44	20.4	12.618735923674398	634	13	180	5	87	45	180	3	29	15	1519	0	0.031247854232788086	31750	14.327146053314209	23334	26.507086614173232	
148333346754.31955	180.0	3.44	41.76	21.6	12.618735923674398	635	13	180	5	87	45	180	3	29	15	1522	0	0.015622377395629883	31800	14.342768430709839	23370	26.509433962264154	
145306274211.53445	180.0	3.28	37.12	19.2	12.618735923674398	636	13	180	4	58	30	180	3	29	15	1524	0	0.0156252384185791	31850	14.358393669128418	23405	26.514913657770805	
216282876517.08987	180.0	3.38	40.02	20.7	12.618735923674398	637	13	180	5	87	45	180	3	29	15	1527	0	0.015623092651367188	31900	14.374016761779785	23441	26.517241379310335	
147773104.16197357	180.0	3.4	40.6	21.0	12.618735923674398	638	13	180	5	87	45	180	3	29	15	1530	0	0.03125166893005371	31950	14.405268430709839	23478	26.51643192488264	
328053787.7313365	180.0	3.36	39.44	20.4	12.618735923674398	639	13	180	5	87	45	180	3	29	15	1532	0	0.015621185302734375	32000	14.420889616012573	23513	26.521874999999994	
7250376047060.595	180.0	3.34	38.86	20.1	12.618735923674398	640	13	180	5	87	45	180	3	29	15	1536	0	0.031247854232788086	32050	14.452137470245361	23550	26.521060842433698	
2248098499431.3135	180.0	3.5	43.5	22.5	12.618735923674398	641	13	180	5	87	45	180	3	29	15	1537	0	0.01562356948852539	32100	14.467761039733887	23594	26.498442367601243	
9564838816012.842	180.0	3.52	44.08	22.8	12.618735923674398	642	13	180	5	87	45	180	3	29	15	1538	0	0.031246662139892578	32150	14.49900770187378	23634	26.48833592534993	
6160061798625485.0	180.0	3.4	40.6	21.0	12.618735923674398	643	13	180	5	87	45	180	3	29	15	1538	0	0.015625	32200	14.51463270187378	23671	26.487577639751564	
1563291321.671692	180.0	3.38	40.02	20.7	12.618735923674398	644	13	180	5	87	45	180	3	29	15	1540	0	0.031247377395629883	32250	14.54588007926941	23704	26.499224806201553	
6873938063.82911	180.0	3.44	41.76	21.6	12.618735923674398	645	13	180	5	87	45	180	3	29	15	1542	0	0.015623092651367188	32300	14.561503171920776	23739	26.50464396284829	
253221629.34044734	180.0	3.76	51.04	26.4	12.618735923674398	646	13	180	6	116	60	180	3	29	15	1544	0	0.015624523162841797	32350	14.577127695083618	23779	26.49459041731066	
6492096758.165347	180.0	3.74	50.46	26.1	12.618735923674398	647	13	180	5	87	45	180	3	29	15	1545	0	0.031247615814208984	32400	14.608375310897827	23819	26.48456790123457	
6.555684472943755e+18	180.0	3.66	48.14	24.9	12.618735923674398	648	13	180	6	116	60	180	3	29	15	1547	0	0.015623092651367188	32450	14.623998403549194	23861	26.468412942989218	
952174002922869.2	180.0	3.64	47.56	24.6	12.618735923674398	649	13	180	5	87	45	180	3	29	15	1552	0	0.031247615814208984	32500	14.655246019363403	23900	26.461538461538453	
2.6748209441312845e+17	180.0	3.72	49.88	25.8	12.618735923674398	650	13	180	5	87	45	180	3	29	15	1554	0	0.0156252384185791	32550	14.670871257781982	23942	26.445468509984636	
1535529691.156305	180.0	3.9	55.1	28.5	12.618735923674398	651	13	180	5	87	45	180	3	29	15	1558	0	0.031247615814208984	32600	14.702118873596191	23982	26.43558282208589	
123455522203.36378	180.0	3.84	53.36	27.6	12.618735923674398	652	13	180	5	87	45	180	3	29	15	1561	0	0.031247615814208984	32650	14.7333664894104	24025	26.416539050535988	
1243911949405526.2	180.0	3.9	55.1	28.5	12.618735923674398	653	13	180	5	87	45	180	3	29	15	1567	0	0.031248092651367188	32700	14.764614582061768	24065	26.406727828746185	
76320756.20029387	180.0	3.92	55.68	28.8	12.618735923674398	654	13	180	5	87	45	180	3	29	15	1569	0	0.03124856948852539	32750	14.795863151550293	24107	26.390839694656492	
75732144955.72667	180.0	3.9	55.1	28.5	12.618735923674398	655	13	180	6	116	60	180	3	29	15	1573	0	0.015623092651367188	32800	14.81148624420166	24146	26.384146341463406	
1.2429770647550812e+22	180.0	3.76	51.04	26.4	12.618735923674398	656	13	180	5	87	45	180	3	29	15	1579	0	0.031247615814208984	32850	14.84273386001587	24185	26.377473363774726	
167369991986.0486	180.0	3.9	55.1	28.5	12.618735923674398	657	13	180	5	87	45	180	3	29	15	1583	0	0.015623807907104492	32900	14.858357667922974	24227	26.36170212765957	
1427071153.5009549	180.0	3.98	57.42	29.7	12.618735923674398	658	13	180	5	87	45	180	3	29	15	1587	0	0.015623807907104492	32950	14.873981475830078	24270	26.34294385432473	
211969901.24817702	180.0	3.96	56.84	29.4	12.618735923674398	659	13	180	6	116	60	180	3	29	15	1590	0	0.031247854232788086	33000	14.905229330062866	24311	26.33030303030303	
4000814201133567.5	180.0	4.02	58.58	30.3	12.618735923674398	660	13	180	5	87	45	180	3	29	15	1594	0	0.015624284744262695	33050	14.920853614807129	24355	26.308623298033282	
7965392000390.872	180.0	3.96	56.84	29.4	12.618735923674398	661	13	180	5	87	45	180	3	29	15	1596	0	0.031247615814208984	33100	14.952101230621338	24398	26.29003021148037	
1735539039.4842663	180.0	3.92	55.68	28.8	12.618735923674398	662	13	180	5	87	45	180	3	29	15	1601	0	0.015623331069946289	33150	14.967724561691284	24440	26.27450980392156	
2464161463.046627	180.0	3.98	57.42	29.7	12.618735923674398	663	13	180	5	87	45	180	3	29	15	1608	0	0.031249046325683594	33200	14.998973608016968	24478	26.271084337349393	
3542.590168187948	180.0	3.86	53.94	27.9	12.618735923674398	664	13	180	5	87	45	180	3	29	15	1613	0	0.01562356948852539	33250	15.014597177505493	24517	26.264661654135338	
2.822851789896293e+30	180.0	3.86	53.94	27.9	12.618735923674398	665	13	180	5	87	45	180	3	29	15	1615	0	0.01562356948852539	33300	15.030220746994019	24560	26.246246246246244	
483083805.38498616	180.0	3.84	53.36	27.6	12.618735923674398	666	13	180	5	87	45	180	3	29	15	1617	0	0.031248092651367188	33350	15.061468839645386	24604	26.224887556221887	
3762648642876.063	180.0	3.72	49.88	25.8	12.618735923674398	667	13	180	5	87	45	180	3	29	15	1621	0	0.031247377395629883	33400	15.092716217041016	24641	26.22455089820359	
5.101056428888624e+19	180.0	3.6	46.4	24.0	12.618735923674398	668	13	180	5	87	45	180	3	29	15	1622	0	0.015624523162841797	33450	15.108340740203857	24684	26.20627802690582	
1435045372.6453416	180.0	3.66	48.14	24.9	12.618735923674398	669	13	180	4	58	30	180	3	29	15	1626	0	0.031247615814208984	33500	15.139588356018066	24721	26.20597014925373	
145717326.6612101	180.0	3.62	46.98	24.3	12.618735923674398	670	13	180	4	58	30	180	3	29	15	1628	0	0.015624046325683594	33550	15.15521240234375	24765	26.18479880774963	
21289235945.631756	180.0	3.6	46.4	24.0	12.618735923674398	671	13	180	5	87	45	180	3	29	15	1634	0	0.01562356948852539	33600	15.170835971832275	24800	26.19047619047619	
5.306064893005165e+18	180.0	3.68	48.72	25.2	12.618735923674398	672	13	180	5	87	45	180	3	29	15	1638	0	0.03124833106994629	33650	15.202084302902222	24839	26.184249628528974	
948692604.2451742	180.0	3.36	39.44	20.4	12.618735923674398	673	13	180	4	58	30	180	3	29	15	1640	0	0.015624761581420898	33700	15.217709064483643	24881	26.169139465875375	
26684148.31492435	180.0	3.3	37.7	19.5	12.618735923674398	674	13	180	4	58	30	180	3	29	15	1641	0	0.031247854232788086	33750	15.24895691871643	24919	26.165925925925933	
8059458427776771.0	180.0	3.22	35.38	18.3	12.618735923674398	675	13	180	4	58	30	180	3	29	15	1642	0	0.015623092651367188	33800	15.264580011367798	24952	26.1775147928994	
13554093.830106752	180.0	3.34	38.86	20.1	12.618735923674398	676	13	180	5	87	45	180	3	29	15	1645	0	0.015623807907104492	33850	15.280203819274902	24987	26.183161004431312	
2082118204868.6792	180.0	3.34	38.86	20.1	12.618735923674398	677	13	180	4	58	30	180	3	29	15	1647	0	0.015624761581420898	33900	15.295828580856323	25027	26.174041297935105	
9993394.256713537	180.0	3.18	34.22	17.7	12.618735923674398	678	13	180	4	58	30	180	3	29	15	1647	0	0.015624523162841797	33950	15.311453104019165	25062	26.17967599410899	
61224590.26256997	180.0	3.24	35.96	18.6	12.618735923674398	679	13	180	5	87	45	180	3	29	15	1649	0	0.015622854232788086	34000	15.327075958251953	25092	26.200000000000003	
71686401117201.17	180.0	3.26	36.54	18.9	12.618735923674398	680	13	180	5	87	45	180	3	29	15	1650	0	0.015624046325683594	34050	15.342700004577637	25128	26.202643171806173	
1723274859.9012597	180.0	3.24	35.96	18.6	12.618735923674398	681	13	180	5	87	45	180	3	29	15	1652	0	0.0312504768371582	34100	15.373950481414795	25167	26.19648093841643	
59589242.62211363	180.0	3.26	36.54	18.9	12.618735923674398	682	13	180	5	87	45	180	3	29	15	1654	0	0.015622615814208984	34150	15.389573097229004	25209	26.181551976573942	
3427278471888646.0	180.0	3.26	36.54	18.9	12.618735923674398	683	13	180	4	58	30	180	3	29	15	1656	0	0.015622854232788086	34200	15.405195951461792	25246	26.181286549707607	
100555519.16277073	180.0	3.28	37.12	19.2	12.618735923674398	684	13	180	5	87	45	180	3	29	15	1656	0	0.015623807907104492	34250	15.420819759368896	25287	26.169343065693425	
10868906112.10158	180.0	3.5	43.5	22.5	12.618735923674398	685	13	180	5	87	45	180	3	29	15	1662	0	0.031247854232788086	34300	15.452067613601685	25324	26.16909620991254	
4563654.735830081	180.0	3.52	44.08	22.8	12.618735923674398	686	13	180	5	87	45	180	3	29	15	1664	0	0.031248092651367188	34350	15.483315706253052	25362	26.165938864628828	
21713972.368324723	180.0	3.46	42.34	21.9	12.618735923674398	687	13	180	5	87	45	180	3	29	15	1667	0	0.031247854232788086	34400	15.51456356048584	25400	26.162790697674424	
1.0204607319295077e+18	180.0	3.3	37.7	19.5	12.618735923674398	688	13	180	4	58	30	180	3	29	15	1670	0	0.015623807907104492	34450	15.530187368392944	25435	26.168359941944857	
11920326.446300462	180.0	3.44	41.76	21.6	12.618735923674398	689	13	180	5	87	45	180	3	29	15	1677	0	0.031248092651367188	34500	15.561435461044312	25470	26.173913043478265	
95068536.34207363	180.0	3.6	46.4	24.0	12.618735923674398	690	13	180	5	87	45	180	3	29	15	1680	0	0.015622854232788086	34550	15.5770583152771	25506	26.176555716353107	
150277.20346966776	180.0	3.36	39.44	20.4	12.618735923674398	691	13	180	4	58	30	180	3	29	15	1681	0	0.015624284744262695	34600	15.592682600021362	25538	26.190751445086704	
12949852.095436376	180.0	3.38	40.02	20.7	12.618735923674398	692	13	180	5	87	45	180	3	29	15	1686	0	0.0	34650	15.592682600021362	25569	26.20779220779221	
119342993.52249745	180.0	3.32	38.28	19.8	12.618735923674398	693	13	180	5	87	45	180	3	29	15	1687	0	0.015625	34700	15.608307600021362	25604	26.213256484149866	
907672935.0196961	180.0	3.4	40.6	21.0	12.618735923674398	694	13	180	5	87	45	180	3	29	15	1690	0	0.015623331069946289	34750	15.623930931091309	25642	26.21007194244605	
2.123234158623329e+39	180.0	3.4	40.6	21.0	12.618735923674398	695	13	180	4	58	30	180	3	29	15	1694	0	0.031247615814208984	34800	15.655178546905518	25676	26.218390804597703	
3762598.5914353365	180.0	3.18	34.22	17.7	12.618735923674398	696	13	180	4	58	30	180	3	29	15	1696	0	0.015625715255737305	34850	15.670804262161255	25712	26.220946915351504	
76.59510249685017	180.0	3.18	34.22	17.7	12.618735923674398	697	13	180	4	58	30	180	3	29	15	1697	0	0.015622854232788086	34900	15.686427116394043	25742	26.240687679083095	
81.07603325388004	180.0	3.28	37.12	19.2	12.618735923674398	698	13	180	5	87	45	180	3	29	15	1699	0	0.015623092651367188	34950	15.70205020904541	25776	26.24892703862662	
423621.9490644227	180.0	3.32	38.28	19.8	12.618735923674398	699	13	180	4	58	30	180	3	29	15	1701	0	0.015624523162841797	35000	15.717674732208252	25806	26.268571428571434	
262989.86595963646	180.0	3.3	37.7	19.5	12.618735923674398	700	13	180	5	87	45	180	3	29	15	1703	0	0.015622615814208984	35050	15.733297348022461	25839	26.27960057061341	
286869.7465189903	180.0	3.38	40.02	20.7	12.618735923674398	701	13	180	5	87	45	180	3	29	15	1705	0	0.015624523162841797	35100	15.748921871185303	25871	26.293447293447286	
15078471.14768148	180.0	3.36	39.44	20.4	12.618735923674398	702	13	180	4	58	30	180	3	29	15	1711	0	0.015623807907104492	35150	15.764545679092407	25901	26.312944523470833	
999279754.8183609	180.0	3.3	37.7	19.5	12.618735923674398	703	13	180	4	58	30	180	3	29	15	1718	0	0.015624284744262695	35200	15.78016996383667	25932	26.329545454545453	
1153551.6985207822	180.0	3.46	42.34	21.9	12.618735923674398	704	13	180	5	87	45	180	3	29	15	1724	0	0.015624284744262695	35250	15.795794248580933	25963	26.346099290780145	
217264701.58105487	180.0	3.52	44.08	22.8	12.618735923674398	705	13	180	5	87	45	180	3	29	15	1731	0	0.015623331069946289	35300	15.811417579650879	25999	26.348441926345615	
8068857.919825167	180.0	3.46	42.34	21.9	12.618735923674398	706	13	180	5	87	45	180	3	29	15	1735	0	0.015624284744262695	35350	15.827041864395142	26030	26.364922206506364	
106205936016.78796	180.0	3.46	42.34	21.9	12.618735923674398	707	13	180	5	87	45	180	3	29	15	1738	0	0.015623331069946289	35400	15.842665195465088	26070	26.355932203389827	
15694229776747.014	180.0	3.56	45.24	23.4	12.618735923674398	708	13	180	5	87	45	180	3	29	15	1741	0	0.015624046325683594	35450	15.858289241790771	26112	26.34132581100141	
529007854075699.1	180.0	3.58	45.82	23.7	12.618735923674398	709	13	180	5	87	45	180	3	29	15	1743	0	0.015623807907104492	35500	15.873913049697876	26149	26.34084507042253	
1629316009900293.5	180.0	3.7	49.3	25.5	12.618735923674398	710	13	180	5	87	45	180	3	29	15	1750	0	0.0	35550	15.873913049697876	26184	26.345991561181435	
19862033069.471806	180.0	3.7	49.3	25.5	12.618735923674398	711	13	180	5	87	45	180	3	29	15	1752	0	0.03124856948852539	35600	15.905161619186401	26224	26.337078651685403	
12881619100614.39	180.0	3.82	52.78	27.3	12.618735923674398	712	13	180	5	87	45	180	3	29	15	1754	0	0.01562356948852539	35650	15.920785188674927	26264	26.328190743338013	
67.72228868715989	180.0	3.64	47.56	24.6	12.618735923674398	713	13	180	5	87	45	180	3	29	15	1758	0	0.03125286102294922	35700	15.952038049697876	26302	26.324929971988794	
217987419.72077602	180.0	3.66	48.14	24.9	12.618735923674398	714	13	180	5	87	45	180	3	29	15	1759	0	0.031244277954101562	35750	15.983282327651978	26346	26.30489510489511	
35860865.70005544	180.0	3.68	48.72	25.2	12.618735923674398	715	13	180	5	87	45	180	3	29	15	1761	0	0.015624046325683594	35800	15.998906373977661	26387	26.29329608938548	
1641289186.3768387	180.0	3.74	50.46	26.1	12.618735923674398	716	13	180	5	87	45	180	3	29	15	1764	0	0.015623331069946289	35850	16.014529705047607	26428	26.281729428172937	
2.0921556849200766e+30	180.0	3.74	50.46	26.1	12.618735923674398	717	13	180	5	87	45	180	3	29	15	1769	0	0.031246662139892578	35900	16.0457763671875	26461	26.292479108635106	
1.924782912001184e+30	180.0	3.82	52.78	27.3	12.618735923674398	718	13	180	5	87	45	180	3	29	15	1770	0	0.03124856948852539	35950	16.077024936676025	26504	26.275382475660635	
1.9640641970263008e+30	180.0	3.84	53.36	27.6	12.618735923674398	719	13	180	5	87	45	180	3	29	15	1772	0	0.03124856948852539	36000	16.10827350616455	26547	26.258333333333326	
248101217.1813893	180.0	3.76	51.04	26.4	12.618735923674398	720	13	180	5	87	45	180	3	29	15	1776	0	0.015622615814208984	36050	16.12389612197876	26588	26.246879334257983	
3.052942105212733e+16	180.0	3.54	44.66	23.1	12.618735923674398	721	13	180	4	58	30	180	3	29	15	1781	0	0.031249284744262695	36100	16.155145406723022	26628	26.23822714681441	
1069560362.6594837	180.0	3.66	48.14	24.9	12.618735923674398	722	13	180	5	87	45	180	3	29	15	1783	0	0.015624523162841797	36150	16.170769929885864	26668	26.2295988934993	
2.662518097802082e+36	180.0	3.62	46.98	24.3	12.618735923674398	723	13	180	5	87	45	180	3	29	15	1784	0	0.015622138977050781	36200	16.186392068862915	26707	26.22375690607734	
4.612500007135416e+19	180.0	3.74	50.46	26.1	12.618735923674398	724	13	180	5	87	45	180	3	29	15	1787	0	0.031248092651367188	36250	16.217640161514282	26749	26.20965517241379	
5408050036290438.0	180.0	3.68	48.72	25.2	12.618735923674398	725	13	180	5	87	45	180	3	29	15	1788	0	0.03124690055847168	36300	16.248887062072754	26791	26.19559228650138	
2.119985552302286e+39	180.0	3.7	49.3	25.5	12.618735923674398	726	13	180	5	87	45	180	3	29	15	1792	0	0.0156252384185791	36350	16.264512300491333	26827	26.198074277854204	
140627784773.43237	180.0	3.66	48.14	24.9	12.618735923674398	727	13	180	5	87	45	180	3	29	15	1793	0	0.031247377395629883	36400	16.295759677886963	26870	26.181318681318672	
4220001991.5028453	180.0	3.52	44.08	22.8	12.618735923674398	728	13	180	5	87	45	180	3	29	15	1796	0	0.01562356948852539	36450	16.31138324737549	26909	26.1755829903978	
404626327.7883009	180.0	3.66	48.14	24.9	12.618735923674398	729	13	180	5	87	45	180	3	29	15	1796	0	0.031249046325683594	36500	16.342632293701172	26952	26.158904109589045	
1.3558648080355885e+28	180.0	3.54	44.66	23.1	12.618735923674398	730	13	180	5	87	45	180	3	29	15	1798	0	0.031247377395629883	36550	16.3738796710968	26993	26.147742818057452	
1.89587478222128e+33	180.0	3.64	47.56	24.6	12.618735923674398	731	13	180	4	58	30	180	3	29	15	1800	0	0.015623807907104492	36600	16.389503479003906	27034	26.136612021857914	
2940122506.128456	180.0	3.64	47.56	24.6	12.618735923674398	732	13	180	5	87	45	180	3	29	15	1803	0	0.015623331069946289	36650	16.405126810073853	27073	26.130968622100966	
1.085773e+37	180.0	3.72	49.88	25.8	12.618735923674398	733	13	180	4	58	30	180	3	29	15	1804	0	0.03124833106994629	36700	16.4363751411438	27116	26.114441416893726	
5024018134004687.0	180.0	3.68	48.72	25.2	12.618735923674398	734	13	180	5	87	45	180	3	29	15	1807	0	0.015625476837158203	36750	16.452000617980957	27155	26.108843537414955	
30806967604.958385	180.0	3.64	47.56	24.6	12.618735923674398	735	13	180	5	87	45	180	3	29	15	1807	0	0.031247615814208984	36800	16.483248233795166	27199	26.08967391304347	
577174.6322577713	180.0	3.58	45.82	23.7	12.618735923674398	736	13	180	4	58	30	180	3	29	15	1809	0	0.015623092651367188	36850	16.498871326446533	27238	26.084124830393478	
13556553.083961787	180.0	3.5	43.5	22.5	12.618735923674398	737	13	180	5	87	45	180	3	29	15	1810	0	0.0	36900	16.498871326446533	27278	26.075880758807585	
2.3060000466149715e+17	180.0	3.7	49.3	25.5	12.618735923674398	738	13	180	4	58	30	180	3	29	15	1815	0	0.015624761581420898	36950	16.514496088027954	27316	26.07307171853857	
2618085647.561535	180.0	3.78	51.62	26.7	12.618735923674398	739	13	180	5	87	45	180	3	29	15	1817	0	0.031247615814208984	37000	16.545743703842163	27355	26.067567567567565	
2031412804.0834281	180.0	3.68	48.72	25.2	12.618735923674398	740	13	180	5	87	45	180	3	29	15	1821	0	0.015622615814208984	37050	16.561366319656372	27388	26.078272604588392	
1.2488000370118916e+24	180.0	3.82	52.78	27.3	12.618735923674398	741	13	180	5	87	45	180	3	29	15	1826	0	0.031248092651367188	37100	16.59261441230774	27429	26.067385444743934	
396003828.2366387	180.0	3.8	52.2	27.0	12.618735923674398	742	13	180	5	87	45	180	3	29	15	1829	0	0.031247854232788086	37150	16.623862266540527	27471	26.053835800807533	
3043847617.235642	180.0	3.74	50.46	26.1	12.618735923674398	743	13	180	4	58	30	180	3	29	15	1834	0	0.015624284744262695	37200	16.63948655128479	27514	26.037634408602145	
120762371.24273755	180.0	3.66	48.14	24.9	12.618735923674398	744	13	180	4	58	30	180	3	29	15	1837	0	0.031247377395629883	37250	16.67073392868042	27557	26.021476510067103	
4.999408800184211e+23	180.0	3.62	46.98	24.3	12.618735923674398	745	13	180	5	87	45	180	3	29	15	1838	0	0.015624523162841797	37300	16.68635845184326	27596	26.016085790884716	
2040382.5392064464	180.0	3.48	42.92	22.2	12.618735923674398	746	13	180	5	87	45	180	3	29	15	1839	0	0.015623092651367188	37350	16.70198154449463	27635	26.01070950468541	
157098645.49526092	180.0	3.52	44.08	22.8	12.618735923674398	747	13	180	4	58	30	180	3	29	15	1840	0	0.015623807907104492	37400	16.717605352401733	27675	26.00267379679144	
8.58819269066557e+28	180.0	3.66	48.14	24.9	12.618735923674398	748	13	180	5	87	45	180	3	29	15	1845	0	0.03124856948852539	37450	16.74885392189026	27710	26.008010680907873	
19865778.470418084	180.0	3.62	46.98	24.3	12.618735923674398	749	13	180	4	58	30	180	3	29	15	1847	0	0.015623331069946289	37500	16.764477252960205	27753	25.992000000000004	
326709.4651505182	180.0	3.7	49.3	25.5	12.618735923674398	750	13	180	5	87	45	180	3	29	15	1851	0	0.031247615814208984	37550	16.795724868774414	27793	25.984021304926756	
1597638603.480907	180.0	3.82	52.78	27.3	12.618735923674398	751	13	180	5	87	45	180	3	29	15	1855	0	0.015623807907104492	37600	16.81134867668152	27833	25.976063829787236	
5.756405148623688e+19	180.0	3.82	52.78	27.3	12.618735923674398	752	13	180	5	87	45	180	3	29	15	1858	0	0.015623807907104492	37650	16.826972484588623	27871	25.973439575033197	
2153961683959.878	180.0	3.68	48.72	25.2	12.618735923674398	753	13	180	5	87	45	180	3	29	15	1860	0	0.01562356948852539	37700	16.84259605407715	27909	25.970822281167102	
112312.07975359051	180.0	3.6	46.4	24.0	12.618735923674398	754	13	180	5	87	45	180	3	29	15	1863	0	0.015624523162841797	37750	16.85822057723999	27944	25.976158940397355	
2205463074.6863213	180.0	3.5	43.5	22.5	12.618735923674398	755	13	180	5	87	45	180	3	29	15	1866	0	0.031247854232788086	37800	16.88946843147278	27979	25.98148148148148	
592800433160.7101	180.0	3.38	40.02	20.7	12.618735923674398	756	13	180	5	87	45	180	3	29	15	1868	0	0.015624284744262695	37850	16.90509271621704	28017	25.978863936591807	
52189.79303284185	180.0	3.34	38.86	20.1	12.618735923674398	757	13	180	4	58	30	180	3	29	15	1868	0	0.015623331069946289	37900	16.920716047286987	28055	25.976253298153026	
4.911971453114349e+17	180.0	3.34	38.86	20.1	12.618735923674398	758	13	180	5	87	45	180	3	29	15	1870	0	0.015624284744262695	37950	16.93634033203125	28090	25.98155467720686	
2151.007916808263	180.0	3.28	37.12	19.2	12.618735923674398	759	13	180	5	87	45	180	3	29	15	1872	0	0.01562356948852539	38000	16.951963901519775	28127	25.98157894736842	
1348905558.9122436	180.0	3.28	37.12	19.2	12.618735923674398	760	13	180	5	87	45	180	3	29	15	1873	0	0.015624523162841797	38050	16.967588424682617	28166	25.976346911957947	
8.405370248031481e+19	180.0	3.1	31.9	16.5	12.618735923674398	761	13	180	5	87	45	180	3	29	15	1874	0	0.0	38100	16.967588424682617	28202	25.97900262467192	
59.08798344355144	180.0	3.14	33.06	17.1	12.618735923674398	762	13	180	4	58	30	180	3	29	15	1875	0	0.031247854232788086	38150	16.998836278915405	28237	25.98427260812582	
53.75662198427721	180.0	3.14	33.06	17.1	12.618735923674398	763	13	180	4	58	30	180	3	29	15	1875	0	0.015623807907104492	38200	17.01446008682251	28270	25.994764397905755	
589021693.7821288	180.0	3.2	34.8	18.0	12.618735923674398	764	13	180	4	58	30	180	3	29	15	1875	0	0.015627384185791016	38250	17.0300874710083	28303	26.005228758169935	
130696.72732059467	180.0	3.24	35.96	18.6	12.618735923674398	765	13	180	4	58	30	180	3	29	15	1875	0	0.031244516372680664	38300	17.06133198738098	28338	26.010443864229757	
6.342795073423396e+26	180.0	3.28	37.12	19.2	12.618735923674398	766	13	180	4	58	30	180	3	29	15	1877	0	0.031248092651367188	38350	17.09258008003235	28374	26.013037809647983	
134815201.39117134	180.0	3.4	40.6	21.0	12.618735923674398	767	13	180	4	58	30	180	3	29	15	1878	0	0.031247615814208984	38400	17.123827695846558	28410	26.015625	
263990.99330653326	180.0	3.36	39.44	20.4	12.618735923674398	768	13	180	5	87	45	180	3	29	15	1878	0	0.0156252384185791	38450	17.139452934265137	28443	26.0260078023407	
1959237765.993282	180.0	3.3	37.7	19.5	12.618735923674398	769	13	180	4	58	30	180	3	29	15	1879	0	0.031247377395629883	38500	17.170700311660767	28483	26.018181818181816	
144623035.86127135	180.0	3.34	38.86	20.1	12.618735923674398	770	13	180	5	87	45	180	3	29	15	1879	0	0.01562356948852539	38550	17.186323881149292	28519	26.020752269779507	
59.812698586920455	180.0	3.26	36.54	18.9	12.618735923674398	771	13	180	4	58	30	180	3	29	15	1882	0	0.031247854232788086	38600	17.21757173538208	28553	26.02849740932642	
148707036.74771053	180.0	3.18	34.22	17.7	12.618735923674398	772	13	180	4	58	30	180	3	29	15	1885	0	0.0	38650	17.21757173538208	28583	26.04657179818888	
127575364.93425496	180.0	3.2	34.8	18.0	12.618735923674398	773	13	180	4	58	30	180	3	29	15	1887	0	0.015624523162841797	38700	17.233196258544922	28618	26.05167958656331	
12049172.268481502	180.0	3.28	37.12	19.2	12.618735923674398	774	13	180	5	87	45	180	3	29	15	1887	0	0.01562356948852539	38750	17.248819828033447	28652	26.05935483870968	
78022834.94231355	180.0	3.34	38.86	20.1	12.618735923674398	775	13	180	5	87	45	180	3	29	15	1892	0	0.0	38800	17.248819828033447	28679	26.085051546391753	
132656395.92172103	180.0	3.34	38.86	20.1	12.618735923674398	776	13	180	4	58	30	180	3	29	15	1894	0	0.015623807907104492	38850	17.26444363594055	28716	26.084942084942085	
136027550.33716547	180.0	3.2	34.8	18.0	12.618735923674398	777	13	180	4	58	30	180	3	29	15	1895	0	0.015623331069946289	38900	17.280066967010498	28750	26.092544987146525	
56.517841826595394	180.0	3.24	35.96	18.6	12.618735923674398	778	13	180	4	58	30	180	3	29	15	1900	0	0.031248807907104492	38950	17.311315774917603	28784	26.10012836970475	
56.363555107886626	180.0	3.28	37.12	19.2	12.618735923674398	779	13	180	4	58	30	180	3	29	15	1901	0	0.015623807907104492	39000	17.326939582824707	28819	26.10512820512821	
62.53761371576186	180.0	3.42	41.18	21.3	12.618735923674398	780	13	180	5	87	45	180	3	29	15	1905	0	0.015624046325683594	39050	17.34256362915039	28854	26.1101152368758	
159.49533326438274	180.0	3.26	36.54	18.9	12.618735923674398	781	13	180	4	58	30	180	3	29	15	1906	0	0.015622854232788086	39100	17.35818648338318	28886	26.1227621483376	
273127.28828967916	180.0	3.34	38.86	20.1	12.618735923674398	782	13	180	5	87	45	180	3	29	15	1909	0	0.015624046325683594	39150	17.373810529708862	28920	26.130268199233726	
145844584054.61676	180.0	3.56	45.24	23.4	12.618735923674398	783	13	180	5	87	45	180	3	29	15	1911	0	0.031247615814208984	39200	17.40505814552307	28963	26.11479591836735	
125554.99700202027	180.0	3.54	44.66	23.1	12.618735923674398	784	13	180	4	58	30	180	3	29	15	1913	0	0.015624761581420898	39250	17.420682907104492	29007	26.096815286624206	
38923881.74275814	180.0	3.52	44.08	22.8	12.618735923674398	785	13	180	5	87	45	180	3	29	15	1915	0	0.015625	39300	17.436307907104492	29048	26.086513994910945	
138134452.82381457	180.0	3.46	42.34	21.9	12.618735923674398	786	13	180	5	87	45	180	3	29	15	1921	0	0.015625	39350	17.451932907104492	29077	26.10673443456163	
46115440629.336006	180.0	3.64	47.56	24.6	12.618735923674398	787	13	180	5	87	45	180	3	29	15	1929	0	0.015620946884155273	39400	17.467553853988647	29111	26.114213197969534	
2.0049510303142925e+18	180.0	3.5	43.5	22.5	12.618735923674398	788	13	180	5	87	45	180	3	29	15	1931	0	0.031247854232788086	39450	17.498801708221436	29141	26.131812420785806	
1.845567182979645e+23	180.0	3.64	47.56	24.6	12.618735923674398	789	13	180	5	87	45	180	3	29	15	1935	0	0.015623807907104492	39500	17.51442551612854	29183	26.118987341772154	
6658.986461486701	180.0	3.62	46.98	24.3	12.618735923674398	790	13	180	5	87	45	180	3	29	15	1938	0	0.015624046325683594	39550	17.530049562454224	29217	26.126422250316054	
9421367.27435409	180.0	3.66	48.14	24.9	12.618735923674398	791	13	180	5	87	45	180	3	29	15	1942	0	0.015624284744262695	39600	17.545673847198486	29259	26.11363636363636	
272174542.6220464	180.0	3.56	45.24	23.4	12.618735923674398	792	13	180	4	58	30	180	3	29	15	1945	0	0.015624046325683594	39650	17.56129789352417	29296	26.113493064312735	
3.727362449872463e+19	180.0	3.78	51.62	26.7	12.618735923674398	793	13	180	5	87	45	180	3	29	15	1948	0	0.031247615814208984	39700	17.59254550933838	29335	26.108312342569278	
7.452248048616479e+19	180.0	3.82	52.78	27.3	12.618735923674398	794	13	180	5	87	45	180	3	29	15	1951	0	0.031247377395629883	39750	17.62379288673401	29374	26.103144654088055	
1911345.450159033	180.0	3.8	52.2	27.0	12.618735923674398	795	13	180	5	87	45	180	3	29	15	1954	0	0.015624046325683594	39800	17.639416933059692	29414	26.095477386934675	
898521.8733815863	180.0	3.88	54.52	28.2	12.618735923674398	796	13	180	5	87	45	180	3	29	15	1957	0	0.031248092651367188	39850	17.67066502571106	29457	26.080301129234627	
1822985370.515506	180.0	3.86	53.94	27.9	12.618735923674398	797	13	180	5	87	45	180	3	29	15	1964	0	0.031248092651367188	39900	17.701913118362427	29496	26.075187969924812	
63477923.262095764	180.0	3.9	55.1	28.5	12.618735923674398	798	13	180	5	87	45	180	3	29	15	1968	0	0.031248092651367188	39950	17.733161211013794	29533	26.07509386733416	
315666237.6458839	180.0	3.84	53.36	27.6	12.618735923674398	799	13	180	5	87	45	180	3	29	15	1969	0	0.01562356948852539	40000	17.74878478050232	29576	26.060000000000002	
1740657077.5255308	180.0	3.9	55.1	28.5	12.618735923674398	800	13	180	5	87	45	180	3	29	15	1970	0	0.03124713897705078	40050	17.78003191947937	29621	26.039950062421966	
914706.7451889415	180.0	3.94	56.26	29.1	12.618735923674398	801	13	180	5	87	45	180	3	29	15	1978	0	0.015625715255737305	40100	17.795657634735107	29657	26.042394014962582	
1.0533246456773348e+27	180.0	4.06	59.74	30.9	12.618735923674398	802	13	180	5	87	45	180	3	29	15	1987	0	0.015623807907104492	40150	17.811281442642212	29695	26.039850560398506	
1.7859610448526484e+18	180.0	4.16	62.64	32.4	12.618735923674398	803	13	180	5	87	45	180	3	29	15	1995	0	0.015623092651367188	40200	17.82690453529358	29732	26.039800995024876	
2.6885333351352202e+17	180.0	4.18	63.22	32.7	12.618735923674398	804	13	180	5	87	45	180	3	29	15	2001	0	0.015623807907104492	40250	17.842528343200684	29775	26.0248447204969	
2.3169565281333123e+17	180.0	4.16	62.64	32.4	12.618735923674398	805	13	180	6	116	60	180	3	29	15	2006	0	0.015624284744262695	40300	17.858152627944946	29817	26.012406947890824	
1.2158540800898998e+19	180.0	4.12	61.48	31.8	12.618735923674398	806	13	180	5	87	45	180	3	29	15	2011	0	0.031247615814208984	40350	17.889400243759155	29860	25.99752168525403	
1.215854076135095e+19	180.0	3.94	56.26	29.1	12.618735923674398	807	13	180	5	87	45	180	3	29	15	2016	0	0.015624284744262695	40400	17.905024528503418	29896	26.0	
1.3069708443271807e+19	180.0	3.92	55.68	28.8	12.618735923674398	808	13	180	5	87	45	180	3	29	15	2017	0	0.031248092651367188	40450	17.936272621154785	29935	25.995055624227433	
542889648.4280819	180.0	3.9	55.1	28.5	12.618735923674398	809	13	180	5	87	45	180	3	29	15	2020	0	0.031248092651367188	40500	17.967520713806152	29978	25.980246913580245	
5191413.752870553	180.0	3.94	56.26	29.1	12.618735923674398	810	13	180	5	87	45	180	3	29	15	2024	0	0.015624284744262695	40550	17.983144998550415	30018	25.972872996300865	
5003154.731172158	180.0	3.9	55.1	28.5	12.618735923674398	811	13	180	5	87	45	180	3	29	15	2027	0	0.015622377395629883	40600	17.998767375946045	30063	25.953201970443345	
1.7477921346176582e+17	180.0	3.94	56.26	29.1	12.618735923674398	812	13	180	5	87	45	180	3	29	15	2028	0	0.031248092651367188	40650	18.030015468597412	30107	25.936039360393607	
1.1983757854760842e+37	180.0	3.92	55.68	28.8	12.618735923674398	813	13	180	5	87	45	180	3	29	15	2031	0	0.031248092651367188	40700	18.06126356124878	30147	25.928746928746932	
46853690.0191136	180.0	3.9	55.1	28.5	12.618735923674398	814	13	180	5	87	45	180	3	29	15	2033	0	0.031248092651367188	40750	18.092511653900146	30189	25.91656441717791	
186720765.2277286	180.0	3.8	52.2	27.0	12.618735923674398	815	13	180	5	87	45	180	3	29	15	2034	0	0.031247615814208984	40800	18.123759269714355	30234	25.897058823529406	
136642017.99554282	180.0	3.66	48.14	24.9	12.618735923674398	816	13	180	5	87	45	180	3	29	15	2035	0	0.015624046325683594	40850	18.13938331604004	30271	25.897184822521425	
7118976.763778169	180.0	3.7	49.3	25.5	12.618735923674398	817	13	180	5	87	45	180	3	29	15	2037	0	0.031247854232788086	40900	18.170631170272827	30312	25.88753056234718	
4191726.813867993	180.0	3.74	50.46	26.1	12.618735923674398	818	13	180	5	87	45	180	3	29	15	2038	0	0.015624046325683594	40950	18.18625521659851	30354	25.87545787545787	
688932393.6441706	180.0	3.74	50.46	26.1	12.618735923674398	819	13	180	6	116	60	180	3	29	15	2041	0	0.03125	41000	18.21750521659851	30394	25.868292682926835	
2254043979.809633	180.0	3.78	51.62	26.7	12.618735923674398	820	13	180	4	58	30	180	3	29	15	2042	0	0.015622377395629883	41050	18.23312759399414	30438	25.85140073081608	
1.1486535236618157e+32	180.0	4.0	58.0	30.0	12.618735923674398	821	13	180	5	87	45	180	3	29	15	2047	0	0.03124690055847168	41100	18.264374494552612	30477	25.846715328467155	
1304580666.728079	180.0	3.98	57.42	29.7	12.618735923674398	822	13	180	5	87	45	180	3	29	15	2051	0	0.015624046325683594	41150	18.279998540878296	30522	25.827460510328066	
2.8005264099153835e+20	180.0	4.02	58.58	30.3	12.618735923674398	823	13	180	5	87	45	180	3	29	15	2052	0	0.031248092651367188	41200	18.311246633529663	30568	25.805825242718456	
3.733623532956491e+30	180.0	4.04	59.16	30.6	12.618735923674398	824	13	180	5	87	45	180	4	58	30	2053	0	0.01562356948852539	41250	18.32687020301819	30611	25.791515151515156	
308683416.2820649	180.0	3.98	57.42	29.7	12.618735923674398	825	13	180	5	87	45	180	3	29	15	2058	0	0.031247854232788086	41300	18.358118057250977	30655	25.774818401937054	
5.4140003225559254e+23	180.0	3.92	55.68	28.8	12.618735923674398	826	13	180	5	87	45	180	3	29	15	2063	0	0.03124856948852539	41350	18.389366626739502	30698	25.76058041112455	
4.9808634587221454e+23	180.0	3.92	55.68	28.8	12.618735923674398	827	13	180	5	87	45	180	3	29	15	2064	0	0.015623092651367188	41400	18.40498971939087	30745	25.736714975845416	
201512480.93509808	180.0	3.92	55.68	28.8	12.618735923674398	828	13	180	5	87	45	180	3	29	15	2067	0	0.015624523162841797	41450	18.42061424255371	30789	25.72014475271412	
2.6748163268174307e+19	180.0	3.98	57.42	29.7	12.618735923674398	829	13	180	5	87	45	180	3	29	15	2069	0	0.03124833106994629	41500	18.451862573623657	30828	25.71566265060241	
1981091797.4165862	180.0	3.92	55.68	28.8	12.618735923674398	830	13	180	4	58	30	180	3	29	15	2072	0	0.015623331069946289	41550	18.467485904693604	30871	25.70156438026474	
3.498222933333333e+39	180.0	4.0	58.0	30.0	12.618735923674398	831	13	180	5	87	45	180	3	29	15	2075	0	0.03124690055847168	41600	18.498732805252075	30913	25.689903846153854	
25686137.75395551	180.0	3.94	56.26	29.1	12.618735923674398	832	13	180	5	87	45	180	3	29	15	2082	0	0.015624284744262695	41650	18.514357089996338	30952	25.685474189675872	
29759706.71664582	180.0	3.98	57.42	29.7	12.618735923674398	833	13	180	6	116	60	180	3	29	15	2091	0	0.031247615814208984	41700	18.545604705810547	30990	25.683453237410063	
2.4167592945854346e+27	180.0	4.0	58.0	30.0	12.618735923674398	834	13	180	5	87	45	180	3	29	15	2104	0	0.03124833106994629	41750	18.576853036880493	31022	25.695808383233526	
4.228893119815501e+36	180.0	4.0	58.0	30.0	12.618735923674398	835	13	180	5	87	45	180	3	29	15	2109	0	0.031247615814208984	41800	18.608100652694702	31063	25.686602870813402	
2.5775755191815157e+20	180.0	3.98	57.42	29.7	12.618735923674398	836	13	180	5	87	45	180	3	29	15	2116	0	0.015623807907104492	41850	18.623724460601807	31105	25.675029868578264	
1.0075849813086742e+20	180.0	3.82	52.78	27.3	12.618735923674398	837	13	180	5	87	45	180	3	29	15	2117	0	0.031247854232788086	41900	18.654972314834595	31142	25.675417661097853	
1.0281469395565819e+20	180.0	4.02	58.58	30.3	12.618735923674398	838	13	180	6	116	60	180	3	29	15	2119	0	0.03124856948852539	41950	18.68622088432312	31182	25.668653158522048	
98143508.01357701	180.0	4.02	58.58	30.3	12.618735923674398	839	13	180	6	116	60	180	3	29	15	2121	0	0.015623331069946289	42000	18.701844215393066	31225	25.654761904761898	
11951781.367566664	180.0	4.0	58.0	30.0	12.618735923674398	840	13	180	5	87	45	180	3	29	15	2123	0	0.031247615814208984	42050	18.733091831207275	31272	25.631391200951242	
2097784432.7925875	180.0	3.94	56.26	29.1	12.618735923674398	841	13	180	5	87	45	180	3	29	15	2125	0	0.03124833106994629	42100	18.76434016227722	31313	25.62232779097387	
17600650.51562168	180.0	3.86	53.94	27.9	12.618735923674398	842	13	180	5	87	45	180	3	29	15	2127	0	0.015623807907104492	42150	18.779963970184326	31357	25.606168446026103	
1898045689.9276078	180.0	3.74	50.46	26.1	12.618735923674398	843	13	180	5	87	45	180	3	29	15	2131	0	0.031248092651367188	42200	18.811212062835693	31395	25.60426540284361	
1791400050.4459805	180.0	3.72	49.88	25.8	12.618735923674398	844	13	180	5	87	45	180	3	29	15	2132	0	0.015623807907104492	42250	18.826835870742798	31440	25.585798816568044	
166445.51550006485	180.0	3.6	46.4	24.0	12.618735923674398	845	13	180	5	87	45	180	3	29	15	2133	0	0.03124713897705078	42300	18.85808300971985	31482	25.57446808510639	
1611003507.677765	180.0	3.6	46.4	24.0	12.618735923674398	846	13	180	5	87	45	180	3	29	15	2134	0	0.015624761581420898	42350	18.87370777130127	31519	25.57497048406138	
186114392634484.44	180.0	3.7	49.3	25.5	12.618735923674398	847	13	180	5	87	45	180	3	29	15	2135	0	0.03124856948852539	42400	18.904956340789795	31557	25.573113207547166	
22091408895.39511	180.0	3.7	49.3	25.5	12.618735923674398	848	13	180	5	87	45	180	3	29	15	2136	0	0.015623807907104492	42450	18.9205801486969	31603	25.552414605418136	
2.8853807388004682e+25	180.0	3.68	48.72	25.2	12.618735923674398	849	13	180	5	87	45	180	3	29	15	2139	0	0.03124833106994629	42500	18.951828479766846	31642	25.548235294117646	
11903057104.011023	180.0	3.7	49.3	25.5	12.618735923674398	850	13	180	5	87	45	180	3	29	15	2143	0	0.015623331069946289	42550	18.967451810836792	31678	25.551116333725034	
1363.6461515658639	180.0	3.56	45.24	23.4	12.618735923674398	851	13	180	5	87	45	180	3	29	15	2143	0	0.015623807907104492	42600	18.983075618743896	31718	25.544600938967136	
9059148.670088004	180.0	3.46	42.34	21.9	12.618735923674398	852	13	180	4	58	30	180	3	29	15	2145	0	0.015624046325683594	42650	18.99869966506958	31757	25.540445486518166	
264748475019.72943	180.0	3.72	49.88	25.8	12.618735923674398	853	13	180	5	87	45	180	3	29	15	2149	0	0.03124690055847168	42700	19.02994656562805	31795	25.53864168618267	
1.5515345352934031e+22	180.0	3.78	51.62	26.7	12.618735923674398	854	13	180	5	87	45	180	3	29	15	2152	0	0.015625476837158203	42750	19.04557204246521	31837	25.527485380116957	
6.103220358435566e+27	180.0	3.78	51.62	26.7	12.618735923674398	855	13	180	5	87	45	180	3	29	15	2154	0	0.03124713897705078	42800	19.07681918144226	31881	25.511682242990645	
1.0957507912423833e+31	180.0	3.8	52.2	27.0	12.618735923674398	856	13	180	5	87	45	180	3	29	15	2157	0	0.015623331069946289	42850	19.092442512512207	31922	25.5029171528588	
9544331428703.633	180.0	3.98	57.42	29.7	12.618735923674398	857	13	180	5	87	45	180	3	29	15	2162	0	0.031249523162841797	42900	19.12369203567505	31963	25.49417249417249	
1559096381.9038885	180.0	3.96	56.84	29.4	12.618735923674398	858	13	180	5	87	45	180	3	29	15	2166	0	0.031247377395629883	42950	19.15493941307068	32005	25.483119906868453	
1898010794.223763	180.0	4.04	59.16	30.6	12.618735923674398	859	13	180	5	87	45	180	3	29	15	2168	0	0.01562356948852539	43000	19.170562982559204	32050	25.46511627906976	
426981458.6258848	180.0	3.98	57.42	29.7	12.618735923674398	860	13	180	5	87	45	180	3	29	15	2172	0	0.015624046325683594	43050	19.186187028884888	32092	25.4541231126597	
983886806.8617278	180.0	3.92	55.68	28.8	12.618735923674398	861	13	180	5	87	45	180	3	29	15	2176	0	0.01562356948852539	43100	19.201810598373413	32135	25.440835266821352	
4766039619798.736	180.0	3.96	56.84	29.4	12.618735923674398	862	13	180	5	87	45	180	3	29	15	2180	0	0.015623807907104492	43150	19.217434406280518	32177	25.429895712630355	
1190112347.1704988	180.0	3.96	56.84	29.4	12.618735923674398	863	13	180	5	87	45	180	3	29	15	2181	0	0.01562356948852539	43200	19.233057975769043	32219	25.41898148148148	
326600994.1039111	180.0	3.88	54.52	28.2	12.618735923674398	864	13	180	5	87	45	180	3	29	15	2183	0	0.0312502384185791	43250	19.264308214187622	32261	25.408092485549133	
462304791.2738863	180.0	3.98	57.42	29.7	12.618735923674398	865	13	180	5	87	45	180	3	29	15	2188	0	0.015622854232788086	43300	19.27993106842041	32304	25.39491916859123	
248433566.15854904	180.0	3.96	56.84	29.4	12.618735923674398	866	13	180	6	116	60	180	3	29	15	2188	0	0.031246423721313477	43350	19.311177492141724	32350	25.37485582468281	
5.629012303439797e+27	180.0	3.94	56.26	29.1	12.618735923674398	867	13	180	5	87	45	180	3	29	15	2191	0	0.01562356948852539	43400	19.32680106163025	32393	25.361751152073737	
515465996.4024463	180.0	4.06	59.74	30.9	12.618735923674398	868	13	180	5	87	45	180	3	29	15	2194	0	0.03124856948852539	43450	19.358049631118774	32434	25.353279631760643	
152366029.35201252	180.0	4.06	59.74	30.9	12.618735923674398	869	13	180	5	87	45	180	3	29	15	2196	0	0.031247377395629883	43500	19.389297008514404	32477	25.340229885057468	
3.6583191489406616e+19	180.0	4.1	60.9	31.5	12.618735923674398	870	13	180	5	87	45	180	3	29	15	2200	0	0.031248092651367188	43550	19.42054510116577	32521	25.324913892078072	
1.4277602051245184e+37	180.0	3.9	55.1	28.5	12.618735923674398	871	13	180	5	87	45	180	3	29	15	2202	0	0.015623807907104492	43600	19.436168909072876	32566	25.30733944954129	
1774899045.6856592	180.0	3.78	51.62	26.7	12.618735923674398	872	13	180	5	87	45	180	3	29	15	2205	0	0.031247615814208984	43650	19.467416524887085	32608	25.296678121420385	
370081749.90383816	180.0	3.72	49.88	25.8	12.601971566836141	873	13	180	5	87	45	180	3	29	15	2209	0	0.031248807907104492	43700	19.49866533279419	32644	25.299771167048064	
1.6128185639035296e+39	180.0	3.88	54.52	28.2	12.601971566836141	874	13	180	5	87	45	180	3	29	15	2211	0	0.015622854232788086	43750	19.514288187026978	32688	25.28457142857144	
2.5722854928913684e+16	180.0	3.9	55.1	28.5	12.601971566836141	875	13	180	5	87	45	180	3	29	15	2212	0	0.03124833106994629	43800	19.545536518096924	32729	25.276255707762544	
4.4247682564096015e+41	180.0	3.92	55.68	28.8	12.601971566836141	876	13	180	5	87	45	180	3	29	15	2218	0	0.031247854232788086	43850	19.576784372329712	32768	25.272519954389963	
3.2264921781834304e+17	180.0	3.84	53.36	27.6	12.601971566836141	877	13	180	5	87	45	180	3	29	15	2220	0	0.015623331069946289	43900	19.592407703399658	32808	25.26651480637814	
364682.8940251292	180.0	3.84	53.36	27.6	12.601971566836141	878	13	180	5	87	45	180	3	29	15	2223	0	0.031248092651367188	43950	19.623655796051025	32847	25.262798634812285	
2052367.4506020797	180.0	3.74	50.46	26.1	12.601971566836141	879	13	180	4	58	30	180	3	29	15	2226	0	0.015624046325683594	44000	19.63927984237671	32893	25.24318181818181	
1.4109247189393154e+32	180.0	3.7	49.3	25.5	12.601971566836141	880	13	180	5	87	45	180	3	29	15	2229	0	0.031248092651367188	44050	19.670527935028076	32932	25.239500567536894	
39101715.46361173	180.0	3.92	55.68	28.8	12.601971566836141	881	13	180	5	87	45	180	3	29	15	2236	0	0.031248807907104492	44100	19.70177674293518	32970	25.23809523809524	
440432.9887617758	180.0	3.88	54.52	28.2	12.601971566836141	882	13	180	5	87	45	180	3	29	15	2243	0	0.015623092651367188	44150	19.717399835586548	33008	25.236693091732732	
233324822.84133488	180.0	3.8	52.2	27.0	12.601971566836141	883	13	180	5	87	45	180	3	29	15	2248	0	0.031248092651367188	44200	19.748647928237915	33048	25.23076923076924	
236337250232061.1	180.0	3.82	52.78	27.3	12.601971566836141	884	13	180	5	87	45	180	3	29	15	2255	0	0.015624046325683594	44250	19.7642719745636	33085	25.2316384180791	
5.159160815007062e+17	180.0	3.68	48.72	25.2	12.601971566836141	885	13	180	5	87	45	180	3	29	15	2259	0	0.031247377395629883	44300	19.79551935195923	33126	25.22347629796839	
3.675000001968212e+19	180.0	3.66	48.14	24.9	12.601971566836141	886	13	180	5	87	45	180	3	29	15	2262	0	0.01562356948852539	44350	19.811142921447754	33164	25.222096956031564	
13586618401.149775	180.0	3.38	40.02	20.7	12.601971566836141	887	13	180	4	58	30	180	3	29	15	2267	0	0.031247854232788086	44400	19.842390775680542	33197	25.231981981981974	
1831828445902.7102	180.0	3.46	42.34	21.9	12.601971566836141	888	13	180	4	58	30	180	3	29	15	2271	0	0.015624523162841797	44450	19.858015298843384	33231	25.239595050618675	
1.479875152100652e+37	180.0	3.44	41.76	21.6	12.601971566836141	889	13	180	4	58	30	180	3	29	15	2277	0	0.015623331069946289	44500	19.87363862991333	33267	25.242696629213484	
1887796387.4156375	180.0	3.52	44.08	22.8	12.601971566836141	890	13	180	4	58	30	180	3	29	15	2279	0	0.015624046325683594	44550	19.889262676239014	33307	25.2368125701459	
319359.69329659693	180.0	3.62	46.98	24.3	12.601971566836141	891	13	180	5	87	45	180	3	29	15	2285	0	0.031248092651367188	44600	19.92051076889038	33340	25.246636771300444	
3062981.196263269	180.0	3.62	46.98	24.3	12.601971566836141	892	13	180	5	87	45	180	3	29	15	2291	0	0.015625	44650	19.93613576889038	33378	25.245240761478158	
211131516.66268542	180.0	3.46	42.34	21.9	12.601971566836141	893	13	180	4	58	30	180	3	29	15	2294	0	0.015623092651367188	44700	19.951758861541748	33416	25.24384787472036	
10561753863071.223	180.0	3.54	44.66	23.1	12.601971566836141	894	13	180	5	87	45	180	3	29	15	2299	0	0.015623807907104492	44750	19.967382669448853	33449	25.253631284916196	
159591006.91027632	180.0	3.52	44.08	22.8	12.601971566836141	895	13	180	5	87	45	180	3	29	15	2301	0	0.031247377395629883	44800	19.998630046844482	33483	25.261160714285708	
23741.98660831581	180.0	3.66	48.14	24.9	12.601971566836141	896	13	180	6	116	60	180	3	29	15	2302	0	0.015624284744262695	44850	20.014254331588745	33523	25.255295429208473	
64859026.19947475	180.0	3.58	45.82	23.7	12.601971566836141	897	13	180	5	87	45	180	3	29	15	2305	0	0.031247615814208984	44900	20.045501947402954	33563	25.24944320712696	
500132453865520.6	180.0	3.42	41.18	21.3	12.601971566836141	898	13	180	5	87	45	180	3	29	15	2306	0	0.015624046325683594	44950	20.061125993728638	33605	25.23915461624027	
155193.12924558454	180.0	3.52	44.08	22.8	12.601971566836141	899	13	180	5	87	45	180	3	29	15	2308	0	0.031247854232788086	45000	20.092373847961426	33642	25.239999999999995	
76616259.3330208	180.0	3.72	49.88	25.8	12.601971566836141	900	13	180	5	87	45	180	3	29	15	2312	0	0.015624046325683594	45050	20.10799789428711	33679	25.24084350721421	
9.269583532540437e+16	180.0	3.74	50.46	26.1	12.601971566836141	901	13	180	5	87	45	180	3	29	15	2317	0	0.031247854232788086	45100	20.139245748519897	33720	25.232815964523283	
3061847932255.9653	180.0	3.7	49.3	25.5	12.601971566836141	902	13	180	5	87	45	180	3	29	15	2320	0	0.015624046325683594	45150	20.15486979484558	33760	25.227021040974535	
223301599589784.75	180.0	3.58	45.82	23.7	12.601971566836141	903	13	180	5	87	45	180	3	29	15	2323	0	0.031247854232788086	45200	20.18611764907837	33795	25.232300884955748	
1.4666666676053334e+29	180.0	3.52	44.08	22.8	12.601971566836141	904	13	180	5	87	45	180	3	29	15	2326	0	0.015623807907104492	45250	20.201741456985474	33833	25.23093922651934	
2408681.6458699256	180.0	3.54	44.66	23.1	12.601971566836141	905	13	180	5	87	45	180	3	29	15	2330	0	0.015623807907104492	45300	20.217365264892578	33872	25.22737306843267	
287.7331058519298	180.0	3.6	46.4	24.0	12.601971566836141	906	13	180	4	58	30	180	3	29	15	2340	0	0.03124833106994629	45350	20.248613595962524	33903	25.241455347298796	
816338.7575860952	180.0	3.66	48.14	24.9	12.601971566836141	907	13	180	5	87	45	180	3	29	15	2350	0	0.015623092651367188	45400	20.26423668861389	33938	25.246696035242294	
1678070079.2839777	180.0	3.52	44.08	22.8	12.601971566836141	908	13	180	5	87	45	180	3	29	15	2355	0	0.015624284744262695	45450	20.279860973358154	33972	25.254125412541256	
4033104578.8221865	180.0	3.52	44.08	22.8	12.601971566836141	909	13	180	5	87	45	180	3	29	15	2360	0	0.031248092651367188	45500	20.31110906600952	34008	25.257142857142853	
3947796939.0877867	180.0	3.5	43.5	22.5	12.601971566836141	910	13	180	5	87	45	180	3	29	15	2365	0	0.015624046325683594	45550	20.326733112335205	34047	25.253567508232706	
3615247039338.435	180.0	3.4	40.6	21.0	12.601971566836141	911	13	180	5	87	45	180	3	29	15	2367	0	0.015624284744262695	45600	20.342357397079468	34084	25.254385964912288	
1.8391519393872192e+21	180.0	3.64	47.56	24.6	12.601971566836141	912	13	180	5	87	45	180	3	29	15	2370	0	0.031247377395629883	45650	20.373604774475098	34119	25.25958378970428	
4606868914.370491	180.0	3.66	48.14	24.9	12.601971566836141	913	13	180	5	87	45	180	3	29	15	2373	0	0.031247615814208984	45700	20.404852390289307	34160	25.251641137855586	
1427664740.4981792	180.0	3.78	51.62	26.7	12.601971566836141	914	13	180	5	87	45	180	3	29	15	2375	0	0.015624523162841797	45750	20.42047691345215	34203	25.239344262295077	
1.356318025290136e+17	180.0	3.98	57.42	29.7	12.601971566836141	915	13	180	5	87	45	180	3	29	15	2379	0	0.031247615814208984	45800	20.451724529266357	34247	25.224890829694317	
43223674.95856934	180.0	3.84	53.36	27.6	12.601971566836141	916	13	180	5	87	45	180	3	29	15	2387	0	0.031247854232788086	45850	20.482972383499146	34283	25.2279171210469	
544207298.0160363	180.0	3.84	53.36	27.6	12.601971566836141	917	13	180	5	87	45	180	3	29	15	2393	0	0.015624284744262695	45900	20.498596668243408	34324	25.22004357298475	
704439772.3506514	180.0	3.6	46.4	24.0	12.601971566836141	918	13	180	4	58	30	180	3	29	15	2396	0	0.031247377395629883	45950	20.529844045639038	34361	25.22089227421111	
207222973167.0491	180.0	3.72	49.88	25.8	12.601971566836141	919	13	180	5	87	45	180	3	29	15	2399	0	0.015624046325683594	46000	20.54546809196472	34402	25.21304347826087	
759639574.9901577	180.0	3.84	53.36	27.6	12.601971566836141	920	13	180	5	87	45	180	3	29	15	2404	0	0.031248092651367188	46050	20.57671618461609	34445	25.20086862106406	
1297710753456649.0	180.0	3.68	48.72	25.2	12.601971566836141	921	13	180	5	87	45	180	3	29	15	2407	0	0.03124713897705078	46100	20.60796332359314	34488	25.1887201735358	
2.8331779891932303e+18	180.0	3.7	49.3	25.5	12.601971566836141	922	13	180	5	87	45	180	3	29	15	2412	0	0.015625715255737305	46150	20.623589038848877	34523	25.193932827735637	
1397209.500583749	180.0	3.66	48.14	24.9	12.601971566836141	923	13	180	5	87	45	180	3	29	15	2412	0	0.015622377395629883	46200	20.639211416244507	34563	25.1883116883117	
2716302493.0863094	180.0	3.46	42.34	21.9	12.601971566836141	924	13	180	5	87	45	180	3	29	15	2413	0	0.031247615814208984	46250	20.670459032058716	34602	25.184864864864863	
269953.0147982795	180.0	3.5	43.5	22.5	12.601971566836141	925	13	180	4	58	30	180	3	29	15	2420	0	0.015624284744262695	46300	20.68608331680298	34635	25.194384449244055	
1.2750000027372204e+18	180.0	3.42	41.18	21.3	12.601971566836141	926	13	180	4	58	30	180	3	29	15	2422	0	0.015624046325683594	46350	20.701707363128662	34672	25.19525350593311	
1003891528.9296852	180.0	3.48	42.92	22.2	12.601971566836141	927	13	180	4	58	30	180	3	29	15	2425	0	0.031247615814208984	46400	20.73295497894287	34710	25.19396551724138	
192348017491.6835	180.0	3.6	46.4	24.0	12.601971566836141	928	13	180	5	87	45	180	3	29	15	2430	0	0.015624284744262695	46450	20.748579263687134	34748	25.19268030139935	
2.3926805094068383e+18	180.0	3.84	53.36	27.6	12.601971566836141	929	13	180	5	87	45	180	3	29	15	2438	0	0.031247615814208984	46500	20.779826879501343	34784	25.195698924731175	
14291690788135.658	180.0	3.86	53.94	27.9	12.601971566836141	930	13	180	5	87	45	180	3	29	15	2441	0	0.031247615814208984	46550	20.81107449531555	34826	25.185821697099897	
20880069.28366024	180.0	3.76	51.04	26.4	12.601971566836141	931	13	180	5	87	45	180	3	29	15	2443	0	0.015624523162841797	46600	20.826699018478394	34869	25.173819742489272	
1.5692644410860575e+24	180.0	3.68	48.72	25.2	12.601971566836141	932	13	180	5	87	45	180	3	29	15	2448	0	0.031247615814208984	46650	20.857946634292603	34904	25.17899249732048	
184794777.2011588	180.0	3.88	54.52	28.2	12.601971566836141	933	13	180	6	116	60	180	3	29	15	2451	0	0.015624046325683594	46700	20.873570680618286	34945	25.171306209850115	
792100158992298.6	180.0	3.74	50.46	26.1	12.601971566836141	934	13	180	5	87	45	180	3	29	15	2456	0	0.03124856948852539	46750	20.90481925010681	34983	25.17005347593583	
50662.14171922946	180.0	3.88	54.52	28.2	12.601971566836141	935	13	180	5	87	45	180	3	29	15	2456	0	0.03124690055847168	46800	20.936066150665283	35026	25.15811965811966	
5016661031.5105	180.0	3.7	49.3	25.5	12.601971566836141	936	13	180	5	87	45	180	3	29	15	2460	0	0.015623807907104492	46850	20.951689958572388	35066	25.152614727854854	
3708523346794483.5	180.0	3.74	50.46	26.1	12.601971566836141	937	13	180	5	87	45	180	3	29	15	2465	0	0.031247854232788086	46900	20.982937812805176	35101	25.15778251599147	
1269294761.715502	180.0	3.94	56.26	29.1	12.601971566836141	938	13	180	5	87	45	180	3	29	15	2472	0	0.015624284744262695	46950	20.99856209754944	35140	25.154419595314153	
8.414608695652254e+24	180.0	3.96	56.84	29.4	12.601971566836141	939	13	180	5	87	45	180	3	29	15	2477	0	0.031247854232788086	47000	21.029809951782227	35184	25.140425531914886	
2.4826775510204305e+25	180.0	4.02	58.58	30.3	12.601971566836141	940	13	180	5	87	45	180	3	29	15	2479	0	0.03124856948852539	47050	21.061058521270752	35229	25.12433581296493	
3.5538750529854144e+17	180.0	3.96	56.84	29.4	12.601971566836141	941	13	180	5	87	45	180	3	29	15	2482	0	0.015622615814208984	47100	21.07668113708496	35272	25.112526539278136	
172601783.54786435	180.0	4.0	58.0	30.0	12.601971566836141	942	13	180	5	87	45	180	3	29	15	2487	0	0.03124856948852539	47150	21.107929706573486	35314	25.102863202545066	
610684542194.4863	180.0	3.98	57.42	29.7	12.601971566836141	943	13	180	5	87	45	180	3	29	15	2489	0	0.03124713897705078	47200	21.139176845550537	35358	25.08898305084746	
43198595824.36292	180.0	4.0	58.0	30.0	12.601971566836141	944	13	180	5	87	45	180	3	29	15	2491	0	0.015624523162841797	47250	21.15480136871338	35401	25.077248677248676	
4321804442.267772	180.0	4.04	59.16	30.6	12.601971566836141	945	13	180	5	87	45	180	3	29	15	2494	0	0.015625	47300	21.17042636871338	35442	25.069767441860463	
1263987661.9986043	180.0	3.98	57.42	29.7	12.601971566836141	946	13	180	5	87	45	180	3	29	15	2494	0	0.031246662139892578	47350	21.20167303085327	35483	25.0623020063358	
140241109.7984931	180.0	3.92	55.68	28.8	12.601971566836141	947	13	180	5	87	45	180	3	29	15	2500	0	0.015624046325683594	47400	21.217297077178955	35523	25.05696202531645	
9.607218655927723e+30	180.0	3.96	56.84	29.4	12.59973903971414	948	13	180	5	87	45	180	3	29	15	2502	0	0.015624046325683594	47450	21.23292112350464	35565	25.04741833508956	
1257288676.6667268	180.0	3.84	53.36	27.6	12.59973903971414	949	13	180	4	58	30	180	3	29	15	2503	0	0.031247377395629883	47500	21.26416850090027	35609	25.033684210526317	
106929062.66759676	180.0	3.74	50.46	26.1	12.59973903971414	950	13	180	4	58	30	180	3	29	15	2508	0	0.015624046325683594	47550	21.279792547225952	35649	25.02839116719244	
2.0017538265316972e+31	180.0	3.84	53.36	27.6	12.59973903971414	951	13	180	5	87	45	180	3	29	15	2510	0	0.015624523162841797	47600	21.295417070388794	35697	25.006302521008408	
1986592128.556709	180.0	4.0	58.0	30.0	12.59973903971414	952	13	180	6	116	60	180	3	29	15	2515	0	0.015623331069946289	47650	21.31104040145874	35740	24.994753410283323	
5419961051.535352	180.0	3.94	56.26	29.1	12.59973903971414	953	13	180	5	87	45	180	3	29	15	2522	0	0.03124856948852539	47700	21.342288970947266	35779	24.9916142557652	
3587742288.679082	180.0	3.96	56.84	29.4	12.59973903971414	954	13	180	5	87	45	180	3	29	15	2527	0	0.01562356948852539	47750	21.35791254043579	35815	24.994764397905755	
1.7685407674180478e+27	180.0	3.94	56.26	29.1	12.59973903971414	955	13	180	5	87	45	180	3	29	15	2530	0	0.031247615814208984	47800	21.38916015625	35860	24.979079497907946	
2301815182.104472	180.0	4.02	58.58	30.3	12.59973903971414	956	13	180	5	87	45	180	3	29	15	2535	0	0.015624284744262695	47850	21.404784440994263	35904	24.965517241379303	
4.214378768947684e+26	180.0	3.98	57.42	29.7	12.59973903971414	957	13	180	5	87	45	180	3	29	15	2537	0	0.03124856948852539	47900	21.436033010482788	35948	24.95198329853862	
184453433895593.75	180.0	4.02	58.58	30.3	12.59973903971414	958	13	180	5	87	45	180	3	29	15	2540	0	0.015622615814208984	47950	21.451655626296997	35993	24.936392075078203	
665596045.4267309	180.0	3.92	55.68	28.8	12.59973903971414	959	13	180	4	58	30	180	3	29	15	2544	0	0.031248092651367188	48000	21.482903718948364	36034	24.929166666666674	
8304760553179.267	180.0	3.92	55.68	28.8	12.59973903971414	960	13	180	5	87	45	180	3	29	15	2546	0	0.015624284744262695	48050	21.498528003692627	36080	24.91155046826222	
1.881201237247387e+21	180.0	3.92	55.68	28.8	12.59973903971414	961	13	180	5	87	45	180	3	29	15	2548	0	0.01562356948852539	48100	21.514151573181152	36125	24.896049896049902	
1172214.2029512222	180.0	3.9	55.1	28.5	12.59973903971414	962	13	180	5	87	45	180	3	29	15	2549	0	0.015624046325683594	48150	21.529775619506836	36170	24.880581516095532	
182079438.4045516	180.0	3.94	56.26	29.1	12.59973903971414	963	13	180	5	87	45	180	3	29	15	2550	0	0.031249046325683594	48200	21.56102466583252	36213	24.86929460580913	
2343449572.8977876	180.0	3.92	55.68	28.8	12.59973903971414	964	13	180	5	87	45	180	3	29	15	2553	0	0.03124690055847168	48250	21.59227156639099	36257	24.855958549222805	
2613910.0730484687	180.0	4.06	59.74	30.9	12.59973903971414	965	13	180	5	87	45	180	3	29	15	2554	0	0.015624761581420898	48300	21.607896327972412	36300	24.84472049689441	
2925112896.185665	180.0	3.98	57.42	29.7	12.59973903971414	966	13	180	5	87	45	180	3	29	15	2557	0	0.03124713897705078	48350	21.639143466949463	36346	24.827300930713548	
354536868.79896724	180.0	3.98	57.42	29.7	12.59973903971414	967	13	180	5	87	45	180	3	29	15	2562	0	0.031249046325683594	48400	21.670392513275146	36386	24.82231404958678	
295256769.6386991	180.0	3.94	56.26	29.1	12.59973903971414	968	13	180	6	116	60	180	3	29	15	2568	0	0.031246185302734375	48450	21.70163869857788	36427	24.81527347781217	
302161772513383.7	180.0	3.88	54.52	28.2	12.59973903971414	969	13	180	4	58	30	180	3	29	15	2570	0	0.015624046325683594	48500	21.717262744903564	36471	24.802061855670104	
1601620265.237498	180.0	3.94	56.26	29.1	12.59973903971414	970	13	180	5	87	45	180	3	29	15	2572	0	0.03124833106994629	48550	21.74851107597351	36512	24.795056642636453	
1.5071481064317842e+24	180.0	3.98	57.42	29.7	12.59973903971414	971	13	180	5	87	45	180	3	29	15	2576	0	0.015624046325683594	48600	21.764135122299194	36552	24.790123456790127	
1692876654180.919	180.0	3.88	54.52	28.2	12.59973903971414	972	13	180	4	58	30	180	3	29	15	2577	0	0.031247377395629883	48650	21.795382499694824	36596	24.77697841726618	
1766869303.3850899	180.0	3.84	53.36	27.6	12.59973903971414	973	13	180	5	87	45	180	3	29	15	2579	0	0.015625	48700	21.811007499694824	36638	24.767967145790564	
74699032583.61668	180.0	3.88	54.52	28.2	12.59973903971414	974	13	180	5	87	45	180	3	29	15	2581	0	0.031246662139892578	48750	21.842254161834717	36682	24.75487179487179	
8.463938025936467e+16	180.0	3.88	54.52	28.2	12.59973903971414	975	13	180	5	87	45	180	3	29	15	2583	0	0.015624284744262695	48800	21.85787844657898	36725	24.743852459016395	
813515.8387475723	180.0	3.92	55.68	28.8	12.59973903971414	976	13	180	5	87	45	180	3	29	15	2588	0	0.031247377395629883	48850	21.88912582397461	36767	24.734902763561934	
68716404.83916156	180.0	3.98	57.42	29.7	12.59973903971414	977	13	180	5	87	45	180	3	29	15	2592	0	0.015624046325683594	48900	21.904749870300293	36811	24.721881390593055	
383011520.7015934	180.0	3.8	52.2	27.0	12.59973903971414	978	13	180	5	87	45	180	3	29	15	2593	0	0.015624046325683594	48950	21.920373916625977	36853	24.712972420837588	
9827283063.515192	180.0	3.76	51.04	26.4	12.59973903971414	979	13	180	5	87	45	180	3	29	15	2594	0	0.031247854232788086	49000	21.951621770858765	36893	24.708163265306126	
1673075.8050989935	180.0	3.52	44.08	22.8	12.59973903971414	980	13	180	4	58	30	180	3	29	15	2596	0	0.015624046325683594	49050	21.96724581718445	36930	24.709480122324152	
108013216149.72728	180.0	3.58	45.82	23.7	12.59973903971414	981	13	180	5	87	45	180	3	29	15	2597	0	0.015624046325683594	49100	21.982869863510132	36971	24.70264765784114	
202372.70152655567	180.0	3.44	41.76	21.6	12.59973903971414	982	13	180	5	87	45	180	3	29	15	2597	0	0.015623807907104492	49150	21.998493671417236	37007	24.706002034587996	
1.7561985634447165e+17	180.0	3.58	45.82	23.7	12.59973903971414	983	13	180	5	87	45	180	3	29	15	2597	0	0.031247854232788086	49200	22.029741525650024	37049	24.697154471544707	
2784.408893943048	180.0	3.54	44.66	23.1	12.59973903971414	984	13	180	5	87	45	180	3	29	15	2599	0	0.015624046325683594	49250	22.045365571975708	37089	24.692385786802035	
5732929.092114621	180.0	3.4	40.6	21.0	12.59973903971414	985	13	180	4	58	30	180	3	29	15	2601	0	0.03124713897705078	49300	22.07661271095276	37125	24.69574036511156	
1838387.6894583534	180.0	3.36	39.44	20.4	12.59973903971414	986	13	180	5	87	45	180	3	29	15	2601	0	0.015624284744262695	49350	22.09223699569702	37164	24.693009118541028	
37532454.68070097	180.0	3.4	40.6	21.0	12.59973903971414	987	13	180	4	58	30	180	3	29	15	2601	0	0.015624523162841797	49400	22.107861518859863	37202	24.692307692307693	
281990163521244.75	180.0	3.5	43.5	22.5	12.59973903971414	988	13	180	5	87	45	180	3	29	15	2603	0	0.031247377395629883	49450	22.139108896255493	37237	24.69767441860465	
199899.10614304015	180.0	3.4	40.6	21.0	12.59973903971414	989	13	180	5	87	45	180	3	29	15	2604	0	0.015623807907104492	49500	22.154732704162598	37269	24.709090909090918	
52141884.89840748	180.0	3.22	35.38	18.3	12.59973903971414	990	13	180	4	58	30	180	3	29	15	2605	0	0.015623807907104492	49550	22.170356512069702	37306	24.710393541876897	
2083.5058818047073	180.0	3.36	39.44	20.4	12.59973903971414	991	13	180	5	87	45	180	3	29	15	2605	0	0.015624523162841797	49600	22.185981035232544	37339	24.719758064516128	
354.55158365225304	180.0	3.3	37.7	19.5	12.59973903971414	992	13	180	4	58	30	180	3	29	15	2606	0	0.01562356948852539	49650	22.20160460472107	37372	24.729103726082585	
376779.52243923495	180.0	3.34	38.86	20.1	12.59973903971414	993	13	180	5	87	45	180	3	29	15	2608	0	0.03124856948852539	49700	22.232853174209595	37411	24.726358148893354	
4.1984000027497976e+16	180.0	3.36	39.44	20.4	12.59973903971414	994	13	180	6	116	60	180	3	29	15	2609	0	0.015623807907104492	49750	22.2484769821167	37448	24.727638190954764	
24926087237.77161	180.0	3.34	38.86	20.1	12.59973903971414	995	13	180	5	87	45	180	3	29	15	2614	0	0.015623331069946289	49800	22.264100313186646	37482	24.734939759036152	
1444575.6296331643	180.0	3.18	34.22	17.7	12.59973903971414	996	13	180	5	87	45	180	3	29	15	2616	0	0.03125	49850	22.295350313186646	37517	24.74022066198596	
16011315.860645927	180.0	3.2	34.8	18.0	12.59973903971414	997	13	180	4	58	30	180	3	29	15	2616	0	0.0	49900	22.295350313186646	37556	24.73747494989979	
115981.3049937414	180.0	3.34	38.86	20.1	12.59973903971414	998	13	180	5	87	45	180	3	29	15	2616	0	0.015622377395629883	49950	22.310972690582275	37588	24.748748748748753	
1450760871.9371288	180.0	3.24	35.96	18.6	12.59973903971414	999	13	180	4	58	30	180	3	29	15	2619	0	0.015623807907104492	50000	22.32659649848938	37618	24.763999999999996	
16379552.36494678	180.0	3.18	34.22	17.7	12.59973903971414	1000	13	180	4	58	30	180	3	29	15	2620	0	0.01562356948852539	50050	22.342220067977905	37654	24.76723276723277	
