ave_fitness	ave_genome_length	ave_tree_depth	ave_tree_nodes	ave_used_codons	best_fitness	gen	invalids	max_genome_length	max_tree_depth	max_tree_nodes	max_used_codons	min_genome_length	min_tree_depth	min_tree_nodes	min_used_codons	runtime_error	time_adjust	time_taken	total_inds	total_time	unique_inds	unused_search	
3.236676296572266e+48	100.91	6.496	130.384	67.44	45.191651349772776	0	0	180	10	232	120	22	3	29	15	290	0	7.1088879108428955	500	7.1088879108428955	210	58.0	
5.592649669102686e+44	52.154	3.892670157068063	54.88743455497382	28.39005235602094	45.191651349772776	1	119	90	8.0	174.0	90.0	22	3.0	29.0	15.0	386	0	0.39059972763061523	1000	7.499487638473511	489	51.1	
1.050318957346311e+48	52.108	3.5377358490566038	44.594339622641506	23.066037735849058	33.4437382219726	2	195	90	8.0	174.0	90.0	22	3.0	29.0	15.0	433	0	0.2031099796295166	1500	7.702597618103027	836	44.266666666666666	
9.29501410512224e+47	55.206	3.4085106382978725	40.8468085106383	21.127659574468087	33.4437382219726	3	225	90	8.0	174.0	90.0	22	3.0	29.0	15.0	476	0	0.2031111717224121	2000	7.9057087898254395	1218	39.1	
6.475466275279776e+37	57.442	3.3298538622129437	38.56576200417537	19.947807933194156	33.4437382219726	4	246	90	8.0	174.0	90.0	22	3.0	29.0	15.0	510	0	0.2031106948852539	2500	8.108819484710693	1617	35.31999999999999	
8.89288038819654e+38	58.938	3.349075975359343	39.12320328542094	20.236139630390145	28.273099987870925	5	260	90	8.0	174.0	90.0	22	3.0	29.0	15.0	555	0	0.18748736381530762	3000	8.296306848526001	2021	32.63333333333334	
5.754096079971628e+38	59.03	3.2714285714285714	36.871428571428574	19.071428571428573	28.273099987870925	6	271	90	6.0	116.0	60.0	22	3.0	29.0	15.0	599	0	0.18748688697814941	3500	8.48379373550415	2426	30.685714285714283	
3.7128805390489893e+34	59.322	3.3026584867075663	37.77709611451943	19.539877300613497	27.47932046816151	7	283	90	8.0	174.0	90.0	22	3.0	29.0	15.0	640	0	0.10936856269836426	4000	8.593162298202515	2826	29.349999999999994	
1.9619707171858897e+36	58.568	3.2888888888888888	37.37777777777778	19.333333333333332	27.47932046816151	8	288	90	6.0	116.0	60.0	22	3.0	29.0	15.0	675	0	0.17186236381530762	4500	8.765024662017822	3239	28.022222222222226	
2.774561289978784e+36	59.302	3.263265306122449	36.63469387755102	18.948979591836736	27.47932046816151	9	298	90	7.0	145.0	75.0	22	3.0	29.0	15.0	718	0	0.18748688697814941	5000	8.952511548995972	3655	26.900000000000006	
5.126318391266323e+34	59.028	3.1967545638945234	34.705882352941174	17.95131845841785	27.47932046816151	10	305	90	6.0	116.0	60.0	22	3.0	29.0	15.0	747	0	0.18748736381530762	5500	9.13999891281128	4074	25.927272727272737	
1.6117900191164742e+35	58.748	3.17979797979798	34.214141414141416	17.696969696969695	27.47932046816151	11	310	90	8.0	174.0	90.0	22	3.0	29.0	15.0	790	0	0.17186379432678223	6000	9.311862707138062	4487	25.21666666666667	
1.629890781781359e+43	59.108	3.1686746987951806	33.89156626506024	17.53012048192771	27.47932046816151	12	313	90	8.0	174.0	90.0	22	3.0	29.0	15.0	819	0	0.17186284065246582	6500	9.483725547790527	4909	24.47692307692307	
2.299546147642264e+44	59.6	3.2464646464646463	36.147474747474746	18.696969696969695	27.47932046816151	13	318	90	8.0	174.0	90.0	22	3.0	29.0	15.0	858	0	0.15623927116394043	7000	9.639964818954468	5323	23.957142857142856	
1.9685504664128275e+44	64.74	3.286290322580645	37.30241935483871	19.294354838709676	27.437419631357706	14	322	90	7.0	145.0	75.0	22	3.0	29.0	15.0	893	0	0.17186474800109863	7500	9.811829566955566	5744	23.413333333333327	
2.518002603478278e+45	64.73	3.313131313131313	38.08080808080808	19.696969696969695	27.437419631357706	15	327	90	7.0	145.0	75.0	45	3.0	29.0	15.0	924	0	0.1718616485595703	8000	9.983691215515137	6170	22.875	
1.1666896502486387e+46	64.408	3.3186372745490984	38.24048096192385	19.779559118236474	27.437419631357706	16	328	90	7.0	145.0	75.0	45	3.0	29.0	15.0	954	0	0.18748927116394043	8500	10.171180486679077	6583	22.552941176470583	
9.407937798504273e+47	60.222	3.2730923694779115	36.91967871485944	19.096385542168676	27.437419631357706	17	330	90	7.0	145.0	75.0	45	3.0	29.0	15.0	976	0	0.1718614101409912	9000	10.343041896820068	7014	22.066666666666663	
3.201801272710401e+34	61.254	3.2323232323232323	35.73737373737374	18.484848484848484	27.437419631357706	18	335	90	7.0	145.0	75.0	45	3.0	29.0	15.0	997	0	0.17186260223388672	9500	10.514904499053955	7445	21.631578947368425	
3.331993163210971e+34	62.338	3.2575452716297786	36.46881287726358	18.86317907444668	27.437419631357706	19	338	90	7.0	145.0	75.0	45	3.0	29.0	15.0	1033	0	0.17186498641967773	10000	10.686769485473633	7871	21.289999999999992	
1.3260890961705e+38	64.612	3.2269076305220885	35.58032128514056	18.403614457831324	27.437419631357706	20	340	90	6.0	116.0	60.0	45	3.0	29.0	15.0	1062	0	0.17186212539672852	10500	10.858631610870361	8302	20.933333333333337	
1.244568543251584e+35	65.22	3.2650602409638556	36.68674698795181	18.97590361445783	27.437419631357706	21	342	90	7.0	145.0	75.0	45	3.0	29.0	15.0	1087	0	0.17186331748962402	11000	11.030494928359985	8737	20.572727272727278	
4.799022206376479e+44	65.688	3.2651821862348176	36.69028340080972	18.977732793522268	27.437419631357706	22	348	90	6.0	116.0	60.0	45	3.0	29.0	15.0	1107	0	0.17186307907104492	11500	11.20235800743103	9174	20.22608695652174	
1.0777585259334848e+41	65.632	3.2645290581162323	36.67134268537074	18.96793587174349	27.437419631357706	23	350	90	6.0	116.0	60.0	45	3.0	29.0	15.0	1135	0	0.17186450958251953	12000	11.37422251701355	9610	19.91666666666667	
8.133027356152856e+36	62.04	3.317269076305221	38.200803212851405	19.759036144578314	27.437419631357706	24	352	90	7.0	145.0	75.0	45	3.0	29.0	15.0	1159	0	0.17186188697814941	12500	11.5460844039917	10040	19.679999999999993	
2.4963580197192685e+37	62.092	3.325910931174089	38.45141700404859	19.888663967611336	27.437419631357706	25	358	90	6.0	116.0	60.0	45	3.0	29.0	15.0	1185	0	0.20311188697814941	13000	11.749196290969849	10471	19.453846153846158	
2.205360192632974e+30	62.518	3.2222222222222223	35.44444444444444	18.333333333333332	27.437419631357706	26	363	90	6.0	116.0	60.0	45	3.0	29.0	15.0	1217	0	0.1874864101409912	13500	11.93668270111084	10890	19.333333333333343	
1.3350962799835432e+42	62.208	3.2343434343434345	35.795959595959594	18.515151515151516	27.437419631357706	27	368	90	7.0	145.0	75.0	45	3.0	29.0	15.0	1255	0	0.14061617851257324	14000	12.077298879623413	11302	19.271428571428572	
9.232810552524579e+32	61.108	3.2666666666666666	36.733333333333334	19.0	27.358428905423136	28	373	90	6.0	116.0	60.0	45	3.0	29.0	15.0	1289	0	0.15623855590820312	14500	12.233537435531616	11725	19.13793103448276	
8.176332563209192e+36	60.37	3.342799188640974	38.94117647058823	20.141987829614603	24.366074592204104	29	380	90	6.0	116.0	60.0	45	3.0	29.0	15.0	1315	0	0.17186307907104492	15000	12.405400514602661	12142	19.053333333333327	
6.313362036896749e+34	61.002	3.329938900203666	38.568228105906314	19.94908350305499	24.366074592204104	30	389	90	6.0	116.0	60.0	45	3.0	29.0	15.0	1350	0	0.18748712539672852	15500	12.59288763999939	12569	18.909677419354836	
1.3366027512002533e+34	60.708	3.2937625754527162	37.519114688128774	19.406438631790746	24.366074592204104	31	393	90	7.0	145.0	75.0	45	3.0	29.0	15.0	1384	0	0.17186307907104492	16000	12.764750719070435	12983	18.856250000000003	
2.478562254363397e+41	60.122	3.282828282828283	37.2020202020202	19.242424242424242	24.366074592204104	32	398	90	6.0	116.0	60.0	45	3.0	29.0	15.0	1422	0	0.17186331748962402	16500	12.936614036560059	13408	18.73939393939395	
1.5647394841288947e+37	61.67	3.290060851926978	37.411764705882355	19.350912778904664	24.352390456061556	33	405	90	7.0	145.0	75.0	45	3.0	29.0	15.0	1455	0	0.1874866485595703	17000	13.124100685119629	13842	18.576470588235296	
8.442097445853507e+33	62.688	3.305835010060362	37.8692152917505	19.58752515090543	24.352390456061556	34	409	90	7.0	145.0	75.0	45	3.0	29.0	15.0	1475	0	0.15623974800109863	17500	13.280340433120728	14278	18.411428571428573	
4.661571947370077e+39	61.078	3.2439024390243905	36.073170731707314	18.658536585365855	24.352390456061556	35	417	90	7.0	145.0	75.0	45	3.0	29.0	15.0	1498	0	0.2031114101409912	18000	13.483451843261719	14693	18.37222222222222	
8.264313108228395e+36	63.418	3.2769857433808554	37.032586558044805	19.15478615071283	24.352390456061556	36	426	90	6.0	116.0	60.0	45	3.0	29.0	15.0	1527	0	0.17186427116394043	18500	13.65531611442566	15118	18.281081081081084	
8.190939336166491e+36	61.842	3.278557114228457	37.078156312625254	19.178356713426854	24.27218099793596	37	428	90	7.0	145.0	75.0	45	3.0	29.0	15.0	1557	0	0.2031116485595703	19000	13.85842776298523	15552	18.147368421052633	
2.8985844939303157e+30	62.698	3.255533199195171	36.41046277665996	18.832997987927566	24.27218099793596	38	431	90	7.0	145.0	75.0	45	3.0	29.0	15.0	1570	0	0.2031102180480957	19500	14.061537981033325	15990	18.0	
4.436360335814669e+37	62.878	3.2903225806451615	37.41935483870968	19.35483870967742	24.27218099793596	39	435	90	6.0	116.0	60.0	45	3.0	29.0	15.0	1601	0	0.2031106948852539	20000	14.264648675918579	16421	17.89500000000001	
1.2309621131464147e+37	64.076	3.285425101214575	37.27732793522267	19.281376518218625	24.27218099793596	40	442	90	7.0	145.0	75.0	45	3.0	29.0	15.0	1634	0	0.2031111717224121	20500	14.467759847640991	16835	17.878048780487816	
5.41992101809984e+44	66.118	3.3028455284552845	37.78252032520325	19.54268292682927	24.27218099793596	41	450	90	7.0	145.0	75.0	45	3.0	29.0	15.0	1663	0	0.15623950958251953	21000	14.62399935722351	17260	17.80952380952381	
3.6771698008303955e+27	66.56	3.292929292929293	37.494949494949495	19.393939393939394	24.27218099793596	42	455	90	6.0	116.0	60.0	45	3.0	29.0	15.0	1693	0	0.12499237060546875	21500	14.74899172782898	17675	17.79069767441861	
3.8582077698483034e+40	66.328	3.27364185110664	36.93561368209256	19.1046277665996	24.27218099793596	43	458	90	7.0	145.0	75.0	45	3.0	29.0	15.0	1721	0	0.17186188697814941	22000	14.920853614807129	18109	17.686363636363637	
3.2544032233938033e+40	64.386	3.3273092369477912	38.49196787148595	19.90963855421687	24.27218099793596	44	460	90	7.0	145.0	75.0	45	3.0	29.0	15.0	1756	0	0.14061522483825684	22500	15.061468839645386	18535	17.62222222222222	
2.470805436938545e+40	63.314	3.2721774193548385	36.89314516129032	19.08266129032258	24.27218099793596	45	464	90	7.0	145.0	75.0	45	3.0	29.0	15.0	1783	0	0.14061546325683594	23000	15.202084302902222	18965	17.543478260869563	
7.862814154219172e+38	60.624	3.23943661971831	35.943661971830984	18.591549295774648	24.132243711300536	46	467	90	6.0	116.0	60.0	45	3.0	29.0	15.0	1814	0	0.18748807907104492	23500	15.389572381973267	19385	17.510638297872333	
2.3881853448314425e+38	60.132	3.27364185110664	36.93561368209256	19.1046277665996	24.132243711300536	47	470	90	6.0	116.0	60.0	45	3.0	29.0	15.0	1831	0	0.17186236381530762	24000	15.561434745788574	19822	17.40833333333333	
8.218452873585842e+42	59.698	3.2941176470588234	37.529411764705884	19.41176470588235	24.132243711300536	48	478	90	6.0	116.0	60.0	45	3.0	29.0	15.0	1868	0	0.18748807907104492	24500	15.74892282485962	20234	17.412244897959184	
6.3028264184119185e+38	57.344	3.2721774193548385	36.89314516129032	19.08266129032258	24.132243711300536	49	483	90	6.0	116.0	60.0	45	3.0	29.0	15.0	1899	0	0.1874861717224121	25000	15.936408996582031	20654	17.384	
3.221979374308846e+39	60.132	3.319919517102616	38.27766599597585	19.798792756539235	23.054497724613427	50	486	90	7.0	145.0	75.0	45	3.0	29.0	15.0	1932	0	0.15623927116394043	25500	16.09264826774597	21084	17.317647058823525	
1.7613476113445267e+39	60.444	3.2778904665314403	37.05882352941177	19.168356997971603	23.054497724613427	51	494	90	6.0	116.0	60.0	45	3.0	29.0	15.0	1957	0	0.14061522483825684	26000	16.23326349258423	21513	17.25769230769231	
1.0260137163081538e+41	60.98	3.3224489795918366	38.351020408163265	19.836734693877553	23.054497724613427	52	504	90	6.0	116.0	60.0	45	3.0	29.0	15.0	1988	0	0.15624237060546875	26500	16.389505863189697	21927	17.256603773584914	
9.199903746148618e+38	61.01	3.3	37.7	19.5	23.054497724613427	53	515	90	6.0	116.0	60.0	45	3.0	29.0	15.0	2020	0	0.14061212539672852	27000	16.530117988586426	22339	17.26296296296296	
1.505440982879688e+39	61.54	3.314401622718053	38.11764705882353	19.71602434077079	23.054497724613427	54	522	90	6.0	116.0	60.0	45	3.0	29.0	15.0	2038	0	0.18748807907104492	27500	16.71760606765747	22789	17.130909090909086	
1.0738442545626679e+47	61.182	3.327935222672065	38.51012145748988	19.91902834008097	23.054497724613427	55	528	90	6.0	116.0	60.0	45	3.0	29.0	15.0	2070	0	0.2187356948852539	28000	16.936341762542725	23213	17.09642857142856	
4.800909601004902e+45	63.162	3.3012295081967213	37.73565573770492	19.51844262295082	23.054497724613427	56	540	90	6.0	116.0	60.0	45	3.0	29.0	15.0	2103	0	0.15623807907104492	28500	17.09257984161377	23628	17.094736842105263	
3.426551576265148e+40	65.432	3.2778904665314403	37.05882352941177	19.168356997971603	23.054497724613427	57	548	90	6.0	116.0	60.0	45	3.0	29.0	15.0	2129	0	0.18748736381530762	29000	17.280067205429077	24063	17.024137931034474	
1.0527523518821542e+30	66.522	3.265593561368209	36.70221327967807	18.983903420523138	19.08821622862814	58	551	90	7.0	145.0	75.0	45	3.0	29.0	15.0	2162	0	0.15623903274536133	29500	17.43630623817444	24487	16.99322033898305	
1.652024603160633e+47	66.84	3.2718052738336714	36.88235294117647	19.07707910750507	19.08821622862814	59	558	90	6.0	116.0	60.0	45	3.0	29.0	15.0	2190	0	0.14061546325683594	30000	17.576921701431274	24907	16.97666666666666	
1.0254670655320468e+38	65.856	3.282258064516129	37.185483870967744	19.233870967741936	19.08821622862814	60	562	90	6.0	116.0	60.0	45	3.0	29.0	15.0	2215	0	0.17186331748962402	30500	17.7487850189209	25338	16.924590163934425	
4.127091917710574e+40	68.736	3.323293172690763	38.37550200803213	19.849397590361445	19.08821622862814	61	564	90	6.0	116.0	60.0	45	3.0	29.0	15.0	2242	0	0.2031114101409912	31000	17.95189642906189	25761	16.900000000000006	
1.3600279200034645e+34	67.84	3.360488798370672	39.45417515274949	20.40733197556008	19.08821622862814	62	573	90	6.0	116.0	60.0	45	3.0	29.0	15.0	2275	0	0.17186355590820312	31500	18.123759984970093	26193	16.847619047619048	
5.434940549303239e+22	68.418	3.3515151515151516	39.193939393939395	20.272727272727273	19.08821622862814	63	578	90	7.0	145.0	75.0	45	3.0	29.0	15.0	2323	0	0.2031102180480957	32000	18.32687020301819	26600	16.875	
2.2861323307203214e+45	66.354	3.3569979716024343	39.35294117647059	20.35496957403651	19.08821622862814	64	585	90	7.0	145.0	75.0	45	3.0	29.0	15.0	2356	0	0.15623950958251953	32500	18.483109712600708	27027	16.840000000000003	
1.1760438477201927e+40	67.428	3.3340040241448694	38.686116700201204	20.01006036217304	19.08821622862814	65	588	90	6.0	116.0	60.0	45	3.0	29.0	15.0	2394	0	0.18748712539672852	33000	18.670596837997437	27443	16.839393939393943	
1.4861995877584291e+47	67.654	3.41046277665996	40.903420523138834	21.156941649899398	19.08821622862814	66	591	90	6.0	116.0	60.0	45	3.0	29.0	15.0	2435	0	0.17186427116394043	33500	18.842461109161377	27864	16.823880597014934	
1.44720938321915e+42	68.206	3.4212678936605316	41.21676891615542	21.319018404907975	19.08821622862814	67	603	90	6.0	116.0	60.0	45	3.0	29.0	15.0	2456	0	0.1874861717224121	34000	19.02994728088379	28293	16.785294117647055	
1.2152995868747622e+44	68.568	3.3785425101214575	39.977732793522264	20.678137651821864	19.08821622862814	68	609	90	6.0	116.0	60.0	45	3.0	29.0	15.0	2490	0	0.17186355590820312	34500	19.201810836791992	28720	16.753623188405797	
5.445580980150047e+36	69.696	3.3955375253549698	40.470588235294116	20.933062880324545	19.037324763719273	69	616	90	6.0	116.0	60.0	45	3.0	29.0	15.0	2526	0	0.17186427116394043	35000	19.373675107955933	29147	16.722857142857137	
1.7645959299473244e+30	70.502	3.368951612903226	39.69959677419355	20.534274193548388	19.037324763719273	70	620	90	6.0	116.0	60.0	45	3.0	29.0	15.0	2562	0	0.2031097412109375	35500	19.57678484916687	29562	16.72676056338028	
1.7063106507844572e+36	72.126	3.382591093117409	40.09514170040486	20.738866396761132	19.037324763719273	71	626	90	6.0	116.0	60.0	45	3.0	29.0	15.0	2595	0	0.18748760223388672	36000	19.764272451400757	29980	16.72222222222223	
1.522638007560931e+36	71.81	3.33739837398374	38.78455284552845	20.0609756097561	19.037324763719273	72	634	90	6.0	116.0	60.0	45	3.0	29.0	15.0	2634	0	0.2031106948852539	36500	19.96738314628601	30397	16.72054794520548	
1.425576671119437e+39	73.748	3.3252525252525253	38.432323232323235	19.87878787878788	19.037324763719273	73	639	90	6.0	116.0	60.0	45	3.0	29.0	15.0	2669	0	0.17186355590820312	37000	20.139246702194214	30812	16.72432432432433	
9.60323092672945e+35	74.97	3.292929292929293	37.494949494949495	19.393939393939394	19.037324763719273	74	644	90	6.0	116.0	60.0	45	3.0	29.0	15.0	2697	0	0.17186284065246582	37500	20.31110954284668	31245	16.679999999999993	
1.2375427957695472e+30	74.97	3.28714859437751	37.32730923694779	19.30722891566265	19.037324763719273	75	646	90	6.0	116.0	60.0	45	3.0	29.0	15.0	2725	0	0.14061594009399414	38000	20.451725482940674	31679	16.634210526315783	
2.240749467138635e+36	75.51	3.3008130081300813	37.72357723577236	19.51219512195122	19.037324763719273	76	654	90	6.0	116.0	60.0	45	3.0	29.0	15.0	2757	0	0.15623927116394043	38500	20.607964754104614	32096	16.633766233766238	
4.0993165138622575e+35	76.77	3.3502024291497974	39.15587044534413	20.253036437246962	19.037324763719273	77	660	90	6.0	116.0	60.0	45	3.0	29.0	15.0	2793	0	0.17186284065246582	39000	20.77982759475708	32519	16.61794871794872	
1.3594596069697784e+29	77.76	3.399193548387097	40.57661290322581	20.987903225806452	19.037324763719273	78	664	90	6.0	116.0	60.0	45	3.0	29.0	15.0	2827	0	0.20311236381530762	39500	20.982939958572388	32941	16.605063291139246	
2.0539665150268537e+40	77.22	3.356	39.324	20.34	19.037324763719273	79	664	90	6	116	60	45	3	29	15	2860	0	0.1874864101409912	40000	21.17042636871338	33371	16.572500000000005	
4.1042180924939847e+27	77.31	3.4228456913827654	41.2625250501002	21.34268537074148	19.037324763719273	80	665	90	6.0	116.0	60.0	45	3.0	29.0	15.0	2886	0	0.17186403274536133	40500	21.34229040145874	33808	16.52345679012346	
1.0309372668216202e+35	80.64	3.4556451612903225	42.21370967741935	21.83467741935484	19.037324763719273	81	669	90	6.0	116.0	60.0	45	3.0	29.0	15.0	2920	0	0.1874864101409912	41000	21.52977681159973	34234	16.50243902439024	
3.356061900563059e+38	78.84	3.4789579158316633	42.88977955911824	22.18436873747495	14.742637965206747	82	670	90	6.0	116.0	60.0	45	3.0	29.0	15.0	2952	0	0.17186355590820312	41500	21.701640367507935	34665	16.46987951807229	
4.623947695413217e+37	77.04	3.4254032258064515	41.336693548387096	21.381048387096776	14.742637965206747	83	675	90	6.0	116.0	60.0	45	3.0	29.0	15.0	2983	0	0.17186260223388672	42000	21.87350296974182	35090	16.45238095238095	
3.3227217494881136e+33	78.21	3.4213709677419355	41.21975806451613	21.320564516129032	14.742637965206747	84	679	90	6.0	116.0	60.0	45	3.0	29.0	15.0	3017	0	0.2343611717224121	42500	22.107864141464233	35511	16.444705882352935	
1.491297202548441e+35	79.2	3.4949290060851927	43.35294117647059	22.42393509127789	14.742637965206747	85	686	90	6.0	116.0	60.0	45	3.0	29.0	15.0	3048	0	0.1718606948852539	43000	22.279724836349487	35946	16.4046511627907	
1.285836179316554e+38	75.42	3.4612244897959186	42.375510204081635	21.918367346938776	14.742637965206747	86	696	90	6.0	116.0	60.0	45	3.0	29.0	15.0	3080	0	0.20311331748962402	43500	22.48283815383911	36371	16.38850574712643	
3.821351190487574e+35	76.14	3.4048582995951415	40.74089068825911	21.072874493927124	14.742637965206747	87	702	90	6.0	116.0	60.0	45	3.0	29.0	15.0	3109	0	0.1874852180480957	44000	22.670323371887207	36800	16.363636363636374	
9.267576533555474e+32	75.42	3.397979797979798	40.541414141414144	20.96969696969697	14.742637965206747	88	707	90	6.0	116.0	60.0	45	3.0	29.0	15.0	3137	0	0.2187347412109375	44500	22.889058113098145	37233	16.33033707865168	
9.856059749778827e+39	75.06	3.405241935483871	40.752016129032256	21.078629032258064	14.742637965206747	89	711	90	6.0	116.0	60.0	45	3.0	29.0	15.0	3167	0	0.2031114101409912	45000	23.092169523239136	37667	16.295555555555552	
8.884696964064895e+37	74.61	3.407258064516129	40.810483870967744	21.108870967741936	14.742637965206747	90	716	90	6.0	116.0	60.0	45	3.0	29.0	15.0	3196	0	0.15623927116394043	45500	23.248408794403076	38094	16.276923076923083	
1.489283495855328e+28	72.45	3.47165991902834	42.678137651821864	22.074898785425102	14.742637965206747	91	723	90	6.0	116.0	60.0	45	3.0	29.0	15.0	3226	0	0.203110933303833	46000	23.45151972770691	38521	16.258695652173913	
7.566952608024366e+38	71.46	3.4527162977867203	42.12877263581489	21.790744466800806	14.742637965206747	92	726	90	6.0	116.0	60.0	45	3.0	29.0	15.0	3258	0	0.17186474800109863	46500	23.623384475708008	38964	16.206451612903223	
4.262538325216956e+37	71.73	3.348178137651822	39.097165991902834	20.222672064777328	14.742637965206747	93	732	90	6.0	116.0	60.0	45	3.0	29.0	15.0	3289	0	0.187485933303833	47000	23.81087040901184	39382	16.208510638297867	
2.6580512540978313e+38	72.18	3.3951612903225805	40.45967741935484	20.927419354838708	14.742637965206747	94	736	90	6.0	116.0	60.0	45	3.0	29.0	15.0	3313	0	0.18748712539672852	47500	23.99835753440857	39809	16.191578947368427	
3.894927385937596e+38	71.46	3.460285132382892	42.348268839103866	21.90427698574338	14.742637965206747	95	745	90	6.0	116.0	60.0	45	3.0	29.0	15.0	3345	0	0.2031116485595703	48000	24.20146918296814	40230	16.1875	
3.7300763479402695e+38	73.08	3.478787878787879	42.88484848484848	22.181818181818183	14.742637965206747	96	750	90	6.0	116.0	60.0	45	3.0	29.0	15.0	3373	0	0.2031106948852539	48500	24.404579877853394	40667	16.15051546391753	
3.9287979472254376e+35	72.18	3.4484848484848483	42.00606060606061	21.727272727272727	14.742637965206747	97	755	90	6.0	116.0	60.0	45	3.0	29.0	15.0	3399	0	0.203110933303833	49000	24.607690811157227	41099	16.124489795918365	
2.948857073162871e+45	76.05	3.467479674796748	42.55691056910569	22.01219512195122	14.742637965206747	98	763	90	6.0	116.0	60.0	45	3.0	29.0	15.0	3431	0	0.18748712539672852	49500	24.795177936553955	41528	16.1050505050505	
9.681812303838959e+39	75.06	3.4455645161290325	41.921370967741936	21.683467741935484	14.742637965206747	99	767	90	6.0	116.0	60.0	45	3.0	29.0	15.0	3461	0	0.20311188697814941	50000	24.998289823532104	41962	16.076000000000008	
7.421543644378311e+28	75.15	3.4198782961460448	41.1764705882353	21.29817444219067	14.742637965206747	100	774	90	6.0	116.0	60.0	45	3.0	29.0	15.0	3487	0	0.2031104564666748	50500	25.20140027999878	42397	16.045544554455446	
3.3145776064920313e+40	76.5	3.436105476673428	41.64705882352941	21.54158215010142	14.742637965206747	101	781	90	6.0	116.0	60.0	45	3.0	29.0	15.0	3528	0	0.20311188697814941	51000	25.40451216697693	42812	16.05490196078432	
3.9364242461710957e+43	76.77	3.3737373737373737	39.83838383838384	20.606060606060606	14.742637965206747	102	786	90	6.0	116.0	60.0	45	3.0	29.0	15.0	3560	0	0.2031104564666748	51500	25.607622623443604	43248	16.02330097087379	
2.0252609338292936e+35	75.87	3.4198782961460448	41.1764705882353	21.29817444219067	14.742637965206747	103	794	90	6.0	116.0	60.0	45	3.0	29.0	15.0	3590	0	0.20311260223388672	52000	25.81073522567749	43683	15.994230769230768	
1.43845951364997e+40	76.23	3.483805668016194	43.030364372469634	22.257085020242915	14.742637965206747	104	800	90	6.0	116.0	60.0	45	3.0	29.0	15.0	3616	0	0.1874866485595703	52500	25.99822187423706	44113	15.975238095238097	
1.7266191195059164e+39	75.87	3.4807302231237323	42.94117647058823	22.210953346855984	14.742637965206747	105	807	90	6.0	116.0	60.0	45	3.0	29.0	15.0	3651	0	0.2031106948852539	53000	26.201332569122314	44532	15.977358490566047	
1.2613810236396638e+47	77.76	3.4826883910386965	42.9979633401222	22.24032586558045	14.742637965206747	106	816	90	6.0	116.0	60.0	45	3.0	29.0	15.0	3683	0	0.17186236381530762	53500	26.373194932937622	44954	15.97383177570093	
2.313629580439661e+38	78.93	3.423694779116466	41.28714859437751	21.35542168674699	14.720356021572439	107	818	90	6.0	116.0	60.0	45	3.0	29.0	15.0	3713	0	0.18748736381530762	54000	26.56068229675293	45387	15.950000000000003	
3.586039163174363e+18	81.63	3.4225352112676055	41.25352112676056	21.338028169014084	14.720356021572439	108	821	90	6.0	116.0	60.0	45	3.0	29.0	15.0	3741	0	0.17186307907104492	54500	26.732545375823975	45819	15.928440366972467	
4.919775616994789e+38	83.25	3.4466800804828974	41.95372233400403	21.70020120724346	14.720356021572439	109	824	90	6.0	116.0	60.0	45	3.0	29.0	15.0	3780	0	0.18748712539672852	55000	26.920032501220703	46241	15.925454545454542	
7.831024020198535e+35	84.87	3.444	41.876	21.66	14.720356021572439	110	824	90	6	116	60	45	3	29	15	3813	0	0.21873736381530762	55500	27.13876986503601	46676	15.899099099099104	
9.887605205636657e+40	85.14	3.391566265060241	40.355421686746986	20.873493975903614	14.720356021572439	111	827	90	6.0	116.0	60.0	45	3.0	29.0	15.0	3843	0	0.2031087875366211	56000	27.341878652572632	47109	15.876785714285717	
2.7760728647734636e+39	84.15	3.3891129032258065	40.284274193548384	20.836693548387096	14.720356021572439	112	831	90	6.0	116.0	60.0	45	3.0	29.0	15.0	3864	0	0.15623974800109863	56500	27.49811840057373	47538	15.861946902654864	
1.192936936994812e+30	85.14	3.388	40.252	20.82	14.720356021572439	113	831	90	6	116	60	45	3	29	15	3893	0	0.18748688697814941	57000	27.68560528755188	47979	15.826315789473682	
2.0147397757634347e+36	85.23	3.368	39.672	20.52	14.639878083906297	114	831	90	6	116	60	45	3	29	15	3939	0	0.2187349796295166	57500	27.904340267181396	48401	15.824347826086964	
7.703465088090796e+35	84.6	3.469758064516129	42.622983870967744	22.046370967741936	14.639878083906297	115	835	90	6.0	116.0	60.0	45	3.0	29.0	15.0	3971	0	0.14061522483825684	58000	28.044955492019653	48817	15.83275862068966	
5.638376185435223e+28	84.42	3.4759036144578315	42.80120481927711	22.13855421686747	14.365580022197832	116	837	90	6.0	116.0	60.0	45	3.0	29.0	15.0	4011	0	0.15623998641967773	58500	28.20119547843933	49246	15.818803418803412	
5.82077253353721e+35	86.04	3.4839357429718874	43.03413654618474	22.259036144578314	14.365580022197832	117	839	90	6.0	116.0	60.0	45	3.0	29.0	15.0	4048	0	0.1874864101409912	59000	28.388681888580322	49665	15.822033898305094	
8.889433371380299e+30	86.94	3.4849699398797593	43.06412825651302	22.274549098196392	14.334578498874633	118	841	90	6.0	116.0	60.0	45	3.0	29.0	15.0	4087	0	0.17186450958251953	59500	28.560546398162842	50093	15.81008403361345	
1.085651123077873e+37	88.11	3.5	43.5	22.5	14.334578498874633	119	841	90	6	116	60	45	3	29	15	4117	0	0.15624046325683594	60000	28.716786861419678	50531	15.781666666666666	
5.9405108264403895e+32	88.11	3.432	41.528	21.48	14.334578498874633	120	841	90	6	116	60	45	3	29	15	4145	0	0.1718614101409912	60500	28.88864827156067	50961	15.766942148760336	
4.3394206543762535e+40	88.11	3.434869739478958	41.611222444889776	21.52304609218437	14.334578498874633	121	842	90	6.0	116.0	60.0	45	3.0	29.0	15.0	4185	0	0.17186307907104492	61000	29.060511350631714	51381	15.768852459016387	
6.088050181962943e+37	87.66	3.51	43.79	22.65	14.334578498874633	122	842	90	6	116	60	45	3	29	15	4231	0	0.17186284065246582	61500	29.23237419128418	51796	15.778861788617888	
5.684253813850807e+31	87.03	3.476	42.804	22.14	14.334578498874633	123	842	90	6	116	60	45	3	29	15	4269	0	0.2031111717224121	62000	29.435485363006592	52221	15.772580645161298	
7.919267501666256e+39	87.66	3.4569138276553106	42.25050100200401	21.85370741482966	14.334578484636188	124	843	90	6.0	116.0	60.0	45	3.0	29.0	15.0	4299	0	0.18748736381530762	62500	29.6229727268219	52657	15.748800000000003	
1.6738802202135016e+36	88.38	3.44	41.76	21.6	14.334578484636188	125	843	90	6	116	60	45	3	29	15	4329	0	0.18748784065246582	63000	29.810460567474365	53083	15.74126984126984	
6.469348458395691e+29	88.56	3.4859437751004014	43.092369477911646	22.289156626506024	14.334578484636188	126	845	90	6.0	116.0	60.0	45	3.0	29.0	15.0	4362	0	0.2187345027923584	63500	30.029195070266724	53504	15.741732283464572	
3.566723864709377e+35	88.2	3.54	44.66	23.1	13.34739099777674	127	845	90	6	116	60	45	3	29	15	4402	0	0.15623974800109863	64000	30.185434818267822	53928	15.737500000000011	
6.3220116685597e+35	89.64	3.531062124248497	44.40080160320641	22.965931863727455	13.34739099777674	128	846	90	6.0	116.0	60.0	45	3.0	29.0	15.0	4445	0	0.218735933303833	64500	30.404170751571655	54353	15.731782945736441	
1.827892679998162e+39	89.28	3.408	40.832	21.12	13.34739099777674	129	846	90	6	116	60	45	3	29	15	4477	0	0.17186236381530762	65000	30.576033115386963	54789	15.709230769230771	
2.45451135573354e+39	89.55	3.468	42.572	22.02	13.34739099777674	130	846	90	6	116	60	45	3	29	15	4516	0	0.17186284065246582	65500	30.74789595603943	55217	15.699236641221376	
1.4197943937131708e+35	89.55	3.496993987975952	43.412825651302605	22.45490981963928	13.34739099777674	131	847	90	6.0	116.0	60.0	45	3.0	29.0	15.0	4549	0	0.203110933303833	66000	30.95100688934326	55654	15.675757575757572	
5.485788922440156e+38	88.92	3.4809619238476954	42.947895791583164	22.21442885771543	13.34739099777674	132	848	90	6.0	116.0	60.0	45	3.0	29.0	15.0	4581	0	0.20311236381530762	66500	31.15411925315857	56084	15.663157894736841	
5.3318200318880816e+38	89.37	3.436	41.644	21.54	13.34739099777674	133	848	90	6	116	60	45	3	29	15	4615	0	0.187485933303833	67000	31.341605186462402	56522	15.63880597014925	
2.0624966160002979e+43	88.47	3.352	39.208	20.28	13.34739099777674	134	848	90	6	116	60	45	3	29	15	4646	0	0.2031111717224121	67500	31.544716358184814	56955	15.62222222222222	
2.062509942404553e+45	89.19	3.376	39.904	20.64	13.34739099777674	135	848	90	6	116	60	45	3	29	15	4677	0	0.18748807907104492	68000	31.73220443725586	57390	15.60294117647058	
1.4517202954720483e+37	89.28	3.444889779559118	41.901803607214426	21.673346693386772	13.34739099777674	136	849	90	6.0	116.0	60.0	45	3.0	29.0	15.0	4706	0	0.15623831748962402	68500	31.888442754745483	57826	15.582481751824815	
3.713288808998415e+36	89.64	3.4609218436873745	42.366733466933866	21.91382765531062	13.34739099777674	137	850	90	6.0	116.0	60.0	45	3.0	29.0	15.0	4739	0	0.18748736381530762	69000	32.07593011856079	58248	15.582608695652183	
2.3961379885767747e+36	89.19	3.498	43.442	22.47	13.34739099777674	138	850	90	6	116	60	45	3	29	15	4764	0	0.17186284065246582	69500	32.24779295921326	58680	15.568345323741	
4.6471014696453604e+38	88.92	3.498997995991984	43.47094188376754	22.48496993987976	13.34739099777674	139	851	90	6.0	116.0	60.0	45	3.0	29.0	15.0	4795	0	0.18748688697814941	70000	32.435279846191406	59110	15.557142857142864	
2.945490084154355e+29	89.1	3.482897384305835	43.00402414486921	22.243460764587525	13.34739099777674	140	854	90	6.0	116.0	60.0	45	3.0	29.0	15.0	4824	0	0.2031116485595703	70500	32.63839149475098	59543	15.54184397163121	
2.1520315963451655e+29	89.73	3.43	41.47	21.45	13.34739099777674	141	854	90	6	116	60	45	3	29	15	4860	0	0.14061570167541504	71000	32.77900719642639	59967	15.539436619718302	
5.022445494009334e+32	89.91	3.446	41.934	21.69	13.34739099777674	142	854	90	6	116	60	45	3	29	15	4886	0	0.17186403274536133	71500	32.95087122917175	60412	15.50769230769231	
2.076206799044897e+34	90.0	3.462	42.398	21.93	13.34739099777674	143	854	90	6	116	60	90	3	29	15	4919	0	0.2031106948852539	72000	33.15398192405701	60836	15.505555555555546	
1.7686914064679292e+36	90.0	3.4509018036072145	42.07615230460922	21.763527054108216	13.34739099777674	144	855	90	6.0	116.0	60.0	90	3.0	29.0	15.0	4949	0	0.1874864101409912	72500	33.341468334198	61257	15.507586206896548	
2.045377793394822e+38	90.0	3.432	41.528	21.48	13.34739099777674	145	855	90	6	116	60	90	3	29	15	4988	0	0.17186331748962402	73000	33.51333165168762	61675	15.513698630136986	
2.197613104551488e+39	90.0	3.458	42.282	21.87	13.34739099777674	146	855	90	6	116	60	90	3	29	15	5022	0	0.2187347412109375	73500	33.73206639289856	62095	15.517006802721085	
4.573648544091415e+29	90.0	3.464	42.456	21.96	13.34739099777674	147	855	90	6	116	60	90	3	29	15	5055	0	0.18748712539672852	74000	33.91955351829529	62529	15.50135135135136	
3.243733935662712e+28	90.0	3.498	43.442	22.47	13.34739099777674	148	855	90	6	116	60	90	3	29	15	5087	0	0.15623950958251953	74500	34.07579302787781	62960	15.489932885906043	
2.3237835903721602e+35	90.0	3.529058116232465	44.342685370741485	22.935871743486974	13.34739099777674	149	856	90	6.0	116.0	60.0	90	3.0	29.0	15.0	5127	0	0.18748760223388672	75000	34.263280630111694	63377	15.49733333333333	
1.073059197333313e+29	90.0	3.508	43.732	22.62	13.34739099777674	150	856	90	6	116	60	90	3	29	15	5166	0	0.1874864101409912	75500	34.450767040252686	63812	15.480794701986753	
2.791002894036634e+32	90.0	3.44689378757515	41.95991983967936	21.703406813627254	13.221939620846797	151	857	90	6.0	116.0	60.0	90	3.0	29.0	15.0	5204	0	0.20311236381530762	76000	34.65387940406799	64242	15.471052631578956	
2.70326608881331e+36	90.0	3.470941883767535	42.657314629258515	22.064128256513026	13.221939620846797	152	858	90	6.0	116.0	60.0	90	3.0	29.0	15.0	5242	0	0.17186260223388672	76500	34.82574200630188	64669	15.465359477124181	
6.431600110774301e+39	90.0	3.496	43.384	22.44	13.221939620846797	153	858	90	6	116	60	90	3	29	15	5282	0	0.18748688697814941	77000	35.01322889328003	65088	15.470129870129867	
3.721601305420029e+36	90.0	3.428	41.412	21.42	13.221939620846797	154	858	90	6	116	60	90	3	29	15	5323	0	0.18748688697814941	77500	35.20071578025818	65516	15.463225806451604	
7.407273538478795e+35	90.0	3.386	40.194	20.79	13.185908370918096	155	858	90	6	116	60	90	3	29	15	5357	0	0.18748807907104492	78000	35.388203859329224	65943	15.457692307692312	
5.937235528964384e+38	90.0	3.448	41.992	21.72	13.185908370918096	156	858	90	6	116	60	90	3	29	15	5396	0	0.2187345027923584	78500	35.60693836212158	66377	15.443312101910834	
4.555131923095643e+43	90.0	3.416	41.064	21.24	13.185908370918096	157	858	90	6	116	60	90	3	29	15	5443	0	0.20311260223388672	79000	35.81005096435547	66794	15.450632911392404	
1.1469964428552176e+42	90.0	3.428	41.412	21.42	13.185908370918096	158	858	90	6	116	60	90	3	29	15	5479	0	0.1718616485595703	79500	35.98191261291504	67223	15.442767295597477	
5.8180582184112625e+38	90.0	3.432865731462926	41.55310621242485	21.492985971943888	13.185908370918096	159	859	90	6.0	116.0	60.0	90	3.0	29.0	15.0	5515	0	0.18748736381530762	80000	36.16939997673035	67653	15.433750000000003	
5.075862111604314e+33	90.0	3.412	40.948	21.18	13.185908370918096	160	859	90	6	116	60	90	3	29	15	5552	0	0.15623927116394043	80500	36.32563924789429	68082	15.42608695652173	
7.742549250939989e+33	90.0	3.48	42.92	22.2	13.185908370918096	161	859	90	6	116	60	90	3	29	15	5605	0	0.17186331748962402	81000	36.49750256538391	68491	15.443209876543207	
1.8087041197535687e+35	90.0	3.488	43.152	22.32	13.185908370918096	162	859	90	6	116	60	90	3	29	15	5654	0	0.17186403274536133	81500	36.66936659812927	68903	15.45644171779142	
6.485282838583325e+35	90.0	3.47	42.63	22.05	13.185908370918096	163	859	90	6	116	60	90	3	29	15	5692	0	0.18748784065246582	82000	36.85685443878174	69329	15.452439024390245	
3.702131431617783e+38	90.0	3.526	44.254	22.89	13.185908370918096	164	859	90	6	116	60	90	3	29	15	5738	0	0.2343583106994629	82500	37.0912127494812	69750	15.454545454545453	
7.54916518115049e+38	90.0	3.53	44.37	22.95	13.185908370918096	165	859	90	6	116	60	90	3	29	15	5787	0	0.1874866485595703	83000	37.27869939804077	70161	15.468674698795184	
1.5211275014944845e+45	90.0	3.458	42.282	21.87	13.185908370918096	166	859	90	6	116	60	90	3	29	15	5824	0	0.17186355590820312	83500	37.450562953948975	70594	15.456287425149696	
3.736099041863265e+33	90.0	3.458	42.282	21.87	13.185908370918096	167	859	90	6	116	60	90	3	29	15	5857	0	0.15623855590820312	84000	37.60680150985718	71032	15.438095238095244	
1.396628912336133e+31	90.0	3.4889779559118237	43.18036072144289	22.334669338677354	13.0012614798689	168	860	90	6.0	116.0	60.0	90	3.0	29.0	15.0	5893	0	0.18748712539672852	84500	37.794288635253906	71457	15.435502958579889	
2.165137963044899e+41	90.0	3.506	43.674	22.59	13.0012614798689	169	860	90	6	116	60	90	3	29	15	5921	0	0.2031114101409912	85000	37.9974000453949	71897	15.415294117647065	
5.580049104664382e+36	90.0	3.5170340681362724	43.9939879759519	22.75551102204409	13.0012614798689	170	861	90	6.0	116.0	60.0	90	3.0	29.0	15.0	5971	0	0.15623903274536133	85500	38.15363907814026	72310	15.42690058479532	
1.3054376949026589e+29	90.0	3.522	44.138	22.83	13.0012614798689	171	861	90	6	116	60	90	3	29	15	6004	0	0.2031111717224121	86000	38.35675024986267	72757	15.398837209302329	
8.57737474873103e+34	90.0	3.5461847389558234	44.83935742971887	23.19277108433735	13.0012614798689	172	863	90	6.0	116.0	60.0	90	3.0	29.0	15.0	6045	0	0.18748736381530762	86500	38.54423761367798	73179	15.400000000000006	
1.1363574574782305e+42	90.0	3.458917835671343	42.30861723446894	21.88376753507014	13.0012614798689	173	864	90	6.0	116.0	60.0	90	3.0	29.0	15.0	6089	0	0.2187349796295166	87000	38.762972593307495	73612	15.38850574712643	
3.374375641697343e+35	90.0	3.558	45.182	23.37	13.0012614798689	174	864	90	6	116	60	90	3	29	15	6133	0	0.18748855590820312	87500	38.9504611492157	74035	15.388571428571424	
5.354868588885111e+35	90.0	3.527054108216433	44.28456913827655	22.905811623246493	13.0012614798689	175	865	90	6.0	116.0	60.0	90	3.0	29.0	15.0	6170	0	0.2031099796295166	88000	39.153571128845215	74468	15.377272727272725	
2.761076825663734e+47	90.0	3.561122244488978	45.27254509018036	23.416833667334668	13.0012614798689	176	866	90	6.0	116.0	60.0	90	3.0	29.0	15.0	6203	0	0.18748855590820312	88500	39.34105968475342	74900	15.367231638418076	
2.767002181417775e+47	90.0	3.534	44.486	23.01	13.0012614798689	177	866	90	6	116	60	90	3	29	15	6238	0	0.2031111717224121	89000	39.54417085647583	75337	15.351685393258435	
7.126903989493117e+36	90.0	3.5811623246492985	45.85370741482966	23.717434869739478	13.0012614798689	178	867	90	6.0	116.0	60.0	90	3.0	29.0	15.0	6268	0	0.2031099796295166	89500	39.74728083610535	75775	15.335195530726253	
4.174003502518384e+38	90.0	3.588	46.052	23.82	13.0012614798689	179	867	90	6	116	60	90	3	29	15	6302	0	0.14061594009399414	90000	39.88789677619934	76214	15.317777777777778	
6.424768398749588e+39	90.0	3.596	46.284	23.94	13.0012614798689	180	867	90	6	116	60	90	3	29	15	6326	0	0.18748688697814941	90500	40.07538366317749	76677	15.274033149171274	
9.155890971887692e+39	90.0	3.61	46.69	24.15	13.0012614798689	181	867	90	6	116	60	90	3	29	15	6364	0	0.2187354564666748	91000	40.294119119644165	77119	15.253846153846155	
6.27849930719043e+43	90.0	3.576	45.704	23.64	13.0012614798689	182	867	90	6	116	60	90	3	29	15	6406	0	0.18748688697814941	91500	40.481606006622314	77556	15.239344262295091	
3.727153465920018e+38	90.0	3.648	47.792	24.72	13.0012614798689	183	867	90	6	116	60	90	3	29	15	6468	0	0.18748736381530762	92000	40.66909337043762	77969	15.251086956521746	
2.668368378503365e+40	90.0	3.4809619238476954	42.947895791583164	22.21442885771543	13.0012614798689	184	868	90	6.0	116.0	60.0	90	3.0	29.0	15.0	6501	0	0.29685473442077637	92500	40.9659481048584	78396	15.247567567567572	
1.4496652529399344e+29	90.0	3.565130260521042	45.388777555110224	23.47695390781563	13.0012614798689	185	869	90	6.0	116.0	60.0	90	3.0	29.0	15.0	6537	0	0.17186188697814941	93000	41.13780999183655	78830	15.236559139784944	
9.834809665453671e+38	90.0	3.56	45.24	23.4	13.0012614798689	186	869	90	6	116	60	90	3	29	15	6574	0	0.21873927116394043	93500	41.35654926300049	79273	15.216042780748666	
4.923276465913007e+45	90.0	3.522	44.138	22.83	13.0012614798689	187	869	90	6	116	60	90	3	29	15	6604	0	0.2031083106994629	94000	41.55965757369995	79713	15.198936170212761	
2.7667459855466725e+35	90.0	3.506	43.674	22.59	13.0012614798689	188	869	90	6	116	60	90	3	29	15	6647	0	0.2187337875366211	94500	41.77839136123657	80137	15.198941798941803	
7.921947589475372e+37	90.0	3.466	42.514	21.99	13.0012614798689	189	869	90	6	116	60	90	3	29	15	6684	0	0.2031114101409912	95000	41.98150277137756	80559	15.201052631578946	
3.625972149146099e+34	90.0	3.512	43.848	22.68	13.0012614798689	190	870	90	6	116	60	90	3	29	15	6714	0	0.17186379432678223	95500	42.153366565704346	80998	15.185340314136127	
2.254938239750856e+40	90.0	3.468937875751503	42.59919839679359	22.034068136272545	13.0012614798689	191	871	90	6.0	116.0	60.0	90	3.0	29.0	15.0	6745	0	0.20311307907104492	96000	42.35647964477539	81430	15.177083333333329	
2.603287338072197e+36	90.0	3.4208416833667337	41.20440881763527	21.312625250501004	13.0012614798689	192	872	90	6.0	116.0	60.0	90	3.0	29.0	15.0	6778	0	0.1562366485595703	96500	42.51271629333496	81863	15.167875647668396	
1.07314419252609e+38	90.0	3.408	40.832	21.12	13.0012614798689	193	872	90	6	116	60	90	3	29	15	6819	0	0.21445012092590332	97000	42.727166414260864	82291	15.1639175257732	
1.6312070950478853e+35	90.0	3.431726907630522	41.52008032128514	21.47590361445783	13.0012614798689	194	874	90	6.0	116.0	60.0	90	3.0	29.0	15.0	6859	0	0.2031090259552002	97500	42.930275440216064	82719	15.159999999999997	
2.7841376774756973e+32	90.0	3.476	42.804	22.14	13.0012614798689	195	874	90	6	116	60	90	3	29	15	6886	0	0.18748879432678223	98000	43.11776423454285	83148	15.155102040816331	
3.983125880518781e+43	90.0	3.436	41.644	21.54	13.0012614798689	196	874	90	6	116	60	90	3	29	15	6915	0	0.18748688697814941	98500	43.305251121520996	83575	15.152284263959388	
6.736630845253079e+42	90.0	3.533066132264529	44.45891783567134	22.995991983967937	13.0012614798689	197	875	90	6.0	116.0	60.0	90	3.0	29.0	15.0	6964	0	0.17186284065246582	99000	43.47711396217346	83994	15.157575757575756	
8.39940800874285e+41	90.0	3.554	45.066	23.31	13.0012614798689	198	875	90	6	116	60	90	3	29	15	6991	0	0.2187347412109375	99500	43.6958487033844	84439	15.136683417085422	
1.2807977035861936e+42	90.0	3.512	43.848	22.68	13.0012614798689	199	875	90	6	116	60	90	3	29	15	7027	0	0.18748688697814941	100000	43.88333559036255	84873	15.126999999999995	
2.9964010583071714e+36	90.0	3.4248496993987976	41.32064128256513	21.372745490981963	13.0012614798689	200	876	90	6.0	116.0	60.0	90	3.0	29.0	15.0	7058	0	0.14061856269836426	100500	44.02395415306091	85305	15.119402985074629	
9.924136654573646e+42	90.0	3.442	41.818	21.63	13.00126131305569	201	876	90	6	116	60	90	3	29	15	7088	0	0.1718604564666748	101000	44.19581460952759	85739	15.109900990099007	
6.493832923237016e+32	90.0	3.49	43.21	22.35	13.00126131305569	202	876	90	6	116	60	90	3	29	15	7126	0	0.18748760223388672	101500	44.383302211761475	86170	15.103448275862064	
1.9757066617543419e+31	90.0	3.402	40.658	21.03	13.00126131305569	203	876	90	6	116	60	90	3	29	15	7161	0	0.15623998641967773	102000	44.53954219818115	86602	15.096078431372547	
1.2272329503511914e+41	90.0	3.39	40.31	20.85	13.00126131305569	204	876	90	6	116	60	90	3	29	15	7187	0	0.1874866485595703	102500	44.72702884674072	87044	15.079024390243902	
1.4165257190158382e+31	90.0	3.462	42.398	21.93	13.00126131305569	205	876	90	6	116	60	90	3	29	15	7217	0	0.1874866485595703	103000	44.91451549530029	87477	15.070873786407773	
4.056791755165131e+39	90.0	3.432	41.528	21.48	13.00126131305569	206	876	90	6	116	60	90	3	29	15	7252	0	0.2187352180480957	103500	45.13325071334839	87905	15.067632850241537	
2.655061787469289e+36	90.0	3.4	40.6	21.0	13.00126131305569	207	876	90	6	116	60	90	3	29	15	7292	0	0.2187347412109375	104000	45.351985454559326	88333	15.064423076923077	
1.0448670771771057e+41	90.0	3.408	40.832	21.12	13.00126131305569	208	876	90	6	116	60	90	3	29	15	7321	0	0.17186331748962402	104500	45.52384877204895	88767	15.055502392344494	
5.477994462235242e+36	90.0	3.36	39.44	20.4	13.00126131305569	209	876	90	6	116	60	90	3	29	15	7355	0	0.17186403274536133	105000	45.69571280479431	89200	15.047619047619037	
7.139322984681378e+32	90.0	3.332	38.628	19.98	13.00126131305569	210	876	90	6	116	60	90	3	29	15	7383	0	0.15623784065246582	105500	45.85195064544678	89633	15.039810426540285	
7.338346194171472e+38	90.0	3.362	39.498	20.43	13.00126131305569	211	876	90	6	116	60	90	3	29	15	7411	0	0.18748760223388672	106000	46.039438247680664	90052	15.045283018867934	
4.0564039160268413e+42	90.0	3.422	41.238	21.33	13.00126131305569	212	876	90	6	116	60	90	3	29	15	7448	0	0.2031114101409912	106500	46.242549657821655	90483	15.039436619718302	
2.5880273215937728e+39	90.0	3.4889779559118237	43.18036072144289	22.334669338677354	13.00126131305569	213	877	90	6.0	116.0	60.0	90	3.0	29.0	15.0	7496	0	0.17186427116394043	107000	46.414413928985596	90895	15.05140186915888	
1.3068176854180027e+38	90.0	3.48	42.92	22.2	13.00126131305569	214	877	90	6	116	60	90	3	29	15	7535	0	0.2031102180480957	107500	46.61752414703369	91318	15.053023255813955	
4.306034892815368e+36	90.0	3.448	41.992	21.72	13.00126131305569	215	877	90	6	116	60	90	3	29	15	7557	0	0.17186379432678223	108000	46.789387941360474	91764	15.033333333333331	
9.667533103862994e+43	90.0	3.46	42.34	21.9	13.00126131305569	216	877	90	6	116	60	90	3	29	15	7590	0	0.2187354564666748	108500	47.00812339782715	92206	15.01751152073733	
1.3790671573805143e+40	90.0	3.41	40.89	21.15	13.00126131305569	217	877	90	6	116	60	90	3	29	15	7622	0	0.15623903274536133	109000	47.16436243057251	92634	15.014678899082568	
1.789601114839272e+38	90.0	3.402	40.658	21.03	13.00126131305569	218	877	90	6	116	60	90	3	29	15	7645	0	0.2031095027923584	109500	47.36747193336487	93075	15.0	
1.055152283011306e+37	90.0	3.394	40.426	20.91	13.00126131305569	219	877	90	6	116	60	90	3	29	15	7683	0	0.18749094009399414	110000	47.55496287345886	93499	15.00090909090909	
5.826258782471449e+39	90.0	3.434	41.586	21.51	13.00126131305569	220	877	90	6	116	60	90	3	29	15	7718	0	0.1874840259552002	110500	47.74244689941406	93935	14.990950226244351	
1.3924710698612234e+45	90.0	3.394	40.426	20.91	13.00126131305569	221	877	90	6	116	60	90	3	29	15	7748	0	0.17186331748962402	111000	47.91431021690369	94366	14.985585585585582	
5.049394766619832e+40	90.0	3.402	40.658	21.03	13.00126131305569	222	877	90	6	116	60	90	3	29	15	7788	0	0.18748712539672852	111500	48.101797342300415	94793	14.983856502242148	
3.12739092645583e+39	90.0	3.394	40.426	20.91	13.00126131305569	223	877	90	6	116	60	90	3	29	15	7818	0	0.2187354564666748	112000	48.32053279876709	95231	14.972321428571433	
3.9525359927449376e+40	90.0	3.42	41.18	21.3	13.00126131305569	224	877	90	6	116	60	90	3	29	15	7848	0	0.2031116485595703	112500	48.52364444732666	95671	14.959111111111113	
1.0444498318861699e+46	90.0	3.378	39.962	20.67	13.00126131305569	225	877	90	6	116	60	90	3	29	15	7880	0	0.15623903274536133	113000	48.67988348007202	96105	14.951327433628308	
6.329473837928503e+37	90.0	3.402	40.658	21.03	12.967907130415202	226	877	90	6	116	60	90	3	29	15	7909	0	0.18748712539672852	113500	48.86737060546875	96533	14.948898678414096	
3.176462400992296e+36	90.0	3.382	40.078	20.73	12.967907130415202	227	877	90	6	116	60	90	3	29	15	7930	0	0.17186307907104492	114000	49.039233684539795	96982	14.928070175438606	
6.727493081471759e+30	90.0	3.408	40.832	21.12	12.967907130415202	228	877	90	6	116	60	90	3	29	15	7962	0	0.20311212539672852	114500	49.24234580993652	97412	14.924017467248902	
2.0376786195745094e+39	90.0	3.432865731462926	41.55310621242485	21.492985971943888	12.967907130415202	229	878	90	6.0	116.0	60.0	90	3.0	29.0	15.0	7998	0	0.1874854564666748	115000	49.4298312664032	97841	14.920869565217387	
2.9667536784119434e+32	90.0	3.3567134268537075	39.344689378757515	20.350701402805612	12.967907130415202	230	879	90	6.0	116.0	60.0	90	3.0	29.0	15.0	8023	0	0.14061689376831055	115500	49.57044816017151	98276	14.912554112554105	
1.0652952390389263e+30	90.0	3.3393574297188753	38.84136546184739	20.09036144578313	12.967907130415202	231	881	90	6.0	116.0	60.0	90	3.0	29.0	15.0	8049	0	0.17186427116394043	116000	49.74231243133545	98705	14.909482758620683	
1.6872799265530772e+37	90.0	3.368	39.672	20.52	12.967907130415202	232	881	90	6	116	60	90	3	29	15	8079	0	0.21873259544372559	116500	49.961045026779175	99135	14.90557939914163	
3.188034458820549e+39	90.0	3.374	39.846	20.61	12.967907130415202	233	881	90	6	116	60	90	3	29	15	8115	0	0.17186522483825684	117000	50.13291025161743	99554	14.911111111111111	
8.266987558023901e+42	90.0	3.382	40.078	20.73	12.967907130415202	234	881	90	6	116	60	90	3	29	15	8145	0	0.15623736381530762	117500	50.28914761543274	99970	14.919148936170217	
2.8849889017481093e+35	90.0	3.428857715430862	41.43687374749499	21.432865731462925	12.967907130415202	235	882	90	6.0	116.0	60.0	90	3.0	29.0	15.0	8183	0	0.18749022483825684	118000	50.476637840270996	100387	14.926271186440673	
2.0961054387757994e+35	90.0	3.426	41.354	21.39	12.967907130415202	236	882	90	6	116	60	90	3	29	15	8215	0	0.1874845027923584	118500	50.664122343063354	100825	14.915611814345993	
3.904760002031084e+38	90.0	3.44	41.76	21.6	12.967907130415202	237	882	90	6	116	60	90	3	29	15	8241	0	0.15623927116394043	119000	50.820361614227295	101269	14.900000000000006	
1.0913026646674735e+34	90.0	3.346	39.034	20.19	12.967907130415202	238	882	90	6	116	60	90	3	29	15	8276	0	0.203110933303833	119500	51.02347254753113	101699	14.896234309623438	
2.755575484527136e+37	90.0	3.344	38.976	20.16	12.967907130415202	239	882	90	6	116	60	90	3	29	15	8314	0	0.17186355590820312	120000	51.19533610343933	102117	14.902500000000003	
1.1833101381542691e+47	90.0	3.32	38.28	19.8	12.967907130415202	240	882	90	6	116	60	90	3	29	15	8334	0	0.17186522483825684	120500	51.36720132827759	102558	14.889626556016594	
8.515726028917898e+38	90.0	3.396793587174349	40.50701402805611	20.95190380761523	12.967907130415202	241	883	90	6.0	116.0	60.0	90	3.0	29.0	15.0	8367	0	0.171860933303833	121000	51.53906226158142	102982	14.89090909090909	
8.376505630640255e+40	90.0	3.376753507014028	39.92585170340681	20.65130260521042	12.967907130415202	242	884	90	6.0	116.0	60.0	90	3.0	29.0	15.0	8395	0	0.18749070167541504	121500	51.726552963256836	103419	14.881481481481487	
6.883260226652851e+37	90.0	3.362	39.498	20.43	12.967907130415202	243	884	90	6	116	60	90	3	29	15	8430	0	0.218733549118042	122000	51.94528651237488	103843	14.882786885245906	
3.8795701391486394e+35	90.0	3.402805611222445	40.6813627254509	21.04208416833667	12.967907130415202	244	885	90	6.0	116.0	60.0	90	3.0	29.0	15.0	8468	0	0.14061450958251953	122500	52.0859010219574	104282	14.871836734693872	
1.2765637680308623e+40	90.0	3.422	41.238	21.33	12.967907130415202	245	885	90	6	116	60	90	3	29	15	8492	0	0.18749332427978516	123000	52.27339434623718	104718	14.863414634146338	
4.411272533968417e+40	90.0	3.3634538152610443	39.54016064257028	20.451807228915662	12.967907130415202	246	887	90	6.0	116.0	60.0	90	3.0	29.0	15.0	8524	0	0.17185711860656738	123500	52.44525146484375	105152	14.85668016194333	
8.621847131143613e+33	90.0	3.354	39.266	20.31	12.967907130415202	247	887	90	6	116	60	90	3	29	15	8553	0	0.2031106948852539	124000	52.648362159729004	105581	14.854032258064521	
9.953631413001353e+37	90.0	3.408	40.832	21.12	12.965645859054677	248	887	90	6	116	60	90	3	29	15	8582	0	0.17186307907104492	124500	52.82022523880005	106015	14.84738955823292	
7.259378089741568e+28	90.0	3.4457831325301207	41.9277108433735	21.686746987951807	12.965645859054677	249	889	90	6.0	116.0	60.0	90	3.0	29.0	15.0	8616	0	0.18748712539672852	125000	53.00771236419678	106441	14.8472	
7.190693651736241e+34	90.0	3.476953907815631	42.831663326653306	22.15430861723447	12.965645859054677	250	890	90	6.0	116.0	60.0	90	3.0	29.0	15.0	8657	0	0.1874866485595703	125500	53.19519901275635	106865	14.848605577689241	
1.8588033279353396e+40	90.0	3.408	40.832	21.12	12.965645859054677	251	890	90	6	116	60	90	3	29	15	8694	0	0.203110933303833	126000	53.39830994606018	107291	14.848412698412687	
3.646620400937758e+40	90.0	3.464	42.456	21.96	12.965645859054677	252	890	90	6	116	60	90	3	29	15	8731	0	0.20311260223388672	126500	53.60142254829407	107727	14.840316205533597	
1.1634194553391814e+39	90.0	3.4869739478957915	43.122244488977955	22.304609218436873	12.965645859054677	253	891	90	6.0	116.0	60.0	90	3.0	29.0	15.0	8759	0	0.2187366485595703	127000	53.82015919685364	108154	14.83937007874016	
1.6730324380389578e+40	90.0	3.516	43.964	22.74	12.965645859054677	254	891	90	6	116	60	90	3	29	15	8799	0	0.17186188697814941	127500	53.99202108383179	108590	14.831372549019605	
2.8335305533427915e+37	90.0	3.541082164328657	44.69138276553106	23.11623246492986	12.965645859054677	255	892	90	6.0	116.0	60.0	90	3.0	29.0	15.0	8830	0	0.203110933303833	128000	54.19513201713562	109019	14.828906249999989	
1.1885006843615305e+36	90.0	3.484	43.036	22.26	12.965645859054677	256	892	90	6	116	60	90	3	29	15	8857	0	0.2031102180480957	128500	54.398242235183716	109456	14.82023346303501	
5.767213488473548e+32	90.0	3.456	42.224	21.84	12.965645859054677	257	892	90	6	116	60	90	3	29	15	8899	0	0.17186331748962402	129000	54.57010555267334	109873	14.827131782945742	
4.9615062999067587e+30	90.0	3.4	40.6	21.0	12.965645859054677	258	892	90	6	116	60	90	3	29	15	8930	0	0.17186236381530762	129500	54.74196791648865	110312	14.816988416988423	
3.940565340267358e+32	90.0	3.395582329317269	40.471887550200805	20.933734939759034	12.965645859054677	259	894	90	6.0	116.0	60.0	90	3.0	29.0	15.0	8963	0	0.17186474800109863	130000	54.913832664489746	110733	14.82076923076923	
2.9108081982391813e+24	90.0	3.466933867735471	42.54108216432866	22.004008016032063	12.965645859054677	260	896	90	6.0	116.0	60.0	90	3.0	29.0	15.0	8997	0	0.20559406280517578	130500	55.11942672729492	111163	14.817624521072787	
3.3273802567400643e+37	90.0	3.3987975951903806	40.565130260521045	20.981963927855713	12.965645859054677	261	897	90	6.0	116.0	60.0	90	3.0	29.0	15.0	9028	0	0.15624237060546875	131000	55.27566909790039	111593	14.814503816793888	
2.2411210391582353e+34	90.0	3.47	42.63	22.05	12.965645859054677	262	897	90	6	116	60	90	3	29	15	9065	0	0.18748259544372559	131500	55.463151693344116	112030	14.806083650190118	
3.0162480819028548e+26	90.0	3.464	42.456	21.96	12.965645859054677	263	897	90	6	116	60	90	3	29	15	9103	0	0.21873712539672852	132000	55.681888818740845	112456	14.806060606060612	
7.959691325885143e+32	90.0	3.504	43.616	22.56	12.965645859054677	264	897	90	6	116	60	90	3	29	15	9143	0	0.2187354564666748	132500	55.90062427520752	112881	14.80679245283018	
4.219827162598322e+36	90.0	3.5470941883767537	44.86573146292585	23.206412825651302	12.965645859054677	265	898	90	6.0	116.0	60.0	90	3.0	29.0	15.0	9171	0	0.2031097412109375	133000	56.10373401641846	113310	14.804511278195491	
1.4688818206089882e+31	90.0	3.442	41.818	21.63	12.965645859054677	266	898	90	6	116	60	90	3	29	15	9205	0	0.18748736381530762	133500	56.291221380233765	113735	14.80524344569288	
6.956893407289694e+23	90.0	3.468	42.572	22.02	12.965645859054677	267	898	90	6	116	60	90	3	29	15	9228	0	0.14061498641967773	134000	56.43183636665344	114172	14.797014925373134	
3.6532670086525134e+38	90.0	3.438	41.702	21.57	12.965645859054677	268	898	90	6	116	60	90	3	29	15	9256	0	0.203110933303833	134500	56.634947299957275	114610	14.788104089219331	
1.88152576021634e+38	90.0	3.478	42.862	22.17	12.965645859054677	269	898	90	6	116	60	90	3	29	15	9284	0	0.20311355590820312	135000	56.83806085586548	115049	14.77851851851851	
3.371194721515047e+46	90.0	3.44689378757515	41.95991983967936	21.703406813627254	12.965645859054677	270	899	90	6.0	116.0	60.0	90	3.0	29.0	15.0	9309	0	0.1874852180480957	135500	57.025546073913574	115490	14.767527675276753	
2.290528538699121e+37	90.0	3.446	41.934	21.69	12.965645859054677	271	899	90	6	116	60	90	3	29	15	9348	0	0.14061522483825684	136000	57.16616129875183	115913	14.769852941176481	
2.6133470278001894e+30	90.0	3.444889779559118	41.901803607214426	21.673346693386772	12.965645859054677	272	900	90	6.0	116.0	60.0	90	3.0	29.0	15.0	9380	0	0.18748688697814941	136500	57.35364818572998	116347	14.764102564102572	
4.9748987448535196e+35	90.0	3.51	43.79	22.65	12.965645859054677	273	900	90	6	116	60	90	3	29	15	9416	0	0.18748831748962402	137000	57.541136503219604	116781	14.758394160583947	
1.6759469940266168e+36	90.0	3.527054108216433	44.28456913827655	22.905811623246493	12.965645859054677	274	901	90	6.0	116.0	60.0	90	3.0	29.0	15.0	9457	0	0.2031102180480957	137500	57.7442467212677	117217	14.75127272727272	
2.125068225675835e+33	90.0	3.531062124248497	44.40080160320641	22.965931863727455	12.965645859054677	275	902	90	6.0	116.0	60.0	90	3.0	29.0	15.0	9498	0	0.2187347412109375	138000	57.96298146247864	117642	14.752173913043478	
7.876937329443066e+38	90.0	3.532	44.428	22.98	12.965645859054677	276	902	90	6	116	60	90	3	29	15	9531	0	0.2031114101409912	138500	58.16609287261963	118074	14.74801444043321	
2.9054178710877415e+27	90.0	3.56	45.24	23.4	12.965645859054677	277	902	90	6	116	60	90	3	29	15	9560	0	0.2187356948852539	139000	58.38482856750488	118504	14.745323741007198	
4.656900018148318e+38	90.0	3.592	46.168	23.88	12.965645859054677	278	902	90	6	116	60	90	3	29	15	9602	0	0.21873760223388672	139500	58.60356616973877	118924	14.74982078853047	
5.374941526021608e+36	90.0	3.5421686746987953	44.72289156626506	23.132530120481928	12.965645859054677	279	904	90	6.0	116.0	60.0	90	3.0	29.0	15.0	9648	0	0.21873164176940918	140000	58.82229781150818	119348	14.751428571428576	
1.7509534622296682e+38	90.0	3.522	44.138	22.83	12.965645859054677	280	904	90	6	116	60	90	3	29	15	9679	0	0.203110933303833	140500	59.02540874481201	119780	14.747330960854086	
7.765617188938904e+34	90.0	3.592	46.168	23.88	12.937220697368698	281	904	90	6	116	60	90	3	29	15	9721	0	0.2187349796295166	141000	59.24414372444153	120211	14.743971631205682	
1.3394154272620628e+40	90.0	3.567134268537074	45.44689378757515	23.507014028056112	12.937220697368698	282	905	90	6.0	116.0	60.0	90	3.0	29.0	15.0	9763	0	0.18748879432678223	141500	59.43163251876831	120636	14.744876325088342	
2.780455535697362e+31	90.0	3.554	45.066	23.31	12.937220697368698	283	905	90	6	116	60	90	3	29	15	9800	0	0.2031095027923584	142000	59.63474202156067	121072	14.738028169014086	
2.4518263274759555e+35	90.0	3.592	46.168	23.88	12.937220697368698	284	905	90	6	116	60	90	3	29	15	9849	0	0.203110933303833	142500	59.8378529548645	121495	14.74035087719298	
1.0114038654847204e+42	90.0	3.544	44.776	23.16	12.937220697368698	285	905	90	6	116	60	90	3	29	15	9882	0	0.17186474800109863	143000	60.0097177028656	121924	14.738461538461536	
4.53720080821924e+35	90.0	3.44689378757515	41.95991983967936	21.703406813627254	12.937220697368698	286	906	90	6.0	116.0	60.0	90	3.0	29.0	15.0	9909	0	0.2031114101409912	143500	60.21282911300659	122361	14.73101045296167	
2.3055959317818894e+30	90.0	3.468	42.572	22.02	12.937220697368698	287	906	90	6	116	60	90	3	29	15	9951	0	0.187485933303833	144000	60.400315046310425	122781	14.735416666666666	
5.4191705878766946e+29	90.0	3.490981963927856	43.23847695390781	22.364729458917836	12.937220697368698	288	907	90	6.0	116.0	60.0	90	3.0	29.0	15.0	9997	0	0.15624332427978516	144500	60.55655837059021	123208	14.734948096885816	
2.9074749749071035e+42	90.0	3.478	42.862	22.17	12.937220697368698	289	907	90	6	116	60	90	3	29	15	10030	0	0.1562356948852539	145000	60.712794065475464	123645	14.727586206896547	
5.149968404458587e+45	90.0	3.374	39.846	20.61	12.937220697368698	290	907	90	6	116	60	90	3	29	15	10057	0	0.2031111717224121	145500	60.915905237197876	124061	14.734707903780063	
3.242102261737042e+43	90.0	3.414	41.006	21.21	12.937220697368698	291	907	90	6	116	60	90	3	29	15	10090	0	0.18748760223388672	146000	61.10339283943176	124493	14.730821917808228	
4.177903890374397e+38	90.0	3.444	41.876	21.66	12.937220697368698	292	907	90	6	116	60	90	3	29	15	10125	0	0.2187347412109375	146500	61.3221275806427	124925	14.72696245733789	
1.0542920071173933e+40	90.0	3.42	41.18	21.3	12.937220697368698	293	907	90	6	116	60	90	3	29	15	10164	0	0.20311188697814941	147000	61.52523946762085	125348	14.729251700680265	
8.3746208144665965e+37	90.0	3.446	41.934	21.69	12.937220697368698	294	907	90	6	116	60	90	3	29	15	10191	0	0.218733549118042	147500	61.74397301673889	125783	14.723389830508467	
1.4216447546603455e+46	90.0	3.396	40.484	20.94	12.937220697368698	295	907	90	6	116	60	90	3	29	15	10217	0	0.18748688697814941	148000	61.93145990371704	126218	14.71756756756757	
3.862049061459519e+37	90.0	3.446	41.934	21.69	12.937220697368698	296	907	90	6	116	60	90	3	29	15	10245	0	0.18748760223388672	148500	62.11894750595093	126650	14.713804713804706	
9.748602575114387e+39	90.0	3.440881763527054	41.78557114228457	21.613226452905813	12.937220697368698	297	908	90	6.0	116.0	60.0	90	3.0	29.0	15.0	10274	0	0.18748712539672852	149000	62.306434631347656	127083	14.709395973154358	
1.6589960928147084e+36	90.0	3.446	41.934	21.69	12.937220697368698	298	908	90	6	116	60	90	3	29	15	10310	0	0.2031111717224121	149500	62.50954580307007	127509	14.709698996655518	
1.4856888422331125e+39	90.0	3.4738955823293174	42.7429718875502	22.10843373493976	12.937220697368698	299	910	90	6.0	116.0	60.0	90	3.0	29.0	15.0	10342	0	0.21685576438903809	150000	62.726401567459106	127932	14.712000000000003	
5.096106501767399e+27	90.0	3.344	38.976	20.16	12.937220697368698	300	910	90	6	116	60	90	3	29	15	10369	0	0.15623903274536133	150500	62.88264060020447	128365	14.707641196013284	
1.958609081751448e+39	90.0	3.422	41.238	21.33	12.937220697368698	301	910	90	6	116	60	90	3	29	15	10396	0	0.15623903274536133	151000	63.03887963294983	128802	14.70066225165563	
8.903653581806909e+47	90.0	3.434	41.586	21.51	12.937220697368698	302	910	90	6	116	60	90	3	29	15	10427	0	0.18748784065246582	151500	63.226367473602295	129234	14.697029702970298	
7.220387021649481e+39	90.0	3.414	41.006	21.21	12.937220697368698	303	910	90	6	116	60	90	3	29	15	10462	0	0.17186355590820312	152000	63.3982310295105	129666	14.693421052631578	
1.5126129865996414e+39	90.0	3.466	42.514	21.99	12.937220697368698	304	910	90	6	116	60	90	3	29	15	10498	0	0.2187354564666748	152500	63.61696648597717	130092	14.693770491803278	
1.788413553266956e+39	90.0	3.406	40.774	21.09	12.937220697368698	305	910	90	6	116	60	90	3	29	15	10518	0	0.203110933303833	153000	63.820077419281006	130537	14.681699346405225	
2.248612590906013e+36	90.0	3.3847695390781563	40.15831663326653	20.771543086172343	12.937220697368698	306	911	90	6.0	116.0	60.0	90	3.0	29.0	15.0	10554	0	0.1874856948852539	153500	64.00756311416626	130953	14.688599348534197	
1.644776170419281e+40	90.0	3.38	40.02	20.7	12.937220697368698	307	911	90	6	116	60	90	3	29	15	10585	0	0.20311331748962402	154000	64.21067643165588	131386	14.68441558441559	
3.545504415095712e+40	90.0	3.396	40.484	20.94	12.937220697368698	308	911	90	6	116	60	90	3	29	15	10622	0	0.1874852180480957	154500	64.39816164970398	131819	14.680258899676375	
3.5230802822704045e+40	90.0	3.386	40.194	20.79	12.937220697368698	309	911	90	6	116	60	90	3	29	15	10656	0	0.2187354564666748	155000	64.61689710617065	132247	14.679354838709685	
1.7944264096939771e+40	90.0	3.392	40.368	20.88	12.937220697368698	310	912	90	6	116	60	90	3	29	15	10691	0	0.17186522483825684	155500	64.78876233100891	132684	14.672668810289395	
3.0025196937069346e+40	90.0	3.444889779559118	41.901803607214426	21.673346693386772	12.937220697368698	311	913	90	6.0	116.0	60.0	90	3.0	29.0	15.0	10711	0	0.1718616485595703	156000	64.96062397956848	133133	14.658333333333331	
2.3154979483120467e+36	90.0	3.42	41.18	21.3	12.937220697368698	312	913	90	6	116	60	90	3	29	15	10739	0	0.17186307907104492	156500	65.13248705863953	133562	14.656869009584668	
8.652331596833072e+38	90.0	3.418	41.122	21.27	12.937220697368698	313	913	90	6	116	60	90	3	29	15	10765	0	0.18748784065246582	157000	65.31997489929199	134000	14.649681528662413	
1.0527857185464295e+37	90.0	3.342	38.918	20.13	12.937220697368698	314	913	90	6	116	60	90	3	29	15	10790	0	0.15623831748962402	157500	65.47621321678162	134436	14.643809523809523	
9.053171079235823e+39	90.0	3.34	38.86	20.1	12.937220697368698	315	913	90	6	116	60	90	3	29	15	10823	0	0.15623950958251953	158000	65.63245272636414	134868	14.640506329113919	
6.789888132697924e+38	90.0	3.376753507014028	39.92585170340681	20.65130260521042	12.937220697368698	316	914	90	6.0	116.0	60.0	90	3.0	29.0	15.0	10854	0	0.17186260223388672	158500	65.80431532859802	135300	14.637223974763401	
8.258925391416888e+34	90.0	3.41	40.89	21.15	12.937220697368698	317	914	90	6	116	60	90	3	29	15	10900	0	0.20311236381530762	159000	66.00742769241333	135720	14.64150943396227	
9.948177402604419e+38	90.0	3.3782696177062372	39.969818913480886	20.67404426559356	12.937220697368698	318	917	90	6.0	116.0	60.0	90	3.0	29.0	15.0	10926	0	0.1874861717224121	159500	66.19491386413574	136155	14.63636363636364	
2.6770783227110265e+40	90.0	3.418	41.122	21.27	12.937220697368698	319	917	90	6	116	60	90	3	29	15	10963	0	0.17186355590820312	160000	66.36677742004395	136579	14.638125000000002	
5.119419453812757e+40	90.0	3.426	41.354	21.39	12.937220697368698	320	917	90	6	116	60	90	3	29	15	10989	0	0.15623903274536133	160500	66.5230164527893	137018	14.630529595015574	
2.488448586345725e+33	90.0	3.358	39.382	20.37	12.937220697368698	321	917	90	6	116	60	90	3	29	15	11016	0	0.14061522483825684	161000	66.66363167762756	137458	14.622360248447208	
3.236209739418108e+39	90.0	3.3847695390781563	40.15831663326653	20.771543086172343	12.937220697368698	322	919	90	6.0	116.0	60.0	90	3.0	29.0	15.0	11042	0	0.17186331748962402	161500	66.83549499511719	137888	14.620433436532508	
1.9181275087254365e+39	90.0	3.376	39.904	20.64	12.937220697368698	323	919	90	6	116	60	90	3	29	15	11078	0	0.18748784065246582	162000	67.02298283576965	138304	14.627160493827162	
3.9428467672179164e+34	90.0	3.364	39.556	20.46	12.937220697368698	324	919	90	6	116	60	90	3	29	15	11104	0	0.15623879432678223	162500	67.17922163009644	138729	14.6283076923077	
1.0278011678605013e+47	90.0	3.422	41.238	21.33	12.937220697368698	325	919	90	6	116	60	90	3	29	15	11134	0	0.203110933303833	163000	67.38233256340027	139154	14.629447852760734	
2.5991406896101787e+41	90.0	3.392	40.368	20.88	12.937220697368698	326	919	90	6	116	60	90	3	29	15	11161	0	0.18748760223388672	163500	67.56982016563416	139592	14.622629969418966	
6.664030016098692e+38	90.0	3.446	41.934	21.69	12.937220697368698	327	919	90	6	116	60	90	3	29	15	11190	0	0.17186284065246582	164000	67.74168300628662	140024	14.619512195121956	
5.3819486130227367e+39	90.0	3.432	41.528	21.48	12.937220697368698	328	919	90	6	116	60	90	3	29	15	11223	0	0.15623974800109863	164500	67.89792275428772	140437	14.627963525835867	
2.755611754893651e+31	90.0	3.378	39.962	20.67	12.937220697368698	329	919	90	6	116	60	90	3	29	15	11249	0	0.14061546325683594	165000	68.03853821754456	140869	14.624848484848485	
1.6890743319877989e+41	90.0	3.414	41.006	21.21	12.937220697368698	330	919	90	6	116	60	90	3	29	15	11283	0	0.18748760223388672	165500	68.22602581977844	141295	14.625377643504535	
9.298009594800506e+39	90.0	3.406813627254509	40.79759519038076	21.102204408817634	12.937220697368698	331	920	90	6.0	116.0	60.0	90	3.0	29.0	15.0	11317	0	0.1874861717224121	166000	68.41351199150085	141724	14.624096385542174	
9.551092070990613e+34	90.0	3.412	40.948	21.18	12.937220697368698	332	920	90	6	116	60	90	3	29	15	11357	0	0.18748736381530762	166500	68.60099935531616	142154	14.62222222222222	
1.0404000633557422e+37	90.0	3.3815261044176705	40.06425702811245	20.72289156626506	12.937220697368698	333	922	90	6.0	116.0	60.0	90	3.0	29.0	15.0	11394	0	0.20311236381530762	167000	68.80411171913147	142575	14.625748502994014	
1.2654075419001887e+30	90.0	3.386	40.194	20.79	12.937220697368698	334	922	90	6	116	60	90	3	29	15	11421	0	0.18748760223388672	167500	68.99159932136536	143016	14.617313432835815	
7.660229142788968e+39	90.0	3.386	40.194	20.79	12.937220697368698	335	922	90	6	116	60	90	3	29	15	11463	0	0.15623784065246582	168000	69.14783716201782	143435	14.62202380952381	
1.0020630794951095e+38	90.0	3.394	40.426	20.91	12.93721606807795	336	922	90	6	116	60	90	3	29	15	11497	0	0.2187364101409912	168500	69.36657357215881	143864	14.62077151335312	
5.875579423730989e+34	90.0	3.412	40.948	21.18	12.93721606807795	337	922	90	6	116	60	90	3	29	15	11525	0	0.18390727043151855	169000	69.55048084259033	144296	14.617751479289936	
2.0724968948280398e+29	90.0	3.39	40.31	20.85	12.93721606807795	338	922	90	6	116	60	90	3	29	15	11554	0	0.15623927116394043	169500	69.70672011375427	144728	14.614749262536876	
6.4106211269610614e+32	90.0	3.394	40.426	20.91	12.93721606807795	339	922	90	6	116	60	90	3	29	15	11582	0	0.2031116485595703	170000	69.90983176231384	145170	14.60588235294118	
2.552254941193285e+40	90.0	3.434	41.586	21.51	12.93721606807795	340	922	90	6	116	60	90	3	29	15	11621	0	0.15623855590820312	170500	70.06607031822205	145591	14.609384164222874	
1.5095059713695895e+43	90.0	3.458	42.282	21.87	12.93721606807795	341	922	90	6	116	60	90	3	29	15	11650	0	0.14061570167541504	171000	70.20668601989746	146024	14.605847953216383	
1.789828734431302e+42	90.0	3.3687374749498997	39.6933867735471	20.531062124248496	12.93721606807795	342	923	90	6.0	116.0	60.0	90	3.0	29.0	15.0	11670	0	0.12499141693115234	171500	70.33167743682861	146467	14.59650145772595	
3.794430111114951e+40	90.0	3.396	40.484	20.94	12.93721606807795	343	923	90	6	116	60	90	3	29	15	11699	0	0.18748712539672852	172000	70.51916456222534	146899	14.593604651162792	
3.8541765988566506e+37	90.0	3.37	39.73	20.55	12.93721606807795	344	923	90	6	116	60	90	3	29	15	11731	0	0.20311355590820312	172500	70.72227811813354	147322	14.595942028985505	
3.834515974269024e+23	90.0	3.394	40.426	20.91	12.93721606807795	345	923	90	6	116	60	90	3	29	15	11756	0	0.2031080722808838	173000	70.92538619041443	147760	14.589595375722539	
1.4689725038234234e+31	90.0	3.4	40.6	21.0	12.93721606807795	346	923	90	6	116	60	90	3	29	15	11793	0	0.18748736381530762	173500	71.11287355422974	148185	14.590778097982707	
9.286850740038941e+37	90.0	3.402	40.658	21.03	12.93721606807795	347	923	90	6	116	60	90	3	29	15	11824	0	0.15623927116394043	174000	71.26911282539368	148615	14.589080459770116	
3.4009732852362024e+43	90.0	3.362	39.498	20.43	12.93721606807795	348	923	90	6	116	60	90	3	29	15	11853	0	0.2031114101409912	174500	71.47222423553467	149049	14.585100286532949	
1.0388978478209854e+41	90.0	3.392	40.368	20.88	12.93721606807795	349	923	90	6	116	60	90	3	29	15	11888	0	0.17186260223388672	175000	71.64408683776855	149467	14.590285714285713	
7.315364214219822e+37	90.0	3.3687374749498997	39.6933867735471	20.531062124248496	12.93721606807795	350	924	90	6.0	116.0	60.0	90	3.0	29.0	15.0	11922	0	0.18748831748962402	175500	71.83157515525818	149888	14.593732193732194	
7.051389660187168e+35	90.0	3.36	39.44	20.4	12.93721606807795	351	924	90	6	116	60	90	3	29	15	11956	0	0.2031114101409912	176000	72.03468656539917	150311	14.596022727272725	
1.5421071494172593e+29	90.0	3.424	41.296	21.36	12.93721606807795	352	924	90	6	116	60	90	3	29	15	11983	0	0.2031102180480957	176500	72.23779678344727	150743	14.593201133144476	
1.5411135816880583e+30	90.0	3.494	43.326	22.41	12.93721606807795	353	924	90	6	116	60	90	3	29	15	12015	0	0.2187352180480957	177000	72.45653200149536	151174	14.590960451977395	
9.3379562045247e+33	90.0	3.442	41.818	21.63	12.93721606807795	354	924	90	6	116	60	90	3	29	15	12044	0	0.18748831748962402	177500	72.64402031898499	151607	14.58760563380281	
1.42333747020415e+33	90.0	3.346	39.034	20.19	12.93721606807795	355	924	90	6	116	60	90	3	29	15	12074	0	0.15623784065246582	178000	72.80025815963745	152046	14.58089887640449	
7.053049538175737e+34	90.0	3.39	40.31	20.85	12.93721606807795	356	924	90	6	116	60	90	3	29	15	12108	0	0.15624094009399414	178500	72.95649909973145	152477	14.578711484593839	
6.760721709984865e+32	90.0	3.34	38.86	20.1	12.93721606807795	357	924	90	6	116	60	90	3	29	15	12138	0	0.187485933303833	179000	73.14398503303528	152908	14.576536312849157	
5.757004296010384e+38	90.0	3.348	39.092	20.22	12.93721606807795	358	924	90	6	116	60	90	3	29	15	12169	0	0.18748760223388672	179500	73.33147263526917	153339	14.57437325905292	
8.438654140502902e+35	90.0	3.3687374749498997	39.6933867735471	20.531062124248496	12.93721606807795	359	925	90	6.0	116.0	60.0	90	3.0	29.0	15.0	12205	0	0.18748712539672852	180000	73.5189597606659	153761	14.577222222222218	
7.935625681401685e+38	90.0	3.394	40.426	20.91	12.93721606807795	360	925	90	6	116	60	90	3	29	15	12240	0	0.18748903274536133	180500	73.70644879341125	154187	14.577839335180059	
8.954912233777473e+37	90.0	3.2985971943887775	37.65931863727455	19.478957915831664	12.93721606807795	361	926	90	6.0	116.0	60.0	90	3.0	29.0	15.0	12275	0	0.1718606948852539	181000	73.87830948829651	154608	14.581215469613255	
1.1713548486158133e+34	90.0	3.3006012024048097	37.71743486973948	19.509018036072145	12.93721606807795	362	927	90	6.0	116.0	60.0	90	3.0	29.0	15.0	12296	0	0.15624022483825684	181500	74.03454971313477	155038	14.579614325068874	
4.103131475202617e+29	90.0	3.3246492985971945	38.414829659318634	19.869739478957914	12.93721606807795	363	928	90	6.0	116.0	60.0	90	3.0	29.0	15.0	12330	0	0.1874861717224121	182000	74.22203588485718	155459	14.582967032967034	
4.6829592599846485e+41	90.0	3.285140562248996	37.269076305220885	19.27710843373494	12.93721606807795	364	930	90	6.0	116.0	60.0	90	3.0	29.0	15.0	12360	0	0.15624046325683594	182500	74.37827634811401	155889	14.581369863013691	
3.6925338581454946e+40	90.0	3.304	37.816	19.56	12.93721606807795	365	930	90	6	116	60	90	3	29	15	12391	0	0.1672971248626709	183000	74.54557347297668	156310	14.584699453551906	
1.9218002886965132e+37	90.0	3.328	38.512	19.92	12.93721606807795	366	930	90	6	116	60	90	3	29	15	12421	0	0.18748855590820312	183500	74.73306202888489	156734	14.586376021798358	
1.6745870514974615e+41	90.0	3.376753507014028	39.92585170340681	20.65130260521042	12.93721606807795	367	931	90	6.0	116.0	60.0	90	3.0	29.0	15.0	12461	0	0.18748903274536133	184000	74.92055106163025	157151	14.591847826086962	
2.5997223128965813e+40	90.0	3.454	42.166	21.81	12.93721606807795	368	931	90	6	116	60	90	3	29	15	12497	0	0.203110933303833	184500	75.12366199493408	157582	14.58970189701897	
3.752395602662551e+45	90.0	3.442	41.818	21.63	12.93721606807795	369	931	90	6	116	60	90	3	29	15	12535	0	0.18748688697814941	185000	75.31114888191223	158005	14.59189189189189	
1.5129073601386021e+29	90.0	3.4248496993987976	41.32064128256513	21.372745490981963	12.93721606807795	370	932	90	6.0	116.0	60.0	90	3.0	29.0	15.0	12578	0	0.18748688697814941	185500	75.49863576889038	158417	14.600000000000009	
5.652699203986126e+41	90.0	3.43	41.47	21.45	12.93721606807795	371	932	90	6	116	60	90	3	29	15	12599	0	0.15623807907104492	186000	75.65487384796143	158866	14.588172043010744	
4.470463884457398e+30	90.0	3.43	41.47	21.45	12.93721606807795	372	932	90	6	116	60	90	3	29	15	12636	0	0.18748736381530762	186500	75.84236121177673	159296	14.58659517426274	
2.412311727770395e+39	90.0	3.374749498997996	39.86773547094188	20.62124248496994	12.93721606807795	373	933	90	6.0	116.0	60.0	90	3.0	29.0	15.0	12671	0	0.15623879432678223	187000	75.99860000610352	159718	14.589304812834229	
1.6426822229390412e+41	90.0	3.3486973947895793	39.1122244488978	20.230460921843687	12.93721606807795	374	934	90	6.0	116.0	60.0	90	3.0	29.0	15.0	12699	0	0.18748736381530762	187500	76.18608736991882	160155	14.584000000000003	
2.0875597112040166e+40	90.0	3.284	37.236	19.26	12.93721606807795	375	934	90	6	116	60	90	3	29	15	12728	0	0.18748712539672852	188000	76.37357449531555	160573	14.588829787234047	
8.275790765072614e+32	90.0	3.27	36.83	19.05	12.93721606807795	376	934	90	6	116	60	90	3	29	15	12749	0	0.15623974800109863	188500	76.52981424331665	161008	14.58461538461539	
3.9605408069774423e+36	90.0	3.3006012024048097	37.71743486973948	19.509018036072145	12.93721606807795	377	935	90	6.0	116.0	60.0	90	3.0	29.0	15.0	12774	0	0.15624070167541504	189000	76.68605494499207	161443	14.580423280423275	
1.8676565712459908e+36	90.0	3.364	39.556	20.46	12.93721606807795	378	935	90	6	116	60	90	3	29	15	12804	0	0.1718614101409912	189500	76.85791635513306	161878	14.576253298153034	
2.7777291493366797e+37	90.0	3.3366733466933867	38.763527054108216	20.050100200400802	12.93721606807795	379	936	90	6.0	116.0	60.0	90	3.0	29.0	15.0	12848	0	0.17186355590820312	190000	77.02977991104126	162300	14.578947368421055	
1.4459922122852143e+37	90.0	3.346	39.034	20.19	12.93721606807795	380	936	90	6	116	60	90	3	29	15	12885	0	0.15623879432678223	190500	77.18601870536804	162722	14.581627296587925	
4.48882798270121e+39	90.0	3.28	37.12	19.2	12.93721606807795	381	936	90	6	116	60	90	3	29	15	12920	0	0.10936880111694336	191000	77.29538750648499	163148	14.58219895287958	
8.127298296966466e+39	90.0	3.3	37.7	19.5	12.93721606807795	382	936	90	6	116	60	90	3	29	15	12946	0	0.1874864101409912	191500	77.48287391662598	163578	14.580678851174937	
7.894020346914347e+32	90.0	3.346	39.034	20.19	12.93721606807795	383	936	90	6	116	60	90	3	29	15	12973	0	0.2031111717224121	192000	77.68598508834839	164016	14.575000000000003	
2.0536407322719823e+31	90.0	3.298	37.642	19.47	12.93721606807795	384	936	90	6	116	60	90	3	29	15	13011	0	0.20311284065246582	192500	77.88909792900085	164438	14.577662337662332	
4.696144125075831e+41	90.0	3.312625250501002	38.06613226452906	19.68937875751503	12.93721606807795	385	937	90	6.0	116.0	60.0	90	3.0	29.0	15.0	13048	0	0.12498903274536133	193000	78.01408696174622	164858	14.581347150259077	
7.771067291046071e+38	90.0	3.386	40.194	20.79	12.93721606807795	386	937	90	6	116	60	90	3	29	15	13089	0	0.12499284744262695	193500	78.13907980918884	165268	14.590180878552971	
1.264864398174566e+43	90.0	3.3627254509018036	39.519038076152306	20.440881763527056	12.93721606807795	387	938	90	6.0	116.0	60.0	90	3.0	29.0	15.0	13127	0	0.17186331748962402	194000	78.31094312667847	165686	14.594845360824735	
7.437789841846294e+40	90.0	3.37	39.73	20.55	12.93721606807795	388	938	90	6	116	60	90	3	29	15	13161	0	0.218733549118042	194500	78.52967667579651	166111	14.595886889460147	
1.0244040590682207e+36	90.0	3.4268537074148298	41.37875751503006	21.402805611222444	12.93721606807795	389	939	90	6.0	116.0	60.0	90	3.0	29.0	15.0	13194	0	0.2499833106994629	195000	78.77965998649597	166543	14.593333333333334	
4.2477200909995777e+43	90.0	3.3627254509018036	39.519038076152306	20.440881763527056	12.93721606807795	390	940	90	6.0	116.0	60.0	90	3.0	29.0	15.0	13225	0	0.18748736381530762	195500	78.96714735031128	166971	14.592838874680297	
3.0196422689584236e+40	90.0	3.3627254509018036	39.519038076152306	20.440881763527056	12.93721606807795	391	941	90	6.0	116.0	60.0	90	3.0	29.0	15.0	13261	0	0.14061450958251953	196000	79.1077618598938	167399	14.592346938775506	
8.677545013055905e+26	90.0	3.3567134268537075	39.344689378757515	20.350701402805612	12.93721606807795	392	942	90	6.0	116.0	60.0	90	3.0	29.0	15.0	13307	0	0.17186379432678223	196500	79.27962565422058	167813	14.598982188295167	
2.7897254890666285e+33	90.0	3.3667334669338675	39.635270541082164	20.501002004008015	12.93721606807795	393	943	90	6.0	116.0	60.0	90	3.0	29.0	15.0	13339	0	0.15623879432678223	197000	79.43586444854736	168240	14.598984771573612	
2.3743630125412547e+40	90.0	3.362	39.498	20.43	12.93721606807795	394	943	90	6	116	60	90	3	29	15	13375	0	0.2031111717224121	197500	79.63897562026978	168658	14.603544303797463	
1.2532217928634917e+34	90.0	3.332	38.628	19.98	12.93719338889487	395	943	90	6	116	60	90	3	29	15	13407	0	0.17186379432678223	198000	79.81083941459656	169081	14.605555555555554	
1.1228111854229108e+39	90.0	3.338	38.802	20.07	12.93719338889487	396	943	90	6	116	60	90	3	29	15	13440	0	0.15623974800109863	198500	79.96707916259766	169510	14.604534005037777	
1.174623456450855e+28	90.0	3.374	39.846	20.61	12.93719338889487	397	943	90	6	116	60	90	3	29	15	13472	0	0.20311212539672852	199000	80.17019128799438	169938	14.60402010050251	
1.7455845257142914e+36	90.0	3.374	39.846	20.61	12.93719338889487	398	943	90	6	116	60	90	3	29	15	13510	0	0.2031104564666748	199500	80.37330174446106	170365	14.60401002506265	
1.763911895149756e+38	90.0	3.391566265060241	40.355421686746986	20.873493975903614	12.93719338889487	399	945	90	6.0	116.0	60.0	90	3.0	29.0	15.0	13538	0	0.2187342643737793	200000	80.59203600883484	170790	14.605000000000004	
1.679387439984627e+36	90.0	3.416	41.064	21.24	12.93719338889487	400	945	90	6	116	60	90	3	29	15	13574	0	0.218735933303833	200500	80.81077194213867	171216	14.605486284289285	
1.6600131286593723e+37	90.0	3.400801603206413	40.62324649298597	21.012024048096194	12.93719338889487	401	946	90	6.0	116.0	60.0	90	3.0	29.0	15.0	13619	0	0.18748712539672852	201000	80.9982590675354	171625	14.614427860696523	
3.1308104717297967e+40	90.0	3.406813627254509	40.79759519038076	21.102204408817634	12.93719338889487	402	947	90	6.0	116.0	60.0	90	3.0	29.0	15.0	13660	0	0.14061570167541504	201500	81.13887476921082	172051	14.614888337468983	
4.768745439767799e+38	90.0	3.3226452905811623	38.35671342685371	19.839679358717436	12.93719338889487	403	948	90	6.0	116.0	60.0	90	3.0	29.0	15.0	13693	0	0.17009568214416504	202000	81.30897045135498	172470	14.618811881188122	
2.530435802663932e+40	90.0	3.346	39.034	20.19	12.93719338889487	404	948	90	6	116	60	90	3	29	15	13725	0	0.15623879432678223	202500	81.46520924568176	172892	14.621234567901226	
5.129778690193954e+25	90.0	3.352	39.208	20.28	12.93719338889487	405	948	90	6	116	60	90	3	29	15	13755	0	0.2031106948852539	203000	81.66831994056702	173322	14.619704433497532	
2.131478952956092e+47	90.0	3.3092369477911645	37.967871485943775	19.63855421686747	12.93719338889487	406	950	90	6.0	116.0	60.0	90	3.0	29.0	15.0	13781	0	0.17186379432678223	203500	81.8401837348938	173758	14.61523341523342	
3.760274264293517e+40	90.0	3.352	39.208	20.28	12.93719338889487	407	950	90	6	116	60	90	3	29	15	13799	0	0.12499070167541504	204000	81.96517443656921	174206	14.604901960784318	
2.341486262522458e+24	90.0	3.37875751503006	39.983967935871746	20.681362725450903	12.93719338889487	408	951	90	6.0	116.0	60.0	90	3.0	29.0	15.0	13832	0	0.17186331748962402	204500	82.13703775405884	174625	14.60880195599023	
4.0828774063186115e+36	90.0	3.322	38.338	19.83	12.93719338889487	409	951	90	6	116	60	90	3	29	15	13858	0	0.17186450958251953	205000	82.30890226364136	175053	14.60829268292683	
7.982567742640792e+42	90.0	3.334	38.686	20.01	12.93719338889487	410	951	90	6	116	60	90	3	29	15	13890	0	0.15623784065246582	205500	82.46514010429382	175467	14.614598540145991	
1.8139239360821004e+29	90.0	3.3667334669338675	39.635270541082164	20.501002004008015	12.93719338889487	411	952	90	6.0	116.0	60.0	90	3.0	29.0	15.0	13921	0	0.18748760223388672	206000	82.65262770652771	175894	14.614563106796112	
4.840918705085627e+34	90.0	3.324	38.396	19.86	12.93719338889487	412	952	90	6	116	60	90	3	29	15	13952	0	0.17186307907104492	206500	82.82449078559875	176320	14.615012106537534	
8.024646848674138e+34	90.0	3.36	39.44	20.4	12.93719338889487	413	952	90	6	116	60	90	3	29	15	13983	0	0.15624785423278809	207000	82.98073863983154	176750	14.613526570048307	
1.1197815274691475e+41	90.0	3.338	38.802	20.07	12.93719338889487	414	952	90	6	116	60	90	3	29	15	14012	0	0.17185497283935547	207500	83.1525936126709	177181	14.611566265060233	
2.702360126923317e+40	90.0	3.362	39.498	20.43	12.934059366393074	415	952	90	6	116	60	90	3	29	15	14053	0	0.18748688697814941	208000	83.34008049964905	177605	14.61298076923076	
1.93058421008079e+32	90.0	3.354	39.266	20.31	12.934059366393074	416	952	90	6	116	60	90	3	29	15	14078	0	0.14061665534973145	208500	83.48069715499878	178036	14.61103117505995	
4.26038759057798e+34	90.0	3.3907815631262523	40.33266533066132	20.861723446893787	12.934059366393074	417	953	90	6.0	116.0	60.0	90	3.0	29.0	15.0	14117	0	0.1406240463256836	209000	83.62132120132446	178452	14.616267942583733	
1.0092282841304895e+40	90.0	3.394	40.426	20.91	12.934059366393074	418	953	90	6	116	60	90	3	29	15	14136	0	0.15622901916503906	209500	83.7775502204895	178887	14.612410501193324	
4.558198827586332e+38	90.0	3.428	41.412	21.42	12.934059366393074	419	953	90	6	116	60	90	3	29	15	14169	0	0.20311236381530762	210000	83.98066258430481	179311	14.613809523809522	
4.100712747298573e+36	90.0	3.38	40.02	20.7	12.934059366393074	420	953	90	6	116	60	90	3	29	15	14191	0	0.15623879432678223	210500	84.13690137863159	179748	14.609026128266038	
2.858896557636536e+40	90.0	3.404	40.716	21.06	12.934059366393074	421	953	90	6	116	60	90	3	29	15	14223	0	0.17186379432678223	211000	84.30876517295837	180184	14.604739336492884	
9.463172506059078e+40	90.0	3.356	39.324	20.34	12.934059366393074	422	953	90	6	116	60	90	3	29	15	14260	0	0.18748688697814941	211500	84.49625205993652	180605	14.607565011820327	
2.1823728388324212e+29	90.0	3.3226452905811623	38.35671342685371	19.839679358717436	12.934059366393074	423	954	90	6.0	116.0	60.0	90	3.0	29.0	15.0	14300	0	0.17186284065246582	212000	84.66811490058899	181019	14.613679245283024	
5.0136520534428066e+33	90.0	3.318	38.222	19.77	12.934059366393074	424	954	90	6	116	60	90	3	29	15	14341	0	0.15623903274536133	212500	84.82435393333435	181439	14.61694117647059	
8.062604824864099e+30	90.0	3.2645290581162323	36.67134268537074	18.96793587174349	12.934059366393074	425	955	90	6.0	116.0	60.0	90	3.0	29.0	15.0	14358	0	0.15623879432678223	213000	84.98059272766113	181874	14.6131455399061	
2.690212850971007e+38	90.0	3.27	36.83	19.05	12.934059366393074	426	955	90	6	116	60	90	3	29	15	14389	0	0.17186331748962402	213500	85.15245604515076	182293	14.616861826697885	
5.295359362907e+33	90.0	3.332	38.628	19.98	12.934059366393074	427	955	90	6	116	60	90	3	29	15	14428	0	0.17186379432678223	214000	85.32431983947754	182713	14.620093457943923	
8.275521960550515e+32	90.0	3.36	39.44	20.4	12.934059366393074	428	955	90	6	116	60	90	3	29	15	14456	0	0.21873855590820312	214500	85.54305839538574	183148	14.616317016317012	
5.446760476018029e+38	90.0	3.2865731462925853	37.31062124248497	19.298597194388776	12.934059366393074	429	956	90	6.0	116.0	60.0	90	3.0	29.0	15.0	14485	0	0.1718592643737793	215000	85.71491765975952	183569	14.619069767441857	
4.037793216645725e+40	90.0	3.308	37.932	19.62	12.934059366393074	430	956	90	6	116	60	90	3	29	15	14515	0	0.18748760223388672	215500	85.90240526199341	183986	14.623665893271465	
2.2662873711146504e+45	90.0	3.3433734939759034	38.95783132530121	20.150602409638555	12.934059366393074	431	958	90	6.0	116.0	60.0	90	3.0	29.0	15.0	14547	0	0.17186379432678223	216000	86.07426905632019	184420	14.620370370370367	
2.17138657491318e+40	90.0	3.3667334669338675	39.635270541082164	20.501002004008015	12.934059366393074	432	959	90	6.0	116.0	60.0	90	3.0	29.0	15.0	14577	0	0.17186307907104492	216500	86.24613213539124	184835	14.625866050808312	
2.2207721906913317e+46	90.0	3.400801603206413	40.62324649298597	21.012024048096194	12.934059366393074	433	960	90	6.0	116.0	60.0	90	3.0	29.0	15.0	14621	0	0.17186307907104492	217000	86.41799521446228	185260	14.626728110599075	
1.911819357534867e+40	90.0	3.376	39.904	20.64	12.934059366393074	434	960	90	6	116	60	90	3	29	15	14653	0	0.15623903274536133	217500	86.57423424720764	185680	14.629885057471256	
3.185341368073659e+44	90.0	3.428857715430862	41.43687374749499	21.432865731462925	12.934059366393074	435	961	90	6.0	116.0	60.0	90	3.0	29.0	15.0	14697	0	0.20311212539672852	218000	86.77734637260437	186099	14.633486238532114	
5.860666951235958e+36	90.0	3.414	41.006	21.21	12.934059366393074	436	961	90	6	116	60	90	3	29	15	14728	0	0.18748688697814941	218500	86.96483325958252	186535	14.629290617848966	
2.4976665403311007e+39	90.0	3.338	38.802	20.07	12.934059366393074	437	961	90	6	116	60	90	3	29	15	14751	0	0.18748712539672852	219000	87.15232038497925	186971	14.62511415525114	
1.0103233703468046e+35	90.0	3.3	37.7	19.5	12.934059366393074	438	961	90	6	116	60	90	3	29	15	14785	0	0.17186236381530762	219500	87.32418274879456	187395	14.626423690205016	
1.6107134565556076e+40	90.0	3.318	38.222	19.77	12.934059366393074	439	961	90	6	116	60	90	3	29	15	14819	0	0.18748736381530762	220000	87.51167011260986	187822	14.626363636363635	
8.903760416205305e+29	90.0	3.3393574297188753	38.84136546184739	20.09036144578313	12.934059366393074	440	963	90	6.0	116.0	60.0	90	3.0	29.0	15.0	14853	0	0.17186307907104492	220500	87.68353319168091	188240	14.630385487528343	
1.0944132899071789e+33	90.0	3.362	39.498	20.43	12.934059366393074	441	963	90	6	116	60	90	3	29	15	14890	0	0.17186403274536133	221000	87.85539722442627	188659	14.63393665158371	
2.1720240752294666e+31	90.0	3.372	39.788	20.58	12.928339011128225	442	963	90	6	116	60	90	3	29	15	14915	0	0.17186260223388672	221500	88.02725982666016	189092	14.631151241534994	
5.656368425076099e+30	90.0	3.34	38.86	20.1	12.928339011128225	443	963	90	6	116	60	90	3	29	15	14951	0	0.15623927116394043	222000	88.1834990978241	189530	14.626126126126124	
6.6247906771499105e+38	90.0	3.38	40.02	20.7	12.726349924057589	444	963	90	6	116	60	90	3	29	15	14984	0	0.12499237060546875	222500	88.30849146842957	189965	14.622471910112353	
1.4699465436252125e+36	90.0	3.35	39.15	20.25	12.726349924057589	445	963	90	6	116	60	90	3	29	15	15027	0	0.14061474800109863	223000	88.44910621643066	190389	14.623766816143501	
1.5414871173787927e+43	90.0	3.38	40.02	20.7	12.726349924057589	446	963	90	6	116	60	90	3	29	15	15064	0	0.203110933303833	223500	88.6522171497345	190813	14.62505592841164	
1.8477054634626386e+36	90.0	3.338	38.802	20.07	12.726349924057589	447	963	90	6	116	60	90	3	29	15	15110	0	0.10936737060546875	224000	88.76158452033997	191228	14.630357142857136	
7.601879122623578e+34	90.0	3.340681362725451	38.879759519038075	20.110220440881765	12.726349924057589	448	964	90	6.0	116.0	60.0	90	3.0	29.0	15.0	15147	0	0.17186331748962402	224500	88.93344783782959	191648	14.633407572383078	
8.860029739180828e+39	90.0	3.32	38.28	19.8	12.726349924057589	449	964	90	6	116	60	90	3	29	15	15184	0	0.17186427116394043	225000	89.10531210899353	192069	14.63600000000001	
8.766097942043819e+36	90.0	3.402	40.658	21.03	12.726349924057589	450	964	90	6	116	60	90	3	29	15	15216	0	0.15623807907104492	225500	89.26155018806458	192500	14.63414634146342	
1.4380835922652444e+30	90.0	3.368	39.672	20.52	12.726349924057589	451	964	90	6	116	60	90	3	29	15	15254	0	0.18748855590820312	226000	89.44903874397278	192930	14.63274336283186	
1.1849702415804968e+35	90.0	3.364729458917836	39.57715430861723	20.470941883767534	12.726349924057589	452	965	90	6.0	116.0	60.0	90	3.0	29.0	15.0	15291	0	0.2031102180480957	226500	89.65214896202087	193352	14.634878587196468	
3.271246615118091e+29	90.0	3.342	38.918	20.13	12.726349924057589	453	965	90	6	116	60	90	3	29	15	15326	0	0.18748760223388672	227000	89.83963656425476	193769	14.639207048458147	
2.7893216744778654e+40	90.0	3.372	39.788	20.58	12.726349924057589	454	965	90	6	116	60	90	3	29	15	15353	0	0.10936665534973145	227500	89.94900321960449	194201	14.636923076923082	
3.576901563772601e+37	90.0	3.386	40.194	20.79	12.726349924057589	455	965	90	6	116	60	90	3	29	15	15397	0	0.20311212539672852	228000	90.15211534500122	194620	14.640350877192986	
2.713834059359082e+40	90.0	3.3092369477911645	37.967871485943775	19.63855421686747	12.726349924057589	456	967	90	6.0	116.0	60.0	90	3.0	29.0	15.0	15425	0	0.14061546325683594	228500	90.29273080825806	195048	14.639824945295416	
1.4898060234927682e+33	90.0	3.298	37.642	19.47	12.726349924057589	457	967	90	6	116	60	90	3	29	15	15456	0	0.15623855590820312	229000	90.44896936416626	195466	14.643668122270753	
7.363419352574643e+31	90.0	3.408817635270541	40.855711422845694	21.132264529058116	12.726349924057589	458	968	90	6.0	116.0	60.0	90	3.0	29.0	15.0	15503	0	0.17186307907104492	229500	90.6208324432373	195883	14.647930283224397	
4.28614679471635e+31	90.0	3.384	40.136	20.76	12.726349924057589	459	968	90	6	116	60	90	3	29	15	15554	0	0.17186284065246582	230000	90.79269528388977	196294	14.654782608695655	
6.7240179017623846e+38	90.0	3.370741482965932	39.75150300601202	20.561122244488978	12.726349924057589	460	969	90	6.0	116.0	60.0	90	3.0	29.0	15.0	15588	0	0.17186355590820312	230500	90.96455883979797	196718	14.655965292841643	
3.859389317785821e+36	90.0	3.328	38.512	19.92	12.726349924057589	461	969	90	6	116	60	90	3	29	15	15621	0	0.17186307907104492	231000	91.13642191886902	197142	14.657142857142858	
2.2550361155896935e+33	90.0	3.364	39.556	20.46	12.726349924057589	462	969	90	6	116	60	90	3	29	15	15664	0	0.2031111717224121	231500	91.33953309059143	197559	14.661339092872566	
4.4055965533644946e+27	90.0	3.356	39.324	20.34	12.726349924057589	463	969	90	6	116	60	90	3	29	15	15707	0	0.15624094009399414	232000	91.49577403068542	197975	14.665948275862078	
9.998563552552063e+34	90.0	3.32	38.28	19.8	12.726349924057589	464	969	90	6	116	60	90	3	29	15	15740	0	0.18748831748962402	232500	91.68326234817505	198391	14.670537634408603	
8.401754149036218e+29	90.0	3.366	39.614	20.49	12.726349924057589	465	969	90	6	116	60	90	3	29	15	15763	0	0.1718604564666748	233000	91.85512280464172	198831	14.664806866952787	
5.229039521225112e+34	90.0	3.376	39.904	20.64	12.726349924057589	466	969	90	6	116	60	90	3	29	15	15802	0	0.15624070167541504	233500	92.01136350631714	199255	14.665952890792283	
3.39900649386589e+29	90.0	3.346	39.034	20.19	12.726349924057589	467	969	90	6	116	60	90	3	29	15	15833	0	0.2031104564666748	234000	92.21447396278381	199680	14.666666666666657	
1.3602548762227092e+29	90.0	3.34	38.86	20.1	12.726349924057589	468	969	90	6	116	60	90	3	29	15	15868	0	0.15623855590820312	234500	92.37071251869202	200101	14.669083155650327	
2.5696885310129414e+33	90.0	3.44	41.76	21.6	12.726349924057589	469	969	90	6	116	60	90	3	29	15	15924	0	0.15623927116394043	235000	92.52695178985596	200495	14.682978723404261	
6.576706102052595e+26	90.0	3.422	41.238	21.33	12.726349924057589	470	969	90	6	116	60	90	3	29	15	15968	0	0.17186331748962402	235500	92.69881510734558	200913	14.686624203821651	
4.827597257340819e+34	90.0	3.38	40.02	20.7	12.726349924057589	471	969	90	6	116	60	90	3	29	15	16015	0	0.18748807907104492	236000	92.88630318641663	201331	14.69025423728813	
2.0454512809470092e+34	90.0	3.368	39.672	20.52	12.726349924057589	472	969	90	6	116	60	90	3	29	15	16057	0	0.17186188697814941	236500	93.05816507339478	201745	14.695560253699796	
5.8658717103570824e+35	90.0	3.376	39.904	20.64	12.726349924057589	473	969	90	6	116	60	90	3	29	15	16085	0	0.17186427116394043	237000	93.23002934455872	202166	14.697890295358647	
2.31160565330685e+35	90.0	3.446	41.934	21.69	12.726349924057589	474	969	90	6	116	60	90	3	29	15	16130	0	0.2031116485595703	237500	93.43314099311829	202588	14.699789473684206	
2.117211652644737e+37	90.0	3.4	40.6	21.0	12.726349924057589	475	969	90	6	116	60	90	3	29	15	16177	0	0.17186212539672852	238000	93.60500311851501	203008	14.702521008403352	
7.971811027157534e+34	90.0	3.402805611222445	40.6813627254509	21.04208416833667	12.726349924057589	476	970	90	6.0	116.0	60.0	90	3.0	29.0	15.0	16211	0	0.2031111717224121	238500	93.80811429023743	203437	14.701467505241098	
7.692944286243443e+47	90.0	3.3286573146292584	38.5310621242485	19.929859719438877	12.726349924057589	477	971	90	6.0	116.0	60.0	90	3.0	29.0	15.0	16244	0	0.2031106948852539	239000	94.01122498512268	203864	14.701255230125525	
1.7351658114909693e+30	90.0	3.368	39.672	20.52	12.726349924057589	478	971	90	6	116	60	90	3	29	15	16270	0	0.2031114101409912	239500	94.21433639526367	204295	14.699373695198332	
4.9083170160876445e+35	90.0	3.408817635270541	40.855711422845694	21.132264529058116	12.726349924057589	479	972	90	6.0	116.0	60.0	90	3.0	29.0	15.0	16303	0	0.18748712539672852	240000	94.4018235206604	204724	14.698333333333338	
2.5406422456238916e+28	90.0	3.4	40.6	21.0	12.726349924057589	480	972	90	6	116	60	90	3	29	15	16340	0	0.15623927116394043	240500	94.55806279182434	205147	14.699792099792091	
1.1692042469858174e+32	90.0	3.382	40.078	20.73	12.726349924057589	481	972	90	6	116	60	90	3	29	15	16376	0	0.18748736381530762	241000	94.74555015563965	205568	14.702074688796685	
6.067830453621749e+33	90.0	3.346693386773547	39.054108216432866	20.200400801603205	12.726349924057589	482	973	90	6.0	116.0	60.0	90	3.0	29.0	15.0	16407	0	0.18748712539672852	241500	94.93303728103638	205992	14.703105590062108	
2.3480017413260144e+33	90.0	3.346	39.034	20.19	12.726349924057589	483	973	90	6	116	60	90	3	29	15	16441	0	0.2031111717224121	242000	95.13614845275879	206411	14.706198347107431	
1.7653607572751308e+39	90.0	3.3246492985971945	38.414829659318634	19.869739478957914	12.726349924057589	484	974	90	6.0	116.0	60.0	90	3.0	29.0	15.0	16473	0	0.203338623046875	242500	95.33948707580566	206841	14.704742268041244	
5.3679511562336866e+35	90.0	3.35	39.15	20.25	12.726349924057589	485	974	90	6	116	60	90	3	29	15	16516	0	0.1874866485595703	243000	95.52697372436523	207255	14.709876543209873	
2.3986736266426835e+33	90.0	3.394	40.426	20.91	12.726349924057589	486	974	90	6	116	60	90	3	29	15	16556	0	0.17186355590820312	243500	95.69883728027344	207671	14.714168377823412	
2.1374795851534562e+26	90.0	3.44	41.76	21.6	12.726349924057589	487	974	90	6	116	60	90	3	29	15	16590	0	0.17186284065246582	244000	95.8707001209259	208110	14.709016393442624	
9.381482227021305e+32	90.0	3.448	41.992	21.72	12.726349924057589	488	974	90	6	116	60	90	3	29	15	16621	0	0.18748760223388672	244500	96.05818772315979	208547	14.70470347648262	
1.1021710809868979e+38	90.0	3.396	40.484	20.94	12.726349924057589	489	974	90	6	116	60	90	3	29	15	16657	0	0.2031116485595703	245000	96.26129937171936	208966	14.70775510204082	
2.1241123488728083e+34	90.0	3.44689378757515	41.95991983967936	21.703406813627254	12.726349924057589	490	975	90	6.0	116.0	60.0	90	3.0	29.0	15.0	16700	0	0.15624046325683594	245500	96.4175398349762	209389	14.7091649694501	
1.1822961501631733e+46	90.0	3.458	42.282	21.87	12.726349924057589	491	975	90	6	116	60	90	3	29	15	16739	0	0.2031099796295166	246000	96.62064981460571	209818	14.708130081300808	
4.283452423368152e+33	90.0	3.412	40.948	21.18	12.726349924057589	492	975	90	6	116	60	90	3	29	15	16776	0	0.17186284065246582	246500	96.79251265525818	210248	14.706693711967546	
2.360476607440989e+39	90.0	3.354	39.266	20.31	12.726349924057589	493	975	90	6	116	60	90	3	29	15	16813	0	0.15623879432678223	247000	96.94875144958496	210669	14.708906882591094	
2.1120674300067423e+30	90.0	3.3687374749498997	39.6933867735471	20.531062124248496	12.726349924057589	494	976	90	6.0	116.0	60.0	90	3.0	29.0	15.0	16858	0	0.17186355590820312	247500	97.12061500549316	211089	14.711515151515158	
9.333021423079108e+29	90.0	3.278	37.062	19.17	12.726349924057589	495	976	90	6	116	60	90	3	29	15	16884	0	0.2187352180480957	248000	97.33935022354126	211523	14.708467741935479	
3.9045880986744476e+38	90.0	3.298	37.642	19.47	12.726349924057589	496	976	90	6	116	60	90	3	29	15	16915	0	0.15623950958251953	248500	97.49558973312378	211947	14.709456740442661	
1.0781046389458702e+39	90.0	3.232	35.728	18.48	12.726349924057589	497	976	90	6	116	60	90	3	29	15	16954	0	0.20311260223388672	249000	97.69870233535767	212364	14.713253012048185	
9.180383475833232e+35	90.0	3.274	36.946	19.11	12.726349924057589	498	976	90	6	116	60	90	3	29	15	16993	0	0.14061450958251953	249500	97.83931684494019	212777	14.718637274549096	
1.8970287065626306e+36	90.0	3.222	35.438	18.33	12.726349924057589	499	976	90	6	116	60	90	3	29	15	17029	0	0.15623831748962402	250000	97.99555516242981	213194	14.722400000000007	
2.993399131855151e+39	90.0	3.28	37.12	19.2	12.726349924057589	500	976	90	6	116	60	90	3	29	15	17068	0	0.12499165534973145	250500	98.12054681777954	213614	14.72495009980041	
2.626245964818862e+37	90.0	3.288	37.352	19.32	12.726349924057589	501	976	90	6	116	60	90	3	29	15	17097	0	0.15623974800109863	251000	98.27678656578064	214053	14.719920318725102	
3.783111834641401e+39	90.0	3.384	40.136	20.76	12.726349924057589	502	976	90	6	116	60	90	3	29	15	17128	0	0.1874866485595703	251500	98.46427321434021	214483	14.718489065606363	
3.895945093251777e+37	90.0	3.404	40.716	21.06	12.655348300563517	503	976	90	6	116	60	90	3	29	15	17156	0	0.2031111717224121	252000	98.66738438606262	214919	14.714682539682542	
4.498142630994337e+33	90.0	3.404	40.716	21.06	12.655348300563517	504	976	90	6	116	60	90	3	29	15	17196	0	0.17186331748962402	252500	98.83924770355225	215344	14.71524752475247	
3.942654008202713e+38	90.0	3.438	41.702	21.57	12.655348300563517	505	976	90	6	116	60	90	3	29	15	17241	0	0.2031111717224121	253000	99.04235887527466	215761	14.71897233201581	
5.834675575070655e+34	90.0	3.452	42.108	21.78	12.655348300563517	506	976	90	6	116	60	90	3	29	15	17281	0	0.17186331748962402	253500	99.21422219276428	216184	14.720315581854052	
4.621762373915794e+44	90.0	3.4216867469879517	41.2289156626506	21.325301204819276	12.655348300563517	507	978	90	6.0	116.0	60.0	90	3.0	29.0	15.0	17320	0	0.17186307907104492	254000	99.38608527183533	216615	14.718503937007881	
3.443819196389816e+38	90.0	3.47	42.63	22.05	12.655348300563517	508	978	90	6	116	60	90	3	29	15	17361	0	0.2031114101409912	254500	99.58919668197632	217033	14.721807465618866	
7.866727279765419e+34	90.0	3.398	40.542	20.97	12.655348300563517	509	978	90	6	116	60	90	3	29	15	17393	0	0.2187354564666748	255000	99.807932138443	217466	14.71921568627451	
2.1998348087570515e+31	90.0	3.3995983935742973	40.588353413654616	20.99397590361446	12.655348300563517	510	980	90	6.0	116.0	60.0	90	3.0	29.0	15.0	17429	0	0.1874866485595703	255500	99.99541878700256	217889	14.720547945205482	
1.6067934693749623e+34	90.0	3.432	41.528	21.48	12.655348300563517	511	980	90	6	116	60	90	3	29	15	17476	0	0.17186355590820312	256000	100.16728234291077	218305	14.724609375	
1.9726415441490688e+37	90.0	3.386	40.194	20.79	12.655348300563517	512	980	90	6	116	60	90	3	29	15	17510	0	0.12499070167541504	256500	100.29227304458618	218738	14.722027290448352	
1.54648257528346e+39	90.0	3.382	40.078	20.73	12.655348300563517	513	980	90	6	116	60	90	3	29	15	17549	0	0.218735933303833	257000	100.51100897789001	219147	14.728793774319072	
5.222655267885747e+41	90.0	3.424	41.296	21.36	12.655348300563517	514	980	90	6	116	60	90	3	29	15	17585	0	0.2031099796295166	257500	100.71411895751953	219568	14.73087378640777	
1.254813452800022e+25	90.0	3.426	41.354	21.39	12.655348300563517	515	980	90	6	116	60	90	3	29	15	17629	0	0.18748760223388672	258000	100.90160655975342	219995	14.730620155038764	
7.183276104035272e+30	90.0	3.426	41.354	21.39	12.655348300563517	516	980	90	6	116	60	90	3	29	15	17671	0	0.18748736381530762	258500	101.08909392356873	220422	14.730367504835598	
5.907736938670891e+32	90.0	3.404	40.716	21.06	12.655348300563517	517	980	90	6	116	60	90	3	29	15	17713	0	0.17186260223388672	259000	101.26095652580261	220841	14.733204633204636	
2.2478262792089913e+40	90.0	3.4	40.6	21.0	12.655348300563517	518	980	90	6	116	60	90	3	29	15	17747	0	0.17186403274536133	259500	101.43282055854797	221274	14.730635838150292	
6.631098403399182e+39	90.0	3.432865731462926	41.55310621242485	21.492985971943888	12.655348300563517	519	981	90	6.0	116.0	60.0	90	3.0	29.0	15.0	17787	0	0.2187347412109375	260000	101.65155529975891	221698	14.731538461538463	
1.7446277784837771e+28	90.0	3.4377510040160644	41.69477911646587	21.566265060240966	12.655348300563517	520	983	90	6.0	116.0	60.0	90	3.0	29.0	15.0	17829	0	0.14061522483825684	260500	101.79217052459717	222108	14.737811900191943	
8.104533606229355e+35	90.0	3.408817635270541	40.855711422845694	21.132264529058116	12.655348300563517	521	984	90	6.0	116.0	60.0	90	3.0	29.0	15.0	17871	0	0.15623927116394043	261000	101.94840979576111	222523	14.742145593869722	
2.246889711760231e+37	90.0	3.5130260521042085	43.877755511022045	22.695390781563127	12.655348300563517	522	985	90	6.0	116.0	60.0	90	3.0	29.0	15.0	17920	0	0.17186427116394043	261500	102.12027406692505	222937	14.746845124282984	
1.4141429815252672e+43	90.0	3.476	42.804	22.14	12.655348300563517	523	985	90	6	116	60	90	3	29	15	17961	0	0.15623831748962402	262000	102.27651238441467	223361	14.747709923664118	
2.5015500786631047e+48	90.0	3.496	43.384	22.44	12.655348300563517	524	985	90	6	116	60	90	3	29	15	17998	0	0.17186331748962402	262500	102.4483757019043	223793	14.745523809523803	
2.7202623797336982e+48	90.0	3.438631790744467	41.72032193158954	21.579476861167002	12.655348300563517	525	988	90	6.0	116.0	60.0	90	3.0	29.0	15.0	18047	0	0.2187347412109375	263000	102.66711044311523	224207	14.750190114068445	
7.026046386993205e+27	90.0	3.446	41.934	21.69	12.655348300563517	526	988	90	6	116	60	90	3	29	15	18087	0	0.18748807907104492	263500	102.85459852218628	224642	14.746869070208717	
4.1187453943683634e+37	90.0	3.442	41.818	21.63	12.655348300563517	527	988	90	6	116	60	90	3	29	15	18136	0	0.2031104564666748	264000	103.05770897865295	225055	14.751893939393938	
3.7853843618447465e+36	90.0	3.458	42.282	21.87	12.655348300563517	528	988	90	6	116	60	90	3	29	15	18183	0	0.2031111717224121	264500	103.26082015037537	225470	14.756143667296783	
9.885402533870228e+24	90.0	3.4829659318637276	43.0060120240481	22.24448897795591	12.655348300563517	529	989	90	6.0	116.0	60.0	90	3.0	29.0	15.0	18224	0	0.16874432563781738	265000	103.42956447601318	225893	14.757358490566048	
4.035686992205322e+36	90.0	3.454	42.166	21.81	12.655348300563517	530	989	90	6	116	60	90	3	29	15	18264	0	0.17186403274536133	265500	103.60142850875854	226312	14.76007532956686	
9.052249584569558e+37	90.0	3.484	43.036	22.26	12.655348300563517	531	989	90	6	116	60	90	3	29	15	18305	0	0.2031102180480957	266000	103.80453872680664	226734	14.761654135338347	
3.187879273800113e+36	90.0	3.48	42.92	22.2	12.655348300563517	532	989	90	6	116	60	90	3	29	15	18342	0	0.18748712539672852	266500	103.99202585220337	227162	14.760975609756102	
6.346132873898504e+40	90.0	3.472	42.688	22.08	12.655348300563517	533	989	90	6	116	60	90	3	29	15	18372	0	0.15623927116394043	267000	104.14826512336731	227603	14.755430711610487	
7.52765435032148e+44	90.0	3.4168336673346693	41.08817635270541	21.25250501002004	12.655348300563517	534	990	90	6.0	116.0	60.0	90	3.0	29.0	15.0	18406	0	0.2187354564666748	267500	104.36700057983398	228030	14.755140186915881	
5.435284471933958e+36	90.0	3.466	42.514	21.99	12.655348300563517	535	990	90	6	116	60	90	3	29	15	18449	0	0.17186450958251953	268000	104.5388650894165	228435	14.763059701492537	
2.0458748874249722e+40	90.0	3.516	43.964	22.74	12.655348300563517	536	990	90	6	116	60	90	3	29	15	18492	0	0.2031106948852539	268500	104.74197578430176	228861	14.763128491620108	
4.724038466575881e+34	90.0	3.4417670682730925	41.81124497991968	21.626506024096386	12.655348300563517	537	992	90	6.0	116.0	60.0	90	3.0	29.0	15.0	18523	0	0.15623831748962402	269000	104.89821410179138	229289	14.762453531598524	
9.130835574871028e+40	90.0	3.382	40.078	20.73	12.655348300563517	538	992	90	6	116	60	90	3	29	15	18560	0	0.18748688697814941	269500	105.08570098876953	229712	14.763636363636365	
8.232018749006021e+39	90.0	3.37	39.73	20.55	12.655348300563517	539	992	90	6	116	60	90	3	29	15	18602	0	0.20311212539672852	270000	105.28881311416626	230135	14.764814814814827	
3.323091566183825e+42	90.0	3.3627254509018036	39.519038076152306	20.440881763527056	12.655348300563517	540	993	90	6.0	116.0	60.0	90	3.0	29.0	15.0	18636	0	0.1874866485595703	270500	105.47629976272583	230555	14.767097966728286	
2.9694453897377905e+31	90.0	3.338	38.802	20.07	12.655348300563517	541	993	90	6	116	60	90	3	29	15	18663	0	0.15624046325683594	271000	105.63254022598267	230989	14.764206642066426	
9.138105016805845e+31	90.0	3.322	38.338	19.83	12.655348300563517	542	993	90	6	116	60	90	3	29	15	18699	0	0.14061355590820312	271500	105.77315378189087	231403	14.768692449355441	
3.929670114358543e+41	90.0	3.366	39.614	20.49	12.655348300563517	543	993	90	6	116	60	90	3	29	15	18729	0	0.20311307907104492	272000	105.97626686096191	231834	14.766911764705881	
1.5742844948426943e+36	90.0	3.316	38.164	19.74	12.655348300563517	544	993	90	6	116	60	90	3	29	15	18763	0	0.12498950958251953	272500	106.10125637054443	232262	14.766238532110094	
6.934086631096683e+31	90.0	3.3012048192771086	37.734939759036145	19.518072289156628	12.655348300563517	545	995	90	6.0	116.0	60.0	90	3.0	29.0	15.0	18795	0	0.17186379432678223	273000	106.27312016487122	232693	14.764468864468867	
8.424253262752813e+41	90.0	3.364	39.556	20.46	12.655348300563517	546	995	90	6	116	60	90	3	29	15	18836	0	0.12499141693115234	273500	106.39811158180237	233123	14.763071297989029	
1.8351820003272188e+27	90.0	3.296	37.584	19.44	12.655348300563517	547	995	90	6	116	60	90	3	29	15	18862	0	0.17186617851257324	274000	106.56997776031494	233548	14.763503649635041	
7.154825497024279e+39	90.0	3.348	39.092	20.22	12.655348300563517	548	995	90	6	116	60	90	3	29	15	18891	0	0.15623760223388672	274500	106.72621536254883	233978	14.762112932604737	
6.38782459352667e+38	90.0	3.374	39.846	20.61	12.655348300563517	549	995	90	6	116	60	90	3	29	15	18924	0	0.17186236381530762	275000	106.89807772636414	234405	14.761818181818185	
1.1606903343569585e+40	90.0	3.3567134268537075	39.344689378757515	20.350701402805612	12.655348300563517	550	996	90	6.0	116.0	60.0	90	3.0	29.0	15.0	18965	0	0.18748712539672852	275500	107.08556485176086	234823	14.764791288566244	
2.0465848520538263e+38	90.0	3.29	37.41	19.35	12.655348300563517	551	996	90	6	116	60	90	3	29	15	19001	0	0.1874866485595703	276000	107.27305150032043	235241	14.767753623188412	
3.954276805608885e+42	90.0	3.362	39.498	20.43	12.655348300563517	552	996	90	6	116	60	90	3	29	15	19042	0	0.18748712539672852	276500	107.46053862571716	235659	14.770705244122965	
6.277147522735166e+38	90.0	3.386	40.194	20.79	12.655348300563517	553	996	90	6	116	60	90	3	29	15	19080	0	0.18748760223388672	277000	107.64802622795105	236082	14.771841155234654	
3.9615048077929706e+36	90.0	3.362	39.498	20.43	12.655348300563517	554	996	90	6	116	60	90	3	29	15	19123	0	0.17186355590820312	277500	107.81988978385925	236497	14.775855855855852	
3.1408143796989813e+29	90.0	3.3	37.7	19.5	12.655348300563517	555	996	90	6	116	60	90	3	29	15	19164	0	0.17186427116394043	278000	107.9917540550232	236918	14.77769784172662	
1.343375147996934e+35	90.0	3.334	38.686	20.01	12.655348300563517	556	996	90	6	116	60	90	3	29	15	19196	0	0.1874861717224121	278500	108.1792402267456	237345	14.777378815080795	
1.4123846186052678e+28	90.0	3.334	38.686	20.01	12.655348300563517	557	996	90	6	116	60	90	3	29	15	19232	0	0.2031104564666748	279000	108.38235068321228	237783	14.7731182795699	
1.1444331579835779e+30	90.0	3.348	39.092	20.22	12.655348300563517	558	996	90	6	116	60	90	3	29	15	19277	0	0.15623998641967773	279500	108.53859066963196	238200	14.77638640429339	
6.803375394248849e+37	90.0	3.38	40.02	20.7	12.640210310500873	559	996	90	6	116	60	90	3	29	15	19308	0	0.2187345027923584	280000	108.75732517242432	238637	14.772499999999994	
4.284249598428426e+31	90.0	3.374749498997996	39.86773547094188	20.62124248496994	12.640210310500873	560	997	90	6.0	116.0	60.0	90	3.0	29.0	15.0	19337	0	0.18748736381530762	280500	108.94481253623962	239064	14.772192513368992	
3.494341679254108e+41	90.0	3.3426853707414828	38.93787575150301	20.140280561122246	12.640210310500873	561	998	90	6.0	116.0	60.0	90	3.0	29.0	15.0	19371	0	0.17186307907104492	281000	109.11667561531067	239498	14.769395017793599	
3.597293727219762e+27	90.0	3.312	38.048	19.68	12.640210310500873	562	998	90	6	116	60	90	3	29	15	19408	0	0.14061880111694336	281500	109.25729441642761	239919	14.771225577264659	
1.9636130570392898e+40	90.0	3.3627254509018036	39.519038076152306	20.440881763527056	12.640210310500873	563	999	90	6.0	116.0	60.0	90	3.0	29.0	15.0	19450	0	0.15634727478027344	282000	109.41364169120789	240337	14.774113475177302	
7.504602661556038e+40	90.0	3.38	40.02	20.7	12.640210310500873	564	999	90	6	116	60	90	3	29	15	19492	0	0.15623974800109863	282500	109.56988143920898	240756	14.77663716814159	
2.2949650948102513e+47	90.0	3.4457831325301207	41.9277108433735	21.686746987951807	12.640210310500873	565	1001	90	6.0	116.0	60.0	90	3.0	29.0	15.0	19559	0	0.2031111717224121	283000	109.7729926109314	241155	14.786219081272094	
4.765133063482142e+49	90.0	3.4549098196392785	42.192384769539075	21.82364729458918	12.640210310500873	566	1002	90	6.0	116.0	60.0	90	3.0	29.0	15.0	19612	0	0.15623855590820312	283500	109.9292311668396	241559	14.79400352733687	
4.904314336081071e+49	90.0	3.406	40.774	21.09	12.640210310500873	567	1002	90	6	116	60	90	3	29	15	19659	0	0.14061522483825684	284000	110.06984639167786	241965	14.801056338028175	
2.0997254098501746e+44	90.0	3.36	39.44	20.4	12.640210310500873	568	1002	90	6	116	60	90	3	29	15	19701	0	0.15623974800109863	284500	110.22608613967896	242379	14.805272407732858	
8.806985122034368e+36	90.0	3.348	39.092	20.22	12.640210310500873	569	1002	90	6	116	60	90	3	29	15	19740	0	0.18748688697814941	285000	110.4135730266571	242805	14.805263157894728	
7.940195310366294e+38	90.0	3.376	39.904	20.64	12.640210310500873	570	1002	90	6	116	60	90	3	29	15	19777	0	0.15624022483825684	285500	110.56981325149536	243234	14.804203152364266	
1.4009673982016962e+41	90.0	3.392	40.368	20.88	12.640210310500873	571	1002	90	6	116	60	90	3	29	15	19823	0	0.2187345027923584	286000	110.78854775428772	243655	14.805944055944053	
4.267145575291938e+41	90.0	3.472	42.688	22.08	12.640210310500873	572	1002	90	6	116	60	90	3	29	15	19864	0	0.1874866485595703	286500	110.97603440284729	244087	14.803839441535786	
7.450321467337246e+33	90.0	3.464	42.456	21.96	12.640210310500873	573	1002	90	6	116	60	90	3	29	15	19905	0	0.18748736381530762	287000	111.1635217666626	244519	14.801742160278735	
1.880335858741278e+33	90.0	3.47	42.63	22.05	12.640210310500873	574	1002	90	6	116	60	90	3	29	15	19952	0	0.18748712539672852	287500	111.35100889205933	244945	14.801739130434783	
4.6860933629240326e+36	90.0	3.57	45.53	23.55	12.640210310500873	575	1002	90	6	116	60	90	3	29	15	20011	0	0.2343604564666748	288000	111.585369348526	245363	14.804513888888891	
1.1683662044376714e+39	90.0	3.56	45.24	23.4	12.640210310500873	576	1002	90	6	116	60	90	3	29	15	20046	0	0.17186188697814941	288500	111.75723123550415	245790	14.80415944540728	
1.434510388312871e+37	90.0	3.4869739478957915	43.122244488977955	22.304609218436873	12.640210310500873	577	1003	90	6.0	116.0	60.0	90	3.0	29.0	15.0	20082	0	0.2187345027923584	289000	111.97596573829651	246219	14.803114186851204	
4.936076077303168e+38	90.0	3.5831663326653307	45.91182364729459	23.74749498997996	12.640210310500873	578	1004	90	6.0	116.0	60.0	90	3.0	29.0	15.0	20129	0	0.2343599796295166	289500	112.21032571792603	246646	14.802763385146804	
2.2308596716787144e+31	90.0	3.56	45.24	23.4	12.640210310500873	579	1004	90	6	116	60	90	3	29	15	20184	0	0.2031106948852539	290000	112.41343641281128	247061	14.806551724137933	
1.6721210804719038e+37	90.0	3.518	44.022	22.77	12.640210310500873	580	1004	90	6	116	60	90	3	29	15	20236	0	0.18748688697814941	290500	112.60092329978943	247471	14.812048192771087	
1.6844247650014836e+30	90.0	3.418	41.122	21.27	12.640210310500873	581	1004	90	6	116	60	90	3	29	15	20283	0	0.2031111717224121	291000	112.80403447151184	247889	14.814776632302411	
7.1040916035553435e+37	90.0	3.434	41.586	21.51	12.640210310500873	582	1004	90	6	116	60	90	3	29	15	20317	0	0.15623903274536133	291500	112.9602735042572	248325	14.811320754716988	
1.0948603561178594e+35	90.0	3.4108216432865732	40.91382765531062	21.162324649298597	12.640210310500873	583	1005	90	6.0	116.0	60.0	90	3.0	29.0	15.0	20356	0	0.18748831748962402	292000	113.14776182174683	248758	14.808904109589037	
3.093671100331619e+42	90.0	3.402	40.658	21.03	12.640210310500873	584	1005	90	6	116	60	90	3	29	15	20396	0	0.17186355590820312	292500	113.31962537765503	249172	14.812991452991454	
4.392303714411508e+36	90.0	3.41	40.89	21.15	12.640210310500873	585	1005	90	6	116	60	90	3	29	15	20438	0	0.17186260223388672	293000	113.49148797988892	249602	14.81160409556314	
4.483166383007892e+36	90.0	3.4477911646586343	41.9859437751004	21.716867469879517	12.640210310500873	586	1007	90	7.0	145.0	75.0	90	3.0	29.0	15.0	20491	0	0.14061450958251953	293500	113.63210248947144	250014	14.816354344122658	
1.124074153992436e+40	90.0	3.3795180722891565	40.006024096385545	20.69277108433735	12.640210310500873	587	1009	90	6.0	116.0	60.0	90	3.0	29.0	15.0	20525	0	0.17186474800109863	294000	113.80396723747253	250433	14.818707482993204	
2.0217680763047957e+36	90.0	3.393574297188755	40.4136546184739	20.903614457831324	12.640210310500873	588	1011	90	6.0	116.0	60.0	90	3.0	29.0	15.0	20562	0	0.15623831748962402	294500	113.96020555496216	250859	14.818675721561974	
1.6944410165032286e+47	90.0	3.504	43.616	22.56	12.640210310500873	589	1011	90	6	116	60	90	3	29	15	20601	0	0.1874866485595703	295000	114.14769220352173	251284	14.81898305084745	
4.127787832133455e+39	90.0	3.416	41.064	21.24	12.640210310500873	590	1011	90	6	116	60	90	3	29	15	20637	0	0.18748760223388672	295500	114.33517980575562	251703	14.821319796954313	
1.5184669278775937e+41	90.0	3.384	40.136	20.76	12.640210310500873	591	1011	90	6	116	60	90	3	29	15	20681	0	0.17186307907104492	296000	114.50704288482666	252124	14.822972972972963	
3.39402364593184e+35	90.0	3.406813627254509	40.79759519038076	21.102204408817634	12.640210310500873	592	1012	90	6.0	116.0	60.0	90	3.0	29.0	15.0	20720	0	0.2031116485595703	296500	114.71015453338623	252547	14.823946037099489	
3.6795122194552305e+40	90.0	3.396	40.484	20.94	12.640210310500873	593	1012	90	6	116	60	90	3	29	15	20753	0	0.15623974800109863	297000	114.86639428138733	252974	14.823569023569021	
1.2814981136268345e+40	90.0	3.446	41.934	21.69	12.640210310500873	594	1012	90	6	116	60	90	3	29	15	20788	0	0.2187342643737793	297500	115.08512854576111	253409	14.820504201680677	
1.0948344667728622e+40	90.0	3.3755020080321283	39.889558232931726	20.632530120481928	12.640210310500873	595	1014	90	6.0	116.0	60.0	90	3.0	29.0	15.0	20815	0	0.17186760902404785	298000	115.25699615478516	253845	14.81711409395973	
2.4433374205195168e+38	90.0	3.392	40.368	20.88	12.640210310500873	596	1014	90	6	116	60	90	3	29	15	20844	0	0.1874833106994629	298500	115.44447946548462	254278	14.81474036850922	
5.682405294430829e+35	90.0	3.3567134268537075	39.344689378757515	20.350701402805612	12.6378978907911	597	1015	90	6.0	116.0	60.0	90	3.0	29.0	15.0	20894	0	0.18748784065246582	299000	115.63196730613708	254693	14.81839464882944	
2.139178322454528e+30	90.0	3.36	39.44	20.4	12.6378978907911	598	1015	90	6	116	60	90	3	29	15	20943	0	0.2187352180480957	299500	115.85070252418518	255103	14.823706176961608	
3.4051219151091363e+37	90.0	3.34	38.86	20.1	12.6378978907911	599	1015	90	6	116	60	90	3	29	15	20983	0	0.18748712539672852	300000	116.03818964958191	255525	14.825000000000003	
8.171978717763061e+30	90.0	3.384	40.136	20.76	12.6378978907911	600	1015	90	6	116	60	90	3	29	15	21023	0	0.20311284065246582	300500	116.24130249023438	255945	14.826955074875201	
1.0441093691537094e+39	90.0	3.428	41.412	21.42	12.6378978907911	601	1015	90	6	116	60	90	3	29	15	21066	0	0.14061284065246582	301000	116.38191533088684	256365	14.828903654485046	
6.37468735884247e+33	90.0	3.39	40.31	20.85	12.6378978907911	602	1015	90	6	116	60	90	3	29	15	21110	0	0.17186403274536133	301500	116.5537793636322	256792	14.828524046434495	
6.011312333600144e+32	90.0	3.414	41.006	21.21	12.6378978907911	603	1015	90	6	116	60	90	3	29	15	21150	0	0.17186331748962402	302000	116.72564268112183	257218	14.828476821192055	
2.100122775686471e+34	90.0	3.3246492985971945	38.414829659318634	19.869739478957914	12.6378978907911	604	1016	90	6.0	116.0	60.0	90	3.0	29.0	15.0	21189	0	0.14061427116394043	302500	116.86625695228577	257636	14.83107438016529	
3.921086819365299e+37	90.0	3.33	38.57	19.95	12.6378978907911	605	1016	90	6	116	60	90	3	29	15	21218	0	0.18748831748962402	303000	117.05374526977539	258068	14.829042904290418	
3.707955779419789e+37	90.0	3.3547094188376754	39.28657314629258	20.32064128256513	12.6378978907911	606	1017	90	6.0	116.0	60.0	90	3.0	29.0	15.0	21248	0	0.14061355590820312	303500	117.1943588256836	258492	14.829654036243824	
5.4605969093096345e+32	90.0	3.334	38.686	20.01	12.6378978907911	607	1017	90	6	116	60	90	3	29	15	21281	0	0.15624094009399414	304000	117.35059976577759	258926	14.826973684210529	
9.919487189826114e+38	90.0	3.356	39.324	20.34	12.6378978907911	608	1017	90	6	116	60	90	3	29	15	21319	0	0.18748760223388672	304500	117.53808736801147	259350	14.827586206896541	
3.264236024240101e+25	90.0	3.3567134268537075	39.344689378757515	20.350701402805612	12.6378978907911	609	1018	90	6.0	116.0	60.0	90	3.0	29.0	15.0	21355	0	0.15623855590820312	305000	117.69432592391968	259773	14.828524590163937	
1.7086045634174466e+38	90.0	3.374	39.846	20.61	12.6378978907911	610	1018	90	6	116	60	90	3	29	15	21399	0	0.2187349796295166	305500	117.9130609035492	260189	14.8317512274959	
1.1450533569928852e+38	90.0	3.388	40.252	20.82	12.6378978907911	611	1018	90	6	116	60	90	3	29	15	21436	0	0.17186903953552246	306000	118.08492994308472	260620	14.830065359477132	
4.246804985590825e+32	90.0	3.44689378757515	41.95991983967936	21.703406813627254	12.6378978907911	612	1019	90	6.0	116.0	60.0	90	3.0	29.0	15.0	21475	0	0.20310544967651367	306500	118.28803539276123	261049	14.829037520391523	
1.792726758132711e+39	90.0	3.352	39.208	20.28	12.6378978907911	613	1019	90	6	116	60	90	3	29	15	21507	0	0.2031097412109375	307000	118.49114513397217	261465	14.832247557003257	
2.5807062025085364e+31	90.0	3.392	40.368	20.88	12.6378978907911	614	1019	90	6	116	60	90	3	29	15	21542	0	0.18748879432678223	307500	118.67863392829895	261887	14.833495934959345	
4.951893417160373e+37	90.0	3.3835341365461846	40.122489959839356	20.753012048192772	12.6378978907911	615	1021	90	6.0	116.0	60.0	90	3.0	29.0	15.0	21580	0	0.1874866485595703	308000	118.86612057685852	262305	14.836038961038966	
1.1015759594810466e+37	90.0	3.328	38.512	19.92	12.6378978907911	616	1021	90	6	116	60	90	3	29	15	21618	0	0.1874861717224121	308500	119.05360674858093	262723	14.838573743922197	
4.4196325141917426e+32	90.0	3.308617234468938	37.9498997995992	19.629258517034067	12.6378978907911	617	1022	90	6.0	116.0	60.0	90	3.0	29.0	15.0	21658	0	0.17186355590820312	309000	119.22547030448914	263146	14.839482200647254	
3.231703162928432e+36	90.0	3.336	38.744	20.04	12.6378978907911	618	1022	90	6	116	60	90	3	29	15	21703	0	0.14061594009399414	309500	119.36608624458313	263558	14.843941841680135	
4.178007755849085e+44	90.0	3.342	38.918	20.13	12.6378978907911	619	1022	90	6	116	60	90	3	29	15	21746	0	0.1874866485595703	310000	119.5535728931427	263976	14.846451612903223	
6.740684596938206e+34	90.0	3.344	38.976	20.16	12.6378978907911	620	1022	90	6	116	60	90	3	29	15	21789	0	0.17186498641967773	310500	119.72543787956238	264401	14.846698872785822	
1.226533459503751e+31	90.0	3.37	39.73	20.55	12.6378978907911	621	1022	90	6	116	60	90	3	29	15	21821	0	0.14061355590820312	311000	119.86605143547058	264828	14.84630225080386	
6.308990471709769e+31	90.0	3.3567134268537075	39.344689378757515	20.350701402805612	12.6378978907911	622	1023	90	6.0	116.0	60.0	90	3.0	29.0	15.0	21852	0	0.18748712539672852	311500	120.05353856086731	265254	14.846227929373995	
8.6209739190263e+38	90.0	3.336	38.744	20.04	12.6378978907911	623	1023	90	6	116	60	90	3	29	15	21884	0	0.15623927116394043	312000	120.20977783203125	265686	14.844230769230776	
3.2404071524040824e+39	90.0	3.376	39.904	20.64	12.6378978907911	624	1023	90	6	116	60	90	3	29	15	21915	0	0.17186427116394043	312500	120.38164210319519	266125	14.840000000000003	
5.636617871208498e+43	90.0	3.332	38.628	19.98	12.6378978907911	625	1023	90	6	116	60	90	3	29	15	21950	0	0.2031106948852539	313000	120.58475279808044	266539	14.84376996805112	
2.746394221252512e+33	90.0	3.38	40.02	20.7	12.6378978907911	626	1023	90	6	116	60	90	3	29	15	21988	0	0.18748831748962402	313500	120.77224111557007	266961	14.844976076555028	
2.660220904116532e+39	90.0	3.3847695390781563	40.15831663326653	20.771543086172343	12.6378978907911	627	1024	90	6.0	116.0	60.0	90	3.0	29.0	15.0	22022	0	0.15623950958251953	314000	120.92848062515259	267387	14.844904458598734	
4.280411863656692e+38	90.0	3.440881763527054	41.78557114228457	21.613226452905813	12.6378978907911	628	1025	90	6.0	116.0	60.0	90	3.0	29.0	15.0	22051	0	0.1874854564666748	314500	121.11596608161926	267805	14.847376788553262	
3.691632076643285e+49	90.0	3.482	42.978	22.23	12.6378978907911	629	1025	90	6	116	60	90	3	29	15	22086	0	0.18748784065246582	315000	121.30345392227173	268231	14.847301587301587	
5.724075290154492e+49	90.0	3.404	40.716	21.06	12.637889077490762	630	1025	90	6	116	60	90	3	29	15	22120	0	0.20311522483825684	315500	121.50656914710999	268667	14.844057052297941	
1.7499375390881095e+33	90.0	3.426	41.354	21.39	12.637889077490762	631	1025	90	6	116	60	90	3	29	15	22145	0	0.1407482624053955	316000	121.64731740951538	269104	14.840506329113921	
6.970837637851646e+40	90.0	3.4879518072289155	43.15060240963855	22.319277108433734	12.637889077490762	632	1027	90	6.0	116.0	60.0	90	3.0	29.0	15.0	22170	0	0.17186522483825684	316500	121.81918263435364	269541	14.836966824644549	
3.3559929821394334e+37	90.0	3.4879518072289155	43.15060240963855	22.319277108433734	12.637889077490762	633	1029	90	6.0	116.0	60.0	90	3.0	29.0	15.0	22212	0	0.15624260902404785	317000	121.97542524337769	269965	14.837539432176655	
5.946080309504524e+36	90.0	3.452	42.108	21.78	12.637889077490762	634	1029	90	6	116	60	90	3	29	15	22244	0	0.17185735702514648	317500	122.14728260040283	270396	14.83590551181102	
3.00600699243243e+41	90.0	3.4509018036072145	42.07615230460922	21.763527054108216	12.637889077490762	635	1030	90	6.0	116.0	60.0	90	3.0	29.0	15.0	22273	0	0.17186331748962402	318000	122.31914591789246	270834	14.832075471698118	
2.048474286303804e+33	90.0	3.404	40.716	21.06	12.637889077490762	636	1030	90	6	116	60	90	3	29	15	22293	0	0.2031111717224121	318500	122.52225708961487	271281	14.825431711145995	
2.172343634035957e+40	90.0	3.464	42.456	21.96	12.637889077490762	637	1030	90	6	116	60	90	3	29	15	22325	0	0.15623974800109863	319000	122.67849683761597	271711	14.824137931034485	
9.885209726410706e+35	90.0	3.308	37.932	19.62	12.637889077490762	638	1030	90	6	116	60	90	3	29	15	22352	0	0.2187352180480957	319500	122.89723205566406	272151	14.819718309859155	
1.3476985633823745e+33	90.0	3.408	40.832	21.12	12.637889077490762	639	1030	90	6	116	60	90	3	29	15	22394	0	0.2047736644744873	320000	123.10200572013855	272575	14.8203125	
2.6957369640237128e+32	90.0	3.3907815631262523	40.33266533066132	20.861723446893787	12.637889077490762	640	1031	90	6.0	116.0	60.0	90	3.0	29.0	15.0	22433	0	0.15623784065246582	320500	123.25824356079102	273000	14.820592823712957	
2.1582821071339778e+27	90.0	3.408	40.832	21.12	12.637889077490762	641	1031	90	6	116	60	90	3	29	15	22455	0	0.1718616485595703	321000	123.43010520935059	273439	14.816510903426789	
3.005631589587101e+31	90.0	3.438877755511022	41.72745490981964	21.583166332665332	12.637889077490762	642	1032	90	6.0	116.0	60.0	90	3.0	29.0	15.0	22494	0	0.15623998641967773	321500	123.58634519577026	273859	14.818351477449454	
7.721456232293832e+48	90.0	3.358	39.382	20.37	12.637889077490762	643	1032	90	6	116	60	90	3	29	15	22531	0	0.18749380111694336	322000	123.7738389968872	274289	14.817080745341613	
7.652584101460955e+45	90.0	3.3132530120481927	38.08433734939759	19.698795180722893	12.637843641887374	644	1034	90	6.0	116.0	60.0	90	3.0	29.0	15.0	22555	0	0.20310473442077637	322500	123.97694373130798	274724	14.814263565891466	
1.5707126271346356e+45	90.0	3.458	42.282	21.87	12.637843641887374	645	1034	90	6	116	60	90	3	29	15	22580	0	0.15623927116394043	323000	124.13318300247192	275160	14.811145510835914	
1.2249386278395913e+33	90.0	3.4036144578313254	40.704819277108435	21.05421686746988	12.637843641887374	646	1036	90	6.0	116.0	60.0	90	3.0	29.0	15.0	22609	0	0.2031104564666748	323500	124.3362934589386	275594	14.808655332302934	
1.601263941749754e+46	90.0	3.46	42.34	21.9	12.637843641887374	647	1036	90	6	116	60	90	3	29	15	22644	0	0.2031111717224121	324000	124.53940463066101	276024	14.807407407407396	
6.933224924194336e+30	90.0	3.442	41.818	21.63	12.637843641887374	648	1036	90	6	116	60	90	3	29	15	22670	0	0.2031114101409912	324500	124.742516040802	276465	14.802773497688747	
1.3879680549542726e+36	90.0	3.476953907815631	42.831663326653306	22.15430861723447	12.637843641887374	649	1037	90	6.0	116.0	60.0	90	3.0	29.0	15.0	22706	0	0.14061498641967773	325000	124.88313102722168	276891	14.80276923076923	
2.013137842167892e+37	90.0	3.462	42.398	21.93	12.637843641887374	650	1037	90	6	116	60	90	3	29	15	22742	0	0.15623950958251953	325500	125.0393705368042	277327	14.799692780337935	
6.1683504782912e+32	90.0	3.414	41.006	21.21	12.637843641887374	651	1037	90	6	116	60	90	3	29	15	22782	0	0.2187347412109375	326000	125.25810527801514	277752	14.799999999999997	
4.309917720418072e+34	90.0	3.472	42.688	22.08	12.637820068375612	652	1037	90	6	116	60	90	3	29	15	22834	0	0.14061546325683594	326500	125.39872074127197	278163	14.804594180704441	
1.587185881973646e+28	90.0	3.463855421686747	42.45180722891566	21.957831325301203	12.637820068375612	653	1039	90	6.0	116.0	60.0	90	3.0	29.0	15.0	22874	0	0.18749189376831055	327000	125.58621263504028	278586	14.805504587155966	
4.173640411332295e+30	90.0	3.428	41.412	21.42	12.637820068375612	654	1039	90	6	116	60	90	3	29	15	22901	0	0.2031080722808838	327500	125.78932070732117	279015	14.804580152671747	
1.760704341687549e+36	90.0	3.416	41.064	21.24	12.637820068375612	655	1039	90	6	116	60	90	3	29	15	22939	0	0.1718616485595703	328000	125.96118235588074	279433	14.807012195121956	
1.3883174626077935e+36	90.0	3.366	39.614	20.49	12.637820068375612	656	1039	90	6	116	60	90	3	29	15	22973	0	0.18748831748962402	328500	126.14867067337036	279845	14.811263318112637	
8.673506882816924e+29	90.0	3.426	41.354	21.39	12.637820068375612	657	1039	90	6	116	60	90	3	29	15	22994	0	0.15623903274536133	329000	126.30490970611572	280284	14.807294832826742	
4.379002811431895e+35	90.0	3.364	39.556	20.46	12.637820068375612	658	1039	90	6	116	60	90	3	29	15	23022	0	0.15623998641967773	329500	126.4611496925354	280710	14.807283763277695	
2.226947016341986e+26	90.0	3.38	40.02	20.7	12.637820068375612	659	1039	90	6	116	60	90	3	29	15	23066	0	0.17186212539672852	330000	126.63301181793213	281133	14.808181818181822	
1.4030416449243875e+36	90.0	3.3887775551102206	40.274549098196395	20.831663326653306	12.637820068375612	660	1040	90	6.0	116.0	60.0	90	3.0	29.0	15.0	23102	0	0.12499213218688965	330500	126.75800395011902	281555	14.809379727685325	
2.648456800206221e+35	90.0	3.396793587174349	40.50701402805611	20.95190380761523	12.637820068375612	661	1041	90	6.0	116.0	60.0	90	3.0	29.0	15.0	23142	0	0.2031099796295166	331000	126.96111392974854	281970	14.81268882175226	
8.795291342531264e+47	90.0	3.426	41.354	21.39	12.637820068375612	662	1041	90	6	116	60	90	3	29	15	23186	0	0.15624523162841797	331500	127.11735916137695	282384	14.816289592760185	
2.3513364216643183e+35	90.0	3.432	41.528	21.48	12.637820068375612	663	1041	90	6	116	60	90	3	29	15	23226	0	0.156233549118042	332000	127.273592710495	282813	14.81536144578314	
3.813433923965946e+38	90.0	3.416	41.064	21.24	12.637820068375612	664	1041	90	6	116	60	90	3	29	15	23270	0	0.1874866485595703	332500	127.46107935905457	283230	14.81804511278196	
5.053985895804831e+38	90.0	3.394	40.426	20.91	12.637820068375612	665	1041	90	6	116	60	90	3	29	15	23308	0	0.18748784065246582	333000	127.64856719970703	283658	14.817417417417417	
4.7709237692996836e+39	90.0	3.348	39.092	20.22	12.637820068375612	666	1041	90	6	116	60	90	3	29	15	23348	0	0.17186379432678223	333500	127.82043099403381	284080	14.818590704647676	
2.941514293636611e+41	90.0	3.382	40.078	20.73	12.637820068375612	667	1041	90	6	116	60	90	3	29	15	23387	0	0.1874861717224121	334000	128.00791716575623	284505	14.818862275449106	
1.2129247834153098e+36	90.0	3.3687374749498997	39.6933867735471	20.531062124248496	12.637820068375612	668	1042	90	6.0	116.0	60.0	90	3.0	29.0	15.0	23415	0	0.2031116485595703	334500	128.2110288143158	284936	14.817339312406574	
1.3393292281342757e+36	90.0	3.32	38.28	19.8	12.637820068375612	669	1042	90	6	116	60	90	3	29	15	23443	0	0.17186307907104492	335000	128.38289189338684	285362	14.817313432835817	
1.4017591273320006e+36	90.0	3.396	40.484	20.94	12.637820068375612	670	1042	90	6	116	60	90	3	29	15	23490	0	0.15623879432678223	335500	128.53913068771362	285775	14.82116244411327	
3.1490469199392576e+41	90.0	3.412	40.948	21.18	12.637820068375612	671	1042	90	6	116	60	90	3	29	15	23525	0	0.17186379432678223	336000	128.7109944820404	286198	14.822023809523813	
3.793396467076877e+36	90.0	3.456	42.224	21.84	12.637820068375612	672	1042	90	6	116	60	90	3	29	15	23566	0	0.20311212539672852	336500	128.91410660743713	286619	14.823476968796427	
3.361635086913746e+32	90.0	3.4538152610441766	42.16064257028113	21.80722891566265	12.637820068375612	673	1045	90	6.0	116.0	60.0	90	3.0	29.0	15.0	23588	0	0.1874861717224121	337000	129.10159277915955	287064	14.817804154302678	
2.8520524707266568e+29	90.0	3.458	42.282	21.87	12.637820068375612	674	1045	90	6	116	60	90	3	29	15	23619	0	0.17186355590820312	337500	129.27345633506775	287502	14.814222222222213	
1.6255030554907e+40	90.0	3.47	42.63	22.05	12.637820068375612	675	1045	90	6	116	60	90	3	29	15	23657	0	0.18748688697814941	338000	129.4609432220459	287924	14.815384615384616	
6.494227872425268e+42	90.0	3.486	43.094	22.29	12.637820068375612	676	1045	90	6	116	60	90	3	29	15	23708	0	0.2031116485595703	338500	129.66405487060547	288334	14.820088626292474	
2.6937032088121633e+41	90.0	3.466	42.514	21.99	12.351664454233212	677	1045	90	6	116	60	90	3	29	15	23745	0	0.17186331748962402	339000	129.8359181880951	288758	14.82064896755162	
1.7155128552575956e+40	90.0	3.42	41.18	21.3	12.351664454233212	678	1045	90	6	116	60	90	3	29	15	23794	0	0.12499141693115234	339500	129.96090960502625	289177	14.822680412371142	
7.350966239600898e+33	90.0	3.38	40.02	20.7	12.351664454233212	679	1045	90	6	116	60	90	3	29	15	23819	0	0.14061474800109863	340000	130.10152435302734	289623	14.816764705882363	
2.7680068019891853e+39	90.0	3.354	39.266	20.31	12.351664454233212	680	1045	90	6	116	60	90	3	29	15	23859	0	0.17186355590820312	340500	130.27338790893555	290037	14.820264317180616	
4.459605420495678e+29	90.0	3.36	39.44	20.4	12.351664454233212	681	1045	90	6	116	60	90	3	29	15	23897	0	0.15624165534973145	341000	130.42962956428528	290460	14.821114369501458	
7.419506970010127e+33	90.0	3.38	40.02	20.7	12.351664454233212	682	1045	90	6	116	60	90	3	29	15	23930	0	0.203108549118042	341500	130.63273811340332	290875	14.82430453879941	
2.617152450752936e+38	90.0	3.394	40.426	20.91	12.351664454233212	683	1045	90	6	116	60	90	3	29	15	23968	0	0.1874866485595703	342000	130.8202247619629	291300	14.824561403508767	
2.621193877540517e+26	90.0	3.44689378757515	41.95991983967936	21.703406813627254	12.351664454233212	684	1046	90	6.0	116.0	60.0	90	3.0	29.0	15.0	23997	0	0.15623998641967773	342500	130.97646474838257	291722	14.82569343065694	
3.5151436963785226e+27	90.0	3.42	41.18	21.3	12.351664454233212	685	1046	90	6	116	60	90	3	29	15	24035	0	0.17186331748962402	343000	131.1483280658722	292152	14.824489795918367	
1.3790410122048974e+37	90.0	3.384	40.136	20.76	12.351664454233212	686	1046	90	6	116	60	90	3	29	15	24076	0	0.18748688697814941	343500	131.33581495285034	292574	14.82561863173217	
9.296201672496655e+32	90.0	3.44	41.76	21.6	12.351664454233212	687	1046	90	6	116	60	90	3	29	15	24119	0	0.15623903274536133	344000	131.4920539855957	292994	14.827325581395343	
3.123659800888747e+33	90.0	3.454	42.166	21.81	12.351664454233212	688	1046	90	6	116	60	90	3	29	15	24153	0	0.17186403274536133	344500	131.66391801834106	293412	14.829608127721343	
3.523938377089697e+31	90.0	3.3847695390781563	40.15831663326653	20.771543086172343	12.351664454233212	689	1047	90	6.0	116.0	60.0	90	3.0	29.0	15.0	24185	0	0.2031111717224121	345000	131.86702919006348	293838	14.829565217391306	
1.2783449856183977e+31	90.0	3.42	41.18	21.3	12.351664454233212	690	1047	90	6	116	60	90	3	29	15	24222	0	0.2031104564666748	345500	132.07013964653015	294263	14.829811866859615	
5.184609315845291e+29	90.0	3.378	39.962	20.67	12.351664454233212	691	1047	90	6	116	60	90	3	29	15	24263	0	0.17186379432678223	346000	132.24200344085693	294676	14.833526011560693	
2.235839857457371e+37	90.0	3.374749498997996	39.86773547094188	20.62124248496994	12.351664454233212	692	1048	90	6.0	116.0	60.0	90	3.0	29.0	15.0	24300	0	0.1874866485595703	346500	132.4294900894165	295100	14.83405483405484	
9.606004080474241e+39	90.0	3.4	40.6	21.0	12.351664454233212	693	1048	90	6	116	60	90	3	29	15	24338	0	0.2031116485595703	347000	132.63260173797607	295509	14.838904899135457	
3.1919851406277413e+28	90.0	3.4248496993987976	41.32064128256513	21.372745490981963	12.351664454233212	694	1049	90	6.0	116.0	60.0	90	3.0	29.0	15.0	24388	0	0.1836535930633545	347500	132.81625533103943	295924	14.842014388489204	
3.997660870628094e+27	90.0	3.414	41.006	21.21	12.351664454233212	695	1049	90	6	116	60	90	3	29	15	24439	0	0.2187333106994629	348000	133.0349886417389	296338	14.845402298850573	
1.9976867428337915e+31	90.0	3.466	42.514	21.99	12.351664454233212	696	1049	90	6	116	60	90	3	29	15	24485	0	0.2031104564666748	348500	133.23809909820557	296767	14.844476327116212	
1.7915231170245682e+32	90.0	3.432865731462926	41.55310621242485	21.492985971943888	12.351664454233212	697	1050	90	6.0	116.0	60.0	90	3.0	29.0	15.0	24532	0	0.18748807907104492	349000	133.4255871772766	297183	14.847277936962755	
1.1342726323954317e+40	90.0	3.4488977955911824	42.01803607214429	21.733466933867735	12.351664454233212	698	1051	90	6.0	116.0	60.0	90	3.0	29.0	15.0	24576	0	0.17186188697814941	349500	133.59744906425476	297601	14.849499284692413	
4.5234415685123716e+30	90.0	3.404809619238477	40.73947895791583	21.072144288577153	12.351664454233212	699	1052	90	6.0	116.0	60.0	90	3.0	29.0	15.0	24620	0	0.2187354564666748	350000	133.81618452072144	298010	14.854285714285709	
3.752099425495565e+26	90.0	3.3947895791583167	40.44889779559118	20.92184368737475	12.349004224714756	700	1053	90	6.0	116.0	60.0	90	3.0	29.0	15.0	24663	0	0.18748784065246582	350500	134.0036723613739	298427	14.856776034236802	
1.635028601932419e+40	90.0	3.432	41.528	21.48	12.349004224714756	701	1053	90	6	116	60	90	3	29	15	24707	0	0.15623927116394043	351000	134.15991163253784	298844	14.859259259259261	
1.6128005960978093e+31	90.0	3.470941883767535	42.657314629258515	22.064128256513026	12.349004224714756	702	1054	90	6.0	116.0	60.0	90	3.0	29.0	15.0	24743	0	0.2031106948852539	351500	134.3630223274231	299272	14.858605974395445	
6.898454994738226e+37	90.0	3.438877755511022	41.72745490981964	21.583166332665332	12.349004224714756	703	1055	90	6.0	116.0	60.0	90	3.0	29.0	15.0	24790	0	0.15623927116394043	352000	134.51926159858704	299694	14.85965909090909	
2.76664552310014e+37	90.0	3.44	41.76	21.6	12.349004224714756	704	1055	90	6	116	60	90	3	29	15	24833	0	0.15623879432678223	352500	134.67550039291382	300111	14.862127659574469	
1.2345053503578317e+38	90.0	3.414	41.006	21.21	12.349004224714756	705	1055	90	6	116	60	90	3	29	15	24870	0	0.17186355590820312	353000	134.84736394882202	300538	14.86175637393768	
5.288116622613422e+33	90.0	3.38	40.02	20.7	12.349004224714756	706	1055	90	6	116	60	90	3	29	15	24914	0	0.18748736381530762	353500	135.03485131263733	300946	14.86676096181047	
1.2532800066651443e+41	90.0	3.384	40.136	20.76	12.348992819021372	707	1055	90	6	116	60	90	3	29	15	24963	0	0.15623998641967773	354000	135.191091299057	301364	14.86892655367231	
2.6240296195896707e+42	90.0	3.428857715430862	41.43687374749499	21.432865731462925	12.348992819021372	708	1056	90	6.0	116.0	60.0	90	3.0	29.0	15.0	25009	0	0.14061474800109863	354500	135.3317060470581	301785	14.870239774330045	
5.690041555267072e+34	90.0	3.4627766599597587	42.420523138833	21.941649899396378	12.348992819021372	709	1059	90	6.0	116.0	60.0	90	3.0	29.0	15.0	25061	0	0.2187347412109375	355000	135.55044078826904	302192	14.875492957746488	
5.509888441097321e+41	90.0	3.442	41.818	21.63	12.348992819021372	710	1059	90	6	116	60	90	3	29	15	25097	0	0.12499094009399414	355500	135.67543172836304	302625	14.87341772151899	
3.5914728110522175e+39	90.0	3.416	41.064	21.24	12.348992819021372	711	1059	90	6	116	60	90	3	29	15	25136	0	0.203110933303833	356000	135.87854266166687	303052	14.873033707865176	
7.108086415887818e+28	90.0	3.414829659318637	41.03006012024048	21.22244488977956	12.348992819021372	712	1060	90	6.0	116.0	60.0	90	3.0	29.0	15.0	25177	0	0.2031114101409912	356500	136.08165407180786	303469	14.875455820476859	
1.5586358974663408e+40	90.0	3.408	40.832	21.12	12.348992819021372	713	1060	90	6	116	60	90	3	29	15	25223	0	0.15623974800109863	357000	136.23789381980896	303886	14.877871148459391	
4.544260484578961e+37	90.0	3.338	38.802	20.07	12.348992819021372	714	1060	90	6	116	60	90	3	29	15	25265	0	0.2656066417694092	357500	136.50350046157837	304302	14.880559440559438	
1.050899480083727e+28	90.0	3.416	41.064	21.24	12.348992819021372	715	1060	90	6	116	60	90	3	29	15	25309	0	0.18748688697814941	358000	136.69098734855652	304721	14.88240223463687	
1.3991564738307347e+37	90.0	3.3486973947895793	39.1122244488978	20.230460921843687	12.348992819021372	716	1061	90	6.0	116.0	60.0	90	3.0	29.0	15.0	25356	0	0.15624141693115234	358500	136.84722876548767	305140	14.884239888423991	
8.117860193644662e+27	90.0	3.34	38.86	20.1	12.345766571267735	717	1061	90	6	116	60	90	3	29	15	25391	0	0.12498950958251953	359000	136.9722182750702	305563	14.884958217270196	
1.2129826038939167e+38	90.0	3.322	38.338	19.83	12.345766571267735	718	1061	90	6	116	60	90	3	29	15	25427	0	0.17186450958251953	359500	137.1440827846527	305981	14.887065368567448	
3.034776073361208e+38	90.0	3.362	39.498	20.43	12.345766571267735	719	1061	90	6	116	60	90	3	29	15	25463	0	0.14061474800109863	360000	137.2846975326538	306406	14.88722222222222	
2.7774292796757206e+39	90.0	3.374	39.846	20.61	12.345766571267735	720	1061	90	6	116	60	90	3	29	15	25503	0	0.14061617851257324	360500	137.42531371116638	306832	14.887101248266305	
1.9251579735641442e+28	90.0	3.358	39.382	20.37	12.345766571267735	721	1061	90	6	116	60	90	3	29	15	25528	0	0.17186212539672852	361000	137.5971758365631	307271	14.883379501385036	
9.199237564002551e+35	90.0	3.350701402805611	39.170340681362724	20.260521042084168	12.345766571267735	722	1062	90	6.0	116.0	60.0	90	3.0	29.0	15.0	25567	0	0.12499141693115234	361500	137.72216725349426	307690	14.885200553250343	
7.040388276420527e+39	90.0	3.39	40.31	20.85	12.345766571267735	723	1062	90	6	116	60	90	3	29	15	25617	0	0.18748736381530762	362000	137.90965461730957	308095	14.890883977900543	
3.913272116639691e+29	90.0	3.36	39.44	20.4	12.345766571267735	724	1062	90	6	116	60	90	3	29	15	25661	0	0.15623879432678223	362500	138.06589341163635	308506	14.89489655172413	
4.041244358290801e+38	90.0	3.3867735470941884	40.21643286573146	20.801603206412825	12.345766571267735	725	1063	90	6.0	116.0	60.0	90	3.0	29.0	15.0	25700	0	0.2031111717224121	363000	138.26900458335876	308933	14.894490358126717	
9.153929994858957e+34	90.0	3.428	41.412	21.42	12.345766571267735	726	1064	90	6	116	60	90	3	29	15	25743	0	0.203110933303833	363500	138.4721155166626	309347	14.897661623108675	
1.0367098105389814e+37	90.0	3.428	41.412	21.42	12.345766571267735	727	1064	90	6	116	60	90	3	29	15	25785	0	0.2031111717224121	364000	138.675226688385	309766	14.899450549450549	
1.0137835579028911e+39	90.0	3.3547094188376754	39.28657314629258	20.32064128256513	12.345766571267735	728	1065	90	6.0	116.0	60.0	90	3.0	29.0	15.0	25822	0	0.17186474800109863	364500	138.8470914363861	310187	14.90068587105624	
3.282949344063755e+32	90.0	3.336	38.744	20.04	12.345766571267735	729	1065	90	6	116	60	90	3	29	15	25858	0	0.1833038330078125	365000	139.03039526939392	310619	14.89890410958904	
5.590340435609742e+34	90.0	3.354	39.266	20.31	12.345766571267735	730	1065	90	6	116	60	90	3	29	15	25891	0	0.2031114101409912	365500	139.2335066795349	311047	14.898221614227083	
8.557102266129977e+36	90.0	3.346	39.034	20.19	12.345766571267735	731	1065	90	6	116	60	90	3	29	15	25920	0	0.17186284065246582	366000	139.40536952018738	311473	14.89808743169398	
9.427230077024192e+34	90.0	3.372	39.788	20.58	12.345766571267735	732	1065	90	6	116	60	90	3	29	15	25951	0	0.18748760223388672	366500	139.59285712242126	311910	14.894952251023199	
2.5006686997951337e+33	90.0	3.372	39.788	20.58	12.345766571267735	733	1065	90	6	116	60	90	3	29	15	25988	0	0.15624022483825684	367000	139.74909734725952	312330	14.896457765667577	
4.08675910731162e+39	90.0	3.378	39.962	20.67	12.345766571267735	734	1065	90	6	116	60	90	3	29	15	26032	0	0.15623927116394043	367500	139.90533661842346	312749	14.89823129251701	
1.637541644076994e+40	90.0	3.388	40.252	20.82	12.345766571267735	735	1065	90	6	116	60	90	3	29	15	26061	0	0.14061403274536133	368000	140.04595065116882	313191	14.893749999999997	
8.829045624211966e+39	90.0	3.398	40.542	20.97	12.345766571267735	736	1065	90	6	116	60	90	3	29	15	26105	0	0.18748712539672852	368500	140.23343777656555	313614	14.894436906377209	
1.834796963805641e+40	90.0	3.428	41.412	21.42	12.345766571267735	737	1065	90	6	116	60	90	3	29	15	26142	0	0.18748712539672852	369000	140.42092490196228	314037	14.895121951219508	
1.3053060610406005e+34	90.0	3.4268537074148298	41.37875751503006	21.402805611222444	12.345766571267735	738	1066	90	6.0	116.0	60.0	90	3.0	29.0	15.0	26205	0	0.17186355590820312	369500	140.59278845787048	314438	14.901759133964816	
1.0252673359024272e+34	90.0	3.3266533066132267	38.47294589178357	19.899799599198396	12.345766571267735	739	1067	90	6.0	116.0	60.0	90	3.0	29.0	15.0	26239	0	0.17186427116394043	370000	140.76465272903442	314863	14.901891891891893	
2.6053439964558717e+34	90.0	3.396	40.484	20.94	12.345766571267735	740	1067	90	6	116	60	90	3	29	15	26279	0	0.15623879432678223	370500	140.9208915233612	315292	14.900944669365728	
3.525249011035002e+37	90.0	3.4477911646586343	41.9859437751004	21.716867469879517	12.345766571267735	741	1069	90	6.0	116.0	60.0	90	3.0	29.0	15.0	26312	0	0.2031104564666748	371000	141.12400197982788	315713	14.902156334231805	
6.036132894233404e+37	90.0	3.488	43.152	22.32	12.345766571267735	742	1069	90	6	116	60	90	3	29	15	26346	0	0.18748712539672852	371500	141.3114891052246	316148	14.899596231493945	
4.48970062083222e+34	90.0	3.406813627254509	40.79759519038076	21.102204408817634	12.345766571267735	743	1070	90	6.0	116.0	60.0	90	3.0	29.0	15.0	26372	0	0.12499165534973145	372000	141.43648076057434	316578	14.898387096774186	
4.4022885800347916e+33	90.0	3.3855421686746987	40.18072289156626	20.783132530120483	12.345766571267735	744	1072	90	6.0	116.0	60.0	90	3.0	29.0	15.0	26417	0	0.17186260223388672	372500	141.60834336280823	316986	14.903087248322151	
1.4783965880248498e+48	90.0	3.366	39.614	20.49	12.345766571267735	745	1072	90	6	116	60	90	3	29	15	26455	0	0.2187354564666748	373000	141.8270788192749	317411	14.903217158176943	
2.1071595641871732e+41	90.0	3.392	40.368	20.88	12.345766571267735	746	1072	90	6	116	60	90	3	29	15	26494	0	0.2031116485595703	373500	142.03019046783447	317837	14.903078982597052	
7.568393872221208e+29	90.0	3.398	40.542	20.97	12.345766571267735	747	1072	90	6	116	60	90	3	29	15	26538	0	0.15623879432678223	374000	142.18642926216125	318250	14.906417112299465	
1.7189814428382963e+36	90.0	3.382	40.078	20.73	12.345766571267735	748	1072	90	6	116	60	90	3	29	15	26576	0	0.15623927116394043	374500	142.3426685333252	318667	14.908678237650193	
1.0872398494554162e+23	90.0	3.38	40.02	20.7	12.345766571267735	749	1072	90	6	116	60	90	3	29	15	26610	0	0.14061474800109863	375000	142.4832832813263	319084	14.910933333333332	
1.1543492118841339e+35	90.0	3.362	39.498	20.43	12.345766571267735	750	1072	90	6	116	60	90	3	29	15	26658	0	0.20311188697814941	375500	142.68639516830444	319494	14.91504660452729	
8.814172112161248e+30	90.0	3.332	38.628	19.98	12.345766571267735	751	1072	90	6	116	60	90	3	29	15	26695	0	0.17186474800109863	376000	142.85825991630554	319920	14.914893617021278	
1.9025326439529357e+38	90.0	3.328	38.512	19.92	12.345766571267735	752	1072	90	6	116	60	90	3	29	15	26730	0	0.15623760223388672	376500	143.01449751853943	320341	14.916069057104906	
2.3847066098453237e+32	90.0	3.298	37.642	19.47	12.345766571267735	753	1072	90	6	116	60	90	3	29	15	26761	0	0.15623950958251953	377000	143.17073702812195	320764	14.91671087533156	
2.0936028459498008e+39	90.0	3.344	38.976	20.16	12.345766571267735	754	1072	90	6	116	60	90	3	29	15	26797	0	0.15623927116394043	377500	143.3269762992859	321192	14.91602649006623	
6.1506735001505815e+32	90.0	3.374	39.846	20.61	12.345766571267735	755	1072	90	6	116	60	90	3	29	15	26829	0	0.14061617851257324	378000	143.46759247779846	321615	14.916666666666671	
2.958747405122088e+36	90.0	3.4208416833667337	41.20440881763527	21.312625250501004	12.345766571267735	756	1073	90	6.0	116.0	60.0	90	3.0	29.0	15.0	26857	0	0.2031102180480957	378500	143.67070269584656	322037	14.917569352708057	
8.523280350965499e+35	90.0	3.4989939637826963	43.47082494969819	22.484909456740443	12.345766571267735	757	1076	90	6.0	116.0	60.0	90	3.0	29.0	15.0	26900	0	0.2031116485595703	379000	143.87381434440613	322450	14.92084432717678	
2.0999674352767295e+34	90.0	3.406	40.774	21.09	12.345766571267735	758	1076	90	6	116	60	90	3	29	15	26937	0	0.18748736381530762	379500	144.06130170822144	322867	14.923056653491443	
2.87637558000361e+40	90.0	3.362	39.498	20.43	12.345766571267735	759	1076	90	6	116	60	90	3	29	15	26968	0	0.2031104564666748	380000	144.2644121646881	323296	14.922105263157889	
5.643194702835998e+36	90.0	3.316	38.164	19.74	12.345766571267735	760	1076	90	6	116	60	90	3	29	15	27004	0	0.18748712539672852	380500	144.45189929008484	323709	14.925361366622866	
1.7803891098441963e+34	90.0	3.37875751503006	39.983967935871746	20.681362725450903	12.345766571267735	761	1077	90	6.0	116.0	60.0	90	3.0	29.0	15.0	27027	0	0.2187347412109375	381000	144.67063403129578	324144	14.922834645669298	
3.8463068303861178e+34	90.0	3.346	39.034	20.19	12.343508466535614	762	1077	90	6	116	60	90	3	29	15	27056	0	0.17186331748962402	381500	144.8424973487854	324583	14.919266055045881	
1.5115218011768868e+36	90.0	3.31	37.99	19.65	12.343508466535614	763	1077	90	6	116	60	90	3	29	15	27098	0	0.1718733310699463	382000	145.01437067985535	324998	14.921989528795805	
1.5286378415618088e+35	90.0	3.392	40.368	20.88	12.343508466535614	764	1077	90	6	116	60	90	3	29	15	27140	0	0.15622949600219727	382500	145.17060017585754	325411	14.925228758169936	
4.3301595441007865e+40	90.0	3.31	37.99	19.65	12.343508466535614	765	1077	90	6	116	60	90	3	29	15	27162	0	0.2031114101409912	383000	145.37371158599854	325849	14.921932114882509	
6.428919122205969e+38	90.0	3.322	38.338	19.83	12.343508466535614	766	1077	90	6	116	60	90	3	29	15	27198	0	0.14061450958251953	383500	145.51432609558105	326280	14.920469361147326	
2.6325054796164613e+40	90.0	3.36	39.44	20.4	12.343508466535614	767	1077	90	6	116	60	90	3	29	15	27234	0	0.18748736381530762	384000	145.70181345939636	326704	14.920833333333334	
1.4551271536186162e+34	90.0	3.406813627254509	40.79759519038076	21.102204408817634	12.343508466535614	768	1078	90	6.0	116.0	60.0	90	3.0	29.0	15.0	27272	0	0.18748712539672852	384500	145.8893005847931	327123	14.922496749024702	
1.4862961530279902e+33	90.0	3.4108216432865732	40.91382765531062	21.162324649298597	12.343508466535614	769	1079	90	6.0	116.0	60.0	90	3.0	29.0	15.0	27297	0	0.18748807907104492	385000	146.07678866386414	327558	14.920000000000002	
5.380251517334603e+24	90.0	3.458	42.282	21.87	12.343508466535614	770	1079	90	6	116	60	90	3	29	15	27344	0	0.2031111717224121	385500	146.27989983558655	327976	14.921919584954608	
4.492104796937239e+30	90.0	3.4108216432865732	40.91382765531062	21.162324649298597	12.343508466535614	771	1080	90	6.0	116.0	60.0	90	3.0	29.0	15.0	27384	0	0.15623879432678223	386000	146.43613862991333	328400	14.922279792746124	
1.044988020346734e+39	90.0	3.446	41.934	21.69	12.343508466535614	772	1080	90	6	116	60	90	3	29	15	27424	0	0.2187356948852539	386500	146.65487432479858	328832	14.920569210866745	
2.9231645801996124e+26	90.0	3.46	42.34	21.9	12.343508466535614	773	1080	90	6	116	60	90	3	29	15	27458	0	0.17186260223388672	387000	146.82673692703247	329273	14.916537467700266	
1.4137220335631638e+40	90.0	3.494	43.326	22.41	12.343508466535614	774	1080	90	6	116	60	90	3	29	15	27504	0	0.20311188697814941	387500	147.02984881401062	329694	14.917677419354831	
6.164310347202652e+39	90.0	3.512	43.848	22.68	12.343508466535614	775	1080	90	6	116	60	90	3	29	15	27558	0	0.14061498641967773	388000	147.1704638004303	330112	14.919587628865983	
2.041805413198409e+36	90.0	3.462	42.398	21.93	12.343508466535614	776	1080	90	6	116	60	90	3	29	15	27599	0	0.20311188697814941	388500	147.37357568740845	330530	14.921492921492913	
1.262517602439652e+33	90.0	3.408	40.832	21.12	12.343508466535614	777	1080	90	6	116	60	90	3	29	15	27644	0	0.12499070167541504	389000	147.49856638908386	330947	14.92365038560412	
2.5697570357245146e+37	90.0	3.29	37.41	19.35	12.343508466535614	778	1080	90	6	116	60	90	3	29	15	27671	0	0.14061474800109863	389500	147.63918113708496	331368	14.924775353016685	
2.2571399349407577e+39	90.0	3.286	37.294	19.29	12.343508466535614	779	1080	90	6	116	60	90	3	29	15	27707	0	0.18748831748962402	390000	147.82666945457458	331786	14.926666666666662	
1.3667911343975043e+40	90.0	3.346	39.034	20.19	12.343508466535614	780	1080	90	6	116	60	90	3	29	15	27744	0	0.18748760223388672	390500	148.01415705680847	332213	14.926248399487847	
7.338444452679801e+36	90.0	3.32	38.28	19.8	12.343508466535614	781	1080	90	6	116	60	90	3	29	15	27792	0	0.2031095027923584	391000	148.21726655960083	332622	14.9304347826087	
2.79574255225247e+33	90.0	3.294	37.526	19.41	12.343508466535614	782	1080	90	6	116	60	90	3	29	15	27831	0	0.18748736381530762	391500	148.40475392341614	333042	14.931800766283516	
8.209451179484432e+32	90.0	3.34	38.86	20.1	12.343508466535614	783	1080	90	6	116	60	90	3	29	15	27877	0	0.20311188697814941	392000	148.6078658103943	333456	14.934693877551013	
9.439521362042911e+34	90.0	3.352	39.208	20.28	12.343508466535614	784	1080	90	6	116	60	90	3	29	15	27926	0	0.17186236381530762	392500	148.7797281742096	333880	14.935031847133757	
6.627173898080351e+36	90.0	3.288	37.352	19.32	12.343508466535614	785	1080	90	6	116	60	90	3	29	15	27965	0	0.14061522483825684	393000	148.92034339904785	334295	14.937659033078873	
3.776094253159081e+36	90.0	3.32	38.28	19.8	12.343508466535614	786	1080	90	6	116	60	90	3	29	15	28007	0	0.1718733310699463	393500	149.0922167301178	334706	14.941296060991107	
1.4619549544761879e+29	90.0	3.322	38.338	19.83	12.343508466535614	787	1080	90	6	116	60	90	3	29	15	28038	0	0.15622973442077637	394000	149.24844646453857	335134	14.940609137055844	
4.165582678363905e+40	90.0	3.2945891783567136	37.54308617234469	19.4188376753507	12.343508466535614	788	1081	90	6.0	116.0	60.0	90	3.0	29.0	15.0	28061	0	0.17186427116394043	394500	149.42031073570251	335562	14.939923954372631	
1.5481238118717115e+36	90.0	3.3	37.7	19.5	12.343508466535614	789	1081	90	6	116	60	90	3	29	15	28097	0	0.15623855590820312	395000	149.57654929161072	335979	14.942025316455698	
3.978281366972869e+23	90.0	3.308	37.932	19.62	12.343508466535614	790	1081	90	6	116	60	90	3	29	15	28130	0	0.10936737060546875	395500	149.6859166622162	336407	14.941340075853347	
1.0582644529757918e+39	90.0	3.286	37.294	19.29	12.343508466535614	791	1081	90	6	116	60	90	3	29	15	28168	0	0.1874864101409912	396000	149.87340307235718	336824	14.943434343434348	
4.607965064809209e+27	90.0	3.292	37.468	19.38	12.343508466535614	792	1081	90	6	116	60	90	3	29	15	28207	0	0.15623950958251953	396500	150.0296425819397	337255	14.941992433795718	
8.481339274223284e+45	90.0	3.258	36.482	18.87	12.343508466535614	793	1081	90	6	116	60	90	3	29	15	28247	0	0.18748760223388672	397000	150.21713018417358	337668	14.945088161209057	
1.11956034716722e+40	90.0	3.31	37.99	19.65	12.343508466535614	794	1081	90	6	116	60	90	3	29	15	28279	0	0.18748712539672852	397500	150.4046173095703	338096	14.944402515723269	
1.0054624315656112e+37	90.0	3.32064128256513	38.298597194388776	19.809619238476955	12.343508466535614	795	1082	90	6.0	116.0	60.0	90	3.0	29.0	15.0	28313	0	0.20311260223388672	398000	150.6077299118042	338534	14.941206030150752	
1.6194438335488836e+34	90.0	3.386	40.194	20.79	12.343508466535614	796	1082	90	6	116	60	90	3	29	15	28356	0	0.1874864101409912	398500	150.7952163219452	338961	14.940777917189465	
7.049572986039339e+33	90.0	3.428	41.412	21.42	12.343508466535614	797	1082	90	6	116	60	90	3	29	15	28401	0	0.18748712539672852	399000	150.98270344734192	339389	14.940100250626571	
5.7340685911809855e+40	90.0	3.468937875751503	42.59919839679359	22.034068136272545	12.343508466535614	798	1083	90	6.0	116.0	60.0	90	3.0	29.0	15.0	28447	0	0.18748784065246582	399500	151.17019128799438	339813	14.940425531914897	
1.7425614501577845e+37	90.0	3.472	42.688	22.08	12.343508466535614	799	1083	90	6	116	60	90	3	29	15	28486	0	0.26560497283935547	400000	151.43579626083374	340235	14.941249999999997	
2.006514159367184e+35	90.0	3.44	41.76	21.6	12.343508466535614	800	1083	90	6	116	60	90	3	29	15	28534	0	0.15624141693115234	400500	151.5920376777649	340651	14.943570536828972	
1.0213444229279808e+37	90.0	3.412	40.948	21.18	12.343508466535614	801	1083	90	6	116	60	90	3	29	15	28578	0	0.1874849796295166	401000	151.7795226573944	341066	14.946134663341653	
4.728438543730781e+35	90.0	3.42	41.18	21.3	12.343508466535614	802	1083	90	6	116	60	90	3	29	15	28619	0	0.1837475299835205	401500	151.96327018737793	341484	14.947945205479456	
2.1858835168907776e+32	90.0	3.418	41.122	21.27	12.343508466535614	803	1083	90	6	116	60	90	3	29	15	28665	0	0.17186546325683594	402000	152.13513565063477	341897	14.950995024875624	
1.1718799864512505e+39	90.0	3.358	39.382	20.37	12.343508466535614	804	1083	90	6	116	60	90	3	29	15	28703	0	0.171860933303833	402500	152.3069965839386	342309	14.954285714285703	
4.499923461655271e+38	90.0	3.402805611222445	40.6813627254509	21.04208416833667	12.343435934817848	805	1084	90	6.0	116.0	60.0	90	3.0	29.0	15.0	28750	0	0.18748760223388672	403000	152.49448418617249	342722	14.957320099255583	
1.695905948325328e+38	90.0	3.3887775551102206	40.274549098196395	20.831663326653306	12.343435934817848	806	1085	90	6.0	116.0	60.0	90	3.0	29.0	15.0	28797	0	0.18748688697814941	403500	152.68197107315063	343136	14.960099132589846	
3.1581989478110826e+33	90.0	3.37	39.73	20.55	12.343435934817848	807	1085	90	6	116	60	90	3	29	15	28830	0	0.16549324989318848	404000	152.84746432304382	343564	14.959405940594067	
4.1395477714052777e+43	90.0	3.372	39.788	20.58	12.343435934817848	808	1085	90	6	116	60	90	3	29	15	28871	0	0.2031106948852539	404500	153.05057501792908	343987	14.959950556242276	
2.821734106036594e+42	90.0	3.432	41.528	21.48	12.343435934817848	809	1085	90	6	116	60	90	3	29	15	28917	0	0.1874864101409912	405000	153.23806142807007	344399	14.963209876543218	
3.3719213431268547e+41	90.0	3.4	40.6	21.0	12.343435934817848	810	1085	90	6	116	60	90	3	29	15	28972	0	0.17186450958251953	405500	153.4099259376526	344813	14.965967940813812	
1.70557901636928e+42	90.0	3.464	42.456	21.96	12.343435934817848	811	1085	90	6	116	60	90	3	29	15	29015	0	0.2031104564666748	406000	153.61303639411926	345239	14.96576354679803	
1.9152533769982642e+39	90.0	3.46	42.34	21.9	12.343435934817848	812	1085	90	6	116	60	90	3	29	15	29052	0	0.17186355590820312	406500	153.78489995002747	345664	14.965805658056581	
1.6655524079259307e+42	90.0	3.464929859719439	42.482965931863724	21.973947895791582	12.343435934817848	813	1086	90	6.0	116.0	60.0	90	3.0	29.0	15.0	29083	0	0.2187352180480957	407000	154.00363516807556	346083	14.967321867321871	
8.090357402536462e+37	90.0	3.4929859719438876	43.296593186372746	22.394789579158317	12.343435934817848	814	1087	90	6.0	116.0	60.0	90	3.0	29.0	15.0	29118	0	0.14061546325683594	407500	154.1442506313324	346505	14.968098159509196	
3.488209712394687e+31	90.0	3.458917835671343	42.30861723446894	21.88376753507014	12.343435934817848	815	1088	90	6.0	116.0	60.0	90	3.0	29.0	15.0	29154	0	0.1874866485595703	408000	154.33173727989197	346943	14.96495098039216	
4.046642736223046e+35	90.0	3.432	41.528	21.48	12.343435934817848	816	1088	90	6	116	60	90	3	29	15	29198	0	0.18439674377441406	408500	154.51613402366638	347359	14.967197062423494	
3.393440707195633e+42	90.0	3.504	43.616	22.56	12.343435934817848	817	1088	90	6	116	60	90	3	29	15	29245	0	0.18748855590820312	409000	154.70362257957458	347780	14.96821515892421	
2.5016369906684837e+35	90.0	3.45	42.05	21.75	12.343435934817848	818	1088	90	6	116	60	90	3	29	15	29296	0	0.18748879432678223	409500	154.89111137390137	348199	14.96971916971917	
1.6899620912937305e+32	90.0	3.458	42.282	21.87	12.343435934817848	819	1089	90	6	116	60	90	3	29	15	29340	0	0.2031099796295166	410000	155.09422135353088	348628	14.968780487804878	
2.3175394919209382e+42	90.0	3.468937875751503	42.59919839679359	22.034068136272545	12.343435934817848	820	1090	90	6.0	116.0	60.0	90	3.0	29.0	15.0	29381	0	0.20311188697814941	410500	155.29733324050903	349049	14.969792935444588	
2.1983748498378305e+35	90.0	3.446	41.934	21.69	12.343435934817848	821	1090	90	6	116	60	90	3	29	15	29427	0	0.1718614101409912	411000	155.46919465065002	349464	14.972262773722633	
6.4141331245935516e+38	90.0	3.434869739478958	41.611222444889776	21.52304609218437	12.343435934817848	822	1091	90	6.0	116.0	60.0	90	3.0	29.0	15.0	29468	0	0.2343592643737793	411500	155.7035539150238	349881	14.974240583232074	
4.055962511098828e+35	90.0	3.416	41.064	21.24	12.343435934817848	823	1091	90	6	116	60	90	3	29	15	29501	0	0.2031106948852539	412000	155.90666460990906	350306	14.974271844660194	
1.884301262707102e+37	90.0	3.382	40.078	20.73	12.343435934817848	824	1091	90	6	116	60	90	3	29	15	29524	0	0.14061570167541504	412500	156.04728031158447	350753	14.968969696969694	
5.786494488565262e+35	90.0	3.346	39.034	20.19	12.343435934817848	825	1091	90	6	116	60	90	3	29	15	29554	0	0.17186284065246582	413000	156.21914315223694	351178	14.96900726392252	
9.408568801392328e+38	90.0	3.392	40.368	20.88	12.343435934817848	826	1091	90	6	116	60	90	3	29	15	29592	0	0.18748784065246582	413500	156.4066309928894	351609	14.967593712212818	
2.7296811933962184e+41	90.0	3.3587174348697393	39.40280561122245	20.380761523046093	12.343435934817848	827	1092	90	6.0	116.0	60.0	90	3.0	29.0	15.0	29620	0	0.15624046325683594	414000	156.56287145614624	352035	14.967391304347828	
6.484949962439427e+25	90.0	3.372	39.788	20.58	12.343435934817848	828	1092	90	6	116	60	90	3	29	15	29666	0	0.2031104564666748	414500	156.76598191261292	352443	14.971531966224376	
4.528243197738308e+31	90.0	3.37	39.73	20.55	12.343435934817848	829	1092	90	6	116	60	90	3	29	15	29708	0	0.17430877685546875	415000	156.94029068946838	352860	14.973493975903622	
1.7654339912062033e+39	90.0	3.356	39.324	20.34	12.343435934817848	830	1092	90	6	116	60	90	3	29	15	29748	0	0.18748760223388672	415500	157.12777829170227	353278	14.975210589651027	
4.0192786816954536e+29	90.0	3.398	40.542	20.97	12.343435934817848	831	1092	90	6	116	60	90	3	29	15	29778	0	0.15623927116394043	416000	157.2840175628662	353712	14.973076923076917	
8.841532580169896e+38	90.0	3.37	39.73	20.55	12.343435934817848	832	1092	90	6	116	60	90	3	29	15	29808	0	0.2031111717224121	416500	157.48712873458862	354141	14.972148859543822	
7.272210571734559e+33	90.0	3.396	40.484	20.94	12.343435934817848	833	1092	90	6	116	60	90	3	29	15	29864	0	0.18748688697814941	417000	157.67461562156677	354549	14.976258992805754	
1.9835394797113573e+34	90.0	3.336	38.744	20.04	12.343435934817848	834	1092	90	6	116	60	90	3	29	15	29907	0	0.14061737060546875	417500	157.81523299217224	354974	14.976287425149707	
1.4941449705367546e+26	90.0	3.312	38.048	19.68	12.343435934817848	835	1092	90	6	116	60	90	3	29	15	29949	0	0.15623831748962402	418000	157.97147130966187	355394	14.977511961722485	
2.1588049880382256e+40	90.0	3.376	39.904	20.64	12.343435934817848	836	1092	90	6	116	60	90	3	29	15	29977	0	0.17186236381530762	418500	158.14333367347717	355821	14.977060931899643	
6.759956247460716e+37	90.0	3.304	37.816	19.56	12.343435934817848	837	1092	90	6	116	60	90	3	29	15	30019	0	0.15623998641967773	419000	158.29957365989685	356236	14.979474940334129	
1.2468091699173926e+39	90.0	3.302	37.758	19.53	12.343435934817848	838	1092	90	6	116	60	90	3	29	15	30044	0	0.15624117851257324	419500	158.45581483840942	356663	14.979022646007152	
1.0795251745741506e+32	90.0	3.262	36.598	18.93	12.343435934817848	839	1092	90	6	116	60	90	3	29	15	30078	0	0.17186284065246582	420000	158.6276776790619	357088	14.97904761904762	
2.1498645793671416e+40	90.0	3.308	37.932	19.62	12.343435934817848	840	1092	90	6	116	60	90	3	29	15	30104	0	0.1718611717224121	420500	158.7995388507843	357521	14.977170035671818	
7.468056041892159e+37	90.0	3.296	37.584	19.44	12.343435934817848	841	1092	90	6	116	60	90	3	29	15	30136	0	0.18748784065246582	421000	158.98702669143677	357945	14.97743467933492	
2.0143236851025771e+34	90.0	3.324	38.396	19.86	12.343435934817848	842	1092	90	6	116	60	90	3	29	15	30174	0	0.17186307907104492	421500	159.1588897705078	358367	14.978173190984577	
7.237607775912575e+34	90.0	3.302	37.758	19.53	12.343435934817848	843	1092	90	6	116	60	90	3	29	15	30203	0	0.17186284065246582	422000	159.33075261116028	358798	14.976777251184842	
1.3505427175277016e+31	90.0	3.332	38.628	19.98	12.343435934817848	844	1092	90	6	116	60	90	3	29	15	30236	0	0.18373513221740723	422500	159.51448774337769	359229	14.975384615384613	
3.3300517261199233e+38	90.0	3.398	40.542	20.97	12.343435934817848	845	1092	90	6	116	60	90	3	29	15	30276	0	0.17186379432678223	423000	159.68635153770447	359655	14.975177304964532	
8.054953807051414e+41	90.0	3.39	40.31	20.85	12.343435934817848	846	1092	90	6	116	60	90	3	29	15	30320	0	0.15623927116394043	423500	159.8425908088684	360058	14.980401416765048	
1.4581300797431678e+40	90.0	3.38	40.02	20.7	12.343435934817848	847	1092	90	6	116	60	90	3	29	15	30352	0	0.2031111717224121	424000	160.04570198059082	360489	14.979009433962261	
2.205773132904704e+41	90.0	3.378	39.962	20.67	12.343435934817848	848	1092	90	6	116	60	90	3	29	15	30396	0	0.2031111717224121	424500	160.24881315231323	360906	14.980918727915196	
2.0284520614713625e+37	90.0	3.32	38.28	19.8	12.343435934817848	849	1092	90	6	116	60	90	3	29	15	30428	0	0.2031114101409912	425000	160.45192456245422	361342	14.978352941176482	
2.3255874658125814e+34	90.0	3.318	38.222	19.77	12.343435934817848	850	1092	90	6	116	60	90	3	29	15	30470	0	0.15623950958251953	425500	160.60816407203674	361767	14.97837837837838	
6.60809386598138e+37	90.0	3.282	37.178	19.23	12.343435934817848	851	1092	90	6	116	60	90	3	29	15	30514	0	0.15623903274536133	426000	160.7644031047821	362196	14.97746478873239	
3.091191429863944e+25	90.0	3.3166332665330662	38.18236472945892	19.749498997995993	12.343435934817848	852	1093	90	6.0	116.0	60.0	90	3.0	29.0	15.0	30545	0	0.14061665534973145	426500	160.90501976013184	362629	14.97561547479485	
2.945979300906837e+36	90.0	3.378	39.962	20.67	12.343435934817848	853	1093	90	6	116	60	90	3	29	15	30584	0	0.17293739318847656	427000	161.0779571533203	363043	14.97822014051522	
1.3096224129607623e+33	90.0	3.334	38.686	20.01	12.343435934817848	854	1093	90	6	116	60	90	3	29	15	30616	0	0.2031106948852539	427500	161.28106784820557	363476	14.976374269005845	
4.58931396109464e+29	90.0	3.406	40.774	21.09	12.343435934817848	855	1093	90	6	116	60	90	3	29	15	30666	0	0.18748927116394043	428000	161.4685571193695	363892	14.978504672897202	
3.978327678816558e+35	90.0	3.406	40.774	21.09	12.343435934817848	856	1093	90	6	116	60	90	3	29	15	30711	0	0.2031095027923584	428500	161.67166662216187	364312	14.979696616102686	
1.1767834079654722e+36	90.0	3.356	39.324	20.34	12.343435934817848	857	1093	90	6	116	60	90	3	29	15	30760	0	0.18748688697814941	429000	161.85915350914001	364727	14.982051282051273	
1.193654445527582e+29	90.0	3.294	37.526	19.41	12.343435934817848	858	1093	90	6	116	60	90	3	29	15	30792	0	0.14061522483825684	429500	161.99976873397827	365154	14.981606519208384	
5.262893130444171e+40	90.0	3.318	38.222	19.77	12.343435934817848	859	1093	90	6	116	60	90	3	29	15	30822	0	0.15624022483825684	430000	162.15600895881653	365586	14.980000000000004	
5.756121069125252e+37	90.0	3.302	37.758	19.53	12.343435934817848	860	1093	90	6	116	60	90	3	29	15	30860	0	0.2031102180480957	430500	162.35911917686462	366012	14.979790940766549	
4.2254159827100464e+33	90.0	3.292	37.468	19.38	12.343435934817848	861	1093	90	6	116	60	90	3	29	15	30907	0	0.15623927116394043	431000	162.51535844802856	366428	14.981902552204176	
1.5697318423108658e+30	90.0	3.344	38.976	20.16	12.343435934817848	862	1093	90	6	116	60	90	3	29	15	30945	0	0.17186355590820312	431500	162.68722200393677	366843	14.984241019698729	
2.912503680557836e+30	90.0	3.346	39.034	20.19	12.343435934817848	863	1093	90	6	116	60	90	3	29	15	30985	0	0.18748760223388672	432000	162.87470960617065	367262	14.985648148148144	
1.5174413508932833e+31	90.0	3.391566265060241	40.355421686746986	20.873493975903614	12.343435934817848	864	1095	90	6.0	116.0	60.0	90	3.0	29.0	15.0	31021	0	0.15623855590820312	432500	163.03094816207886	367682	14.986820809248556	
4.666353443109501e+38	90.0	3.398	40.542	20.97	12.343435934817848	865	1095	90	6	116	60	90	3	29	15	31066	0	0.18748736381530762	433000	163.21843552589417	368100	14.988452655889148	
1.194753581305139e+44	90.0	3.398	40.542	20.97	12.343435934817848	866	1095	90	6	116	60	90	3	29	15	31115	0	0.15623879432678223	433500	163.37467432022095	368507	14.99261822376009	
9.089537626651047e+43	90.0	3.34	38.86	20.1	12.343435934817848	867	1095	90	6	116	60	90	3	29	15	31159	0	0.18748760223388672	434000	163.56216192245483	368929	14.993317972350226	
1.2652756518754524e+33	90.0	3.382	40.078	20.73	12.343435934817848	868	1095	90	6	116	60	90	3	29	15	31188	0	0.17186355590820312	434500	163.73402547836304	369360	14.991944764096672	
1.1621886013251453e+41	90.0	3.3473895582329316	39.07429718875502	20.210843373493976	12.343435934817848	869	1097	90	6.0	116.0	60.0	90	3.0	29.0	15.0	31227	0	0.17186307907104492	435000	163.90588855743408	369781	14.992873563218396	
8.744263596163314e+25	90.0	3.37	39.73	20.55	12.343435934817848	870	1097	90	6	116	60	90	3	29	15	31265	0	0.20311188697814941	435500	164.10900044441223	370217	14.990355912743965	
4.983145486648231e+36	90.0	3.41	40.89	21.15	12.343435934817848	871	1097	90	6	116	60	90	3	29	15	31312	0	0.2187347412109375	436000	164.32773518562317	370632	14.992660550458709	
5.259415959878383e+45	90.0	3.3835341365461846	40.122489959839356	20.753012048192772	12.343435934817848	872	1099	90	6.0	116.0	60.0	90	3.0	29.0	15.0	31344	0	0.17186284065246582	436500	164.49959802627563	371065	14.990836197021764	
3.153575427368848e+40	90.0	3.432	41.528	21.48	12.343435934817848	873	1099	90	6	116	60	90	3	29	15	31385	0	0.20311212539672852	437000	164.70271015167236	371481	14.992906178489704	
6.750063582088647e+29	90.0	3.464	42.456	21.96	12.343435934817848	874	1099	90	6	116	60	90	3	29	15	31427	0	0.2031111717224121	437500	164.90582132339478	371903	14.9936	
2.2527516604287756e+40	90.0	3.402805611222445	40.6813627254509	21.04208416833667	12.343435934817848	875	1100	90	6.0	116.0	60.0	90	3.0	29.0	15.0	31468	0	0.1874864101409912	438000	165.09330773353577	372323	14.994748858447494	
2.2607107133983238e+30	90.0	3.436	41.644	21.54	12.343435934817848	876	1100	90	6	116	60	90	3	29	15	31510	0	0.17186284065246582	438500	165.26517057418823	372734	14.997947548460672	
2.511956366636217e+33	90.0	3.3587174348697393	39.40280561122245	20.380761523046093	12.343435934817848	877	1101	90	6.0	116.0	60.0	90	3.0	29.0	15.0	31546	0	0.18748879432678223	439000	165.45265936851501	373153	14.999316628701592	
2.646644928609556e+31	90.0	3.332	38.628	19.98	12.343435934817848	878	1101	90	6	116	60	90	3	29	15	31582	0	0.14061331748962402	439500	165.59327268600464	373570	15.001137656427758	
2.486192005470087e+40	90.0	3.418	41.122	21.27	12.343435934817848	879	1101	90	6	116	60	90	3	29	15	31615	0	0.17186307907104492	440000	165.76513576507568	374010	14.997727272727275	
4.719304306964064e+36	90.0	3.43	41.47	21.45	12.343435934817848	880	1101	90	6	116	60	90	3	29	15	31654	0	0.17186379432678223	440500	165.93699955940247	374432	14.998410896708279	
4.1356759553221584e+36	90.0	3.44	41.76	21.6	12.343435934817848	881	1101	90	6	116	60	90	3	29	15	31703	0	0.17186403274536133	441000	166.10886359214783	374849	15.000226757369617	
1.4765415697258123e+37	90.0	3.418	41.122	21.27	12.343435934817848	882	1101	90	6	116	60	90	3	29	15	31742	0	0.17186236381530762	441500	166.28072595596313	375277	14.999546998867501	
1.6252920497738182e+37	90.0	3.352	39.208	20.28	12.343435934817848	883	1101	90	6	116	60	90	3	29	15	31776	0	0.15624022483825684	442000	166.4369661808014	375703	14.999321266968323	
3.4836623738751936e+37	90.0	3.342	38.918	20.13	12.343435934817848	884	1101	90	6	116	60	90	3	29	15	31812	0	0.14061450958251953	442500	166.5775806903839	376124	15.000225988700564	
2.0656777973202837e+38	90.0	3.336	38.744	20.04	12.343363502756258	885	1101	90	6	116	60	90	3	29	15	31850	0	0.20311284065246582	443000	166.78069353103638	376548	15.000451467268633	
1.6896369460681884e+21	90.0	3.3587174348697393	39.40280561122245	20.380761523046093	12.343363502756258	886	1102	90	6.0	116.0	60.0	90	3.0	29.0	15.0	31900	0	0.1874852180480957	443500	166.96817874908447	376961	15.00315670800451	
2.4787766700747337e+45	90.0	3.296	37.584	19.44	12.343363502756258	887	1102	90	6	116	60	90	3	29	15	31933	0	0.15624046325683594	444000	167.1244192123413	377380	15.004504504504496	
3.6836895426524635e+32	90.0	3.38	40.02	20.7	12.343363502756258	888	1102	90	6	116	60	90	3	29	15	31969	0	0.17186284065246582	444500	167.29628205299377	377806	15.004274465691793	
2.783176722206901e+39	90.0	3.426	41.354	21.39	12.343363502756258	889	1102	90	6	116	60	90	3	29	15	32013	0	0.17186403274536133	445000	167.46814608573914	378220	15.006741573033707	
2.400872379929774e+27	90.0	3.36144578313253	39.48192771084337	20.42168674698795	12.343363502756258	890	1104	90	6.0	116.0	60.0	90	3.0	29.0	15.0	32052	0	0.17186188697814941	445500	167.64000797271729	378646	15.006509539842867	
3.0941058761985897e+22	90.0	3.362	39.498	20.43	12.343363502756258	891	1104	90	6	116	60	90	3	29	15	32094	0	0.17293715476989746	446000	167.81294512748718	379063	15.008295964125566	
2.1731064941182392e+36	90.0	3.366	39.614	20.49	12.343363502756258	892	1104	90	6	116	60	90	3	29	15	32143	0	0.15623807907104492	446500	167.96918320655823	379477	15.010750279955204	
1.2039620709978787e+37	90.0	3.388	40.252	20.82	12.343363502756258	893	1104	90	6	116	60	90	3	29	15	32187	0	0.203110933303833	447000	168.17229413986206	379888	15.01387024608502	
1.843285194963228e+16	90.0	3.372745490981964	39.809619238476955	20.59118236472946	12.343363502756258	894	1105	90	6.0	116.0	60.0	90	3.0	29.0	15.0	32225	0	0.18748784065246582	447500	168.35978198051453	380309	15.014748603351961	
5.93944012662428e+34	90.0	3.376753507014028	39.92585170340681	20.65130260521042	12.334537873739812	895	1106	90	6.0	116.0	60.0	90	3.0	29.0	15.0	32271	0	0.17186212539672852	448000	168.53164410591125	380729	15.015848214285711	
5.900454497741551e+34	90.0	3.424	41.296	21.36	12.334537873739812	896	1106	90	6	116	60	90	3	29	15	32315	0	0.18748760223388672	448500	168.71913170814514	381135	15.020066889632105	
2.9645880616240126e+23	90.0	3.39	40.31	20.85	12.334537873739812	897	1106	90	6	116	60	90	3	29	15	32363	0	0.18748712539672852	449000	168.90661883354187	381550	15.022271714922056	
6.340692310822666e+33	90.0	3.32064128256513	38.298597194388776	19.809619238476955	12.334537873739812	898	1107	90	6.0	116.0	60.0	90	3.0	29.0	15.0	32395	0	0.18748736381530762	449500	169.09410619735718	381967	15.024026696329258	
1.663157016484277e+36	90.0	3.368	39.672	20.52	12.334537873739812	899	1107	90	6	116	60	90	3	29	15	32434	0	0.12499189376831055	450000	169.2190980911255	382381	15.026444444444436	
6.625729753476852e+40	90.0	3.386	40.194	20.79	12.334537873739812	900	1107	90	6	116	60	90	3	29	15	32476	0	0.18748879432678223	450500	169.40658688545227	382792	15.029522752497229	
5.9467117247858115e+29	90.0	3.37	39.73	20.55	12.334537873739812	901	1107	90	6	116	60	90	3	29	15	32524	0	0.15623807907104492	451000	169.56282496452332	383202	15.03281596452328	
5.020213552678966e+29	90.0	3.414	41.006	21.21	12.334537873739812	902	1107	90	6	116	60	90	3	29	15	32569	0	0.15623736381530762	451500	169.71906232833862	383613	15.035880398671097	
3.1080007062694584e+40	90.0	3.382	40.078	20.73	12.334537873739812	903	1107	90	6	116	60	90	3	29	15	32609	0	0.17186594009399414	452000	169.89092826843262	384024	15.038938053097354	
3.8449583895366325e+28	90.0	3.353413654618474	39.24899598393574	20.301204819277107	12.334537873739812	904	1109	90	6.0	116.0	60.0	90	3.0	29.0	15.0	32659	0	0.2031087875366211	452500	170.09403705596924	384427	15.043756906077348	
4.208620396625016e+40	90.0	3.3567134268537075	39.344689378757515	20.350701402805612	12.334537873739812	905	1110	90	6.0	116.0	60.0	90	3.0	29.0	15.0	32694	0	0.20311236381530762	453000	170.29714941978455	384860	15.041942604856516	
7.160033266022421e+32	90.0	3.4437751004016066	41.869477911646584	21.656626506024097	12.334537873739812	906	1112	90	6.0	116.0	60.0	90	3.0	29.0	15.0	32744	0	0.2031104564666748	453500	170.50025987625122	385274	15.044321940463064	
7.51921451406345e+39	90.0	3.424	41.296	21.36	12.334537873739812	907	1112	90	6	116	60	90	3	29	15	32790	0	0.2031116485595703	454000	170.7033715248108	385695	15.045154185022028	
2.3970030549064165e+36	90.0	3.414	41.006	21.21	12.334537873739812	908	1112	90	6	116	60	90	3	29	15	32849	0	0.17186188697814941	454500	170.87523341178894	386099	15.049724972497245	
4.638279393407154e+32	90.0	3.4428857715430863	41.8436873747495	21.64328657314629	12.334537873739812	909	1113	90	6.0	116.0	60.0	90	3.0	29.0	15.0	32905	0	0.14061737060546875	455000	171.0158507823944	386508	15.053186813186812	
6.0167060603966376e+32	90.0	3.334	38.686	20.01	12.334537873739812	910	1113	90	6	116	60	90	3	29	15	32951	0	0.1718614101409912	455500	171.1877121925354	386925	15.054884742041708	
6.524399168000334e+36	90.0	3.342	38.918	20.13	12.334537873739812	911	1113	90	6	116	60	90	3	29	15	32989	0	0.18748784065246582	456000	171.37520003318787	387348	15.055263157894743	
7.456737665794677e+40	90.0	3.408	40.832	21.12	12.334537873739812	912	1113	90	6	116	60	90	3	29	15	33035	0	0.20311188697814941	456500	171.57831192016602	387752	15.059802847754653	
1.8224966986166387e+37	90.0	3.424	41.296	21.36	12.334537873739812	913	1113	90	6	116	60	90	3	29	15	33069	0	0.203110933303833	457000	171.78142285346985	388171	15.06105032822758	
1.221842836107805e+38	90.0	3.446	41.934	21.69	12.334537873739812	914	1113	90	6	116	60	90	3	29	15	33112	0	0.17186331748962402	457500	171.95328617095947	388582	15.064043715846992	
2.598888109145957e+37	90.0	3.396793587174349	40.50701402805611	20.95190380761523	12.334537873739812	915	1114	90	6.0	116.0	60.0	90	3.0	29.0	15.0	33142	0	0.2031116485595703	458000	172.15639781951904	389008	15.063755458515288	
2.3111334132383213e+39	90.0	3.364	39.556	20.46	12.334537873739812	916	1114	90	6	116	60	90	3	29	15	33181	0	0.14061427116394043	458500	172.29701209068298	389437	15.062813522355512	
4.986378121846672e+43	90.0	3.322	38.338	19.83	12.334537873739812	917	1114	90	6	116	60	90	3	29	15	33216	0	0.17186331748962402	459000	172.4688754081726	389853	15.064705882352953	
7.412250741399944e+37	90.0	3.396	40.484	20.94	12.334537873739812	918	1114	90	6	116	60	90	3	29	15	33255	0	0.17186450958251953	459500	172.64073991775513	390270	15.06637649619151	
6.422559272772236e+39	90.0	3.37	39.73	20.55	12.334537873739812	919	1114	90	6	116	60	90	3	29	15	33294	0	0.2343578338623047	460000	172.87509775161743	390693	15.066739130434783	
5.193427776882373e+34	90.0	3.340681362725451	38.879759519038075	20.110220440881765	12.334537873739812	920	1115	90	6.0	116.0	60.0	90	3.0	29.0	15.0	33329	0	0.2031116485595703	460500	173.078209400177	391125	15.065146579804562	
1.934606198420111e+37	90.0	3.252	36.308	18.78	12.334537873739812	921	1115	90	6	116	60	90	3	29	15	33359	0	0.14061427116394043	461000	173.21882367134094	391552	15.0646420824295	
9.557883020899903e+30	90.0	3.282	37.178	19.23	12.334537873739812	922	1115	90	6	116	60	90	3	29	15	33389	0	0.15623974800109863	461500	173.37506341934204	391978	15.064355362946912	
5.323791469255788e+41	90.0	3.302	37.758	19.53	12.334537873739812	923	1115	90	6	116	60	90	3	29	15	33434	0	0.1874866485595703	462000	173.5625500679016	392390	15.06709956709956	
2.6160008882306375e+39	90.0	3.268	36.772	19.02	12.334537873739812	924	1115	90	6	116	60	90	3	29	15	33471	0	0.18748760223388672	462500	173.7500376701355	392809	15.068324324324323	
9.855579399942863e+34	90.0	3.276	37.004	19.14	12.334537873739812	925	1115	90	6	116	60	90	3	29	15	33506	0	0.2187342643737793	463000	173.96877193450928	393229	15.069330453563708	
1.9196262610398106e+39	90.0	3.286	37.294	19.29	12.334537873739812	926	1115	90	6	116	60	90	3	29	15	33541	0	0.17186331748962402	463500	174.1406352519989	393657	15.068608414239478	
1.0594699627358356e+39	90.0	3.346	39.034	20.19	12.334537873739812	927	1115	90	6	116	60	90	3	29	15	33576	0	0.18748688697814941	464000	174.32812213897705	394083	15.06831896551725	
5.254018478089633e+37	90.0	3.38	40.02	20.7	12.334537873739812	928	1115	90	6	116	60	90	3	29	15	33619	0	0.18748950958251953	464500	174.51561164855957	394502	15.069537136706131	
2.150679388104161e+41	90.0	3.366	39.614	20.49	12.334537873739812	929	1115	90	6	116	60	90	3	29	15	33657	0	0.2031092643737793	465000	174.71872091293335	394924	15.070107526881714	
5.392416476137808e+37	90.0	3.364	39.556	20.46	12.334537873739812	930	1115	90	6	116	60	90	3	29	15	33699	0	0.15624165534973145	465500	174.87496256828308	395349	15.07003222341568	
3.4873017432137023e+31	90.0	3.362	39.498	20.43	12.334537873739812	931	1115	90	6	116	60	90	3	29	15	33733	0	0.14061331748962402	466000	175.0155758857727	395776	15.069527896995709	
2.3043526451926453e+40	90.0	3.36	39.44	20.4	12.334537873739812	932	1115	90	6	116	60	90	3	29	15	33785	0	0.2031114101409912	466500	175.2186872959137	396187	15.07245444801714	
5.484136173601501e+39	90.0	3.352705410821643	39.22845691382766	20.29058116232465	12.334537873739812	933	1116	90	6.0	116.0	60.0	90	3.0	29.0	15.0	33833	0	0.17186284065246582	467000	175.39055013656616	396601	15.074732334047113	
9.494587605223685e+35	90.0	3.382	40.078	20.73	12.334537873739812	934	1116	90	6	116	60	90	3	29	15	33872	0	0.18748760223388672	467500	175.57803773880005	397027	15.074438502673786	
4.5918424491509504e+39	90.0	3.368	39.672	20.52	12.334537873739812	935	1116	90	6	116	60	90	3	29	15	33914	0	0.17186331748962402	468000	175.74990105628967	397447	15.075427350427347	
1.0801286215067007e+35	90.0	3.328	38.512	19.92	12.334537873739812	936	1116	90	6	116	60	90	3	29	15	33956	0	0.18748736381530762	468500	175.93738842010498	397867	15.076414087513342	
4.954300775244123e+27	90.0	3.400801603206413	40.62324649298597	21.012024048096194	12.334537873739812	937	1117	90	6.0	116.0	60.0	90	3.0	29.0	15.0	33986	0	0.17186284065246582	469000	176.10925126075745	398297	15.07526652452026	
2.4151211060062573e+28	90.0	3.366	39.614	20.49	12.334537873739812	938	1117	90	6	116	60	90	3	29	15	34024	0	0.17186284065246582	469500	176.2811141014099	398728	15.073908413205544	
1.1668015059030033e+31	90.0	3.3186372745490984	38.24048096192385	19.779559118236474	12.334537873739812	939	1118	90	6.0	116.0	60.0	90	3.0	29.0	15.0	34051	0	0.15623950958251953	470000	176.43735361099243	399155	15.073404255319147	
3.2709558491972e+37	90.0	3.292	37.468	19.38	12.334537873739812	940	1118	90	6	116	60	90	3	29	15	34081	0	0.17186307907104492	470500	176.60921669006348	399582	15.072901168969182	
3.210348547623219e+39	90.0	3.308	37.932	19.62	12.334537873739812	941	1118	90	6	116	60	90	3	29	15	34107	0	0.17186331748962402	471000	176.7810800075531	400023	15.069426751592346	
2.774003578781161e+37	90.0	3.348	39.092	20.22	12.334537873739812	942	1118	90	6	116	60	90	3	29	15	34139	0	0.17186331748962402	471500	176.95294332504272	400445	15.06998939554613	
1.0463807076326727e+39	90.0	3.362	39.498	20.43	12.334537873739812	943	1118	90	6	116	60	90	3	29	15	34176	0	0.18748831748962402	472000	177.14043164253235	400855	15.07309322033899	
2.353129988318864e+39	90.0	3.3807615230460923	40.04208416833667	20.711422845691384	12.334537873739812	944	1119	90	6.0	116.0	60.0	90	3.0	29.0	15.0	34202	0	0.17186188697814941	472500	177.3122935295105	401297	15.069417989417985	
9.426599160905611e+27	90.0	3.414829659318637	41.03006012024048	21.22244488977956	12.334537873739812	945	1120	90	6.0	116.0	60.0	90	3.0	29.0	15.0	34233	0	0.18748712539672852	473000	177.49978065490723	401724	15.06892177589853	
1.3831103333497882e+33	90.0	3.35	39.15	20.25	12.334537873739812	946	1120	90	6	116	60	90	3	29	15	34265	0	0.18748712539672852	473500	177.68726778030396	402152	15.068215417106657	
4.831548693063878e+34	90.0	3.326	38.454	19.89	12.334537873739812	947	1120	90	6	116	60	90	3	29	15	34301	0	0.18748712539672852	474000	177.87475490570068	402573	15.068987341772157	
3.7121018607668153e+37	90.0	3.3607214428857715	39.46092184368737	20.410821643286575	12.334537873739812	948	1121	90	6.0	116.0	60.0	90	3.0	29.0	15.0	34344	0	0.17186403274536133	474500	178.04661893844604	402986	15.07144362486828	
5.648540946448108e+28	90.0	3.408817635270541	40.855711422845694	21.132264529058116	12.334537873739812	949	1122	90	6.0	116.0	60.0	90	3.0	29.0	15.0	34392	0	0.15623927116394043	475000	178.20285820960999	403399	15.073894736842107	
1.3573078892869053e+40	90.0	3.344	38.976	20.16	12.334537873739812	950	1122	90	6	116	60	90	3	29	15	34427	0	0.20311188697814941	475500	178.40597009658813	403824	15.073817034700326	
1.1448262194846393e+41	90.0	3.426	41.354	21.39	12.334537873739812	951	1122	90	6	116	60	90	3	29	15	34480	0	0.14061617851257324	476000	178.5465862751007	404247	15.074159663865544	
2.0783536847745558e+39	90.0	3.34	38.86	20.1	12.334537873739812	952	1122	90	6	116	60	90	3	29	15	34516	0	0.17186236381530762	476500	178.71844863891602	404671	15.074291710388238	
6.689859402063646e+31	90.0	3.304	37.816	19.56	12.334537873739812	953	1122	90	6	116	60	90	3	29	15	34542	0	0.1874861717224121	477000	178.90593481063843	405100	15.073375262054512	
8.95104969242153e+38	90.0	3.354	39.266	20.31	12.334537873739812	954	1122	90	6	116	60	90	3	29	15	34575	0	0.18748760223388672	477500	179.09342241287231	405533	15.071623036649214	
6.772464622111564e+30	90.0	3.366	39.614	20.49	12.334537873739812	955	1122	90	6	116	60	90	3	29	15	34606	0	0.15623855590820312	478000	179.24966096878052	405960	15.071129707112974	
5.783023517702776e+32	90.0	3.4168336673346693	41.08817635270541	21.25250501002004	12.334537873739812	956	1123	90	6.0	116.0	60.0	90	3.0	29.0	15.0	34639	0	0.203110933303833	478500	179.45277190208435	406392	15.06959247648902	
3.5737343350598366e+34	90.0	3.452	42.108	21.78	12.334537873739812	957	1123	90	6	116	60	90	3	29	15	34677	0	0.18748831748962402	479000	179.64026021957397	406819	15.069102296450936	
7.986345303207231e+35	90.0	3.364729458917836	39.57715430861723	20.470941883767534	12.334537873739812	958	1124	90	6.0	116.0	60.0	90	3.0	29.0	15.0	34712	0	0.1874864101409912	479500	179.82774662971497	407246	15.068613138686132	
3.2882185107150515e+33	90.0	3.356	39.324	20.34	12.334537873739812	959	1124	90	6	116	60	90	3	29	15	34747	0	0.14061594009399414	480000	179.96836256980896	407668	15.06916666666666	
4.5349047693048924e+36	90.0	3.3246492985971945	38.414829659318634	19.869739478957914	12.334537873739812	960	1125	90	6.0	116.0	60.0	90	3.0	29.0	15.0	34787	0	0.17186617851257324	480500	180.14022874832153	408082	15.07138397502601	
5.177047904323845e+35	90.0	3.352705410821643	39.22845691382766	20.29058116232465	12.334537873739812	961	1126	90	6.0	116.0	60.0	90	3.0	29.0	15.0	34839	0	0.10936379432678223	481000	180.24959254264832	408494	15.074012474012477	
2.436883116064246e+40	90.0	3.306	37.874	19.59	12.334537873739812	962	1126	90	6	116	60	90	3	29	15	34881	0	0.18748760223388672	481500	180.4370801448822	408914	15.074974039460017	
2.0345399563323036e+33	90.0	3.31	37.99	19.65	12.334537873739812	963	1126	90	6	116	60	90	3	29	15	34909	0	0.2031104564666748	482000	180.64019060134888	409346	15.073443983402484	
2.6662378755814273e+23	90.0	3.344	38.976	20.16	12.334537873739812	964	1126	90	6	116	60	90	3	29	15	34963	0	0.17186355590820312	482500	180.81205415725708	409761	15.075440414507767	
7.644795262547617e+39	90.0	3.27	36.83	19.05	12.334537873739812	965	1126	90	6	116	60	90	3	29	15	35006	0	0.18748879432678223	483000	180.99954295158386	410176	15.077432712215327	
1.6866033641891027e+40	90.0	3.302	37.758	19.53	12.334537873739812	966	1126	90	6	116	60	90	3	29	15	35040	0	0.20311284065246582	483500	181.20265579223633	410599	15.077766287487066	
3.674571307500608e+35	90.0	3.2865731462925853	37.31062124248497	19.298597194388776	12.334537873739812	967	1127	90	6.0	116.0	60.0	90	3.0	29.0	15.0	35071	0	0.1718614101409912	484000	181.37451720237732	411011	15.08037190082645	
3.003729760945845e+33	90.0	3.31	37.99	19.65	12.334537873739812	968	1127	90	6	116	60	90	3	29	15	35102	0	0.18748736381530762	484500	181.56200456619263	411432	15.081114551083601	
9.69800986273578e+21	90.0	3.302605210420842	37.77555110220441	19.539078156312627	12.334537873739812	969	1128	90	6.0	116.0	60.0	90	3.0	29.0	15.0	35138	0	0.15624165534973145	485000	181.71824622154236	411841	15.084329896907207	
9.592481230997188e+40	90.0	3.332	38.628	19.98	12.334537873739812	970	1128	90	6	116	60	90	3	29	15	35173	0	0.1874837875366211	485500	181.90573000907898	412276	15.082183316168894	
1.5775358395643554e+34	90.0	3.346	39.034	20.19	12.334537873739812	971	1128	90	6	116	60	90	3	29	15	35201	0	0.2031114101409912	486000	182.10884141921997	412698	15.08271604938271	
5.986470637703249e+27	90.0	3.302	37.758	19.53	12.334537873739812	972	1128	90	6	116	60	90	3	29	15	35237	0	0.18748879432678223	486500	182.29633021354675	413118	15.0836587872559	
1.734702269321593e+35	90.0	3.366	39.614	20.49	12.334537873739812	973	1128	90	6	116	60	90	3	29	15	35280	0	0.15623760223388672	487000	182.45256781578064	413542	15.083778234086239	
2.187348053976791e+36	90.0	3.356	39.324	20.34	12.334537873739812	974	1128	90	6	116	60	90	3	29	15	35321	0	0.2187364101409912	487500	182.67130422592163	413960	15.0851282051282	
2.7399726639080154e+40	90.0	3.378	39.962	20.67	12.334537873739812	975	1128	90	6	116	60	90	3	29	15	35358	0	0.1874856948852539	488000	182.85878992080688	414388	15.084426229508196	
2.5791500521289373e+40	90.0	3.424	41.296	21.36	12.334537873739812	976	1128	90	6	116	60	90	3	29	15	35392	0	0.17186355590820312	488500	183.0306534767151	414814	15.084135107471852	
1.388726524443444e+35	90.0	3.422	41.238	21.33	12.334537873739812	977	1128	90	6	116	60	90	3	29	15	35434	0	0.1874866485595703	489000	183.21814012527466	415234	15.085071574642129	
4.0390207429479343e+34	90.0	3.4108216432865732	40.91382765531062	21.162324649298597	12.334132959557737	978	1129	90	6.0	116.0	60.0	90	3.0	29.0	15.0	35480	0	0.2031114101409912	489500	183.42125153541565	415641	15.088661899897858	
5.338191123613202e+32	90.0	3.428	41.412	21.42	12.334132959557737	979	1129	90	6	116	60	90	3	29	15	35524	0	0.2343604564666748	490000	183.65561199188232	416054	15.091020408163274	
6.61493938913299e+47	90.0	3.47	42.63	22.05	12.334132959557737	980	1129	90	6	116	60	90	3	29	15	35575	0	0.15623974800109863	490500	183.81185173988342	416459	15.09500509683997	
1.8737787271529216e+46	90.0	3.48	42.92	22.2	12.334132959557737	981	1129	90	6	116	60	90	3	29	15	35622	0	0.1874856948852539	491000	183.99933743476868	416881	15.095519348268837	
3.3132497997169566e+40	90.0	3.48	42.92	22.2	12.334132959557737	982	1129	90	6	116	60	90	3	29	15	35668	0	0.2343592643737793	491500	184.23369669914246	417301	15.096439471007116	
4.2377314334090584e+24	90.0	3.408	40.832	21.12	12.334132959557737	983	1129	90	6	116	60	90	3	29	15	35720	0	0.2031102180480957	492000	184.43680691719055	417714	15.098780487804873	
2.1888283883387238e+42	90.0	3.382	40.078	20.73	12.334132959557737	984	1129	90	6	116	60	90	3	29	15	35778	0	0.14061570167541504	492500	184.57742261886597	418117	15.103147208121825	
1.0072741808560661e+33	90.0	3.3667334669338675	39.635270541082164	20.501002004008015	12.334132959557737	985	1130	90	6.0	116.0	60.0	90	3.0	29.0	15.0	35816	0	0.2031102180480957	493000	184.78053283691406	418532	15.105070993914808	
2.81861100903974e+25	90.0	3.358	39.382	20.37	12.334132959557737	986	1130	90	6	116	60	90	3	29	15	35850	0	0.1874866485595703	493500	184.96801948547363	418951	15.106180344478219	
7.471626020690509e+40	90.0	3.394	40.426	20.91	12.334132959557737	987	1130	90	6	116	60	90	3	29	15	35886	0	0.14061522483825684	494000	185.1086347103119	419381	15.105060728744931	
6.184905208009708e+33	90.0	3.398	40.542	20.97	12.334132959557737	988	1130	90	6	116	60	90	3	29	15	35914	0	0.18748784065246582	494500	185.29612255096436	419816	15.102932254802838	
5.036958821310342e+28	90.0	3.432	41.528	21.48	12.334132959557737	989	1130	90	6	116	60	90	3	29	15	35952	0	0.2031106948852539	495000	185.4992332458496	420245	15.1020202020202	
2.763759586214398e+31	90.0	3.466	42.514	21.99	12.334132959557737	990	1130	90	6	116	60	90	3	29	15	36004	0	0.20311212539672852	495500	185.70234537124634	420662	15.103531786074669	
1.3048534097629157e+38	90.0	3.458917835671343	42.30861723446894	21.88376753507014	12.334132959557737	991	1131	90	6.0	116.0	60.0	90	3.0	29.0	15.0	36061	0	0.17186260223388672	496000	185.87420797348022	421064	15.108064516129033	
2.678378764630289e+31	90.0	3.434	41.586	21.51	12.334132959557737	992	1131	90	6	116	60	90	3	29	15	36099	0	0.14061594009399414	496500	186.01482391357422	421486	15.108559919436047	
2.0799441690465047e+38	90.0	3.3947895791583167	40.44889779559118	20.92184368737475	12.334132959557737	993	1132	90	6.0	116.0	60.0	90	3.0	29.0	15.0	36134	0	0.15623831748962402	497000	186.17106223106384	421910	15.108651911468812	
2.2430504014507966e+30	90.0	3.3907815631262523	40.33266533066132	20.861723446893787	12.334132959557737	994	1133	90	6.0	116.0	60.0	90	3.0	29.0	15.0	36162	0	0.15623974800109863	497500	186.32730197906494	422343	15.106934673366837	
8.268680387454613e+39	90.0	3.402	40.658	21.03	12.334132959557737	995	1133	90	6	116	60	90	3	29	15	36203	0	0.203110933303833	498000	186.53041291236877	422762	15.108032128514054	
2.586259817471576e+29	90.0	3.414	41.006	21.21	12.334132959557737	996	1133	90	6	116	60	90	3	29	15	36244	0	0.2031114101409912	498500	186.73352432250977	423181	15.10912738214644	
3.5240856768966615e+40	90.0	3.440881763527054	41.78557114228457	21.613226452905813	12.334132959557737	997	1134	90	6.0	116.0	60.0	90	3.0	29.0	15.0	36287	0	0.2031114101409912	499000	186.93663573265076	423599	15.110420841683364	
5.698904376445489e+36	90.0	3.426	41.354	21.39	12.334132959557737	998	1134	90	6	116	60	90	3	29	15	36324	0	0.2031102180480957	499500	187.13974595069885	424025	15.110110110110114	
6.841045820875461e+39	90.0	3.474	42.746	22.11	12.334132959557737	999	1134	90	6	116	60	90	3	29	15	36377	0	0.2187345027923584	500000	187.3584804534912	424440	15.112000000000009	
1.7285398290585366e+36	90.0	3.442	41.818	21.63	12.334132959557737	1000	1134	90	6	116	60	90	3	29	15	36407	0	0.17186522483825684	500500	187.53034567832947	424873	15.11028971028972	
