ave_fitness	ave_genome_length	ave_tree_depth	ave_tree_nodes	ave_used_codons	best_fitness	gen	invalids	max_genome_length	max_tree_depth	max_tree_nodes	max_used_codons	min_genome_length	min_tree_depth	min_tree_nodes	min_used_codons	runtime_error	time_adjust	time_taken	total_inds	total_time	unique_inds	unused_search	
6.924775345069819e+33	101.46	6.52	131.08	67.8	60.99604859131141	0	0	180	10	232	120	22	3	29	15	31	0	1.8436214923858643	50	1.8436214923858643	19	62.0	
1.9254156914811335e+46	35.32	3.675675675675676	48.5945945945946	25.135135135135137	45.16609744305649	1	14	67	5.0	87.0	45.0	22	3.0	29.0	15.0	36	0	0.18748712539672852	100	2.0311086177825928	48	52.0	
4.3983348088212646e+17	28.9	3.3255813953488373	38.44186046511628	19.88372093023256	45.13006646310253	2	22	45	5.0	87.0	45.0	22	3.0	29.0	15.0	36	0	0.015624523162841797	150	2.0467331409454346	86	42.666666666666664	
6053294.169386963	24.3	3.0408163265306123	30.183673469387756	15.612244897959183	45.13006646310253	3	24	45	5.0	87.0	45.0	22	3.0	29.0	15.0	37	0	0.0	200	2.0467331409454346	130	35.0	
252682916.06584895	26.14	3.0	29.0	15.0	45.0186552045978	4	29	45	3.0	29.0	15.0	22	3.0	29.0	15.0	39	0	0.015623331069946289	250	2.062356472015381	170	32.0	
164689803.3569214	30.28	3.127659574468085	32.702127659574465	16.914893617021278	45.0186552045978	5	33	45	5.0	87.0	45.0	22	3.0	29.0	15.0	39	0	0.01562356948852539	300	2.0779800415039062	208	30.666666666666657	
403960896.6369365	31.66	3.16	33.64	17.4	45.0186552045978	6	33	45	5	87	45	22	3	29	15	43	0	0.015624046325683594	350	2.09360408782959	246	29.714285714285722	
6.501222000002571e+22	31.2	3.12	32.48	16.8	41.96099607696834	7	33	45	5	87	45	22	3	29	15	44	0	0.015623331069946289	400	2.109227418899536	289	27.75	
58897591.64627756	31.66	3.1666666666666665	33.833333333333336	17.5	41.96099607696834	8	36	45	5.0	87.0	45.0	22	3.0	29.0	15.0	46	0	0.015625715255737305	450	2.1248531341552734	330	26.66666666666667	
15549896940494.287	33.96	3.08	31.32	16.2	33.686329977086615	9	36	45	5	87	45	22	3	29	15	47	0	0.031248092651367188	500	2.1561012268066406	374	25.200000000000003	
2.4674206150883655e+34	36.26	3.2666666666666666	36.733333333333334	19.0	33.686329977086615	10	41	45	5.0	87.0	45.0	22	3.0	29.0	15.0	52	0	0.015622377395629883	550	2.1717236042022705	410	25.454545454545453	
406755804903.8175	36.72	3.2291666666666665	35.645833333333336	18.4375	32.248160671127366	11	44	45	5.0	87.0	45.0	22	3.0	29.0	15.0	54	0	0.015624761581420898	600	2.1873483657836914	452	24.66666666666667	
58201808388057.26	37.64	3.2857142857142856	37.285714285714285	19.285714285714285	32.248160671127366	12	45	45	5.0	87.0	45.0	22	3.0	29.0	15.0	57	0	0.031246423721313477	650	2.218594789505005	495	23.846153846153854	
1808469.8665542654	39.48	3.1777777777777776	34.15555555555556	17.666666666666668	32.102494818648175	13	50	45	5.0	87.0	45.0	22	3.0	29.0	15.0	62	0	0.01562643051147461	700	2.2342212200164795	531	24.14285714285714	
304718828.3050187	42.24	3.24	35.96	18.6	32.102494818648175	14	51	45	5	87	45	22	3	29	15	62	0	0.015624284744262695	750	2.249845504760742	573	23.599999999999994	
1.3103467959540757e+31	39.48	3.2448979591836733	36.10204081632653	18.6734693877551	31.2663940639791	15	52	45	5.0	87.0	45.0	22	3.0	29.0	15.0	65	0	0.015622138977050781	800	2.265467643737793	614	23.25	
17950657547.9596	39.48	3.276595744680851	37.02127659574468	19.148936170212767	31.2663940639791	16	56	45	5.0	87.0	45.0	22	3.0	29.0	15.0	65	0	0.03124713897705078	850	2.2967147827148438	656	22.82352941176471	
1.3946572010315534e+27	39.94	3.3404255319148937	38.87234042553192	20.106382978723403	31.2663940639791	17	60	45	5.0	87.0	45.0	22	3.0	29.0	15.0	67	0	0.015624046325683594	900	2.3123388290405273	696	22.66666666666667	
4.3386110864125425e+30	38.56	3.163265306122449	33.734693877551024	17.448979591836736	31.2663940639791	18	62	45	5.0	87.0	45.0	22	3.0	29.0	15.0	68	0	0.031247615814208984	950	2.3435864448547363	736	22.526315789473685	
337936950.1702042	37.64	3.12	32.48	16.8	31.2663940639791	19	62	45	5	87	45	22	3	29	15	68	0	0.015624761581420898	1000	2.3592112064361572	779	22.099999999999994	
80402741695.07469	36.72	3.122448979591837	32.55102040816327	16.836734693877553	31.2663940639791	20	63	45	5.0	87.0	45.0	22	3.0	29.0	15.0	71	0	0.015624523162841797	1050	2.374835729598999	824	21.52380952380952	
3652942483.8532915	34.88	3.0816326530612246	31.367346938775512	16.224489795918366	31.2663940639791	21	64	45	5.0	87.0	45.0	22	3.0	29.0	15.0	72	0	0.03124690055847168	1100	2.4060826301574707	865	21.36363636363636	
91725072.65125416	32.58	3.130434782608696	32.78260869565217	16.956521739130434	31.2663940639791	22	69	45	5.0	87.0	45.0	22	3.0	29.0	15.0	76	0	0.015624761581420898	1150	2.4217073917388916	903	21.47826086956522	
1.9227087472380154e+19	31.66	3.125	32.625	16.875	31.2663940639791	23	71	45	5.0	87.0	45.0	22	3.0	29.0	15.0	79	0	0.01562356948852539	1200	2.437330961227417	941	21.58333333333333	
391457144392.7016	33.04	3.163265306122449	33.734693877551024	17.448979591836736	31.2663940639791	24	73	45	5.0	87.0	45.0	22	3.0	29.0	15.0	81	0	0.015624523162841797	1250	2.452955484390259	986	21.120000000000005	
5.311231381450961e+20	32.12	3.311111111111111	38.022222222222226	19.666666666666668	31.2663940639791	25	79	45	5.0	87.0	45.0	22	3.0	29.0	15.0	82	0	0.031246662139892578	1300	2.4842021465301514	1028	20.92307692307692	
1.2388986045998225e+26	30.28	3.163265306122449	33.734693877551024	17.448979591836736	31.2663940639791	26	80	45	5.0	87.0	45.0	22	3.0	29.0	15.0	88	0	0.015625	1350	2.4998271465301514	1069	20.814814814814824	
1.4480665028098158e+18	31.66	3.125	32.625	16.875	31.2663940639791	27	83	45	5.0	87.0	45.0	22	3.0	29.0	15.0	88	0	0.015623331069946289	1400	2.5154504776000977	1111	20.64285714285714	
1655481011040935.8	28.44	3.0416666666666665	30.208333333333332	15.625	31.2663940639791	28	86	45	5.0	87.0	45.0	22	3.0	29.0	15.0	90	0	0.015624046325683594	1450	2.5310745239257812	1150	20.689655172413794	
21517665210.265427	31.2	3.0869565217391304	31.52173913043478	16.304347826086957	31.266020036274032	29	91	45	5.0	87.0	45.0	22	3.0	29.0	15.0	90	0	0.015623807907104492	1500	2.5466983318328857	1193	20.46666666666667	
1.9471493884590035e+31	30.74	3.1702127659574466	33.93617021276596	17.5531914893617	31.266020036274032	30	94	45	5.0	87.0	45.0	22	3.0	29.0	15.0	92	0	0.031247377395629883	1550	2.5779457092285156	1233	20.451612903225808	
5224852.551170464	31.2	3.130434782608696	32.78260869565217	16.956521739130434	31.266020036274032	31	99	45	5.0	87.0	45.0	22	3.0	29.0	15.0	94	0	0.015624761581420898	1600	2.5935704708099365	1274	20.375	
1.9070803192585566e+35	32.12	3.127659574468085	32.702127659574465	16.914893617021278	31.266020036274032	32	103	45	5.0	87.0	45.0	22	3.0	29.0	15.0	95	0	0.015624046325683594	1650	2.60919451713562	1313	20.424242424242422	
23209735.805745393	34.88	3.0816326530612246	31.367346938775512	16.224489795918366	31.266020036274032	33	104	45	5.0	87.0	45.0	22	3.0	29.0	15.0	97	0	0.015623092651367188	1700	2.6248176097869873	1354	20.35294117647058	
998139636.5968647	33.5	3.0833333333333335	31.416666666666668	16.25	31.266020036274032	34	107	45	5.0	87.0	45.0	22	3.0	29.0	15.0	98	0	0.031248807907104492	1750	2.656066417694092	1396	20.228571428571428	
67344826.95767778	31.2	3.127659574468085	32.702127659574465	16.914893617021278	31.266020036274032	35	111	45	5.0	87.0	45.0	22	3.0	29.0	15.0	98	0	0.015623092651367188	1800	2.671689510345459	1439	20.055555555555557	
1.402954233037944e+19	31.66	3.08	31.32	16.2	31.266020036274032	36	112	45	5	87	45	22	3	29	15	98	0	0.015624761581420898	1850	2.68731427192688	1484	19.783783783783775	
11969473574374.043	28.9	3.0851063829787235	31.46808510638298	16.27659574468085	30.9813287526906	37	115	45	5.0	87.0	45.0	22	3.0	29.0	15.0	99	0	0.01562356948852539	1900	2.7029378414154053	1527	19.631578947368425	
4387750.586094779	27.98	3.0425531914893615	30.23404255319149	15.638297872340425	30.9813287526906	38	119	45	5.0	87.0	45.0	22	3.0	29.0	15.0	101	0	0.015624046325683594	1950	2.718561887741089	1563	19.84615384615384	
4.413000430582054e+18	25.68	3.0	29.0	15.0	20.832752889420014	39	123	45	3.0	29.0	15.0	22	3.0	29.0	15.0	101	0	0.01562356948852539	2000	2.7341854572296143	1606	19.69999999999999	
1735908.4155700163	26.6	3.0	29.0	15.0	20.832752889420014	40	126	45	3.0	29.0	15.0	22	3.0	29.0	15.0	101	0	0.015624046325683594	2050	2.749809503555298	1644	19.80487804878048	
6167000116780943.0	28.9	3.122448979591837	32.55102040816327	16.836734693877553	20.832752889420014	41	127	45	5.0	87.0	45.0	22	3.0	29.0	15.0	103	0	0.015623807907104492	2100	2.7654333114624023	1686	19.714285714285722	
3901084838.527549	27.52	3.0	29.0	15.0	20.832752889420014	42	132	45	3.0	29.0	15.0	22	3.0	29.0	15.0	103	0	0.015623807907104492	2150	2.781057119369507	1729	19.581395348837205	
206119575.21627384	25.68	3.0425531914893615	30.23404255319149	15.638297872340425	20.832752889420014	43	136	45	5.0	87.0	45.0	22	3.0	29.0	15.0	103	0	0.015623807907104492	2200	2.7966809272766113	1768	19.63636363636364	
1.3704700540102325e+17	22.92	3.0	29.0	15.0	20.832752889420014	44	137	45	3	29	15	22	3	29	15	103	0	0.015623807907104492	2250	2.812304735183716	1813	19.422222222222217	
8.145209093124265e+17	23.84	3.1818181818181817	34.27272727272727	17.727272727272727	20.832752889420014	45	144	45	5.0	87.0	45.0	22	3.0	29.0	15.0	103	0	0.015625476837158203	2300	2.827930212020874	1854	19.391304347826093	
306373.1714237005	22.92	3.046511627906977	30.348837209302324	15.69767441860465	20.832752889420014	46	152	45	5.0	87.0	45.0	22	3.0	29.0	15.0	106	0	0.015622615814208984	2350	2.843552827835083	1891	19.531914893617014	
5.287285928318232e+16	22.92	3.0	29.0	15.0	20.832752889420014	47	158	45	3.0	29.0	15.0	22	3.0	29.0	15.0	110	0	0.015624284744262695	2400	2.8591771125793457	1925	19.791666666666657	
3.088174235269459e+32	23.84	3.0	29.0	15.0	20.832752889420014	48	163	45	3.0	29.0	15.0	22	3.0	29.0	15.0	110	0	0.015624046325683594	2450	2.8748011589050293	1964	19.83673469387756	
1421641068.58985	25.68	3.0	29.0	15.0	20.807649221738412	49	164	45	3	29	15	22	3	29	15	111	0	0.015624284744262695	2500	2.890425443649292	2009	19.64	
1.3561927331874304e+16	23.84	3.0833333333333335	31.416666666666668	16.25	20.807649221738412	50	167	45	5.0	87.0	45.0	22	3.0	29.0	15.0	111	0	0.015623092651367188	2550	2.906048536300659	2053	19.49019607843138	
66170290057814.86	24.76	3.0434782608695654	30.26086956521739	15.652173913043478	20.807649221738412	51	172	45	5.0	87.0	45.0	22	3.0	29.0	15.0	112	0	0.015624523162841797	2600	2.921673059463501	2095	19.42307692307692	
8877322.110916834	24.76	3.0	29.0	15.0	20.807649221738412	52	179	45	3.0	29.0	15.0	22	3.0	29.0	15.0	112	0	0.03124713897705078	2650	2.9529201984405518	2131	19.58490566037736	
808380857.6585289	23.38	3.0	29.0	15.0	20.17540240038037	53	182	45	3.0	29.0	15.0	22	3.0	29.0	15.0	112	0	0.015623807907104492	2700	2.9685440063476562	2172	19.555555555555557	
2.9194854137172025e+45	23.84	3.046511627906977	30.348837209302324	15.69767441860465	20.17540240038037	54	190	45	5.0	87.0	45.0	22	3.0	29.0	15.0	112	0	0.015624284744262695	2750	2.984168291091919	2211	19.599999999999994	
5073780.147472591	22.46	3.0	29.0	15.0	20.17540240038037	55	198	45	3.0	29.0	15.0	22	3.0	29.0	15.0	113	0	0.015624523162841797	2800	2.9997928142547607	2249	19.678571428571416	
11617900179.726345	22.0	3.0	29.0	15.0	20.17540240038037	56	202	22	3.0	29.0	15.0	22	3.0	29.0	15.0	115	0	0.015624046325683594	2850	3.0154168605804443	2284	19.859649122807028	
4.387642764344309e+29	22.0	3.0	29.0	15.0	20.17540240038037	57	208	22	3.0	29.0	15.0	22	3.0	29.0	15.0	116	0	0.015623807907104492	2900	3.031040668487549	2323	19.896551724137936	
152933361.3293146	22.0	3.0	29.0	15.0	20.17540240038037	58	211	22	3.0	29.0	15.0	22	3.0	29.0	15.0	117	0	0.015623331069946289	2950	3.046663999557495	2360	20.0	
9.80190615189415e+46	22.0	3.0	29.0	15.0	20.17540240038037	59	215	22	3.0	29.0	15.0	22	3.0	29.0	15.0	118	0	0.03125	3000	3.077913999557495	2401	19.96666666666667	
17690275.572760243	22.0	3.0	29.0	15.0	20.17540240038037	60	219	22	3.0	29.0	15.0	22	3.0	29.0	15.0	120	0	0.015622138977050781	3050	3.093536138534546	2437	20.098360655737707	
1.7993790076337854e+16	22.0	3.0	29.0	15.0	20.17540240038037	61	222	22	3.0	29.0	15.0	22	3.0	29.0	15.0	121	0	0.015624046325683594	3100	3.1091601848602295	2478	20.064516129032256	
2.7603478731853933e+27	22.0	3.0	29.0	15.0	20.17540240038037	62	227	22	3.0	29.0	15.0	22	3.0	29.0	15.0	121	0	0.015623331069946289	3150	3.124783515930176	2518	20.063492063492063	
1729622119.4281466	22.0	3.0	29.0	15.0	20.17540240038037	63	231	22	3.0	29.0	15.0	22	3.0	29.0	15.0	123	0	0.015624046325683594	3200	3.1404075622558594	2558	20.0625	
158174230.77174318	22.0	3.0	29.0	15.0	20.17540240038037	64	235	22	3.0	29.0	15.0	22	3.0	29.0	15.0	123	0	0.015624523162841797	3250	3.156032085418701	2601	19.969230769230776	
254845.02230659657	22.0	3.0	29.0	15.0	20.17540240038037	65	242	22	3.0	29.0	15.0	22	3.0	29.0	15.0	124	0	0.015625	3300	3.171657085418701	2640	20.0	
1826832506.5985832	22.0	3.0	29.0	15.0	20.17540240038037	66	247	22	3.0	29.0	15.0	22	3.0	29.0	15.0	126	0	0.015624284744262695	3350	3.187281370162964	2677	20.08955223880598	
2.302584151946308e+40	22.0	3.0	29.0	15.0	20.17540240038037	67	255	22	3.0	29.0	15.0	22	3.0	29.0	15.0	126	0	0.015625	3400	3.202906370162964	2714	20.17647058823529	
35566.70958581751	22.0	3.0	29.0	15.0	20.17540240038037	68	259	22	3.0	29.0	15.0	22	3.0	29.0	15.0	127	0	0.015620946884155273	3450	3.218527317047119	2755	20.144927536231876	
1942944.1476086944	22.0	3.0	29.0	15.0	20.17540240038037	69	265	22	3.0	29.0	15.0	22	3.0	29.0	15.0	128	0	0.015623807907104492	3500	3.2341511249542236	2790	20.285714285714278	
1.2907214028012525e+17	22.0	3.0	29.0	15.0	20.17540240038037	70	268	22	3.0	29.0	15.0	22	3.0	29.0	15.0	128	0	0.015623807907104492	3550	3.249774932861328	2831	20.25352112676056	
100567712.48923899	22.0	3.0	29.0	15.0	20.17540240038037	71	273	22	3.0	29.0	15.0	22	3.0	29.0	15.0	129	0	0.015624523162841797	3600	3.26539945602417	2873	20.194444444444443	
1.0998064909125218e+26	22.0	3.0	29.0	15.0	20.17540240038037	72	276	22	3.0	29.0	15.0	22	3.0	29.0	15.0	130	0	0.015623331069946289	3650	3.281022787094116	2916	20.109589041095887	
1.287399017266385e+26	22.0	3.0	29.0	15.0	20.17540240038037	73	283	22	3.0	29.0	15.0	22	3.0	29.0	15.0	133	0	0.0	3700	3.281022787094116	2950	20.270270270270274	
211373168.42569768	22.0	3.0	29.0	15.0	20.17540240038037	74	289	22	3.0	29.0	15.0	22	3.0	29.0	15.0	134	0	0.031247377395629883	3750	3.312270164489746	2991	20.24000000000001	
158717787.77073315	22.0	3.0	29.0	15.0	20.17540240038037	75	293	22	3.0	29.0	15.0	22	3.0	29.0	15.0	136	0	0.015624523162841797	3800	3.327894687652588	3033	20.184210526315795	
205497.67187728157	22.0	3.0	29.0	15.0	20.17540240038037	76	300	22	3.0	29.0	15.0	22	3.0	29.0	15.0	136	0	0.015623092651367188	3850	3.343517780303955	3073	20.181818181818173	
16481429.197366757	22.0	3.0	29.0	15.0	20.17540240038037	77	305	22	3.0	29.0	15.0	22	3.0	29.0	15.0	137	0	0.015625	3900	3.359142780303955	3114	20.15384615384616	
1748918751.4682946	22.0	3.0	29.0	15.0	20.17540240038037	78	311	22	3.0	29.0	15.0	22	3.0	29.0	15.0	137	0	0.015622854232788086	3950	3.374765634536743	3152	20.20253164556962	
3.5710240697490934e+21	22.0	3.0	29.0	15.0	20.17540240038037	79	313	22	3.0	29.0	15.0	22	3.0	29.0	15.0	140	0	0.015624523162841797	4000	3.390390157699585	3195	20.125	
84521814261218.38	22.0	3.0	29.0	15.0	20.17540240038037	80	317	22	3.0	29.0	15.0	22	3.0	29.0	15.0	141	0	0.0	4050	3.390390157699585	3233	20.172839506172835	
2.500761600000707e+22	22.0	3.0	29.0	15.0	20.17540240038037	81	323	22	3.0	29.0	15.0	22	3.0	29.0	15.0	141	0	0.031248092651367188	4100	3.421638250350952	3273	20.170731707317074	
121790209.07168992	22.0	3.0	29.0	15.0	20.158548122960966	82	326	22	3.0	29.0	15.0	22	3.0	29.0	15.0	141	0	0.015623807907104492	4150	3.4372620582580566	3313	20.168674698795186	
413912609140.2852	22.0	3.0	29.0	15.0	20.158548122960966	83	327	22	3.0	29.0	15.0	22	3.0	29.0	15.0	142	0	0.015623807907104492	4200	3.452885866165161	3351	20.214285714285722	
8.121489361793733e+18	22.0	3.0	29.0	15.0	20.158548122960966	84	330	22	3.0	29.0	15.0	22	3.0	29.0	15.0	143	0	0.015623807907104492	4250	3.4685096740722656	3391	20.211764705882345	
1.1740224800792845e+20	22.0	3.0	29.0	15.0	20.158548122960966	85	333	22	3.0	29.0	15.0	22	3.0	29.0	15.0	143	0	0.015624523162841797	4300	3.4841341972351074	3431	20.20930232558139	
1.854806753296927e+20	22.0	3.0	29.0	15.0	18.427816549210142	86	337	22	3.0	29.0	15.0	22	3.0	29.0	15.0	145	0	0.01562356948852539	4350	3.499757766723633	3472	20.18390804597702	
3.156853130399738e+24	22.0	3.0	29.0	15.0	18.427816549210142	87	341	22	3.0	29.0	15.0	22	3.0	29.0	15.0	145	0	0.015623807907104492	4400	3.5153815746307373	3513	20.159090909090907	
1.4912394427886557e+22	22.0	3.0	29.0	15.0	18.427816549210142	88	344	22	3.0	29.0	15.0	22	3.0	29.0	15.0	147	0	0.01562356948852539	4450	3.5310051441192627	3556	20.089887640449433	
5.036023089420775e+29	22.0	3.0	29.0	15.0	18.427816549210142	89	347	22	3.0	29.0	15.0	22	3.0	29.0	15.0	148	0	0.015624046325683594	4500	3.5466291904449463	3598	20.044444444444437	
9.166666666734663e+23	22.0	3.0	29.0	15.0	18.427816549210142	90	350	22	3.0	29.0	15.0	22	3.0	29.0	15.0	151	0	0.031247854232788086	4550	3.5778770446777344	3638	20.043956043956044	
4.843724615202004e+30	22.0	3.0	29.0	15.0	18.427816549210142	91	355	22	3.0	29.0	15.0	22	3.0	29.0	15.0	151	0	0.0	4600	3.5778770446777344	3681	19.97826086956522	
90581177978.26181	22.0	3.0	29.0	15.0	18.427816549210142	92	358	22	3.0	29.0	15.0	22	3.0	29.0	15.0	154	0	0.015624284744262695	4650	3.593501329421997	3723	19.935483870967744	
97888.16161254012	22.0	3.0	29.0	15.0	18.427816549210142	93	366	22	3.0	29.0	15.0	22	3.0	29.0	15.0	156	0	0.015623807907104492	4700	3.6091251373291016	3760	20.0	
963627.0945979413	22.0	3.0	29.0	15.0	18.427816549210142	94	368	22	3.0	29.0	15.0	22	3.0	29.0	15.0	156	0	0.0	4750	3.6091251373291016	3802	19.957894736842107	
5.0089445412086494e+30	22.0	3.0	29.0	15.0	18.427816549210142	95	372	22	3.0	29.0	15.0	22	3.0	29.0	15.0	160	0	0.031247854232788086	4800	3.6403729915618896	3842	19.95833333333333	
11156534118.762238	22.0	3.0	29.0	15.0	18.427816549210142	96	379	22	3.0	29.0	15.0	22	3.0	29.0	15.0	160	0	0.015624761581420898	4850	3.6559977531433105	3878	20.04123711340206	
444861276469466.75	22.0	3.0	29.0	15.0	18.427816549210142	97	383	22	3.0	29.0	15.0	22	3.0	29.0	15.0	162	0	0.0	4900	3.6559977531433105	3917	20.06122448979592	
1.3207021299776898e+17	22.0	3.0	29.0	15.0	18.427816549210142	98	387	22	3.0	29.0	15.0	22	3.0	29.0	15.0	162	0	0.03124713897705078	4950	3.6872448921203613	3957	20.060606060606062	
1.2278260465422615e+18	22.0	3.0	29.0	15.0	18.427816549210142	99	393	22	3.0	29.0	15.0	22	3.0	29.0	15.0	164	0	0.015624046325683594	5000	3.702868938446045	3998	20.040000000000006	
2.2698557695612623e+23	22.0	3.0	29.0	15.0	18.427816549210142	100	398	22	3.0	29.0	15.0	22	3.0	29.0	15.0	164	0	0.0	5050	3.702868938446045	4041	19.980198019801975	
1350001.6468331716	22.0	3.0	29.0	15.0	18.427816549210142	101	406	22	3.0	29.0	15.0	22	3.0	29.0	15.0	165	0	0.015623807907104492	5100	3.7184927463531494	4080	20.0	
1006.7803617649283	22.0	3.0	29.0	15.0	18.427816549210142	102	410	22	3.0	29.0	15.0	22	3.0	29.0	15.0	167	0	0.015624284744262695	5150	3.734117031097412	4116	20.077669902912618	
4.160203938228121e+41	22.0	3.0	29.0	15.0	18.427816549210142	103	414	22	3.0	29.0	15.0	22	3.0	29.0	15.0	169	0	0.015623807907104492	5200	3.7497408390045166	4155	20.09615384615384	
227116.57913743853	22.0	3.0	29.0	15.0	18.427816549210142	104	419	22	3.0	29.0	15.0	22	3.0	29.0	15.0	172	0	0.015624046325683594	5250	3.7653648853302	4193	20.13333333333334	
1.7590742068270082e+20	22.0	3.0	29.0	15.0	18.427816549210142	105	423	22	3.0	29.0	15.0	22	3.0	29.0	15.0	173	0	0.015624046325683594	5300	3.780988931655884	4236	20.075471698113205	
97165725353.3167	22.0	3.0	29.0	15.0	18.427816549210142	106	424	22	3.0	29.0	15.0	22	3.0	29.0	15.0	175	0	0.0	5350	3.780988931655884	4281	19.981308411214954	
1578504771009.7988	22.0	3.0	29.0	15.0	18.427816549210142	107	431	22	3.0	29.0	15.0	22	3.0	29.0	15.0	175	0	0.03124713897705078	5400	3.8122360706329346	4322	19.962962962962962	
96804386040.74861	22.0	3.0	29.0	15.0	18.427816549210142	108	442	22	3.0	29.0	15.0	22	3.0	29.0	15.0	175	0	0.0	5450	3.8122360706329346	4356	20.073394495412842	
838008198.602017	22.0	3.0	29.0	15.0	18.427816549210142	109	449	22	3.0	29.0	15.0	22	3.0	29.0	15.0	176	0	0.015624046325683594	5500	3.827860116958618	4392	20.14545454545454	
1.0279410202024576e+22	22.0	3.0	29.0	15.0	18.427816549210142	110	456	22	3.0	29.0	15.0	22	3.0	29.0	15.0	179	0	0.015624284744262695	5550	3.843484401702881	4429	20.1981981981982	
2.6316419377307008e+22	22.0	3.0	29.0	15.0	18.427816549210142	111	458	22	3.0	29.0	15.0	22	3.0	29.0	15.0	181	0	0.015623807907104492	5600	3.8591082096099854	4472	20.14285714285714	
5685448394182.709	22.0	3.0	29.0	15.0	18.427816549210142	112	462	22	3.0	29.0	15.0	22	3.0	29.0	15.0	181	0	0.0156252384185791	5650	3.8747334480285645	4515	20.088495575221245	
38413264.49128012	22.0	3.0	29.0	15.0	18.427816549210142	113	467	22	3.0	29.0	15.0	22	3.0	29.0	15.0	183	0	0.015622377395629883	5700	3.8903558254241943	4553	20.122807017543863	
1.3696636731257962e+19	22.0	3.0	29.0	15.0	18.427816549210142	114	472	22	3.0	29.0	15.0	22	3.0	29.0	15.0	184	0	0.0	5750	3.8903558254241943	4592	20.1391304347826	
1916759.6120962647	22.0	3.0	29.0	15.0	18.427816549210142	115	474	22	3.0	29.0	15.0	22	3.0	29.0	15.0	185	0	0.015624046325683594	5800	3.905979871749878	4630	20.172413793103445	
72.32345015033212	22.0	3.0	29.0	15.0	18.427816549210142	116	479	22	3.0	29.0	15.0	22	3.0	29.0	15.0	187	0	0.015624046325683594	5850	3.9216039180755615	4667	20.222222222222214	
230.54248043567293	22.0	3.0	29.0	15.0	18.427816549210142	117	482	22	3.0	29.0	15.0	22	3.0	29.0	15.0	188	0	0.015624523162841797	5900	3.9372284412384033	4708	20.203389830508485	
6887713521726090.0	22.0	3.0	29.0	15.0	18.427816549210142	118	484	22	3.0	29.0	15.0	22	3.0	29.0	15.0	188	0	0.015624046325683594	5950	3.952852487564087	4752	20.134453781512605	
150111910.73813477	22.0	3.0	29.0	15.0	18.427816549210142	119	486	22	3.0	29.0	15.0	22	3.0	29.0	15.0	190	0	0.0	6000	3.952852487564087	4789	20.183333333333337	
3.8716724454619984e+33	22.0	3.0	29.0	15.0	18.427816549210142	120	491	22	3.0	29.0	15.0	22	3.0	29.0	15.0	192	0	0.015622854232788086	6050	3.968475341796875	4830	20.16528925619835	
6.313118595497255e+21	22.0	3.0	29.0	15.0	18.427816549210142	121	496	22	3.0	29.0	15.0	22	3.0	29.0	15.0	193	0	0.015624046325683594	6100	3.9840993881225586	4871	20.14754098360656	
2273269.249898441	22.0	3.0	29.0	15.0	18.427816549210142	122	503	22	3.0	29.0	15.0	22	3.0	29.0	15.0	194	0	0.031248092651367188	6150	4.015347480773926	4910	20.16260162601627	
2.2396943202723413e+38	22.0	3.0	29.0	15.0	18.427816549210142	123	507	22	3.0	29.0	15.0	22	3.0	29.0	15.0	194	0	0.01562356948852539	6200	4.030971050262451	4951	20.145161290322577	
1358223468732.0322	22.0	3.0	29.0	15.0	18.427816549210142	124	512	22	3.0	29.0	15.0	22	3.0	29.0	15.0	195	0	0.0	6250	4.030971050262451	4991	20.14399999999999	
20749675.79418741	22.0	3.0	29.0	15.0	18.427816549210142	125	517	22	3.0	29.0	15.0	22	3.0	29.0	15.0	196	0	0.01562356948852539	6300	4.046594619750977	5033	20.111111111111114	
1.578159915185535e+16	22.0	3.0	29.0	15.0	18.427816549210142	126	527	22	3.0	29.0	15.0	22	3.0	29.0	15.0	196	0	0.015624523162841797	6350	4.062219142913818	5067	20.204724409448815	
1.9073853042560115e+17	22.0	3.0	29.0	15.0	18.427816549210142	127	533	22	3.0	29.0	15.0	22	3.0	29.0	15.0	198	0	0.031247854232788086	6400	4.0934669971466064	5103	20.265625	
158690.82526660393	22.0	3.0	29.0	15.0	18.427816549210142	128	538	22	3.0	29.0	15.0	22	3.0	29.0	15.0	198	0	0.015624046325683594	6450	4.10909104347229	5142	20.279069767441854	
7.447422705657411e+31	22.0	3.0	29.0	15.0	18.427816549210142	129	541	22	3.0	29.0	15.0	22	3.0	29.0	15.0	199	0	0.015623807907104492	6500	4.1247148513793945	5187	20.19999999999999	
1.0610812016294805e+17	22.0	3.0	29.0	15.0	18.427816549210142	130	546	22	3.0	29.0	15.0	22	3.0	29.0	15.0	200	0	0.015623807907104492	6550	4.140338659286499	5225	20.229007633587784	
508151191.7187949	22.0	3.0	29.0	15.0	18.427816549210142	131	553	22	3.0	29.0	15.0	22	3.0	29.0	15.0	202	0	0.015624284744262695	6600	4.155962944030762	5262	20.27272727272728	
6.022592384365622e+16	22.0	3.0	29.0	15.0	18.427816549210142	132	556	22	3.0	29.0	15.0	22	3.0	29.0	15.0	203	0	0.015624284744262695	6650	4.171587228775024	5303	20.255639097744364	
182610810.0476302	22.0	3.0	29.0	15.0	18.427816549210142	133	558	22	3.0	29.0	15.0	22	3.0	29.0	15.0	204	0	0.015623331069946289	6700	4.187210559844971	5345	20.223880597014926	
1754122.1837698238	22.0	3.0	29.0	15.0	18.427816549210142	134	562	22	3.0	29.0	15.0	22	3.0	29.0	15.0	206	0	0.015624284744262695	6750	4.202834844589233	5383	20.251851851851853	
1.2482604592639604e+20	22.0	3.0	29.0	15.0	18.427816549210142	135	567	22	3.0	29.0	15.0	22	3.0	29.0	15.0	207	0	0.015623331069946289	6800	4.21845817565918	5421	20.279411764705884	
1126684597389.8115	22.0	3.0	29.0	15.0	18.427816549210142	136	572	22	3.0	29.0	15.0	22	3.0	29.0	15.0	208	0	0.015624284744262695	6850	4.234082460403442	5455	20.364963503649633	
1.1755520001914444e+21	22.0	3.0	29.0	15.0	18.427816549210142	137	577	22	3.0	29.0	15.0	22	3.0	29.0	15.0	209	0	0.015624046325683594	6900	4.249706506729126	5494	20.376811594202906	
1.5277452416632464e+17	22.0	3.0	29.0	15.0	18.427816549210142	138	580	22	3.0	29.0	15.0	22	3.0	29.0	15.0	210	0	0.015624046325683594	6950	4.26533055305481	5534	20.37410071942446	
184310476.51275417	22.0	3.0	29.0	15.0	18.427816549210142	139	582	22	3.0	29.0	15.0	22	3.0	29.0	15.0	214	0	0.015623092651367188	7000	4.280953645706177	5575	20.35714285714286	
674901015025509.2	22.0	3.0	29.0	15.0	18.427816549210142	140	586	22	3.0	29.0	15.0	22	3.0	29.0	15.0	218	0	0.015624284744262695	7050	4.2965779304504395	5612	20.39716312056737	
85135238.35426985	22.0	3.0	29.0	15.0	18.427816549210142	141	589	22	3.0	29.0	15.0	22	3.0	29.0	15.0	220	0	0.015624284744262695	7100	4.312202215194702	5651	20.40845070422536	
2.752656441506684e+17	22.0	3.0	29.0	15.0	18.328085962500225	142	593	22	3.0	29.0	15.0	22	3.0	29.0	15.0	222	0	0.015623807907104492	7150	4.327826023101807	5684	20.503496503496493	
61092755.118484974	22.0	3.0	29.0	15.0	18.328085962500225	143	600	22	3.0	29.0	15.0	22	3.0	29.0	15.0	225	0	0.01562356948852539	7200	4.343449592590332	5720	20.555555555555557	
719688593.0356884	22.0	3.0	29.0	15.0	18.328085962500225	144	606	22	3.0	29.0	15.0	22	3.0	29.0	15.0	225	0	0.015624761581420898	7250	4.359074354171753	5761	20.537931034482753	
1.0360841455135343e+18	22.0	3.0	29.0	15.0	18.328085962500225	145	613	22	3.0	29.0	15.0	22	3.0	29.0	15.0	225	0	0.01562356948852539	7300	4.374697923660278	5801	20.534246575342465	
22399889.71800094	22.0	3.0	29.0	15.0	18.328085962500225	146	618	22	3.0	29.0	15.0	22	3.0	29.0	15.0	225	0	0.015624523162841797	7350	4.39032244682312	5843	20.503401360544217	
1.60484892308634e+17	22.0	3.0	29.0	15.0	18.328085962500225	147	622	22	3.0	29.0	15.0	22	3.0	29.0	15.0	227	0	0.03124713897705078	7400	4.421569585800171	5881	20.527027027027017	
1655122223.5426824	22.0	3.0	29.0	15.0	18.328085962500225	148	626	22	3.0	29.0	15.0	22	3.0	29.0	15.0	227	0	0.015624523162841797	7450	4.437194108963013	5923	20.49664429530202	
1578493.5154318844	22.0	3.0	29.0	15.0	18.254002729217728	149	632	22	3.0	29.0	15.0	22	3.0	29.0	15.0	229	0	0.015623331069946289	7500	4.452817440032959	5960	20.53333333333333	
2279558.4693899644	22.0	3.0	29.0	15.0	18.254002729217728	150	634	22	3.0	29.0	15.0	22	3.0	29.0	15.0	232	0	0.015624046325683594	7550	4.468441486358643	6001	20.516556291390728	
4.938667523212117e+16	22.0	3.0	29.0	15.0	18.254002729217728	151	639	22	3.0	29.0	15.0	22	3.0	29.0	15.0	238	0	0.015623807907104492	7600	4.484065294265747	6036	20.578947368421055	
1227191774.82609	22.0	3.0	29.0	15.0	18.07841517138579	152	644	22	3.0	29.0	15.0	22	3.0	29.0	15.0	242	0	0.015623807907104492	7650	4.499689102172852	6076	20.57516339869281	
862622640.4327453	22.0	3.0	29.0	15.0	18.07841517138579	153	651	22	3.0	29.0	15.0	22	3.0	29.0	15.0	243	0	0.015623807907104492	7700	4.515312910079956	6113	20.610389610389618	
743543310.8492134	22.0	3.0	29.0	15.0	18.07841517138579	154	655	22	3.0	29.0	15.0	22	3.0	29.0	15.0	245	0	0.015625	7750	4.530937910079956	6153	20.606451612903214	
252670498971412.75	22.0	3.0	29.0	15.0	18.07841517138579	155	657	22	3.0	29.0	15.0	22	3.0	29.0	15.0	248	0	0.015622377395629883	7800	4.546560287475586	6188	20.66666666666667	
815563735.0127468	22.0	3.0	29.0	15.0	18.07841517138579	156	662	22	3.0	29.0	15.0	22	3.0	29.0	15.0	251	0	0.015624761581420898	7850	4.562185049057007	6226	20.68789808917198	
1203499362.198522	22.0	3.0	29.0	15.0	18.07841517138579	157	668	22	3.0	29.0	15.0	22	3.0	29.0	15.0	253	0	0.015623807907104492	7900	4.577808856964111	6265	20.696202531645568	
92130377.35104547	22.0	3.0	29.0	15.0	18.07841517138579	158	674	22	3.0	29.0	15.0	22	3.0	29.0	15.0	254	0	0.0	7950	4.577808856964111	6306	20.679245283018872	
2.6098976595190543e+20	22.0	3.0	29.0	15.0	18.07841517138579	159	678	22	3.0	29.0	15.0	22	3.0	29.0	15.0	254	0	0.015624284744262695	8000	4.593433141708374	6345	20.6875	
28711.403108216415	22.0	3.0	29.0	15.0	18.07841517138579	160	685	22	3.0	29.0	15.0	22	3.0	29.0	15.0	255	0	0.015624284744262695	8050	4.609057426452637	6387	20.658385093167695	
61405.69346728438	22.0	3.0	29.0	15.0	18.07841517138579	161	690	22	3.0	29.0	15.0	22	3.0	29.0	15.0	256	0	0.015623331069946289	8100	4.624680757522583	6428	20.641975308641975	
1387764209.4995418	22.0	3.0	29.0	15.0	18.07841517138579	162	696	22	3.0	29.0	15.0	22	3.0	29.0	15.0	258	0	0.015624284744262695	8150	4.640305042266846	6467	20.650306748466264	
7912426.126335581	22.0	3.0	29.0	15.0	18.07841517138579	163	698	22	3.0	29.0	15.0	22	3.0	29.0	15.0	258	0	0.015624046325683594	8200	4.655929088592529	6512	20.58536585365853	
38946726.00664723	22.0	3.0	29.0	15.0	18.07841517138579	164	701	22	3.0	29.0	15.0	22	3.0	29.0	15.0	259	0	0.015624046325683594	8250	4.671553134918213	6552	20.58181818181818	
7.558739487089505e+21	22.0	3.0	29.0	15.0	18.07841517138579	165	704	22	3.0	29.0	15.0	22	3.0	29.0	15.0	262	0	0.01562356948852539	8300	4.687176704406738	6592	20.578313253012055	
419910648236966.94	22.0	3.0	29.0	15.0	18.07841517138579	166	710	22	3.0	29.0	15.0	22	3.0	29.0	15.0	262	0	0.015623807907104492	8350	4.702800512313843	6632	20.57485029940119	
16190602.148080878	22.0	3.0	29.0	15.0	18.07841517138579	167	717	22	3.0	29.0	15.0	22	3.0	29.0	15.0	262	0	0.01562356948852539	8400	4.718424081802368	6672	20.57142857142857	
151237.74214859915	22.0	3.0	29.0	15.0	18.058204773133216	168	721	22	3.0	29.0	15.0	22	3.0	29.0	15.0	263	0	0.015624284744262695	8450	4.734048366546631	6711	20.57988165680473	
2342002.8455207488	22.0	3.0	29.0	15.0	18.058204773133216	169	729	22	3.0	29.0	15.0	22	3.0	29.0	15.0	264	0	0.015623807907104492	8500	4.749672174453735	6746	20.635294117647064	
84818.16245855107	22.0	3.0	29.0	15.0	18.058204773133216	170	733	22	3.0	29.0	15.0	22	3.0	29.0	15.0	265	0	0.015623807907104492	8550	4.76529598236084	6785	20.643274853801174	
314796.8719430823	22.0	3.0	29.0	15.0	18.058204773133216	171	739	22	3.0	29.0	15.0	22	3.0	29.0	15.0	265	0	0.015624046325683594	8600	4.780920028686523	6826	20.627906976744185	
6668713427.486713	22.0	3.0	29.0	15.0	18.058204773133216	172	742	22	3.0	29.0	15.0	22	3.0	29.0	15.0	265	0	0.0	8650	4.780920028686523	6867	20.61271676300578	
2.8356518076141585e+28	22.0	3.0	29.0	15.0	18.058204773133216	173	747	22	3.0	29.0	15.0	22	3.0	29.0	15.0	269	0	0.015624046325683594	8700	4.796544075012207	6903	20.655172413793096	
281727.3263341549	22.0	3.0	29.0	15.0	18.058204773133216	174	753	22	3.0	29.0	15.0	22	3.0	29.0	15.0	270	0	0.01562356948852539	8750	4.812167644500732	6944	20.64	
5.604766702082817e+27	22.0	3.0	29.0	15.0	18.058204773133216	175	757	22	3.0	29.0	15.0	22	3.0	29.0	15.0	270	0	0.031248807907104492	8800	4.843416452407837	6988	20.590909090909093	
1065665498.444897	22.0	3.0	29.0	15.0	18.058204773133216	176	760	22	3.0	29.0	15.0	22	3.0	29.0	15.0	270	0	0.015624284744262695	8850	4.8590407371521	7024	20.632768361581924	
2571777132.486573	22.0	3.0	29.0	15.0	18.058204773133216	177	763	22	3.0	29.0	15.0	22	3.0	29.0	15.0	270	0	0.015624046325683594	8900	4.874664783477783	7066	20.606741573033702	
21206516.576763343	22.0	3.0	29.0	15.0	18.058204773133216	178	772	22	3.0	29.0	15.0	22	3.0	29.0	15.0	270	0	0.015622377395629883	8950	4.890287160873413	7101	20.659217877094974	
19769422.844475847	22.0	3.0	29.0	15.0	18.058204773133216	179	779	22	3.0	29.0	15.0	22	3.0	29.0	15.0	270	0	0.015624046325683594	9000	4.905911207199097	7142	20.644444444444446	
199067593.76654086	22.0	3.0	29.0	15.0	18.058204773133216	180	784	22	3.0	29.0	15.0	22	3.0	29.0	15.0	270	0	0.015625	9050	4.921536207199097	7183	20.629834254143645	
200011669.40276575	22.0	3.0	29.0	15.0	18.058204773133216	181	789	22	3.0	29.0	15.0	22	3.0	29.0	15.0	271	0	0.015623092651367188	9100	4.937159299850464	7225	20.604395604395606	
1254509921.955632	22.0	3.0	29.0	15.0	18.058204773133216	182	795	22	3.0	29.0	15.0	22	3.0	29.0	15.0	271	0	0.0	9150	4.937159299850464	7264	20.61202185792351	
2344096572.5054936	22.0	3.0	29.0	15.0	18.058204773133216	183	802	22	3.0	29.0	15.0	22	3.0	29.0	15.0	274	0	0.015623807907104492	9200	4.952783107757568	7301	20.64130434782608	
267104932.9369734	22.0	3.0	29.0	15.0	18.058204773133216	184	806	22	3.0	29.0	15.0	22	3.0	29.0	15.0	275	0	0.015624046325683594	9250	4.968407154083252	7346	20.583783783783787	
1428699206.5679734	22.0	3.0	29.0	15.0	18.058204773133216	185	811	22	3.0	29.0	15.0	22	3.0	29.0	15.0	276	0	0.015624284744262695	9300	4.984031438827515	7383	20.612903225806463	
11204.800376705825	22.0	3.0	29.0	15.0	18.058204773133216	186	816	22	3.0	29.0	15.0	22	3.0	29.0	15.0	278	0	0.015623807907104492	9350	4.999655246734619	7423	20.609625668449198	
46332468.34761513	22.0	3.0	29.0	15.0	18.058204773133216	187	824	22	3.0	29.0	15.0	22	3.0	29.0	15.0	280	0	0.03124713897705078	9400	5.03090238571167	7457	20.67021276595746	
434787587.1460971	22.0	3.0	29.0	15.0	18.058204773133216	188	827	22	3.0	29.0	15.0	22	3.0	29.0	15.0	280	0	0.015624046325683594	9450	5.0465264320373535	7502	20.61375661375662	
356363766.5371128	22.0	3.0	29.0	15.0	18.058204773133216	189	830	22	3.0	29.0	15.0	22	3.0	29.0	15.0	284	0	0.015624523162841797	9500	5.062150955200195	7539	20.6421052631579	
145475062.81877136	22.0	3.0	29.0	15.0	18.058204773133216	190	836	22	3.0	29.0	15.0	22	3.0	29.0	15.0	285	0	0.015624284744262695	9550	5.077775239944458	7576	20.67015706806282	
1405498.3118976457	22.0	3.0	29.0	15.0	18.058204773133216	191	841	22	3.0	29.0	15.0	22	3.0	29.0	15.0	288	0	0.015623331069946289	9600	5.093398571014404	7614	20.6875	
1.8180916119491624e+28	22.0	3.0	29.0	15.0	18.058204773133216	192	845	22	3.0	29.0	15.0	22	3.0	29.0	15.0	289	0	0.015624046325683594	9650	5.109022617340088	7656	20.663212435233163	
4363411288.911843	22.0	3.0	29.0	15.0	18.058204773133216	193	850	22	3.0	29.0	15.0	22	3.0	29.0	15.0	291	0	0.015623807907104492	9700	5.124646425247192	7697	20.64948453608247	
1.5942112284697306e+18	22.0	3.0	29.0	15.0	18.058204773133216	194	852	22	3.0	29.0	15.0	22	3.0	29.0	15.0	291	0	0.015623807907104492	9750	5.140270233154297	7739	20.62564102564103	
6.194610753937848e+31	22.0	3.0	29.0	15.0	18.058204773133216	195	857	22	3.0	29.0	15.0	22	3.0	29.0	15.0	293	0	0.015624046325683594	9800	5.1558942794799805	7779	20.622448979591837	
413419345.40191394	22.0	3.0	29.0	15.0	18.058204773133216	196	867	22	3.0	29.0	15.0	22	3.0	29.0	15.0	294	0	0.015623331069946289	9850	5.171517610549927	7814	20.670050761421322	
2324341.8497575507	22.0	3.0	29.0	15.0	18.058204773133216	197	871	22	3.0	29.0	15.0	22	3.0	29.0	15.0	294	0	0.015624284744262695	9900	5.1871418952941895	7855	20.65656565656566	
2135223843.9041166	22.0	3.0	29.0	15.0	18.058204773133216	198	877	22	3.0	29.0	15.0	22	3.0	29.0	15.0	295	0	0.015624284744262695	9950	5.202766180038452	7890	20.7035175879397	
323425873522328.6	22.0	3.0	29.0	15.0	18.058204773133216	199	881	22	3.0	29.0	15.0	22	3.0	29.0	15.0	296	0	0.015623807907104492	10000	5.218389987945557	7934	20.659999999999997	
1478280221.332046	22.0	3.0	29.0	15.0	18.058204773133216	200	885	22	3.0	29.0	15.0	22	3.0	29.0	15.0	297	0	0.015624523162841797	10050	5.234014511108398	7971	20.68656716417911	
1132246666.7405403	22.0	3.0	29.0	15.0	18.058204773133216	201	888	22	3.0	29.0	15.0	22	3.0	29.0	15.0	298	0	0.015623331069946289	10100	5.249637842178345	8015	20.643564356435633	
114004.03370564099	22.0	3.0	29.0	15.0	18.058204773133216	202	889	22	3	29	15	22	3	29	15	298	0	0.0156252384185791	10150	5.265263080596924	8060	20.591133004926107	
8.149993240858455e+20	22.0	3.0	29.0	15.0	18.058204773133216	203	899	22	3.0	29.0	15.0	22	3.0	29.0	15.0	300	0	0.0	10200	5.265263080596924	8094	20.647058823529406	
20380464.19893178	22.0	3.0	29.0	15.0	18.058204773133216	204	906	22	3.0	29.0	15.0	22	3.0	29.0	15.0	301	0	0.015623092651367188	10250	5.280886173248291	8131	20.673170731707316	
15012986.279197387	22.0	3.0	29.0	15.0	18.058204773133216	205	912	22	3.0	29.0	15.0	22	3.0	29.0	15.0	301	0	0.015623807907104492	10300	5.2965099811553955	8171	20.669902912621367	
1967.5099080467583	22.0	3.0	29.0	15.0	18.058204773133216	206	919	22	3.0	29.0	15.0	22	3.0	29.0	15.0	302	0	0.01562356948852539	10350	5.312133550643921	8209	20.685990338164245	
4628894489.589113	22.0	3.0	29.0	15.0	18.058204773133216	207	928	22	3.0	29.0	15.0	22	3.0	29.0	15.0	304	0	0.015624761581420898	10400	5.327758312225342	8244	20.730769230769226	
1116147734.5972111	22.0	3.0	29.0	15.0	18.058204773133216	208	933	22	3.0	29.0	15.0	22	3.0	29.0	15.0	308	0	0.015623331069946289	10450	5.343381643295288	8283	20.73684210526315	
52590129383.60469	22.0	3.0	29.0	15.0	18.058204773133216	209	939	22	3.0	29.0	15.0	22	3.0	29.0	15.0	313	0	0.015624284744262695	10500	5.359005928039551	8322	20.742857142857147	
76208441744620.45	22.0	3.0	29.0	15.0	18.058204773133216	210	947	22	3.0	29.0	15.0	22	3.0	29.0	15.0	317	0	0.015624046325683594	10550	5.374629974365234	8358	20.777251184834128	
1.3849280155102694e+18	22.0	3.0	29.0	15.0	18.058204773133216	211	950	22	3.0	29.0	15.0	22	3.0	29.0	15.0	318	0	0.015623807907104492	10600	5.390253782272339	8394	20.811320754716974	
3.652396716999705e+38	22.0	3.0	29.0	15.0	18.058204773133216	212	959	22	3.0	29.0	15.0	22	3.0	29.0	15.0	319	0	0.01562356948852539	10650	5.405877351760864	8430	20.845070422535215	
1203425869.521034	22.0	3.0	29.0	15.0	18.058204773133216	213	964	22	3.0	29.0	15.0	22	3.0	29.0	15.0	319	0	0.0	10700	5.405877351760864	8469	20.850467289719617	
203670744.0637526	22.0	3.0	29.0	15.0	18.058204773133216	214	971	22	3.0	29.0	15.0	22	3.0	29.0	15.0	321	0	0.03124856948852539	10750	5.43712592124939	8506	20.87441860465117	
1338537229.6042397	22.0	3.0	29.0	15.0	18.058204773133216	215	977	22	3.0	29.0	15.0	22	3.0	29.0	15.0	321	0	0.015623807907104492	10800	5.452749729156494	8544	20.888888888888886	
1493087127.7028656	22.0	3.0	29.0	15.0	18.058204773133216	216	980	22	3.0	29.0	15.0	22	3.0	29.0	15.0	322	0	0.01562356948852539	10850	5.4683732986450195	8583	20.894009216589865	
1.4805455137507813e+36	22.0	3.0	29.0	15.0	18.058204773133216	217	985	22	3.0	29.0	15.0	22	3.0	29.0	15.0	323	0	0.015623331069946289	10900	5.483996629714966	8625	20.87155963302753	
1911290799.9611206	22.0	3.0	29.0	15.0	18.058204773133216	218	990	22	3.0	29.0	15.0	22	3.0	29.0	15.0	324	0	0.01562356948852539	10950	5.499620199203491	8662	20.894977168949765	
2.782608695652567e+21	22.0	3.0	29.0	15.0	18.058204773133216	219	995	22	3.0	29.0	15.0	22	3.0	29.0	15.0	324	0	0.015624761581420898	11000	5.515244960784912	8704	20.872727272727275	
200.27234739047577	22.0	3.0	29.0	15.0	18.058204773133216	220	998	22	3.0	29.0	15.0	22	3.0	29.0	15.0	327	0	0.03124833106994629	11050	5.546493291854858	8741	20.895927601809944	
4272573.1163377315	22.0	3.0	29.0	15.0	18.058204773133216	221	1001	22	3.0	29.0	15.0	22	3.0	29.0	15.0	328	0	0.01562356948852539	11100	5.562116861343384	8784	20.864864864864856	
1.452815140240259e+37	22.0	3.0	29.0	15.0	18.058204773133216	222	1004	22	3.0	29.0	15.0	22	3.0	29.0	15.0	329	0	0.015624761581420898	11150	5.577741622924805	8826	20.84304932735425	
5.511013158447999e+16	22.0	3.0	29.0	15.0	18.058204773133216	223	1006	22	3.0	29.0	15.0	22	3.0	29.0	15.0	331	0	0.015622854232788086	11200	5.593364477157593	8864	20.857142857142847	
2.2634627753628388e+16	22.0	3.0	29.0	15.0	18.058204773133216	224	1009	22	3.0	29.0	15.0	22	3.0	29.0	15.0	332	0	0.015624284744262695	11250	5.6089887619018555	8905	20.84444444444445	
4.3558597737976775e+19	22.0	3.0	29.0	15.0	18.058204773133216	225	1012	22	3.0	29.0	15.0	22	3.0	29.0	15.0	332	0	0.03124856948852539	11300	5.640237331390381	8946	20.83185840707965	
1.1953155486548422e+21	22.0	3.0	29.0	15.0	18.058204773133216	226	1015	22	3.0	29.0	15.0	22	3.0	29.0	15.0	333	0	0.015623092651367188	11350	5.655860424041748	8987	20.819383259911888	
324305713.9288646	22.0	3.0	29.0	15.0	18.058204773133216	227	1021	22	3.0	29.0	15.0	22	3.0	29.0	15.0	333	0	0.0	11400	5.655860424041748	9029	20.798245614035082	
3.5678176384929965e+17	22.0	3.0	29.0	15.0	18.058204773133216	228	1023	22	3.0	29.0	15.0	22	3.0	29.0	15.0	334	0	0.015624046325683594	11450	5.671484470367432	9068	20.80349344978167	
8.808739892751902e+19	22.0	3.0	29.0	15.0	18.058204773133216	229	1030	22	3.0	29.0	15.0	22	3.0	29.0	15.0	335	0	0.015624284744262695	11500	5.687108755111694	9106	20.817391304347822	
210573929094.61353	22.0	3.0	29.0	15.0	18.058204773133216	230	1035	22	3.0	29.0	15.0	22	3.0	29.0	15.0	335	0	0.015623331069946289	11550	5.702732086181641	9149	20.787878787878782	
1644444668.723954	22.0	3.0	29.0	15.0	18.058204773133216	231	1040	22	3.0	29.0	15.0	22	3.0	29.0	15.0	336	0	0.015624523162841797	11600	5.718356609344482	9190	20.775862068965523	
16224038.49410993	22.0	3.0	29.0	15.0	18.058204773133216	232	1045	22	3.0	29.0	15.0	22	3.0	29.0	15.0	336	0	0.015623092651367188	11650	5.73397970199585	9228	20.789699570815444	
569053685.8377609	22.0	3.0	29.0	15.0	18.058204773133216	233	1050	22	3.0	29.0	15.0	22	3.0	29.0	15.0	336	0	0.015624284744262695	11700	5.749603986740112	9270	20.769230769230774	
2609920019.8419337	22.0	3.0	29.0	15.0	18.058204773133216	234	1058	22	3.0	29.0	15.0	22	3.0	29.0	15.0	338	0	0.01562356948852539	11750	5.765227556228638	9305	20.808510638297875	
1090915168.0269022	22.0	3.0	29.0	15.0	18.058204773133216	235	1062	22	3.0	29.0	15.0	22	3.0	29.0	15.0	340	0	0.015624046325683594	11800	5.780851602554321	9344	20.81355932203391	
1.883481180851068e+20	22.0	3.0	29.0	15.0	18.058204773133216	236	1066	22	3.0	29.0	15.0	22	3.0	29.0	15.0	340	0	0.031248807907104492	11850	5.812100410461426	9384	20.81012658227847	
2.1190752634790868e+18	22.0	3.0	29.0	15.0	18.058204773133216	237	1070	22	3.0	29.0	15.0	22	3.0	29.0	15.0	341	0	0.015622854232788086	11900	5.827723264694214	9425	20.798319327731093	
8572317638.62214	22.0	3.0	29.0	15.0	18.058204773133216	238	1077	22	3.0	29.0	15.0	22	3.0	29.0	15.0	341	0	0.015624523162841797	11950	5.843347787857056	9465	20.794979079497907	
43428809.70037888	22.0	3.0	29.0	15.0	18.058204773133216	239	1086	22	3.0	29.0	15.0	22	3.0	29.0	15.0	343	0	0.015623331069946289	12000	5.858971118927002	9497	20.858333333333334	
181789689.96395865	22.0	3.0	29.0	15.0	18.058204773133216	240	1093	22	3.0	29.0	15.0	22	3.0	29.0	15.0	344	0	0.015624046325683594	12050	5.8745951652526855	9531	20.904564315352687	
2352252.2965016053	22.0	3.0	29.0	15.0	18.058204773133216	241	1101	22	3.0	29.0	15.0	22	3.0	29.0	15.0	344	0	0.015623807907104492	12100	5.89021897315979	9573	20.88429752066115	
7.851717400353434e+17	22.0	3.0	29.0	15.0	18.058204773133216	242	1105	22	3.0	29.0	15.0	22	3.0	29.0	15.0	345	0	0.0	12150	5.89021897315979	9610	20.905349794238674	
406786.6227674111	22.0	3.0	29.0	15.0	18.058204773133216	243	1108	22	3.0	29.0	15.0	22	3.0	29.0	15.0	348	0	0.03124833106994629	12200	5.921467304229736	9647	20.926229508196727	
33258.297786418654	22.0	3.0	29.0	15.0	18.058204773133216	244	1111	22	3.0	29.0	15.0	22	3.0	29.0	15.0	349	0	0.015623807907104492	12250	5.937091112136841	9686	20.930612244897958	
32415577.640508905	22.0	3.0	29.0	15.0	18.058204773133216	245	1116	22	3.0	29.0	15.0	22	3.0	29.0	15.0	350	0	0.0	12300	5.937091112136841	9729	20.902439024390247	
475.1601216937219	22.0	3.0	29.0	15.0	18.058204773133216	246	1119	22	3.0	29.0	15.0	22	3.0	29.0	15.0	351	0	0.015623331069946289	12350	5.952714443206787	9771	20.882591093117412	
228797677.2207109	22.0	3.0	29.0	15.0	18.058204773133216	247	1127	22	3.0	29.0	15.0	22	3.0	29.0	15.0	352	0	0.015624284744262695	12400	5.96833872795105	9801	20.959677419354833	
15807610.736884862	22.0	3.0	29.0	15.0	18.058204773133216	248	1136	22	3.0	29.0	15.0	22	3.0	29.0	15.0	353	0	0.015623807907104492	12450	5.983962535858154	9837	20.98795180722891	
5321828.542093501	22.0	3.0	29.0	15.0	18.058204773133216	249	1141	22	3.0	29.0	15.0	22	3.0	29.0	15.0	353	0	0.015624046325683594	12500	5.999586582183838	9877	20.98400000000001	
172633991.0006755	22.0	3.0	29.0	15.0	18.058204773133216	250	1147	22	3.0	29.0	15.0	22	3.0	29.0	15.0	353	0	0.015624284744262695	12550	6.015210866928101	9917	20.9800796812749	
80.68816139975233	22.0	3.0	29.0	15.0	18.058204773133216	251	1153	22	3.0	29.0	15.0	22	3.0	29.0	15.0	355	0	0.031248092651367188	12600	6.046458959579468	9949	21.03968253968253	
99.70772084064576	22.0	3.0	29.0	15.0	18.058204773133216	252	1158	22	3.0	29.0	15.0	22	3.0	29.0	15.0	356	0	0.015623331069946289	12650	6.062082290649414	9991	21.019762845849797	
135939485.54657322	22.0	3.0	29.0	15.0	18.058204773133216	253	1161	22	3.0	29.0	15.0	22	3.0	29.0	15.0	359	0	0.015624046325683594	12700	6.077706336975098	10031	21.01574803149606	
5.848430889070881e+18	22.0	3.0	29.0	15.0	18.058204773133216	254	1168	22	3.0	29.0	15.0	22	3.0	29.0	15.0	360	0	0.01562356948852539	12750	6.093329906463623	10071	21.011764705882356	
2.65477903668795e+18	22.0	3.0	29.0	15.0	18.058204773133216	255	1174	22	3.0	29.0	15.0	22	3.0	29.0	15.0	363	0	0.015624284744262695	12800	6.108954191207886	10105	21.0546875	
1428895675.4419324	22.0	3.0	29.0	15.0	18.058204773133216	256	1179	22	3.0	29.0	15.0	22	3.0	29.0	15.0	364	0	0.01562356948852539	12850	6.124577760696411	10146	21.04280155642023	
19341907583.441574	22.0	3.0	29.0	15.0	18.058204773133216	257	1184	22	3.0	29.0	15.0	22	3.0	29.0	15.0	364	0	0.015625	12900	6.140202760696411	10187	21.031007751937977	
6.06306998365622e+30	22.0	3.0	29.0	15.0	18.058204773133216	258	1190	22	3.0	29.0	15.0	22	3.0	29.0	15.0	365	0	0.015622854232788086	12950	6.155825614929199	10227	21.027027027027017	
3.285600213648202e+19	22.0	3.0	29.0	15.0	18.058204773133216	259	1198	22	3.0	29.0	15.0	22	3.0	29.0	15.0	368	0	0.015624761581420898	13000	6.17145037651062	10264	21.046153846153842	
2.682555247468219e+19	22.0	3.0	29.0	15.0	18.058204773133216	260	1200	22	3.0	29.0	15.0	22	3.0	29.0	15.0	368	0	0.015623331069946289	13050	6.187073707580566	10310	20.996168582375475	
26884.443237921358	22.0	3.0	29.0	15.0	18.058204773133216	261	1207	22	3.0	29.0	15.0	22	3.0	29.0	15.0	371	0	0.015624284744262695	13100	6.202697992324829	10347	21.015267175572518	
2440202671.1016955	22.0	3.0	29.0	15.0	18.058204773133216	262	1212	22	3.0	29.0	15.0	22	3.0	29.0	15.0	371	0	0.031247377395629883	13150	6.233945369720459	10387	21.01140684410646	
173655.56381190417	22.0	3.0	29.0	15.0	18.058204773133216	263	1214	22	3.0	29.0	15.0	22	3.0	29.0	15.0	371	0	0.015626192092895508	13200	6.2495715618133545	10431	20.97727272727272	
5.776286146614407e+30	22.0	3.0	29.0	15.0	18.058204773133216	264	1221	22	3.0	29.0	15.0	22	3.0	29.0	15.0	372	0	0.0	13250	6.2495715618133545	10468	20.99622641509434	
6.374862386953198e+25	22.0	3.0	29.0	15.0	18.058204773133216	265	1223	22	3.0	29.0	15.0	22	3.0	29.0	15.0	372	0	0.01562190055847168	13300	6.265193462371826	10512	20.962406015037587	
4.2038578108896995e+29	22.0	3.0	29.0	15.0	18.058204773133216	266	1228	22	3.0	29.0	15.0	22	3.0	29.0	15.0	373	0	0.015624046325683594	13350	6.28081750869751	10548	20.98876404494382	
4.0083804451295126e+29	22.0	3.0	29.0	15.0	18.058204773133216	267	1231	22	3.0	29.0	15.0	22	3.0	29.0	15.0	376	0	0.031247854232788086	13400	6.312065362930298	10588	20.985074626865668	
2401976292.70185	22.0	3.0	29.0	15.0	18.058204773133216	268	1240	22	3.0	29.0	15.0	22	3.0	29.0	15.0	378	0	0.0	13450	6.312065362930298	10620	21.04089219330855	
4601710895.359392	22.0	3.0	29.0	15.0	18.058204773133216	269	1243	22	3.0	29.0	15.0	22	3.0	29.0	15.0	379	0	0.015623092651367188	13500	6.327688455581665	10659	21.044444444444437	
782092250091.3468	22.0	3.0	29.0	15.0	18.058204773133216	270	1246	22	3.0	29.0	15.0	22	3.0	29.0	15.0	381	0	0.015624761581420898	13550	6.343313217163086	10700	21.033210332103323	
258008.91577006158	22.0	3.0	29.0	15.0	18.058204773133216	271	1250	22	3.0	29.0	15.0	22	3.0	29.0	15.0	384	0	0.015624284744262695	13600	6.358937501907349	10737	21.051470588235304	
209656.58048704304	22.0	3.0	29.0	15.0	18.058204773133216	272	1252	22	3.0	29.0	15.0	22	3.0	29.0	15.0	385	0	0.015623807907104492	13650	6.374561309814453	10777	21.04761904761905	
226935457.36429286	22.0	3.0	29.0	15.0	18.058204773133216	273	1256	22	3.0	29.0	15.0	22	3.0	29.0	15.0	386	0	0.015623807907104492	13700	6.390185117721558	10819	21.02919708029198	
20743507.47229675	22.0	3.0	29.0	15.0	18.058204773133216	274	1260	22	3.0	29.0	15.0	22	3.0	29.0	15.0	386	0	0.015623331069946289	13750	6.405808448791504	10860	21.018181818181816	
5645274418473.485	22.0	3.0	29.0	15.0	18.058204773133216	275	1268	22	3.0	29.0	15.0	22	3.0	29.0	15.0	387	0	0.015624761581420898	13800	6.421433210372925	10896	21.043478260869563	
12614.711188433877	22.0	3.0	29.0	15.0	18.058204773133216	276	1272	22	3.0	29.0	15.0	22	3.0	29.0	15.0	388	0	0.0	13850	6.421433210372925	10936	21.03971119133574	
1633.9865726950563	22.0	3.0	29.0	15.0	18.058204773133216	277	1275	22	3.0	29.0	15.0	22	3.0	29.0	15.0	393	0	0.015623331069946289	13900	6.437056541442871	10973	21.057553956834525	
2155960.277885432	22.0	3.0	29.0	15.0	18.058204773133216	278	1277	22	3.0	29.0	15.0	22	3.0	29.0	15.0	397	0	0.015624523162841797	13950	6.452681064605713	11017	21.025089605734763	
3.91513878202288e+40	22.0	3.0	29.0	15.0	18.058204773133216	279	1281	22	3.0	29.0	15.0	22	3.0	29.0	15.0	400	0	0.015623092651367188	14000	6.46830415725708	11048	21.08571428571429	
3.2651026966952494e+24	22.0	3.0	29.0	15.0	18.058204773133216	280	1284	22	3.0	29.0	15.0	22	3.0	29.0	15.0	403	0	0.031247854232788086	14050	6.499552011489868	11088	21.081850533807838	
3.3772288052733387e+19	22.0	3.0	29.0	15.0	18.058204773133216	281	1293	22	3.0	29.0	15.0	22	3.0	29.0	15.0	403	0	0.0	14100	6.499552011489868	11121	21.127659574468083	
2.2121755000229064e+18	22.0	3.0	29.0	15.0	18.058204773133216	282	1301	22	3.0	29.0	15.0	22	3.0	29.0	15.0	406	0	0.0156252384185791	14150	6.515177249908447	11156	21.159010600706722	
9.258881841046259e+39	22.0	3.0	29.0	15.0	18.058204773133216	283	1307	22	3.0	29.0	15.0	22	3.0	29.0	15.0	408	0	0.015622615814208984	14200	6.530799865722656	11194	21.16901408450704	
199045673849.85684	22.0	3.0	29.0	15.0	18.058204773133216	284	1312	22	3.0	29.0	15.0	22	3.0	29.0	15.0	408	0	0.015624523162841797	14250	6.546424388885498	11235	21.15789473684211	
800.0772074935085	22.0	3.0	29.0	15.0	18.058204773133216	285	1317	22	3.0	29.0	15.0	22	3.0	29.0	15.0	409	0	0.015623807907104492	14300	6.5620481967926025	11272	21.174825174825173	
1795520.194632009	22.0	3.0	29.0	15.0	18.058204773133216	286	1320	22	3.0	29.0	15.0	22	3.0	29.0	15.0	413	0	0.015624046325683594	14350	6.577672243118286	11310	21.184668989547035	
1689622039.3438675	22.0	3.0	29.0	15.0	18.058204773133216	287	1323	22	3.0	29.0	15.0	22	3.0	29.0	15.0	414	0	0.031247854232788086	14400	6.608920097351074	11352	21.16666666666667	
173065286.83193257	22.0	3.0	29.0	15.0	18.058204773133216	288	1327	22	3.0	29.0	15.0	22	3.0	29.0	15.0	417	0	0.015623331069946289	14450	6.6245434284210205	11389	21.1833910034602	
1377094071.2171085	22.0	3.0	29.0	15.0	18.058204773133216	289	1333	22	3.0	29.0	15.0	22	3.0	29.0	15.0	419	0	0.0	14500	6.6245434284210205	11427	21.193103448275863	
1831376324278.9124	22.0	3.0	29.0	15.0	18.058204773133216	290	1337	22	3.0	29.0	15.0	22	3.0	29.0	15.0	420	0	0.015624284744262695	14550	6.640167713165283	11466	21.195876288659804	
1864033424.825616	22.0	3.0	29.0	15.0	18.058204773133216	291	1340	22	3.0	29.0	15.0	22	3.0	29.0	15.0	420	0	0.031248092651367188	14600	6.67141580581665	11510	21.164383561643845	
65033.02633850947	22.0	3.0	29.0	15.0	18.058204773133216	292	1347	22	3.0	29.0	15.0	22	3.0	29.0	15.0	420	0	0.015623807907104492	14650	6.687039613723755	11543	21.208191126279857	
1152235761707.6265	22.0	3.0	29.0	15.0	18.058204773133216	293	1352	22	3.0	29.0	15.0	22	3.0	29.0	15.0	420	0	0.015624046325683594	14700	6.7026636600494385	11583	21.204081632653057	
211348575.2378777	22.0	3.0	29.0	15.0	18.058204773133216	294	1356	22	3.0	29.0	15.0	22	3.0	29.0	15.0	420	0	0.015623807907104492	14750	6.718287467956543	11622	21.206779661016952	
72.3828261291786	22.0	3.0	29.0	15.0	18.0502401757406	295	1362	22	3.0	29.0	15.0	22	3.0	29.0	15.0	421	0	0.015623331069946289	14800	6.733910799026489	11659	21.22297297297297	
1644514.3789906753	22.0	3.0	29.0	15.0	18.0502401757406	296	1366	22	3.0	29.0	15.0	22	3.0	29.0	15.0	423	0	0.015624046325683594	14850	6.749534845352173	11698	21.225589225589232	
2261979147.2507305	22.0	3.0	29.0	15.0	18.0502401757406	297	1374	22	3.0	29.0	15.0	22	3.0	29.0	15.0	423	0	0.015624284744262695	14900	6.7651591300964355	11737	21.228187919463082	
1.5847826900521187e+21	22.0	3.0	29.0	15.0	18.0502401757406	298	1379	22	3.0	29.0	15.0	22	3.0	29.0	15.0	423	0	0.015624046325683594	14950	6.780783176422119	11777	21.224080267558534	
2236299830.794639	22.0	3.0	29.0	15.0	18.0502401757406	299	1386	22	3.0	29.0	15.0	22	3.0	29.0	15.0	423	0	0.015624523162841797	15000	6.796407699584961	11818	21.213333333333324	
1.8612000016423409e+18	22.0	3.0	29.0	15.0	18.0502401757406	300	1389	22	3.0	29.0	15.0	22	3.0	29.0	15.0	424	0	0.015623331069946289	15050	6.812031030654907	11856	21.222591362126238	
6.860000627200086e+34	22.0	3.0	29.0	15.0	18.0502401757406	301	1391	22	3.0	29.0	15.0	22	3.0	29.0	15.0	424	0	0.031247615814208984	15100	6.843278646469116	11901	21.185430463576154	
5.419141704347825e+37	22.0	3.0	29.0	15.0	18.0502401757406	302	1396	22	3.0	29.0	15.0	22	3.0	29.0	15.0	424	0	0.015624284744262695	15150	6.858902931213379	11942	21.174917491749184	
911059085899.943	22.0	3.0	29.0	15.0	18.0502401757406	303	1399	22	3.0	29.0	15.0	22	3.0	29.0	15.0	424	0	0.015624046325683594	15200	6.8745269775390625	11983	21.16447368421052	
774.2947945111134	22.0	3.0	29.0	15.0	18.0502401757406	304	1404	22	3.0	29.0	15.0	22	3.0	29.0	15.0	424	0	0.015624046325683594	15250	6.890151023864746	12023	21.160655737704914	
1517992793.473371	22.0	3.0	29.0	15.0	18.0502401757406	305	1408	22	3.0	29.0	15.0	22	3.0	29.0	15.0	425	0	0.01562356948852539	15300	6.9057745933532715	12068	21.124183006535944	
2136374004.5052907	22.0	3.0	29.0	15.0	18.0502401757406	306	1412	22	3.0	29.0	15.0	22	3.0	29.0	15.0	428	0	0.015624046325683594	15350	6.921398639678955	12108	21.120521172638433	
1172338010.6888766	22.0	3.0	29.0	15.0	18.0502401757406	307	1416	22	3.0	29.0	15.0	22	3.0	29.0	15.0	429	0	0.015625	15400	6.937023639678955	12150	21.103896103896105	
20365879.09328437	22.0	3.0	29.0	15.0	18.0502401757406	308	1422	22	3.0	29.0	15.0	22	3.0	29.0	15.0	429	0	0.015622377395629883	15450	6.952646017074585	12191	21.093851132686083	
3012643508.0251317	22.0	3.0	29.0	15.0	18.0502401757406	309	1429	22	3.0	29.0	15.0	22	3.0	29.0	15.0	429	0	0.015624523162841797	15500	6.968270540237427	12229	21.103225806451604	
22698117561.36334	22.0	3.0	29.0	15.0	18.0502401757406	310	1435	22	3.0	29.0	15.0	22	3.0	29.0	15.0	429	0	0.0	15550	6.968270540237427	12268	21.106109324758833	
2248338558.8395224	22.0	3.0	29.0	15.0	18.0502401757406	311	1439	22	3.0	29.0	15.0	22	3.0	29.0	15.0	431	0	0.03124856948852539	15600	6.999519109725952	12304	21.128205128205124	
590588502.4479499	22.0	3.0	29.0	15.0	18.0502401757406	312	1441	22	3.0	29.0	15.0	22	3.0	29.0	15.0	431	0	0.015622854232788086	15650	7.01514196395874	12345	21.11821086261982	
7.80645083387474e+20	22.0	3.0	29.0	15.0	18.0502401757406	313	1443	22	3.0	29.0	15.0	22	3.0	29.0	15.0	432	0	0.015624523162841797	15700	7.030766487121582	12387	21.10191082802548	
2240093599.76112	22.0	3.0	29.0	15.0	18.0502401757406	314	1445	22	3.0	29.0	15.0	22	3.0	29.0	15.0	432	0	0.015623807907104492	15750	7.0463902950286865	12428	21.092063492063488	
54659.17729817367	22.0	3.0	29.0	15.0	18.0502401757406	315	1451	22	3.0	29.0	15.0	22	3.0	29.0	15.0	432	0	0.01562356948852539	15800	7.062013864517212	12461	21.132911392405063	
723.3329189711088	22.0	3.0	29.0	15.0	18.0502401757406	316	1459	22	3.0	29.0	15.0	22	3.0	29.0	15.0	433	0	0.015624046325683594	15850	7.0776379108428955	12498	21.148264984227126	
1492505542.0818045	22.0	3.0	29.0	15.0	18.0502401757406	317	1462	22	3.0	29.0	15.0	22	3.0	29.0	15.0	433	0	0.015623807907104492	15900	7.09326171875	12540	21.1320754716981	
3266633679.639267	22.0	3.0	29.0	15.0	18.0502401757406	318	1465	22	3.0	29.0	15.0	22	3.0	29.0	15.0	435	0	0.015624523162841797	15950	7.108886241912842	12580	21.12852664576802	
6.843511399443851e+23	22.0	3.0	29.0	15.0	18.0502401757406	319	1468	22	3.0	29.0	15.0	22	3.0	29.0	15.0	439	0	0.015624046325683594	16000	7.124510288238525	12617	21.143749999999997	
1452494853.605331	22.0	3.0	29.0	15.0	18.0502401757406	320	1473	22	3.0	29.0	15.0	22	3.0	29.0	15.0	440	0	0.01562356948852539	16050	7.140133857727051	12658	21.133956386292837	
870620668.1030427	22.0	3.0	29.0	15.0	18.0502401757406	321	1474	22	3	29	15	22	3	29	15	441	0	0.015623807907104492	16100	7.155757665634155	12704	21.093167701863365	
119785974554721.06	22.0	3.0	29.0	15.0	18.0502401757406	322	1481	22	3.0	29.0	15.0	22	3.0	29.0	15.0	441	0	0.015623807907104492	16150	7.17138147354126	12745	21.083591331269346	
146516658.41725725	22.0	3.0	29.0	15.0	18.0502401757406	323	1484	22	3.0	29.0	15.0	22	3.0	29.0	15.0	441	0	0.015624284744262695	16200	7.1870057582855225	12784	21.086419753086417	
20005970.68350779	22.0	3.0	29.0	15.0	18.0502401757406	324	1487	22	3.0	29.0	15.0	22	3.0	29.0	15.0	442	0	0.015623331069946289	16250	7.202629089355469	12822	21.095384615384617	
2165571.088137301	22.0	3.0	29.0	15.0	18.0502401757406	325	1493	22	3.0	29.0	15.0	22	3.0	29.0	15.0	442	0	0.015623807907104492	16300	7.218252897262573	12862	21.0920245398773	
40184179.86350371	22.0	3.0	29.0	15.0	18.0502401757406	326	1501	22	3.0	29.0	15.0	22	3.0	29.0	15.0	445	0	0.0	16350	7.218252897262573	12896	21.125382262996936	
18798354.112503514	22.0	3.0	29.0	15.0	18.0502401757406	327	1509	22	3.0	29.0	15.0	22	3.0	29.0	15.0	447	0	0.015623807907104492	16400	7.233876705169678	12931	21.152439024390247	
2594734308.6559067	22.0	3.0	29.0	15.0	18.0502401757406	328	1514	22	3.0	29.0	15.0	22	3.0	29.0	15.0	450	0	0.015624284744262695	16450	7.24950098991394	12969	21.161094224924014	
2437002472.2856584	22.0	3.0	29.0	15.0	18.0502401757406	329	1519	22	3.0	29.0	15.0	22	3.0	29.0	15.0	453	0	0.015624284744262695	16500	7.265125274658203	13005	21.181818181818173	
2353033846.142701	22.0	3.0	29.0	15.0	18.0502401757406	330	1525	22	3.0	29.0	15.0	22	3.0	29.0	15.0	454	0	0.015624046325683594	16550	7.280749320983887	13047	21.166163141993948	
2548226282834400.5	22.0	3.0	29.0	15.0	18.0502401757406	331	1532	22	3.0	29.0	15.0	22	3.0	29.0	15.0	454	0	0.015623807907104492	16600	7.296373128890991	13088	21.156626506024097	
2.864328709065454e+41	22.0	3.0	29.0	15.0	18.0502401757406	332	1542	22	3.0	29.0	15.0	22	3.0	29.0	15.0	454	0	0.015625	16650	7.311998128890991	13121	21.195195195195197	
2098245.261512364	22.0	3.0	29.0	15.0	18.0502401757406	333	1551	22	3.0	29.0	15.0	22	3.0	29.0	15.0	455	0	0.0	16700	7.311998128890991	13154	21.233532934131745	
1879453233.482861	22.0	3.0	29.0	15.0	18.0502401757406	334	1555	22	3.0	29.0	15.0	22	3.0	29.0	15.0	455	0	0.015622615814208984	16750	7.3276207447052	13195	21.223880597014926	
151564447603319.84	22.0	3.0	29.0	15.0	18.0502401757406	335	1561	22	3.0	29.0	15.0	22	3.0	29.0	15.0	455	0	0.01562356948852539	16800	7.343244314193726	13232	21.23809523809524	
4.921421996314618e+39	22.0	3.0	29.0	15.0	18.0502401757406	336	1566	22	3.0	29.0	15.0	22	3.0	29.0	15.0	456	0	0.015624523162841797	16850	7.358868837356567	13268	21.258160237388722	
7631473965.74126	22.0	3.0	29.0	15.0	18.0502401757406	337	1570	22	3.0	29.0	15.0	22	3.0	29.0	15.0	457	0	0.0	16900	7.358868837356567	13307	21.260355029585796	
673612516427770.4	22.0	3.0	29.0	15.0	18.0502401757406	338	1572	22	3.0	29.0	15.0	22	3.0	29.0	15.0	458	0	0.015623807907104492	16950	7.374492645263672	13350	21.238938053097343	
207377.519217536	22.0	3.0	29.0	15.0	18.0502401757406	339	1580	22	3.0	29.0	15.0	22	3.0	29.0	15.0	460	0	0.015624046325683594	17000	7.3901166915893555	13386	21.258823529411757	
5.039300004861821e+28	22.0	3.0	29.0	15.0	18.0502401757406	340	1582	22	3.0	29.0	15.0	22	3.0	29.0	15.0	461	0	0.0	17050	7.3901166915893555	13428	21.243401759530784	
1101.3637314085586	22.0	3.0	29.0	15.0	18.0502401757406	341	1588	22	3.0	29.0	15.0	22	3.0	29.0	15.0	462	0	0.015623807907104492	17100	7.40574049949646	13467	21.245614035087726	
253.3933644968716	22.0	3.0	29.0	15.0	18.0502401757406	342	1595	22	3.0	29.0	15.0	22	3.0	29.0	15.0	462	0	0.015623807907104492	17150	7.4213643074035645	13498	21.29446064139941	
1382.389391026622	22.0	3.0	29.0	15.0	18.0502401757406	343	1600	22	3.0	29.0	15.0	22	3.0	29.0	15.0	463	0	0.015623807907104492	17200	7.436988115310669	13537	21.29651162790698	
2.3166181633586905e+32	22.0	3.0	29.0	15.0	18.0502401757406	344	1603	22	3.0	29.0	15.0	22	3.0	29.0	15.0	463	0	0.031248092651367188	17250	7.468236207962036	13579	21.281159420289853	
1.718677467171803e+23	22.0	3.0	29.0	15.0	18.0502401757406	345	1605	22	3.0	29.0	15.0	22	3.0	29.0	15.0	463	0	0.015624284744262695	17300	7.483860492706299	13621	21.265895953757223	
235923496567.6627	22.0	3.0	29.0	15.0	18.0502401757406	346	1611	22	3.0	29.0	15.0	22	3.0	29.0	15.0	464	0	0.01562356948852539	17350	7.499484062194824	13660	21.268011527377524	
1641601406.4186542	22.0	3.0	29.0	15.0	18.0502401757406	347	1621	22	3.0	29.0	15.0	22	3.0	29.0	15.0	464	0	0.015624046325683594	17400	7.515108108520508	13695	21.293103448275858	
1826090838.619269	22.0	3.0	29.0	15.0	18.0502401757406	348	1624	22	3.0	29.0	15.0	22	3.0	29.0	15.0	466	0	0.015623807907104492	17450	7.530731916427612	13735	21.289398280802303	
255.34492069821448	22.0	3.0	29.0	15.0	18.0502401757406	349	1631	22	3.0	29.0	15.0	22	3.0	29.0	15.0	467	0	0.015624046325683594	17500	7.546355962753296	13776	21.28	
899627431.3879179	22.0	3.0	29.0	15.0	18.0502401757406	350	1637	22	3.0	29.0	15.0	22	3.0	29.0	15.0	470	0	0.015623807907104492	17550	7.5619797706604	13809	21.31623931623932	
726220627398.2208	22.0	3.0	29.0	15.0	18.0502401757406	351	1638	22	3.0	29.0	15.0	22	3.0	29.0	15.0	471	0	0.0	17600	7.5619797706604	13852	21.295454545454547	
18723.423623126957	22.0	3.0	29.0	15.0	18.0502401757406	352	1645	22	3.0	29.0	15.0	22	3.0	29.0	15.0	473	0	0.015623807907104492	17650	7.577603578567505	13888	21.314447592067992	
5122.771366425456	22.0	3.0	29.0	15.0	18.0502401757406	353	1650	22	3.0	29.0	15.0	22	3.0	29.0	15.0	473	0	0.015624046325683594	17700	7.5932276248931885	13928	21.31073446327683	
125696980.61386907	22.0	3.0	29.0	15.0	18.0502401757406	354	1657	22	3.0	29.0	15.0	22	3.0	29.0	15.0	474	0	0.015624284744262695	17750	7.608851909637451	13963	21.33521126760563	
2.3525851369602318e+23	22.0	3.0	29.0	15.0	18.0502401757406	355	1664	22	3.0	29.0	15.0	22	3.0	29.0	15.0	475	0	0.031247615814208984	17800	7.64009952545166	14001	21.342696629213492	
164995974.45852372	22.0	3.0	29.0	15.0	18.0502401757406	356	1672	22	3.0	29.0	15.0	22	3.0	29.0	15.0	475	0	0.015623807907104492	17850	7.655723333358765	14040	21.344537815126046	
12206371.200878905	22.0	3.0	29.0	15.0	18.0502401757406	357	1678	22	3.0	29.0	15.0	22	3.0	29.0	15.0	476	0	0.0	17900	7.655723333358765	14080	21.34078212290504	
470887712.9721477	22.0	3.0	29.0	15.0	18.0502401757406	358	1683	22	3.0	29.0	15.0	22	3.0	29.0	15.0	477	0	0.015624523162841797	17950	7.6713478565216064	14119	21.342618384401106	
33014738.337137107	22.0	3.0	29.0	15.0	18.0502401757406	359	1687	22	3.0	29.0	15.0	22	3.0	29.0	15.0	477	0	0.015622854232788086	18000	7.6869707107543945	14162	21.322222222222223	
734730934.5734272	22.0	3.0	29.0	15.0	18.0502401757406	360	1689	22	3.0	29.0	15.0	22	3.0	29.0	15.0	480	0	0.015624761581420898	18050	7.702595472335815	14205	21.301939058171754	
1.538285991665561e+19	22.0	3.0	29.0	15.0	18.0502401757406	361	1693	22	3.0	29.0	15.0	22	3.0	29.0	15.0	483	0	0.015624046325683594	18100	7.718219518661499	14239	21.33149171270719	
2342144.007753325	22.0	3.0	29.0	15.0	18.0502401757406	362	1702	22	3.0	29.0	15.0	22	3.0	29.0	15.0	487	0	0.015623331069946289	18150	7.733842849731445	14275	21.349862258953166	
2144682431.7048028	22.0	3.0	29.0	15.0	18.0502401757406	363	1706	22	3.0	29.0	15.0	22	3.0	29.0	15.0	487	0	0.015624523162841797	18200	7.749467372894287	14317	21.335164835164832	
1.433764849923216e+19	22.0	3.0	29.0	15.0	18.0502401757406	364	1713	22	3.0	29.0	15.0	22	3.0	29.0	15.0	488	0	0.015623807907104492	18250	7.765091180801392	14355	21.342465753424662	
211646575.4541757	22.0	3.0	29.0	15.0	18.0502401757406	365	1717	22	3.0	29.0	15.0	22	3.0	29.0	15.0	488	0	0.0312504768371582	18300	7.79634165763855	14400	21.311475409836063	
1.073618219514111e+36	22.0	3.0	29.0	15.0	18.0502401757406	366	1721	22	3.0	29.0	15.0	22	3.0	29.0	15.0	491	0	0.01562047004699707	18350	7.811962127685547	14438	21.318801089918253	
2.3911200752457639e+36	22.0	3.0	29.0	15.0	18.0502401757406	367	1726	22	3.0	29.0	15.0	22	3.0	29.0	15.0	492	0	0.01563119888305664	18400	7.8275933265686035	14476	21.326086956521735	
45626067980.652	22.0	3.0	29.0	15.0	18.0502401757406	368	1731	22	3.0	29.0	15.0	22	3.0	29.0	15.0	492	0	0.03124070167541504	18450	7.8588340282440186	14517	21.317073170731703	
609498.5819092448	22.0	3.0	29.0	15.0	18.0502401757406	369	1736	22	3.0	29.0	15.0	22	3.0	29.0	15.0	492	0	0.015624284744262695	18500	7.874458312988281	14559	21.302702702702703	
3904287.7537013907	22.0	3.0	29.0	15.0	18.0502401757406	370	1743	22	3.0	29.0	15.0	22	3.0	29.0	15.0	492	0	0.015625	18550	7.890083312988281	14598	21.304582210242586	
180777755.60326302	22.0	3.0	29.0	15.0	18.0502401757406	371	1752	22	3.0	29.0	15.0	22	3.0	29.0	15.0	492	0	0.015623807907104492	18600	7.905707120895386	14633	21.327956989247312	
1620626054.925042	22.0	3.0	29.0	15.0	18.0502401757406	372	1754	22	3.0	29.0	15.0	22	3.0	29.0	15.0	494	0	0.031248092651367188	18650	7.936955213546753	14674	21.31903485254692	
263437020.07901958	22.0	3.0	29.0	15.0	18.0502401757406	373	1762	22	3.0	29.0	15.0	22	3.0	29.0	15.0	494	0	0.015624523162841797	18700	7.952579736709595	14711	21.331550802139034	
6296622872.9989	22.0	3.0	29.0	15.0	18.0502401757406	374	1767	22	3.0	29.0	15.0	22	3.0	29.0	15.0	494	0	0.01562190055847168	18750	7.968201637268066	14750	21.333333333333343	
5.684321523404254e+39	22.0	3.0	29.0	15.0	18.0502401757406	375	1771	22	3.0	29.0	15.0	22	3.0	29.0	15.0	494	0	0.01562356948852539	18800	7.983825206756592	14790	21.329787234042556	
1028122493.9291184	22.0	3.0	29.0	15.0	18.0502401757406	376	1776	22	3.0	29.0	15.0	22	3.0	29.0	15.0	495	0	0.015624761581420898	18850	7.999449968338013	14832	21.315649867374006	
290330.14374169806	22.0	3.0	29.0	15.0	18.0502401757406	377	1779	22	3.0	29.0	15.0	22	3.0	29.0	15.0	495	0	0.015625	18900	8.015074968338013	14877	21.285714285714292	
1669459.477274428	22.0	3.0	29.0	15.0	18.0502401757406	378	1781	22	3.0	29.0	15.0	22	3.0	29.0	15.0	495	0	0.015622854232788086	18950	8.0306978225708	14917	21.282321899736147	
175.5680403109219	22.0	3.0	29.0	15.0	18.0502401757406	379	1785	22	3.0	29.0	15.0	22	3.0	29.0	15.0	497	0	0.015625	19000	8.0463228225708	14956	21.28421052631579	
300056504775.031	22.0	3.0	29.0	15.0	18.0502401757406	380	1789	22	3.0	29.0	15.0	22	3.0	29.0	15.0	499	0	0.015624284744262695	19050	8.061947107315063	14993	21.29658792650919	
271633122173.9691	22.0	3.0	29.0	15.0	18.0502401757406	381	1798	22	3.0	29.0	15.0	22	3.0	29.0	15.0	500	0	0.015622854232788086	19100	8.077569961547852	15031	21.303664921465966	
50648793.64894808	22.0	3.0	29.0	15.0	18.0502401757406	382	1802	22	3.0	29.0	15.0	22	3.0	29.0	15.0	500	0	0.0	19150	8.077569961547852	15072	21.29503916449086	
1658992.9489031797	22.0	3.0	29.0	15.0	18.0502401757406	383	1809	22	3.0	29.0	15.0	22	3.0	29.0	15.0	501	0	0.015623092651367188	19200	8.093193054199219	15107	21.31770833333333	
930583018.145219	22.0	3.0	29.0	15.0	18.0502401757406	384	1812	22	3.0	29.0	15.0	22	3.0	29.0	15.0	501	0	0.031248092651367188	19250	8.124441146850586	15148	21.309090909090912	
18663255.80592	22.0	3.0	29.0	15.0	18.0502401757406	385	1818	22	3.0	29.0	15.0	22	3.0	29.0	15.0	501	0	0.015624761581420898	19300	8.140065908432007	15189	21.300518134715034	
178044286.49579856	22.0	3.0	29.0	15.0	18.0502401757406	386	1821	22	3.0	29.0	15.0	22	3.0	29.0	15.0	503	0	0.01562356948852539	19350	8.155689477920532	15227	21.30749354005168	
7.626255887566629e+17	22.0	3.0	29.0	15.0	18.0502401757406	387	1825	22	3.0	29.0	15.0	22	3.0	29.0	15.0	504	0	0.01562356948852539	19400	8.171313047409058	15268	21.29896907216495	
1.917961950844e+39	22.0	3.0	29.0	15.0	18.0502401757406	388	1827	22	3.0	29.0	15.0	22	3.0	29.0	15.0	504	0	0.015624284744262695	19450	8.18693733215332	15309	21.29048843187661	
1969907.6978273708	22.0	3.0	29.0	15.0	18.0502401757406	389	1830	22	3.0	29.0	15.0	22	3.0	29.0	15.0	506	0	0.031247377395629883	19500	8.21818470954895	15345	21.307692307692307	
3.3212494933511156e+41	22.0	3.0	29.0	15.0	18.0502401757406	390	1830	22	3	29	15	22	3	29	15	508	0	0.0156252384185791	19550	8.23380994796753	15389	21.2838874680307	
4.0690577665433344e+32	22.0	3.0	29.0	15.0	18.0502401757406	391	1833	22	3.0	29.0	15.0	22	3.0	29.0	15.0	508	0	0.015622377395629883	19600	8.24943232536316	15435	21.25	
16955569.891702004	22.0	3.0	29.0	15.0	18.0502401757406	392	1841	22	3.0	29.0	15.0	22	3.0	29.0	15.0	509	0	0.01562786102294922	19650	8.265060186386108	15472	21.262086513994916	
7672566680383.462	22.0	3.0	29.0	15.0	18.0502401757406	393	1847	22	3.0	29.0	15.0	22	3.0	29.0	15.0	510	0	0.015625	19700	8.280685186386108	15511	21.263959390862937	
4027163083023.103	22.0	3.0	29.0	15.0	18.0502401757406	394	1850	22	3.0	29.0	15.0	22	3.0	29.0	15.0	510	0	0.015622138977050781	19750	8.29630732536316	15554	21.245569620253164	
41581843397286.445	22.0	3.0	29.0	15.0	18.0502401757406	395	1854	22	3.0	29.0	15.0	22	3.0	29.0	15.0	511	0	0.0	19800	8.29630732536316	15596	21.23232323232324	
1505079778.9015174	22.0	3.0	29.0	15.0	18.0502401757406	396	1858	22	3.0	29.0	15.0	22	3.0	29.0	15.0	511	0	0.015623092651367188	19850	8.311930418014526	15639	21.214105793450884	
73.3245249969916	22.0	3.0	29.0	15.0	18.0502401757406	397	1866	22	3.0	29.0	15.0	22	3.0	29.0	15.0	512	0	0.015624761581420898	19900	8.327555179595947	15675	21.231155778894475	
7.103919317515542e+23	22.0	3.0	29.0	15.0	18.0502401757406	398	1876	22	3.0	29.0	15.0	22	3.0	29.0	15.0	512	0	0.015622377395629883	19950	8.343177556991577	15710	21.253132832080198	
8.097974634171654e+18	22.0	3.0	29.0	15.0	18.0502401757406	399	1883	22	3.0	29.0	15.0	22	3.0	29.0	15.0	515	0	0.015623807907104492	20000	8.358801364898682	15747	21.265	
2634047689.757185	22.0	3.0	29.0	15.0	18.0502401757406	400	1886	22	3.0	29.0	15.0	22	3.0	29.0	15.0	516	0	0.015625	20050	8.374426364898682	15789	21.251870324189525	
2527077160.818863	22.0	3.0	29.0	15.0	18.0502401757406	401	1894	22	3.0	29.0	15.0	22	3.0	29.0	15.0	518	0	0.0	20100	8.374426364898682	15822	21.28358208955224	
6.834713721018107e+29	22.0	3.0	29.0	15.0	18.0502401757406	402	1900	22	3.0	29.0	15.0	22	3.0	29.0	15.0	520	0	0.015622615814208984	20150	8.39004898071289	15860	21.290322580645153	
518457217.38831896	22.0	3.0	29.0	15.0	18.0502401757406	403	1906	22	3.0	29.0	15.0	22	3.0	29.0	15.0	522	0	0.03124856948852539	20200	8.421297550201416	15895	21.311881188118804	
1371936976.2900388	22.0	3.0	29.0	15.0	18.0502401757406	404	1912	22	3.0	29.0	15.0	22	3.0	29.0	15.0	522	0	0.015624284744262695	20250	8.436921834945679	15930	21.333333333333343	
541317715.4187192	22.0	3.0	29.0	15.0	18.0502401757406	405	1917	22	3.0	29.0	15.0	22	3.0	29.0	15.0	523	0	0.015625715255737305	20300	8.452547550201416	15969	21.334975369458135	
187119201397.02908	22.0	3.0	29.0	15.0	18.0502401757406	406	1921	22	3.0	29.0	15.0	22	3.0	29.0	15.0	523	0	0.015621185302734375	20350	8.46816873550415	16012	21.316953316953317	
10000075.861702988	22.0	3.0	29.0	15.0	18.0502401757406	407	1923	22	3.0	29.0	15.0	22	3.0	29.0	15.0	523	0	0.015625715255737305	20400	8.483794450759888	16054	21.303921568627445	
414601788835.7097	22.0	3.0	29.0	15.0	18.0502401757406	408	1930	22	3.0	29.0	15.0	22	3.0	29.0	15.0	523	0	0.015622615814208984	20450	8.499417066574097	16092	21.31051344743277	
1743.2339444997835	22.0	3.0	29.0	15.0	18.0502401757406	409	1940	22	3.0	29.0	15.0	22	3.0	29.0	15.0	523	0	0.015625476837158203	20500	8.515042543411255	16125	21.34146341463415	
512632065.0242893	22.0	3.0	29.0	15.0	18.0502401757406	410	1942	22	3.0	29.0	15.0	22	3.0	29.0	15.0	524	0	0.03124713897705078	20550	8.546289682388306	16167	21.328467153284663	
7065647509.510192	22.0	3.0	29.0	15.0	18.0502401757406	411	1947	22	3.0	29.0	15.0	22	3.0	29.0	15.0	524	0	0.015621662139892578	20600	8.561911344528198	16202	21.349514563106794	
12793481.301739346	22.0	3.0	29.0	15.0	18.0502401757406	412	1954	22	3.0	29.0	15.0	22	3.0	29.0	15.0	525	0	0.0156252384185791	20650	8.577536582946777	16241	21.351089588377732	
3.0620073594420087e+24	22.0	3.0	29.0	15.0	18.0502401757406	413	1957	22	3.0	29.0	15.0	22	3.0	29.0	15.0	526	0	0.015622377395629883	20700	8.593158960342407	16285	21.328502415458942	
2789605801827578.0	22.0	3.0	29.0	15.0	18.0502401757406	414	1961	22	3.0	29.0	15.0	22	3.0	29.0	15.0	527	0	0.015623807907104492	20750	8.608782768249512	16328	21.310843373493967	
587516718.909809	22.0	3.0	29.0	15.0	18.0502401757406	415	1967	22	3.0	29.0	15.0	22	3.0	29.0	15.0	528	0	0.015624284744262695	20800	8.624407052993774	16368	21.307692307692307	
6448377.284053183	22.0	3.0	29.0	15.0	18.0502401757406	416	1974	22	3.0	29.0	15.0	22	3.0	29.0	15.0	528	0	0.015625	20850	8.640032052993774	16404	21.323741007194243	
6.57811797587764e+26	22.0	3.0	29.0	15.0	18.0502401757406	417	1980	22	3.0	29.0	15.0	22	3.0	29.0	15.0	529	0	0.015624284744262695	20900	8.655656337738037	16440	21.339712918660297	
2013133686.4948475	22.0	3.0	29.0	15.0	18.0502401757406	418	1984	22	3.0	29.0	15.0	22	3.0	29.0	15.0	531	0	0.015623092651367188	20950	8.671279430389404	16473	21.36992840095465	
257141.50199964386	22.0	3.0	29.0	15.0	18.0502401757406	419	1987	22	3.0	29.0	15.0	22	3.0	29.0	15.0	534	0	0.015624523162841797	21000	8.686903953552246	16512	21.37142857142858	
323358.76027419977	22.0	3.0	29.0	15.0	18.0502401757406	420	1992	22	3.0	29.0	15.0	22	3.0	29.0	15.0	534	0	0.015623092651367188	21050	8.702527046203613	16554	21.35866983372921	
9.688153911008129e+28	22.0	3.0	29.0	15.0	18.0502401757406	421	1998	22	3.0	29.0	15.0	22	3.0	29.0	15.0	537	0	0.015624761581420898	21100	8.718151807785034	16589	21.379146919431278	
2051969926.66323	22.0	3.0	29.0	15.0	18.0502401757406	422	2002	22	3.0	29.0	15.0	22	3.0	29.0	15.0	538	0	0.015624046325683594	21150	8.733775854110718	16626	21.39007092198581	
123913102.51257673	22.0	3.0	29.0	15.0	18.0502401757406	423	2006	22	3.0	29.0	15.0	22	3.0	29.0	15.0	539	0	0.015624046325683594	21200	8.749399900436401	16663	21.40094339622641	
122916726.9441989	22.0	3.0	29.0	15.0	18.0502401757406	424	2009	22	3.0	29.0	15.0	22	3.0	29.0	15.0	539	0	0.031248092651367188	21250	8.780647993087769	16703	21.397647058823537	
729407147.6002874	22.0	3.0	29.0	15.0	18.0502401757406	425	2016	22	3.0	29.0	15.0	22	3.0	29.0	15.0	541	0	0.015621662139892578	21300	8.796269655227661	16738	21.41784037558685	
2920345460.227729	22.0	3.0	29.0	15.0	18.0502401757406	426	2020	22	3.0	29.0	15.0	22	3.0	29.0	15.0	542	0	0.015626192092895508	21350	8.811895847320557	16775	21.42857142857143	
1263608308.003896	22.0	3.0	29.0	15.0	18.0502401757406	427	2023	22	3.0	29.0	15.0	22	3.0	29.0	15.0	543	0	0.015623092651367188	21400	8.827518939971924	16816	21.420560747663558	
7544001584799123.0	22.0	3.0	29.0	15.0	18.0502401757406	428	2026	22	3.0	29.0	15.0	22	3.0	29.0	15.0	545	0	0.015624761581420898	21450	8.843143701553345	16856	21.417249417249423	
207988671.95315307	22.0	3.0	29.0	15.0	18.0502401757406	429	2035	22	3.0	29.0	15.0	22	3.0	29.0	15.0	545	0	0.015623807907104492	21500	8.85876750946045	16894	21.42325581395349	
199566561.73979235	22.0	3.0	29.0	15.0	18.0502401757406	430	2041	22	3.0	29.0	15.0	22	3.0	29.0	15.0	545	0	0.015623331069946289	21550	8.874390840530396	16931	21.43387470997679	
1317826565.0174518	22.0	3.0	29.0	15.0	18.0502401757406	431	2047	22	3.0	29.0	15.0	22	3.0	29.0	15.0	545	0	0.015624046325683594	21600	8.890014886856079	16965	21.45833333333333	
23819.624618022754	22.0	3.0	29.0	15.0	18.0502401757406	432	2056	22	3.0	29.0	15.0	22	3.0	29.0	15.0	547	0	0.015625953674316406	21650	8.905640840530396	16999	21.482678983833708	
699590.6077525401	22.0	3.0	29.0	15.0	18.0502401757406	433	2058	22	3.0	29.0	15.0	22	3.0	29.0	15.0	548	0	0.031245708465576172	21700	8.936886548995972	17043	21.46082949308756	
76724.25895292287	22.0	3.0	29.0	15.0	18.0502401757406	434	2064	22	3.0	29.0	15.0	22	3.0	29.0	15.0	549	0	0.0156252384185791	21750	8.95251178741455	17080	21.47126436781609	
7.936000001066426e+19	22.0	3.0	29.0	15.0	18.0502401757406	435	2067	22	3.0	29.0	15.0	22	3.0	29.0	15.0	549	0	0.01562190055847168	21800	8.968133687973022	17122	21.45871559633028	
4.2955787266986456e+16	22.0	3.0	29.0	15.0	18.0502401757406	436	2069	22	3.0	29.0	15.0	22	3.0	29.0	15.0	550	0	0.0	21850	8.968133687973022	17162	21.4553775743707	
661827937177.1438	22.0	3.0	29.0	15.0	18.0502401757406	437	2076	22	3.0	29.0	15.0	22	3.0	29.0	15.0	552	0	0.031248092651367188	21900	8.99938178062439	17201	21.456621004566216	
2125346228.9285893	22.0	3.0	29.0	15.0	18.0502401757406	438	2082	22	3.0	29.0	15.0	22	3.0	29.0	15.0	555	0	0.015624761581420898	21950	9.01500654220581	17235	21.480637813211843	
9639183819590924.0	22.0	3.0	29.0	15.0	18.0502401757406	439	2084	22	3.0	29.0	15.0	22	3.0	29.0	15.0	555	0	0.015622854232788086	22000	9.030629396438599	17278	21.46363636363637	
4131988420.8040175	22.0	3.0	29.0	15.0	18.0502401757406	440	2088	22	3.0	29.0	15.0	22	3.0	29.0	15.0	556	0	0.03124856948852539	22050	9.061877965927124	17316	21.469387755102048	
317390980.3444298	22.0	3.0	29.0	15.0	18.0502401757406	441	2095	22	3.0	29.0	15.0	22	3.0	29.0	15.0	558	0	0.015624284744262695	22100	9.077502250671387	17352	21.48416289592761	
1.5736906213882405e+34	22.0	3.0	29.0	15.0	18.0502401757406	442	2096	22	3	29	15	22	3	29	15	559	0	0.015623807907104492	22150	9.093126058578491	17392	21.48081264108353	
293263.98776627524	22.0	3.0	29.0	15.0	18.0502401757406	443	2101	22	3.0	29.0	15.0	22	3.0	29.0	15.0	560	0	0.01562356948852539	22200	9.108749628067017	17432	21.47747747747748	
166050581032939.06	22.0	3.0	29.0	15.0	18.0502401757406	444	2109	22	3.0	29.0	15.0	22	3.0	29.0	15.0	561	0	0.03124833106994629	22250	9.139997959136963	17469	21.487640449438203	
60036834.50784669	22.0	3.0	29.0	15.0	18.0502401757406	445	2116	22	3.0	29.0	15.0	22	3.0	29.0	15.0	562	0	0.01562356948852539	22300	9.155621528625488	17507	21.493273542600903	
706694212.8582767	22.0	3.0	29.0	15.0	18.0502401757406	446	2119	22	3.0	29.0	15.0	22	3.0	29.0	15.0	562	0	0.015623807907104492	22350	9.171245336532593	17549	21.480984340044742	
4561129.370001946	22.0	3.0	29.0	15.0	18.0502401757406	447	2127	22	3.0	29.0	15.0	22	3.0	29.0	15.0	567	0	0.015624284744262695	22400	9.186869621276855	17583	21.504464285714292	
8.994573106054372e+36	22.0	3.0	29.0	15.0	18.0502401757406	448	2130	22	3.0	29.0	15.0	22	3.0	29.0	15.0	567	0	0.015624761581420898	22450	9.202494382858276	17626	21.487750556792875	
124787725.2448677	22.0	3.0	29.0	15.0	18.0502401757406	449	2135	22	3.0	29.0	15.0	22	3.0	29.0	15.0	570	0	0.015623092651367188	22500	9.218117475509644	17662	21.50222222222223	
1457348.6630859429	22.0	3.0	29.0	15.0	18.0502401757406	450	2138	22	3.0	29.0	15.0	22	3.0	29.0	15.0	571	0	0.031248092651367188	22550	9.24936556816101	17704	21.490022172948997	
15924.290785300474	22.0	3.0	29.0	15.0	18.0502401757406	451	2145	22	3.0	29.0	15.0	22	3.0	29.0	15.0	572	0	0.015623331069946289	22600	9.264988899230957	17740	21.504424778761063	
8204924.714233542	22.0	3.0	29.0	15.0	18.0502401757406	452	2149	22	3.0	29.0	15.0	22	3.0	29.0	15.0	575	0	0.015624523162841797	22650	9.280613422393799	17779	21.5055187637969	
16104931571162.684	22.0	3.0	29.0	15.0	18.0502401757406	453	2156	22	3.0	29.0	15.0	22	3.0	29.0	15.0	577	0	0.015623092651367188	22700	9.296236515045166	17814	21.52422907488986	
9.16655913022361e+26	22.0	3.0	29.0	15.0	18.0502401757406	454	2161	22	3.0	29.0	15.0	22	3.0	29.0	15.0	577	0	0.03124833106994629	22750	9.327484846115112	17856	21.512087912087907	
18578877528.7529	22.0	3.0	29.0	15.0	18.0502401757406	455	2168	22	3.0	29.0	15.0	22	3.0	29.0	15.0	579	0	0.015624523162841797	22800	9.343109369277954	17893	21.521929824561397	
119373252.08172666	22.0	3.0	29.0	15.0	18.0502401757406	456	2171	22	3.0	29.0	15.0	22	3.0	29.0	15.0	580	0	0.0	22850	9.343109369277954	17934	21.514223194748354	
6.618568238255889e+28	22.0	3.0	29.0	15.0	18.0502401757406	457	2176	22	3.0	29.0	15.0	22	3.0	29.0	15.0	580	0	0.015623807907104492	22900	9.358733177185059	17973	21.51528384279476	
5268614.520037259	22.0	3.0	29.0	15.0	18.0502401757406	458	2180	22	3.0	29.0	15.0	22	3.0	29.0	15.0	580	0	0.015624523162841797	22950	9.3743577003479	18012	21.51633986928104	
1398558613.9506874	22.0	3.0	29.0	15.0	18.0502401757406	459	2185	22	3.0	29.0	15.0	22	3.0	29.0	15.0	581	0	0.015622377395629883	23000	9.38998007774353	18049	21.526086956521738	
29564977.357925914	22.0	3.0	29.0	15.0	18.0502401757406	460	2189	22	3.0	29.0	15.0	22	3.0	29.0	15.0	582	0	0.015625953674316406	23050	9.405606031417847	18087	21.531453362255974	
1050580.2143579964	22.0	3.0	29.0	15.0	18.0502401757406	461	2197	22	3.0	29.0	15.0	22	3.0	29.0	15.0	584	0	0.015622854232788086	23100	9.421228885650635	18118	21.567099567099575	
1960.3628541842493	22.0	3.0	29.0	15.0	18.0502401757406	462	2207	22	3.0	29.0	15.0	22	3.0	29.0	15.0	585	0	0.015623807907104492	23150	9.43685269355774	18149	21.602591792656582	
77.71273184325037	22.0	3.0	29.0	15.0	18.0502401757406	463	2212	22	3.0	29.0	15.0	22	3.0	29.0	15.0	587	0	0.01562356948852539	23200	9.452476263046265	18187	21.60775862068965	
22259006.287429333	22.0	3.0	29.0	15.0	18.0502401757406	464	2217	22	3.0	29.0	15.0	22	3.0	29.0	15.0	588	0	0.015624761581420898	23250	9.468101024627686	18224	21.61720430107526	
4.239102453546852e+17	22.0	3.0	29.0	15.0	18.0502401757406	465	2221	22	3.0	29.0	15.0	22	3.0	29.0	15.0	588	0	0.015623807907104492	23300	9.48372483253479	18268	21.596566523605148	
520922487.33749455	22.0	3.0	29.0	15.0	18.0502401757406	466	2227	22	3.0	29.0	15.0	22	3.0	29.0	15.0	588	0	0.015624284744262695	23350	9.499349117279053	18308	21.593147751605997	
3.2867168405365157e+30	22.0	3.0	29.0	15.0	18.0502401757406	467	2232	22	3.0	29.0	15.0	22	3.0	29.0	15.0	590	0	0.015623331069946289	23400	9.514972448348999	18343	21.611111111111114	
3.5619269284819496e+30	22.0	3.0	29.0	15.0	18.0502401757406	468	2235	22	3.0	29.0	15.0	22	3.0	29.0	15.0	591	0	0.015622854232788086	23450	9.530595302581787	18383	21.60767590618336	
6.802352349781172e+20	22.0	3.0	29.0	15.0	18.0502401757406	469	2239	22	3.0	29.0	15.0	22	3.0	29.0	15.0	592	0	0.015623807907104492	23500	9.546219110488892	18424	21.599999999999994	
8723535.314369656	22.0	3.0	29.0	15.0	18.0502401757406	470	2243	22	3.0	29.0	15.0	22	3.0	29.0	15.0	592	0	0.015624761581420898	23550	9.561843872070312	18461	21.609341825902334	
1.5493009400548344e+27	22.0	3.0	29.0	15.0	18.0502401757406	471	2246	22	3.0	29.0	15.0	22	3.0	29.0	15.0	593	0	0.015622854232788086	23600	9.5774667263031	18501	21.605932203389827	
214225.8738900742	22.0	3.0	29.0	15.0	18.0502401757406	472	2249	22	3.0	29.0	15.0	22	3.0	29.0	15.0	594	0	0.015625476837158203	23650	9.593092203140259	18540	21.60676532769557	
1722397705.7138968	22.0	3.0	29.0	15.0	18.0502401757406	473	2255	22	3.0	29.0	15.0	22	3.0	29.0	15.0	596	0	0.015623092651367188	23700	9.608715295791626	18574	21.628691983122366	
1618717331.517478	22.0	3.0	29.0	15.0	18.0502401757406	474	2261	22	3.0	29.0	15.0	22	3.0	29.0	15.0	596	0	0.015624761581420898	23750	9.624340057373047	18613	21.629473684210538	
7010850.044210652	22.0	3.0	29.0	15.0	18.0502401757406	475	2267	22	3.0	29.0	15.0	22	3.0	29.0	15.0	597	0	0.015623331069946289	23800	9.639963388442993	18649	21.64285714285714	
67.91971982462115	22.0	3.0	29.0	15.0	18.0502401757406	476	2271	22	3.0	29.0	15.0	22	3.0	29.0	15.0	600	0	0.031249523162841797	23850	9.671212911605835	18686	21.651991614255763	
1007762145946.9949	22.0	3.0	29.0	15.0	18.0502401757406	477	2275	22	3.0	29.0	15.0	22	3.0	29.0	15.0	601	0	0.015622854232788086	23900	9.686835765838623	18727	21.644351464435147	
375227708.82068974	22.0	3.0	29.0	15.0	18.0502401757406	478	2279	22	3.0	29.0	15.0	22	3.0	29.0	15.0	601	0	0.01562356948852539	23950	9.702459335327148	18768	21.636743215031316	
2041618.7894695804	22.0	3.0	29.0	15.0	18.0502401757406	479	2282	22	3.0	29.0	15.0	22	3.0	29.0	15.0	601	0	0.015623331069946289	24000	9.718082666397095	18811	21.620833333333337	
66.99409493391857	22.0	3.0	29.0	15.0	18.0502401757406	480	2284	22	3.0	29.0	15.0	22	3.0	29.0	15.0	603	0	0.01562356948852539	24050	9.73370623588562	18848	21.62993762993763	
2.568604983908486e+19	22.0	3.0	29.0	15.0	18.0502401757406	481	2292	22	3.0	29.0	15.0	22	3.0	29.0	15.0	603	0	0.015624046325683594	24100	9.749330282211304	18886	21.634854771784234	
35418550.257521145	22.0	3.0	29.0	15.0	18.0502401757406	482	2295	22	3.0	29.0	15.0	22	3.0	29.0	15.0	603	0	0.0156252384185791	24150	9.764955520629883	18923	21.643892339544507	
32894971607467.79	22.0	3.0	29.0	15.0	18.0502401757406	483	2299	22	3.0	29.0	15.0	22	3.0	29.0	15.0	603	0	0.015623092651367188	24200	9.78057861328125	18962	21.64462809917356	
1376176.2838035044	22.0	3.0	29.0	15.0	18.0502401757406	484	2309	22	3.0	29.0	15.0	22	3.0	29.0	15.0	604	0	0.01562356948852539	24250	9.796202182769775	18994	21.674226804123705	
61.26110526036195	22.0	3.0	29.0	15.0	18.0502401757406	485	2315	22	3.0	29.0	15.0	22	3.0	29.0	15.0	604	0	0.015624284744262695	24300	9.811826467514038	19033	21.674897119341566	
4253937.5127020115	22.0	3.0	29.0	15.0	18.0502401757406	486	2317	22	3.0	29.0	15.0	22	3.0	29.0	15.0	604	0	0.015624523162841797	24350	9.82745099067688	19077	21.65503080082135	
102693745605.35504	22.0	3.0	29.0	15.0	18.0502401757406	487	2322	22	3.0	29.0	15.0	22	3.0	29.0	15.0	605	0	0.0	24400	9.82745099067688	19118	21.64754098360656	
1897410681.9282494	22.0	3.0	29.0	15.0	18.0502401757406	488	2326	22	3.0	29.0	15.0	22	3.0	29.0	15.0	605	0	0.015623807907104492	24450	9.843074798583984	19156	21.652351738241308	
8786850.384335274	22.0	3.0	29.0	15.0	18.0502401757406	489	2330	22	3.0	29.0	15.0	22	3.0	29.0	15.0	605	0	0.015624046325683594	24500	9.858698844909668	19194	21.65714285714286	
19900934.526477344	22.0	3.0	29.0	15.0	18.0502401757406	490	2337	22	3.0	29.0	15.0	22	3.0	29.0	15.0	606	0	0.015623331069946289	24550	9.874322175979614	19233	21.657841140529527	
514708.52526340046	22.0	3.0	29.0	15.0	18.0502401757406	491	2337	22	3	29	15	22	3	29	15	606	0	0.015624523162841797	24600	9.889946699142456	19281	21.621951219512198	
3012829393.208589	22.0	3.0	29.0	15.0	18.0502401757406	492	2340	22	3.0	29.0	15.0	22	3.0	29.0	15.0	608	0	0.015623092651367188	24650	9.905569791793823	19320	21.622718052738335	
2.7905553488571135e+20	22.0	3.0	29.0	15.0	18.0502401757406	493	2347	22	3.0	29.0	15.0	22	3.0	29.0	15.0	609	0	0.0	24700	9.905569791793823	19355	21.639676113360323	
2245535.878684217	22.0	3.0	29.0	15.0	18.0502401757406	494	2350	22	3.0	29.0	15.0	22	3.0	29.0	15.0	609	0	0.015624761581420898	24750	9.921194553375244	19400	21.616161616161605	
2.6568000187195402e+17	22.0	3.0	29.0	15.0	18.0502401757406	495	2356	22	3.0	29.0	15.0	22	3.0	29.0	15.0	611	0	0.03124833106994629	24800	9.95244288444519	19439	21.616935483870975	
825322600.3778214	22.0	3.0	29.0	15.0	18.0502401757406	496	2360	22	3.0	29.0	15.0	22	3.0	29.0	15.0	611	0	0.015622138977050781	24850	9.968065023422241	19477	21.621730382293762	
10493.19162595502	22.0	3.0	29.0	15.0	18.0502401757406	497	2366	22	3.0	29.0	15.0	22	3.0	29.0	15.0	612	0	0.015624046325683594	24900	9.983689069747925	19515	21.626506024096386	
1645234977030928.8	22.0	3.0	29.0	15.0	18.0502401757406	498	2370	22	3.0	29.0	15.0	22	3.0	29.0	15.0	613	0	0.015624046325683594	24950	9.999313116073608	19554	21.62725450901803	
1639122187476.6711	22.0	3.0	29.0	15.0	18.0502401757406	499	2372	22	3.0	29.0	15.0	22	3.0	29.0	15.0	613	0	0.015625	25000	10.014938116073608	19596	21.616	
1.5779781818181826e+24	22.0	3.0	29.0	15.0	18.0502401757406	500	2377	22	3.0	29.0	15.0	22	3.0	29.0	15.0	615	0	0.015624284744262695	25050	10.030562400817871	19635	21.616766467065872	
1.3257731033697209e+35	22.0	3.0	29.0	15.0	18.0502401757406	501	2382	22	3.0	29.0	15.0	22	3.0	29.0	15.0	615	0	0.015623331069946289	25100	10.046185731887817	19677	21.605577689243034	
5.115175186662302e+17	22.0	3.0	29.0	15.0	18.0502401757406	502	2386	22	3.0	29.0	15.0	22	3.0	29.0	15.0	616	0	0.015624046325683594	25150	10.061809778213501	19719	21.59443339960238	
113718.79647105609	22.0	3.0	29.0	15.0	18.0502401757406	503	2388	22	3.0	29.0	15.0	22	3.0	29.0	15.0	616	0	0.015623807907104492	25200	10.077433586120605	19764	21.57142857142857	
221935225.62747014	22.0	3.0	29.0	15.0	18.0502401757406	504	2394	22	3.0	29.0	15.0	22	3.0	29.0	15.0	616	0	0.0	25250	10.077433586120605	19805	21.56435643564356	
8.236454545454546e+22	22.0	3.0	29.0	15.0	18.0502401757406	505	2401	22	3.0	29.0	15.0	22	3.0	29.0	15.0	616	0	0.015624284744262695	25300	10.093057870864868	19843	21.569169960474312	
3968350288.5379887	22.0	3.0	29.0	15.0	18.0502401757406	506	2405	22	3.0	29.0	15.0	22	3.0	29.0	15.0	619	0	0.031247854232788086	25350	10.124305725097656	19878	21.585798816568044	
1.1869568230933684e+20	22.0	3.0	29.0	15.0	18.0502401757406	507	2412	22	3.0	29.0	15.0	22	3.0	29.0	15.0	619	0	0.015622854232788086	25400	10.139928579330444	19917	21.58661417322834	
17588036.541293528	22.0	3.0	29.0	15.0	18.0502401757406	508	2421	22	3.0	29.0	15.0	22	3.0	29.0	15.0	620	0	0.015624046325683594	25450	10.155552625656128	19951	21.607072691552062	
18438656459.867126	22.0	3.0	29.0	15.0	18.0502401757406	509	2433	22	3.0	29.0	15.0	22	3.0	29.0	15.0	620	0	0.01562356948852539	25500	10.171176195144653	19985	21.627450980392155	
103740293.0770135	22.0	3.0	29.0	15.0	18.0502401757406	510	2437	22	3.0	29.0	15.0	22	3.0	29.0	15.0	621	0	0.015625476837158203	25550	10.186801671981812	20025	21.624266144814086	
72447.83610585619	22.0	3.0	29.0	15.0	18.0502401757406	511	2440	22	3.0	29.0	15.0	22	3.0	29.0	15.0	622	0	0.01562356948852539	25600	10.202425241470337	20061	21.63671875	
8.037169816257034e+23	22.0	3.0	29.0	15.0	18.0502401757406	512	2444	22	3.0	29.0	15.0	22	3.0	29.0	15.0	622	0	0.015623331069946289	25650	10.218048572540283	20101	21.633528265107216	
64052.12972514724	22.0	3.0	29.0	15.0	18.0502401757406	513	2450	22	3.0	29.0	15.0	22	3.0	29.0	15.0	622	0	0.01562356948852539	25700	10.233672142028809	20137	21.64591439688715	
19129.458743305455	22.0	3.0	29.0	15.0	18.0502401757406	514	2453	22	3.0	29.0	15.0	22	3.0	29.0	15.0	626	0	0.015625	25750	10.249297142028809	20174	21.654368932038835	
3382.016709198721	22.0	3.0	29.0	15.0	18.0502401757406	515	2463	22	3.0	29.0	15.0	22	3.0	29.0	15.0	626	0	0.0	25800	10.249297142028809	20211	21.66279069767441	
112729944040902.06	22.0	3.0	29.0	15.0	18.0502401757406	516	2467	22	3.0	29.0	15.0	22	3.0	29.0	15.0	626	0	0.015624284744262695	25850	10.264921426773071	20253	21.65183752417795	
6.212342283424098e+21	22.0	3.0	29.0	15.0	18.0502401757406	517	2474	22	3.0	29.0	15.0	22	3.0	29.0	15.0	628	0	0.031246423721313477	25900	10.296167850494385	20289	21.664092664092664	
57892272177.297386	22.0	3.0	29.0	15.0	18.0502401757406	518	2478	22	3.0	29.0	15.0	22	3.0	29.0	15.0	633	0	0.015625	25950	10.311792850494385	20324	21.680154142581884	
2116916587.8443906	22.0	3.0	29.0	15.0	18.0502401757406	519	2480	22	3.0	29.0	15.0	22	3.0	29.0	15.0	636	0	0.015624284744262695	26000	10.327417135238647	20361	21.68846153846154	
1928549625.595735	22.0	3.0	29.0	15.0	18.0502401757406	520	2487	22	3.0	29.0	15.0	22	3.0	29.0	15.0	637	0	0.015622615814208984	26050	10.343039751052856	20397	21.700575815738972	
18970705.72389894	22.0	3.0	29.0	15.0	18.0502401757406	521	2493	22	3.0	29.0	15.0	22	3.0	29.0	15.0	637	0	0.015624284744262695	26100	10.35866403579712	20435	21.70498084291188	
4.1118613954706054e+20	22.0	3.0	29.0	15.0	18.0502401757406	522	2499	22	3.0	29.0	15.0	22	3.0	29.0	15.0	639	0	0.015624523162841797	26150	10.374288558959961	20472	21.7131931166348	
5296043031.637041	22.0	3.0	29.0	15.0	18.0502401757406	523	2509	22	3.0	29.0	15.0	22	3.0	29.0	15.0	640	0	0.015625	26200	10.389913558959961	20504	21.740458015267166	
1867829251.1600456	22.0	3.0	29.0	15.0	18.0502401757406	524	2519	22	3.0	29.0	15.0	22	3.0	29.0	15.0	640	0	0.015622615814208984	26250	10.40553617477417	20538	21.760000000000005	
442890695.73992336	22.0	3.0	29.0	15.0	18.0502401757406	525	2522	22	3.0	29.0	15.0	22	3.0	29.0	15.0	641	0	0.01562356948852539	26300	10.421159744262695	20580	21.749049429657802	
74155915.37737624	22.0	3.0	29.0	15.0	18.0502401757406	526	2527	22	3.0	29.0	15.0	22	3.0	29.0	15.0	641	0	0.0156252384185791	26350	10.436784982681274	20622	21.738140417457302	
1255703248.460548	22.0	3.0	29.0	15.0	18.0502401757406	527	2532	22	3.0	29.0	15.0	22	3.0	29.0	15.0	641	0	0.031247854232788086	26400	10.468032836914062	20662	21.734848484848484	
8.959474252055282e+41	22.0	3.0	29.0	15.0	18.0502401757406	528	2535	22	3.0	29.0	15.0	22	3.0	29.0	15.0	641	0	0.015623807907104492	26450	10.483656644821167	20706	21.716446124763706	
927190.4524931754	22.0	3.0	29.0	15.0	18.0502401757406	529	2540	22	3.0	29.0	15.0	22	3.0	29.0	15.0	642	0	0.015623807907104492	26500	10.499280452728271	20741	21.73207547169811	
77761.58648015097	22.0	3.0	29.0	15.0	18.0502401757406	530	2545	22	3.0	29.0	15.0	22	3.0	29.0	15.0	643	0	0.015622377395629883	26550	10.514902830123901	20779	21.73634651600753	
120359996.77032465	22.0	3.0	29.0	15.0	18.0502401757406	531	2549	22	3.0	29.0	15.0	22	3.0	29.0	15.0	645	0	0.03124713897705078	26600	10.546149969100952	20819	21.733082706766922	
108639173.67268507	22.0	3.0	29.0	15.0	18.0502401757406	532	2551	22	3.0	29.0	15.0	22	3.0	29.0	15.0	645	0	0.015624761581420898	26650	10.561774730682373	20862	21.718574108818018	
158484198.50140157	22.0	3.0	29.0	15.0	18.0502401757406	533	2554	22	3.0	29.0	15.0	22	3.0	29.0	15.0	646	0	0.015624046325683594	26700	10.577398777008057	20905	21.70411985018727	
2122827134.1276329	22.0	3.0	29.0	15.0	18.0502401757406	534	2557	22	3.0	29.0	15.0	22	3.0	29.0	15.0	648	0	0.031249046325683594	26750	10.60864782333374	20945	21.700934579439263	
1645028613.0875218	22.0	3.0	29.0	15.0	18.0502401757406	535	2562	22	3.0	29.0	15.0	22	3.0	29.0	15.0	648	0	0.015623331069946289	26800	10.624271154403687	20985	21.69776119402985	
89473559451809.98	22.0	3.0	29.0	15.0	18.0502401757406	536	2569	22	3.0	29.0	15.0	22	3.0	29.0	15.0	648	0	0.015624046325683594	26850	10.63989520072937	21019	21.716945996275598	
22342826.214237303	22.0	3.0	29.0	15.0	18.0502401757406	537	2575	22	3.0	29.0	15.0	22	3.0	29.0	15.0	648	0	0.015623331069946289	26900	10.655518531799316	21056	21.724907063197037	
1.5152944018496524e+16	22.0	3.0	29.0	15.0	18.0502401757406	538	2582	22	3.0	29.0	15.0	22	3.0	29.0	15.0	648	0	0.015633106231689453	26950	10.671151638031006	21094	21.729128014842303	
6111735649530966.0	22.0	3.0	29.0	15.0	18.0502401757406	539	2584	22	3.0	29.0	15.0	22	3.0	29.0	15.0	648	0	0.015614986419677734	27000	10.686766624450684	21138	21.71111111111111	
204516865.72291577	22.0	3.0	29.0	15.0	18.0502401757406	540	2589	22	3.0	29.0	15.0	22	3.0	29.0	15.0	648	0	0.015623807907104492	27050	10.702390432357788	21172	21.730129390018476	
11459.52449021569	22.0	3.0	29.0	15.0	18.0502401757406	541	2597	22	3.0	29.0	15.0	22	3.0	29.0	15.0	648	0	0.01562356948852539	27100	10.718014001846313	21206	21.74907749077491	
14239909.677397469	22.0	3.0	29.0	15.0	18.0502401757406	542	2602	22	3.0	29.0	15.0	22	3.0	29.0	15.0	649	0	0.031248807907104492	27150	10.749262809753418	21246	21.745856353591165	
4.614374526086452e+19	22.0	3.0	29.0	15.0	18.0502401757406	543	2607	22	3.0	29.0	15.0	22	3.0	29.0	15.0	650	0	0.015624046325683594	27200	10.764886856079102	21287	21.73897058823529	
1.9562356719786287e+19	22.0	3.0	29.0	15.0	18.0502401757406	544	2613	22	3.0	29.0	15.0	22	3.0	29.0	15.0	651	0	0.015624284744262695	27250	10.780511140823364	21326	21.7394495412844	
66.14588720289873	22.0	3.0	29.0	15.0	18.0502401757406	545	2622	22	3.0	29.0	15.0	22	3.0	29.0	15.0	651	0	0.01562356948852539	27300	10.79613471031189	21361	21.75457875457876	
1732055980.5301652	22.0	3.0	29.0	15.0	18.0502401757406	546	2629	22	3.0	29.0	15.0	22	3.0	29.0	15.0	652	0	0.015624046325683594	27350	10.811758756637573	21398	21.76234003656306	
10700628717.216839	22.0	3.0	29.0	15.0	18.0502401757406	547	2635	22	3.0	29.0	15.0	22	3.0	29.0	15.0	653	0	0.015624046325683594	27400	10.827382802963257	21435	21.770072992700733	
8.849474782608698e+29	22.0	3.0	29.0	15.0	18.0502401757406	548	2639	22	3.0	29.0	15.0	22	3.0	29.0	15.0	654	0	0.015623807907104492	27450	10.843006610870361	21474	21.770491803278688	
142311469.27821964	22.0	3.0	29.0	15.0	18.0502401757406	549	2643	22	3.0	29.0	15.0	22	3.0	29.0	15.0	654	0	0.031247615814208984	27500	10.87425422668457	21509	21.78545454545454	
411898618.75531465	22.0	3.0	29.0	15.0	18.0502401757406	550	2651	22	3.0	29.0	15.0	22	3.0	29.0	15.0	654	0	0.015623331069946289	27550	10.889877557754517	21545	21.796733212341195	
1382451303.8800204	22.0	3.0	29.0	15.0	18.0502401757406	551	2659	22	3.0	29.0	15.0	22	3.0	29.0	15.0	655	0	0.015624761581420898	27600	10.905502319335938	21580	21.81159420289856	
1432637819.9377213	22.0	3.0	29.0	15.0	18.0502401757406	552	2663	22	3.0	29.0	15.0	22	3.0	29.0	15.0	657	0	0.015624046325683594	27650	10.921126365661621	21617	21.819168173598555	
6.491310686552691e+19	22.0	3.0	29.0	15.0	18.0502401757406	553	2671	22	3.0	29.0	15.0	22	3.0	29.0	15.0	658	0	0.015623807907104492	27700	10.936750173568726	21651	21.83754512635379	
1792349841.0319867	22.0	3.0	29.0	15.0	18.0502401757406	554	2676	22	3.0	29.0	15.0	22	3.0	29.0	15.0	659	0	0.031246662139892578	27750	10.967996835708618	21690	21.83783783783784	
17705094.130028456	22.0	3.0	29.0	15.0	18.0502401757406	555	2680	22	3.0	29.0	15.0	22	3.0	29.0	15.0	661	0	0.0	27800	10.967996835708618	21725	21.852517985611513	
13283480.4058977	22.0	3.0	29.0	15.0	18.0502401757406	556	2685	22	3.0	29.0	15.0	22	3.0	29.0	15.0	662	0	0.031247854232788086	27850	10.999244689941406	21763	21.856373429084385	
3.3311538620741235e+17	22.0	3.0	29.0	15.0	18.0502401757406	557	2688	22	3.0	29.0	15.0	22	3.0	29.0	15.0	665	0	0.015623807907104492	27900	11.01486849784851	21802	21.856630824372758	
186696966.17835772	22.0	3.0	29.0	15.0	18.0502401757406	558	2692	22	3.0	29.0	15.0	22	3.0	29.0	15.0	670	0	0.015624761581420898	27950	11.030493259429932	21833	21.885509838998203	
49281530418035.5	22.0	3.0	29.0	15.0	18.0502401757406	559	2700	22	3.0	29.0	15.0	22	3.0	29.0	15.0	671	0	0.015623807907104492	28000	11.046117067337036	21870	21.892857142857153	
770877.0783555661	22.0	3.0	29.0	15.0	18.0502401757406	560	2705	22	3.0	29.0	15.0	22	3.0	29.0	15.0	673	0	0.015624523162841797	28050	11.061741590499878	21911	21.885918003565067	
749519137.6917217	22.0	3.0	29.0	15.0	18.0502401757406	561	2712	22	3.0	29.0	15.0	22	3.0	29.0	15.0	676	0	0.0	28100	11.061741590499878	21944	21.907473309608534	
1659904043.8865118	22.0	3.0	29.0	15.0	18.0502401757406	562	2717	22	3.0	29.0	15.0	22	3.0	29.0	15.0	677	0	0.031247615814208984	28150	11.092989206314087	21985	21.900532859680283	
2696756896740140.5	22.0	3.0	29.0	15.0	18.0502401757406	563	2721	22	3.0	29.0	15.0	22	3.0	29.0	15.0	679	0	0.015624761581420898	28200	11.108613967895508	22026	21.893617021276597	
1.8369951956545485e+17	22.0	3.0	29.0	15.0	18.0502401757406	564	2725	22	3.0	29.0	15.0	22	3.0	29.0	15.0	681	0	0.015622615814208984	28250	11.124236583709717	22063	21.900884955752204	
9382990751371.502	22.0	3.0	29.0	15.0	18.0502401757406	565	2729	22	3.0	29.0	15.0	22	3.0	29.0	15.0	681	0	0.015623807907104492	28300	11.139860391616821	22103	21.89752650176679	
92444080.2515118	22.0	3.0	29.0	15.0	18.0502401757406	566	2732	22	3.0	29.0	15.0	22	3.0	29.0	15.0	681	0	0.0	28350	11.139860391616821	22144	21.89065255731923	
1.3861570806316182e+35	22.0	3.0	29.0	15.0	18.0502401757406	567	2738	22	3.0	29.0	15.0	22	3.0	29.0	15.0	681	0	0.031248092651367188	28400	11.171108484268188	22182	21.894366197183103	
785055.1355901788	22.0	3.0	29.0	15.0	18.0502401757406	568	2743	22	3.0	29.0	15.0	22	3.0	29.0	15.0	682	0	0.0	28450	11.171108484268188	22220	21.898066783831283	
350610.1470640184	22.0	3.0	29.0	15.0	18.0502401757406	569	2746	22	3.0	29.0	15.0	22	3.0	29.0	15.0	684	0	0.031248092651367188	28500	11.202356576919556	22258	21.901754385964907	
4064519936.591515	22.0	3.0	29.0	15.0	18.0502401757406	570	2749	22	3.0	29.0	15.0	22	3.0	29.0	15.0	684	0	0.015624523162841797	28550	11.217981100082397	22301	21.887915936952723	
214.99520060561926	22.0	3.0	29.0	15.0	18.0502401757406	571	2752	22	3.0	29.0	15.0	22	3.0	29.0	15.0	689	0	0.015623331069946289	28600	11.233604431152344	22337	21.8986013986014	
1528278161.9727604	22.0	3.0	29.0	15.0	18.0502401757406	572	2758	22	3.0	29.0	15.0	22	3.0	29.0	15.0	692	0	0.015624761581420898	28650	11.249229192733765	22372	21.91273996509598	
191545520.59881386	22.0	3.0	29.0	15.0	18.0502401757406	573	2763	22	3.0	29.0	15.0	22	3.0	29.0	15.0	695	0	0.015623331069946289	28700	11.264852523803711	22406	21.93031358885017	
2.8758393949795123e+21	22.0	3.0	29.0	15.0	18.0502401757406	574	2766	22	3.0	29.0	15.0	22	3.0	29.0	15.0	695	0	0.015624523162841797	28750	11.280477046966553	22444	21.933913043478256	
1890644273.0568128	22.0	3.0	29.0	15.0	18.0502401757406	575	2771	22	3.0	29.0	15.0	22	3.0	29.0	15.0	696	0	0.015623331069946289	28800	11.296100378036499	22479	21.94791666666667	
49221954.819741294	22.0	3.0	29.0	15.0	18.0502401757406	576	2779	22	3.0	29.0	15.0	22	3.0	29.0	15.0	697	0	0.015624046325683594	28850	11.311724424362183	22517	21.951473136915084	
4.994708339241152e+25	22.0	3.0	29.0	15.0	18.0502401757406	577	2787	22	3.0	29.0	15.0	22	3.0	29.0	15.0	700	0	0.015623807907104492	28900	11.327348232269287	22550	21.972318339100354	
317606.8642509982	22.0	3.0	29.0	15.0	18.0502401757406	578	2794	22	3.0	29.0	15.0	22	3.0	29.0	15.0	700	0	0.015624761581420898	28950	11.342972993850708	22588	21.975820379965455	
60.09638088268844	22.0	3.0	29.0	15.0	18.0502401757406	579	2798	22	3.0	29.0	15.0	22	3.0	29.0	15.0	700	0	0.0	29000	11.342972993850708	22630	21.965517241379303	
1348693424831406.5	22.0	3.0	29.0	15.0	18.0502401757406	580	2802	22	3.0	29.0	15.0	22	3.0	29.0	15.0	702	0	0.015624046325683594	29050	11.358597040176392	22670	21.962134251290877	
164443919.06480432	22.0	3.0	29.0	15.0	18.0502401757406	581	2808	22	3.0	29.0	15.0	22	3.0	29.0	15.0	702	0	0.03124547004699707	29100	11.389842510223389	22706	21.972508591065292	
5183337061.879266	22.0	3.0	29.0	15.0	18.0502401757406	582	2814	22	3.0	29.0	15.0	22	3.0	29.0	15.0	703	0	0.015625	29150	11.405467510223389	22746	21.969125214408237	
2194554599.529296	22.0	3.0	29.0	15.0	18.0502401757406	583	2822	22	3.0	29.0	15.0	22	3.0	29.0	15.0	703	0	0.015630006790161133	29200	11.42109751701355	22783	21.97602739726028	
206266534.08791798	22.0	3.0	29.0	15.0	18.0502401757406	584	2824	22	3.0	29.0	15.0	22	3.0	29.0	15.0	705	0	0.015619277954101562	29250	11.436716794967651	22824	21.969230769230776	
2481571.1356185093	22.0	3.0	29.0	15.0	18.0502401757406	585	2831	22	3.0	29.0	15.0	22	3.0	29.0	15.0	705	0	0.015624761581420898	29300	11.452341556549072	22861	21.976109215017075	
1.619080071428576e+28	22.0	3.0	29.0	15.0	18.0502401757406	586	2839	22	3.0	29.0	15.0	22	3.0	29.0	15.0	706	0	0.015620946884155273	29350	11.467962503433228	22897	21.98637137989779	
1.1212018249179412e+16	22.0	3.0	29.0	15.0	18.0502401757406	587	2845	22	3.0	29.0	15.0	22	3.0	29.0	15.0	706	0	0.015623807907104492	29400	11.483586311340332	22933	21.996598639455783	
1699908702.4029906	22.0	3.0	29.0	15.0	18.0502401757406	588	2849	22	3.0	29.0	15.0	22	3.0	29.0	15.0	707	0	0.015624761581420898	29450	11.499211072921753	22971	22.0	
1553191543.8184292	22.0	3.0	29.0	15.0	18.0502401757406	589	2853	22	3.0	29.0	15.0	22	3.0	29.0	15.0	707	0	0.015623092651367188	29500	11.51483416557312	23008	22.00677966101695	
3.0409870629980242e+41	22.0	3.0	29.0	15.0	18.0502401757406	590	2856	22	3.0	29.0	15.0	22	3.0	29.0	15.0	708	0	0.031247854232788086	29550	11.546082019805908	23047	22.0067681895093	
13898788.11877316	22.0	3.0	29.0	15.0	18.0502401757406	591	2858	22	3.0	29.0	15.0	22	3.0	29.0	15.0	709	0	0.015624046325683594	29600	11.561706066131592	23089	21.996621621621628	
77234850166091.0	22.0	3.0	29.0	15.0	18.0502401757406	592	2863	22	3.0	29.0	15.0	22	3.0	29.0	15.0	709	0	0.015623092651367188	29650	11.577329158782959	23127	22.0	
2201169331.639274	22.0	3.0	29.0	15.0	18.0502401757406	593	2870	22	3.0	29.0	15.0	22	3.0	29.0	15.0	710	0	0.015624523162841797	29700	11.5929536819458	23164	22.006734006734007	
584467202.614341	22.0	3.0	29.0	15.0	18.0502401757406	594	2875	22	3.0	29.0	15.0	22	3.0	29.0	15.0	710	0	0.015623807907104492	29750	11.608577489852905	23198	22.023529411764713	
1484306285.1569638	22.0	3.0	29.0	15.0	18.0502401757406	595	2880	22	3.0	29.0	15.0	22	3.0	29.0	15.0	711	0	0.015624284744262695	29800	11.624201774597168	23235	22.03020134228187	
180744349.7062954	22.0	3.0	29.0	15.0	18.0502401757406	596	2886	22	3.0	29.0	15.0	22	3.0	29.0	15.0	713	0	0.015624046325683594	29850	11.639825820922852	23271	22.040201005025125	
87917.70848435294	22.0	3.0	29.0	15.0	18.0502401757406	597	2889	22	3.0	29.0	15.0	22	3.0	29.0	15.0	714	0	0.015623331069946289	29900	11.655449151992798	23311	22.03678929765887	
50660675.10684481	22.0	3.0	29.0	15.0	18.0502401757406	598	2895	22	3.0	29.0	15.0	22	3.0	29.0	15.0	715	0	0.015624284744262695	29950	11.67107343673706	23351	22.033388981636065	
3843698023045.3975	22.0	3.0	29.0	15.0	18.0502401757406	599	2899	22	3.0	29.0	15.0	22	3.0	29.0	15.0	716	0	0.015624046325683594	30000	11.686697483062744	23390	22.03333333333333	
141103.8525332962	22.0	3.0	29.0	15.0	18.0502401757406	600	2901	22	3.0	29.0	15.0	22	3.0	29.0	15.0	716	0	0.01562356948852539	30050	11.70232105255127	23431	22.026622296173045	
9551.92571929362	22.0	3.0	29.0	15.0	18.0502401757406	601	2905	22	3.0	29.0	15.0	22	3.0	29.0	15.0	716	0	0.015623807907104492	30100	11.717944860458374	23472	22.01993355481727	
1292582476.2215424	22.0	3.0	29.0	15.0	18.0502401757406	602	2908	22	3.0	29.0	15.0	22	3.0	29.0	15.0	717	0	0.0	30150	11.717944860458374	23510	22.023217247097847	
2076559700.260751	22.0	3.0	29.0	15.0	18.0502401757406	603	2913	22	3.0	29.0	15.0	22	3.0	29.0	15.0	718	0	0.015624523162841797	30200	11.733569383621216	23552	22.013245033112582	
1613798216.943286	22.0	3.0	29.0	15.0	18.0502401757406	604	2918	22	3.0	29.0	15.0	22	3.0	29.0	15.0	721	0	0.015623331069946289	30250	11.749192714691162	23588	22.023140495867764	
203867.45078974718	22.0	3.0	29.0	15.0	18.0502401757406	605	2924	22	3.0	29.0	15.0	22	3.0	29.0	15.0	722	0	0.03124833106994629	30300	11.780441045761108	23628	22.01980198019801	
122.70076920081976	22.0	3.0	29.0	15.0	18.0502401757406	606	2932	22	3.0	29.0	15.0	22	3.0	29.0	15.0	723	0	0.015623807907104492	30350	11.796064853668213	23665	22.026359143327852	
17257435.634100735	22.0	3.0	29.0	15.0	18.0502401757406	607	2937	22	3.0	29.0	15.0	22	3.0	29.0	15.0	724	0	0.015623331069946289	30400	11.81168818473816	23698	22.046052631578945	
1072211656.6123809	22.0	3.0	29.0	15.0	18.0502401757406	608	2941	22	3.0	29.0	15.0	22	3.0	29.0	15.0	725	0	0.015624523162841797	30450	11.827312707901001	23738	22.042692939244674	
6.6881250015463704e+16	22.0	3.0	29.0	15.0	18.0502401757406	609	2950	22	3.0	29.0	15.0	22	3.0	29.0	15.0	727	0	0.01562356948852539	30500	11.842936277389526	23767	22.075409836065575	
69.79788829272208	22.0	3.0	29.0	15.0	18.0502401757406	610	2955	22	3.0	29.0	15.0	22	3.0	29.0	15.0	727	0	0.015623807907104492	30550	11.85856008529663	23806	22.075286415711943	
1022929603.3211102	22.0	3.0	29.0	15.0	18.0502401757406	611	2961	22	3.0	29.0	15.0	22	3.0	29.0	15.0	728	0	0.015624523162841797	30600	11.874184608459473	23841	22.088235294117638	
41630.24074697345	22.0	3.0	29.0	15.0	18.0502401757406	612	2963	22	3.0	29.0	15.0	22	3.0	29.0	15.0	732	0	0.015624284744262695	30650	11.889808893203735	23875	22.104404567699845	
325033645406.2735	22.0	3.0	29.0	15.0	18.0502401757406	613	2965	22	3.0	29.0	15.0	22	3.0	29.0	15.0	733	0	0.015624523162841797	30700	11.905433416366577	23916	22.09771986970685	
1146.0079697897836	22.0	3.0	29.0	15.0	18.0502401757406	614	2974	22	3.0	29.0	15.0	22	3.0	29.0	15.0	733	0	0.03124713897705078	30750	11.936680555343628	23954	22.10081300813009	
2.5348696559934833e+18	22.0	3.0	29.0	15.0	18.0502401757406	615	2977	22	3.0	29.0	15.0	22	3.0	29.0	15.0	735	0	0.015623331069946289	30800	11.952303886413574	23991	22.10714285714286	
883426618.6198686	22.0	3.0	29.0	15.0	18.0502401757406	616	2984	22	3.0	29.0	15.0	22	3.0	29.0	15.0	737	0	0.015624046325683594	30850	11.967927932739258	24029	22.11021069692059	
12088649.961838305	22.0	3.0	29.0	15.0	18.0502401757406	617	2992	22	3.0	29.0	15.0	22	3.0	29.0	15.0	737	0	0.015624046325683594	30900	11.983551979064941	24062	22.129449838187696	
181573959.79143628	22.0	3.0	29.0	15.0	18.0502401757406	618	3000	22	3.0	29.0	15.0	22	3.0	29.0	15.0	738	0	0.015624523162841797	30950	11.999176502227783	24096	22.145395799676905	
8486614442.911805	22.0	3.0	29.0	15.0	18.0502401757406	619	3003	22	3.0	29.0	15.0	22	3.0	29.0	15.0	739	0	0.01562356948852539	31000	12.014800071716309	24136	22.141935483870967	
151.37296636973264	22.0	3.0	29.0	15.0	18.0502401757406	620	3006	22	3.0	29.0	15.0	22	3.0	29.0	15.0	740	0	0.015624761581420898	31050	12.03042483329773	24175	22.141706924315613	
2289152.1219131313	22.0	3.0	29.0	15.0	18.0502401757406	621	3015	22	3.0	29.0	15.0	22	3.0	29.0	15.0	740	0	0.015622854232788086	31100	12.046047687530518	24213	22.14469453376205	
4343716272.655354	22.0	3.0	29.0	15.0	18.0502401757406	622	3021	22	3.0	29.0	15.0	22	3.0	29.0	15.0	741	0	0.015624046325683594	31150	12.061671733856201	24252	22.144462279293748	
121.76860099694913	22.0	3.0	29.0	15.0	18.0502401757406	623	3025	22	3.0	29.0	15.0	22	3.0	29.0	15.0	742	0	0.031248092651367188	31200	12.092919826507568	24291	22.14423076923076	
3.023423802102941e+16	22.0	3.0	29.0	15.0	18.0502401757406	624	3026	22	3.0	29.0	15.0	22	3.0	29.0	15.0	743	0	0.015624046325683594	31250	12.108543872833252	24335	22.128	
161843483.2088724	22.0	3.0	29.0	15.0	18.0502401757406	625	3031	22	3.0	29.0	15.0	22	3.0	29.0	15.0	743	0	0.015623807907104492	31300	12.124167680740356	24378	22.115015974440894	
1125563102.3946815	22.0	3.0	29.0	15.0	18.0502401757406	626	3039	22	3.0	29.0	15.0	22	3.0	29.0	15.0	744	0	0.015625	31350	12.139792680740356	24412	22.130781499202556	
79548076.18027028	22.0	3.0	29.0	15.0	18.0502401757406	627	3045	22	3.0	29.0	15.0	22	3.0	29.0	15.0	745	0	0.015622615814208984	31400	12.155415296554565	24450	22.133757961783445	
163762290.0373802	22.0	3.0	29.0	15.0	18.0502401757406	628	3047	22	3.0	29.0	15.0	22	3.0	29.0	15.0	747	0	0.0156252384185791	31450	12.171040534973145	24485	22.146263910969793	
511078707.7911668	22.0	3.0	29.0	15.0	18.0502401757406	629	3052	22	3.0	29.0	15.0	22	3.0	29.0	15.0	747	0	0.015622854232788086	31500	12.186663389205933	24521	22.15555555555555	
4420374632834.491	22.0	3.0	29.0	15.0	18.0502401757406	630	3063	22	3.0	29.0	15.0	22	3.0	29.0	15.0	747	0	0.015624046325683594	31550	12.202287435531616	24555	22.17115689381933	
168371703.998364	22.0	3.0	29.0	15.0	18.0502401757406	631	3065	22	3.0	29.0	15.0	22	3.0	29.0	15.0	748	0	0.015625	31600	12.217912435531616	24597	22.161392405063296	
869313654.9920212	22.0	3.0	29.0	15.0	18.0502401757406	632	3067	22	3.0	29.0	15.0	22	3.0	29.0	15.0	748	0	0.015622615814208984	31650	12.233535051345825	24636	22.161137440758296	
70465.67752264635	22.0	3.0	29.0	15.0	18.0502401757406	633	3073	22	3.0	29.0	15.0	22	3.0	29.0	15.0	748	0	0.015623807907104492	31700	12.24915885925293	24677	22.154574132492115	
2.154035694550237e+17	22.0	3.0	29.0	15.0	18.0502401757406	634	3079	22	3.0	29.0	15.0	22	3.0	29.0	15.0	749	0	0.015624046325683594	31750	12.264782905578613	24716	22.15433070866142	
8674.996599324524	22.0	3.0	29.0	15.0	18.0502401757406	635	3085	22	3.0	29.0	15.0	22	3.0	29.0	15.0	751	0	0.031247615814208984	31800	12.296030521392822	24755	22.15408805031447	
6.722381757354615e+17	22.0	3.0	29.0	15.0	18.0502401757406	636	3093	22	3.0	29.0	15.0	22	3.0	29.0	15.0	752	0	0.0	31850	12.296030521392822	24793	22.156985871271587	
1423.9287065163323	22.0	3.0	29.0	15.0	18.0502401757406	637	3099	22	3.0	29.0	15.0	22	3.0	29.0	15.0	752	0	0.015625715255737305	31900	12.31165623664856	24833	22.15360501567399	
2.5917103986184732e+16	22.0	3.0	29.0	15.0	18.0502401757406	638	3105	22	3.0	29.0	15.0	22	3.0	29.0	15.0	752	0	0.015622854232788086	31950	12.327279090881348	24872	22.153364632237867	
2282053578.798321	22.0	3.0	29.0	15.0	18.0502401757406	639	3111	22	3.0	29.0	15.0	22	3.0	29.0	15.0	758	0	0.015624046325683594	32000	12.342903137207031	24900	22.1875	
80226.24590838846	22.0	3.0	29.0	15.0	18.0502401757406	640	3112	22	3	29	15	22	3	29	15	758	0	0.015623331069946289	32050	12.358526468276978	24943	22.17472698907956	
24974.05304092073	22.0	3.0	29.0	15.0	18.0502401757406	641	3117	22	3.0	29.0	15.0	22	3.0	29.0	15.0	761	0	0.015624523162841797	32100	12.37415099143982	24981	22.177570093457945	
4.917495496669945e+24	22.0	3.0	29.0	15.0	18.0502401757406	642	3121	22	3.0	29.0	15.0	22	3.0	29.0	15.0	763	0	0.031247377395629883	32150	12.40539836883545	25018	22.18351477449457	
211644739.42180273	22.0	3.0	29.0	15.0	18.0502401757406	643	3127	22	3.0	29.0	15.0	22	3.0	29.0	15.0	765	0	0.01562356948852539	32200	12.421021938323975	25050	22.204968944099377	
9400932.816639628	22.0	3.0	29.0	15.0	18.0502401757406	644	3135	22	3.0	29.0	15.0	22	3.0	29.0	15.0	766	0	0.015624523162841797	32250	12.436646461486816	25083	22.223255813953486	
1477062697.3150618	22.0	3.0	29.0	15.0	18.0502401757406	645	3138	22	3.0	29.0	15.0	22	3.0	29.0	15.0	766	0	0.015624523162841797	32300	12.452270984649658	25126	22.210526315789465	
5.52175507054789e+27	22.0	3.0	29.0	15.0	18.0502401757406	646	3140	22	3.0	29.0	15.0	22	3.0	29.0	15.0	769	0	0.01562356948852539	32350	12.467894554138184	25168	22.20092735703247	
1801546229141.9792	22.0	3.0	29.0	15.0	18.0502401757406	647	3147	22	3.0	29.0	15.0	22	3.0	29.0	15.0	771	0	0.015624046325683594	32400	12.483518600463867	25205	22.206790123456784	
1.2875567453411618e+20	22.0	3.0	29.0	15.0	18.0502401757406	648	3153	22	3.0	29.0	15.0	22	3.0	29.0	15.0	773	0	0.015623331069946289	32450	12.499141931533813	25243	22.209553158705702	
382041192.6933316	22.0	3.0	29.0	15.0	18.0502401757406	649	3159	22	3.0	29.0	15.0	22	3.0	29.0	15.0	775	0	0.03124833106994629	32500	12.53039026260376	25282	22.20923076923077	
38799708630.3986	22.0	3.0	29.0	15.0	18.0502401757406	650	3165	22	3.0	29.0	15.0	22	3.0	29.0	15.0	775	0	0.015623331069946289	32550	12.546013593673706	25318	22.218125960061442	
5.1349307843564794e+39	22.0	3.0	29.0	15.0	18.0502401757406	651	3169	22	3.0	29.0	15.0	22	3.0	29.0	15.0	776	0	0.015625476837158203	32600	12.561639070510864	25357	22.21779141104294	
218119098.37164915	22.0	3.0	29.0	15.0	18.0502401757406	652	3172	22	3.0	29.0	15.0	22	3.0	29.0	15.0	776	0	0.015622615814208984	32650	12.577261686325073	25389	22.238897396630932	
6.636565841641288e+17	22.0	3.0	29.0	15.0	18.0502401757406	653	3178	22	3.0	29.0	15.0	22	3.0	29.0	15.0	778	0	0.015623807907104492	32700	12.592885494232178	25423	22.25382262996942	
79547951.34700133	22.0	3.0	29.0	15.0	18.0502401757406	654	3184	22	3.0	29.0	15.0	22	3.0	29.0	15.0	779	0	0.01562356948852539	32750	12.608509063720703	25461	22.256488549618325	
1382656371.3296402	22.0	3.0	29.0	15.0	18.0502401757406	655	3188	22	3.0	29.0	15.0	22	3.0	29.0	15.0	780	0	0.015624284744262695	32800	12.624133348464966	25505	22.24085365853658	
1.733388606065542e+18	22.0	3.0	29.0	15.0	18.0502401757406	656	3190	22	3.0	29.0	15.0	22	3.0	29.0	15.0	780	0	0.015624523162841797	32850	12.639757871627808	25551	22.219178082191775	
3.5084629595832013e+19	22.0	3.0	29.0	15.0	18.0502401757406	657	3195	22	3.0	29.0	15.0	22	3.0	29.0	15.0	780	0	0.015623807907104492	32900	12.655381679534912	25590	22.21884498480243	
3.3567479587770234e+32	22.0	3.0	29.0	15.0	18.0502401757406	658	3201	22	3.0	29.0	15.0	22	3.0	29.0	15.0	780	0	0.03124833106994629	32950	12.686630010604858	25631	22.212443095599383	
1674178217.7500808	22.0	3.0	29.0	15.0	18.0502401757406	659	3206	22	3.0	29.0	15.0	22	3.0	29.0	15.0	782	0	0.015624046325683594	33000	12.702254056930542	25672	22.206060606060603	
53790.00722978833	22.0	3.0	29.0	15.0	18.0502401757406	660	3207	22	3	29	15	22	3	29	15	783	0	0.015623331069946289	33050	12.717877388000488	25713	22.19969742813919	
33443904.105782706	22.0	3.0	29.0	15.0	18.0502401757406	661	3212	22	3.0	29.0	15.0	22	3.0	29.0	15.0	784	0	0.015623331069946289	33100	12.733500719070435	25753	22.1963746223565	
6.445566983598023e+28	22.0	3.0	29.0	15.0	18.0502401757406	662	3216	22	3.0	29.0	15.0	22	3.0	29.0	15.0	788	0	0.015624046325683594	33150	12.749124765396118	25792	22.19607843137254	
1.4401117376374262e+18	22.0	3.0	29.0	15.0	18.0502401757406	663	3222	22	3.0	29.0	15.0	22	3.0	29.0	15.0	789	0	0.015624046325683594	33200	12.764748811721802	25834	22.186746987951807	
15315771.138142528	22.0	3.0	29.0	15.0	18.0502401757406	664	3223	22	3	29	15	22	3	29	15	790	0	0.015624284744262695	33250	12.780373096466064	25871	22.192481203007517	
1480131294.3185318	22.0	3.0	29.0	15.0	18.0502401757406	665	3228	22	3.0	29.0	15.0	22	3.0	29.0	15.0	790	0	0.01562356948852539	33300	12.79599666595459	25907	22.2012012012012	
2486952815.102133	22.0	3.0	29.0	15.0	18.0502401757406	666	3234	22	3.0	29.0	15.0	22	3.0	29.0	15.0	791	0	0.015625	33350	12.81162166595459	25947	22.197901049475263	
18168793.344799288	22.0	3.0	29.0	15.0	18.0502401757406	667	3239	22	3.0	29.0	15.0	22	3.0	29.0	15.0	791	0	0.015622615814208984	33400	12.827244281768799	25987	22.19461077844312	
533660974.89004284	22.0	3.0	29.0	15.0	18.0502401757406	668	3242	22	3.0	29.0	15.0	22	3.0	29.0	15.0	793	0	0.031247854232788086	33450	12.858492136001587	26025	22.19730941704036	
847808199.7735201	22.0	3.0	29.0	15.0	18.0502401757406	669	3245	22	3.0	29.0	15.0	22	3.0	29.0	15.0	794	0	0.015625715255737305	33500	12.874117851257324	26059	22.211940298507457	
2.5404123572370734e+25	22.0	3.0	29.0	15.0	18.0502401757406	670	3253	22	3.0	29.0	15.0	22	3.0	29.0	15.0	794	0	0.015622138977050781	33550	12.889739990234375	26093	22.22652757078987	
3836.070436163042	22.0	3.0	29.0	15.0	18.0502401757406	671	3256	22	3.0	29.0	15.0	22	3.0	29.0	15.0	796	0	0.015624284744262695	33600	12.905364274978638	26135	22.217261904761912	
2850012943.943498	22.0	3.0	29.0	15.0	18.0502401757406	672	3266	22	3.0	29.0	15.0	22	3.0	29.0	15.0	799	0	0.01562356948852539	33650	12.920987844467163	26165	22.24368499257058	
2133877404.4618862	22.0	3.0	29.0	15.0	18.0502401757406	673	3271	22	3.0	29.0	15.0	22	3.0	29.0	15.0	800	0	0.015624284744262695	33700	12.936612129211426	26207	22.234421364985167	
21863272121950.48	22.0	3.0	29.0	15.0	18.0502401757406	674	3274	22	3.0	29.0	15.0	22	3.0	29.0	15.0	800	0	0.0	33750	12.936612129211426	26246	22.234074074074073	
2.9696737327301364e+37	22.0	3.0	29.0	15.0	18.0502401757406	675	3279	22	3.0	29.0	15.0	22	3.0	29.0	15.0	801	0	0.015623807907104492	33800	12.95223593711853	26285	22.233727810650876	
1.0656082441913912e+28	22.0	3.0	29.0	15.0	18.0502401757406	676	3283	22	3.0	29.0	15.0	22	3.0	29.0	15.0	803	0	0.015624284744262695	33850	12.967860221862793	26323	22.23633677991137	
2790196937339.2695	22.0	3.0	29.0	15.0	18.0502401757406	677	3284	22	3.0	29.0	15.0	22	3.0	29.0	15.0	805	0	0.015623807907104492	33900	12.983484029769897	26364	22.230088495575217	
731065200.1363386	22.0	3.0	29.0	15.0	18.0502401757406	678	3292	22	3.0	29.0	15.0	22	3.0	29.0	15.0	805	0	0.015623807907104492	33950	12.999107837677002	26401	22.23564064801178	
23164.743632346752	22.0	3.0	29.0	15.0	18.0502401757406	679	3300	22	3.0	29.0	15.0	22	3.0	29.0	15.0	806	0	0.015623807907104492	34000	13.014731645584106	26438	22.24117647058823	
1.3356521739130665e+26	22.0	3.0	29.0	15.0	18.0502401757406	680	3304	22	3.0	29.0	15.0	22	3.0	29.0	15.0	807	0	0.015624046325683594	34050	13.03035569190979	26474	22.249632892804698	
4007.026383885588	22.0	3.0	29.0	15.0	18.0502401757406	681	3310	22	3.0	29.0	15.0	22	3.0	29.0	15.0	808	0	0.015624046325683594	34100	13.045979738235474	26506	22.26979472140762	
13610.381789006282	22.0	3.0	29.0	15.0	18.0502401757406	682	3315	22	3.0	29.0	15.0	22	3.0	29.0	15.0	808	0	0.015623807907104492	34150	13.061603546142578	26545	22.26939970717423	
1.3576995078405244e+25	22.0	3.0	29.0	15.0	18.0502401757406	683	3319	22	3.0	29.0	15.0	22	3.0	29.0	15.0	808	0	0.015624046325683594	34200	13.077227592468262	26582	22.2748538011696	
3.1894072458849686e+19	22.0	3.0	29.0	15.0	18.0502401757406	684	3323	22	3.0	29.0	15.0	22	3.0	29.0	15.0	808	0	0.01562356948852539	34250	13.092851161956787	26623	22.268613138686135	
123915709.3883659	22.0	3.0	29.0	15.0	18.0502401757406	685	3328	22	3.0	29.0	15.0	22	3.0	29.0	15.0	808	0	0.015624046325683594	34300	13.10847520828247	26663	22.265306122448976	
2026823057511.6492	22.0	3.0	29.0	15.0	18.0502401757406	686	3333	22	3.0	29.0	15.0	22	3.0	29.0	15.0	810	0	0.031248807907104492	34350	13.139724016189575	26699	22.273653566229996	
198243198.61975965	22.0	3.0	29.0	15.0	18.0502401757406	687	3336	22	3.0	29.0	15.0	22	3.0	29.0	15.0	810	0	0.015624523162841797	34400	13.155348539352417	26740	22.267441860465127	
71.12976798875152	22.0	3.0	29.0	15.0	18.0502401757406	688	3339	22	3.0	29.0	15.0	22	3.0	29.0	15.0	812	0	0.0	34450	13.155348539352417	26777	22.27285921625544	
554217348190.922	22.0	3.0	29.0	15.0	18.0502401757406	689	3344	22	3.0	29.0	15.0	22	3.0	29.0	15.0	815	0	0.015622138977050781	34500	13.170970678329468	26817	22.269565217391303	
22340319.70245441	22.0	3.0	29.0	15.0	18.0502401757406	690	3349	22	3.0	29.0	15.0	22	3.0	29.0	15.0	817	0	0.015624284744262695	34550	13.18659496307373	26850	22.286541244573073	
2896204.5513665173	22.0	3.0	29.0	15.0	18.0502401757406	691	3355	22	3.0	29.0	15.0	22	3.0	29.0	15.0	818	0	0.015624046325683594	34600	13.202219009399414	26891	22.280346820809243	
3.899456521751008e+17	22.0	3.0	29.0	15.0	18.0502401757406	692	3359	22	3.0	29.0	15.0	22	3.0	29.0	15.0	819	0	0.01562356948852539	34650	13.21784257888794	26931	22.277056277056275	
18129545469777.79	22.0	3.0	29.0	15.0	18.0502401757406	693	3364	22	3.0	29.0	15.0	22	3.0	29.0	15.0	819	0	0.015624284744262695	34700	13.233466863632202	26970	22.27665706051873	
1.4580000000000154e+29	22.0	3.0	29.0	15.0	18.0502401757406	694	3370	22	3.0	29.0	15.0	22	3.0	29.0	15.0	819	0	0.0	34750	13.233466863632202	27010	22.27338129496404	
66954505891560.48	22.0	3.0	29.0	15.0	18.0502401757406	695	3373	22	3.0	29.0	15.0	22	3.0	29.0	15.0	819	0	0.015624046325683594	34800	13.249090909957886	27050	22.270114942528735	
1250000055.8478663	22.0	3.0	29.0	15.0	18.0502401757406	696	3380	22	3.0	29.0	15.0	22	3.0	29.0	15.0	819	0	0.015623331069946289	34850	13.264714241027832	27084	22.28407460545195	
7.3728000000000394e+22	22.0	3.0	29.0	15.0	18.0502401757406	697	3383	22	3.0	29.0	15.0	22	3.0	29.0	15.0	819	0	0.015624046325683594	34900	13.280338287353516	27118	22.297994269340975	
69.91189229218236	22.0	3.0	29.0	15.0	18.0502401757406	698	3388	22	3.0	29.0	15.0	22	3.0	29.0	15.0	821	0	0.015624046325683594	34950	13.2959623336792	27154	22.306151645207436	
41548324.09994624	22.0	3.0	29.0	15.0	18.0502401757406	699	3393	22	3.0	29.0	15.0	22	3.0	29.0	15.0	821	0	0.01562356948852539	35000	13.311585903167725	27192	22.30857142857144	
3250054672.150162	22.0	3.0	29.0	15.0	18.0502401757406	700	3399	22	3.0	29.0	15.0	22	3.0	29.0	15.0	821	0	0.015624046325683594	35050	13.327209949493408	27232	22.305278174037085	
5.347555557498158e+24	22.0	3.0	29.0	15.0	18.0502401757406	701	3403	22	3.0	29.0	15.0	22	3.0	29.0	15.0	823	0	0.015624284744262695	35100	13.342834234237671	27269	22.31054131054131	
2293965647.564147	22.0	3.0	29.0	15.0	18.0502401757406	702	3413	22	3.0	29.0	15.0	22	3.0	29.0	15.0	823	0	0.015624284744262695	35150	13.358458518981934	27302	22.327169274537695	
1430.9069535076055	22.0	3.0	29.0	15.0	18.0502401757406	703	3416	22	3.0	29.0	15.0	22	3.0	29.0	15.0	826	0	0.015624761581420898	35200	13.374083280563354	27344	22.318181818181813	
39712709814.49467	22.0	3.0	29.0	15.0	18.0502401757406	704	3419	22	3.0	29.0	15.0	22	3.0	29.0	15.0	826	0	0.015622854232788086	35250	13.389706134796143	27390	22.297872340425528	
31771.209136427588	22.0	3.0	29.0	15.0	18.0502401757406	705	3422	22	3.0	29.0	15.0	22	3.0	29.0	15.0	826	0	0.015624046325683594	35300	13.405330181121826	27431	22.291784702549577	
914.0105244971095	22.0	3.0	29.0	15.0	18.0502401757406	706	3424	22	3.0	29.0	15.0	22	3.0	29.0	15.0	826	0	0.01562356948852539	35350	13.420953750610352	27471	22.288543140028295	
454608.08399212675	22.0	3.0	29.0	15.0	18.0502401757406	707	3431	22	3.0	29.0	15.0	22	3.0	29.0	15.0	826	0	0.015624046325683594	35400	13.436577796936035	27512	22.282485875706215	
1243743.327617343	22.0	3.0	29.0	15.0	18.0502401757406	708	3435	22	3.0	29.0	15.0	22	3.0	29.0	15.0	827	0	0.015624284744262695	35450	13.452202081680298	27548	22.29055007052186	
1553000.5120681552	22.0	3.0	29.0	15.0	18.0502401757406	709	3439	22	3.0	29.0	15.0	22	3.0	29.0	15.0	827	0	0.031248092651367188	35500	13.483450174331665	27590	22.281690140845072	
9.37482662258279e+28	22.0	3.0	29.0	15.0	18.0502401757406	710	3443	22	3.0	29.0	15.0	22	3.0	29.0	15.0	829	0	0.01562356948852539	35550	13.49907374382019	27628	22.284106891701825	
450262.3240297161	22.0	3.0	29.0	15.0	18.0502401757406	711	3448	22	3.0	29.0	15.0	22	3.0	29.0	15.0	829	0	0.015623807907104492	35600	13.514697551727295	27668	22.280898876404493	
16116348.52985117	22.0	3.0	29.0	15.0	18.0502401757406	712	3451	22	3.0	29.0	15.0	22	3.0	29.0	15.0	830	0	0.0	35650	13.514697551727295	27706	22.283309957924274	
2044547237.6069705	22.0	3.0	29.0	15.0	18.0502401757406	713	3456	22	3.0	29.0	15.0	22	3.0	29.0	15.0	831	0	0.015624761581420898	35700	13.530322313308716	27745	22.28291316526611	
1341255896.3700287	22.0	3.0	29.0	15.0	18.0502401757406	714	3462	22	3.0	29.0	15.0	22	3.0	29.0	15.0	831	0	0.015622615814208984	35750	13.545944929122925	27783	22.285314685314688	
29109048.161582693	22.0	3.0	29.0	15.0	18.0502401757406	715	3468	22	3.0	29.0	15.0	22	3.0	29.0	15.0	832	0	0.015624761581420898	35800	13.561569690704346	27819	22.29329608938548	
1.5384555360001057e+21	22.0	3.0	29.0	15.0	18.0502401757406	716	3476	22	3.0	29.0	15.0	22	3.0	29.0	15.0	832	0	0.015623092651367188	35850	13.577192783355713	27854	22.304044630404462	
1814265.7102069038	22.0	3.0	29.0	15.0	18.0502401757406	717	3480	22	3.0	29.0	15.0	22	3.0	29.0	15.0	834	0	0.0	35900	13.577192783355713	27890	22.311977715877447	
174626450.61078662	22.0	3.0	29.0	15.0	18.0502401757406	718	3483	22	3.0	29.0	15.0	22	3.0	29.0	15.0	834	0	0.015625	35950	13.592817783355713	27931	22.305980528511824	
1.5187500000000013e+20	22.0	3.0	29.0	15.0	18.0502401757406	719	3485	22	3.0	29.0	15.0	22	3.0	29.0	15.0	835	0	0.015623331069946289	36000	13.60844111442566	27971	22.302777777777777	
4594849512.547684	22.0	3.0	29.0	15.0	18.0502401757406	720	3488	22	3.0	29.0	15.0	22	3.0	29.0	15.0	836	0	0.0	36050	13.60844111442566	28009	22.30513176144244	
63.19539540743242	22.0	3.0	29.0	15.0	18.0502401757406	721	3492	22	3.0	29.0	15.0	22	3.0	29.0	15.0	837	0	0.015624761581420898	36100	13.62406587600708	28051	22.29639889196676	
3.970829259628108e+20	22.0	3.0	29.0	15.0	18.0502401757406	722	3493	22	3	29	15	22	3	29	15	837	0	0.015623807907104492	36150	13.639689683914185	28095	22.282157676348547	
4.060628401107108e+27	22.0	3.0	29.0	15.0	18.0502401757406	723	3500	22	3.0	29.0	15.0	22	3.0	29.0	15.0	838	0	0.01562356948852539	36200	13.65531325340271	28128	22.29834254143647	
396766095.3887929	22.0	3.0	29.0	15.0	18.0502401757406	724	3504	22	3.0	29.0	15.0	22	3.0	29.0	15.0	840	0	0.015623807907104492	36250	13.670937061309814	28168	22.29517241379311	
13900390510576.207	22.0	3.0	29.0	15.0	18.0502401757406	725	3510	22	3.0	29.0	15.0	22	3.0	29.0	15.0	842	0	0.015624046325683594	36300	13.686561107635498	28204	22.303030303030297	
181971274.8616354	22.0	3.0	29.0	15.0	18.0502401757406	726	3513	22	3.0	29.0	15.0	22	3.0	29.0	15.0	844	0	0.015623331069946289	36350	13.702184438705444	28246	22.29436038514443	
6.750240000000033e+23	22.0	3.0	29.0	15.0	18.0502401757406	727	3521	22	3.0	29.0	15.0	22	3.0	29.0	15.0	845	0	0.0	36400	13.702184438705444	28281	22.30494505494505	
3399862299.1416583	22.0	3.0	29.0	15.0	18.0502401757406	728	3527	22	3.0	29.0	15.0	22	3.0	29.0	15.0	848	0	0.015624523162841797	36450	13.717808961868286	28318	22.31001371742113	
358963.72648657934	22.0	3.0	29.0	15.0	18.0502401757406	729	3533	22	3.0	29.0	15.0	22	3.0	29.0	15.0	850	0	0.015624284744262695	36500	13.733433246612549	28355	22.315068493150676	
3843415122.988824	22.0	3.0	29.0	15.0	18.0502401757406	730	3539	22	3.0	29.0	15.0	22	3.0	29.0	15.0	850	0	0.031247615814208984	36550	13.764680862426758	28391	22.322845417236664	
2316424636.5965896	22.0	3.0	29.0	15.0	18.0502401757406	731	3546	22	3.0	29.0	15.0	22	3.0	29.0	15.0	852	0	0.01562356948852539	36600	13.780304431915283	28423	22.341530054644807	
6348440049244794.0	22.0	3.0	29.0	15.0	18.0502401757406	732	3550	22	3.0	29.0	15.0	22	3.0	29.0	15.0	853	0	0.0	36650	13.780304431915283	28458	22.35197817189632	
47868.13953571056	22.0	3.0	29.0	15.0	18.0502401757406	733	3552	22	3.0	29.0	15.0	22	3.0	29.0	15.0	854	0	0.015623807907104492	36700	13.795928239822388	28500	22.343324250681192	
243980382.40385485	22.0	3.0	29.0	15.0	18.0502401757406	734	3559	22	3.0	29.0	15.0	22	3.0	29.0	15.0	857	0	0.01562356948852539	36750	13.811551809310913	28535	22.353741496598644	
3621610148.9770174	22.0	3.0	29.0	15.0	18.0502401757406	735	3566	22	3.0	29.0	15.0	22	3.0	29.0	15.0	859	0	0.015625	36800	13.827176809310913	28571	22.361413043478265	
664021731199.3171	22.0	3.0	29.0	15.0	18.0502401757406	736	3570	22	3.0	29.0	15.0	22	3.0	29.0	15.0	859	0	0.01562356948852539	36850	13.842800378799438	28614	22.350067842605156	
13081944914.107512	22.0	3.0	29.0	15.0	18.0502401757406	737	3575	22	3.0	29.0	15.0	22	3.0	29.0	15.0	860	0	0.0	36900	13.842800378799438	28650	22.357723577235774	
2841849527.9191074	22.0	3.0	29.0	15.0	18.0502401757406	738	3579	22	3.0	29.0	15.0	22	3.0	29.0	15.0	863	0	0.015623807907104492	36950	13.858424186706543	28688	22.359945872801077	
4.034154000666454e+20	22.0	3.0	29.0	15.0	18.0502401757406	739	3585	22	3.0	29.0	15.0	22	3.0	29.0	15.0	863	0	0.015623807907104492	37000	13.874047994613647	28730	22.351351351351354	
6.659554169598532e+24	22.0	3.0	29.0	15.0	18.0502401757406	740	3593	22	3.0	29.0	15.0	22	3.0	29.0	15.0	863	0	0.015623807907104492	37050	13.889671802520752	28768	22.35357624831309	
1.2267873491318607e+29	22.0	3.0	29.0	15.0	18.0502401757406	741	3598	22	3.0	29.0	15.0	22	3.0	29.0	15.0	865	0	0.015624284744262695	37100	13.905296087265015	28804	22.361185983827497	
4720737021109615.0	22.0	3.0	29.0	15.0	18.0502401757406	742	3603	22	3.0	29.0	15.0	22	3.0	29.0	15.0	866	0	0.015624046325683594	37150	13.920920133590698	28844	22.358008075370122	
9.726302122837083e+29	22.0	3.0	29.0	15.0	18.0502401757406	743	3606	22	3.0	29.0	15.0	22	3.0	29.0	15.0	866	0	0.015623807907104492	37200	13.936543941497803	28889	22.341397849462368	
739260.2811262789	22.0	3.0	29.0	15.0	18.0502401757406	744	3611	22	3.0	29.0	15.0	22	3.0	29.0	15.0	866	0	0.015623807907104492	37250	13.952167749404907	28930	22.335570469798654	
12723990.744450204	22.0	3.0	29.0	15.0	18.0502401757406	745	3617	22	3.0	29.0	15.0	22	3.0	29.0	15.0	871	0	0.015623807907104492	37300	13.967791557312012	28966	22.343163538873995	
2.5651277272743265e+18	22.0	3.0	29.0	15.0	18.0502401757406	746	3623	22	3.0	29.0	15.0	22	3.0	29.0	15.0	872	0	0.015624523162841797	37350	13.983416080474854	29006	22.340026773761707	
1.6431314492768786e+32	22.0	3.0	29.0	15.0	18.0502401757406	747	3626	22	3.0	29.0	15.0	22	3.0	29.0	15.0	877	0	0.03124713897705078	37400	14.014663219451904	29046	22.33689839572193	
8.62985488691278e+26	22.0	3.0	29.0	15.0	18.0502401757406	748	3629	22	3.0	29.0	15.0	22	3.0	29.0	15.0	880	0	0.015624284744262695	37450	14.030287504196167	29085	22.336448598130843	
280386788.70562196	22.0	3.0	29.0	15.0	18.0502401757406	749	3634	22	3.0	29.0	15.0	22	3.0	29.0	15.0	881	0	0.015623807907104492	37500	14.045911312103271	29121	22.343999999999994	
2.598335974067831e+33	22.0	3.0	29.0	15.0	18.0502401757406	750	3639	22	3.0	29.0	15.0	22	3.0	29.0	15.0	882	0	0.015623092651367188	37550	14.061534404754639	29160	22.34354194407456	
21281906.01105007	22.0	3.0	29.0	15.0	18.0502401757406	751	3643	22	3.0	29.0	15.0	22	3.0	29.0	15.0	883	0	0.015624523162841797	37600	14.07715892791748	29199	22.343085106382972	
864.4606541390874	22.0	3.0	29.0	15.0	18.0502401757406	752	3646	22	3.0	29.0	15.0	22	3.0	29.0	15.0	885	0	0.015624046325683594	37650	14.092782974243164	29239	22.339973439575033	
3550579.6224145778	22.0	3.0	29.0	15.0	18.0502401757406	753	3650	22	3.0	29.0	15.0	22	3.0	29.0	15.0	890	0	0.015623807907104492	37700	14.108406782150269	29274	22.35013262599469	
128992464.37693597	22.0	3.0	29.0	15.0	18.0502401757406	754	3653	22	3.0	29.0	15.0	22	3.0	29.0	15.0	892	0	0.015624284744262695	37750	14.124031066894531	29310	22.35761589403974	
8.142873474280004e+17	22.0	3.0	29.0	15.0	18.0502401757406	755	3656	22	3.0	29.0	15.0	22	3.0	29.0	15.0	895	0	0.015625	37800	14.139656066894531	29350	22.354497354497354	
5.834150246860121e+18	22.0	3.0	29.0	15.0	18.0502401757406	756	3662	22	3.0	29.0	15.0	22	3.0	29.0	15.0	897	0	0.015623092651367188	37850	14.155279159545898	29390	22.351387054161165	
7.081972302550954e+26	22.0	3.0	29.0	15.0	18.0502401757406	757	3663	22	3	29	15	22	3	29	15	897	0	0.015624284744262695	37900	14.170903444290161	29433	22.340369393139838	
6.916629859861595e+18	22.0	3.0	29.0	15.0	18.0502401757406	758	3667	22	3.0	29.0	15.0	22	3.0	29.0	15.0	901	0	0.01562356948852539	37950	14.186527013778687	29470	22.34519104084322	
2293184889.0756216	22.0	3.0	29.0	15.0	18.0502401757406	759	3674	22	3.0	29.0	15.0	22	3.0	29.0	15.0	901	0	0.015623807907104492	38000	14.202150821685791	29509	22.344736842105263	
3004.6558629882643	22.0	3.0	29.0	15.0	18.0502401757406	760	3677	22	3.0	29.0	15.0	22	3.0	29.0	15.0	902	0	0.015624046325683594	38050	14.217774868011475	29545	22.352168199737193	
681885.4423893011	22.0	3.0	29.0	15.0	18.0502401757406	761	3683	22	3.0	29.0	15.0	22	3.0	29.0	15.0	903	0	0.015623092651367188	38100	14.233397960662842	29584	22.351706036745412	
3181534279.180919	22.0	3.0	29.0	15.0	18.0502401757406	762	3687	22	3.0	29.0	15.0	22	3.0	29.0	15.0	906	0	0.015624284744262695	38150	14.249022245407104	29621	22.3564875491481	
202018.70833708218	22.0	3.0	29.0	15.0	18.0502401757406	763	3690	22	3.0	29.0	15.0	22	3.0	29.0	15.0	907	0	0.015624284744262695	38200	14.264646530151367	29655	22.369109947643977	
2761748.266770044	22.0	3.0	29.0	15.0	18.0502401757406	764	3694	22	3.0	29.0	15.0	22	3.0	29.0	15.0	908	0	0.015623807907104492	38250	14.280270338058472	29693	22.371241830065358	
6677169.394688005	22.0	3.0	29.0	15.0	18.0502401757406	765	3699	22	3.0	29.0	15.0	22	3.0	29.0	15.0	909	0	0.015624046325683594	38300	14.295894384384155	29730	22.375979112271537	
1.7772189409567173e+28	22.0	3.0	29.0	15.0	18.0502401757406	766	3702	22	3.0	29.0	15.0	22	3.0	29.0	15.0	909	0	0.031247615814208984	38350	14.327142000198364	29774	22.36245110821382	
83214412.4642764	22.0	3.0	29.0	15.0	18.0502401757406	767	3707	22	3.0	29.0	15.0	22	3.0	29.0	15.0	910	0	0.015623807907104492	38400	14.342765808105469	29813	22.36197916666667	
22214673.982126962	22.0	3.0	29.0	15.0	18.0502401757406	768	3713	22	3.0	29.0	15.0	22	3.0	29.0	15.0	911	0	0.015624284744262695	38450	14.358390092849731	29854	22.35630689206762	
6.110239645133581e+39	22.0	3.0	29.0	15.0	18.0502401757406	769	3720	22	3.0	29.0	15.0	22	3.0	29.0	15.0	911	0	0.015623331069946289	38500	14.374013423919678	29894	22.353246753246765	
4.77322763097869e+17	22.0	3.0	29.0	15.0	18.0502401757406	770	3724	22	3.0	29.0	15.0	22	3.0	29.0	15.0	913	0	0.015624046325683594	38550	14.389637470245361	29932	22.355382619974066	
2.2434069291038653e+17	22.0	3.0	29.0	15.0	18.0502401757406	771	3731	22	3.0	29.0	15.0	22	3.0	29.0	15.0	915	0	0.01562356948852539	38600	14.405261039733887	29968	22.362694300518143	
3.035171362991281e+27	22.0	3.0	29.0	15.0	18.0502401757406	772	3735	22	3.0	29.0	15.0	22	3.0	29.0	15.0	915	0	0.015624761581420898	38650	14.420885801315308	30009	22.357050452781365	
22628016.441354666	22.0	3.0	29.0	15.0	18.0502401757406	773	3739	22	3.0	29.0	15.0	22	3.0	29.0	15.0	917	0	0.015624523162841797	38700	14.43651032447815	30047	22.35917312661499	
44535809.07346149	22.0	3.0	29.0	15.0	18.0502401757406	774	3744	22	3.0	29.0	15.0	22	3.0	29.0	15.0	917	0	0.015623331069946289	38750	14.452133655548096	30085	22.361290322580643	
4.1036526047386106e+33	22.0	3.0	29.0	15.0	18.0502401757406	775	3750	22	3.0	29.0	15.0	22	3.0	29.0	15.0	917	0	0.015623807907104492	38800	14.4677574634552	30128	22.35051546391753	
1.351510572686427e+24	22.0	3.0	29.0	15.0	18.0502401757406	776	3757	22	3.0	29.0	15.0	22	3.0	29.0	15.0	918	0	0.01562356948852539	38850	14.483381032943726	30167	22.350064350064343	
228990316.83610567	22.0	3.0	29.0	15.0	18.0502401757406	777	3762	22	3.0	29.0	15.0	22	3.0	29.0	15.0	918	0	0.015624284744262695	38900	14.499005317687988	30204	22.354755784061695	
32621293588.805237	22.0	3.0	29.0	15.0	18.0502401757406	778	3772	22	3.0	29.0	15.0	22	3.0	29.0	15.0	918	0	0.015624046325683594	38950	14.514629364013672	30233	22.379974326059056	
1.6192826124734897e+31	22.0	3.0	29.0	15.0	18.0502401757406	779	3776	22	3.0	29.0	15.0	22	3.0	29.0	15.0	921	0	0.015624046325683594	39000	14.530253410339355	30268	22.38974358974359	
335676184.9632423	22.0	3.0	29.0	15.0	18.0502401757406	780	3779	22	3.0	29.0	15.0	22	3.0	29.0	15.0	922	0	0.01562356948852539	39050	14.54587697982788	30308	22.38668373879642	
74364904.90613425	22.0	3.0	29.0	15.0	18.0502401757406	781	3786	22	3.0	29.0	15.0	22	3.0	29.0	15.0	922	0	0.015624284744262695	39100	14.561501264572144	30345	22.391304347826093	
3641019652.8320184	22.0	3.0	29.0	15.0	18.0502401757406	782	3790	22	3.0	29.0	15.0	22	3.0	29.0	15.0	922	0	0.015623807907104492	39150	14.577125072479248	30390	22.375478927203062	
7041501165.966899	22.0	3.0	29.0	15.0	18.0502401757406	783	3795	22	3.0	29.0	15.0	22	3.0	29.0	15.0	922	0	0.031247377395629883	39200	14.608372449874878	30429	22.375	
1.0139391968744843e+29	22.0	3.0	29.0	15.0	18.0502401757406	784	3799	22	3.0	29.0	15.0	22	3.0	29.0	15.0	923	0	0.0156252384185791	39250	14.623997688293457	30464	22.38471337579618	
7312702.002198511	22.0	3.0	29.0	15.0	18.0502401757406	785	3804	22	3.0	29.0	15.0	22	3.0	29.0	15.0	925	0	0.015623092651367188	39300	14.639620780944824	30498	22.396946564885496	
1318686535.6273038	22.0	3.0	29.0	15.0	18.0502401757406	786	3808	22	3.0	29.0	15.0	22	3.0	29.0	15.0	926	0	0.015624046325683594	39350	14.655244827270508	30538	22.39390088945362	
2152247.237204076	22.0	3.0	29.0	15.0	18.0502401757406	787	3812	22	3.0	29.0	15.0	22	3.0	29.0	15.0	927	0	0.015624046325683594	39400	14.670868873596191	30580	22.385786802030466	
1130189813.036258	22.0	3.0	29.0	15.0	18.0502401757406	788	3815	22	3.0	29.0	15.0	22	3.0	29.0	15.0	929	0	0.015624046325683594	39450	14.686492919921875	30620	22.38276299112802	
1.3959574815523558e+23	22.0	3.0	29.0	15.0	18.0502401757406	789	3818	22	3.0	29.0	15.0	22	3.0	29.0	15.0	930	0	0.01562356948852539	39500	14.7021164894104	30659	22.382278481012662	
1.1270808888888992e+23	22.0	3.0	29.0	15.0	18.0502401757406	790	3823	22	3.0	29.0	15.0	22	3.0	29.0	15.0	931	0	0.01562356948852539	39550	14.717740058898926	30695	22.38938053097344	
6.0001129957908175e+25	22.0	3.0	29.0	15.0	18.0502401757406	791	3826	22	3.0	29.0	15.0	22	3.0	29.0	15.0	932	0	0.015625	39600	14.733365058898926	30727	22.40656565656566	
22217953.285856843	22.0	3.0	29.0	15.0	18.0502401757406	792	3834	22	3.0	29.0	15.0	22	3.0	29.0	15.0	933	0	0.015623092651367188	39650	14.748988151550293	30758	22.426229508196727	
2113700.7644990566	22.0	3.0	29.0	15.0	18.0502401757406	793	3841	22	3.0	29.0	15.0	22	3.0	29.0	15.0	933	0	0.031248092651367188	39700	14.78023624420166	30799	22.420654911838795	
7.608287348881972e+29	22.0	3.0	29.0	15.0	18.0502401757406	794	3843	22	3.0	29.0	15.0	22	3.0	29.0	15.0	933	0	0.015623807907104492	39750	14.795860052108765	30839	22.417610062893075	
2156.7097195842825	22.0	3.0	29.0	15.0	18.0502401757406	795	3848	22	3.0	29.0	15.0	22	3.0	29.0	15.0	936	0	0.015623331069946289	39800	14.811483383178711	30874	22.427135678391963	
1104657931.65363	22.0	3.0	29.0	15.0	18.0502401757406	796	3851	22	3.0	29.0	15.0	22	3.0	29.0	15.0	936	0	0.015624284744262695	39850	14.827107667922974	30918	22.414052697616057	
347211641.139623	22.0	3.0	29.0	15.0	18.0502401757406	797	3852	22	3	29	15	22	3	29	15	937	0	0.0	39900	14.827107667922974	30964	22.39598997493735	
74.71310941368121	22.0	3.0	29.0	15.0	18.0502401757406	798	3858	22	3.0	29.0	15.0	22	3.0	29.0	15.0	937	0	0.015624284744262695	39950	14.842731952667236	31003	22.39549436795994	
141699896.61681384	22.0	3.0	29.0	15.0	18.0502401757406	799	3862	22	3.0	29.0	15.0	22	3.0	29.0	15.0	937	0	0.03124833106994629	40000	14.873980283737183	31040	22.39999999999999	
747.5548235484371	22.0	3.0	29.0	15.0	18.0502401757406	800	3866	22	3.0	29.0	15.0	22	3.0	29.0	15.0	941	0	0.015624046325683594	40050	14.889604330062866	31077	22.404494382022477	
5509126964.270693	22.0	3.0	29.0	15.0	18.0502401757406	801	3869	22	3.0	29.0	15.0	22	3.0	29.0	15.0	942	0	0.0	40100	14.889604330062866	31117	22.401496259351617	
2.7972051369934848e+17	22.0	3.0	29.0	15.0	18.0502401757406	802	3880	22	3.0	29.0	15.0	22	3.0	29.0	15.0	943	0	0.01562356948852539	40150	14.905227899551392	31148	22.42092154420922	
691.8181124814123	22.0	3.0	29.0	15.0	18.0502401757406	803	3886	22	3.0	29.0	15.0	22	3.0	29.0	15.0	944	0	0.015623807907104492	40200	14.920851707458496	31186	22.422885572139307	
37130120780330.234	22.0	3.0	29.0	15.0	18.0502401757406	804	3887	22	3	29	15	22	3	29	15	945	0	0.031247854232788086	40250	14.952099561691284	31226	22.419875776397518	
5.8723958341352264e+16	22.0	3.0	29.0	15.0	18.0502401757406	805	3889	22	3.0	29.0	15.0	22	3.0	29.0	15.0	946	0	0.015623807907104492	40300	14.967723369598389	31268	22.411910669975185	
371363.5224168085	22.0	3.0	29.0	15.0	18.0502401757406	806	3889	22	3	29	15	22	3	29	15	948	0	0.015625	40350	14.983348369598389	31307	22.411400247831466	
16136473.827846091	22.0	3.0	29.0	15.0	18.0502401757406	807	3896	22	3.0	29.0	15.0	22	3.0	29.0	15.0	948	0	0.015623092651367188	40400	14.998971462249756	31339	22.428217821782184	
1.266820908953716e+32	22.0	3.0	29.0	15.0	18.0502401757406	808	3899	22	3.0	29.0	15.0	22	3.0	29.0	15.0	951	0	0.03124833106994629	40450	15.030219793319702	31376	22.432632880098893	
2950408.58022295	22.0	3.0	29.0	15.0	18.0502401757406	809	3903	22	3.0	29.0	15.0	22	3.0	29.0	15.0	952	0	0.0	40500	15.030219793319702	31416	22.42962962962963	
18365.550482719846	22.0	3.0	29.0	15.0	18.0502401757406	810	3905	22	3.0	29.0	15.0	22	3.0	29.0	15.0	952	0	0.01562356948852539	40550	15.045843362808228	31455	22.42909987669543	
37363460.37968902	22.0	3.0	29.0	15.0	18.0502401757406	811	3914	22	3.0	29.0	15.0	22	3.0	29.0	15.0	952	0	0.015622854232788086	40600	15.061466217041016	31493	22.43103448275862	
135028996.71435288	22.0	3.0	29.0	15.0	18.0502401757406	812	3916	22	3.0	29.0	15.0	22	3.0	29.0	15.0	956	0	0.031249046325683594	40650	15.0927152633667	31533	22.428044280442805	
48480649.078546524	22.0	3.0	29.0	15.0	18.0502401757406	813	3920	22	3.0	29.0	15.0	22	3.0	29.0	15.0	956	0	0.0	40700	15.0927152633667	31571	22.42997542997543	
1491082169.9334784	22.0	3.0	29.0	15.0	18.0502401757406	814	3927	22	3.0	29.0	15.0	22	3.0	29.0	15.0	956	0	0.015624046325683594	40750	15.108339309692383	31609	22.431901840490795	
1069301.1011872862	22.0	3.0	29.0	15.0	18.0502401757406	815	3929	22	3.0	29.0	15.0	22	3.0	29.0	15.0	956	0	0.015624761581420898	40800	15.123964071273804	31653	22.419117647058826	
149846.30463841686	22.0	3.0	29.0	15.0	18.0502401757406	816	3933	22	3.0	29.0	15.0	22	3.0	29.0	15.0	956	0	0.015623092651367188	40850	15.139587163925171	31691	22.42105263157896	
81467.42229531003	22.0	3.0	29.0	15.0	18.0502401757406	817	3938	22	3.0	29.0	15.0	22	3.0	29.0	15.0	956	0	0.015624046325683594	40900	15.155211210250854	31727	22.427872860635702	
298333729.4534763	22.0	3.0	29.0	15.0	18.0502401757406	818	3946	22	3.0	29.0	15.0	22	3.0	29.0	15.0	958	0	0.015624046325683594	40950	15.170835256576538	31760	22.442002442002433	
231825836.42935798	22.0	3.0	29.0	15.0	18.0502401757406	819	3954	22	3.0	29.0	15.0	22	3.0	29.0	15.0	958	0	0.015623331069946289	41000	15.186458587646484	31796	22.448780487804882	
114033868.64243263	22.0	3.0	29.0	15.0	18.0502401757406	820	3961	22	3.0	29.0	15.0	22	3.0	29.0	15.0	959	0	0.015624761581420898	41050	15.202083349227905	31831	22.45797807551766	
13170266.448654857	22.0	3.0	29.0	15.0	18.0502401757406	821	3969	22	3.0	29.0	15.0	22	3.0	29.0	15.0	960	0	0.0	41100	15.202083349227905	31870	22.45742092457421	
76172.47654351023	22.0	3.0	29.0	15.0	18.0502401757406	822	3977	22	3.0	29.0	15.0	22	3.0	29.0	15.0	960	0	0.015623807907104492	41150	15.21770715713501	31906	22.464155528554073	
1318349767509929.8	22.0	3.0	29.0	15.0	18.0502401757406	823	3985	22	3.0	29.0	15.0	22	3.0	29.0	15.0	964	0	0.0	41200	15.21770715713501	31940	22.47572815533981	
392973853.27722573	22.0	3.0	29.0	15.0	18.0502401757406	824	3989	22	3.0	29.0	15.0	22	3.0	29.0	15.0	964	0	0.015622854232788086	41250	15.233330011367798	31979	22.47515151515151	
92128748.49666451	22.0	3.0	29.0	15.0	18.0502401757406	825	3994	22	3.0	29.0	15.0	22	3.0	29.0	15.0	964	0	0.015624046325683594	41300	15.248954057693481	32017	22.47699757869249	
128205073.61240594	22.0	3.0	29.0	15.0	18.0502401757406	826	3998	22	3.0	29.0	15.0	22	3.0	29.0	15.0	965	0	0.015623807907104492	41350	15.264577865600586	32056	22.476420798065305	
4.193617021279157e+28	22.0	3.0	29.0	15.0	18.0502401757406	827	4001	22	3.0	29.0	15.0	22	3.0	29.0	15.0	966	0	0.015623807907104492	41400	15.28020167350769	32094	22.47826086956522	
952317369.4341936	22.0	3.0	29.0	15.0	18.0502401757406	828	4004	22	3.0	29.0	15.0	22	3.0	29.0	15.0	968	0	0.03124833106994629	41450	15.311450004577637	32131	22.48250904704463	
1.812557707766667e+31	22.0	3.0	29.0	15.0	18.0502401757406	829	4011	22	3.0	29.0	15.0	22	3.0	29.0	15.0	970	0	0.01562643051147461	41500	15.327076435089111	32166	22.491566265060243	
3245595059.296332	22.0	3.0	29.0	15.0	18.0502401757406	830	4017	22	3.0	29.0	15.0	22	3.0	29.0	15.0	971	0	0.015624284744262695	41550	15.342700719833374	32207	22.486161251504214	
4.964011977790697e+26	22.0	3.0	29.0	15.0	18.0502401757406	831	4023	22	3.0	29.0	15.0	22	3.0	29.0	15.0	973	0	0.015623807907104492	41600	15.358324527740479	32242	22.495192307692307	
2557173348464011.0	22.0	3.0	29.0	15.0	18.0502401757406	832	4028	22	3.0	29.0	15.0	22	3.0	29.0	15.0	975	0	0.015621185302734375	41650	15.373945713043213	32278	22.501800720288117	
2780068270.1421223	22.0	3.0	29.0	15.0	18.0502401757406	833	4033	22	3.0	29.0	15.0	22	3.0	29.0	15.0	976	0	0.0156252384185791	41700	15.389570951461792	32314	22.508393285371696	
2.019256417336295e+28	22.0	3.0	29.0	15.0	18.0502401757406	834	4040	22	3.0	29.0	15.0	22	3.0	29.0	15.0	977	0	0.01562356948852539	41750	15.405194520950317	32355	22.502994011976057	
3.027100460587908e+30	22.0	3.0	29.0	15.0	18.0502401757406	835	4044	22	3.0	29.0	15.0	22	3.0	29.0	15.0	978	0	0.015623807907104492	41800	15.420818328857422	32395	22.5	
1412895771.0818079	22.0	3.0	29.0	15.0	18.0502401757406	836	4046	22	3.0	29.0	15.0	22	3.0	29.0	15.0	979	0	0.015623807907104492	41850	15.436442136764526	32439	22.48745519713262	
1363658.7441775638	22.0	3.0	29.0	15.0	18.0502401757406	837	4050	22	3.0	29.0	15.0	22	3.0	29.0	15.0	979	0	0.015625	41900	15.452067136764526	32477	22.48926014319808	
3.773030010949557e+30	22.0	3.0	29.0	15.0	18.0502401757406	838	4058	22	3.0	29.0	15.0	22	3.0	29.0	15.0	981	0	0.015623331069946289	41950	15.467690467834473	32514	22.493444576877238	
1935259986.731931	22.0	3.0	29.0	15.0	18.0502401757406	839	4063	22	3.0	29.0	15.0	22	3.0	29.0	15.0	981	0	0.031248807907104492	42000	15.498939275741577	32549	22.502380952380946	
189746908.2996392	22.0	3.0	29.0	15.0	18.0502401757406	840	4066	22	3.0	29.0	15.0	22	3.0	29.0	15.0	982	0	0.015623331069946289	42050	15.514562606811523	32586	22.50653983353152	
2646054493.746345	22.0	3.0	29.0	15.0	18.0502401757406	841	4072	22	3.0	29.0	15.0	22	3.0	29.0	15.0	983	0	0.015624761581420898	42100	15.530187368392944	32623	22.510688836104507	
936376908.1555213	22.0	3.0	29.0	15.0	18.0502401757406	842	4075	22	3.0	29.0	15.0	22	3.0	29.0	15.0	985	0	0.015621662139892578	42150	15.545809030532837	32663	22.50771055753262	
1194605027.2495282	22.0	3.0	29.0	15.0	18.0502401757406	843	4082	22	3.0	29.0	15.0	22	3.0	29.0	15.0	987	0	0.015625476837158203	42200	15.561434507369995	32702	22.507109004739334	
1631645.4317219204	22.0	3.0	29.0	15.0	18.0502401757406	844	4086	22	3.0	29.0	15.0	22	3.0	29.0	15.0	987	0	0.015622138977050781	42250	15.577056646347046	32745	22.49704142011835	
319546237.1418443	22.0	3.0	29.0	15.0	18.0502401757406	845	4094	22	3.0	29.0	15.0	22	3.0	29.0	15.0	988	0	0.015624046325683594	42300	15.59268069267273	32779	22.508274231678485	
2112826591.2929416	22.0	3.0	29.0	15.0	18.0502401757406	846	4101	22	3.0	29.0	15.0	22	3.0	29.0	15.0	990	0	0.015623331069946289	42350	15.608304023742676	32814	22.517119244391964	
10039.887364537422	22.0	3.0	29.0	15.0	18.0502401757406	847	4104	22	3.0	29.0	15.0	22	3.0	29.0	15.0	995	0	0.0156252384185791	42400	15.623929262161255	32850	22.52358490566037	
2382817135.151849	22.0	3.0	29.0	15.0	18.0502401757406	848	4113	22	3.0	29.0	15.0	22	3.0	29.0	15.0	997	0	0.01562356948852539	42450	15.63955283164978	32882	22.539458186101285	
841016038.8572925	22.0	3.0	29.0	15.0	18.0502401757406	849	4122	22	3.0	29.0	15.0	22	3.0	29.0	15.0	999	0	0.015624284744262695	42500	15.655177116394043	32916	22.55058823529413	
66.50344138186217	22.0	3.0	29.0	15.0	18.0502401757406	850	4129	22	3.0	29.0	15.0	22	3.0	29.0	15.0	1001	0	0.031248092651367188	42550	15.68642520904541	32949	22.56404230317274	
184410239.7541348	22.0	3.0	29.0	15.0	18.0502401757406	851	4131	22	3.0	29.0	15.0	22	3.0	29.0	15.0	1004	0	0.015623092651367188	42600	15.702048301696777	32992	22.55399061032864	
7043596.88753666	22.0	3.0	29.0	15.0	18.0502401757406	852	4137	22	3.0	29.0	15.0	22	3.0	29.0	15.0	1004	0	0.015624523162841797	42650	15.71767282485962	33030	22.555685814771394	
2.7254534963397875e+40	22.0	3.0	29.0	15.0	18.0502401757406	853	4144	22	3.0	29.0	15.0	22	3.0	29.0	15.0	1004	0	0.015623331069946289	42700	15.733296155929565	33065	22.564402810304458	
8.574578280428513e+27	22.0	3.0	29.0	15.0	18.0502401757406	854	4148	22	3.0	29.0	15.0	22	3.0	29.0	15.0	1005	0	0.015624523162841797	42750	15.748920679092407	33103	22.566081871345034	
635441712.1267902	22.0	3.0	29.0	15.0	18.0502401757406	855	4152	22	3.0	29.0	15.0	22	3.0	29.0	15.0	1006	0	0.015623807907104492	42800	15.764544486999512	33141	22.567757009345797	
10258590.150482196	22.0	3.0	29.0	15.0	18.0502401757406	856	4156	22	3.0	29.0	15.0	22	3.0	29.0	15.0	1007	0	0.015624046325683594	42850	15.780168533325195	33174	22.581096849474918	
1645930473.082558	22.0	3.0	29.0	15.0	18.0502401757406	857	4162	22	3.0	29.0	15.0	22	3.0	29.0	15.0	1008	0	0.0	42900	15.780168533325195	33209	22.58974358974359	
3.4528575024117144e+16	22.0	3.0	29.0	15.0	18.0502401757406	858	4166	22	3.0	29.0	15.0	22	3.0	29.0	15.0	1010	0	0.015624046325683594	42950	15.795792579650879	33248	22.589057043073353	
63.672485368575266	22.0	3.0	29.0	15.0	18.0502401757406	859	4172	22	3.0	29.0	15.0	22	3.0	29.0	15.0	1010	0	0.01562356948852539	43000	15.811416149139404	33286	22.590697674418607	
1547788017.6134357	22.0	3.0	29.0	15.0	18.0502401757406	860	4175	22	3.0	29.0	15.0	22	3.0	29.0	15.0	1011	0	0.015623807907104492	43050	15.827039957046509	33327	22.58536585365853	
2074332580.7999864	22.0	3.0	29.0	15.0	18.0502401757406	861	4180	22	3.0	29.0	15.0	22	3.0	29.0	15.0	1014	0	0.015624046325683594	43100	15.842664003372192	33365	22.58700696055685	
143530236254541.44	22.0	3.0	29.0	15.0	18.0502401757406	862	4185	22	3.0	29.0	15.0	22	3.0	29.0	15.0	1015	0	0.015624523162841797	43150	15.858288526535034	33401	22.593279258400926	
5.406279069768328e+18	22.0	3.0	29.0	15.0	18.0502401757406	863	4190	22	3.0	29.0	15.0	22	3.0	29.0	15.0	1018	0	0.01562356948852539	43200	15.87391209602356	33436	22.601851851851848	
110425204.4057711	22.0	3.0	29.0	15.0	18.0502401757406	864	4201	22	3.0	29.0	15.0	22	3.0	29.0	15.0	1021	0	0.015623331069946289	43250	15.889535427093506	33467	22.61965317919075	
3.7358348936324665e+20	22.0	3.0	29.0	15.0	18.0502401757406	865	4205	22	3.0	29.0	15.0	22	3.0	29.0	15.0	1021	0	0.015624761581420898	43300	15.905160188674927	33507	22.616628175519622	
4.8476595744782664e+38	22.0	3.0	29.0	15.0	18.0502401757406	866	4208	22	3.0	29.0	15.0	22	3.0	29.0	15.0	1022	0	0.015622377395629883	43350	15.920782566070557	33547	22.613610149942332	
5.1292725264997745e+19	22.0	3.0	29.0	15.0	18.0502401757406	867	4213	22	3.0	29.0	15.0	22	3.0	29.0	15.0	1022	0	0.015624523162841797	43400	15.936407089233398	33583	22.619815668202776	
177861419.2602088	22.0	3.0	29.0	15.0	18.0502401757406	868	4221	22	3.0	29.0	15.0	22	3.0	29.0	15.0	1022	0	0.015624523162841797	43450	15.95203161239624	33620	22.623705408515534	
16845045.70484843	22.0	3.0	29.0	15.0	18.0502401757406	869	4230	22	3.0	29.0	15.0	22	3.0	29.0	15.0	1023	0	0.015624046325683594	43500	15.967655658721924	33657	22.627586206896552	
1043839406.0846903	22.0	3.0	29.0	15.0	18.0502401757406	870	4234	22	3.0	29.0	15.0	22	3.0	29.0	15.0	1025	0	0.015623807907104492	43550	15.983279466629028	33695	22.62916188289323	
112.08434182076289	22.0	3.0	29.0	15.0	18.0502401757406	871	4239	22	3.0	29.0	15.0	22	3.0	29.0	15.0	1025	0	0.015624046325683594	43600	15.998903512954712	33734	22.628440366972484	
11351838.966244241	22.0	3.0	29.0	15.0	18.0502401757406	872	4243	22	3.0	29.0	15.0	22	3.0	29.0	15.0	1027	0	0.015623807907104492	43650	16.014527320861816	33772	22.630011454753713	
19149142.43057943	22.0	3.0	29.0	15.0	18.0502401757406	873	4247	22	3.0	29.0	15.0	22	3.0	29.0	15.0	1027	0	0.01562356948852539	43700	16.030150890350342	33816	22.617848970251714	
3764040.352759915	22.0	3.0	29.0	15.0	18.0502401757406	874	4251	22	3.0	29.0	15.0	22	3.0	29.0	15.0	1027	0	0.015623807907104492	43750	16.045774698257446	33858	22.61028571428571	
66.12901734953564	22.0	3.0	29.0	15.0	18.0502401757406	875	4255	22	3.0	29.0	15.0	22	3.0	29.0	15.0	1029	0	0.015624761581420898	43800	16.061399459838867	33896	22.611872146118714	
10890434.361951852	22.0	3.0	29.0	15.0	18.0502401757406	876	4262	22	3.0	29.0	15.0	22	3.0	29.0	15.0	1029	0	0.015622615814208984	43850	16.077022075653076	33932	22.61801596351198	
3.8832712920633327e+27	22.0	3.0	29.0	15.0	18.0502401757406	877	4266	22	3.0	29.0	15.0	22	3.0	29.0	15.0	1029	0	0.03124856948852539	43900	16.1082706451416	33969	22.62186788154898	
3880028223.981432	22.0	3.0	29.0	15.0	18.0502401757406	878	4271	22	3.0	29.0	15.0	22	3.0	29.0	15.0	1030	0	0.015624761581420898	43950	16.123895406723022	34006	22.625711035267344	
190916832.9992591	22.0	3.0	29.0	15.0	18.0502401757406	879	4275	22	3.0	29.0	15.0	22	3.0	29.0	15.0	1032	0	0.031246423721313477	44000	16.155141830444336	34047	22.62045454545455	
246.0056233397577	22.0	3.0	29.0	15.0	18.0502401757406	880	4279	22	3.0	29.0	15.0	22	3.0	29.0	15.0	1033	0	0.015624284744262695	44050	16.1707661151886	34085	22.62202043132804	
1.2794865717317768e+16	22.0	3.0	29.0	15.0	18.0502401757406	881	4283	22	3.0	29.0	15.0	22	3.0	29.0	15.0	1034	0	0.015623331069946289	44100	16.186389446258545	34125	22.61904761904762	
2350857.570457815	22.0	3.0	29.0	15.0	18.0502401757406	882	4289	22	3.0	29.0	15.0	22	3.0	29.0	15.0	1038	0	0.0	44150	16.186389446258545	34159	22.62967157417893	
9.799510293421134e+32	22.0	3.0	29.0	15.0	18.0502401757406	883	4295	22	3.0	29.0	15.0	22	3.0	29.0	15.0	1039	0	0.0156252384185791	44200	16.202014684677124	34196	22.633484162895925	
4145904.608495845	22.0	3.0	29.0	15.0	18.0502401757406	884	4298	22	3.0	29.0	15.0	22	3.0	29.0	15.0	1039	0	0.015623807907104492	44250	16.21763849258423	34240	22.62146892655366	
13378420.954319233	22.0	3.0	29.0	15.0	18.0502401757406	885	4300	22	3.0	29.0	15.0	22	3.0	29.0	15.0	1041	0	0.015624046325683594	44300	16.233262538909912	34284	22.60948081264108	
1.8575423555555603e+20	22.0	3.0	29.0	15.0	18.0502401757406	886	4304	22	3.0	29.0	15.0	22	3.0	29.0	15.0	1043	0	0.015623807907104492	44350	16.248886346817017	34324	22.606538895152198	
210.65573989049136	22.0	3.0	29.0	15.0	18.0502401757406	887	4309	22	3.0	29.0	15.0	22	3.0	29.0	15.0	1043	0	0.015624284744262695	44400	16.26451063156128	34362	22.608108108108098	
1725675.6010884917	22.0	3.0	29.0	15.0	18.0502401757406	888	4315	22	3.0	29.0	15.0	22	3.0	29.0	15.0	1043	0	0.015623807907104492	44450	16.280134439468384	34402	22.605174353205854	
2441290646.7619486	22.0	3.0	29.0	15.0	18.0502401757406	889	4321	22	3.0	29.0	15.0	22	3.0	29.0	15.0	1044	0	0.0	44500	16.280134439468384	34435	22.61797752808988	
7387.475212718333	22.0	3.0	29.0	15.0	18.0502401757406	890	4324	22	3.0	29.0	15.0	22	3.0	29.0	15.0	1045	0	0.015623807907104492	44550	16.29575824737549	34471	22.6240179573513	
30544.40134331111	22.0	3.0	29.0	15.0	18.0502401757406	891	4331	22	3.0	29.0	15.0	22	3.0	29.0	15.0	1045	0	0.015624523162841797	44600	16.31138277053833	34509	22.625560538116602	
1.7220000476002337e+18	22.0	3.0	29.0	15.0	18.0502401757406	892	4333	22	3.0	29.0	15.0	22	3.0	29.0	15.0	1046	0	0.01562356948852539	44650	16.327006340026855	34551	22.618141097424413	
128717178.25162266	22.0	3.0	29.0	15.0	18.0502401757406	893	4339	22	3.0	29.0	15.0	22	3.0	29.0	15.0	1047	0	0.01562356948852539	44700	16.34262990951538	34589	22.619686800894854	
567630590.0446444	22.0	3.0	29.0	15.0	18.0502401757406	894	4342	22	3.0	29.0	15.0	22	3.0	29.0	15.0	1049	0	0.015623807907104492	44750	16.358253717422485	34626	22.62346368715083	
21211089.25415624	22.0	3.0	29.0	15.0	18.0502401757406	895	4347	22	3.0	29.0	15.0	22	3.0	29.0	15.0	1049	0	0.015623331069946289	44800	16.37387704849243	34667	22.61830357142857	
14982867703.68369	22.0	3.0	29.0	15.0	18.0502401757406	896	4348	22	3	29	15	22	3	29	15	1050	0	0.015625	44850	16.38950204849243	34710	22.60869565217392	
333741662.7348927	22.0	3.0	29.0	15.0	18.0502401757406	897	4351	22	3.0	29.0	15.0	22	3.0	29.0	15.0	1051	0	0.031245946884155273	44900	16.420747995376587	34752	22.60133630289532	
1330169.0680470613	22.0	3.0	29.0	15.0	18.0502401757406	898	4357	22	3.0	29.0	15.0	22	3.0	29.0	15.0	1053	0	0.0156252384185791	44950	16.436373233795166	34787	22.60956618464961	
81.71159973478284	22.0	3.0	29.0	15.0	18.0502401757406	899	4364	22	3.0	29.0	15.0	22	3.0	29.0	15.0	1053	0	0.015624523162841797	45000	16.451997756958008	34820	22.62222222222222	
1588421505.209392	22.0	3.0	29.0	15.0	18.0502401757406	900	4368	22	3.0	29.0	15.0	22	3.0	29.0	15.0	1053	0	0.015622615814208984	45050	16.467620372772217	34859	22.621531631520526	
49356291425.20907	22.0	3.0	29.0	15.0	18.0502401757406	901	4376	22	3.0	29.0	15.0	22	3.0	29.0	15.0	1056	0	0.015624761581420898	45100	16.483245134353638	34893	22.631929046563187	
178590980.9862474	22.0	3.0	29.0	15.0	18.0502401757406	902	4381	22	3.0	29.0	15.0	22	3.0	29.0	15.0	1059	0	0.031249046325683594	45150	16.51449418067932	34930	22.63565891472868	
22818450.281495146	22.0	3.0	29.0	15.0	18.0502401757406	903	4387	22	3.0	29.0	15.0	22	3.0	29.0	15.0	1060	0	0.015622138977050781	45200	16.530116319656372	34966	22.641592920353986	
4.944162712871455e+32	22.0	3.0	29.0	15.0	18.0502401757406	904	4394	22	3.0	29.0	15.0	22	3.0	29.0	15.0	1061	0	0.015624523162841797	45250	16.545740842819214	35002	22.6475138121547	
48503010040328.8	22.0	3.0	29.0	15.0	18.0502401757406	905	4404	22	3.0	29.0	15.0	22	3.0	29.0	15.0	1062	0	0.015624761581420898	45300	16.561365604400635	35032	22.66666666666667	
4772337810.230183	22.0	3.0	29.0	15.0	18.0502401757406	906	4409	22	3.0	29.0	15.0	22	3.0	29.0	15.0	1064	0	0.015622854232788086	45350	16.576988458633423	35066	22.676957001102537	
2212922.017278916	22.0	3.0	29.0	15.0	18.0502401757406	907	4415	22	3.0	29.0	15.0	22	3.0	29.0	15.0	1064	0	0.015623807907104492	45400	16.592612266540527	35101	22.685022026431724	
702527868.4773654	22.0	3.0	29.0	15.0	18.0502401757406	908	4418	22	3.0	29.0	15.0	22	3.0	29.0	15.0	1066	0	0.0	45450	16.592612266540527	35135	22.6952695269527	
2770875334.8163433	22.0	3.0	29.0	15.0	18.0502401757406	909	4421	22	3.0	29.0	15.0	22	3.0	29.0	15.0	1066	0	0.03124833106994629	45500	16.623860597610474	35173	22.696703296703305	
8.396915625202908e+35	22.0	3.0	29.0	15.0	18.0502401757406	910	4430	22	3.0	29.0	15.0	22	3.0	29.0	15.0	1066	0	0.015623331069946289	45550	16.63948392868042	35211	22.69813391877058	
570450511630721.6	22.0	3.0	29.0	15.0	18.0502401757406	911	4431	22	3	29	15	22	3	29	15	1067	0	0.015625	45600	16.65510892868042	35252	22.692982456140356	
1085250.896391966	22.0	3.0	29.0	15.0	18.0502401757406	912	4435	22	3.0	29.0	15.0	22	3.0	29.0	15.0	1067	0	0.0	45650	16.65510892868042	35289	22.69660460021906	
9.874170491620786e+17	22.0	3.0	29.0	15.0	18.0502401757406	913	4438	22	3.0	29.0	15.0	22	3.0	29.0	15.0	1069	0	0.031247615814208984	45700	16.68635654449463	35331	22.689277899343537	
1440499025.345379	22.0	3.0	29.0	15.0	18.0502401757406	914	4445	22	3.0	29.0	15.0	22	3.0	29.0	15.0	1069	0	0.015624523162841797	45750	16.70198106765747	35368	22.692896174863392	
3.079801813253474e+25	22.0	3.0	29.0	15.0	18.0502401757406	915	4451	22	3.0	29.0	15.0	22	3.0	29.0	15.0	1069	0	0.015622377395629883	45800	16.7176034450531	35408	22.689956331877724	
1135446878.8669775	22.0	3.0	29.0	15.0	18.0502401757406	916	4454	22	3.0	29.0	15.0	22	3.0	29.0	15.0	1069	0	0.015625476837158203	45850	16.73322892189026	35447	22.68920392584515	
65471444573080.3	22.0	3.0	29.0	15.0	18.0502401757406	917	4461	22	3.0	29.0	15.0	22	3.0	29.0	15.0	1069	0	0.015622377395629883	45900	16.74885129928589	35486	22.6884531590414	
1.6898271800272926e+31	22.0	3.0	29.0	15.0	18.0502401757406	918	4467	22	3.0	29.0	15.0	22	3.0	29.0	15.0	1071	0	0.015624046325683594	45950	16.764475345611572	35522	22.694232861806313	
9.204355103980838e+18	22.0	3.0	29.0	15.0	18.0502401757406	919	4469	22	3.0	29.0	15.0	22	3.0	29.0	15.0	1071	0	0.015624761581420898	46000	16.780100107192993	35567	22.6804347826087	
1978140.8005587775	22.0	3.0	29.0	15.0	18.0502401757406	920	4473	22	3.0	29.0	15.0	22	3.0	29.0	15.0	1072	0	0.015623807907104492	46050	16.795723915100098	35608	22.675352877307276	
1.0574643183069352e+19	22.0	3.0	29.0	15.0	18.0502401757406	921	4478	22	3.0	29.0	15.0	22	3.0	29.0	15.0	1074	0	0.015623807907104492	46100	16.811347723007202	35646	22.676789587852497	
101743213.07249506	22.0	3.0	29.0	15.0	18.0502401757406	922	4484	22	3.0	29.0	15.0	22	3.0	29.0	15.0	1077	0	0.015623807907104492	46150	16.826971530914307	35681	22.684723726977253	
2.864381015652615e+21	22.0	3.0	29.0	15.0	18.0502401757406	923	4488	22	3.0	29.0	15.0	22	3.0	29.0	15.0	1078	0	0.015624046325683594	46200	16.84259557723999	35720	22.68398268398269	
2491.326134525652	22.0	3.0	29.0	15.0	18.0502401757406	924	4494	22	3.0	29.0	15.0	22	3.0	29.0	15.0	1078	0	0.015624046325683594	46250	16.858219623565674	35759	22.68324324324324	
1636833317.6765292	22.0	3.0	29.0	15.0	18.0502401757406	925	4497	22	3.0	29.0	15.0	22	3.0	29.0	15.0	1078	0	0.015624046325683594	46300	16.873843669891357	35802	22.67386609071275	
4762266471853.349	22.0	3.0	29.0	15.0	18.0502401757406	926	4501	22	3.0	29.0	15.0	22	3.0	29.0	15.0	1080	0	0.015624284744262695	46350	16.88946795463562	35844	22.66666666666667	
8375784936762933.0	22.0	3.0	29.0	15.0	18.0502401757406	927	4504	22	3.0	29.0	15.0	22	3.0	29.0	15.0	1082	0	0.015623331069946289	46400	16.905091285705566	35880	22.67241379310346	
1.5947665356676547e+27	22.0	3.0	29.0	15.0	18.0502401757406	928	4512	22	3.0	29.0	15.0	22	3.0	29.0	15.0	1082	0	0.031247854232788086	46450	16.936339139938354	35917	22.67599569429494	
1.557792956645225e+27	22.0	3.0	29.0	15.0	18.0502401757406	929	4514	22	3.0	29.0	15.0	22	3.0	29.0	15.0	1082	0	0.015623331069946289	46500	16.9519624710083	35956	22.675268817204298	
1.1396770133199667e+18	22.0	3.0	29.0	15.0	18.0502401757406	930	4522	22	3.0	29.0	15.0	22	3.0	29.0	15.0	1085	0	0.015624761581420898	46550	16.96758723258972	35992	22.68098818474759	
139664225281.1604	22.0	3.0	29.0	15.0	18.0502401757406	931	4524	22	3.0	29.0	15.0	22	3.0	29.0	15.0	1085	0	0.015623331069946289	46600	16.983210563659668	36030	22.682403433476395	
5164964108512.425	22.0	3.0	29.0	15.0	18.0502401757406	932	4530	22	3.0	29.0	15.0	22	3.0	29.0	15.0	1085	0	0.015624284744262695	46650	16.99883484840393	36068	22.683815648445872	
23723.01587142645	22.0	3.0	29.0	15.0	18.0502401757406	933	4533	22	3.0	29.0	15.0	22	3.0	29.0	15.0	1086	0	0.015623331069946289	46700	17.014458179473877	36110	22.676659528907933	
40608392.4083346	22.0	3.0	29.0	15.0	18.0502401757406	934	4537	22	3.0	29.0	15.0	22	3.0	29.0	15.0	1086	0	0.031249046325683594	46750	17.04570722579956	36147	22.680213903743322	
107211310048.21342	22.0	3.0	29.0	15.0	18.0502401757406	935	4542	22	3.0	29.0	15.0	22	3.0	29.0	15.0	1086	0	0.015624284744262695	46800	17.061331510543823	36186	22.679487179487182	
1987.9904663545092	22.0	3.0	29.0	15.0	18.0502401757406	936	4552	22	3.0	29.0	15.0	22	3.0	29.0	15.0	1086	0	0.015622615814208984	46850	17.076954126358032	36221	22.687299893276418	
210884949.77663356	22.0	3.0	29.0	15.0	18.0502401757406	937	4557	22	3.0	29.0	15.0	22	3.0	29.0	15.0	1086	0	0.031248092651367188	46900	17.1082022190094	36258	22.6908315565032	
2137772694513.5732	22.0	3.0	29.0	15.0	18.0502401757406	938	4564	22	3.0	29.0	15.0	22	3.0	29.0	15.0	1086	0	0.015624284744262695	46950	17.123826503753662	36296	22.69222577209797	
679148719.4893703	22.0	3.0	29.0	15.0	18.0502401757406	939	4569	22	3.0	29.0	15.0	22	3.0	29.0	15.0	1086	0	0.01562356948852539	47000	17.139450073242188	36334	22.693617021276594	
812678181.1968522	22.0	3.0	29.0	15.0	18.0502401757406	940	4572	22	3.0	29.0	15.0	22	3.0	29.0	15.0	1086	0	0.015624284744262695	47050	17.15507435798645	36372	22.69500531349628	
2.134840000019787e+18	22.0	3.0	29.0	15.0	18.0502401757406	941	4579	22	3.0	29.0	15.0	22	3.0	29.0	15.0	1089	0	0.015623092651367188	47100	17.170697450637817	36407	22.702760084925686	
106390605.61772452	22.0	3.0	29.0	15.0	18.0502401757406	942	4584	22	3.0	29.0	15.0	22	3.0	29.0	15.0	1089	0	0.0156252384185791	47150	17.186322689056396	36443	22.708377518557796	
2581151384379.9224	22.0	3.0	29.0	15.0	18.0502401757406	943	4593	22	3.0	29.0	15.0	22	3.0	29.0	15.0	1089	0	0.015625	47200	17.201947689056396	36480	22.711864406779654	
1086855353.6222892	22.0	3.0	29.0	15.0	18.0502401757406	944	4596	22	3.0	29.0	15.0	22	3.0	29.0	15.0	1089	0	0.015622138977050781	47250	17.217569828033447	36520	22.70899470899471	
1651356.2634236752	22.0	3.0	29.0	15.0	18.0502401757406	945	4600	22	3.0	29.0	15.0	22	3.0	29.0	15.0	1089	0	0.015624046325683594	47300	17.23319387435913	36556	22.714587737843544	
23777885.23098987	22.0	3.0	29.0	15.0	18.0502401757406	946	4603	22	3.0	29.0	15.0	22	3.0	29.0	15.0	1092	0	0.031247377395629883	47350	17.26444125175476	36596	22.711721224920794	
3.3812492653557265e+21	22.0	3.0	29.0	15.0	18.0502401757406	947	4607	22	3.0	29.0	15.0	22	3.0	29.0	15.0	1093	0	0.015623807907104492	47400	17.280065059661865	36633	22.715189873417714	
1814103396.10448	22.0	3.0	29.0	15.0	18.0502401757406	948	4615	22	3.0	29.0	15.0	22	3.0	29.0	15.0	1093	0	0.015625953674316406	47450	17.29569101333618	36669	22.720758693361432	
1.656126342949624e+29	22.0	3.0	29.0	15.0	18.0502401757406	949	4622	22	3.0	29.0	15.0	22	3.0	29.0	15.0	1096	0	0.015622138977050781	47500	17.311313152313232	36701	22.734736842105264	
9.731876448096002e+36	22.0	3.0	29.0	15.0	18.0502401757406	950	4630	22	3.0	29.0	15.0	22	3.0	29.0	15.0	1098	0	0.015624046325683594	47550	17.326937198638916	36729	22.757097791798103	
5.7556555835329174e+26	22.0	3.0	29.0	15.0	18.0502401757406	951	4635	22	3.0	29.0	15.0	22	3.0	29.0	15.0	1099	0	0.015624761581420898	47600	17.342561960220337	36770	22.752100840336126	
46223701.96005939	22.0	3.0	29.0	15.0	18.0502401757406	952	4640	22	3.0	29.0	15.0	22	3.0	29.0	15.0	1099	0	0.01562356948852539	47650	17.358185529708862	36806	22.757607555089194	
190.84569629673055	22.0	3.0	29.0	15.0	18.0502401757406	953	4642	22	3.0	29.0	15.0	22	3.0	29.0	15.0	1100	0	0.031247377395629883	47700	17.389432907104492	36846	22.754716981132077	
1570430149.571091	22.0	3.0	29.0	15.0	18.0502401757406	954	4646	22	3.0	29.0	15.0	22	3.0	29.0	15.0	1101	0	0.0	47750	17.389432907104492	36886	22.751832460732984	
14365.282600673476	22.0	3.0	29.0	15.0	18.0502401757406	955	4654	22	3.0	29.0	15.0	22	3.0	29.0	15.0	1102	0	0.015622854232788086	47800	17.40505576133728	36918	22.76569037656904	
1629492.5938832664	22.0	3.0	29.0	15.0	18.0502401757406	956	4661	22	3.0	29.0	15.0	22	3.0	29.0	15.0	1104	0	0.015625	47850	17.42068076133728	36954	22.771159874608145	
2948357090.7212467	22.0	3.0	29.0	15.0	18.0502401757406	957	4668	22	3.0	29.0	15.0	22	3.0	29.0	15.0	1104	0	0.0156252384185791	47900	17.43630599975586	36989	22.77870563674321	
4569557737361590.0	22.0	3.0	29.0	15.0	18.0502401757406	958	4672	22	3.0	29.0	15.0	22	3.0	29.0	15.0	1106	0	0.015622615814208984	47950	17.45192861557007	37025	22.784150156412935	
440505677906.88696	22.0	3.0	29.0	15.0	18.0502401757406	959	4675	22	3.0	29.0	15.0	22	3.0	29.0	15.0	1110	0	0.01562809944152832	48000	17.467556715011597	37063	22.785416666666663	
1.2597727537933935e+22	22.0	3.0	29.0	15.0	18.0502401757406	960	4680	22	3.0	29.0	15.0	22	3.0	29.0	15.0	1113	0	0.015622377395629883	48050	17.483179092407227	37099	22.790842872008326	
1553722781.358819	22.0	3.0	29.0	15.0	18.0502401757406	961	4686	22	3.0	29.0	15.0	22	3.0	29.0	15.0	1114	0	0.015622377395629883	48100	17.498801469802856	37137	22.79209979209979	
10181420.975186307	22.0	3.0	29.0	15.0	18.0502401757406	962	4689	22	3.0	29.0	15.0	22	3.0	29.0	15.0	1116	0	0.031247615814208984	48150	17.530049085617065	37177	22.78920041536864	
4.5729375002838446e+23	22.0	3.0	29.0	15.0	18.0502401757406	963	4692	22	3.0	29.0	15.0	22	3.0	29.0	15.0	1116	0	0.015622615814208984	48200	17.545671701431274	37217	22.78630705394191	
1.6980417391897038e+22	22.0	3.0	29.0	15.0	18.0502401757406	964	4696	22	3.0	29.0	15.0	22	3.0	29.0	15.0	1117	0	0.0156252384185791	48250	17.561296939849854	37256	22.785492227979276	
1.3838936171653063e+20	22.0	3.0	29.0	15.0	18.0502401757406	965	4700	22	3.0	29.0	15.0	22	3.0	29.0	15.0	1117	0	0.015624046325683594	48300	17.576920986175537	37296	22.782608695652172	
4.464900000002239e+19	22.0	3.0	29.0	15.0	18.0502401757406	966	4706	22	3.0	29.0	15.0	22	3.0	29.0	15.0	1119	0	0.01562356948852539	48350	17.592544555664062	37336	22.779731127197522	
3680798762.818353	22.0	3.0	29.0	15.0	18.0502401757406	967	4711	22	3.0	29.0	15.0	22	3.0	29.0	15.0	1119	0	0.015624523162841797	48400	17.608169078826904	37373	22.783057851239676	
824179.0034978095	22.0	3.0	29.0	15.0	18.0502401757406	968	4715	22	3.0	29.0	15.0	22	3.0	29.0	15.0	1119	0	0.031248092651367188	48450	17.63941717147827	37413	22.780185758513923	
4.920001920000771e+21	22.0	3.0	29.0	15.0	18.0502401757406	969	4721	22	3.0	29.0	15.0	22	3.0	29.0	15.0	1122	0	0.015623807907104492	48500	17.655040979385376	37446	22.791752577319585	
2193146187.567867	22.0	3.0	29.0	15.0	18.0502401757406	970	4724	22	3.0	29.0	15.0	22	3.0	29.0	15.0	1124	0	0.015623807907104492	48550	17.67066478729248	37482	22.797116374871266	
2.5167386891847208e+33	22.0	3.0	29.0	15.0	18.0502401757406	971	4734	22	3.0	29.0	15.0	22	3.0	29.0	15.0	1125	0	0.015623807907104492	48600	17.686288595199585	37515	22.808641975308646	
4412064.495287716	22.0	3.0	29.0	15.0	18.0502401757406	972	4741	22	3.0	29.0	15.0	22	3.0	29.0	15.0	1125	0	0.015624523162841797	48650	17.701913118362427	37555	22.805755395683462	
13195580.528793788	22.0	3.0	29.0	15.0	18.0502401757406	973	4745	22	3.0	29.0	15.0	22	3.0	29.0	15.0	1127	0	0.015622377395629883	48700	17.717535495758057	37594	22.80492813141683	
1024778368.596137	22.0	3.0	29.0	15.0	18.0502401757406	974	4752	22	3.0	29.0	15.0	22	3.0	29.0	15.0	1130	0	0.015625	48750	17.733160495758057	37630	22.810256410256414	
4.423782300833052e+22	22.0	3.0	29.0	15.0	18.0502401757406	975	4757	22	3.0	29.0	15.0	22	3.0	29.0	15.0	1130	0	0.015625715255737305	48800	17.748786211013794	37669	22.809426229508205	
1.4635828296482736e+22	22.0	3.0	29.0	15.0	18.0502401757406	976	4760	22	3.0	29.0	15.0	22	3.0	29.0	15.0	1131	0	0.015620708465576172	48850	17.76440691947937	37710	22.804503582395085	
130437084388.21439	22.0	3.0	29.0	15.0	18.0502401757406	977	4764	22	3.0	29.0	15.0	22	3.0	29.0	15.0	1133	0	0.0	48900	17.76440691947937	37753	22.79550102249489	
1.0752272730531173e+18	22.0	3.0	29.0	15.0	18.0502401757406	978	4769	22	3.0	29.0	15.0	22	3.0	29.0	15.0	1135	0	0.03124833106994629	48950	17.795655250549316	37789	22.80081716036773	
1.0065957460471156e+18	22.0	3.0	29.0	15.0	18.0502401757406	979	4772	22	3.0	29.0	15.0	22	3.0	29.0	15.0	1136	0	0.015624284744262695	49000	17.81127953529358	37824	22.80816326530612	
1928574663.7428722	22.0	3.0	29.0	15.0	18.0502401757406	980	4778	22	3.0	29.0	15.0	22	3.0	29.0	15.0	1139	0	0.01562356948852539	49050	17.826903104782104	37859	22.815494393476044	
6.471897555126526e+21	22.0	3.0	29.0	15.0	18.0502401757406	981	4782	22	3.0	29.0	15.0	22	3.0	29.0	15.0	1140	0	0.015624046325683594	49100	17.842527151107788	37901	22.808553971486774	
183.59056025302013	22.0	3.0	29.0	15.0	18.0502401757406	982	4788	22	3.0	29.0	15.0	22	3.0	29.0	15.0	1141	0	0.015624284744262695	49150	17.85815143585205	37940	22.807731434384536	
1901942.2810549675	22.0	3.0	29.0	15.0	18.0502401757406	983	4792	22	3.0	29.0	15.0	22	3.0	29.0	15.0	1142	0	0.015624046325683594	49200	17.873775482177734	37979	22.806910569105682	
99171179.21976648	22.0	3.0	29.0	15.0	18.0502401757406	984	4794	22	3.0	29.0	15.0	22	3.0	29.0	15.0	1143	0	0.03124833106994629	49250	17.90502381324768	38019	22.804060913705584	
136932379.08411723	22.0	3.0	29.0	15.0	18.0502401757406	985	4797	22	3.0	29.0	15.0	22	3.0	29.0	15.0	1143	0	0.0	49300	17.90502381324768	38058	22.803245436105485	
75098699457.25377	22.0	3.0	29.0	15.0	18.0502401757406	986	4802	22	3.0	29.0	15.0	22	3.0	29.0	15.0	1144	0	0.03124690055847168	49350	17.936270713806152	38097	22.80243161094225	
2082070953.4763525	22.0	3.0	29.0	15.0	18.0502401757406	987	4808	22	3.0	29.0	15.0	22	3.0	29.0	15.0	1145	0	0.015625953674316406	49400	17.95189666748047	38132	22.809716599190295	
27520856051.309227	22.0	3.0	29.0	15.0	18.0502401757406	988	4813	22	3.0	29.0	15.0	22	3.0	29.0	15.0	1145	0	0.031246185302734375	49450	17.983142852783203	38173	22.804853387259854	
90775667.11794001	22.0	3.0	29.0	15.0	18.0502401757406	989	4818	22	3.0	29.0	15.0	22	3.0	29.0	15.0	1145	0	0.015622854232788086	49500	17.99876570701599	38212	22.804040404040407	
20195920.770102248	22.0	3.0	29.0	15.0	18.0502401757406	990	4824	22	3.0	29.0	15.0	22	3.0	29.0	15.0	1147	0	0.015624523162841797	49550	18.014390230178833	38250	22.805247225025226	
220173755.66198108	22.0	3.0	29.0	15.0	18.0502401757406	991	4832	22	3.0	29.0	15.0	22	3.0	29.0	15.0	1148	0	0.031249046325683594	49600	18.045639276504517	38285	22.8125	
320221324202.92346	22.0	3.0	29.0	15.0	18.0502401757406	992	4836	22	3.0	29.0	15.0	22	3.0	29.0	15.0	1149	0	0.015622854232788086	49650	18.061262130737305	38324	22.811681772406843	
26423443.7691404	22.0	3.0	29.0	15.0	18.0502401757406	993	4845	22	3.0	29.0	15.0	22	3.0	29.0	15.0	1151	0	0.015624046325683594	49700	18.07688617706299	38352	22.832997987927556	
19525129.0107045	22.0	3.0	29.0	15.0	18.0502401757406	994	4849	22	3.0	29.0	15.0	22	3.0	29.0	15.0	1151	0	0.015622854232788086	49750	18.092509031295776	38393	22.82814070351759	
1.4633938005933728e+30	22.0	3.0	29.0	15.0	18.0502401757406	995	4855	22	3.0	29.0	15.0	22	3.0	29.0	15.0	1151	0	0.015624284744262695	49800	18.10813331604004	38427	22.83734939759036	
1.4640806574157128e+23	22.0	3.0	29.0	15.0	18.0502401757406	996	4861	22	3.0	29.0	15.0	22	3.0	29.0	15.0	1151	0	0.015623807907104492	49850	18.123757123947144	38467	22.83450351053159	
236074240.65413687	22.0	3.0	29.0	15.0	18.0502401757406	997	4868	22	3.0	29.0	15.0	22	3.0	29.0	15.0	1152	0	0.031248807907104492	49900	18.155005931854248	38508	22.82965931863727	
133538332.663035	22.0	3.0	29.0	15.0	18.0502401757406	998	4872	22	3.0	29.0	15.0	22	3.0	29.0	15.0	1153	0	0.015624284744262695	49950	18.17063021659851	38549	22.82482482482483	
3.249196706124288e+16	22.0	3.0	29.0	15.0	18.0502401757406	999	4876	22	3.0	29.0	15.0	22	3.0	29.0	15.0	1154	0	0.015625	50000	18.18625521659851	38589	22.822000000000003	
31299160.674390543	22.0	3.0	29.0	15.0	18.0502401757406	1000	4881	22	3.0	29.0	15.0	22	3.0	29.0	15.0	1156	0	0.015622615814208984	50050	18.20187783241272	38626	22.825174825174827	
