ave_fitness	ave_genome_length	ave_tree_depth	ave_tree_nodes	ave_used_codons	best_fitness	gen	invalids	max_genome_length	max_tree_depth	max_tree_nodes	max_used_codons	min_genome_length	min_tree_depth	min_tree_nodes	min_used_codons	runtime_error	time_adjust	time_taken	total_inds	total_time	unique_inds	unused_search	
1.2120906533919747e+46	100.954	6.498	130.442	67.47	2.420081812098291	0	0	180	10	232	120	22	3	29	15	307	0	6.905774354934692	500	6.905774354934692	193	61.4	
9.527487899317894e+35	30.234	3.228426395939086	35.6243654822335	18.426395939086294	2.420081812098291	1	107	45	5.0	87.0	45.0	22	3.0	29.0	15.0	394	0	0.281231164932251	1000	7.187005519866943	253	74.7	
654191.3757070543	29.314	3.04	30.16	15.6	2.420081812098291	2	133	45	5.0	87.0	45.0	22	3.0	29.0	15.0	401	0	0.17186403274536133	1500	7.358869552612305	254	83.06666666666666	
11623282.06188364	29.084	3.0	29.0	15.0	2.420081812098291	3	133	45	3	29	15	22	3	29	15	401	0	0.17186236381530762	2000	7.530731916427612	254	87.3	
1162330.404615571	29.084	3.0	29.0	15.0	2.420081812098291	4	133	45	3	29	15	22	3	29	15	401	0	0.17186236381530762	2500	7.70259428024292	254	89.84	
8136298.168417844	29.176	3.0	29.0	15.0	2.420081812098291	5	133	45	3	29	15	22	3	29	15	401	0	0.14061570167541504	3000	7.843209981918335	254	91.53333333333333	
5811642.2470605215	28.762	3.0	29.0	15.0	2.420081812098291	6	133	45	3	29	15	22	3	29	15	401	0	0.10936927795410156	3500	7.9525792598724365	254	92.74285714285715	
5811642.2470605215	29.636	3.0	29.0	15.0	2.420081812098291	7	133	45	3	29	15	22	3	29	15	401	0	0.10936617851257324	4000	8.06194543838501	254	93.65	
4649314.286381862	29.958	3.0	29.0	15.0	2.420081812098291	8	133	45	3	29	15	22	3	29	15	401	0	0.12499117851257324	4500	8.186936616897583	254	94.35555555555555	
4649314.286381862	30.694	3.0	29.0	15.0	2.420081812098291	9	133	45	3	29	15	22	3	29	15	401	0	0.15623974800109863	5000	8.343176364898682	254	94.92	
2.4436672204215384	29.636	3.0	29.0	15.0	2.420081812098291	10	133	45	3	29	15	22	3	29	15	401	0	0.15623974800109863	5500	8.49941611289978	254	95.38181818181818	
11623282.050453823	29.452	3.0	29.0	15.0	2.420081812098291	11	133	45	3	29	15	22	3	29	15	401	0	0.12499070167541504	6000	8.624406814575195	254	95.76666666666667	
6973970.207739183	29.59	3.0	29.0	15.0	2.420081812098291	12	133	45	3	29	15	22	3	29	15	401	0	0.10936713218688965	6500	8.733773946762085	254	96.09230769230768	
1162330.4043458805	29.958	3.0	29.0	15.0	2.420081812098291	13	133	45	3	29	15	22	3	29	15	401	0	0.17186474800109863	7000	8.905638694763184	254	96.37142857142857	
3486986.325703201	30.28	3.0	29.0	15.0	2.420081812098291	14	133	45	3	29	15	22	3	29	15	401	0	0.17186212539672852	7500	9.077500820159912	254	96.61333333333333	
8136298.168417844	30.142	3.0	29.0	15.0	2.420081812098291	15	133	45	3	29	15	22	3	29	15	401	0	0.17186474800109863	8000	9.24936556816101	254	96.825	
4649314.286381862	30.096	3.0	29.0	15.0	2.420081812098291	16	133	45	3	29	15	22	3	29	15	401	0	0.10936594009399414	8500	9.358731508255005	254	97.01176470588236	
3486986.325703201	30.51	3.0	29.0	15.0	2.420081812098291	17	133	45	3	29	15	22	3	29	15	401	0	0.12499308586120605	9000	9.483724594116211	254	97.17777777777778	
8136298.168417844	29.59	3.0	29.0	15.0	2.420081812098291	18	133	45	3	29	15	22	3	29	15	401	0	0.09374260902404785	9500	9.577467203140259	254	97.32631578947368	
4649314.286381862	29.452	3.0	29.0	15.0	2.420081812098291	19	133	45	3	29	15	22	3	29	15	401	0	0.12499117851257324	10000	9.702458381652832	254	97.46	
5811642.2470605215	29.222	3.0	29.0	15.0	2.420081812098291	20	133	45	3	29	15	22	3	29	15	401	0	0.17186594009399414	10500	9.874324321746826	254	97.58095238095238	
2324658.3650245406	28.578	3.0	29.0	15.0	2.420081812098291	21	133	45	3	29	15	22	3	29	15	401	0	0.14061284065246582	11000	10.014937162399292	254	97.69090909090909	
10460954.089775164	28.808	3.0	29.0	15.0	2.420081812098291	22	133	45	3	29	15	22	3	29	15	401	0	0.15624022483825684	11500	10.171177387237549	254	97.79130434782608	
5811642.2470605215	28.21	3.0	29.0	15.0	2.420081812098291	23	133	45	3	29	15	22	3	29	15	401	0	0.17186284065246582	12000	10.343040227890015	254	97.88333333333334	
1162330.4043458805	27.888	3.0	29.0	15.0	2.420081812098291	24	133	45	3	29	15	22	3	29	15	401	0	0.15623903274536133	12500	10.499279260635376	254	97.968	
4649314.286381862	27.612	3.0	29.0	15.0	2.420081812098291	25	133	45	3	29	15	22	3	29	15	401	0	0.14061665534973145	13000	10.639895915985107	254	98.04615384615384	
5811642.2470605215	28.118	3.0	29.0	15.0	2.420081812098291	26	133	45	3	29	15	22	3	29	15	401	0	0.17186379432678223	13500	10.81175971031189	254	98.11851851851851	
1162330.4043458805	27.704	3.0	29.0	15.0	2.420081812098291	27	133	45	3	29	15	22	3	29	15	401	0	0.14061355590820312	14000	10.952373266220093	254	98.18571428571428	
6973970.207739183	27.152	3.0	29.0	15.0	2.420081812098291	28	133	45	3	29	15	22	3	29	15	401	0	0.14061570167541504	14500	11.092988967895508	254	98.24827586206897	
9298626.129096502	27.934	3.0	29.0	15.0	2.420081812098291	29	133	45	3	29	15	22	3	29	15	401	0	0.12499308586120605	15000	11.217982053756714	254	98.30666666666667	
5811642.2470605215	28.992	3.0	29.0	15.0	2.420081812098291	30	133	45	3	29	15	22	3	29	15	401	0	0.187485933303833	15500	11.405467987060547	254	98.36129032258064	
9298626.129096502	29.452	3.0	29.0	15.0	2.420081812098291	31	133	45	3	29	15	22	3	29	15	401	0	0.18748879432678223	16000	11.592956781387329	254	98.4125	
5811642.2470605215	29.314	3.0	29.0	15.0	2.420081812098291	32	133	45	3	29	15	22	3	29	15	401	0	0.12499022483825684	16500	11.717947006225586	254	98.46060606060605	
5811642.2470605215	29.82	3.0	29.0	15.0	2.420081812098291	33	133	45	3	29	15	22	3	29	15	401	0	0.17186427116394043	17000	11.889811277389526	254	98.50588235294117	
8136298.168417844	29.36	3.0	29.0	15.0	2.420081812098291	34	133	45	3	29	15	22	3	29	15	401	0	0.1874864101409912	17500	12.077297687530518	254	98.54857142857144	
2.4436672204215384	29.038	3.0	29.0	15.0	2.420081812098291	35	133	45	3	29	15	22	3	29	15	401	0	0.1718616485595703	18000	12.249159336090088	254	98.58888888888889	
3486986.325703201	29.314	3.0	29.0	15.0	2.420081812098291	36	133	45	3	29	15	22	3	29	15	401	0	0.15624594688415527	18500	12.405405282974243	254	98.62702702702703	
1162330.4043458805	29.36	3.0	29.0	15.0	2.420081812098291	37	133	45	3	29	15	22	3	29	15	401	0	0.18748140335083008	19000	12.592886686325073	254	98.66315789473684	
1162330.4043458805	30.694	3.0	29.0	15.0	2.420081812098291	38	133	45	3	29	15	22	3	29	15	401	0	0.12499022483825684	19500	12.71787691116333	254	98.6974358974359	
8136298.168417844	29.498	3.0	29.0	15.0	2.420081812098291	39	133	45	3	29	15	22	3	29	15	401	0	0.12499117851257324	20000	12.842868089675903	254	98.73	
10460954.089775164	29.636	3.0	29.0	15.0	2.420081812098291	40	133	45	3	29	15	22	3	29	15	401	0	0.17186307907104492	20500	13.014731168746948	254	98.7609756097561	
6973970.207739183	29.222	3.0	29.0	15.0	2.420081812098291	41	133	45	3	29	15	22	3	29	15	401	0	0.14061689376831055	21000	13.155348062515259	254	98.79047619047618	
2324658.3650245406	29.636	3.0	29.0	15.0	2.420081812098291	42	133	45	3	29	15	22	3	29	15	401	0	0.14061570167541504	21500	13.295963764190674	254	98.81860465116279	
4649314.286381862	30.05	3.0	29.0	15.0	2.420081812098291	43	133	45	3	29	15	22	3	29	15	401	0	0.14061379432678223	22000	13.436577558517456	254	98.84545454545454	
3486986.325703201	29.728	3.0	29.0	15.0	2.420081812098291	44	133	45	3	29	15	22	3	29	15	401	0	0.17186474800109863	22500	13.608442306518555	254	98.8711111111111	
11623282.050453823	30.234	3.0	29.0	15.0	2.420081812098291	45	133	45	3	29	15	22	3	29	15	401	0	0.2031104564666748	23000	13.81155276298523	254	98.89565217391305	
4649314.286381862	30.556	3.0	29.0	15.0	2.420081812098291	46	133	45	3	29	15	22	3	29	15	401	0	0.14061474800109863	23500	13.952167510986328	254	98.91914893617022	
2.4436672204215384	30.556	3.0	29.0	15.0	2.420081812098291	47	133	45	3	29	15	22	3	29	15	401	0	0.15623903274536133	24000	14.10840654373169	254	98.94166666666666	
10460954.089775164	31.062	3.0	29.0	15.0	2.420081812098291	48	133	45	3	29	15	22	3	29	15	401	0	0.2031106948852539	24500	14.311517238616943	254	98.96326530612245	
8136298.168417844	30.648	3.0	29.0	15.0	2.420081812098291	49	133	45	3	29	15	22	3	29	15	401	0	0.18748879432678223	25000	14.499006032943726	254	98.984	
9298626.129096502	30.648	3.0	29.0	15.0	2.420081812098291	50	133	45	3	29	15	22	3	29	15	401	0	0.1874852180480957	25500	14.686491250991821	254	99.00392156862745	
2324658.3650245406	31.154	3.0	29.0	15.0	2.420081812098291	51	133	45	3	29	15	22	3	29	15	401	0	0.12499165534973145	26000	14.811482906341553	254	99.02307692307693	
4649314.286381862	31.384	3.0	29.0	15.0	2.420081812098291	52	133	45	3	29	15	22	3	29	15	401	0	0.14061570167541504	26500	14.952098608016968	254	99.04150943396226	
8136298.168417844	30.694	3.0	29.0	15.0	2.420081812098291	53	133	45	3	29	15	22	3	29	15	401	0	0.18748879432678223	27000	15.13958740234375	254	99.05925925925926	
4649314.286381862	30.74	3.0	29.0	15.0	2.420081812098291	54	133	45	3	29	15	22	3	29	15	401	0	0.1874854564666748	27500	15.327072858810425	254	99.07636363636364	
3486986.325703201	31.108	3.0	29.0	15.0	2.420081812098291	55	133	45	3	29	15	22	3	29	15	401	0	0.15624380111694336	28000	15.483316659927368	254	99.09285714285714	
5811642.2470605215	29.498	3.0	29.0	15.0	2.420081812098291	56	133	45	3	29	15	22	3	29	15	401	0	0.12498807907104492	28500	15.608304738998413	254	99.10877192982456	
4649314.286381862	29.544	3.0	29.0	15.0	2.420081812098291	57	133	45	3	29	15	22	3	29	15	401	0	0.1874861717224121	29000	15.795790910720825	254	99.12413793103448	
2.4436672204215384	29.406	3.0	29.0	15.0	2.420081812098291	58	133	45	3	29	15	22	3	29	15	401	0	0.14061546325683594	29500	15.936406373977661	254	99.13898305084746	
4649314.286381862	29.774	3.0	29.0	15.0	2.420081812098291	59	133	45	3	29	15	22	3	29	15	401	0	0.10936760902404785	30000	16.04577398300171	254	99.15333333333334	
2324658.3650245406	28.946	3.0	29.0	15.0	2.420081812098291	60	133	45	3	29	15	22	3	29	15	401	0	0.12499117851257324	30500	16.170765161514282	254	99.1672131147541	
2.4436672204215384	28.992	3.0	29.0	15.0	2.420081812098291	61	133	45	3	29	15	22	3	29	15	401	0	0.10936760902404785	31000	16.28013277053833	254	99.18064516129033	
1162330.4043458805	29.084	3.0	29.0	15.0	2.420081812098291	62	133	45	3	29	15	22	3	29	15	401	0	0.10936784744262695	31500	16.389500617980957	254	99.19365079365079	
1162330.4043458805	28.808	3.0	29.0	15.0	2.420081812098291	63	133	45	3	29	15	22	3	29	15	401	0	0.09374356269836426	32000	16.48324418067932	254	99.20625	
3486986.325703201	28.578	3.0	29.0	15.0	2.420081812098291	64	133	45	3	29	15	22	3	29	15	401	0	0.12499284744262695	32500	16.60823702812195	254	99.21846153846154	
2.4436672204215384	28.256	3.0	29.0	15.0	2.420081812098291	65	133	45	3	29	15	22	3	29	15	401	0	0.14061379432678223	33000	16.74885082244873	254	99.23030303030303	
1162330.4043458805	29.222	3.0	29.0	15.0	2.420081812098291	66	133	45	3	29	15	22	3	29	15	401	0	0.15623974800109863	33500	16.90509057044983	254	99.24179104477612	
3486986.325703201	28.44	3.0	29.0	15.0	2.420081812098291	67	133	45	3	29	15	22	3	29	15	401	0	0.12499070167541504	34000	17.030081272125244	254	99.25294117647059	
3486986.325703201	29.222	3.0	29.0	15.0	2.420081812098291	68	133	45	3	29	15	22	3	29	15	401	0	0.14061570167541504	34500	17.17069697380066	254	99.26376811594203	
9298626.129096502	29.13	3.0	29.0	15.0	2.420081812098291	69	133	45	3	29	15	22	3	29	15	401	0	0.14061522483825684	35000	17.311312198638916	254	99.27428571428571	
5811642.2470605215	27.796	3.0	29.0	15.0	2.420081812098291	70	133	45	3	29	15	22	3	29	15	401	0	0.12499165534973145	35500	17.436303853988647	254	99.28450704225352	
2.4436672204215384	27.98	3.0	29.0	15.0	2.420081812098291	71	133	45	3	29	15	22	3	29	15	401	0	0.12499642372131348	36000	17.56130027770996	254	99.29444444444445	
4649314.286381862	27.06	3.0	29.0	15.0	2.420081812098291	72	133	45	3	29	15	22	3	29	15	401	0	0.12498807907104492	36500	17.686288356781006	254	99.30410958904109	
1162330.4043458805	27.106	3.0	29.0	15.0	2.420081812098291	73	133	45	3	29	15	22	3	29	15	401	0	0.15624046325683594	37000	17.842528820037842	254	99.31351351351351	
12785610.011132482	27.014	3.0	29.0	15.0	2.420081812098291	74	133	45	3	29	15	22	3	29	15	401	0	0.14061260223388672	37500	17.98314142227173	254	99.32266666666666	
6973970.207739183	27.198	3.0	29.0	15.0	2.420081812098291	75	133	45	3	29	15	22	3	29	15	401	0	0.15623950958251953	38000	18.139380931854248	254	99.33157894736843	
2.4436672204215384	27.934	3.0	29.0	15.0	2.420081812098291	76	133	45	3	29	15	22	3	29	15	401	0	0.15624046325683594	38500	18.295621395111084	254	99.34025974025974	
2.4436672204215384	27.842	3.0	29.0	15.0	2.420081812098291	77	133	45	3	29	15	22	3	29	15	401	0	0.15623927116394043	39000	18.451860666275024	254	99.34871794871795	
1162330.4043458805	27.474	3.0	29.0	15.0	2.420081812098291	78	133	45	3	29	15	22	3	29	15	401	0	0.17186355590820312	39500	18.623724222183228	254	99.35696202531645	
9298626.129096502	28.624	3.0	29.0	15.0	2.420081812098291	79	133	45	3	29	15	22	3	29	15	401	0	0.14061355590820312	40000	18.76433777809143	254	99.365	
6973970.207739183	27.428	3.0	29.0	15.0	2.420081812098291	80	133	45	3	29	15	22	3	29	15	401	0	0.10936880111694336	40500	18.873706579208374	254	99.37283950617284	
6973970.207739183	26.646	3.0	29.0	15.0	2.420081812098291	81	133	45	3	29	15	22	3	29	15	401	0	0.12499046325683594	41000	18.99869704246521	254	99.38048780487804	
12785610.011132482	25.68	3.0	29.0	15.0	2.420081812098291	82	133	45	3	29	15	22	3	29	15	401	0	0.14061617851257324	41500	19.139313220977783	254	99.38795180722892	
10460954.089775164	26.232	3.0	29.0	15.0	2.420081812098291	83	133	45	3	29	15	22	3	29	15	401	0	0.17186260223388672	42000	19.31117582321167	254	99.3952380952381	
2.4436672204215384	26.324	3.0	29.0	15.0	2.420081812098291	84	133	45	3	29	15	22	3	29	15	401	0	0.15623927116394043	42500	19.46741509437561	254	99.40235294117647	
9298626.129096502	25.956	3.0	29.0	15.0	2.420081812098291	85	133	45	3	29	15	22	3	29	15	401	0	0.17186522483825684	43000	19.639280319213867	254	99.4093023255814	
5811642.2470605215	25.542	3.0	29.0	15.0	2.420081812098291	86	133	45	3	29	15	22	3	29	15	401	0	0.15623712539672852	43500	19.795517444610596	254	99.41609195402299	
2.4436672204215384	25.45	3.0	29.0	15.0	2.420081812098291	87	133	45	3	29	15	22	3	29	15	401	0	0.15623950958251953	44000	19.951756954193115	254	99.42272727272727	
6973970.207739183	24.944	3.0	29.0	15.0	2.420081812098291	88	133	45	3	29	15	22	3	29	15	401	0	0.14061689376831055	44500	20.092373847961426	254	99.42921348314607	
5811642.2470605215	25.496	3.0	29.0	15.0	2.420081812098291	89	133	45	3	29	15	22	3	29	15	401	0	0.10936737060546875	45000	20.201741218566895	254	99.43555555555555	
6973970.207739183	26.278	3.0	29.0	15.0	2.420081812098291	90	133	45	3	29	15	22	3	29	15	401	0	0.15623807907104492	45500	20.35797929763794	254	99.44175824175824	
4649314.286381862	26.278	3.0	29.0	15.0	2.420081812098291	91	133	45	3	29	15	22	3	29	15	401	0	0.12499189376831055	46000	20.48297119140625	254	99.44782608695652	
5811642.2470605215	25.726	3.0	29.0	15.0	2.420081812098291	92	133	45	3	29	15	22	3	29	15	401	0	0.15624380111694336	46500	20.639214992523193	254	99.45376344086021	
2324658.3650245406	25.266	3.0	29.0	15.0	2.420081812098291	93	133	45	3	29	15	22	3	29	15	401	0	0.1562340259552002	47000	20.795449018478394	254	99.45957446808511	
1162330.4043458805	24.944	3.0	29.0	15.0	2.420081812098291	94	133	45	3	29	15	22	3	29	15	401	0	0.15623950958251953	47500	20.951688528060913	254	99.46526315789474	
3486986.325703201	25.542	3.0	29.0	15.0	2.420081812098291	95	133	45	3	29	15	22	3	29	15	401	0	0.14061594009399414	48000	21.092304468154907	254	99.47083333333333	
10460954.089775164	25.68	3.0	29.0	15.0	2.420081812098291	96	133	45	3	29	15	22	3	29	15	401	0	0.1562483310699463	48500	21.248552799224854	254	99.47628865979381	
3486986.325703201	25.082	3.0	29.0	15.0	2.420081812098291	97	133	45	3	29	15	22	3	29	15	401	0	0.10935783386230469	49000	21.357910633087158	254	99.48163265306123	
2324658.3650245406	25.588	3.0	29.0	15.0	2.420081812098291	98	133	45	3	29	15	22	3	29	15	401	0	0.12499189376831055	49500	21.48290252685547	254	99.48686868686869	
1162330.4043458805	25.496	3.0	29.0	15.0	2.420081812098291	99	133	45	3	29	15	22	3	29	15	401	0	0.10936832427978516	50000	21.592270851135254	254	99.492	
3486986.325703201	25.772	3.0	29.0	15.0	2.420081812098291	100	133	45	3	29	15	22	3	29	15	401	0	0.12499141693115234	50500	21.717262268066406	254	99.4970297029703	
2324658.3650245406	25.036	3.0	29.0	15.0	2.420081812098291	101	133	45	3	29	15	22	3	29	15	401	0	0.14061427116394043	51000	21.857876539230347	254	99.50196078431372	
12785610.011132482	25.266	3.0	29.0	15.0	2.420081812098291	102	133	45	3	29	15	22	3	29	15	401	0	0.15623879432678223	51500	22.01411533355713	254	99.50679611650486	
3486986.325703201	24.944	3.0	29.0	15.0	2.420081812098291	103	133	45	3	29	15	22	3	29	15	401	0	0.17186403274536133	52000	22.18597936630249	254	99.51153846153846	
9298626.129096502	25.128	3.0	29.0	15.0	2.420081812098291	104	133	45	3	29	15	22	3	29	15	401	0	0.15624094009399414	52500	22.342220306396484	254	99.51619047619047	
3486986.325703201	25.266	3.0	29.0	15.0	2.420081812098291	105	133	45	3	29	15	22	3	29	15	401	0	0.15623736381530762	53000	22.498457670211792	254	99.52075471698113	
3486986.325703201	24.714	3.0	29.0	15.0	2.420081812098291	106	133	45	3	29	15	22	3	29	15	401	0	0.17186474800109863	53500	22.67032241821289	254	99.52523364485981	
8136298.168417844	24.898	3.0	29.0	15.0	2.420081812098291	107	133	45	3	29	15	22	3	29	15	401	0	0.14061427116394043	54000	22.81093668937683	254	99.52962962962962	
11623282.050453823	24.07	3.0	29.0	15.0	2.420081812098291	108	133	45	3	29	15	22	3	29	15	401	0	0.14061617851257324	54500	22.951552867889404	254	99.53394495412844	
2324658.3650245406	23.932	3.0	29.0	15.0	2.420081812098291	109	133	45	3	29	15	22	3	29	15	401	0	0.12499070167541504	55000	23.07654356956482	254	99.53818181818181	
3486986.325703201	23.564	3.0	29.0	15.0	2.420081812098291	110	133	45	3	29	15	22	3	29	15	401	0	0.12499117851257324	55500	23.201534748077393	254	99.54234234234234	
3486986.325703201	22.828	3.0	29.0	15.0	2.420081812098291	111	133	45	3	29	15	22	3	29	15	401	0	0.15623950958251953	56000	23.357774257659912	254	99.54642857142858	
5811642.2470605215	22.598	3.0	29.0	15.0	2.420081812098291	112	133	45	3	29	15	22	3	29	15	401	0	0.14061474800109863	56500	23.49838900566101	254	99.5504424778761	
3486986.325703201	22.322	3.0	29.0	15.0	2.420081812098291	113	133	45	3	29	15	22	3	29	15	401	0	0.10936737060546875	57000	23.60775637626648	254	99.55438596491229	
6973970.207739183	22.322	3.0	29.0	15.0	2.420081812098291	114	133	45	3	29	15	22	3	29	15	401	0	0.10936927795410156	57500	23.71712565422058	254	99.55826086956522	
4649314.286381862	22.092	3.0	29.0	15.0	2.420081812098291	115	133	45	3	29	15	22	3	29	15	401	0	0.12498974800109863	58000	23.84211540222168	254	99.56206896551724	
17434921.853847127	22.046	3.0	29.0	15.0	2.420081812098291	116	133	45	3	29	15	22	3	29	15	401	0	0.14061522483825684	58500	23.982730627059937	254	99.56581196581196	
2.4436672204215384	22.046	3.0	29.0	15.0	2.420081812098291	117	133	45	3	29	15	22	3	29	15	401	0	0.14061808586120605	59000	24.123348712921143	254	99.56949152542373	
3486986.325703201	22.092	3.0	29.0	15.0	2.420081812098291	118	133	45	3	29	15	22	3	29	15	401	0	0.15623784065246582	59500	24.27958655357361	254	99.57310924369747	
4649314.286381862	22.092	3.0	29.0	15.0	2.420081812098291	119	133	45	3	29	15	22	3	29	15	401	0	0.1562495231628418	60000	24.43583607673645	254	99.57666666666667	
2.4436672204215384	22.184	3.0	29.0	15.0	2.420081812098291	120	133	45	3	29	15	22	3	29	15	401	0	0.1562328338623047	60500	24.592068910598755	254	99.5801652892562	
9298626.129096502	22.23	3.0	29.0	15.0	2.420081812098291	121	133	45	3	29	15	22	3	29	15	401	0	0.12498927116394043	61000	24.717058181762695	254	99.58360655737705	
2324658.3650245406	22.184	3.0	29.0	15.0	2.420081812098291	122	133	45	3	29	15	22	3	29	15	401	0	0.12499117851257324	61500	24.84204936027527	254	99.5869918699187	
3486986.325703201	22.69	3.0	29.0	15.0	2.420081812098291	123	133	45	3	29	15	22	3	29	15	401	0	0.15624046325683594	62000	24.998289823532104	254	99.59032258064516	
2324658.3650245406	22.644	3.0	29.0	15.0	2.420081812098291	124	133	45	3	29	15	22	3	29	15	401	0	0.14061474800109863	62500	25.138904571533203	254	99.5936	
2324658.3650245406	22.736	3.0	29.0	15.0	2.420081812098291	125	133	45	3	29	15	22	3	29	15	401	0	0.10936665534973145	63000	25.248271226882935	254	99.5968253968254	
3486986.325703201	23.104	3.0	29.0	15.0	2.420081812098291	126	133	45	3	29	15	22	3	29	15	401	0	0.14062285423278809	63500	25.388894081115723	254	99.6	
1162330.4043458805	23.61	3.0	29.0	15.0	2.420081812098291	127	133	45	3	29	15	22	3	29	15	401	0	0.1249837875366211	64000	25.513877868652344	254	99.603125	
6973970.207739183	23.978	3.0	29.0	15.0	2.420081812098291	128	133	45	3	29	15	22	3	29	15	401	0	0.15623950958251953	64500	25.670117378234863	254	99.6062015503876	
1162330.4043458805	23.84	3.0	29.0	15.0	2.420081812098291	129	133	45	3	29	15	22	3	29	15	401	0	0.15623974800109863	65000	25.826357126235962	254	99.60923076923076	
5811642.2470605215	23.38	3.0	29.0	15.0	2.420081812098291	130	133	45	3	29	15	22	3	29	15	401	0	0.1874864101409912	65500	26.013843536376953	254	99.61221374045802	
1162330.4043458805	24.116	3.0	29.0	15.0	2.420081812098291	131	133	45	3	29	15	22	3	29	15	401	0	0.14061522483825684	66000	26.15445876121521	254	99.61515151515151	
5811642.2470605215	24.116	3.0	29.0	15.0	2.420081812098291	132	133	45	3	29	15	22	3	29	15	401	0	0.12499356269836426	66500	26.279452323913574	254	99.61804511278196	
3486986.325703201	24.346	3.0	29.0	15.0	2.420081812098291	133	133	45	3	29	15	22	3	29	15	401	0	0.14061331748962402	67000	26.4200656414032	254	99.62089552238805	
2.4436672204215384	23.794	3.0	29.0	15.0	2.420081812098291	134	133	45	3	29	15	22	3	29	15	401	0	0.10936641693115234	67500	26.52943205833435	254	99.6237037037037	
6973970.207739183	23.38	3.0	29.0	15.0	2.420081812098291	135	133	45	3	29	15	22	3	29	15	401	0	0.12499403953552246	68000	26.654426097869873	254	99.62647058823529	
6973970.207739183	23.656	3.0	29.0	15.0	2.420081812098291	136	133	45	3	29	15	22	3	29	15	401	0	0.15623736381530762	68500	26.81066346168518	254	99.62919708029197	
1162330.4043458805	24.3	3.0	29.0	15.0	2.420081812098291	137	133	45	3	29	15	22	3	29	15	401	0	0.12499260902404785	69000	26.93565607070923	254	99.63188405797102	
5811642.2470605215	23.702	3.0	29.0	15.0	2.420081812098291	138	133	45	3	29	15	22	3	29	15	401	0	0.18749547004699707	69500	27.123151540756226	254	99.63453237410071	
1162330.4043458805	24.07	3.0	29.0	15.0	2.420081812098291	139	133	45	3	29	15	22	3	29	15	401	0	0.15622973442077637	70000	27.279381275177002	254	99.63714285714286	
5811642.2470605215	24.392	3.0	29.0	15.0	2.420081812098291	140	133	45	3	29	15	22	3	29	15	401	0	0.15623974800109863	70500	27.4356210231781	254	99.63971631205673	
4649314.286381862	24.852	3.0	29.0	15.0	2.420081812098291	141	133	45	3	29	15	22	3	29	15	401	0	0.18748760223388672	71000	27.623108625411987	254	99.64225352112676	
1162330.4043458805	24.484	3.0	29.0	15.0	2.420081812098291	142	133	45	3	29	15	22	3	29	15	401	0	0.17186617851257324	71500	27.79497480392456	254	99.64475524475525	
6973970.207739183	24.99	3.0	29.0	15.0	2.420081812098291	143	133	45	3	29	15	22	3	29	15	401	0	0.12498807907104492	72000	27.919962882995605	254	99.64722222222223	
5811642.2470605215	25.312	3.0	29.0	15.0	2.420081812098291	144	133	45	3	29	15	22	3	29	15	401	0	0.14061355590820312	72500	28.06057643890381	254	99.64965517241379	
1162330.4043458805	24.852	3.0	29.0	15.0	2.420081812098291	145	133	45	3	29	15	22	3	29	15	401	0	0.14061713218688965	73000	28.2011935710907	254	99.65205479452055	
1162330.4043458805	24.99	3.0	29.0	15.0	2.420081812098291	146	133	45	3	29	15	22	3	29	15	401	0	0.10936760902404785	73500	28.310561180114746	254	99.65442176870748	
2.4436672204215384	26.232	3.0	29.0	15.0	2.420081812098291	147	133	45	3	29	15	22	3	29	15	401	0	0.12499117851257324	74000	28.43555235862732	254	99.65675675675676	
3486986.325703201	26.416	3.0	29.0	15.0	2.420081812098291	148	133	45	3	29	15	22	3	29	15	401	0	0.15623950958251953	74500	28.59179186820984	254	99.65906040268456	
8136298.168417844	26.508	3.0	29.0	15.0	2.420081812098291	149	133	45	3	29	15	22	3	29	15	401	0	0.14061427116394043	75000	28.73240613937378	254	99.66133333333333	
8136298.168417844	27.382	3.0	29.0	15.0	2.420081812098291	150	133	45	3	29	15	22	3	29	15	401	0	0.12499117851257324	75500	28.857397317886353	254	99.6635761589404	
3486986.325703201	26.876	3.0	29.0	15.0	2.420081812098291	151	133	45	3	29	15	22	3	29	15	401	0	0.12499141693115234	76000	28.982388734817505	254	99.66578947368421	
4649314.286381862	26.002	3.0	29.0	15.0	2.420081812098291	152	133	45	3	29	15	22	3	29	15	401	0	0.1093754768371582	76500	29.091764211654663	254	99.66797385620914	
1162330.4043458805	26.186	3.0	29.0	15.0	2.420081812098291	153	133	45	3	29	15	22	3	29	15	401	0	0.1249849796295166	77000	29.21674919128418	254	99.67012987012987	
2324658.3650245406	25.45	3.0	29.0	15.0	2.420081812098291	154	133	45	3	29	15	22	3	29	15	401	0	0.17186355590820312	77500	29.388612747192383	254	99.67225806451613	
9298626.129096502	25.772	3.0	29.0	15.0	2.420081812098291	155	133	45	3	29	15	22	3	29	15	401	0	0.14061355590820312	78000	29.529226303100586	254	99.67435897435898	
1162330.4043458805	25.818	3.0	29.0	15.0	2.420081812098291	156	133	45	3	29	15	22	3	29	15	401	0	0.14061570167541504	78500	29.669842004776	254	99.6764331210191	
2324658.3650245406	25.542	3.0	29.0	15.0	2.420081812098291	157	133	45	3	29	15	22	3	29	15	401	0	0.14061522483825684	79000	29.810457229614258	254	99.67848101265822	
3486986.325703201	25.772	3.0	29.0	15.0	2.420081812098291	158	133	45	3	29	15	22	3	29	15	401	0	0.12499117851257324	79500	29.93544840812683	254	99.68050314465408	
1162330.4043458805	26.002	3.0	29.0	15.0	2.420081812098291	159	133	45	3	29	15	22	3	29	15	401	0	0.12499260902404785	80000	30.06044101715088	254	99.6825	
4649314.286381862	26.37	3.0	29.0	15.0	2.420081812098291	160	133	45	3	29	15	22	3	29	15	401	0	0.14061427116394043	80500	30.20105528831482	254	99.68447204968945	
9298626.129096502	25.818	3.0	29.0	15.0	2.420081812098291	161	133	45	3	29	15	22	3	29	15	401	0	0.14061546325683594	81000	30.341670751571655	254	99.68641975308643	
9298626.129096502	25.542	3.0	29.0	15.0	2.420081812098291	162	133	45	3	29	15	22	3	29	15	401	0	0.09374332427978516	81500	30.43541407585144	254	99.68834355828221	
4649314.286381862	25.864	3.0	29.0	15.0	2.420081812098291	163	133	45	3	29	15	22	3	29	15	401	0	0.14061570167541504	82000	30.576029777526855	254	99.69024390243902	
4649314.286381862	25.726	3.0	29.0	15.0	2.420081812098291	164	133	45	3	29	15	22	3	29	15	401	0	0.10936737060546875	82500	30.685397148132324	254	99.69212121212121	
2.4436672204215384	25.588	3.0	29.0	15.0	2.420081812098291	165	133	45	3	29	15	22	3	29	15	401	0	0.12499499320983887	83000	30.810392141342163	254	99.69397590361446	
8136298.168417844	25.358	3.0	29.0	15.0	2.420081812098291	166	133	45	3	29	15	22	3	29	15	401	0	0.14061307907104492	83500	30.951005220413208	254	99.69580838323353	
2324658.3650245406	24.944	3.0	29.0	15.0	2.420081812098291	167	133	45	3	29	15	22	3	29	15	401	0	0.15623831748962402	84000	31.107243537902832	254	99.69761904761904	
4649314.286381862	24.944	3.0	29.0	15.0	2.420081812098291	168	133	45	3	29	15	22	3	29	15	401	0	0.17186331748962402	84500	31.279106855392456	254	99.69940828402368	
3486986.325703201	24.346	3.0	29.0	15.0	2.420081812098291	169	133	45	3	29	15	22	3	29	15	401	0	0.12499117851257324	85000	31.40409803390503	254	99.70117647058824	
5811642.2470605215	24.254	3.0	29.0	15.0	2.420081812098291	170	133	45	3	29	15	22	3	29	15	401	0	0.15624046325683594	85500	31.560338497161865	254	99.70292397660819	
4649314.286381862	24.162	3.0	29.0	15.0	2.420081812098291	171	133	45	3	29	15	22	3	29	15	401	0	0.17186236381530762	86000	31.732200860977173	254	99.7046511627907	
4649314.286381862	23.84	3.0	29.0	15.0	2.420081812098291	172	133	45	3	29	15	22	3	29	15	401	0	0.140625	86500	31.872825860977173	254	99.7063583815029	
2324658.3650245406	24.392	3.0	29.0	15.0	2.420081812098291	173	133	45	3	29	15	22	3	29	15	401	0	0.10935759544372559	87000	31.9821834564209	254	99.7080459770115	
12785610.011132482	24.07	3.0	29.0	15.0	2.420081812098291	174	133	45	3	29	15	22	3	29	15	401	0	0.15624117851257324	87500	32.13842463493347	254	99.70971428571428	
9298626.129096502	23.702	3.0	29.0	15.0	2.420081812098291	175	133	45	3	29	15	22	3	29	15	401	0	0.1718611717224121	88000	32.310285806655884	254	99.71136363636364	
4649314.286381862	24.208	3.0	29.0	15.0	2.420081812098291	176	133	45	3	29	15	22	3	29	15	401	0	0.15623950958251953	88500	32.4665253162384	254	99.71299435028249	
3486986.325703201	23.656	3.0	29.0	15.0	2.420081812098291	177	133	45	3	29	15	22	3	29	15	401	0	0.18748760223388672	89000	32.65401291847229	254	99.71460674157304	
3486986.325703201	24.07	3.0	29.0	15.0	2.420081812098291	178	133	45	3	29	15	22	3	29	15	401	0	0.17186284065246582	89500	32.825875759124756	254	99.71620111731843	
2324658.3650245406	24.116	3.0	29.0	15.0	2.420081812098291	179	133	45	3	29	15	22	3	29	15	401	0	0.14061570167541504	90000	32.96649146080017	254	99.71777777777778	
4649314.286381862	24.162	3.0	29.0	15.0	2.420081812098291	180	133	45	3	29	15	22	3	29	15	401	0	0.15623998641967773	90500	33.12273144721985	254	99.71933701657458	
4649314.286381862	24.392	3.0	29.0	15.0	2.420081812098291	181	133	45	3	29	15	22	3	29	15	401	0	0.14061427116394043	91000	33.26334571838379	254	99.72087912087912	
2.4436672204215384	24.576	3.0	29.0	15.0	2.420081812098291	182	133	45	3	29	15	22	3	29	15	401	0	0.17186450958251953	91500	33.43521022796631	254	99.7224043715847	
3486986.325703201	24.944	3.0	29.0	15.0	2.420081812098291	183	133	45	3	29	15	22	3	29	15	401	0	0.15623974800109863	92000	33.59144997596741	254	99.72391304347826	
8136298.168417844	24.806	3.0	29.0	15.0	2.420081812098291	184	133	45	3	29	15	22	3	29	15	401	0	0.12499141693115234	92500	33.71644139289856	254	99.72540540540541	
5811642.2470605215	24.76	3.0	29.0	15.0	2.420081812098291	185	133	45	3	29	15	22	3	29	15	401	0	0.15623760223388672	93000	33.872678995132446	254	99.72688172043011	
5811642.2470605215	25.082	3.0	29.0	15.0	2.420081812098291	186	133	45	3	29	15	22	3	29	15	401	0	0.15624046325683594	93500	34.02891945838928	254	99.72834224598931	
10460954.089775164	24.76	3.0	29.0	15.0	2.420081812098291	187	133	45	3	29	15	22	3	29	15	401	0	0.17186212539672852	94000	34.20078158378601	254	99.72978723404255	
2324658.3650245406	23.978	3.0	29.0	15.0	2.420081812098291	188	133	45	3	29	15	22	3	29	15	401	0	0.14061594009399414	94500	34.341397523880005	254	99.73121693121693	
3486986.325703201	23.426	3.0	29.0	15.0	2.420081812098291	189	133	45	3	29	15	22	3	29	15	401	0	0.12499284744262695	95000	34.46639037132263	254	99.73263157894736	
9298626.129096502	24.3	3.0	29.0	15.0	2.420081812098291	190	133	45	3	29	15	22	3	29	15	401	0	0.12499094009399414	95500	34.591381311416626	254	99.73403141361257	
2.4436672204215384	24.07	3.0	29.0	15.0	2.420081812098291	191	133	45	3	29	15	22	3	29	15	401	0	0.2343580722808838	96000	34.82573938369751	254	99.73541666666667	
2.4436672204215384	24.76	3.0	29.0	15.0	2.420081812098291	192	133	45	3	29	15	22	3	29	15	401	0	0.14061522483825684	96500	34.96635460853577	254	99.73678756476684	
2324658.3650245406	24.76	3.0	29.0	15.0	2.420081812098291	193	133	45	3	29	15	22	3	29	15	401	0	0.14061522483825684	97000	35.10696983337402	254	99.73814432989691	
4649314.286381862	24.898	3.0	29.0	15.0	2.420081812098291	194	133	45	3	29	15	22	3	29	15	401	0	0.14061546325683594	97500	35.24758529663086	254	99.73948717948718	
6973970.207739183	24.898	3.0	29.0	15.0	2.420081812098291	195	133	45	3	29	15	22	3	29	15	401	0	0.15623998641967773	98000	35.40382528305054	254	99.7408163265306	
8136298.168417844	24.254	3.0	29.0	15.0	2.420081812098291	196	133	45	3	29	15	22	3	29	15	401	0	0.15623855590820312	98500	35.56006383895874	254	99.74213197969543	
2324658.3650245406	24.3	3.0	29.0	15.0	2.420081812098291	197	133	45	3	29	15	22	3	29	15	401	0	0.15623974800109863	99000	35.71630358695984	254	99.74343434343434	
8136298.168417844	23.196	3.0	29.0	15.0	2.420081812098291	198	133	45	3	29	15	22	3	29	15	401	0	0.12499284744262695	99500	35.841296434402466	254	99.74472361809045	
11623282.050453823	23.242	3.0	29.0	15.0	2.420081812098291	199	133	45	3	29	15	22	3	29	15	401	0	0.15623760223388672	100000	35.99753403663635	254	99.746	
6973970.207739183	23.104	3.0	29.0	15.0	2.420081812098291	200	133	45	3	29	15	22	3	29	15	401	0	0.10936760902404785	100500	36.1069016456604	254	99.74726368159205	
3486986.325703201	23.334	3.0	29.0	15.0	2.420081812098291	201	133	45	3	29	15	22	3	29	15	401	0	0.1718752384185791	101000	36.27877688407898	254	99.74851485148515	
1162330.4043458805	23.748	3.0	29.0	15.0	2.420081812098291	202	133	45	3	29	15	22	3	29	15	401	0	0.14060306549072266	101500	36.4193799495697	254	99.74975369458129	
3486986.325703201	23.38	3.0	29.0	15.0	2.420081812098291	203	133	45	3	29	15	22	3	29	15	401	0	0.12499165534973145	102000	36.544371604919434	254	99.75098039215686	
3486986.325703201	22.92	3.0	29.0	15.0	2.420081812098291	204	133	45	3	29	15	22	3	29	15	401	0	0.12499141693115234	102500	36.669363021850586	254	99.75219512195122	
2324658.3650245406	23.104	3.0	29.0	15.0	2.420081812098291	205	133	45	3	29	15	22	3	29	15	401	0	0.12499117851257324	103000	36.79435420036316	254	99.75339805825243	
9298626.129096502	23.518	3.0	29.0	15.0	2.420081812098291	206	133	45	3	29	15	22	3	29	15	401	0	0.12499618530273438	103500	36.919350385665894	254	99.75458937198067	
9298626.129096502	23.15	3.0	29.0	15.0	2.420081812098291	207	133	45	3	29	15	22	3	29	15	401	0	0.156235933303833	104000	37.07558631896973	254	99.75576923076923	
4649314.286381862	23.84	3.0	29.0	15.0	2.420081812098291	208	133	45	3	29	15	22	3	29	15	401	0	0.10936832427978516	104500	37.18495464324951	254	99.75693779904306	
5811642.2470605215	24.208	3.0	29.0	15.0	2.420081812098291	209	133	45	3	29	15	22	3	29	15	401	0	0.17186212539672852	105000	37.35681676864624	254	99.75809523809524	
2324658.3650245406	23.978	3.0	29.0	15.0	2.420081812098291	210	133	45	3	29	15	22	3	29	15	401	0	0.14061450958251953	105500	37.49743127822876	254	99.75924170616113	
11623282.050453823	24.346	3.0	29.0	15.0	2.420081812098291	211	133	45	3	29	15	22	3	29	15	401	0	0.09374403953552246	106000	37.59117531776428	254	99.76037735849057	
8136298.168417844	24.438	3.0	29.0	15.0	2.420081812098291	212	133	45	3	29	15	22	3	29	15	401	0	0.12499094009399414	106500	37.716166257858276	254	99.76150234741785	
3486986.325703201	26.232	3.0	29.0	15.0	2.420081812098291	213	133	45	3	29	15	22	3	29	15	401	0	0.1406254768371582	107000	37.856791734695435	254	99.7626168224299	
2.4436672204215384	27.382	3.0	29.0	15.0	2.420081812098291	214	133	45	3	29	15	22	3	29	15	401	0	0.15622949600219727	107500	38.01302123069763	254	99.76372093023255	
6973970.207739183	27.566	3.0	29.0	15.0	2.420081812098291	215	133	45	3	29	15	22	3	29	15	401	0	0.10936856269836426	108000	38.122389793395996	254	99.76481481481481	
12785610.011132482	28.578	3.0	29.0	15.0	2.420081812098291	216	133	45	3	29	15	22	3	29	15	401	0	0.12499094009399414	108500	38.24738073348999	254	99.76589861751152	
11623282.050453823	29.268	3.0	29.0	15.0	2.420081812098291	217	133	45	3	29	15	22	3	29	15	401	0	0.17186403274536133	109000	38.41924476623535	254	99.76697247706421	
3486986.325703201	30.648	3.0	29.0	15.0	2.420081812098291	218	133	45	3	29	15	22	3	29	15	401	0	0.10936713218688965	109500	38.52861189842224	254	99.76803652968036	
3486986.325703201	29.636	3.0	29.0	15.0	2.420081812098291	219	133	45	3	29	15	22	3	29	15	401	0	0.12499141693115234	110000	38.653603315353394	254	99.7690909090909	
4649314.286381862	30.004	3.0	29.0	15.0	2.420081812098291	220	133	45	3	29	15	22	3	29	15	401	0	0.10936641693115234	110500	38.762969732284546	254	99.77013574660633	
5811642.2470605215	30.05	3.0	29.0	15.0	2.420081812098291	221	133	45	3	29	15	22	3	29	15	401	0	0.14061689376831055	111000	38.903586626052856	254	99.77117117117118	
6973970.207739183	29.36	3.0	29.0	15.0	2.420081812098291	222	133	45	3	29	15	22	3	29	15	401	0	0.10936617851257324	111500	39.01295280456543	254	99.77219730941704	
2324658.3650245406	28.946	3.0	29.0	15.0	2.420081812098291	223	133	45	3	29	15	22	3	29	15	401	0	0.15623950958251953	112000	39.16919231414795	254	99.77321428571429	
9298626.129096502	28.578	3.0	29.0	15.0	2.420081812098291	224	133	45	3	29	15	22	3	29	15	401	0	0.14061522483825684	112500	39.309807538986206	254	99.77422222222222	
4649314.286381862	29.13	3.0	29.0	15.0	2.420081812098291	225	133	45	3	29	15	22	3	29	15	401	0	0.12499189376831055	113000	39.43479943275452	254	99.77522123893806	
1162330.4043458805	28.624	3.0	29.0	15.0	2.420081812098291	226	133	45	3	29	15	22	3	29	15	401	0	0.14061546325683594	113500	39.57541489601135	254	99.7762114537445	
5811642.2470605215	29.13	3.0	29.0	15.0	2.420081812098291	227	133	45	3	29	15	22	3	29	15	401	0	0.15624094009399414	114000	39.73165583610535	254	99.77719298245614	
1162330.4043458805	28.808	3.0	29.0	15.0	2.420081812098291	228	133	45	3	29	15	22	3	29	15	401	0	0.1718611717224121	114500	39.90351700782776	254	99.77816593886463	
2324658.3650245406	30.326	3.0	29.0	15.0	2.420081812098291	229	133	45	3	29	15	22	3	29	15	401	0	0.15624046325683594	115000	40.059757471084595	254	99.77913043478262	
12785610.011132482	28.946	3.0	29.0	15.0	2.420081812098291	230	133	45	3	29	15	22	3	29	15	401	0	0.12499117851257324	115500	40.18474864959717	254	99.78008658008658	
3486986.325703201	28.394	3.0	29.0	15.0	2.420081812098291	231	133	45	3	29	15	22	3	29	15	401	0	0.1562483310699463	116000	40.340996980667114	254	99.78103448275863	
4649314.286381862	27.842	3.0	29.0	15.0	2.420081812098291	232	133	45	3	29	15	22	3	29	15	401	0	0.15623927116394043	116500	40.497236251831055	254	99.78197424892704	
3486986.325703201	26.784	3.0	29.0	15.0	2.420081812098291	233	133	45	3	29	15	22	3	29	15	401	0	0.15622949600219727	117000	40.65346574783325	254	99.78290598290599	
6973970.207739183	26.738	3.0	29.0	15.0	2.420081812098291	234	133	45	3	29	15	22	3	29	15	401	0	0.14061546325683594	117500	40.79408121109009	254	99.78382978723404	
1162330.4043458805	26.646	3.0	29.0	15.0	2.420081812098291	235	133	45	3	29	15	22	3	29	15	401	0	0.14061498641967773	118000	40.934696197509766	254	99.78474576271186	
2.4436672204215384	26.048	3.0	29.0	15.0	2.420081812098291	236	133	45	3	29	15	22	3	29	15	401	0	0.15623998641967773	118500	41.09093618392944	254	99.78565400843881	
8136298.168417844	25.128	3.0	29.0	15.0	2.420081812098291	237	133	45	3	29	15	22	3	29	15	401	0	0.15623855590820312	119000	41.24717473983765	254	99.78655462184874	
2324658.3650245406	25.082	3.0	29.0	15.0	2.420081812098291	238	133	45	3	29	15	22	3	29	15	401	0	0.14061713218688965	119500	41.387791872024536	254	99.78744769874477	
2324658.3650245406	24.76	3.0	29.0	15.0	2.420081812098291	239	133	45	3	29	15	22	3	29	15	401	0	0.12498998641967773	120000	41.512781858444214	254	99.78833333333333	
8136298.168417844	24.254	3.0	29.0	15.0	2.420081812098291	240	133	45	3	29	15	22	3	29	15	401	0	0.12499189376831055	120500	41.637773752212524	254	99.78921161825726	
3486986.325703201	24.116	3.0	29.0	15.0	2.420081812098291	241	133	45	3	29	15	22	3	29	15	401	0	0.15623903274536133	121000	41.794012784957886	254	99.7900826446281	
2324658.3650245406	24.162	3.0	29.0	15.0	2.420081812098291	242	133	45	3	29	15	22	3	29	15	401	0	0.1562490463256836	121500	41.95026183128357	254	99.79094650205761	
20921905.735883106	24.53	3.0	29.0	15.0	2.420081812098291	243	133	45	3	29	15	22	3	29	15	401	0	0.15622949600219727	122000	42.10649132728577	254	99.79180327868852	
2.4436672204215384	24.392	3.0	29.0	15.0	2.420081812098291	244	133	45	3	29	15	22	3	29	15	401	0	0.14061546325683594	122500	42.2471067905426	254	99.79265306122448	
6973970.207739183	23.886	3.0	29.0	15.0	2.420081812098291	245	133	45	3	29	15	22	3	29	15	401	0	0.12499094009399414	123000	42.3720977306366	254	99.79349593495935	
12785610.011132482	23.978	3.0	29.0	15.0	2.420081812098291	246	133	45	3	29	15	22	3	29	15	401	0	0.14061617851257324	123500	42.51271390914917	254	99.79433198380566	
13947937.971811144	24.024	3.0	29.0	15.0	2.420081812098291	247	133	45	3	29	15	22	3	29	15	401	0	0.14061474800109863	124000	42.65332865715027	254	99.79516129032258	
5811642.2470605215	24.3	3.0	29.0	15.0	2.420081812098291	248	133	45	3	29	15	22	3	29	15	401	0	0.15623974800109863	124500	42.80956840515137	254	99.79598393574297	
10460954.089775164	24.898	3.0	29.0	15.0	2.420081812098291	249	133	45	3	29	15	22	3	29	15	401	0	0.15623879432678223	125000	42.96580719947815	254	99.7968	
6973970.207739183	25.082	3.0	29.0	15.0	2.420081812098291	250	133	45	3	29	15	22	3	29	15	401	0	0.12499260902404785	125500	43.0907998085022	254	99.79760956175299	
5811642.2470605215	24.162	3.0	29.0	15.0	2.420081812098291	251	133	45	3	29	15	22	3	29	15	401	0	0.15623879432678223	126000	43.24703860282898	254	99.7984126984127	
3486986.325703201	24.07	3.0	29.0	15.0	2.420081812098291	252	133	45	3	29	15	22	3	29	15	401	0	0.14061474800109863	126500	43.38765335083008	254	99.799209486166	
3486986.325703201	25.312	3.0	29.0	15.0	2.420081812098291	253	133	45	3	29	15	22	3	29	15	401	0	0.17186331748962402	127000	43.5595166683197	254	99.8	
3486986.325703201	25.128	3.0	29.0	15.0	2.420081812098291	254	133	45	3	29	15	22	3	29	15	401	0	0.12499260902404785	127500	43.68450927734375	254	99.80078431372549	
1162330.4043458805	24.806	3.0	29.0	15.0	2.420081812098291	255	133	45	3	29	15	22	3	29	15	401	0	0.12499046325683594	128000	43.809499740600586	254	99.8015625	
4649314.286381862	24.53	3.0	29.0	15.0	2.420081812098291	256	133	45	3	29	15	22	3	29	15	401	0	0.18748712539672852	128500	43.996986865997314	254	99.80233463035019	
2324658.3650245406	24.254	3.0	29.0	15.0	2.420081812098291	257	133	45	3	29	15	22	3	29	15	401	0	0.12499308586120605	129000	44.12197995185852	254	99.8031007751938	
11623282.050453823	24.07	3.0	29.0	15.0	2.420081812098291	258	133	45	3	29	15	22	3	29	15	401	0	0.12498974800109863	129500	44.24696969985962	254	99.803861003861	
1162330.4043458805	23.932	3.0	29.0	15.0	2.420081812098291	259	133	45	3	29	15	22	3	29	15	401	0	0.10936784744262695	130000	44.356337547302246	254	99.80461538461539	
12785610.011132482	23.472	3.0	29.0	15.0	2.420081812098291	260	133	45	3	29	15	22	3	29	15	401	0	0.1250011920928955	130500	44.48133873939514	254	99.80536398467433	
2324658.3650245406	23.196	3.0	29.0	15.0	2.420081812098291	261	133	45	3	29	15	22	3	29	15	401	0	0.17186307907104492	131000	44.65320181846619	254	99.806106870229	
8136298.168417844	22.782	3.0	29.0	15.0	2.420081812098291	262	133	45	3	29	15	22	3	29	15	401	0	0.10935783386230469	131500	44.76255965232849	254	99.80684410646388	
11623282.050453823	22.736	3.0	29.0	15.0	2.420081812098291	263	133	45	3	29	15	22	3	29	15	401	0	0.15623903274536133	132000	44.91879868507385	254	99.80757575757576	
2324658.3650245406	22.46	3.0	29.0	15.0	2.420081812098291	264	133	45	3	29	15	22	3	29	15	401	0	0.12499141693115234	132500	45.043790102005005	254	99.80830188679245	
2.4436672204215384	22.414	3.0	29.0	15.0	2.420081812098291	265	133	45	3	29	15	22	3	29	15	401	0	0.12499308586120605	133000	45.16878318786621	254	99.80902255639097	
5811642.2470605215	22.736	3.0	29.0	15.0	2.420081812098291	266	133	45	3	29	15	22	3	29	15	401	0	0.12499046325683594	133500	45.29377365112305	254	99.80973782771535	
9298626.129096502	23.012	3.0	29.0	15.0	2.420081812098291	267	133	45	3	29	15	22	3	29	15	401	0	0.14061498641967773	134000	45.434388637542725	254	99.81044776119403	
2324658.3650245406	22.874	3.0	29.0	15.0	2.420081812098291	268	133	45	3	29	15	22	3	29	15	401	0	0.10936927795410156	134500	45.543757915496826	254	99.81115241635688	
9298626.129096502	23.058	3.0	29.0	15.0	2.420081812098291	269	133	45	3	29	15	22	3	29	15	401	0	0.12499141693115234	135000	45.66874933242798	254	99.81185185185186	
2324658.3650245406	22.92	3.0	29.0	15.0	2.420081812098291	270	133	45	3	29	15	22	3	29	15	401	0	0.15623950958251953	135500	45.8249888420105	254	99.81254612546125	
6973970.207739183	22.782	3.0	29.0	15.0	2.420081812098291	271	133	45	3	29	15	22	3	29	15	401	0	0.14061331748962402	136000	45.96560215950012	254	99.81323529411765	
3486986.325703201	22.506	3.0	29.0	15.0	2.420081812098291	272	133	45	3	29	15	22	3	29	15	401	0	0.1406257152557373	136500	46.10622787475586	254	99.81391941391941	
5811642.2470605215	22.782	3.0	29.0	15.0	2.420081812098291	273	133	45	3	29	15	22	3	29	15	401	0	0.12498116493225098	137000	46.23120903968811	254	99.81459854014598	
2.4436672204215384	22.92	3.0	29.0	15.0	2.420081812098291	274	133	45	3	29	15	22	3	29	15	401	0	0.17186331748962402	137500	46.403072357177734	254	99.81527272727273	
2324658.3650245406	22.828	3.0	29.0	15.0	2.420081812098291	275	133	45	3	29	15	22	3	29	15	401	0	0.14061570167541504	138000	46.54368805885315	254	99.8159420289855	
10460954.089775164	22.552	3.0	29.0	15.0	2.420081812098291	276	133	45	3	29	15	22	3	29	15	401	0	0.15624046325683594	138500	46.699928522109985	254	99.81660649819494	
3486986.325703201	22.322	3.0	29.0	15.0	2.420081812098291	277	133	45	3	29	15	22	3	29	15	401	0	0.15623760223388672	139000	46.85616612434387	254	99.81726618705036	
4649314.286381862	22.046	3.0	29.0	15.0	2.420081812098291	278	133	45	3	29	15	22	3	29	15	401	0	0.12499165534973145	139500	46.9811577796936	254	99.81792114695341	
2324658.3650245406	22.138	3.0	29.0	15.0	2.420081812098291	279	133	45	3	29	15	22	3	29	15	401	0	0.15623927116394043	140000	47.137397050857544	254	99.81857142857143	
1162330.4043458805	22.23	3.0	29.0	15.0	2.420081812098291	280	133	45	3	29	15	22	3	29	15	401	0	0.1562497615814209	140500	47.293646812438965	254	99.81921708185054	
8136298.168417844	22.138	3.0	29.0	15.0	2.420081812098291	281	133	45	3	29	15	22	3	29	15	401	0	0.15622925758361816	141000	47.44987607002258	254	99.81985815602837	
3486986.325703201	22.092	3.0	29.0	15.0	2.420081812098291	282	133	45	3	29	15	22	3	29	15	401	0	0.10936665534973145	141500	47.559242725372314	254	99.82049469964664	
3486986.325703201	22.046	3.0	29.0	15.0	2.420081812098291	283	133	45	3	29	15	22	3	29	15	401	0	0.15624141693115234	142000	47.71548414230347	254	99.82112676056337	
6973970.207739183	22.138	3.0	29.0	15.0	2.420081812098291	284	133	45	3	29	15	22	3	29	15	401	0	0.10936594009399414	142500	47.82485008239746	254	99.82175438596491	
2.4436672204215384	22.046	3.0	29.0	15.0	2.420081812098291	285	133	45	3	29	15	22	3	29	15	401	0	0.10936832427978516	143000	47.934218406677246	254	99.82237762237762	
3486986.325703201	22.046	3.0	29.0	15.0	2.420081812098291	286	133	45	3	29	15	22	3	29	15	401	0	0.15623855590820312	143500	48.09045696258545	254	99.82299651567945	
8136298.168417844	22.046	3.0	29.0	15.0	2.420081812098291	287	133	45	3	29	15	22	3	29	15	401	0	0.12499213218688965	144000	48.21544909477234	254	99.8236111111111	
5811642.2470605215	22.138	3.0	29.0	15.0	2.420081812098291	288	133	45	3	29	15	22	3	29	15	401	0	0.12499165534973145	144500	48.34044075012207	254	99.8242214532872	
10460954.089775164	22.046	3.0	29.0	15.0	2.420081812098291	289	133	45	3	29	15	22	3	29	15	401	0	0.14061450958251953	145000	48.48105525970459	254	99.8248275862069	
1162330.4043458805	22.046	3.0	29.0	15.0	2.420081812098291	290	133	45	3	29	15	22	3	29	15	401	0	0.15624070167541504	145500	48.637295961380005	254	99.8254295532646	
8136298.168417844	22.092	3.0	29.0	15.0	2.420081812098291	291	133	45	3	29	15	22	3	29	15	401	0	0.12498998641967773	146000	48.76228594779968	254	99.82602739726028	
10460954.089775164	22.046	3.0	29.0	15.0	2.420081812098291	292	133	45	3	29	15	22	3	29	15	401	0	0.15623950958251953	146500	48.9185254573822	254	99.82662116040956	
6973970.207739183	22.23	3.0	29.0	15.0	2.420081812098291	293	133	45	3	29	15	22	3	29	15	401	0	0.17186427116394043	147000	49.09038972854614	254	99.82721088435375	
4649314.286381862	22.138	3.0	29.0	15.0	2.420081812098291	294	133	45	3	29	15	22	3	29	15	401	0	0.1874856948852539	147500	49.2778754234314	254	99.82779661016949	
3486986.325703201	22.092	3.0	29.0	15.0	2.420081812098291	295	133	45	3	29	15	22	3	29	15	401	0	0.17186355590820312	148000	49.4497389793396	254	99.82837837837837	
2.4436672204215384	22.046	3.0	29.0	15.0	2.420081812098291	296	133	45	3	29	15	22	3	29	15	401	0	0.10936808586120605	148500	49.559107065200806	254	99.82895622895623	
4649314.286381862	22.092	3.0	29.0	15.0	2.420081812098291	297	133	45	3	29	15	22	3	29	15	401	0	0.18748784065246582	149000	49.74659490585327	254	99.82953020134228	
4649314.286381862	22.184	3.0	29.0	15.0	2.420081812098291	298	133	45	3	29	15	22	3	29	15	401	0	0.17186236381530762	149500	49.91845726966858	254	99.83010033444816	
3486986.325703201	22.092	3.0	29.0	15.0	2.420081812098291	299	133	45	3	29	15	22	3	29	15	401	0	0.17186284065246582	150000	50.090320110321045	254	99.83066666666667	
6973970.207739183	22.368	3.0	29.0	15.0	2.420081812098291	300	133	45	3	29	15	22	3	29	15	401	0	0.12499165534973145	150500	50.215311765670776	254	99.8312292358804	
5811642.2470605215	22.276	3.0	29.0	15.0	2.420081812098291	301	133	45	3	29	15	22	3	29	15	401	0	0.14061570167541504	151000	50.35592746734619	254	99.8317880794702	
3486986.325703201	22.552	3.0	29.0	15.0	2.420081812098291	302	133	45	3	29	15	22	3	29	15	401	0	0.12499165534973145	151500	50.48091912269592	254	99.83234323432343	
2.4436672204215384	22.644	3.0	29.0	15.0	2.420081812098291	303	133	45	3	29	15	22	3	29	15	401	0	0.10936832427978516	152000	50.59028744697571	254	99.8328947368421	
1162330.4043458805	22.552	3.0	29.0	15.0	2.420081812098291	304	133	45	3	29	15	22	3	29	15	401	0	0.10936594009399414	152500	50.6996533870697	254	99.83344262295083	
1162330.4043458805	22.92	3.0	29.0	15.0	2.420081812098291	305	133	45	3	29	15	22	3	29	15	401	0	0.12499165534973145	153000	50.824645042419434	254	99.83398692810458	
3486986.325703201	23.104	3.0	29.0	15.0	2.420081812098291	306	133	45	3	29	15	22	3	29	15	401	0	0.15623998641967773	153500	50.98088502883911	254	99.83452768729641	
5811642.2470605215	22.92	3.0	29.0	15.0	2.420081812098291	307	133	45	3	29	15	22	3	29	15	401	0	0.12499260902404785	154000	51.10587763786316	254	99.83506493506493	
5811642.2470605215	23.15	3.0	29.0	15.0	2.420081812098291	308	133	45	3	29	15	22	3	29	15	401	0	0.15623784065246582	154500	51.262115478515625	254	99.83559870550162	
1162330.4043458805	23.288	3.0	29.0	15.0	2.420081812098291	309	133	45	3	29	15	22	3	29	15	401	0	0.10936689376831055	155000	51.371482372283936	254	99.83612903225807	
2.4436672204215384	23.058	3.0	29.0	15.0	2.420081812098291	310	133	45	3	29	15	22	3	29	15	401	0	0.15623950958251953	155500	51.527721881866455	254	99.83665594855306	
11623282.050453823	23.334	3.0	29.0	15.0	2.420081812098291	311	133	45	3	29	15	22	3	29	15	401	0	0.2187361717224121	156000	51.74645805358887	254	99.83717948717948	
4649314.286381862	23.748	3.0	29.0	15.0	2.420081812098291	312	133	45	3	29	15	22	3	29	15	401	0	0.15623831748962402	156500	51.90269637107849	254	99.83769968051118	
3486986.325703201	24.254	3.0	29.0	15.0	2.420081812098291	313	133	45	3	29	15	22	3	29	15	401	0	0.14061522483825684	157000	52.04331159591675	254	99.83821656050955	
10460954.089775164	23.748	3.0	29.0	15.0	2.420081812098291	314	133	45	3	29	15	22	3	29	15	401	0	0.17186379432678223	157500	52.21517539024353	254	99.83873015873016	
10460954.089775164	23.886	3.0	29.0	15.0	2.420081812098291	315	133	45	3	29	15	22	3	29	15	401	0	0.15624070167541504	158000	52.371416091918945	254	99.83924050632912	
3486986.325703201	24.254	3.0	29.0	15.0	2.420081812098291	316	133	45	3	29	15	22	3	29	15	401	0	0.10936498641967773	158500	52.48078107833862	254	99.8397476340694	
1162330.4043458805	24.07	3.0	29.0	15.0	2.420081812098291	317	133	45	3	29	15	22	3	29	15	401	0	0.12499356269836426	159000	52.60577464103699	254	99.84025157232705	
2324658.3650245406	24.346	3.0	29.0	15.0	2.420081812098291	318	133	45	3	29	15	22	3	29	15	401	0	0.15623831748962402	159500	52.76201295852661	254	99.84075235109718	
4649314.286381862	24.116	3.0	29.0	15.0	2.420081812098291	319	133	45	3	29	15	22	3	29	15	401	0	0.12499094009399414	160000	52.887003898620605	254	99.84125	
2.4436672204215384	24.208	3.0	29.0	15.0	2.420081812098291	320	133	45	3	29	15	22	3	29	15	401	0	0.12499141693115234	160500	53.01199531555176	254	99.8417445482866	
4649314.286381862	23.61	3.0	29.0	15.0	2.420081812098291	321	133	45	3	29	15	22	3	29	15	401	0	0.12499594688415527	161000	53.13699126243591	254	99.84223602484472	
4649314.286381862	24.208	3.0	29.0	15.0	2.420081812098291	322	133	45	3	29	15	22	3	29	15	401	0	0.10936284065246582	161500	53.24635410308838	254	99.84272445820433	
1162330.4043458805	24.622	3.0	29.0	15.0	2.420081812098291	323	133	45	3	29	15	22	3	29	15	401	0	0.14061546325683594	162000	53.386969566345215	254	99.84320987654321	
11623282.050453823	24.346	3.0	29.0	15.0	2.420081812098291	324	133	45	3	29	15	22	3	29	15	401	0	0.10936760902404785	162500	53.49633717536926	254	99.84369230769231	
9298626.129096502	24.53	3.0	29.0	15.0	2.420081812098291	325	133	45	3	29	15	22	3	29	15	401	0	0.10936737060546875	163000	53.60570454597473	254	99.8441717791411	
1162330.4043458805	24.3	3.0	29.0	15.0	2.420081812098291	326	133	45	3	29	15	22	3	29	15	401	0	0.14061737060546875	163500	53.7463219165802	254	99.84464831804281	
13947937.971811144	24.576	3.0	29.0	15.0	2.420081812098291	327	133	45	3	29	15	22	3	29	15	401	0	0.15623950958251953	164000	53.90256142616272	254	99.84512195121951	
2324658.3650245406	24.944	3.0	29.0	15.0	2.420081812098291	328	133	45	3	29	15	22	3	29	15	401	0	0.12499117851257324	164500	54.02755260467529	254	99.84559270516718	
4649314.286381862	24.944	3.0	29.0	15.0	2.420081812098291	329	133	45	3	29	15	22	3	29	15	401	0	0.10936737060546875	165000	54.13691997528076	254	99.8460606060606	
1162330.4043458805	24.254	3.0	29.0	15.0	2.420081812098291	330	133	45	3	29	15	22	3	29	15	401	0	0.12498927116394043	165500	54.2619092464447	254	99.84652567975832	
3486986.325703201	24.53	3.0	29.0	15.0	2.420081812098291	331	133	45	3	29	15	22	3	29	15	401	0	0.15624022483825684	166000	54.41814947128296	254	99.84698795180722	
2.4436672204215384	25.542	3.0	29.0	15.0	2.420081812098291	332	133	45	3	29	15	22	3	29	15	401	0	0.14061522483825684	166500	54.558764696121216	254	99.84744744744745	
2324658.3650245406	25.404	3.0	29.0	15.0	2.420081812098291	333	133	45	3	29	15	22	3	29	15	401	0	0.15623998641967773	167000	54.715004682540894	254	99.84790419161676	
2324658.3650245406	25.634	3.0	29.0	15.0	2.420081812098291	334	133	45	3	29	15	22	3	29	15	401	0	0.12499070167541504	167500	54.83999538421631	254	99.84835820895522	
5811642.2470605215	25.68	3.0	29.0	15.0	2.420081812098291	335	133	45	3	29	15	22	3	29	15	401	0	0.14061570167541504	168000	54.980611085891724	254	99.84880952380952	
1162330.4043458805	25.496	3.0	29.0	15.0	2.420081812098291	336	133	45	3	29	15	22	3	29	15	401	0	0.12499141693115234	168500	55.105602502822876	254	99.84925816023738	
3486986.325703201	25.864	3.0	29.0	15.0	2.420081812098291	337	133	45	3	29	15	22	3	29	15	401	0	0.15623927116394043	169000	55.261841773986816	254	99.84970414201183	
5811642.2470605215	25.266	3.0	29.0	15.0	2.420081812098291	338	133	45	3	29	15	22	3	29	15	401	0	0.17186307907104492	169500	55.43370485305786	254	99.85014749262537	
2.4436672204215384	24.806	3.0	29.0	15.0	2.420081812098291	339	133	45	3	29	15	22	3	29	15	401	0	0.17186379432678223	170000	55.605568647384644	254	99.85058823529411	
2.4436672204215384	24.898	3.0	29.0	15.0	2.420081812098291	340	133	45	3	29	15	22	3	29	15	401	0	0.12499094009399414	170500	55.73055958747864	254	99.85102639296187	
11623282.050453823	24.392	3.0	29.0	15.0	2.420081812098291	341	133	45	3	29	15	22	3	29	15	401	0	0.12499284744262695	171000	55.855552434921265	254	99.8514619883041	
6973970.207739183	24.024	3.0	29.0	15.0	2.420081812098291	342	133	45	3	29	15	22	3	29	15	401	0	0.1718616485595703	171500	56.027414083480835	254	99.85189504373177	
5811642.2470605215	23.932	3.0	29.0	15.0	2.420081812098291	343	133	45	3	29	15	22	3	29	15	401	0	0.15623974800109863	172000	56.183653831481934	254	99.85232558139535	
5811642.2470605215	23.564	3.0	29.0	15.0	2.420081812098291	344	133	45	3	29	15	22	3	29	15	401	0	0.14061498641967773	172500	56.32426881790161	254	99.8527536231884	
3486986.325703201	23.656	3.0	29.0	15.0	2.420081812098291	345	133	45	3	29	15	22	3	29	15	401	0	0.14061522483825684	173000	56.46488404273987	254	99.85317919075145	
5811642.2470605215	23.242	3.0	29.0	15.0	2.420081812098291	346	133	45	3	29	15	22	3	29	15	401	0	0.12499189376831055	173500	56.58987593650818	254	99.8536023054755	
4649314.286381862	22.92	3.0	29.0	15.0	2.420081812098291	347	133	45	3	29	15	22	3	29	15	401	0	0.09374260902404785	174000	56.68361854553223	254	99.85402298850575	
1162330.4043458805	23.058	3.0	29.0	15.0	2.420081812098291	348	133	45	3	29	15	22	3	29	15	401	0	0.12499356269836426	174500	56.80861210823059	254	99.85444126074499	
2324658.3650245406	22.644	3.0	29.0	15.0	2.420081812098291	349	133	45	3	29	15	22	3	29	15	401	0	0.14061403274536133	175000	56.94922614097595	254	99.85485714285714	
3486986.325703201	22.23	3.0	29.0	15.0	2.420081812098291	350	133	45	3	29	15	22	3	29	15	401	0	0.14061546325683594	175500	57.08984160423279	254	99.85527065527066	
4649314.286381862	22.506	3.0	29.0	15.0	2.420081812098291	351	133	45	3	29	15	22	3	29	15	401	0	0.12499141693115234	176000	57.21483302116394	254	99.85568181818182	
1162330.4043458805	22.368	3.0	29.0	15.0	2.420081812098291	352	133	45	3	29	15	22	3	29	15	401	0	0.10936880111694336	176500	57.324201822280884	254	99.85609065155808	
5811642.2470605215	22.184	3.0	29.0	15.0	2.420081812098291	353	133	45	3	29	15	22	3	29	15	401	0	0.15623807907104492	177000	57.48043990135193	254	99.85649717514124	
6973970.207739183	22.046	3.0	29.0	15.0	2.420081812098291	354	133	45	3	29	15	22	3	29	15	401	0	0.12499117851257324	177500	57.6054310798645	254	99.85690140845071	
9298626.129096502	22.092	3.0	29.0	15.0	2.420081812098291	355	133	45	3	29	15	22	3	29	15	401	0	0.12499237060546875	178000	57.73042345046997	254	99.85730337078651	
6973970.207739183	22.046	3.0	29.0	15.0	2.420081812098291	356	133	45	3	29	15	22	3	29	15	401	0	0.17186188697814941	178500	57.90228533744812	254	99.85770308123249	
9298626.129096502	22.138	3.0	29.0	15.0	2.420081812098291	357	133	45	3	29	15	22	3	29	15	401	0	0.12499260902404785	179000	58.02727794647217	254	99.85810055865922	
4649314.286381862	22.23	3.0	29.0	15.0	2.420081812098291	358	133	45	3	29	15	22	3	29	15	401	0	0.12499237060546875	179500	58.15227031707764	254	99.85849582172702	
1162330.4043458805	22.414	3.0	29.0	15.0	2.420081812098291	359	133	45	3	29	15	22	3	29	15	401	0	0.12498974800109863	180000	58.277260065078735	254	99.85888888888888	
2.4436672204215384	22.598	3.0	29.0	15.0	2.420081812098291	360	133	45	3	29	15	22	3	29	15	401	0	0.10936760902404785	180500	58.38662767410278	254	99.85927977839336	
8136298.168417844	22.736	3.0	29.0	15.0	2.420081812098291	361	133	45	3	29	15	22	3	29	15	401	0	0.12499117851257324	181000	58.511618852615356	254	99.8596685082873	
1162330.4043458805	22.506	3.0	29.0	15.0	2.420081812098291	362	133	45	3	29	15	22	3	29	15	401	0	0.12499284744262695	181500	58.63661170005798	254	99.86005509641873	
6973970.207739183	22.414	3.0	29.0	15.0	2.420081812098291	363	133	45	3	29	15	22	3	29	15	401	0	0.15623879432678223	182000	58.792850494384766	254	99.86043956043956	
1162330.4043458805	23.012	3.0	29.0	15.0	2.420081812098291	364	133	45	3	29	15	22	3	29	15	401	0	0.15624022483825684	182500	58.94909071922302	254	99.86082191780822	
2324658.3650245406	23.15	3.0	29.0	15.0	2.420081812098291	365	133	45	3	29	15	22	3	29	15	401	0	0.14061379432678223	183000	59.089704513549805	254	99.86120218579235	
6973970.207739183	23.334	3.0	29.0	15.0	2.420081812098291	366	133	45	3	29	15	22	3	29	15	401	0	0.15624094009399414	183500	59.2459454536438	254	99.86158038147138	
8136298.168417844	23.472	3.0	29.0	15.0	2.420081812098291	367	133	45	3	29	15	22	3	29	15	401	0	0.12499022483825684	184000	59.370935678482056	254	99.86195652173913	
3486986.325703201	23.932	3.0	29.0	15.0	2.420081812098291	368	133	45	3	29	15	22	3	29	15	401	0	0.1718730926513672	184500	59.54280877113342	254	99.86233062330624	
9298626.129096502	23.564	3.0	29.0	15.0	2.420081812098291	369	133	45	3	29	15	22	3	29	15	401	0	0.15623044967651367	185000	59.69903922080994	254	99.8627027027027	
11623282.050453823	23.104	3.0	29.0	15.0	2.420081812098291	370	133	45	3	29	15	22	3	29	15	401	0	0.15623903274536133	185500	59.8552782535553	254	99.86307277628032	
3486986.325703201	23.242	3.0	29.0	15.0	2.420081812098291	371	133	45	3	29	15	22	3	29	15	401	0	0.12499022483825684	186000	59.980268478393555	254	99.86344086021505	
6973970.207739183	22.782	3.0	29.0	15.0	2.420081812098291	372	133	45	3	29	15	22	3	29	15	401	0	0.15623974800109863	186500	60.13650822639465	254	99.86380697050939	
4649314.286381862	22.828	3.0	29.0	15.0	2.420081812098291	373	133	45	3	29	15	22	3	29	15	401	0	0.14061498641967773	187000	60.27712321281433	254	99.86417112299465	
9298626.129096502	22.966	3.0	29.0	15.0	2.420081812098291	374	133	45	3	29	15	22	3	29	15	401	0	0.15623974800109863	187500	60.43336296081543	254	99.86453333333333	
11623282.050453823	22.46	3.0	29.0	15.0	2.420081812098291	375	133	45	3	29	15	22	3	29	15	401	0	0.14061474800109863	188000	60.57397770881653	254	99.86489361702128	
2324658.3650245406	22.736	3.0	29.0	15.0	2.420081812098291	376	133	45	3	29	15	22	3	29	15	401	0	0.14061570167541504	188500	60.71459341049194	254	99.86525198938992	
8136298.168417844	22.368	3.0	29.0	15.0	2.420081812098291	377	133	45	3	29	15	22	3	29	15	401	0	0.14061522483825684	189000	60.8552086353302	254	99.86560846560846	
5811642.2470605215	22.644	3.0	29.0	15.0	2.420081812098291	378	133	45	3	29	15	22	3	29	15	401	0	0.12499165534973145	189500	60.98020029067993	254	99.86596306068601	
10460954.089775164	22.828	3.0	29.0	15.0	2.420081812098291	379	133	45	3	29	15	22	3	29	15	401	0	0.15624070167541504	190000	61.13644099235535	254	99.86631578947369	
6973970.207739183	22.69	3.0	29.0	15.0	2.420081812098291	380	133	45	3	29	15	22	3	29	15	401	0	0.14061379432678223	190500	61.27705478668213	254	99.86666666666666	
9298626.129096502	22.69	3.0	29.0	15.0	2.420081812098291	381	133	45	3	29	15	22	3	29	15	401	0	0.12499141693115234	191000	61.40204620361328	254	99.86701570680628	
8136298.168417844	22.368	3.0	29.0	15.0	2.420081812098291	382	133	45	3	29	15	22	3	29	15	401	0	0.14061546325683594	191500	61.54266166687012	254	99.86736292428199	
2324658.3650245406	22.46	3.0	29.0	15.0	2.420081812098291	383	133	45	3	29	15	22	3	29	15	401	0	0.14061498641967773	192000	61.683276653289795	254	99.86770833333334	
4649314.286381862	22.874	3.0	29.0	15.0	2.420081812098291	384	133	45	3	29	15	22	3	29	15	401	0	0.12499332427978516	192500	61.80826997756958	254	99.86805194805194	
1162330.4043458805	23.104	3.0	29.0	15.0	2.420081812098291	385	133	45	3	29	15	22	3	29	15	401	0	0.15623903274536133	193000	61.96450901031494	254	99.86839378238342	
4649314.286381862	23.702	3.0	29.0	15.0	2.420081812098291	386	133	45	3	29	15	22	3	29	15	401	0	0.15623807907104492	193500	62.120747089385986	254	99.8687338501292	
2324658.3650245406	23.472	3.0	29.0	15.0	2.420081812098291	387	133	45	3	29	15	22	3	29	15	401	0	0.14061522483825684	194000	62.26136231422424	254	99.86907216494845	
11623282.050453823	22.598	3.0	29.0	15.0	2.420081812098291	388	133	45	3	29	15	22	3	29	15	401	0	0.15623927116394043	194500	62.417601585388184	254	99.8694087403599	
2324658.3650245406	22.322	3.0	29.0	15.0	2.420081812098291	389	133	45	3	29	15	22	3	29	15	401	0	0.12499141693115234	195000	62.542593002319336	254	99.86974358974359	
5811642.2470605215	22.46	3.0	29.0	15.0	2.420081812098291	390	133	45	3	29	15	22	3	29	15	401	0	0.14061594009399414	195500	62.68320894241333	254	99.87007672634272	
3486986.325703201	22.874	3.0	29.0	15.0	2.420081812098291	391	133	45	3	29	15	22	3	29	15	401	0	0.15623903274536133	196000	62.83944797515869	254	99.87040816326531	
3486986.325703201	22.966	3.0	29.0	15.0	2.420081812098291	392	133	45	3	29	15	22	3	29	15	401	0	0.12499213218688965	196500	62.96444010734558	254	99.87073791348601	
1162330.4043458805	23.242	3.0	29.0	15.0	2.420081812098291	393	133	45	3	29	15	22	3	29	15	401	0	0.14061617851257324	197000	63.105056285858154	254	99.87106598984772	
12785610.011132482	23.518	3.0	29.0	15.0	2.420081812098291	394	133	45	3	29	15	22	3	29	15	401	0	0.14061379432678223	197500	63.24567008018494	254	99.87139240506329	
1162330.4043458805	23.288	3.0	29.0	15.0	2.420081812098291	395	133	45	3	29	15	22	3	29	15	401	0	0.14061546325683594	198000	63.38628554344177	254	99.87171717171717	
2324658.3650245406	23.518	3.0	29.0	15.0	2.420081812098291	396	133	45	3	29	15	22	3	29	15	401	0	0.17186427116394043	198500	63.55814981460571	254	99.872040302267	
2.4436672204215384	23.61	3.0	29.0	15.0	2.420081812098291	397	133	45	3	29	15	22	3	29	15	401	0	0.12499070167541504	199000	63.68314051628113	254	99.87236180904523	
1162330.4043458805	23.656	3.0	29.0	15.0	2.420081812098291	398	133	45	3	29	15	22	3	29	15	401	0	0.15623903274536133	199500	63.83937954902649	254	99.87268170426066	
3486986.325703201	23.104	3.0	29.0	15.0	2.420081812098291	399	133	45	3	29	15	22	3	29	15	401	0	0.14061570167541504	200000	63.979995250701904	254	99.873	
2.4436672204215384	23.564	3.0	29.0	15.0	2.420081812098291	400	133	45	3	29	15	22	3	29	15	401	0	0.12499141693115234	200500	64.10498666763306	254	99.87331670822942	
8136298.168417844	23.656	3.0	29.0	15.0	2.420081812098291	401	133	45	3	29	15	22	3	29	15	401	0	0.12499094009399414	201000	64.22997760772705	254	99.87363184079602	
2.4436672204215384	24.07	3.0	29.0	15.0	2.420081812098291	402	133	45	3	29	15	22	3	29	15	401	0	0.12499260902404785	201500	64.3549702167511	254	99.87394540942928	
2324658.3650245406	24.07	3.0	29.0	15.0	2.420081812098291	403	133	45	3	29	15	22	3	29	15	401	0	0.14061427116394043	202000	64.49558448791504	254	99.87425742574257	
3486986.325703201	23.38	3.0	29.0	15.0	2.420081812098291	404	133	45	3	29	15	22	3	29	15	401	0	0.12499308586120605	202500	64.62057757377625	254	99.87456790123457	
5811642.2470605215	23.242	3.0	29.0	15.0	2.420081812098291	405	133	45	3	29	15	22	3	29	15	401	0	0.15623760223388672	203000	64.77681517601013	254	99.87487684729064	
4649314.286381862	23.61	3.0	29.0	15.0	2.420081812098291	406	133	45	3	29	15	22	3	29	15	401	0	0.15623927116394043	203500	64.93305444717407	254	99.87518427518428	
6973970.207739183	23.472	3.0	29.0	15.0	2.420081812098291	407	133	45	3	29	15	22	3	29	15	401	0	0.12499237060546875	204000	65.05804681777954	254	99.87549019607843	
11623282.050453823	24.116	3.0	29.0	15.0	2.420081812098291	408	133	45	3	29	15	22	3	29	15	401	0	0.10936784744262695	204500	65.16741466522217	254	99.8757946210269	
9298626.129096502	23.702	3.0	29.0	15.0	2.420081812098291	409	133	45	3	29	15	22	3	29	15	401	0	0.10937023162841797	205000	65.27678489685059	254	99.87609756097561	
8136298.168417844	23.518	3.0	29.0	15.0	2.420081812098291	410	133	45	3	29	15	22	3	29	15	401	0	0.1406114101409912	205500	65.41739630699158	254	99.87639902676399	
2.4436672204215384	23.748	3.0	29.0	15.0	2.420081812098291	411	133	45	3	29	15	22	3	29	15	401	0	0.12499165534973145	206000	65.54238796234131	254	99.87669902912621	
3486986.325703201	23.472	3.0	29.0	15.0	2.420081812098291	412	133	45	3	29	15	22	3	29	15	401	0	0.17186427116394043	206500	65.71425223350525	254	99.8769975786925	
2324658.3650245406	23.426	3.0	29.0	15.0	2.420081812098291	413	133	45	3	29	15	22	3	29	15	401	0	0.15623807907104492	207000	65.8704903125763	254	99.87729468599034	
2.4436672204215384	23.334	3.0	29.0	15.0	2.420081812098291	414	133	45	3	29	15	22	3	29	15	401	0	0.15624165534973145	207500	66.02673196792603	254	99.87759036144578	
11623282.050453823	23.15	3.0	29.0	15.0	2.420081812098291	415	133	45	3	29	15	22	3	29	15	401	0	0.1874849796295166	208000	66.21421694755554	254	99.87788461538462	
6973970.207739183	23.058	3.0	29.0	15.0	2.420081812098291	416	133	45	3	29	15	22	3	29	15	401	0	0.12499237060546875	208500	66.33920931816101	254	99.87817745803358	
3486986.325703201	23.012	3.0	29.0	15.0	2.420081812098291	417	133	45	3	29	15	22	3	29	15	401	0	0.14061427116394043	209000	66.47982358932495	254	99.87846889952154	
9298626.129096502	23.61	3.0	29.0	15.0	2.420081812098291	418	133	45	3	29	15	22	3	29	15	401	0	0.12499189376831055	209500	66.60481548309326	254	99.87875894988066	
4649314.286381862	23.15	3.0	29.0	15.0	2.420081812098291	419	133	45	3	29	15	22	3	29	15	401	0	0.15623950958251953	210000	66.76105499267578	254	99.87904761904763	
1162330.4043458805	23.288	3.0	29.0	15.0	2.420081812098291	420	133	45	3	29	15	22	3	29	15	401	0	0.14061713218688965	210500	66.90167212486267	254	99.87933491686461	
4649314.286381862	22.69	3.0	29.0	15.0	2.420081812098291	421	133	45	3	29	15	22	3	29	15	401	0	0.15623879432678223	211000	67.05791091918945	254	99.87962085308057	
3486986.325703201	22.874	3.0	29.0	15.0	2.420081812098291	422	133	45	3	29	15	22	3	29	15	401	0	0.17186355590820312	211500	67.22977447509766	254	99.87990543735225	
5811642.2470605215	23.242	3.0	29.0	15.0	2.420081812098291	423	133	45	3	29	15	22	3	29	15	401	0	0.12499094009399414	212000	67.35476541519165	254	99.88018867924528	
8136298.168417844	23.15	3.0	29.0	15.0	2.420081812098291	424	133	45	3	29	15	22	3	29	15	401	0	0.1718616485595703	212500	67.52662706375122	254	99.8804705882353	
9298626.129096502	23.288	3.0	29.0	15.0	2.420081812098291	425	133	45	3	29	15	22	3	29	15	401	0	0.15623950958251953	213000	67.68286657333374	254	99.88075117370892	
13947937.971811144	23.426	3.0	29.0	15.0	2.420081812098291	426	133	45	3	29	15	22	3	29	15	401	0	0.15624213218688965	213500	67.83910870552063	254	99.88103044496488	
5811642.2470605215	23.058	3.0	29.0	15.0	2.420081812098291	427	133	45	3	29	15	22	3	29	15	401	0	0.15623831748962402	214000	67.99534702301025	254	99.88130841121496	
22084233.69656177	23.012	3.0	29.0	15.0	2.420081812098291	428	133	45	3	29	15	22	3	29	15	401	0	0.14061403274536133	214500	68.13596105575562	254	99.88158508158509	
6973970.207739183	22.782	3.0	29.0	15.0	2.420081812098291	429	133	45	3	29	15	22	3	29	15	401	0	0.12499260902404785	215000	68.26095366477966	254	99.88186046511628	
4649314.286381862	22.92	3.0	29.0	15.0	2.420081812098291	430	133	45	3	29	15	22	3	29	15	401	0	0.14061570167541504	215500	68.40156936645508	254	99.88213457076566	
4649314.286381862	22.736	3.0	29.0	15.0	2.420081812098291	431	133	45	3	29	15	22	3	29	15	401	0	0.15623736381530762	216000	68.55780673027039	254	99.88240740740741	
3486986.325703201	22.46	3.0	29.0	15.0	2.420081812098291	432	133	45	3	29	15	22	3	29	15	401	0	0.17186307907104492	216500	68.72966980934143	254	99.88267898383371	
1162330.4043458805	22.506	3.0	29.0	15.0	2.420081812098291	433	133	45	3	29	15	22	3	29	15	401	0	0.18748736381530762	217000	68.91715717315674	254	99.88294930875576	
2324658.3650245406	22.368	3.0	29.0	15.0	2.420081812098291	434	133	45	3	29	15	22	3	29	15	401	0	0.14061522483825684	217500	69.057772397995	254	99.8832183908046	
1162330.4043458805	22.322	3.0	29.0	15.0	2.420081812098291	435	133	45	3	29	15	22	3	29	15	401	0	0.15623974800109863	218000	69.2140121459961	254	99.88348623853211	
10460954.089775164	22.276	3.0	29.0	15.0	2.420081812098291	436	133	45	3	29	15	22	3	29	15	401	0	0.12499165534973145	218500	69.33900380134583	254	99.8837528604119	
2324658.3650245406	22.414	3.0	29.0	15.0	2.420081812098291	437	133	45	3	29	15	22	3	29	15	401	0	0.15623879432678223	219000	69.49524259567261	254	99.88401826484018	
2.4436672204215384	22.69	3.0	29.0	15.0	2.420081812098291	438	133	45	3	29	15	22	3	29	15	401	0	0.1562488079071045	219500	69.65149140357971	254	99.88428246013667	
6973970.207739183	22.966	3.0	29.0	15.0	2.420081812098291	439	133	45	3	29	15	22	3	29	15	401	0	0.09373354911804199	220000	69.74522495269775	254	99.88454545454546	
2.4436672204215384	22.92	3.0	29.0	15.0	2.420081812098291	440	133	45	3	29	15	22	3	29	15	401	0	0.12499189376831055	220500	69.87021684646606	254	99.88480725623583	
4649314.286381862	22.92	3.0	29.0	15.0	2.420081812098291	441	133	45	3	29	15	22	3	29	15	401	0	0.14061784744262695	221000	70.01083469390869	254	99.88506787330317	
6973970.207739183	22.782	3.0	29.0	15.0	2.420081812098291	442	133	45	3	29	15	22	3	29	15	401	0	0.1562366485595703	221500	70.16707134246826	254	99.88532731376975	
5811642.2470605215	22.506	3.0	29.0	15.0	2.420081812098291	443	133	45	3	29	15	22	3	29	15	401	0	0.15624117851257324	222000	70.32331252098083	254	99.88558558558559	
2.4436672204215384	22.506	3.0	29.0	15.0	2.420081812098291	444	133	45	3	29	15	22	3	29	15	401	0	0.15623784065246582	222500	70.4795503616333	254	99.88584269662921	
5811642.2470605215	22.736	3.0	29.0	15.0	2.420081812098291	445	133	45	3	29	15	22	3	29	15	401	0	0.12499141693115234	223000	70.60454177856445	254	99.88609865470852	
3486986.325703201	22.644	3.0	29.0	15.0	2.420081812098291	446	133	45	3	29	15	22	3	29	15	401	0	0.12499165534973145	223500	70.72953343391418	254	99.88635346756152	
1162330.4043458805	23.196	3.0	29.0	15.0	2.420081812098291	447	133	45	3	29	15	22	3	29	15	401	0	0.14061570167541504	224000	70.8701491355896	254	99.88660714285714	
3486986.325703201	23.656	3.0	29.0	15.0	2.420081812098291	448	133	45	3	29	15	22	3	29	15	401	0	0.14061522483825684	224500	71.01076436042786	254	99.886859688196	
6973970.207739183	23.38	3.0	29.0	15.0	2.420081812098291	449	133	45	3	29	15	22	3	29	15	401	0	0.17186307907104492	225000	71.1826274394989	254	99.88711111111111	
4649314.286381862	23.38	3.0	29.0	15.0	2.420081812098291	450	133	45	3	29	15	22	3	29	15	401	0	0.17186427116394043	225500	71.35449171066284	254	99.88736141906874	
4649314.286381862	23.334	3.0	29.0	15.0	2.420081812098291	451	133	45	3	29	15	22	3	29	15	401	0	0.17186212539672852	226000	71.52635383605957	254	99.88761061946903	
2.4436672204215384	23.472	3.0	29.0	15.0	2.420081812098291	452	133	45	3	29	15	22	3	29	15	401	0	0.15623974800109863	226500	71.68259358406067	254	99.8878587196468	
1162330.4043458805	23.242	3.0	29.0	15.0	2.420081812098291	453	133	45	3	29	15	22	3	29	15	401	0	0.1406247615814209	227000	71.82321834564209	254	99.88810572687224	
2.4436672204215384	22.874	3.0	29.0	15.0	2.420081812098291	454	133	45	3	29	15	22	3	29	15	401	0	0.12498354911804199	227500	71.94820189476013	254	99.88835164835164	
2324658.3650245406	22.598	3.0	29.0	15.0	2.420081812098291	455	133	45	3	29	15	22	3	29	15	401	0	0.12499094009399414	228000	72.07319283485413	254	99.88859649122807	
2.4436672204215384	22.46	3.0	29.0	15.0	2.420081812098291	456	133	45	3	29	15	22	3	29	15	401	0	0.14061427116394043	228500	72.21380710601807	254	99.88884026258205	
8136298.168417844	22.552	3.0	29.0	15.0	2.420081812098291	457	133	45	3	29	15	22	3	29	15	401	0	0.14061474800109863	229000	72.35442185401917	254	99.88908296943231	
5811642.2470605215	23.012	3.0	29.0	15.0	2.420081812098291	458	133	45	3	29	15	22	3	29	15	401	0	0.12499356269836426	229500	72.47941541671753	254	99.88932461873638	
3486986.325703201	22.782	3.0	29.0	15.0	2.420081812098291	459	133	45	3	29	15	22	3	29	15	401	0	0.14061355590820312	230000	72.62002897262573	254	99.88956521739131	
1162330.4043458805	22.874	3.0	29.0	15.0	2.420081812098291	460	133	45	3	29	15	22	3	29	15	401	0	0.15624046325683594	230500	72.77626943588257	254	99.88980477223427	
3486986.325703201	23.15	3.0	29.0	15.0	2.420081812098291	461	133	45	3	29	15	22	3	29	15	401	0	0.17186355590820312	231000	72.94813299179077	254	99.8900432900433	
4649314.286381862	23.472	3.0	29.0	15.0	2.420081812098291	462	133	45	3	29	15	22	3	29	15	401	0	0.14061379432678223	231500	73.08874678611755	254	99.8902807775378	
4649314.286381862	22.736	3.0	29.0	15.0	2.420081812098291	463	133	45	3	29	15	22	3	29	15	401	0	0.14061641693115234	232000	73.2293632030487	254	99.89051724137931	
1162330.4043458805	22.552	3.0	29.0	15.0	2.420081812098291	464	133	45	3	29	15	22	3	29	15	401	0	0.14061450958251953	232500	73.36997771263123	254	99.89075268817204	
4649314.286381862	22.322	3.0	29.0	15.0	2.420081812098291	465	133	45	3	29	15	22	3	29	15	401	0	0.15624117851257324	233000	73.5262188911438	254	99.89098712446352	
3486986.325703201	22.276	3.0	29.0	15.0	2.420081812098291	466	133	45	3	29	15	22	3	29	15	401	0	0.12498903274536133	233500	73.65120792388916	254	99.89122055674518	
4649314.286381862	22.322	3.0	29.0	15.0	2.420081812098291	467	133	45	3	29	15	22	3	29	15	401	0	0.10936927795410156	234000	73.76057720184326	254	99.891452991453	
2324658.3650245406	22.322	3.0	29.0	15.0	2.420081812098291	468	133	45	3	29	15	22	3	29	15	401	0	0.12499022483825684	234500	73.88556742668152	254	99.89168443496801	
4649314.286381862	22.414	3.0	29.0	15.0	2.420081812098291	469	133	45	3	29	15	22	3	29	15	401	0	0.15624094009399414	235000	74.04180836677551	254	99.89191489361703	
3486986.325703201	22.46	3.0	29.0	15.0	2.420081812098291	470	133	45	3	29	15	22	3	29	15	401	0	0.14061355590820312	235500	74.18242192268372	254	99.89214437367303	
3486986.325703201	22.736	3.0	29.0	15.0	2.420081812098291	471	133	45	3	29	15	22	3	29	15	401	0	0.14061594009399414	236000	74.32303786277771	254	99.89237288135594	
9298626.129096502	22.782	3.0	29.0	15.0	2.420081812098291	472	133	45	3	29	15	22	3	29	15	401	0	0.14061522483825684	236500	74.46365308761597	254	99.89260042283298	
10460954.089775164	22.414	3.0	29.0	15.0	2.420081812098291	473	133	45	3	29	15	22	3	29	15	401	0	0.10936713218688965	237000	74.57302021980286	254	99.89282700421941	
1162330.4043458805	22.598	3.0	29.0	15.0	2.420081812098291	474	133	45	3	29	15	22	3	29	15	401	0	0.12499165534973145	237500	74.69801187515259	254	99.89305263157895	
2.4436672204215384	22.782	3.0	29.0	15.0	2.420081812098291	475	133	45	3	29	15	22	3	29	15	401	0	0.15623950958251953	238000	74.85425138473511	254	99.89327731092438	
8136298.168417844	22.736	3.0	29.0	15.0	2.420081812098291	476	133	45	3	29	15	22	3	29	15	401	0	0.14061546325683594	238500	74.99486684799194	254	99.89350104821803	
5811642.2470605215	22.598	3.0	29.0	15.0	2.420081812098291	477	133	45	3	29	15	22	3	29	15	401	0	0.18748760223388672	239000	75.18235445022583	254	99.89372384937238	
6973970.207739183	22.598	3.0	29.0	15.0	2.420081812098291	478	133	45	3	29	15	22	3	29	15	401	0	0.15623831748962402	239500	75.33859276771545	254	99.89394572025053	
4649314.286381862	22.644	3.0	29.0	15.0	2.420081812098291	479	133	45	3	29	15	22	3	29	15	401	0	0.15624117851257324	240000	75.49483394622803	254	99.89416666666666	
3486986.325703201	22.598	3.0	29.0	15.0	2.420081812098291	480	133	45	3	29	15	22	3	29	15	401	0	0.15624761581420898	240500	75.65108156204224	254	99.8943866943867	
9298626.129096502	22.782	3.0	29.0	15.0	2.420081812098291	481	133	45	3	29	15	22	3	29	15	401	0	0.17185354232788086	241000	75.82293510437012	254	99.89460580912863	
5811642.2470605215	22.506	3.0	29.0	15.0	2.420081812098291	482	133	45	3	29	15	22	3	29	15	401	0	0.15623855590820312	241500	75.97917366027832	254	99.89482401656315	
2.4436672204215384	22.506	3.0	29.0	15.0	2.420081812098291	483	133	45	3	29	15	22	3	29	15	401	0	0.15624046325683594	242000	76.13541412353516	254	99.89504132231404	
3486986.325703201	22.69	3.0	29.0	15.0	2.420081812098291	484	133	45	3	29	15	22	3	29	15	401	0	0.17186355590820312	242500	76.30727767944336	254	99.89525773195876	
6973970.207739183	22.874	3.0	29.0	15.0	2.420081812098291	485	133	45	3	29	15	22	3	29	15	401	0	0.1562483310699463	243000	76.4635260105133	254	99.8954732510288	
4649314.286381862	23.104	3.0	29.0	15.0	2.420081812098291	486	133	45	3	29	15	22	3	29	15	401	0	0.17185497283935547	243500	76.63538098335266	254	99.89568788501026	
4649314.286381862	23.058	3.0	29.0	15.0	2.420081812098291	487	133	45	3	29	15	22	3	29	15	401	0	0.14061450958251953	244000	76.77599549293518	254	99.89590163934426	
9298626.129096502	22.598	3.0	29.0	15.0	2.420081812098291	488	133	45	3	29	15	22	3	29	15	401	0	0.14061474800109863	244500	76.91661024093628	254	99.8961145194274	
5811642.2470605215	22.644	3.0	29.0	15.0	2.420081812098291	489	133	45	3	29	15	22	3	29	15	401	0	0.12499141693115234	245000	77.04160165786743	254	99.89632653061224	
3486986.325703201	22.874	3.0	29.0	15.0	2.420081812098291	490	133	45	3	29	15	22	3	29	15	401	0	0.10936832427978516	245500	77.15096998214722	254	99.89653767820774	
3486986.325703201	22.368	3.0	29.0	15.0	2.420081812098291	491	133	45	3	29	15	22	3	29	15	401	0	0.15623831748962402	246000	77.30720829963684	254	99.89674796747967	
5811642.2470605215	22.414	3.0	29.0	15.0	2.420081812098291	492	133	45	3	29	15	22	3	29	15	401	0	0.10936832427978516	246500	77.41657662391663	254	99.89695740365111	
3486986.325703201	22.69	3.0	29.0	15.0	2.420081812098291	493	133	45	3	29	15	22	3	29	15	401	0	0.14061450958251953	247000	77.55719113349915	254	99.89716599190284	
6973970.207739183	22.506	3.0	29.0	15.0	2.420081812098291	494	133	45	3	29	15	22	3	29	15	401	0	0.12499141693115234	247500	77.6821825504303	254	99.89737373737374	
2.4436672204215384	22.368	3.0	29.0	15.0	2.420081812098291	495	133	45	3	29	15	22	3	29	15	401	0	0.10936832427978516	248000	77.79155087471008	254	99.89758064516128	
8136298.168417844	22.276	3.0	29.0	15.0	2.420081812098291	496	133	45	3	29	15	22	3	29	15	401	0	0.14061570167541504	248500	77.9321665763855	254	99.89778672032193	
6973970.207739183	22.322	3.0	29.0	15.0	2.420081812098291	497	133	45	3	29	15	22	3	29	15	401	0	0.14061403274536133	249000	78.07278060913086	254	99.89799196787149	
4649314.286381862	22.322	3.0	29.0	15.0	2.420081812098291	498	133	45	3	29	15	22	3	29	15	401	0	0.14061594009399414	249500	78.21339654922485	254	99.89819639278556	
4649314.286381862	22.598	3.0	29.0	15.0	2.420081812098291	499	133	45	3	29	15	22	3	29	15	401	0	0.1406252384185791	250000	78.35402178764343	254	99.8984	
3486986.325703201	22.966	3.0	29.0	15.0	2.420081812098291	500	133	45	3	29	15	22	3	29	15	401	0	0.10935783386230469	250500	78.46337962150574	254	99.89860279441118	
2.4436672204215384	23.426	3.0	29.0	15.0	2.420081812098291	501	133	45	3	29	15	22	3	29	15	401	0	0.15623974800109863	251000	78.61961936950684	254	99.89880478087649	
5811642.2470605215	23.012	3.0	29.0	15.0	2.420081812098291	502	133	45	3	29	15	22	3	29	15	401	0	0.10936665534973145	251500	78.72898602485657	254	99.89900596421471	
5811642.2470605215	22.69	3.0	29.0	15.0	2.420081812098291	503	133	45	3	29	15	22	3	29	15	401	0	0.15623927116394043	252000	78.88522529602051	254	99.89920634920635	
2324658.3650245406	22.598	3.0	29.0	15.0	2.420081812098291	504	133	45	3	29	15	22	3	29	15	401	0	0.14061641693115234	252500	79.02584171295166	254	99.89940594059406	
1162330.4043458805	22.644	3.0	29.0	15.0	2.420081812098291	505	133	45	3	29	15	22	3	29	15	401	0	0.15623831748962402	253000	79.18208003044128	254	99.899604743083	
6973970.207739183	22.598	3.0	29.0	15.0	2.420081812098291	506	133	45	3	29	15	22	3	29	15	401	0	0.15623950958251953	253500	79.3383195400238	254	99.89980276134122	
4649314.286381862	22.46	3.0	29.0	15.0	2.420081812098291	507	133	45	3	29	15	22	3	29	15	401	0	0.15623903274536133	254000	79.49455857276917	254	99.9	
1162330.4043458805	22.46	3.0	29.0	15.0	2.420081812098291	508	133	45	3	29	15	22	3	29	15	401	0	0.17186307907104492	254500	79.66642165184021	254	99.90019646365423	
4649314.286381862	22.552	3.0	29.0	15.0	2.420081812098291	509	133	45	3	29	15	22	3	29	15	401	0	0.14061594009399414	255000	79.8070375919342	254	99.90039215686275	
3486986.325703201	22.69	3.0	29.0	15.0	2.420081812098291	510	133	45	3	29	15	22	3	29	15	401	0	0.12499260902404785	255500	79.93203020095825	254	99.90058708414873	
2324658.3650245406	22.782	3.0	29.0	15.0	2.420081812098291	511	133	45	3	29	15	22	3	29	15	401	0	0.14061379432678223	256000	80.07264399528503	254	99.90078125	
1162330.4043458805	22.782	3.0	29.0	15.0	2.420081812098291	512	133	45	3	29	15	22	3	29	15	401	0	0.10936784744262695	256500	80.18201184272766	254	99.9009746588694	
1162330.4043458805	22.874	3.0	29.0	15.0	2.420081812098291	513	133	45	3	29	15	22	3	29	15	401	0	0.17186307907104492	257000	80.3538749217987	254	99.9011673151751	
5811642.2470605215	22.874	3.0	29.0	15.0	2.420081812098291	514	133	45	3	29	15	22	3	29	15	401	0	0.15623879432678223	257500	80.51011371612549	254	99.90135922330097	
8136298.168417844	22.736	3.0	29.0	15.0	2.420081812098291	515	133	45	3	29	15	22	3	29	15	401	0	0.14061570167541504	258000	80.6507294178009	254	99.9015503875969	
9298626.129096502	22.828	3.0	29.0	15.0	2.420081812098291	516	133	45	3	29	15	22	3	29	15	401	0	0.15623927116394043	258500	80.80696868896484	254	99.90174081237912	
8136298.168417844	23.426	3.0	29.0	15.0	2.420081812098291	517	133	45	3	29	15	22	3	29	15	401	0	0.10936808586120605	259000	80.91633677482605	254	99.90193050193051	
4649314.286381862	23.058	3.0	29.0	15.0	2.420081812098291	518	133	45	3	29	15	22	3	29	15	401	0	0.15623879432678223	259500	81.07257556915283	254	99.90211946050097	
10460954.089775164	22.782	3.0	29.0	15.0	2.420081812098291	519	133	45	3	29	15	22	3	29	15	401	0	0.12499141693115234	260000	81.19756698608398	254	99.90230769230769	
5811642.2470605215	22.506	3.0	29.0	15.0	2.420081812098291	520	133	45	3	29	15	22	3	29	15	401	0	0.1250014305114746	260500	81.32256841659546	254	99.90249520153552	
3486986.325703201	22.414	3.0	29.0	15.0	2.420081812098291	521	133	45	3	29	15	22	3	29	15	401	0	0.14060544967651367	261000	81.46317386627197	254	99.90268199233716	
10460954.089775164	22.598	3.0	29.0	15.0	2.420081812098291	522	133	45	3	29	15	22	3	29	15	401	0	0.15623950958251953	261500	81.61941337585449	254	99.90286806883366	
2.4436672204215384	22.69	3.0	29.0	15.0	2.420081812098291	523	133	45	3	29	15	22	3	29	15	401	0	0.12499117851257324	262000	81.74440455436707	254	99.9030534351145	
8136298.168417844	23.058	3.0	29.0	15.0	2.420081812098291	524	133	45	3	29	15	22	3	29	15	401	0	0.14061641693115234	262500	81.88502097129822	254	99.9032380952381	
2.4436672204215384	22.736	3.0	29.0	15.0	2.420081812098291	525	133	45	3	29	15	22	3	29	15	401	0	0.1562483310699463	263000	82.04126930236816	254	99.90342205323194	
2324658.3650245406	22.782	3.0	29.0	15.0	2.420081812098291	526	133	45	3	29	15	22	3	29	15	401	0	0.10935759544372559	263500	82.15062689781189	254	99.90360531309298	
3486986.325703201	22.92	3.0	29.0	15.0	2.420081812098291	527	133	45	3	29	15	22	3	29	15	401	0	0.15624094009399414	264000	82.30686783790588	254	99.90378787878788	
6973970.207739183	23.058	3.0	29.0	15.0	2.420081812098291	528	133	45	3	29	15	22	3	29	15	401	0	0.15623784065246582	264500	82.46310567855835	254	99.90396975425331	
2.4436672204215384	22.598	3.0	29.0	15.0	2.420081812098291	529	133	45	3	29	15	22	3	29	15	401	0	0.15623903274536133	265000	82.61934471130371	254	99.90415094339623	
2.4436672204215384	22.598	3.0	29.0	15.0	2.420081812098291	530	133	45	3	29	15	22	3	29	15	401	0	0.14061641693115234	265500	82.75996112823486	254	99.90433145009416	
8136298.168417844	22.874	3.0	29.0	15.0	2.420081812098291	531	133	45	3	29	15	22	3	29	15	401	0	0.15623831748962402	266000	82.91619944572449	254	99.90451127819549	
12785610.011132482	23.334	3.0	29.0	15.0	2.420081812098291	532	133	45	3	29	15	22	3	29	15	401	0	0.15623879432678223	266500	83.07243824005127	254	99.9046904315197	
1162330.4043458805	23.242	3.0	29.0	15.0	2.420081812098291	533	133	45	3	29	15	22	3	29	15	401	0	0.14061641693115234	267000	83.21305465698242	254	99.90486891385768	
2.4436672204215384	23.518	3.0	29.0	15.0	2.420081812098291	534	133	45	3	29	15	22	3	29	15	401	0	0.1562485694885254	267500	83.36930322647095	254	99.90504672897197	
9298626.129096502	23.702	3.0	29.0	15.0	2.420081812098291	535	133	45	3	29	15	22	3	29	15	401	0	0.15623140335083008	268000	83.52553462982178	254	99.90522388059702	
5811642.2470605215	23.794	3.0	29.0	15.0	2.420081812098291	536	133	45	3	29	15	22	3	29	15	401	0	0.12499547004699707	268500	83.65053009986877	254	99.90540037243947	
8136298.168417844	23.656	3.0	29.0	15.0	2.420081812098291	537	133	45	3	29	15	22	3	29	15	401	0	0.12498617172241211	269000	83.77551627159119	254	99.90557620817845	
8136298.168417844	23.702	3.0	29.0	15.0	2.420081812098291	538	133	45	3	29	15	22	3	29	15	401	0	0.15623903274536133	269500	83.93175530433655	254	99.90575139146567	
6973970.207739183	23.518	3.0	29.0	15.0	2.420081812098291	539	133	45	3	29	15	22	3	29	15	401	0	0.12499260902404785	270000	84.0567479133606	254	99.90592592592593	
13947937.971811144	23.242	3.0	29.0	15.0	2.420081812098291	540	133	45	3	29	15	22	3	29	15	401	0	0.125	270500	84.1817479133606	254	99.90609981515712	
10460954.089775164	22.644	3.0	29.0	15.0	2.420081812098291	541	133	45	3	29	15	22	3	29	15	401	0	0.14060568809509277	271000	84.32235360145569	254	99.90627306273063	
4649314.286381862	22.46	3.0	29.0	15.0	2.420081812098291	542	133	45	3	29	15	22	3	29	15	401	0	0.12499213218688965	271500	84.44734573364258	254	99.90644567219152	
2324658.3650245406	22.736	3.0	29.0	15.0	2.420081812098291	543	133	45	3	29	15	22	3	29	15	401	0	0.10936689376831055	272000	84.55671262741089	254	99.90661764705882	
11623282.050453823	22.46	3.0	29.0	15.0	2.420081812098291	544	133	45	3	29	15	22	3	29	15	401	0	0.12499141693115234	272500	84.68170404434204	254	99.90678899082569	
3486986.325703201	22.46	3.0	29.0	15.0	2.420081812098291	545	133	45	3	29	15	22	3	29	15	401	0	0.10936784744262695	273000	84.79107189178467	254	99.90695970695971	
4649314.286381862	22.46	3.0	29.0	15.0	2.420081812098291	546	133	45	3	29	15	22	3	29	15	401	0	0.12499094009399414	273500	84.91606283187866	254	99.90712979890311	
5811642.2470605215	22.506	3.0	29.0	15.0	2.420081812098291	547	133	45	3	29	15	22	3	29	15	401	0	0.14061546325683594	274000	85.0566782951355	254	99.907299270073	
6973970.207739183	22.322	3.0	29.0	15.0	2.420081812098291	548	133	45	3	29	15	22	3	29	15	401	0	0.12499141693115234	274500	85.18166971206665	254	99.90746812386156	
6973970.207739183	22.184	3.0	29.0	15.0	2.420081812098291	549	133	45	3	29	15	22	3	29	15	401	0	0.12499117851257324	275000	85.30666089057922	254	99.90763636363636	
2324658.3650245406	22.184	3.0	29.0	15.0	2.420081812098291	550	133	45	3	29	15	22	3	29	15	401	0	0.12499189376831055	275500	85.43165278434753	254	99.90780399274047	
10460954.089775164	22.368	3.0	29.0	15.0	2.420081812098291	551	133	45	3	29	15	22	3	29	15	401	0	0.12499213218688965	276000	85.55664491653442	254	99.90797101449276	
4649314.286381862	22.368	3.0	29.0	15.0	2.420081812098291	552	133	45	3	29	15	22	3	29	15	401	0	0.15623950958251953	276500	85.71288442611694	254	99.90813743218807	
3486986.325703201	22.598	3.0	29.0	15.0	2.420081812098291	553	133	45	3	29	15	22	3	29	15	401	0	0.12498998641967773	277000	85.83787441253662	254	99.90830324909747	
1162330.4043458805	22.782	3.0	29.0	15.0	2.420081812098291	554	133	45	3	29	15	22	3	29	15	401	0	0.15623974800109863	277500	85.99411416053772	254	99.90846846846847	
6973970.207739183	22.966	3.0	29.0	15.0	2.420081812098291	555	133	45	3	29	15	22	3	29	15	401	0	0.15624046325683594	278000	86.15035462379456	254	99.90863309352518	
4649314.286381862	23.058	3.0	29.0	15.0	2.420081812098291	556	133	45	3	29	15	22	3	29	15	401	0	0.12499046325683594	278500	86.27534508705139	254	99.90879712746859	
9298626.129096502	22.368	3.0	29.0	15.0	2.420081812098291	557	133	45	3	29	15	22	3	29	15	401	0	0.15623974800109863	279000	86.43158483505249	254	99.9089605734767	
1162330.4043458805	22.552	3.0	29.0	15.0	2.420081812098291	558	133	45	3	29	15	22	3	29	15	401	0	0.15623879432678223	279500	86.58782362937927	254	99.90912343470482	
1162330.4043458805	22.782	3.0	29.0	15.0	2.420081812098291	559	133	45	3	29	15	22	3	29	15	401	0	0.10936808586120605	280000	86.69719171524048	254	99.90928571428572	
2324658.3650245406	22.552	3.0	29.0	15.0	2.420081812098291	560	133	45	3	29	15	22	3	29	15	401	0	0.14061903953552246	280500	86.837810754776	254	99.90944741532977	
8136298.168417844	22.184	3.0	29.0	15.0	2.420081812098291	561	133	45	3	29	15	22	3	29	15	401	0	0.1562354564666748	281000	86.99404621124268	254	99.90960854092526	
5811642.2470605215	22.368	3.0	29.0	15.0	2.420081812098291	562	133	45	3	29	15	22	3	29	15	401	0	0.17186260223388672	281500	87.16590881347656	254	99.90976909413854	
3486986.325703201	22.598	3.0	29.0	15.0	2.420081812098291	563	133	45	3	29	15	22	3	29	15	401	0	0.15624094009399414	282000	87.32214975357056	254	99.90992907801419	
3486986.325703201	22.874	3.0	29.0	15.0	2.420081812098291	564	133	45	3	29	15	22	3	29	15	401	0	0.15623879432678223	282500	87.47838854789734	254	99.91008849557522	
1162330.4043458805	22.598	3.0	29.0	15.0	2.420081812098291	565	133	45	3	29	15	22	3	29	15	401	0	0.15623784065246582	283000	87.6346263885498	254	99.91024734982332	
2.4436672204215384	22.506	3.0	29.0	15.0	2.420081812098291	566	133	45	3	29	15	22	3	29	15	401	0	0.17186379432678223	283500	87.80649018287659	254	99.91040564373898	
1162330.4043458805	22.782	3.0	29.0	15.0	2.420081812098291	567	133	45	3	29	15	22	3	29	15	401	0	0.12499117851257324	284000	87.93148136138916	254	99.91056338028169	
1162330.4043458805	22.92	3.0	29.0	15.0	2.420081812098291	568	133	45	3	29	15	22	3	29	15	401	0	0.14061760902404785	284500	88.07209897041321	254	99.91072056239015	
2.4436672204215384	23.012	3.0	29.0	15.0	2.420081812098291	569	133	45	3	29	15	22	3	29	15	401	0	0.14061403274536133	285000	88.21271300315857	254	99.91087719298245	
10460954.089775164	23.472	3.0	29.0	15.0	2.420081812098291	570	133	45	3	29	15	22	3	29	15	401	0	0.12499237060546875	285500	88.33770537376404	254	99.91103327495621	
4649314.286381862	23.564	3.0	29.0	15.0	2.420081812098291	571	133	45	3	29	15	22	3	29	15	401	0	0.15623784065246582	286000	88.4939432144165	254	99.91118881118881	
3486986.325703201	23.472	3.0	29.0	15.0	2.420081812098291	572	133	45	3	29	15	22	3	29	15	401	0	0.14061617851257324	286500	88.63455939292908	254	99.91134380453752	
11623282.050453823	23.656	3.0	29.0	15.0	2.420081812098291	573	133	45	3	29	15	22	3	29	15	401	0	0.14061641693115234	287000	88.77517580986023	254	99.91149825783972	
9298626.129096502	24.116	3.0	29.0	15.0	2.420081812098291	574	133	45	3	29	15	22	3	29	15	401	0	0.14061379432678223	287500	88.91578960418701	254	99.91165217391304	
6973970.207739183	24.53	3.0	29.0	15.0	2.420081812098291	575	133	45	3	29	15	22	3	29	15	401	0	0.15623855590820312	288000	89.07202816009521	254	99.91180555555556	
11623282.050453823	24.254	3.0	29.0	15.0	2.420081812098291	576	133	45	3	29	15	22	3	29	15	401	0	0.10936808586120605	288500	89.18139624595642	254	99.91195840554593	
5811642.2470605215	23.886	3.0	29.0	15.0	2.420081812098291	577	133	45	3	29	15	22	3	29	15	401	0	0.15623927116394043	289000	89.33763551712036	254	99.9121107266436	
10460954.089775164	23.978	3.0	29.0	15.0	2.420081812098291	578	133	45	3	29	15	22	3	29	15	401	0	0.12499141693115234	289500	89.46262693405151	254	99.91226252158894	
5811642.2470605215	23.472	3.0	29.0	15.0	2.420081812098291	579	133	45	3	29	15	22	3	29	15	401	0	0.12499308586120605	290000	89.58762001991272	254	99.91241379310345	
10460954.089775164	23.564	3.0	29.0	15.0	2.420081812098291	580	133	45	3	29	15	22	3	29	15	401	0	0.09374213218688965	290500	89.68136215209961	254	99.91256454388984	
2324658.3650245406	23.978	3.0	29.0	15.0	2.420081812098291	581	133	45	3	29	15	22	3	29	15	401	0	0.10936760902404785	291000	89.79072976112366	254	99.9127147766323	
5811642.2470605215	24.116	3.0	29.0	15.0	2.420081812098291	582	133	45	3	29	15	22	3	29	15	401	0	0.12499094009399414	291500	89.91572070121765	254	99.91286449399657	
4649314.286381862	23.61	3.0	29.0	15.0	2.420081812098291	583	133	45	3	29	15	22	3	29	15	401	0	0.14061522483825684	292000	90.05633592605591	254	99.91301369863014	
6973970.207739183	23.564	3.0	29.0	15.0	2.420081812098291	584	133	45	3	29	15	22	3	29	15	401	0	0.14061570167541504	292500	90.19695162773132	254	99.9131623931624	
5811642.2470605215	23.794	3.0	29.0	15.0	2.420081812098291	585	133	45	3	29	15	22	3	29	15	401	0	0.14061546325683594	293000	90.33756709098816	254	99.91331058020478	
5811642.2470605215	24.162	3.0	29.0	15.0	2.420081812098291	586	133	45	3	29	15	22	3	29	15	401	0	0.14061450958251953	293500	90.47818160057068	254	99.91345826235094	
1162330.4043458805	24.346	3.0	29.0	15.0	2.420081812098291	587	133	45	3	29	15	22	3	29	15	401	0	0.15624022483825684	294000	90.63442182540894	254	99.91360544217687	
4649314.286381862	23.978	3.0	29.0	15.0	2.420081812098291	588	133	45	3	29	15	22	3	29	15	401	0	0.15623903274536133	294500	90.7906608581543	254	99.91375212224109	
5811642.2470605215	23.84	3.0	29.0	15.0	2.420081812098291	589	133	45	3	29	15	22	3	29	15	401	0	0.15623998641967773	295000	90.94690084457397	254	99.91389830508474	
8136298.168417844	23.564	3.0	29.0	15.0	2.420081812098291	590	133	45	3	29	15	22	3	29	15	401	0	0.10936665534973145	295500	91.0562674999237	254	99.91404399323181	
2324658.3650245406	23.38	3.0	29.0	15.0	2.420081812098291	591	133	45	3	29	15	22	3	29	15	401	0	0.14061737060546875	296000	91.19688487052917	254	99.91418918918919	
2324658.3650245406	23.058	3.0	29.0	15.0	2.420081812098291	592	133	45	3	29	15	22	3	29	15	401	0	0.10936617851257324	296500	91.30625104904175	254	99.91433389544689	
4649314.286381862	22.46	3.0	29.0	15.0	2.420081812098291	593	133	45	3	29	15	22	3	29	15	401	0	0.12499070167541504	297000	91.43124175071716	254	99.91447811447811	
4649314.286381862	22.23	3.0	29.0	15.0	2.420081812098291	594	133	45	3	29	15	22	3	29	15	401	0	0.15623998641967773	297500	91.58748173713684	254	99.9146218487395	
2324658.3650245406	22.23	3.0	29.0	15.0	2.420081812098291	595	133	45	3	29	15	22	3	29	15	401	0	0.14061522483825684	298000	91.7280969619751	254	99.91476510067115	
9298626.129096502	22.552	3.0	29.0	15.0	2.420081812098291	596	133	45	3	29	15	22	3	29	15	401	0	0.10936737060546875	298500	91.83746433258057	254	99.91490787269682	
2324658.3650245406	22.368	3.0	29.0	15.0	2.420081812098291	597	133	45	3	29	15	22	3	29	15	401	0	0.14061546325683594	299000	91.9780797958374	254	99.91505016722408	
2.4436672204215384	22.874	3.0	29.0	15.0	2.420081812098291	598	133	45	3	29	15	22	3	29	15	401	0	0.10936784744262695	299500	92.08744764328003	254	99.9151919866444	
4649314.286381862	22.92	3.0	29.0	15.0	2.420081812098291	599	133	45	3	29	15	22	3	29	15	401	0	0.14061522483825684	300000	92.22806286811829	254	99.91533333333334	
6973970.207739183	22.966	3.0	29.0	15.0	2.420081812098291	600	133	45	3	29	15	22	3	29	15	401	0	0.14061498641967773	300500	92.36867785453796	254	99.91547420965058	
4649314.286381862	22.874	3.0	29.0	15.0	2.420081812098291	601	133	45	3	29	15	22	3	29	15	401	0	0.15624070167541504	301000	92.52491855621338	254	99.9156146179402	
1162330.4043458805	22.782	3.0	29.0	15.0	2.420081812098291	602	133	45	3	29	15	22	3	29	15	401	0	0.14061450958251953	301500	92.6655330657959	254	99.91575456053069	
5811642.2470605215	23.15	3.0	29.0	15.0	2.420081812098291	603	133	45	3	29	15	22	3	29	15	401	0	0.17186450958251953	302000	92.83739757537842	254	99.9158940397351	
1162330.4043458805	22.92	3.0	29.0	15.0	2.420081812098291	604	133	45	3	29	15	22	3	29	15	401	0	0.15623760223388672	302500	92.9936351776123	254	99.91603305785124	
12785610.011132482	23.104	3.0	29.0	15.0	2.420081812098291	605	133	45	3	29	15	22	3	29	15	401	0	0.1718733310699463	303000	93.16550850868225	254	99.91617161716172	
3486986.325703201	23.932	3.0	29.0	15.0	2.420081812098291	606	133	45	3	29	15	22	3	29	15	401	0	0.15622997283935547	303500	93.3217384815216	254	99.9163097199341	
4649314.286381862	24.116	3.0	29.0	15.0	2.420081812098291	607	133	45	3	29	15	22	3	29	15	401	0	0.12499117851257324	304000	93.44672966003418	254	99.91644736842105	
10460954.089775164	24.208	3.0	29.0	15.0	2.420081812098291	608	133	45	3	29	15	22	3	29	15	401	0	0.15623974800109863	304500	93.60296940803528	254	99.91658456486043	
8136298.168417844	24.208	3.0	29.0	15.0	2.420081812098291	609	133	45	3	29	15	22	3	29	15	401	0	0.10936737060546875	305000	93.71233677864075	254	99.91672131147541	
1162330.4043458805	23.84	3.0	29.0	15.0	2.420081812098291	610	133	45	3	29	15	22	3	29	15	401	0	0.14061474800109863	305500	93.85295152664185	254	99.91685761047464	
2.4436672204215384	24.024	3.0	29.0	15.0	2.420081812098291	611	133	45	3	29	15	22	3	29	15	401	0	0.14061713218688965	306000	93.99356865882874	254	99.91699346405228	
8136298.168417844	24.53	3.0	29.0	15.0	2.420081812098291	612	133	45	3	29	15	22	3	29	15	401	0	0.10936546325683594	306500	94.10293412208557	254	99.91712887438825	
4649314.286381862	23.978	3.0	29.0	15.0	2.420081812098291	613	133	45	3	29	15	22	3	29	15	401	0	0.14061760902404785	307000	94.24355173110962	254	99.91726384364821	
2324658.3650245406	23.886	3.0	29.0	15.0	2.420081812098291	614	133	45	3	29	15	22	3	29	15	401	0	0.10936570167541504	307500	94.35291743278503	254	99.91739837398374	
5811642.2470605215	23.196	3.0	29.0	15.0	2.420081812098291	615	133	45	3	29	15	22	3	29	15	401	0	0.14061522483825684	308000	94.49353265762329	254	99.91753246753247	
9298626.129096502	23.794	3.0	29.0	15.0	2.420081812098291	616	133	45	3	29	15	22	3	29	15	401	0	0.12499189376831055	308500	94.6185245513916	254	99.91766612641815	
2.4436672204215384	23.518	3.0	29.0	15.0	2.420081812098291	617	133	45	3	29	15	22	3	29	15	401	0	0.15623879432678223	309000	94.77476334571838	254	99.9177993527508	
12785610.011132482	23.472	3.0	29.0	15.0	2.420081812098291	618	133	45	3	29	15	22	3	29	15	401	0	0.12499141693115234	309500	94.89975476264954	254	99.91793214862682	
3486986.325703201	23.288	3.0	29.0	15.0	2.420081812098291	619	133	45	3	29	15	22	3	29	15	401	0	0.12499213218688965	310000	95.02474689483643	254	99.91806451612904	
4649314.286381862	23.058	3.0	29.0	15.0	2.420081812098291	620	133	45	3	29	15	22	3	29	15	401	0	0.14061570167541504	310500	95.16536259651184	254	99.91819645732689	
9298626.129096502	23.38	3.0	29.0	15.0	2.420081812098291	621	133	45	3	29	15	22	3	29	15	401	0	0.10936665534973145	311000	95.27472925186157	254	99.91832797427652	
2.4436672204215384	23.61	3.0	29.0	15.0	2.420081812098291	622	133	45	3	29	15	22	3	29	15	401	0	0.09374356269836426	311500	95.36847281455994	254	99.91845906902087	
1162330.4043458805	23.886	3.0	29.0	15.0	2.420081812098291	623	133	45	3	29	15	22	3	29	15	401	0	0.14061546325683594	312000	95.50908827781677	254	99.91858974358975	
3486986.325703201	24.392	3.0	29.0	15.0	2.420081812098291	624	133	45	3	29	15	22	3	29	15	401	0	0.17186474800109863	312500	95.68095302581787	254	99.91872	
1162330.4043458805	24.714	3.0	29.0	15.0	2.420081812098291	625	133	45	3	29	15	22	3	29	15	401	0	0.14061355590820312	313000	95.82156658172607	254	99.91884984025559	
6973970.207739183	24.484	3.0	29.0	15.0	2.420081812098291	626	133	45	3	29	15	22	3	29	15	401	0	0.15623927116394043	313500	95.97780585289001	254	99.91897926634769	
3486986.325703201	24.438	3.0	29.0	15.0	2.420081812098291	627	133	45	3	29	15	22	3	29	15	401	0	0.12499284744262695	314000	96.10279870033264	254	99.91910828025478	
13947937.971811144	24.346	3.0	29.0	15.0	2.420081812098291	628	133	45	3	29	15	22	3	29	15	401	0	0.17186403274536133	314500	96.274662733078	254	99.91923688394277	
2.4436672204215384	24.07	3.0	29.0	15.0	2.420081812098291	629	133	45	3	29	15	22	3	29	15	401	0	0.15623831748962402	315000	96.43090105056763	254	99.91936507936508	
9298626.129096502	23.748	3.0	29.0	15.0	2.420081812098291	630	133	45	3	29	15	22	3	29	15	401	0	0.15623831748962402	315500	96.58713936805725	254	99.91949286846275	
2324658.3650245406	23.794	3.0	29.0	15.0	2.420081812098291	631	133	45	3	29	15	22	3	29	15	401	0	0.15624070167541504	316000	96.74338006973267	254	99.91962025316455	
6973970.207739183	23.196	3.0	29.0	15.0	2.420081812098291	632	133	45	3	29	15	22	3	29	15	401	0	0.15623855590820312	316500	96.89961862564087	254	99.91974723538705	
2324658.3650245406	22.966	3.0	29.0	15.0	2.420081812098291	633	133	45	3	29	15	22	3	29	15	401	0	0.15624022483825684	317000	97.05585885047913	254	99.9198738170347	
1162330.4043458805	22.598	3.0	29.0	15.0	2.420081812098291	634	133	45	3	29	15	22	3	29	15	401	0	0.14061403274536133	317500	97.19647288322449	254	99.92	
4649314.286381862	22.828	3.0	29.0	15.0	2.420081812098291	635	133	45	3	29	15	22	3	29	15	401	0	0.12499117851257324	318000	97.32146406173706	254	99.92012578616352	
8136298.168417844	22.598	3.0	29.0	15.0	2.420081812098291	636	133	45	3	29	15	22	3	29	15	401	0	0.09374427795410156	318500	97.41520833969116	254	99.92025117739404	
2324658.3650245406	22.368	3.0	29.0	15.0	2.420081812098291	637	133	45	3	29	15	22	3	29	15	401	0	0.12499070167541504	319000	97.54019904136658	254	99.92037617554858	
3486986.325703201	22.46	3.0	29.0	15.0	2.420081812098291	638	133	45	3	29	15	22	3	29	15	401	0	0.14061689376831055	319500	97.68081593513489	254	99.92050078247262	
5811642.2470605215	22.414	3.0	29.0	15.0	2.420081812098291	639	133	45	3	29	15	22	3	29	15	401	0	0.12499070167541504	320000	97.8058066368103	254	99.920625	
2324658.3650245406	22.46	3.0	29.0	15.0	2.420081812098291	640	133	45	3	29	15	22	3	29	15	401	0	0.12499070167541504	320500	97.93079733848572	254	99.9207488299532	
2324658.3650245406	22.506	3.0	29.0	15.0	2.420081812098291	641	133	45	3	29	15	22	3	29	15	401	0	0.14061546325683594	321000	98.07141280174255	254	99.9208722741433	
6973970.207739183	22.46	3.0	29.0	15.0	2.420081812098291	642	133	45	3	29	15	22	3	29	15	401	0	0.14061546325683594	321500	98.21202826499939	254	99.92099533437013	
2.4436672204215384	22.644	3.0	29.0	15.0	2.420081812098291	643	133	45	3	29	15	22	3	29	15	401	0	0.12499189376831055	322000	98.3370201587677	254	99.92111801242235	
8136298.168417844	22.782	3.0	29.0	15.0	2.420081812098291	644	133	45	3	29	15	22	3	29	15	401	0	0.10936832427978516	322500	98.44638848304749	254	99.92124031007752	
6973970.207739183	22.828	3.0	29.0	15.0	2.420081812098291	645	133	45	3	29	15	22	3	29	15	401	0	0.14061379432678223	323000	98.58700227737427	254	99.92136222910217	
2.4436672204215384	22.828	3.0	29.0	15.0	2.420081812098291	646	133	45	3	29	15	22	3	29	15	401	0	0.14061737060546875	323500	98.72761964797974	254	99.92148377125193	
2324658.3650245406	22.966	3.0	29.0	15.0	2.420081812098291	647	133	45	3	29	15	22	3	29	15	401	0	0.12499117851257324	324000	98.85261082649231	254	99.9216049382716	
9298626.129096502	22.966	3.0	29.0	15.0	2.420081812098291	648	133	45	3	29	15	22	3	29	15	401	0	0.15623855590820312	324500	99.00884938240051	254	99.92172573189522	
9298626.129096502	23.15	3.0	29.0	15.0	2.420081812098291	649	133	45	3	29	15	22	3	29	15	401	0	0.1562495231628418	325000	99.16509890556335	254	99.92184615384615	
4649314.286381862	23.334	3.0	29.0	15.0	2.420081812098291	650	133	45	3	29	15	22	3	29	15	401	0	0.0937340259552002	325500	99.25883293151855	254	99.92196620583718	
8136298.168417844	23.196	3.0	29.0	15.0	2.420081812098291	651	133	45	3	29	15	22	3	29	15	401	0	0.12499070167541504	326000	99.38382363319397	254	99.92208588957055	
9298626.129096502	23.748	3.0	29.0	15.0	2.420081812098291	652	133	45	3	29	15	22	3	29	15	401	0	0.14061594009399414	326500	99.52443957328796	254	99.92220520673813	
4649314.286381862	24.208	3.0	29.0	15.0	2.420081812098291	653	133	45	3	29	15	22	3	29	15	401	0	0.12499189376831055	327000	99.64943146705627	254	99.9223241590214	
5811642.2470605215	23.61	3.0	29.0	15.0	2.420081812098291	654	133	45	3	29	15	22	3	29	15	401	0	0.15623784065246582	327500	99.80566930770874	254	99.9224427480916	
11623282.050453823	23.978	3.0	29.0	15.0	2.420081812098291	655	133	45	3	29	15	22	3	29	15	401	0	0.15624141693115234	328000	99.96191072463989	254	99.92256097560976	
3486986.325703201	24.3	3.0	29.0	15.0	2.420081812098291	656	133	45	3	29	15	22	3	29	15	401	0	0.15623879432678223	328500	100.11814951896667	254	99.92267884322679	
2324658.3650245406	23.978	3.0	29.0	15.0	2.420081812098291	657	133	45	3	29	15	22	3	29	15	401	0	0.15623807907104492	329000	100.27438759803772	254	99.92279635258359	
4649314.286381862	23.794	3.0	29.0	15.0	2.420081812098291	658	133	45	3	29	15	22	3	29	15	401	0	0.14061665534973145	329500	100.41500425338745	254	99.92291350531107	
4649314.286381862	23.794	3.0	29.0	15.0	2.420081812098291	659	133	45	3	29	15	22	3	29	15	401	0	0.14061379432678223	330000	100.55561804771423	254	99.9230303030303	
6973970.207739183	23.196	3.0	29.0	15.0	2.420081812098291	660	133	45	3	29	15	22	3	29	15	401	0	0.17186474800109863	330500	100.72748279571533	254	99.92314674735249	
11623282.050453823	23.748	3.0	29.0	15.0	2.420081812098291	661	133	45	3	29	15	22	3	29	15	401	0	0.15623950958251953	331000	100.88372230529785	254	99.92326283987916	
2324658.3650245406	23.886	3.0	29.0	15.0	2.420081812098291	662	133	45	3	29	15	22	3	29	15	401	0	0.15623903274536133	331500	101.03996133804321	254	99.9233785822021	
9298626.129096502	23.84	3.0	29.0	15.0	2.420081812098291	663	133	45	3	29	15	22	3	29	15	401	0	0.15623784065246582	332000	101.19619917869568	254	99.92349397590361	
6973970.207739183	24.346	3.0	29.0	15.0	2.420081812098291	664	133	45	3	29	15	22	3	29	15	401	0	0.15623950958251953	332500	101.3524386882782	254	99.92360902255639	
1162330.4043458805	25.128	3.0	29.0	15.0	2.420081812098291	665	133	45	3	29	15	22	3	29	15	401	0	0.14061498641967773	333000	101.49305367469788	254	99.92372372372373	
2324658.3650245406	25.772	3.0	29.0	15.0	2.420081812098291	666	133	45	3	29	15	22	3	29	15	401	0	0.14061570167541504	333500	101.63366937637329	254	99.92383808095953	
2324658.3650245406	25.496	3.0	29.0	15.0	2.420081812098291	667	133	45	3	29	15	22	3	29	15	401	0	0.14061641693115234	334000	101.77428579330444	254	99.92395209580839	
4649314.286381862	25.634	3.0	29.0	15.0	2.420081812098291	668	133	45	3	29	15	22	3	29	15	401	0	0.12499165534973145	334500	101.89927744865417	254	99.92406576980568	
2324658.3650245406	25.266	3.0	29.0	15.0	2.420081812098291	669	133	45	3	29	15	22	3	29	15	401	0	0.14061403274536133	335000	102.03989148139954	254	99.92417910447762	
1162330.4043458805	26.232	3.0	29.0	15.0	2.420081812098291	670	133	45	3	29	15	22	3	29	15	401	0	0.14061665534973145	335500	102.18050813674927	254	99.92429210134128	
2.4436672204215384	26.232	3.0	29.0	15.0	2.420081812098291	671	133	45	3	29	15	22	3	29	15	401	0	0.12499141693115234	336000	102.30549955368042	254	99.92440476190477	
2324658.3650245406	26.232	3.0	29.0	15.0	2.420081812098291	672	133	45	3	29	15	22	3	29	15	401	0	0.15623807907104492	336500	102.46173763275146	254	99.92451708766716	
12785610.011132482	25.818	3.0	29.0	15.0	2.420081812098291	673	133	45	3	29	15	22	3	29	15	401	0	0.15623927116394043	337000	102.6179769039154	254	99.92462908011869	
2324658.3650245406	27.06	3.0	29.0	15.0	2.420081812098291	674	133	45	3	29	15	22	3	29	15	401	0	0.15624046325683594	337500	102.77421736717224	254	99.92474074074075	
3486986.325703201	26.922	3.0	29.0	15.0	2.420081812098291	675	133	45	3	29	15	22	3	29	15	401	0	0.14061498641967773	338000	102.91483235359192	254	99.92485207100592	
1162330.4043458805	26.922	3.0	29.0	15.0	2.420081812098291	676	133	45	3	29	15	22	3	29	15	401	0	0.14061450958251953	338500	103.05544686317444	254	99.92496307237813	
4649314.286381862	28.394	3.0	29.0	15.0	2.420081812098291	677	133	45	3	29	15	22	3	29	15	401	0	0.15624046325683594	339000	103.21168732643127	254	99.92507374631269	
3486986.325703201	27.014	3.0	29.0	15.0	2.420081812098291	678	133	45	3	29	15	22	3	29	15	401	0	0.10936713218688965	339500	103.32105445861816	254	99.92518409425625	
5811642.2470605215	27.842	3.0	29.0	15.0	2.420081812098291	679	133	45	3	29	15	22	3	29	15	401	0	0.10936665534973145	340000	103.4304211139679	254	99.92529411764706	
2324658.3650245406	27.658	3.0	29.0	15.0	2.420081812098291	680	133	45	3	29	15	22	3	29	15	401	0	0.1406257152557373	340500	103.57104682922363	254	99.92540381791483	
2.4436672204215384	28.026	3.0	29.0	15.0	2.420081812098291	681	133	45	3	29	15	22	3	29	15	401	0	0.12498188018798828	341000	103.69602870941162	254	99.92551319648094	
2324658.3650245406	27.842	3.0	29.0	15.0	2.420081812098291	682	133	45	3	29	15	22	3	29	15	401	0	0.1406247615814209	341500	103.83665347099304	254	99.92562225475842	
3486986.325703201	27.152	3.0	29.0	15.0	2.420081812098291	683	133	45	3	29	15	22	3	29	15	401	0	0.12498164176940918	342000	103.96163511276245	254	99.92573099415205	
4649314.286381862	28.118	3.0	29.0	15.0	2.420081812098291	684	133	45	3	29	15	22	3	29	15	401	0	0.14061594009399414	342500	104.10225105285645	254	99.9258394160584	
2.4436672204215384	27.658	3.0	29.0	15.0	2.420081812098291	685	133	45	3	29	15	22	3	29	15	401	0	0.12499237060546875	343000	104.22724342346191	254	99.9259475218659	
4649314.286381862	26.278	3.0	29.0	15.0	2.420081812098291	686	133	45	3	29	15	22	3	29	15	401	0	0.12499165534973145	343500	104.35223507881165	254	99.92605531295487	
1162330.4043458805	26.646	3.0	29.0	15.0	2.420081812098291	687	133	45	3	29	15	22	3	29	15	401	0	0.10936665534973145	344000	104.46160173416138	254	99.92616279069767	
2.4436672204215384	27.336	3.0	29.0	15.0	2.420081812098291	688	133	45	3	29	15	22	3	29	15	401	0	0.14061522483825684	344500	104.60221695899963	254	99.92626995645864	
2.4436672204215384	26.784	3.0	29.0	15.0	2.420081812098291	689	133	45	3	29	15	22	3	29	15	401	0	0.12499237060546875	345000	104.7272093296051	254	99.92637681159421	
6973970.207739183	27.428	3.0	29.0	15.0	2.420081812098291	690	133	45	3	29	15	22	3	29	15	401	0	0.12499022483825684	345500	104.85219955444336	254	99.92648335745297	
1162330.4043458805	26.968	3.0	29.0	15.0	2.420081812098291	691	133	45	3	29	15	22	3	29	15	401	0	0.12499070167541504	346000	104.97719025611877	254	99.92658959537572	
10460954.089775164	25.91	3.0	29.0	15.0	2.420081812098291	692	133	45	3	29	15	22	3	29	15	401	0	0.12499284744262695	346500	105.1021831035614	254	99.92669552669553	
2.4436672204215384	25.956	3.0	29.0	15.0	2.420081812098291	693	133	45	3	29	15	22	3	29	15	401	0	0.10937619209289551	347000	105.2115592956543	254	99.92680115273775	
3486986.325703201	25.588	3.0	29.0	15.0	2.420081812098291	694	133	45	3	29	15	22	3	29	15	401	0	0.15623068809509277	347500	105.36778998374939	254	99.92690647482014	
3486986.325703201	25.91	3.0	29.0	15.0	2.420081812098291	695	133	45	3	29	15	22	3	29	15	401	0	0.10936594009399414	348000	105.47715592384338	254	99.92701149425288	
10460954.089775164	25.45	3.0	29.0	15.0	2.420081812098291	696	133	45	3	29	15	22	3	29	15	401	0	0.10936856269836426	348500	105.58652448654175	254	99.92711621233859	
10460954.089775164	24.714	3.0	29.0	15.0	2.420081812098291	697	133	45	3	29	15	22	3	29	15	401	0	0.15623927116394043	349000	105.74276375770569	254	99.92722063037249	
4649314.286381862	25.634	3.0	29.0	15.0	2.420081812098291	698	133	45	3	29	15	22	3	29	15	401	0	0.15623950958251953	349500	105.89900326728821	254	99.92732474964235	
4649314.286381862	25.45	3.0	29.0	15.0	2.420081812098291	699	133	45	3	29	15	22	3	29	15	401	0	0.15623855590820312	350000	106.05524182319641	254	99.92742857142858	
4649314.286381862	26.094	3.0	29.0	15.0	2.420081812098291	700	133	45	3	29	15	22	3	29	15	401	0	0.15623903274536133	350500	106.21148085594177	254	99.92753209700427	
2.4436672204215384	26.554	3.0	29.0	15.0	2.420081812098291	701	133	45	3	29	15	22	3	29	15	401	0	0.12499189376831055	351000	106.33647274971008	254	99.92763532763533	
3486986.325703201	26.416	3.0	29.0	15.0	2.420081812098291	702	133	45	3	29	15	22	3	29	15	401	0	0.12499141693115234	351500	106.46146416664124	254	99.92773826458037	
5811642.2470605215	26.416	3.0	29.0	15.0	2.420081812098291	703	133	45	3	29	15	22	3	29	15	401	0	0.10936903953552246	352000	106.57083320617676	254	99.9278409090909	
2.4436672204215384	26.232	3.0	29.0	15.0	2.420081812098291	704	133	45	3	29	15	22	3	29	15	401	0	0.14061498641967773	352500	106.71144819259644	254	99.92794326241135	
6973970.207739183	26.324	3.0	29.0	15.0	2.420081812098291	705	133	45	3	29	15	22	3	29	15	401	0	0.15623784065246582	353000	106.8676860332489	254	99.92804532577904	
4649314.286381862	26.232	3.0	29.0	15.0	2.420081812098291	706	133	45	3	29	15	22	3	29	15	401	0	0.09374380111694336	353500	106.96142983436584	254	99.92814710042433	
10460954.089775164	26.232	3.0	29.0	15.0	2.420081812098291	707	133	45	3	29	15	22	3	29	15	401	0	0.10936760902404785	354000	107.07079744338989	254	99.92824858757062	
9298626.129096502	26.508	3.0	29.0	15.0	2.420081812098291	708	133	45	3	29	15	22	3	29	15	401	0	0.15623998641967773	354500	107.22703742980957	254	99.92834978843442	
8136298.168417844	26.922	3.0	29.0	15.0	2.420081812098291	709	133	45	3	29	15	22	3	29	15	401	0	0.12499046325683594	355000	107.3520278930664	254	99.92845070422536	
4649314.286381862	27.474	3.0	29.0	15.0	2.420081812098291	710	133	45	3	29	15	22	3	29	15	401	0	0.10936760902404785	355500	107.46139550209045	254	99.92855133614627	
1162330.4043458805	27.934	3.0	29.0	15.0	2.420081812098291	711	133	45	3	29	15	22	3	29	15	401	0	0.14061737060546875	356000	107.60201287269592	254	99.92865168539326	
8136298.168417844	27.98	3.0	29.0	15.0	2.420081812098291	712	133	45	3	29	15	22	3	29	15	401	0	0.1718616485595703	356500	107.7738745212555	254	99.92875175315568	
2.4436672204215384	27.658	3.0	29.0	15.0	2.420081812098291	713	133	45	3	29	15	22	3	29	15	401	0	0.15623903274536133	357000	107.93011355400085	254	99.92885154061625	
3486986.325703201	27.06	3.0	29.0	15.0	2.420081812098291	714	133	45	3	29	15	22	3	29	15	401	0	0.14061546325683594	357500	108.07072901725769	254	99.92895104895105	
9298626.129096502	27.75	3.0	29.0	15.0	2.420081812098291	715	133	45	3	29	15	22	3	29	15	401	0	0.15623974800109863	358000	108.22696876525879	254	99.92905027932962	
4649314.286381862	28.21	3.0	29.0	15.0	2.420081812098291	716	133	45	3	29	15	22	3	29	15	401	0	0.15624022483825684	358500	108.38320899009705	254	99.92914923291492	
3486986.325703201	29.222	3.0	29.0	15.0	2.420081812098291	717	133	45	3	29	15	22	3	29	15	401	0	0.15623807907104492	359000	108.53944706916809	254	99.92924791086351	
8136298.168417844	30.004	3.0	29.0	15.0	2.420081812098291	718	133	45	3	29	15	22	3	29	15	401	0	0.10936737060546875	359500	108.64881443977356	254	99.92934631432546	
3486986.325703201	29.544	3.0	29.0	15.0	2.420081812098291	719	133	45	3	29	15	22	3	29	15	401	0	0.12499141693115234	360000	108.77380585670471	254	99.92944444444444	
4649314.286381862	28.578	3.0	29.0	15.0	2.420081812098291	720	133	45	3	29	15	22	3	29	15	401	0	0.10936832427978516	360500	108.8831741809845	254	99.92954230235783	
2324658.3650245406	29.268	3.0	29.0	15.0	2.420081812098291	721	133	45	3	29	15	22	3	29	15	401	0	0.17186260223388672	361000	109.05503678321838	254	99.92963988919668	
15110265.932489803	28.532	3.0	29.0	15.0	2.420081812098291	722	133	45	3	29	15	22	3	29	15	401	0	0.14061665534973145	361500	109.19565343856812	254	99.92973720608575	
3486986.325703201	27.198	3.0	29.0	15.0	2.420081812098291	723	133	45	3	29	15	22	3	29	15	401	0	0.14061355590820312	362000	109.33626699447632	254	99.92983425414364	
5811642.2470605215	27.06	3.0	29.0	15.0	2.420081812098291	724	133	45	3	29	15	22	3	29	15	401	0	0.1718738079071045	362500	109.50814080238342	254	99.92993103448276	
5811642.2470605215	26.416	3.0	29.0	15.0	2.420081812098291	725	133	45	3	29	15	22	3	29	15	401	0	0.15623950958251953	363000	109.66438031196594	254	99.93002754820937	
5811642.2470605215	26.094	3.0	29.0	15.0	2.420081812098291	726	133	45	3	29	15	22	3	29	15	401	0	0.1406097412109375	363500	109.80499005317688	254	99.93012379642366	
5811642.2470605215	26.922	3.0	29.0	15.0	2.420081812098291	727	133	45	3	29	15	22	3	29	15	401	0	0.14061188697814941	364000	109.94560194015503	254	99.93021978021979	
2.4436672204215384	27.704	3.0	29.0	15.0	2.420081812098291	728	133	45	3	29	15	22	3	29	15	401	0	0.14061617851257324	364500	110.0862181186676	254	99.93031550068586	
2324658.3650245406	27.612	3.0	29.0	15.0	2.420081812098291	729	133	45	3	29	15	22	3	29	15	401	0	0.14061379432678223	365000	110.22683191299438	254	99.9304109589041	
1162330.4043458805	28.072	3.0	29.0	15.0	2.420081812098291	730	133	45	3	29	15	22	3	29	15	401	0	0.14061498641967773	365500	110.36744689941406	254	99.93050615595075	
6973970.207739183	28.348	3.0	29.0	15.0	2.420081812098291	731	133	45	3	29	15	22	3	29	15	401	0	0.14061546325683594	366000	110.5080623626709	254	99.93060109289617	
3486986.325703201	28.992	3.0	29.0	15.0	2.420081812098291	732	133	45	3	29	15	22	3	29	15	401	0	0.15624094009399414	366500	110.66430330276489	254	99.93069577080492	
2.4436672204215384	29.13	3.0	29.0	15.0	2.420081812098291	733	133	45	3	29	15	22	3	29	15	401	0	0.14061355590820312	367000	110.8049168586731	254	99.93079019073569	
4649314.286381862	29.682	3.0	29.0	15.0	2.420081812098291	734	133	45	3	29	15	22	3	29	15	401	0	0.17186307907104492	367500	110.97677993774414	254	99.93088435374149	
3486986.325703201	28.21	3.0	29.0	15.0	2.420081812098291	735	133	45	3	29	15	22	3	29	15	401	0	0.15623974800109863	368000	111.13301968574524	254	99.93097826086957	
2.4436672204215384	28.164	3.0	29.0	15.0	2.420081812098291	736	133	45	3	29	15	22	3	29	15	401	0	0.15623974800109863	368500	111.28925943374634	254	99.93107191316146	
11623282.050453823	27.888	3.0	29.0	15.0	2.420081812098291	737	133	45	3	29	15	22	3	29	15	401	0	0.15623855590820312	369000	111.44549798965454	254	99.93116531165312	
4649314.286381862	26.876	3.0	29.0	15.0	2.420081812098291	738	133	45	3	29	15	22	3	29	15	401	0	0.14061594009399414	369500	111.58611392974854	254	99.93125845737482	
2.4436672204215384	26.232	3.0	29.0	15.0	2.420081812098291	739	133	45	3	29	15	22	3	29	15	401	0	0.12499094009399414	370000	111.71110486984253	254	99.93135135135135	
2.4436672204215384	25.634	3.0	29.0	15.0	2.420081812098291	740	133	45	3	29	15	22	3	29	15	401	0	0.09374332427978516	370500	111.80484819412231	254	99.93144399460189	
4649314.286381862	25.772	3.0	29.0	15.0	2.420081812098291	741	133	45	3	29	15	22	3	29	15	401	0	0.10936784744262695	371000	111.91421604156494	254	99.93153638814016	
1162330.4043458805	25.266	3.0	29.0	15.0	2.420081812098291	742	133	45	3	29	15	22	3	29	15	401	0	0.12499117851257324	371500	112.03920722007751	254	99.93162853297443	
3486986.325703201	25.082	3.0	29.0	15.0	2.420081812098291	743	133	45	3	29	15	22	3	29	15	401	0	0.12499189376831055	372000	112.16419911384583	254	99.93172043010753	
2324658.3650245406	25.036	3.0	29.0	15.0	2.420081812098291	744	133	45	3	29	15	22	3	29	15	401	0	0.12499237060546875	372500	112.2891914844513	254	99.93181208053691	
6973970.207739183	24.668	3.0	29.0	15.0	2.420081812098291	745	133	45	3	29	15	22	3	29	15	401	0	0.10936665534973145	373000	112.39855813980103	254	99.9319034852547	
8136298.168417844	23.978	3.0	29.0	15.0	2.420081812098291	746	133	45	3	29	15	22	3	29	15	401	0	0.12499165534973145	373500	112.52354979515076	254	99.93199464524766	
9298626.129096502	23.886	3.0	29.0	15.0	2.420081812098291	747	133	45	3	29	15	22	3	29	15	401	0	0.15623831748962402	374000	112.67978811264038	254	99.93208556149733	
4649314.286381862	23.932	3.0	29.0	15.0	2.420081812098291	748	133	45	3	29	15	22	3	29	15	401	0	0.14061713218688965	374500	112.82040524482727	254	99.93217623497998	
2.4436672204215384	23.794	3.0	29.0	15.0	2.420081812098291	749	133	45	3	29	15	22	3	29	15	401	0	0.14061498641967773	375000	112.96102023124695	254	99.93226666666666	
4649314.286381862	23.058	3.0	29.0	15.0	2.420081812098291	750	133	45	3	29	15	22	3	29	15	401	0	0.12499141693115234	375500	113.0860116481781	254	99.9323568575233	
2324658.3650245406	23.104	3.0	29.0	15.0	2.420081812098291	751	133	45	3	29	15	22	3	29	15	401	0	0.12499141693115234	376000	113.21100306510925	254	99.93244680851063	
1162330.4043458805	23.242	3.0	29.0	15.0	2.420081812098291	752	133	45	3	29	15	22	3	29	15	401	0	0.14061427116394043	376500	113.3516173362732	254	99.93253652058434	
10460954.089775164	23.058	3.0	29.0	15.0	2.420081812098291	753	133	45	3	29	15	22	3	29	15	401	0	0.10936927795410156	377000	113.4609866142273	254	99.93262599469496	
2324658.3650245406	23.564	3.0	29.0	15.0	2.420081812098291	754	133	45	3	29	15	22	3	29	15	401	0	0.12499022483825684	377500	113.58597683906555	254	99.93271523178808	
2324658.3650245406	23.38	3.0	29.0	15.0	2.420081812098291	755	133	45	3	29	15	22	3	29	15	401	0	0.09374499320983887	378000	113.67972183227539	254	99.93280423280423	
5811642.2470605215	23.058	3.0	29.0	15.0	2.420081812098291	756	133	45	3	29	15	22	3	29	15	401	0	0.15623784065246582	378500	113.83595967292786	254	99.932892998679	
10460954.089775164	23.15	3.0	29.0	15.0	2.420081812098291	757	133	45	3	29	15	22	3	29	15	401	0	0.12499141693115234	379000	113.96095108985901	254	99.93298153034301	
9298626.129096502	23.472	3.0	29.0	15.0	2.420081812098291	758	133	45	3	29	15	22	3	29	15	401	0	0.12499213218688965	379500	114.0859432220459	254	99.933069828722	
5811642.2470605215	23.15	3.0	29.0	15.0	2.420081812098291	759	133	45	3	29	15	22	3	29	15	401	0	0.14061450958251953	380000	114.22655773162842	254	99.93315789473684	
3486986.325703201	23.61	3.0	29.0	15.0	2.420081812098291	760	133	45	3	29	15	22	3	29	15	401	0	0.12499141693115234	380500	114.35154914855957	254	99.93324572930355	
12785610.011132482	23.932	3.0	29.0	15.0	2.420081812098291	761	133	45	3	29	15	22	3	29	15	401	0	0.14061570167541504	381000	114.49216485023499	254	99.93333333333334	
9298626.129096502	24.392	3.0	29.0	15.0	2.420081812098291	762	133	45	3	29	15	22	3	29	15	401	0	0.12499070167541504	381500	114.6171555519104	254	99.93342070773264	
2.4436672204215384	24.714	3.0	29.0	15.0	2.420081812098291	763	133	45	3	29	15	22	3	29	15	401	0	0.15623950958251953	382000	114.77339506149292	254	99.93350785340314	
2324658.3650245406	24.346	3.0	29.0	15.0	2.420081812098291	764	133	45	3	29	15	22	3	29	15	401	0	0.15623950958251953	382500	114.92963457107544	254	99.93359477124183	
1162330.4043458805	24.484	3.0	29.0	15.0	2.420081812098291	765	133	45	3	29	15	22	3	29	15	401	0	0.12499165534973145	383000	115.05462622642517	254	99.933681462141	
6973970.207739183	23.84	3.0	29.0	15.0	2.420081812098291	766	133	45	3	29	15	22	3	29	15	401	0	0.15623927116394043	383500	115.21086549758911	254	99.93376792698827	
8136298.168417844	24.346	3.0	29.0	15.0	2.420081812098291	767	133	45	3	29	15	22	3	29	15	401	0	0.15623974800109863	384000	115.36710524559021	254	99.93385416666666	
6973970.207739183	24.852	3.0	29.0	15.0	2.420081812098291	768	133	45	3	29	15	22	3	29	15	401	0	0.15623903274536133	384500	115.52334427833557	254	99.93394018205461	
12785610.011132482	24.76	3.0	29.0	15.0	2.420081812098291	769	133	45	3	29	15	22	3	29	15	401	0	0.15623903274536133	385000	115.67958331108093	254	99.93402597402597	
9298626.129096502	24.208	3.0	29.0	15.0	2.420081812098291	770	133	45	3	29	15	22	3	29	15	401	0	0.14061546325683594	385500	115.82019877433777	254	99.93411154345006	
2.4436672204215384	25.082	3.0	29.0	15.0	2.420081812098291	771	133	45	3	29	15	22	3	29	15	401	0	0.12499165534973145	386000	115.9451904296875	254	99.9341968911917	
3486986.325703201	25.404	3.0	29.0	15.0	2.420081812098291	772	133	45	3	29	15	22	3	29	15	401	0	0.10936713218688965	386500	116.05455756187439	254	99.93428201811126	
4649314.286381862	26.6	3.0	29.0	15.0	2.420081812098291	773	133	45	3	29	15	22	3	29	15	401	0	0.14061594009399414	387000	116.19517350196838	254	99.9343669250646	
6973970.207739183	26.784	3.0	29.0	15.0	2.420081812098291	774	133	45	3	29	15	22	3	29	15	401	0	0.14061546325683594	387500	116.33578896522522	254	99.93445161290323	
2324658.3650245406	26.876	3.0	29.0	15.0	2.420081812098291	775	133	45	3	29	15	22	3	29	15	401	0	0.15623879432678223	388000	116.492027759552	254	99.93453608247422	
4649314.286381862	26.186	3.0	29.0	15.0	2.420081812098291	776	133	45	3	29	15	22	3	29	15	401	0	0.14061546325683594	388500	116.63264322280884	254	99.93462033462033	
3486986.325703201	25.726	3.0	29.0	15.0	2.420081812098291	777	133	45	3	29	15	22	3	29	15	401	0	0.14061546325683594	389000	116.77325868606567	254	99.93470437017994	
6973970.207739183	26.278	3.0	29.0	15.0	2.420081812098291	778	133	45	3	29	15	22	3	29	15	401	0	0.10936713218688965	389500	116.88262581825256	254	99.93478818998716	
12785610.011132482	26.784	3.0	29.0	15.0	2.420081812098291	779	133	45	3	29	15	22	3	29	15	401	0	0.1250016689300537	390000	117.00762748718262	254	99.9348717948718	
4649314.286381862	27.198	3.0	29.0	15.0	2.420081812098291	780	133	45	3	29	15	22	3	29	15	401	0	0.12498164176940918	390500	117.13260912895203	254	99.9349551856594	
2324658.3650245406	27.336	3.0	29.0	15.0	2.420081812098291	781	133	45	3	29	15	22	3	29	15	401	0	0.12499141693115234	391000	117.25760054588318	254	99.93503836317136	
8136298.168417844	28.532	3.0	29.0	15.0	2.420081812098291	782	133	45	3	29	15	22	3	29	15	401	0	0.15623974800109863	391500	117.41384029388428	254	99.93512132822478	
10460954.089775164	29.314	3.0	29.0	15.0	2.420081812098291	783	133	45	3	29	15	22	3	29	15	401	0	0.12499094009399414	392000	117.53883123397827	254	99.93520408163265	
6973970.207739183	27.888	3.0	29.0	15.0	2.420081812098291	784	133	45	3	29	15	22	3	29	15	401	0	0.12499141693115234	392500	117.66382265090942	254	99.93528662420383	
2.4436672204215384	28.348	3.0	29.0	15.0	2.420081812098291	785	133	45	3	29	15	22	3	29	15	401	0	0.10936784744262695	393000	117.77319049835205	254	99.935368956743	
2324658.3650245406	28.256	3.0	29.0	15.0	2.420081812098291	786	133	45	3	29	15	22	3	29	15	401	0	0.14061594009399414	393500	117.91380643844604	254	99.93545108005083	
2324658.3650245406	28.532	3.0	29.0	15.0	2.420081812098291	787	133	45	3	29	15	22	3	29	15	401	0	0.10936641693115234	394000	118.0231728553772	254	99.93553299492386	
2.4436672204215384	28.394	3.0	29.0	15.0	2.420081812098291	788	133	45	3	29	15	22	3	29	15	401	0	0.14061570167541504	394500	118.16378855705261	254	99.93561470215462	
2.4436672204215384	27.52	3.0	29.0	15.0	2.420081812098291	789	133	45	3	29	15	22	3	29	15	401	0	0.10936880111694336	395000	118.27315735816956	254	99.93569620253164	
6973970.207739183	27.29	3.0	29.0	15.0	2.420081812098291	790	133	45	3	29	15	22	3	29	15	401	0	0.10936760902404785	395500	118.3825249671936	254	99.93577749683945	
2324658.3650245406	26.232	3.0	29.0	15.0	2.420081812098291	791	133	45	3	29	15	22	3	29	15	401	0	0.09374189376831055	396000	118.47626686096191	254	99.93585858585858	
2324658.3650245406	26.278	3.0	29.0	15.0	2.420081812098291	792	133	45	3	29	15	22	3	29	15	401	0	0.14061570167541504	396500	118.61688256263733	254	99.9359394703657	
2324658.3650245406	26.278	3.0	29.0	15.0	2.420081812098291	793	133	45	3	29	15	22	3	29	15	401	0	0.12499237060546875	397000	118.7418749332428	254	99.9360201511335	
4649314.286381862	25.864	3.0	29.0	15.0	2.420081812098291	794	133	45	3	29	15	22	3	29	15	401	0	0.10936665534973145	397500	118.85124158859253	254	99.93610062893082	
2.4436672204215384	26.186	3.0	29.0	15.0	2.420081812098291	795	133	45	3	29	15	22	3	29	15	401	0	0.14061689376831055	398000	118.99185848236084	254	99.93618090452262	
2.4436672204215384	26.094	3.0	29.0	15.0	2.420081812098291	796	133	45	3	29	15	22	3	29	15	401	0	0.10936689376831055	398500	119.10122537612915	254	99.93626097867	
1162330.4043458805	26.324	3.0	29.0	15.0	2.420081812098291	797	133	45	3	29	15	22	3	29	15	401	0	0.12499189376831055	399000	119.22621726989746	254	99.93634085213033	
4649314.286381862	27.336	3.0	29.0	15.0	2.420081812098291	798	133	45	3	29	15	22	3	29	15	401	0	0.15623903274536133	399500	119.38245630264282	254	99.93642052565707	
2.4436672204215384	26.968	3.0	29.0	15.0	2.420081812098291	799	133	45	3	29	15	22	3	29	15	401	0	0.14061546325683594	400000	119.52307176589966	254	99.9365	
5811642.2470605215	26.646	3.0	29.0	15.0	2.420081812098291	800	133	45	3	29	15	22	3	29	15	401	0	0.15623807907104492	400500	119.6793098449707	254	99.93657927590512	
2324658.3650245406	27.75	3.0	29.0	15.0	2.420081812098291	801	133	45	3	29	15	22	3	29	15	401	0	0.15624022483825684	401000	119.83555006980896	254	99.93665835411471	
8136298.168417844	27.52	3.0	29.0	15.0	2.420081812098291	802	133	45	3	29	15	22	3	29	15	401	0	0.12499237060546875	401500	119.96054244041443	254	99.93673723536737	
1162330.4043458805	27.29	3.0	29.0	15.0	2.420081812098291	803	133	45	3	29	15	22	3	29	15	401	0	0.15624094009399414	402000	120.11678338050842	254	99.936815920398	
8136298.168417844	26.324	3.0	29.0	15.0	2.420081812098291	804	133	45	3	29	15	22	3	29	15	401	0	0.14061498641967773	402500	120.2573983669281	254	99.93689440993789	
3486986.325703201	25.772	3.0	29.0	15.0	2.420081812098291	805	133	45	3	29	15	22	3	29	15	401	0	0.17186188697814941	403000	120.42926025390625	254	99.93697270471463	
9298626.129096502	24.898	3.0	29.0	15.0	2.420081812098291	806	133	45	3	29	15	22	3	29	15	401	0	0.18748831748962402	403500	120.61674857139587	254	99.93705080545229	
8136298.168417844	25.036	3.0	29.0	15.0	2.420081812098291	807	133	45	3	29	15	22	3	29	15	401	0	0.14061594009399414	404000	120.75736451148987	254	99.93712871287129	
3486986.325703201	24.53	3.0	29.0	15.0	2.420081812098291	808	133	45	3	29	15	22	3	29	15	401	0	0.1874856948852539	404500	120.94485020637512	254	99.93720642768851	
4649314.286381862	24.208	3.0	29.0	15.0	2.420081812098291	809	133	45	3	29	15	22	3	29	15	401	0	0.15624117851257324	405000	121.1010913848877	254	99.93728395061729	
2.4436672204215384	23.61	3.0	29.0	15.0	2.420081812098291	810	133	45	3	29	15	22	3	29	15	401	0	0.14061236381530762	405500	121.241703748703	254	99.93736128236745	
2.4436672204215384	23.288	3.0	29.0	15.0	2.420081812098291	811	133	45	3	29	15	22	3	29	15	401	0	0.14061880111694336	406000	121.38232254981995	254	99.93743842364532	
1162330.4043458805	23.38	3.0	29.0	15.0	2.420081812098291	812	133	45	3	29	15	22	3	29	15	401	0	0.12498760223388672	406500	121.50731015205383	254	99.93751537515375	
6973970.207739183	23.334	3.0	29.0	15.0	2.420081812098291	813	133	45	3	29	15	22	3	29	15	401	0	0.10937905311584473	407000	121.61668920516968	254	99.93759213759213	
8136298.168417844	23.702	3.0	29.0	15.0	2.420081812098291	814	133	45	3	29	15	22	3	29	15	401	0	0.12498116493225098	407500	121.74167037010193	254	99.93766871165644	
3486986.325703201	23.656	3.0	29.0	15.0	2.420081812098291	815	133	45	3	29	15	22	3	29	15	401	0	0.09374403953552246	408000	121.83541440963745	254	99.93774509803922	
3486986.325703201	23.426	3.0	29.0	15.0	2.420081812098291	816	133	45	3	29	15	22	3	29	15	401	0	0.17186284065246582	408500	122.00727725028992	254	99.93782129742962	
12785610.011132482	23.104	3.0	29.0	15.0	2.420081812098291	817	133	45	3	29	15	22	3	29	15	401	0	0.12499117851257324	409000	122.13226842880249	254	99.93789731051345	
3486986.325703201	23.38	3.0	29.0	15.0	2.420081812098291	818	133	45	3	29	15	22	3	29	15	401	0	0.14061713218688965	409500	122.27288556098938	254	99.93797313797313	
8136298.168417844	23.564	3.0	29.0	15.0	2.420081812098291	819	133	45	3	29	15	22	3	29	15	401	0	0.1562366485595703	410000	122.42912220954895	254	99.9380487804878	
3486986.325703201	23.242	3.0	29.0	15.0	2.420081812098291	820	133	45	3	29	15	22	3	29	15	401	0	0.15624237060546875	410500	122.58536458015442	254	99.93812423873325	
3486986.325703201	23.012	3.0	29.0	15.0	2.420081812098291	821	133	45	3	29	15	22	3	29	15	401	0	0.12499141693115234	411000	122.71035599708557	254	99.93819951338199	
5811642.2470605215	22.782	3.0	29.0	15.0	2.420081812098291	822	133	45	3	29	15	22	3	29	15	401	0	0.10936737060546875	411500	122.81972336769104	254	99.93827460510327	
2324658.3650245406	23.426	3.0	29.0	15.0	2.420081812098291	823	133	45	3	29	15	22	3	29	15	401	0	0.1562364101409912	412000	122.97595977783203	254	99.9383495145631	
6973970.207739183	23.15	3.0	29.0	15.0	2.420081812098291	824	133	45	3	29	15	22	3	29	15	401	0	0.15623879432678223	412500	123.13219857215881	254	99.93842424242425	
6973970.207739183	23.058	3.0	29.0	15.0	2.420081812098291	825	133	45	3	29	15	22	3	29	15	401	0	0.14061498641967773	413000	123.27281355857849	254	99.93849878934624	
1162330.4043458805	23.334	3.0	29.0	15.0	2.420081812098291	826	133	45	3	29	15	22	3	29	15	401	0	0.14061546325683594	413500	123.41342902183533	254	99.9385731559855	
1162330.4043458805	23.288	3.0	29.0	15.0	2.420081812098291	827	133	45	3	29	15	22	3	29	15	401	0	0.17186570167541504	414000	123.58529472351074	254	99.93864734299517	
2.4436672204215384	23.748	3.0	29.0	15.0	2.420081812098291	828	133	45	3	29	15	22	3	29	15	401	0	0.1093754768371582	414500	123.6946702003479	254	99.93872135102534	
5811642.2470605215	23.978	3.0	29.0	15.0	2.420081812098291	829	133	45	3	29	15	22	3	29	15	401	0	0.14060711860656738	415000	123.83527731895447	254	99.93879518072289	
1162330.4043458805	24.76	3.0	29.0	15.0	2.420081812098291	830	133	45	3	29	15	22	3	29	15	401	0	0.14061379432678223	415500	123.97589111328125	254	99.93886883273164	
9298626.129096502	24.162	3.0	29.0	15.0	2.420081812098291	831	133	45	3	29	15	22	3	29	15	401	0	0.15624260902404785	416000	124.1321337223053	254	99.9389423076923	
2.4436672204215384	24.024	3.0	29.0	15.0	2.420081812098291	832	133	45	3	29	15	22	3	29	15	401	0	0.12498831748962402	416500	124.25712203979492	254	99.93901560624249	
8136298.168417844	24.576	3.0	29.0	15.0	2.420081812098291	833	133	45	3	29	15	22	3	29	15	401	0	0.12499070167541504	417000	124.38211274147034	254	99.93908872901679	
2324658.3650245406	25.772	3.0	29.0	15.0	2.420081812098291	834	133	45	3	29	15	22	3	29	15	401	0	0.14061594009399414	417500	124.52272868156433	254	99.9391616766467	
3486986.325703201	26.968	3.0	29.0	15.0	2.420081812098291	835	133	45	3	29	15	22	3	29	15	401	0	0.15623998641967773	418000	124.67896866798401	254	99.93923444976076	
4649314.286381862	26.968	3.0	29.0	15.0	2.420081812098291	836	133	45	3	29	15	22	3	29	15	401	0	0.14061498641967773	418500	124.81958365440369	254	99.93930704898447	
5811642.2470605215	27.474	3.0	29.0	15.0	2.420081812098291	837	133	45	3	29	15	22	3	29	15	401	0	0.12499260902404785	419000	124.94457626342773	254	99.93937947494034	
6973970.207739183	28.072	3.0	29.0	15.0	2.420081812098291	838	133	45	3	29	15	22	3	29	15	401	0	0.15623760223388672	419500	125.10081386566162	254	99.93945172824792	
4649314.286381862	28.44	3.0	29.0	15.0	2.420081812098291	839	133	45	3	29	15	22	3	29	15	401	0	0.12499117851257324	420000	125.2258050441742	254	99.9395238095238	
15110265.932489803	28.532	3.0	29.0	15.0	2.420081812098291	840	133	45	3	29	15	22	3	29	15	401	0	0.12499284744262695	420500	125.35079789161682	254	99.93959571938169	
4649314.286381862	27.566	3.0	29.0	15.0	2.420081812098291	841	133	45	3	29	15	22	3	29	15	401	0	0.10936737060546875	421000	125.46016526222229	254	99.93966745843231	
2324658.3650245406	28.072	3.0	29.0	15.0	2.420081812098291	842	133	45	3	29	15	22	3	29	15	401	0	0.10937643051147461	421500	125.56954169273376	254	99.93973902728351	
2.4436672204215384	28.624	3.0	29.0	15.0	2.420081812098291	843	133	45	3	29	15	22	3	29	15	401	0	0.15622973442077637	422000	125.72577142715454	254	99.93981042654029	
4649314.286381862	28.256	3.0	29.0	15.0	2.420081812098291	844	133	45	3	29	15	22	3	29	15	401	0	0.10936832427978516	422500	125.83513975143433	254	99.93988165680473	
3486986.325703201	29.222	3.0	29.0	15.0	2.420081812098291	845	133	45	3	29	15	22	3	29	15	401	0	0.10936617851257324	423000	125.9445059299469	254	99.93995271867612	
6973970.207739183	29.268	3.0	29.0	15.0	2.420081812098291	846	133	45	3	29	15	22	3	29	15	401	0	0.12499260902404785	423500	126.06949853897095	254	99.94002361275089	
4649314.286381862	28.854	3.0	29.0	15.0	2.420081812098291	847	133	45	3	29	15	22	3	29	15	401	0	0.14061379432678223	424000	126.21011233329773	254	99.94009433962265	
4649314.286381862	27.934	3.0	29.0	15.0	2.420081812098291	848	133	45	3	29	15	22	3	29	15	401	0	0.10937047004699707	424500	126.31948280334473	254	99.94016489988222	
2324658.3650245406	27.796	3.0	29.0	15.0	2.420081812098291	849	133	45	3	29	15	22	3	29	15	401	0	0.15623736381530762	425000	126.47572016716003	254	99.94023529411764	
1162330.4043458805	28.486	3.0	29.0	15.0	2.420081812098291	850	133	45	3	29	15	22	3	29	15	401	0	0.14061474800109863	425500	126.61633491516113	254	99.94030552291422	
2.4436672204215384	27.796	3.0	29.0	15.0	2.420081812098291	851	133	45	3	29	15	22	3	29	15	401	0	0.12499165534973145	426000	126.74132657051086	254	99.94037558685446	
8136298.168417844	27.474	3.0	29.0	15.0	2.420081812098291	852	133	45	3	29	15	22	3	29	15	401	0	0.10936760902404785	426500	126.85069417953491	254	99.94044548651817	
5811642.2470605215	27.704	3.0	29.0	15.0	2.420081812098291	853	133	45	3	29	15	22	3	29	15	401	0	0.12499117851257324	427000	126.97568535804749	254	99.94051522248243	
2324658.3650245406	27.704	3.0	29.0	15.0	2.420081812098291	854	133	45	3	29	15	22	3	29	15	401	0	0.12499213218688965	427500	127.10067749023438	254	99.94058479532164	
2324658.3650245406	27.52	3.0	29.0	15.0	2.420081812098291	855	133	45	3	29	15	22	3	29	15	401	0	0.15623950958251953	428000	127.2569169998169	254	99.94065420560747	
4649314.286381862	26.968	3.0	29.0	15.0	2.420081812098291	856	133	45	3	29	15	22	3	29	15	401	0	0.14061617851257324	428500	127.39753317832947	254	99.94072345390899	
10460954.089775164	26.922	3.0	29.0	15.0	2.420081812098291	857	133	45	3	29	15	22	3	29	15	401	0	0.10936832427978516	429000	127.50690150260925	254	99.94079254079254	
4649314.286381862	26.048	3.0	29.0	15.0	2.420081812098291	858	133	45	3	29	15	22	3	29	15	401	0	0.12498974800109863	429500	127.63189125061035	254	99.94086146682189	
9298626.129096502	26.232	3.0	29.0	15.0	2.420081812098291	859	133	45	3	29	15	22	3	29	15	401	0	0.15623903274536133	430000	127.78813028335571	254	99.94093023255815	
4649314.286381862	26.232	3.0	29.0	15.0	2.420081812098291	860	133	45	3	29	15	22	3	29	15	401	0	0.18749713897705078	430500	127.97562742233276	254	99.94099883855982	
6973970.207739183	25.128	3.0	29.0	15.0	2.420081812098291	861	133	45	3	29	15	22	3	29	15	401	0	0.14060521125793457	431000	128.1162326335907	254	99.94106728538283	
12785610.011132482	25.312	3.0	29.0	15.0	2.420081812098291	862	133	45	3	29	15	22	3	29	15	401	0	0.14062213897705078	431500	128.25685477256775	254	99.94113557358054	
1162330.4043458805	24.806	3.0	29.0	15.0	2.420081812098291	863	133	45	3	29	15	22	3	29	15	401	0	0.10936284065246582	432000	128.36621761322021	254	99.9412037037037	
2324658.3650245406	24.76	3.0	29.0	15.0	2.420081812098291	864	133	45	3	29	15	22	3	29	15	401	0	0.14061474800109863	432500	128.5068323612213	254	99.94127167630057	
8136298.168417844	24.116	3.0	29.0	15.0	2.420081812098291	865	133	45	3	29	15	22	3	29	15	401	0	0.14061403274536133	433000	128.64744639396667	254	99.94133949191686	
4649314.286381862	25.22	3.0	29.0	15.0	2.420081812098291	866	133	45	3	29	15	22	3	29	15	401	0	0.15624094009399414	433500	128.80368733406067	254	99.94140715109573	
2324658.3650245406	24.99	3.0	29.0	15.0	2.420081812098291	867	133	45	3	29	15	22	3	29	15	401	0	0.12498998641967773	434000	128.92867732048035	254	99.94147465437788	
6973970.207739183	24.484	3.0	29.0	15.0	2.420081812098291	868	133	45	3	29	15	22	3	29	15	401	0	0.12499260902404785	434500	129.0536699295044	254	99.94154200230149	
4649314.286381862	24.392	3.0	29.0	15.0	2.420081812098291	869	133	45	3	29	15	22	3	29	15	401	0	0.12498998641967773	435000	129.17865991592407	254	99.9416091954023	
6973970.207739183	24.714	3.0	29.0	15.0	2.420081812098291	870	133	45	3	29	15	22	3	29	15	401	0	0.12499141693115234	435500	129.30365133285522	254	99.94167623421355	
2324658.3650245406	24.07	3.0	29.0	15.0	2.420081812098291	871	133	45	3	29	15	22	3	29	15	401	0	0.14061594009399414	436000	129.44426727294922	254	99.94174311926605	
8136298.168417844	24.208	3.0	29.0	15.0	2.420081812098291	872	133	45	3	29	15	22	3	29	15	401	0	0.15623855590820312	436500	129.60050582885742	254	99.9418098510882	
9298626.129096502	23.564	3.0	29.0	15.0	2.420081812098291	873	133	45	3	29	15	22	3	29	15	401	0	0.15624094009399414	437000	129.75674676895142	254	99.94187643020595	
10460954.089775164	23.656	3.0	29.0	15.0	2.420081812098291	874	133	45	3	29	15	22	3	29	15	401	0	0.17186188697814941	437500	129.92860865592957	254	99.94194285714286	
10460954.089775164	22.736	3.0	29.0	15.0	2.420081812098291	875	133	45	3	29	15	22	3	29	15	401	0	0.14061617851257324	438000	130.06922483444214	254	99.9420091324201	
1162330.4043458805	22.92	3.0	29.0	15.0	2.420081812098291	876	133	45	3	29	15	22	3	29	15	401	0	0.14061760902404785	438500	130.2098424434662	254	99.94207525655644	
4649314.286381862	22.69	3.0	29.0	15.0	2.420081812098291	877	133	45	3	29	15	22	3	29	15	401	0	0.15623807907104492	439000	130.36608052253723	254	99.94214123006833	
2.4436672204215384	23.012	3.0	29.0	15.0	2.420081812098291	878	133	45	3	29	15	22	3	29	15	401	0	0.17186307907104492	439500	130.53794360160828	254	99.94220705346986	
9298626.129096502	22.92	3.0	29.0	15.0	2.420081812098291	879	133	45	3	29	15	22	3	29	15	401	0	0.15623807907104492	440000	130.69418168067932	254	99.94227272727272	
9298626.129096502	23.242	3.0	29.0	15.0	2.420081812098291	880	133	45	3	29	15	22	3	29	15	401	0	0.18748736381530762	440500	130.88166904449463	254	99.94233825198638	
1162330.4043458805	23.334	3.0	29.0	15.0	2.420081812098291	881	133	45	3	29	15	22	3	29	15	401	0	0.17186355590820312	441000	131.05353260040283	254	99.94240362811792	
3486986.325703201	23.748	3.0	29.0	15.0	2.420081812098291	882	133	45	3	29	15	22	3	29	15	401	0	0.10936832427978516	441500	131.16290092468262	254	99.94246885617214	
6973970.207739183	24.392	3.0	29.0	15.0	2.420081812098291	883	133	45	3	29	15	22	3	29	15	401	0	0.10936689376831055	442000	131.27226781845093	254	99.94253393665159	
3486986.325703201	24.438	3.0	29.0	15.0	2.420081812098291	884	133	45	3	29	15	22	3	29	15	401	0	0.12499094009399414	442500	131.39725875854492	254	99.9425988700565	
5811642.2470605215	24.116	3.0	29.0	15.0	2.420081812098291	885	133	45	3	29	15	22	3	29	15	401	0	0.10936737060546875	443000	131.5066261291504	254	99.94266365688487	
2.4436672204215384	24.438	3.0	29.0	15.0	2.420081812098291	886	133	45	3	29	15	22	3	29	15	401	0	0.10936832427978516	443500	131.61599445343018	254	99.94272829763247	
8136298.168417844	24.116	3.0	29.0	15.0	2.420081812098291	887	133	45	3	29	15	22	3	29	15	401	0	0.12499046325683594	444000	131.740984916687	254	99.94279279279279	
11623282.050453823	24.438	3.0	29.0	15.0	2.420081812098291	888	133	45	3	29	15	22	3	29	15	401	0	0.14061546325683594	444500	131.88160037994385	254	99.94285714285714	
5811642.2470605215	24.162	3.0	29.0	15.0	2.420081812098291	889	133	45	3	29	15	22	3	29	15	401	0	0.15623903274536133	445000	132.0378394126892	254	99.94292134831461	
5811642.2470605215	24.3	3.0	29.0	15.0	2.420081812098291	890	133	45	3	29	15	22	3	29	15	401	0	0.15624022483825684	445500	132.19407963752747	254	99.94298540965208	
4649314.286381862	24.806	3.0	29.0	15.0	2.420081812098291	891	133	45	3	29	15	22	3	29	15	401	0	0.15623879432678223	446000	132.35031843185425	254	99.94304932735426	
4649314.286381862	25.496	3.0	29.0	15.0	2.420081812098291	892	133	45	3	29	15	22	3	29	15	401	0	0.14061522483825684	446500	132.4909336566925	254	99.94311310190369	
2.4436672204215384	26.002	3.0	29.0	15.0	2.420081812098291	893	133	45	3	29	15	22	3	29	15	401	0	0.14061641693115234	447000	132.63155007362366	254	99.94317673378076	
8136298.168417844	25.726	3.0	29.0	15.0	2.420081812098291	894	133	45	3	29	15	22	3	29	15	401	0	0.17186188697814941	447500	132.8034119606018	254	99.94324022346369	
6973970.207739183	24.806	3.0	29.0	15.0	2.420081812098291	895	133	45	3	29	15	22	3	29	15	401	0	0.15623974800109863	448000	132.9596517086029	254	99.94330357142857	
11623282.050453823	24.714	3.0	29.0	15.0	2.420081812098291	896	133	45	3	29	15	22	3	29	15	401	0	0.15623974800109863	448500	133.115891456604	254	99.94336677814938	
9298626.129096502	24.622	3.0	29.0	15.0	2.420081812098291	897	133	45	3	29	15	22	3	29	15	401	0	0.15623950958251953	449000	133.27213096618652	254	99.94342984409799	
6973970.207739183	24.806	3.0	29.0	15.0	2.420081812098291	898	133	45	3	29	15	22	3	29	15	401	0	0.187485933303833	449500	133.45961689949036	254	99.94349276974415	
3486986.325703201	24.392	3.0	29.0	15.0	2.420081812098291	899	133	45	3	29	15	22	3	29	15	401	0	0.1718733310699463	450000	133.6314902305603	254	99.94355555555556	
10460954.089775164	23.748	3.0	29.0	15.0	2.420081812098291	900	133	45	3	29	15	22	3	29	15	401	0	0.14060544967651367	450500	133.77209568023682	254	99.94361820199778	
2.4436672204215384	23.61	3.0	29.0	15.0	2.420081812098291	901	133	45	3	29	15	22	3	29	15	401	0	0.15623950958251953	451000	133.92833518981934	254	99.94368070953436	
9298626.129096502	23.104	3.0	29.0	15.0	2.420081812098291	902	133	45	3	29	15	22	3	29	15	401	0	0.14061689376831055	451500	134.06895208358765	254	99.9437430786268	
2.4436672204215384	23.196	3.0	29.0	15.0	2.420081812098291	903	133	45	3	29	15	22	3	29	15	401	0	0.14061474800109863	452000	134.20956683158875	254	99.94380530973451	
8136298.168417844	23.61	3.0	29.0	15.0	2.420081812098291	904	133	45	3	29	15	22	3	29	15	401	0	0.17186212539672852	452500	134.38142895698547	254	99.94386740331491	
2.4436672204215384	23.702	3.0	29.0	15.0	2.420081812098291	905	133	45	3	29	15	22	3	29	15	401	0	0.12499189376831055	453000	134.50642085075378	254	99.9439293598234	
3486986.325703201	23.748	3.0	29.0	15.0	2.420081812098291	906	133	45	3	29	15	22	3	29	15	401	0	0.15623879432678223	453500	134.66265964508057	254	99.94399117971334	
4649314.286381862	24.254	3.0	29.0	15.0	2.420081812098291	907	133	45	3	29	15	22	3	29	15	401	0	0.12499213218688965	454000	134.78765177726746	254	99.94405286343613	
2.4436672204215384	24.438	3.0	29.0	15.0	2.420081812098291	908	133	45	3	29	15	22	3	29	15	401	0	0.12499141693115234	454500	134.9126431941986	254	99.94411441144115	
10460954.089775164	23.886	3.0	29.0	15.0	2.420081812098291	909	133	45	3	29	15	22	3	29	15	401	0	0.14061546325683594	455000	135.05325865745544	254	99.94417582417583	
5811642.2470605215	23.932	3.0	29.0	15.0	2.420081812098291	910	133	45	3	29	15	22	3	29	15	401	0	0.17186331748962402	455500	135.22512197494507	254	99.94423710208562	
8136298.168417844	23.196	3.0	29.0	15.0	2.420081812098291	911	133	45	3	29	15	22	3	29	15	401	0	0.1874866485595703	456000	135.41260862350464	254	99.94429824561404	
5811642.2470605215	23.518	3.0	29.0	15.0	2.420081812098291	912	133	45	3	29	15	22	3	29	15	401	0	0.17186617851257324	456500	135.5844748020172	254	99.94435925520263	
9298626.129096502	23.794	3.0	29.0	15.0	2.420081812098291	913	133	45	3	29	15	22	3	29	15	401	0	0.1562366485595703	457000	135.74071145057678	254	99.94442013129103	
2.4436672204215384	23.932	3.0	29.0	15.0	2.420081812098291	914	133	45	3	29	15	22	3	29	15	401	0	0.15623998641967773	457500	135.89695143699646	254	99.94448087431694	
8136298.168417844	24.76	3.0	29.0	15.0	2.420081812098291	915	133	45	3	29	15	22	3	29	15	401	0	0.15624213218688965	458000	136.05319356918335	254	99.94454148471615	
2.4436672204215384	25.036	3.0	29.0	15.0	2.420081812098291	916	133	45	3	29	15	22	3	29	15	401	0	0.12498831748962402	458500	136.17818188667297	254	99.94460196292258	
4649314.286381862	25.772	3.0	29.0	15.0	2.420081812098291	917	133	45	3	29	15	22	3	29	15	401	0	0.12499213218688965	459000	136.30317401885986	254	99.9446623093682	
9298626.129096502	26.462	3.0	29.0	15.0	2.420081812098291	918	133	45	3	29	15	22	3	29	15	401	0	0.12499117851257324	459500	136.42816519737244	254	99.94472252448314	
3486986.325703201	27.06	3.0	29.0	15.0	2.420081812098291	919	133	45	3	29	15	22	3	29	15	401	0	0.12499189376831055	460000	136.55315709114075	254	99.94478260869565	
5811642.2470605215	27.06	3.0	29.0	15.0	2.420081812098291	920	133	45	3	29	15	22	3	29	15	401	0	0.14061498641967773	460500	136.69377207756042	254	99.94484256243214	
6973970.207739183	27.336	3.0	29.0	15.0	2.420081812098291	921	133	45	3	29	15	22	3	29	15	401	0	0.14061737060546875	461000	136.8343894481659	254	99.94490238611714	
4649314.286381862	26.508	3.0	29.0	15.0	2.420081812098291	922	133	45	3	29	15	22	3	29	15	401	0	0.17186260223388672	461500	137.00625205039978	254	99.94496208017335	
8136298.168417844	25.91	3.0	29.0	15.0	2.420081812098291	923	133	45	3	29	15	22	3	29	15	401	0	0.12499022483825684	462000	137.13124227523804	254	99.94502164502164	
3486986.325703201	26.186	3.0	29.0	15.0	2.420081812098291	924	133	45	3	29	15	22	3	29	15	401	0	0.15623950958251953	462500	137.28748178482056	254	99.94508108108109	
6973970.207739183	26.416	3.0	29.0	15.0	2.420081812098291	925	133	45	3	29	15	22	3	29	15	401	0	0.14061450958251953	463000	137.42809629440308	254	99.9451403887689	
4649314.286381862	27.014	3.0	29.0	15.0	2.420081812098291	926	133	45	3	29	15	22	3	29	15	401	0	0.2187347412109375	463500	137.646831035614	254	99.94519956850054	
16272593.893168462	27.428	3.0	29.0	15.0	2.420081812098291	927	133	45	3	29	15	22	3	29	15	401	0	0.12499475479125977	464000	137.77182579040527	254	99.94525862068966	
2324658.3650245406	27.382	3.0	29.0	15.0	2.420081812098291	928	133	45	3	29	15	22	3	29	15	401	0	0.10936474800109863	464500	137.88119053840637	254	99.94531754574811	
2324658.3650245406	28.256	3.0	29.0	15.0	2.420081812098291	929	133	45	3	29	15	22	3	29	15	401	0	0.1562497615814209	465000	138.0374402999878	254	99.94537634408603	
1162330.4043458805	27.06	3.0	29.0	15.0	2.420081812098291	930	133	45	3	29	15	22	3	29	15	401	0	0.17186284065246582	465500	138.20930314064026	254	99.9454350161117	
2.4436672204215384	27.658	3.0	29.0	15.0	2.420081812098291	931	133	45	3	29	15	22	3	29	15	401	0	0.15623068809509277	466000	138.36553382873535	254	99.94549356223176	
9298626.129096502	27.98	3.0	29.0	15.0	2.420081812098291	932	133	45	3	29	15	22	3	29	15	401	0	0.10936856269836426	466500	138.47490239143372	254	99.94555198285101	
12785610.011132482	27.152	3.0	29.0	15.0	2.420081812098291	933	133	45	3	29	15	22	3	29	15	401	0	0.15623736381530762	467000	138.63113975524902	254	99.94561027837258	
2324658.3650245406	25.818	3.0	29.0	15.0	2.420081812098291	934	133	45	3	29	15	22	3	29	15	401	0	0.17186260223388672	467500	138.8030023574829	254	99.94566844919787	
6973970.207739183	26.14	3.0	29.0	15.0	2.420081812098291	935	133	45	3	29	15	22	3	29	15	401	0	0.15624046325683594	468000	138.95924282073975	254	99.94572649572649	
2.4436672204215384	25.496	3.0	29.0	15.0	2.420081812098291	936	133	45	3	29	15	22	3	29	15	401	0	0.1718614101409912	468500	139.13110423088074	254	99.94578441835645	
8136298.168417844	26.278	3.0	29.0	15.0	2.420081812098291	937	133	45	3	29	15	22	3	29	15	401	0	0.15624022483825684	469000	139.287344455719	254	99.94584221748401	
8136298.168417844	25.036	3.0	29.0	15.0	2.420081812098291	938	133	45	3	29	15	22	3	29	15	401	0	0.1406247615814209	469500	139.42796921730042	254	99.94589989350372	
1162330.4043458805	24.806	3.0	29.0	15.0	2.420081812098291	939	133	45	3	29	15	22	3	29	15	401	0	0.12498283386230469	470000	139.55295205116272	254	99.9459574468085	
4649314.286381862	24.392	3.0	29.0	15.0	2.420081812098291	940	133	45	3	29	15	22	3	29	15	401	0	0.12499022483825684	470500	139.67794227600098	254	99.94601487778958	
2.4436672204215384	24.346	3.0	29.0	15.0	2.420081812098291	941	133	45	3	29	15	22	3	29	15	401	0	0.10936808586120605	471000	139.78731036186218	254	99.94607218683652	
2324658.3650245406	24.944	3.0	29.0	15.0	2.420081812098291	942	133	45	3	29	15	22	3	29	15	401	0	0.10936617851257324	471500	139.89667654037476	254	99.94612937433722	
2324658.3650245406	24.622	3.0	29.0	15.0	2.420081812098291	943	133	45	3	29	15	22	3	29	15	401	0	0.12499260902404785	472000	140.0216691493988	254	99.94618644067796	
2.4436672204215384	24.484	3.0	29.0	15.0	2.420081812098291	944	133	45	3	29	15	22	3	29	15	401	0	0.14061474800109863	472500	140.1622838973999	254	99.94624338624338	
2324658.3650245406	24.484	3.0	29.0	15.0	2.420081812098291	945	133	45	3	29	15	22	3	29	15	401	0	0.10936760902404785	473000	140.27165150642395	254	99.94630021141649	
2324658.3650245406	24.898	3.0	29.0	15.0	2.420081812098291	946	133	45	3	29	15	22	3	29	15	401	0	0.17186355590820312	473500	140.44351506233215	254	99.94635691657867	
3486986.325703201	24.07	3.0	29.0	15.0	2.420081812098291	947	133	45	3	29	15	22	3	29	15	401	0	0.14061522483825684	474000	140.5841302871704	254	99.9464135021097	
6973970.207739183	24.668	3.0	29.0	15.0	2.420081812098291	948	133	45	3	29	15	22	3	29	15	401	0	0.12499117851257324	474500	140.70912146568298	254	99.94646996838777	
6973970.207739183	25.542	3.0	29.0	15.0	2.420081812098291	949	133	45	3	29	15	22	3	29	15	401	0	0.14061498641967773	475000	140.84973645210266	254	99.94652631578947	
2.4436672204215384	25.312	3.0	29.0	15.0	2.420081812098291	950	133	45	3	29	15	22	3	29	15	401	0	0.17186331748962402	475500	141.02159976959229	254	99.9465825446898	
5811642.2470605215	24.944	3.0	29.0	15.0	2.420081812098291	951	133	45	3	29	15	22	3	29	15	401	0	0.12499117851257324	476000	141.14659094810486	254	99.94663865546218	
8136298.168417844	24.484	3.0	29.0	15.0	2.420081812098291	952	133	45	3	29	15	22	3	29	15	401	0	0.14061546325683594	476500	141.2872064113617	254	99.94669464847848	
4649314.286381862	24.76	3.0	29.0	15.0	2.420081812098291	953	133	45	3	29	15	22	3	29	15	401	0	0.15624141693115234	477000	141.44344782829285	254	99.94675052410902	
6973970.207739183	24.714	3.0	29.0	15.0	2.420081812098291	954	133	45	3	29	15	22	3	29	15	401	0	0.12499690055847168	477500	141.56844472885132	254	99.94680628272252	
2324658.3650245406	24.392	3.0	29.0	15.0	2.420081812098291	955	133	45	3	29	15	22	3	29	15	401	0	0.1562337875366211	478000	141.72467851638794	254	99.94686192468619	
1162330.4043458805	25.128	3.0	29.0	15.0	2.420081812098291	956	133	45	3	29	15	22	3	29	15	401	0	0.14061546325683594	478500	141.86529397964478	254	99.94691745036573	
4649314.286381862	24.76	3.0	29.0	15.0	2.420081812098291	957	133	45	3	29	15	22	3	29	15	401	0	0.14061355590820312	479000	142.00590753555298	254	99.94697286012526	
5811642.2470605215	24.162	3.0	29.0	15.0	2.420081812098291	958	133	45	3	29	15	22	3	29	15	401	0	0.15624380111694336	479500	142.16215133666992	254	99.94702815432743	
10460954.089775164	24.484	3.0	29.0	15.0	2.420081812098291	959	133	45	3	29	15	22	3	29	15	401	0	0.1562345027923584	480000	142.31838583946228	254	99.94708333333334	
4649314.286381862	24.76	3.0	29.0	15.0	2.420081812098291	960	133	45	3	29	15	22	3	29	15	401	0	0.15624141693115234	480500	142.47462725639343	254	99.9471383975026	
6973970.207739183	24.392	3.0	29.0	15.0	2.420081812098291	961	133	45	3	29	15	22	3	29	15	401	0	0.15623927116394043	481000	142.63086652755737	254	99.94719334719335	
5811642.2470605215	23.84	3.0	29.0	15.0	2.420081812098291	962	133	45	3	29	15	22	3	29	15	401	0	0.15623760223388672	481500	142.78710412979126	254	99.9472481827622	
1162330.4043458805	24.53	3.0	29.0	15.0	2.420081812098291	963	133	45	3	29	15	22	3	29	15	401	0	0.15623927116394043	482000	142.9433434009552	254	99.94730290456431	
4649314.286381862	24.438	3.0	29.0	15.0	2.420081812098291	964	133	45	3	29	15	22	3	29	15	401	0	0.1562495231628418	482500	143.09959292411804	254	99.94735751295337	
2.4436672204215384	24.806	3.0	29.0	15.0	2.420081812098291	965	133	45	3	29	15	22	3	29	15	401	0	0.15622949600219727	483000	143.25582242012024	254	99.94741200828157	
2.4436672204215384	24.346	3.0	29.0	15.0	2.420081812098291	966	133	45	3	29	15	22	3	29	15	401	0	0.12499117851257324	483500	143.3808135986328	254	99.94746639089969	
6973970.207739183	24.484	3.0	29.0	15.0	2.420081812098291	967	133	45	3	29	15	22	3	29	15	401	0	0.15624570846557617	484000	143.5370593070984	254	99.94752066115703	
2.4436672204215384	24.76	3.0	29.0	15.0	2.420081812098291	968	133	45	3	29	15	22	3	29	15	401	0	0.1249849796295166	484500	143.6620442867279	254	99.94757481940144	
4649314.286381862	24.852	3.0	29.0	15.0	2.420081812098291	969	133	45	3	29	15	22	3	29	15	401	0	0.12499237060546875	485000	143.78703665733337	254	99.94762886597938	
1162330.4043458805	24.024	3.0	29.0	15.0	2.420081812098291	970	133	45	3	29	15	22	3	29	15	401	0	0.14061450958251953	485500	143.9276511669159	254	99.94768280123584	
2.4436672204215384	23.702	3.0	29.0	15.0	2.420081812098291	971	133	45	3	29	15	22	3	29	15	401	0	0.15623927116394043	486000	144.08389043807983	254	99.94773662551441	
2324658.3650245406	23.656	3.0	29.0	15.0	2.420081812098291	972	133	45	3	29	15	22	3	29	15	401	0	0.15624094009399414	486500	144.24013137817383	254	99.94779033915725	
3486986.325703201	23.518	3.0	29.0	15.0	2.420081812098291	973	133	45	3	29	15	22	3	29	15	401	0	0.15623855590820312	487000	144.39636993408203	254	99.94784394250513	
3486986.325703201	24.07	3.0	29.0	15.0	2.420081812098291	974	133	45	3	29	15	22	3	29	15	401	0	0.15623974800109863	487500	144.55260968208313	254	99.94789743589743	
3486986.325703201	23.978	3.0	29.0	15.0	2.420081812098291	975	133	45	3	29	15	22	3	29	15	401	0	0.14061379432678223	488000	144.6932234764099	254	99.94795081967213	
4649314.286381862	23.656	3.0	29.0	15.0	2.420081812098291	976	133	45	3	29	15	22	3	29	15	401	0	0.14061546325683594	488500	144.83383893966675	254	99.94800409416581	
4649314.286381862	23.242	3.0	29.0	15.0	2.420081812098291	977	133	45	3	29	15	22	3	29	15	401	0	0.15624094009399414	489000	144.99007987976074	254	99.9480572597137	
3486986.325703201	23.196	3.0	29.0	15.0	2.420081812098291	978	133	45	3	29	15	22	3	29	15	401	0	0.10936594009399414	489500	145.09944581985474	254	99.94811031664965	
3486986.325703201	23.334	3.0	29.0	15.0	2.420081812098291	979	133	45	3	29	15	22	3	29	15	401	0	0.10936737060546875	490000	145.2088131904602	254	99.94816326530612	
2324658.3650245406	23.15	3.0	29.0	15.0	2.420081812098291	980	133	45	3	29	15	22	3	29	15	401	0	0.14061570167541504	490500	145.34942889213562	254	99.94821610601427	
2324658.3650245406	22.874	3.0	29.0	15.0	2.420081812098291	981	133	45	3	29	15	22	3	29	15	401	0	0.10936880111694336	491000	145.45879769325256	254	99.94826883910387	
2.4436672204215384	23.104	3.0	29.0	15.0	2.420081812098291	982	133	45	3	29	15	22	3	29	15	401	0	0.15624022483825684	491500	145.61503791809082	254	99.94832146490336	
1162330.4043458805	23.242	3.0	29.0	15.0	2.420081812098291	983	133	45	3	29	15	22	3	29	15	401	0	0.14061498641967773	492000	145.7556529045105	254	99.94837398373984	
5811642.2470605215	23.242	3.0	29.0	15.0	2.420081812098291	984	133	45	3	29	15	22	3	29	15	401	0	0.1249997615814209	492500	145.88065266609192	254	99.94842639593908	
6973970.207739183	23.15	3.0	29.0	15.0	2.420081812098291	985	133	45	3	29	15	22	3	29	15	401	0	0.12498140335083008	493000	146.00563406944275	254	99.94847870182556	
2.4436672204215384	22.69	3.0	29.0	15.0	2.420081812098291	986	133	45	3	29	15	22	3	29	15	401	0	0.12499117851257324	493500	146.13062524795532	254	99.94853090172239	
13947937.971811144	22.736	3.0	29.0	15.0	2.420081812098291	987	133	45	3	29	15	22	3	29	15	401	0	0.15623974800109863	494000	146.28686499595642	254	99.94858299595141	
2.4436672204215384	22.69	3.0	29.0	15.0	2.420081812098291	988	133	45	3	29	15	22	3	29	15	401	0	0.09374380111694336	494500	146.38060879707336	254	99.94863498483316	
4649314.286381862	22.552	3.0	29.0	15.0	2.420081812098291	989	133	45	3	29	15	22	3	29	15	401	0	0.14061522483825684	495000	146.52122402191162	254	99.94868686868686	
3486986.325703201	22.414	3.0	29.0	15.0	2.420081812098291	990	133	45	3	29	15	22	3	29	15	401	0	0.12499332427978516	495500	146.6462173461914	254	99.94873864783048	
3486986.325703201	22.23	3.0	29.0	15.0	2.420081812098291	991	133	45	3	29	15	22	3	29	15	401	0	0.1249992847442627	496000	146.77121663093567	254	99.94879032258065	
6973970.207739183	22.138	3.0	29.0	15.0	2.420081812098291	992	133	45	3	29	15	22	3	29	15	401	0	0.14060521125793457	496500	146.9118218421936	254	99.94884189325278	
2324658.3650245406	22.414	3.0	29.0	15.0	2.420081812098291	993	133	45	3	29	15	22	3	29	15	401	0	0.15623974800109863	497000	147.0680615901947	254	99.94889336016097	
9298626.129096502	22.276	3.0	29.0	15.0	2.420081812098291	994	133	45	3	29	15	22	3	29	15	401	0	0.12499141693115234	497500	147.19305300712585	254	99.94894472361808	
1162330.4043458805	22.368	3.0	29.0	15.0	2.420081812098291	995	133	45	3	29	15	22	3	29	15	401	0	0.14061570167541504	498000	147.33366870880127	254	99.94899598393575	
4649314.286381862	22.322	3.0	29.0	15.0	2.420081812098291	996	133	45	3	29	15	22	3	29	15	401	0	0.10936737060546875	498500	147.44303607940674	254	99.94904714142427	
2324658.3650245406	22.368	3.0	29.0	15.0	2.420081812098291	997	133	45	3	29	15	22	3	29	15	401	0	0.15623903274536133	499000	147.5992751121521	254	99.94909819639278	
2324658.3650245406	22.23	3.0	29.0	15.0	2.420081812098291	998	133	45	3	29	15	22	3	29	15	401	0	0.15623927116394043	499500	147.75551438331604	254	99.94914914914915	
2324658.3650245406	22.046	3.0	29.0	15.0	2.420081812098291	999	133	45	3	29	15	22	3	29	15	401	0	0.15623950958251953	500000	147.91175389289856	254	99.9492	
2324658.3650245406	22.046	3.0	29.0	15.0	2.420081812098291	1000	133	45	3	29	15	22	3	29	15	401	0	0.15623879432678223	500500	148.06799268722534	254	99.94925074925075	
