ave_fitness	ave_genome_length	ave_tree_depth	ave_tree_nodes	ave_used_codons	best_fitness	gen	invalids	max_genome_length	max_tree_depth	max_tree_nodes	max_used_codons	min_genome_length	min_tree_depth	min_tree_nodes	min_used_codons	runtime_error	time_adjust	time_taken	total_inds	total_time	unique_inds	unused_search	
1.252717118534599e+44	100.774	6.49	130.21	67.35	41.347660638237016	0	0	180	10	232	120	22	3	29	15	321	0	6.636677265167236	500	6.636677265167236	179	64.2	
9.225327316730977e+40	72.49	4.092039800995025	60.669154228855724	31.380597014925375	41.347660638237016	1	99	180	13.0	319.0	165.0	22	3.0	29.0	15.0	441	0	0.18748807907104492	1000	6.824165344238281	451	54.9	
4.995461214432758e+46	72.3	3.434684684684685	41.60585585585586	21.52027027027027	41.347660638237016	2	156	180	9.0	203.0	105.0	22	3.0	29.0	15.0	490	0	0.18748760223388672	1500	7.011652946472168	811	45.93333333333334	
4.772871044608028e+35	77.914	3.270440251572327	36.84276729559748	19.056603773584907	33.76371651593366	3	179	180	13.0	319.0	165.0	22	3.0	29.0	15.0	517	0	0.2031106948852539	2000	7.214763641357422	1215	39.24999999999999	
2.4586840924240414e+30	81.59	3.2333333333333334	35.766666666666666	18.5	30.723093981591422	4	199	180	8.0	174.0	90.0	22	3.0	29.0	15.0	551	0	0.2031116485595703	2500	7.417875289916992	1608	35.68000000000001	
8.935506940771631e+29	77.214	3.1638655462184873	33.752100840336134	17.45798319327731	30.723093981591422	5	223	180	7.0	145.0	75.0	22	3.0	29.0	15.0	591	0	0.12499046325683594	3000	7.542865753173828	2002	33.266666666666666	
8.077788177311919e+39	77.248	3.1784232365145226	34.17427385892116	17.676348547717843	27.21643968570139	6	241	180	7.0	145.0	75.0	22	3.0	29.0	15.0	636	0	0.14061522483825684	3500	7.683480978012085	2382	31.942857142857136	
2.4272771838089413e+40	68.352	3.141649048625793	33.10782241014799	17.12473572938689	24.9032860460259	7	268	180	6.0	116.0	60.0	22	3.0	29.0	15.0	670	0	0.10936784744262695	4000	7.792848825454712	2777	30.575000000000003	
1.0660976980376601e+40	64.804	3.130252100840336	32.77731092436975	16.95378151260504	24.9032860460259	8	292	180	7.0	145.0	75.0	22	3.0	29.0	15.0	696	0	0.15623855590820312	4500	7.949087381362915	3192	29.066666666666663	
7.548604100940941e+29	62.734	3.0694736842105264	31.014736842105265	16.042105263157893	24.9032860460259	9	318	180	6.0	116.0	60.0	22	3.0	29.0	15.0	717	0	0.17186498641967773	5000	8.120952367782593	3591	28.180000000000007	
1.0450009167068018e+43	66.71	3.0658174097664546	30.908704883227177	15.987261146496815	24.230942065920186	10	348	180	5.0	87.0	45.0	22	3.0	29.0	15.0	739	0	0.17186307907104492	5500	8.292815446853638	3992	27.41818181818182	
2.4094991150445597e+39	73.304	3.089958158995816	31.60878661087866	16.34937238493724	24.19614177084593	11	371	180	5.0	87.0	45.0	22	3.0	29.0	15.0	765	0	0.14061522483825684	6000	8.433430671691895	4383	26.950000000000003	
2.7072096150703157e+40	77.404	3.174736842105263	34.067368421052635	17.621052631578948	24.19614177084593	12	397	180	9.0	203.0	105.0	22	3.0	29.0	15.0	799	0	0.14061498641967773	6500	8.574045658111572	4782	26.43076923076923	
2.357640633238895e+37	67.966	3.1271186440677967	32.686440677966104	16.906779661016948	24.19614177084593	13	425	180	9.0	203.0	105.0	22	3.0	29.0	15.0	814	0	0.15623855590820312	7000	8.730284214019775	5187	25.900000000000006	
2.5028700147028877e+38	69.326	3.0727650727650726	31.11018711018711	16.091476091476093	24.141006644612343	14	445	180	7.0	145.0	75.0	22	3.0	29.0	15.0	825	0	0.15623927116394043	7500	8.886523485183716	5608	25.22666666666666	
7.95336843667877e+33	68.57	3.1082802547770703	32.140127388535035	16.62420382165605	24.1402629487576	15	475	180	7.0	145.0	75.0	22	3.0	29.0	15.0	840	0	0.2031102180480957	8000	9.089633703231812	6015	24.8125	
2.7645995180183875e+25	62.65	3.0639658848614073	30.85501066098081	15.959488272921108	24.1402629487576	16	506	180	7.0	145.0	75.0	22	3.0	29.0	15.0	852	0	0.14061760902404785	8500	9.23025131225586	6426	24.400000000000006	
4.944783823401002e+28	63.19	3.1143451143451144	32.316008316008315	16.715176715176714	24.1402629487576	17	526	180	6.0	116.0	60.0	22	3.0	29.0	15.0	862	0	0.14061546325683594	9000	9.370866775512695	6845	23.944444444444443	
2.619772916717797e+22	71.088	3.133047210300429	32.858369098712444	16.99570815450644	20.78682835519165	18	561	180	6.0	116.0	60.0	22	3.0	29.0	15.0	874	0	0.17186260223388672	9500	9.542729377746582	7247	23.71578947368421	
3.174301135853739e+29	65.868	3.0635593220338984	30.843220338983052	15.953389830508474	20.629789573526974	19	590	180	5.0	87.0	45.0	22	3.0	29.0	15.0	882	0	0.12499094009399414	10000	9.667720317840576	7665	23.35000000000001	
1.322605163541526e+28	65.414	3.0843881856540083	31.447257383966246	16.265822784810126	20.391917119677263	20	617	180	9.0	203.0	105.0	22	3.0	29.0	15.0	889	0	0.14061570167541504	10500	9.808336019515991	8085	23.0	
1.0228251275401865e+32	69.154	3.0606694560669454	30.759414225941423	15.910041841004183	20.35403493922462	21	640	180	5.0	87.0	45.0	22	3.0	29.0	15.0	900	0	0.17186212539672852	11000	9.98019814491272	8498	22.74545454545455	
1.3681584246086803e+28	62.782	3.0785562632696393	31.278131634819534	16.178343949044585	18.987078350941058	22	670	180	5.0	87.0	45.0	22	3.0	29.0	15.0	909	0	0.18748736381530762	11500	10.167685508728027	8913	22.495652173913044	
7.404362570131588e+17	57.688	3.0618336886993602	30.79317697228145	15.927505330490405	18.1292654978952	23	701	180	6.0	116.0	60.0	22	3.0	29.0	15.0	918	0	0.18748736381530762	12000	10.355172872543335	9313	22.391666666666666	
3.0449342449732026e+22	51.692	3.0606060606060606	30.757575757575758	15.909090909090908	18.1292654978952	24	740	157	4.0	58.0	30.0	22	3.0	29.0	15.0	926	0	0.12499117851257324	12500	10.480164051055908	9716	22.272000000000006	
4.524851373952941e+35	53.734	3.065075921908894	30.887201735357916	15.976138828633406	18.1292654978952	25	780	157	4.0	58.0	30.0	22	3.0	29.0	15.0	936	0	0.14061617851257324	13000	10.620780229568481	10110	22.230769230769226	
2.892986859664629e+28	56.854	3.081370449678801	31.359743040685224	16.220556745182012	17.33473807846876	26	814	157	6.0	116.0	60.0	22	3.0	29.0	15.0	944	0	0.15623784065246582	13500	10.777018070220947	10522	22.05925925925925	
1.0103131786871031e+22	49.452	3.041304347826087	30.19782608695652	15.619565217391305	17.33473807846876	27	855	157	4.0	58.0	30.0	22	3.0	29.0	15.0	948	0	0.18748950958251953	14000	10.964507579803467	10928	21.942857142857136	
1836862923461454.0	54.624	3.054229934924078	30.572668112798265	15.813449023861171	17.33473807846876	28	895	157	4.0	58.0	30.0	22	3.0	29.0	15.0	950	0	0.17186284065246582	14500	11.136370420455933	11337	21.813793103448276	
2.1600814614192796e+31	54.256	3.0794701986754967	31.304635761589402	16.192052980132452	17.33473807846876	29	943	157	6.0	116.0	60.0	22	3.0	29.0	15.0	959	0	0.14061522483825684	15000	11.27698564529419	11736	21.760000000000005	
2474439957331975.5	53.692	3.0792291220556747	31.29764453961456	16.18843683083512	17.33473807846876	30	977	157	6.0	116.0	60.0	22	3.0	29.0	15.0	967	0	0.187485933303833	15500	11.464471578598022	12145	21.645161290322577	
753559354.554222	51.806	3.0743982494529543	31.15754923413567	16.11597374179431	17.33473807846876	31	1021	157	9.0	203.0	105.0	22	3.0	29.0	15.0	972	0	0.17186594009399414	16000	11.636337518692017	12538	21.637500000000003	
6.062201842642102e+36	52.224	3.053763440860215	30.559139784946236	15.806451612903226	17.33473807846876	32	1057	157	4.0	58.0	30.0	22	3.0	29.0	15.0	980	0	0.12498927116394043	16500	11.761326789855957	12924	21.672727272727272	
1.6592230742952651e+34	49.754	3.0527472527472526	30.52967032967033	15.791208791208792	17.33473807846876	33	1103	157	4.0	58.0	30.0	22	3.0	29.0	15.0	990	0	0.18748831748962402	17000	11.948815107345581	13313	21.688235294117646	
246229189959.13702	51.288	3.0460526315789473	30.335526315789473	15.69078947368421	17.33473807846876	34	1148	157	4.0	58.0	30.0	22	3.0	29.0	15.0	994	0	0.17186212539672852	17500	12.12067723274231	13712	21.64571428571429	
2.051692949025634e+32	52.38	3.0517241379310347	30.5	15.775862068965518	16.292214877489783	35	1185	157	4.0	58.0	30.0	22	3.0	29.0	15.0	994	0	0.14061856269836426	18000	12.261295795440674	14122	21.544444444444437	
5.193779927167211e+17	53.474	3.1299559471365637	32.768722466960355	16.949339207048457	15.678008266581916	36	1232	157	9.0	203.0	105.0	22	3.0	29.0	15.0	1007	0	0.12499070167541504	18500	12.386286497116089	14507	21.583783783783787	
129886504631170.2	55.07	3.071111111111111	31.06222222222222	16.066666666666666	15.678008266581916	37	1283	157	4.0	58.0	30.0	22	3.0	29.0	15.0	1009	0	0.15623736381530762	19000	12.542523860931396	14906	21.547368421052624	
1.1119437478471328e+22	61.566	3.07741935483871	31.24516129032258	16.161290322580644	15.678008266581916	38	1319	157	6.0	116.0	60.0	22	3.0	29.0	15.0	1020	0	0.1691420078277588	19500	12.711665868759155	15301	21.53333333333333	
4.713795961274686e+26	70.408	3.1829787234042555	34.306382978723406	17.74468085106383	15.623930329319007	39	1350	157	9.0	203.0	105.0	22	3.0	29.0	15.0	1030	0	0.15624022483825684	20000	12.867906093597412	15698	21.50999999999999	
2.855064197557104e+27	76.268	3.1965065502183405	34.698689956331876	17.94759825327511	15.623930329319007	40	1393	157	9.0	203.0	105.0	22	3.0	29.0	15.0	1044	0	0.15623879432678223	20500	13.024144887924194	16086	21.53170731707317	
10974735780.475567	86.872	3.230769230769231	35.69230769230769	18.46153846153846	15.623930329319007	41	1426	157	9.0	203.0	105.0	22	3.0	29.0	15.0	1058	0	0.17186355590820312	21000	13.196008443832397	16495	21.452380952380963	
57407504301482.55	98.662	3.365904365904366	39.61122661122661	20.488565488565488	15.319255562945104	42	1445	157	9.0	203.0	105.0	22	3.0	29.0	15.0	1089	0	0.18748927116394043	21500	13.383497714996338	16906	21.36744186046512	
935167570.4905003	103.242	3.3436853002070395	38.966873706004144	20.15527950310559	15.319255562945104	43	1463	157	9.0	203.0	105.0	22	3.0	29.0	15.0	1105	0	0.1874845027923584	22000	13.570982217788696	17324	21.254545454545465	
3186443461686.754	107.112	3.3285123966942147	38.52685950413223	19.927685950413224	15.319255562945104	44	1479	157	9.0	203.0	105.0	22	3.0	29.0	15.0	1125	0	0.17186331748962402	22500	13.74284553527832	17739	21.159999999999997	
1751020035.8792794	112.218	3.340122199592668	38.86354378818737	20.10183299389002	15.319255562945104	45	1488	157	9.0	203.0	105.0	22	3.0	29.0	15.0	1141	0	0.203110933303833	23000	13.945956468582153	18164	21.026086956521738	
9.998646878531064e+33	111.752	3.352	39.208	20.28	15.319255562945104	46	1488	157	9	203	105	22	3	29	15	1159	0	0.15623998641967773	23500	14.102196455001831	18601	20.846808510638297	
7.768494294345686e+31	115.962	3.3601609657947686	39.44466800804829	20.40241448692153	15.319255562945104	47	1491	157	9.0	203.0	105.0	22	3.0	29.0	15.0	1177	0	0.2031106948852539	24000	14.305307149887085	19036	20.683333333333337	
7.851905400499318e+39	119.01	3.470707070707071	42.65050505050505	22.060606060606062	15.095437710309794	48	1496	157	9.0	203.0	105.0	22	3.0	29.0	15.0	1207	0	0.17186307907104492	24500	14.47717022895813	19463	20.559183673469377	
6.825128398560578e+41	117.752	3.5281124497991967	44.31526104417671	22.92168674698795	15.095437710309794	49	1498	157	9.0	203.0	105.0	22	3.0	29.0	15.0	1232	0	0.15623998641967773	25000	14.633410215377808	19902	20.391999999999996	
2.8848926239220077e+19	117.464	3.562	45.298	23.43	15.095437710309794	50	1499	157	9	203	105	22	3	29	15	1260	0	0.18748831748962402	25500	14.820898532867432	20333	20.26274509803922	
4.4391254799957906e+21	117.612	3.556	45.124	23.34	15.095422280531873	51	1499	157	9	203	105	67	3	29	15	1294	0	0.15623974800109863	26000	14.97713828086853	20762	20.14615384615385	
1635838209632.7927	116.74	3.444	41.876	21.66	15.095422280531873	52	1499	157	9	203	105	67	3	29	15	1312	0	0.14061355590820312	26500	15.117751836776733	21202	19.992452830188682	
5.369893971371549e+24	116.892	3.538	44.602	23.07	15.095422280531873	53	1499	157	9	203	105	67	3	29	15	1341	0	0.18748736381530762	27000	15.305239200592041	21637	19.862962962962953	
2.1992257529866555e+29	120.872	3.482	42.978	22.23	15.095422280531873	54	1499	157	9	203	105	67	3	29	15	1370	0	0.2343583106994629	27500	15.539597511291504	22075	19.72727272727272	
1.9140270834448796e+36	123.484	3.522	44.138	22.83	15.095422280531873	55	1499	157	9	203	105	67	3	29	15	1391	0	0.18748784065246582	28000	15.72708535194397	22509	19.61071428571428	
1.8485663960249647e+31	125.732	3.54	44.66	23.1	15.095422280531873	56	1499	157	9	203	105	67	3	29	15	1416	0	0.2187345027923584	28500	15.945819854736328	22947	19.484210526315792	
1.732473113347133e+26	120.312	3.548	44.892	23.22	15.095422280531873	57	1499	157	9	203	105	67	3	29	15	1445	0	0.18748784065246582	29000	16.133307695388794	23385	19.36206896551724	
6.764519716968488e+31	119.668	3.478	42.862	22.17	15.095422280531873	58	1499	157	9	203	105	67	3	29	15	1477	0	0.2031114101409912	29500	16.336419105529785	23807	19.298305084745763	
1.6817649580816534e+30	120.28	3.462	42.398	21.93	15.002827386274362	59	1499	157	9	203	105	67	3	29	15	1515	0	0.2187349796295166	30000	16.5551540851593	24226	19.24666666666667	
3.0203661908295774e+36	122.048	3.464	42.456	21.96	15.002827386274362	60	1499	157	9	203	105	67	3	29	15	1544	0	0.2031111717224121	30500	16.758265256881714	24660	19.14754098360656	
2.969139243014473e+28	123.104	3.522	44.138	22.83	15.002827386274362	61	1499	157	9	203	105	67	3	29	15	1573	0	0.18748831748962402	31000	16.945753574371338	25101	19.029032258064518	
5.77591342398517e+37	126.676	3.568	45.472	23.52	15.002827386274362	62	1499	157	9	203	105	67	3	29	15	1602	0	0.203108549118042	31500	17.14886212348938	25530	18.95238095238095	
9.239571450017544e+33	125.596	3.576	45.704	23.64	15.002827386274362	63	1499	157	9	203	105	67	3	29	15	1634	0	0.17186474800109863	32000	17.32072687149048	25968	18.849999999999994	
9.776215425271641e+30	127.056	3.526	44.254	22.89	14.843397897694475	64	1499	157	9	203	105	67	3	29	15	1669	0	0.2187349796295166	32500	17.539461851119995	26402	18.763076923076923	
9.108456989507342e+34	132.04	3.676	48.604	25.14	14.793603364946009	65	1499	157	9	203	105	67	3	29	15	1705	0	0.21599841117858887	33000	17.755460262298584	26837	18.675757575757572	
3.99420203551638e+24	132.536	3.602	46.458	24.03	14.793603364946009	66	1499	157	9	203	105	67	3	29	15	1738	0	0.20311212539672852	33500	17.958572387695312	27263	18.617910447761204	
5.167259289982259e+47	133.396	3.598	46.342	23.97	14.793603364946009	67	1499	157	9	203	105	67	3	29	15	1778	0	0.17186307907104492	34000	18.130435466766357	27687	18.56764705882354	
3.150095435573067e+28	134.532	3.632	47.328	24.48	14.793603364946009	68	1499	157	9	203	105	67	3	29	15	1819	0	0.15624117851257324	34500	18.28667664527893	28113	18.51304347826087	
2.0941976060289513e+36	134.904	3.66	48.14	24.9	14.793603364946009	69	1499	157	9	203	105	67	3	29	15	1858	0	0.1874854564666748	35000	18.474162101745605	28540	18.457142857142856	
2.8533138552831713e+23	134.728	3.632	47.328	24.48	14.793603364946009	70	1499	135	9	203	105	67	3	29	15	1901	0	0.17186307907104492	35500	18.64602518081665	28963	18.414084507042247	
2.779377859773165e+33	134.864	3.666	48.314	24.99	14.793603364946009	71	1499	135	9	203	105	67	3	29	15	1947	0	0.15623903274536133	36000	18.80226421356201	29379	18.391666666666666	
2.22751238000761e+16	135.0	3.786	51.794	26.79	14.378082652161117	72	1499	135	9	203	105	135	3	29	15	1997	0	0.2343597412109375	36500	19.03662395477295	29803	18.347945205479448	
1.4953367160230175e+35	135.0	3.876	54.404	28.14	13.16832133903994	73	1499	135	9	203	105	135	3	29	15	2045	0	0.249983549118042	37000	19.28660750389099	30237	18.278378378378378	
1.7181453502020677e+35	135.0	3.826	52.954	27.39	13.16832133903994	74	1499	135	9	203	105	135	3	29	15	2089	0	0.2031102180480957	37500	19.489717721939087	30674	18.202666666666673	
5.2770413862360193e+20	135.0	3.826	52.954	27.39	13.16832133903994	75	1499	135	9	203	105	135	3	29	15	2142	0	0.20311403274536133	38000	19.69283175468445	31101	18.155263157894737	
1.8971348460088846e+28	135.0	3.842	53.418	27.63	13.16832133903994	76	1499	135	9	203	105	135	3	29	15	2198	0	0.2031078338623047	38500	19.895939588546753	31519	18.13246753246753	
2.932861486922246e+39	135.0	3.73	50.17	25.95	13.130245780652357	77	1499	135	9	203	105	135	3	29	15	2245	0	0.20311284065246582	39000	20.09905242919922	31941	18.10000000000001	
9.320751703688015e+23	135.0	3.672	48.488	25.08	13.130245780652357	78	1499	135	9	203	105	135	3	29	15	2295	0	0.1874856948852539	39500	20.286538124084473	32364	18.065822784810123	
1.8067434214200037e+30	135.0	3.654	47.966	24.81	13.130245780652357	79	1499	135	9	203	105	135	3	29	15	2340	0	0.203110933303833	40000	20.489649057388306	32781	18.0475	
4.535285009880385e+29	135.0	3.492	43.268	22.38	13.055103477966963	80	1499	135	9	203	105	135	3	29	15	2366	0	0.15623879432678223	40500	20.645887851715088	33208	18.004938271604942	
1.9100776982014986e+18	135.0	3.48	42.92	22.2	13.038367576479356	81	1499	135	9	203	105	135	3	29	15	2389	0	0.2187354564666748	41000	20.864623308181763	33644	17.941463414634157	
1.2127288081388603e+32	135.0	3.496	43.384	22.44	13.038367576479356	82	1499	135	9	203	105	135	3	29	15	2413	0	0.2031106948852539	41500	21.067734003067017	34088	17.860240963855418	
4.678991193388747e+39	135.0	3.454	42.166	21.81	13.038367576479356	83	1499	135	9	203	105	135	3	29	15	2440	0	0.2031111717224121	42000	21.27084517478943	34525	17.79761904761905	
1.6775615460829417e+26	135.0	3.502	43.558	22.53	13.038001948311827	84	1499	135	9	203	105	135	3	29	15	2470	0	0.2031114101409912	42500	21.47395658493042	34950	17.764705882352942	
2.2916370669949245e+28	135.0	3.498	43.442	22.47	13.037995854462302	85	1499	135	11	261	135	135	3	29	15	2507	0	0.18748760223388672	43000	21.661444187164307	35365	17.75581395348837	
6.081574466813085e+22	135.0	3.386	40.194	20.79	12.718054147676646	86	1499	135	9	203	105	135	3	29	15	2526	0	0.2187354564666748	43500	21.88017964363098	35796	17.710344827586212	
8.216861017127126e+38	135.0	3.516	43.964	22.74	12.718054147676646	87	1499	135	9	203	105	135	3	29	15	2561	0	0.15624022483825684	44000	22.03641986846924	36212	17.700000000000003	
8.72888291563344e+25	135.0	3.464	42.456	21.96	12.718054147676646	88	1499	135	9	203	105	135	3	29	15	2586	0	0.15623974800109863	44500	22.192659616470337	36647	17.647191011235947	
4.862089849860452e+26	135.0	3.394	40.426	20.91	12.718054147676646	89	1499	135	9	203	105	135	3	29	15	2606	0	0.17186188697814941	45000	22.364521503448486	37072	17.617777777777775	
1.4968650917771503e+40	135.0	3.564	45.356	23.46	12.718054147676646	90	1499	135	9	203	105	135	3	29	15	2638	0	0.21873736381530762	45500	22.583258867263794	37507	17.567032967032972	
1.325286389502895e+27	135.0	3.554	45.066	23.31	12.718054147676646	91	1499	135	9	203	105	135	3	29	15	2675	0	0.17186188697814941	46000	22.755120754241943	37938	17.526086956521738	
1.220780196260044e+21	135.0	3.552	45.008	23.28	12.718054147676646	92	1499	135	9	203	105	135	3	29	15	2701	0	0.20079803466796875	46500	22.955918788909912	38360	17.505376344086017	
7.924541912118699e+23	135.0	3.606	46.574	24.09	12.718054147676646	93	1499	135	9	203	105	135	3	29	15	2730	0	0.18748950958251953	47000	23.14340829849243	38796	17.45531914893617	
5.62293923542165e+23	135.0	3.624	47.096	24.36	12.717587864694288	94	1499	135	9	203	105	135	3	29	15	2768	0	0.1718614101409912	47500	23.315269708633423	39217	17.43789473684211	
7.323088665293646e+34	135.0	3.646	47.734	24.69	12.717587864694288	95	1499	135	9	203	105	135	3	29	15	2803	0	0.2031104564666748	48000	23.518380165100098	39643	17.410416666666663	
9.159813714806348e+27	135.0	3.584	45.936	23.76	12.717587864694288	96	1499	135	9	203	105	135	3	29	15	2831	0	0.20311236381530762	48500	23.721492528915405	40079	17.362886597938143	
8.217484009808103e+26	135.0	3.612	46.748	24.18	12.490149070829816	97	1499	135	9	203	105	135	3	29	15	2863	0	0.2343578338623047	49000	23.95585036277771	40512	17.322448979591826	
2.5978788115846156e+33	135.0	3.656	48.024	24.84	12.490149070829816	98	1499	135	9	203	105	135	3	29	15	2902	0	0.18748712539672852	49500	24.14333748817444	40940	17.292929292929287	
7.271319674068342e+43	135.0	3.722	49.938	25.83	12.490149070829816	99	1499	135	9	203	105	135	3	29	15	2940	0	0.2031116485595703	50000	24.34644913673401	41368	17.263999999999996	
403254802122.59064	135.0	3.636	47.444	24.54	12.490149070829816	100	1499	135	9	203	105	135	3	29	15	2971	0	0.1874864101409912	50500	24.533935546875	41811	17.205940594059413	
1.9397635191954137e+39	135.0	3.702	49.358	25.53	12.490149070829816	101	1499	135	9	203	105	135	3	29	15	3012	0	0.2031111717224121	51000	24.737046718597412	42233	17.19019607843137	
3.1087920657967775e+18	135.0	3.634	47.386	24.51	12.490149070829816	102	1499	135	9	203	105	135	3	29	15	3052	0	0.20311212539672852	51500	24.94015884399414	42664	17.157281553398064	
4.733762813580964e+17	135.0	3.722	49.938	25.83	12.490149070829816	103	1499	135	9	203	105	135	3	29	15	3103	0	0.2343578338623047	52000	25.174516677856445	43078	17.1576923076923	
4.517354090865851e+25	135.0	3.65	47.85	24.75	12.490149070829816	104	1499	135	9	203	105	135	3	29	15	3147	0	0.2343587875366211	52500	25.408875465393066	43501	17.140952380952385	
1.5936660841596714e+24	135.0	3.514	43.906	22.71	12.490149070829816	105	1499	135	9	203	105	135	3	29	15	3187	0	0.2187364101409912	53000	25.627611875534058	43929	17.115094339622644	
5.832556127519022e+28	135.0	3.506	43.674	22.59	12.490149070829816	106	1499	135	9	203	105	135	3	29	15	3221	0	0.14061355590820312	53500	25.76822543144226	44355	17.093457943925245	
4.6889105819266073e+39	135.0	3.466	42.514	21.99	12.490149070829816	107	1499	135	9	203	105	135	3	29	15	3249	0	0.2031114101409912	54000	25.971336841583252	44791	17.053703703703704	
8.843056882046003e+37	135.0	3.474	42.746	22.11	12.490149070829816	108	1499	135	9	203	105	135	3	29	15	3271	0	0.2187352180480957	54500	26.190072059631348	45233	17.003669724770646	
1.7736731680904118e+43	135.0	3.524	44.196	22.86	12.490047211408337	109	1499	135	9	203	105	135	3	29	15	3306	0	0.2187352180480957	55000	26.408807277679443	45661	16.97999999999999	
1.8052238517678622e+25	135.0	3.744	50.576	26.16	12.490047211408337	110	1499	135	9	203	105	135	3	29	15	3354	0	0.2343599796295166	55500	26.64316725730896	46084	16.965765765765767	
1.8579954972773905e+30	135.0	3.734	50.286	26.01	12.490047211408337	111	1499	135	9	203	105	135	3	29	15	3405	0	0.2187354564666748	56000	26.861902713775635	46493	16.97678571428571	
1.183716834584776e+38	135.0	3.608	46.632	24.12	12.365610968606905	112	1499	135	9	203	105	135	3	29	15	3442	0	0.17186403274536133	56500	27.033766746520996	46920	16.955752212389385	
6.684861199069135e+39	135.0	3.696	49.184	25.44	12.365610968606905	113	1499	135	9	203	105	135	3	29	15	3489	0	0.2031087875366211	57000	27.236875534057617	47336	16.954385964912277	
1.0323034681430128e+39	135.0	3.678	48.662	25.17	12.365610968606905	114	1499	135	11	261	135	135	3	29	15	3527	0	0.2187349796295166	57500	27.455610513687134	47767	16.92695652173913	
2.5171661205604542e+26	135.0	3.49	43.21	22.35	12.365610968606905	115	1499	135	9	203	105	135	3	29	15	3561	0	0.1874866485595703	58000	27.643097162246704	48199	16.89827586206897	
4.8237470559706275e+39	135.0	3.602	46.458	24.03	12.365610968606905	116	1499	135	9	203	105	135	3	29	15	3595	0	0.2343597412109375	58500	27.87745690345764	48621	16.88717948717948	
1.6732601550814635e+41	135.0	3.554	45.066	23.31	12.365610968606905	117	1499	135	9	203	105	135	3	29	15	3628	0	0.18748736381530762	59000	28.06494426727295	49056	16.854237288135593	
2.115151466292425e+45	135.0	3.632	47.328	24.48	12.365610968606905	118	1499	135	9	203	105	135	3	29	15	3664	0	0.14061474800109863	59500	28.205559015274048	49479	16.842016806722697	
3.458713712400979e+35	135.0	3.712	49.648	25.68	12.365610968606905	119	1499	135	9	203	105	135	3	29	15	3702	0	0.2031114101409912	60000	28.40867042541504	49899	16.834999999999994	
8.0235949700631e+35	135.0	3.588	46.052	23.82	12.365610968606905	120	1499	135	9	203	105	135	3	29	15	3729	0	0.15623998641967773	60500	28.564910411834717	50334	16.803305785123968	
8.995232461530321e+38	135.0	3.56	45.24	23.4	12.365610968606905	121	1499	135	9	203	105	135	3	29	15	3765	0	0.2187364101409912	61000	28.783646821975708	50766	16.77704918032788	
7.400881058447241e+27	135.0	3.67	48.43	25.05	12.365610968606905	122	1499	135	9	203	105	135	3	29	15	3812	0	0.1874864101409912	61500	28.9711332321167	51181	16.77886178861789	
4.458598726637168e+26	135.0	3.582	45.878	23.73	12.346540625834107	123	1499	135	9	203	105	135	3	29	15	3842	0	0.2031104564666748	62000	29.174243688583374	51620	16.74193548387096	
5.5022144535846e+38	135.0	3.708	49.532	25.62	12.346540625834107	124	1499	135	9	203	105	135	3	29	15	3884	0	0.2187345027923584	62500	29.392978191375732	52041	16.734400000000008	
5.159032096926454e+23	135.0	3.694	49.126	25.41	12.346540625834107	125	1499	135	9	203	105	135	3	29	15	3922	0	0.2187354564666748	63000	29.611713647842407	52481	16.696825396825403	
5.709723163760799e+33	135.0	3.586	45.994	23.79	12.346540625834107	126	1499	135	9	203	105	135	3	29	15	3958	0	0.15647578239440918	63500	29.768189430236816	52915	16.66929133858268	
5.160054674006461e+28	135.0	3.714	49.706	25.71	12.346540625834107	127	1499	135	9	203	105	135	3	29	15	4003	0	0.15624165534973145	64000	29.924431085586548	53340	16.65625	
1.3081521059329083e+40	135.0	3.682	48.778	25.23	12.346540625834107	128	1499	135	9	203	105	135	3	29	15	4038	0	0.1874864101409912	64500	30.11191749572754	53779	16.6217054263566	
3.2417679360220704e+16	135.0	3.642	47.618	24.63	12.308158472750838	129	1499	135	9	203	105	135	3	29	15	4072	0	0.2031097412109375	65000	30.315027236938477	54225	16.57692307692308	
9.298155504583259e+31	135.0	3.604	46.516	24.06	12.308158472750838	130	1499	135	9	203	105	135	3	29	15	4106	0	0.2031116485595703	65500	30.518138885498047	54656	16.555725190839695	
1.6164632279184077e+33	135.0	3.734	50.286	26.01	12.308158472750838	131	1499	135	9	203	105	135	3	29	15	4151	0	0.2343597412109375	66000	30.752498626708984	55080	16.545454545454547	
5.829886638759172e+30	135.0	3.766	51.214	26.49	12.308158472750838	132	1499	135	9	203	105	135	3	29	15	4202	0	0.2343590259552002	66500	30.986857652664185	55499	16.542857142857144	
7.560018745513239e+30	135.0	3.688	48.952	25.32	12.308158472750838	133	1499	135	9	203	105	135	3	29	15	4240	0	0.2031106948852539	67000	31.18996834754944	55935	16.514925373134332	
7.440562378854836e+33	135.0	3.784	51.736	26.76	12.308158472750838	134	1499	135	9	203	105	135	3	29	15	4287	0	0.218735933303833	67500	31.40870428085327	56361	16.502222222222215	
4.4815918905403435e+20	135.0	3.64	47.56	24.6	12.308158472750838	135	1499	135	9	203	105	135	3	29	15	4328	0	0.2031102180480957	68000	31.611814498901367	56791	16.483823529411765	
1.6741071923699216e+19	135.0	3.824	52.896	27.36	12.308050831415052	136	1499	135	9	203	105	135	3	29	15	4381	0	0.2187340259552002	68500	31.830548524856567	57204	16.49051094890511	
1.6122295233547484e+37	135.0	3.688	48.952	25.32	12.308050831415052	137	1499	135	9	203	105	135	3	29	15	4428	0	0.234360933303833	69000	32.0649094581604	57634	16.472463768115944	
2.5670336824571687e+19	135.0	3.812	52.548	27.18	12.196135325480906	138	1499	135	9	203	105	135	3	29	15	4487	0	0.2343583106994629	69500	32.29926776885986	58048	16.477697841726624	
2.061066675982174e+36	135.0	3.824	52.896	27.36	12.167873912836592	139	1499	135	9	203	105	135	3	29	15	4552	0	0.2187340259552002	70000	32.51800179481506	58450	16.5	
4.812013330360121e+26	135.0	3.746	50.634	26.19	12.167873912836592	140	1499	135	9	203	105	135	3	29	15	4601	0	0.2031111717224121	70500	32.721112966537476	58869	16.49787234042553	
1.072534960260291e+23	135.0	3.764	51.156	26.46	12.167873912836592	141	1499	135	9	203	105	135	3	29	15	4650	0	0.18748736381530762	71000	32.90860033035278	59287	16.49718309859155	
4.978800259898227e+28	135.0	3.786	51.794	26.79	12.167873912836592	142	1499	135	9	203	105	135	3	29	15	4704	0	0.2499833106994629	71500	33.158583641052246	59705	16.496503496503507	
1.3842281078160047e+35	135.0	3.884	54.636	28.26	12.167873912836592	143	1499	135	9	203	105	135	3	29	15	4761	0	0.218735933303833	72000	33.37731957435608	60119	16.501388888888897	
3.371755061365286e+27	135.0	3.842	53.418	27.63	12.167873912836592	144	1499	135	9	203	105	135	3	29	15	4822	0	0.2031099796295166	72500	33.580429553985596	60533	16.506206896551717	
3.401046484575789e+26	135.0	3.866	54.114	27.99	11.999494934897173	145	1499	135	9	203	105	135	3	29	15	4879	0	0.2344813346862793	73000	33.814910888671875	60950	16.506849315068493	
1.729740228546445e+38	135.0	3.918	55.622	28.77	11.999494934897173	146	1499	135	9	203	105	135	3	29	15	4950	0	0.2343595027923584	73500	34.04927039146423	61352	16.527891156462587	
1.5249019466864212e+31	135.0	3.844	53.476	27.66	11.999494934897173	147	1499	135	9	203	105	135	3	29	15	5006	0	0.2187354564666748	74000	34.26800584793091	61764	16.535135135135135	
7.549123317804617e+38	135.0	3.692	49.068	25.38	11.999494934897173	148	1499	135	9	203	105	135	3	29	15	5051	0	0.2343592643737793	74500	34.50236511230469	62195	16.516778523489933	
1.1269697506395015e+22	135.0	3.656	48.024	24.84	11.999494934897173	149	1499	135	9	203	105	135	3	29	15	5105	0	0.2343597412109375	75000	34.736724853515625	62610	16.519999999999996	
6.348112794703574e+16	135.0	3.458	42.282	21.87	11.999494934897173	150	1499	135	9	203	105	135	3	29	15	5132	0	0.2187342643737793	75500	34.955459117889404	63046	16.495364238410588	
3.8866545576756787e+33	135.0	3.508	43.732	22.62	11.999494934897173	151	1499	135	9	203	105	135	3	29	15	5158	0	0.2031111717224121	76000	35.158570289611816	63487	16.464473684210517	
2.7166114334763944e+38	135.0	3.5	43.5	22.5	11.999494934897173	152	1499	135	9	203	105	135	3	29	15	5193	0	0.17186212539672852	76500	35.330432415008545	63910	16.457516339869287	
1.6569053570774766e+18	135.0	3.404	40.716	21.06	11.94230674555177	153	1499	135	9	203	105	135	3	29	15	5216	0	0.2031116485595703	77000	35.533544063568115	64340	16.441558441558442	
2.5725037067936524e+26	135.0	3.522	44.138	22.83	11.94230674555177	154	1499	135	9	203	105	135	3	29	15	5251	0	0.2031116485595703	77500	35.736655712127686	64758	16.44129032258064	
1471109154.6593618	135.0	3.596	46.284	23.94	11.938071363862681	155	1499	135	9	203	105	135	3	29	15	5292	0	0.20311617851257324	78000	35.93977189064026	65172	16.446153846153848	
600954071657.016	135.0	3.534	44.486	23.01	11.938071363862681	156	1499	135	9	203	105	135	3	29	15	5331	0	0.20310521125793457	78500	36.14287710189819	65589	16.44713375796178	
5.3883366138679075e+35	135.0	3.492	43.268	22.38	11.938071363862681	157	1499	135	9	203	105	135	3	29	15	5362	0	0.20311379432678223	79000	36.345990896224976	66008	16.445569620253167	
4.879097315458244e+29	135.0	3.436	41.644	21.54	11.938071363862681	158	1499	135	9	203	105	135	3	29	15	5395	0	0.1718616485595703	79500	36.517852544784546	66437	16.4314465408805	
2.267058694898707e+29	135.0	3.454	42.166	21.81	11.938071363862681	159	1499	135	9	203	105	135	3	29	15	5432	0	0.2187347412109375	80000	36.73658728599548	66855	16.43124999999999	
2.3600092708152474e+27	135.0	3.39	40.31	20.85	11.938071363862681	160	1499	135	9	203	105	135	3	29	15	5467	0	0.1882317066192627	80500	36.924818992614746	67280	16.422360248447205	
2.5574122250242454e+19	135.0	3.366	39.614	20.49	11.938071363862681	161	1499	135	9	203	105	135	3	29	15	5489	0	0.2031095027923584	81000	37.127928495407104	67723	16.391358024691357	
1.0988020901779298e+21	135.0	3.444	41.876	21.66	11.938071363862681	162	1499	135	9	203	105	135	3	29	15	5523	0	0.1874864101409912	81500	37.315414905548096	68150	16.380368098159508	
7.691825094835805e+26	135.0	3.44	41.76	21.6	11.938071363862681	163	1499	135	9	203	105	135	3	29	15	5548	0	0.18748831748962402	82000	37.50290322303772	68583	16.362195121951217	
4.694192367022912e+36	135.0	3.526	44.254	22.89	11.938071363862681	164	1499	135	9	203	105	135	3	29	15	5576	0	0.17186307907104492	82500	37.674766302108765	69019	16.34060606060605	
4.601784262067658e+22	135.0	3.648	47.792	24.72	11.938071363862681	165	1499	135	9	203	105	135	3	29	15	5622	0	0.218733549118042	83000	37.89349985122681	69430	16.34939759036145	
7.498585141739822e+27	135.0	3.548	44.892	23.22	11.938071363862681	166	1499	135	9	203	105	135	3	29	15	5656	0	0.2343597412109375	83500	38.127859592437744	69859	16.33652694610778	
1.5008467625194659e+25	135.0	3.644	47.676	24.66	11.938071363862681	167	1499	135	9	203	105	135	3	29	15	5693	0	0.2343595027923584	84000	38.3622190952301	70285	16.32738095238095	
4.2702519019218224e+26	135.0	3.682	48.778	25.23	11.938071363862681	168	1499	135	9	203	105	135	3	29	15	5742	0	0.18748736381530762	84500	38.54970645904541	70712	16.31715976331361	
2.989064844161347e+24	135.0	3.516	43.964	22.74	11.935278796839658	169	1499	135	9	203	105	135	3	29	15	5782	0	0.18748736381530762	85000	38.73719382286072	71136	16.31058823529412	
7.240332372265261e+45	135.0	3.592	46.168	23.88	11.935278796839658	170	1499	135	9	203	105	135	3	29	15	5827	0	0.203110933303833	85500	38.94030475616455	71552	16.31345029239766	
1.0767536163994494e+29	135.0	3.518	44.022	22.77	11.935278796839658	171	1499	135	9	203	105	135	3	29	15	5860	0	0.14061594009399414	86000	39.080920696258545	71982	16.299999999999997	
207829700541.01956	135.0	3.526	44.254	22.89	11.935278796839658	172	1499	135	9	203	105	135	3	29	15	5894	0	0.14061474800109863	86500	39.221535444259644	72399	16.301734104046233	
1.0711372206877093e+35	135.0	3.558	45.182	23.37	11.935278796839658	173	1499	135	9	203	105	135	3	29	15	5930	0	0.18748736381530762	87000	39.40902280807495	72828	16.289655172413802	
55155554287886.18	135.0	3.624	47.096	24.36	11.935278796839658	174	1499	135	9	203	105	135	3	29	15	5968	0	0.15624213218688965	87500	39.56526494026184	73253	16.28228571428572	
5.935352769177657e+22	135.0	3.616	46.864	24.24	11.935278796839658	175	1499	135	9	203	105	135	3	29	15	6006	0	0.1874837875366211	88000	39.75274872779846	73675	16.278409090909093	
8.258718593458381e+21	135.0	3.68	48.72	25.2	11.935278796839658	176	1499	135	9	203	105	135	3	29	15	6059	0	0.17194604873657227	88500	39.924694776535034	74090	16.282485875706215	
728484490807755.8	135.0	3.656	48.024	24.84	11.935278796839658	177	1499	135	9	203	105	135	3	29	15	6099	0	0.17186236381530762	89000	40.09655714035034	74513	16.27752808988764	
1.8006228969982237e+27	135.0	3.624	47.096	24.36	11.935278796839658	178	1499	135	9	203	105	135	3	29	15	6139	0	0.20311236381530762	89500	40.29966950416565	74935	16.27374301675978	
1.8631843221432214e+21	135.0	3.502	43.558	22.53	11.935278796839658	179	1499	135	9	203	105	135	3	29	15	6179	0	0.1874866485595703	90000	40.48715615272522	75359	16.26777777777778	
3.951317453236909e+19	135.0	3.6	46.4	24.0	11.935278796839658	180	1499	135	9	203	105	135	3	29	15	6216	0	0.20311307907104492	90500	40.690269231796265	75786	16.258563535911605	
4.21724319415847e+37	135.0	3.602	46.458	24.03	11.934802574683218	181	1499	135	9	203	105	135	3	29	15	6260	0	0.15623974800109863	91000	40.84650897979736	76200	16.263736263736263	
5.192403238242309e+19	135.0	3.566	45.414	23.49	11.934802574683218	182	1499	135	9	203	105	135	3	29	15	6306	0	0.23435521125793457	91500	41.0808641910553	76622	16.26010928961749	
3.358912563906065e+19	135.0	3.646	47.734	24.69	11.934802574683218	183	1499	135	9	203	105	135	3	29	15	6356	0	0.18748784065246582	92000	41.268352031707764	77035	16.266304347826093	
4.244620448517532e+21	135.0	3.61	46.69	24.15	11.934802574683218	184	1499	135	9	203	105	135	3	29	15	6403	0	0.20311236381530762	92500	41.47146439552307	77460	16.259459459459464	
5357096478396278.0	135.0	3.704	49.416	25.56	11.933902219072207	185	1499	135	9	203	105	135	3	29	15	6455	0	0.2187349796295166	93000	41.69019937515259	77871	16.26774193548387	
3.1868935444820666e+43	135.0	3.732	50.228	25.98	11.933902219072207	186	1499	135	9	203	105	135	3	29	15	6511	0	0.2187342643737793	93500	41.90893363952637	78285	16.272727272727266	
6.021375522018327e+35	135.0	3.782	51.678	26.73	11.933902219072207	187	1499	135	9	203	105	135	3	29	15	6571	0	0.234358549118042	94000	42.14329218864441	78696	16.280851063829786	
1.2134925486001849e+36	135.0	3.764	51.156	26.46	11.933902219072207	188	1499	135	9	203	105	135	3	29	15	6627	0	0.31247901916503906	94500	42.45577120780945	79108	16.287830687830677	
4.3503624705151044e+25	135.0	3.654	47.966	24.81	11.933902219072207	189	1499	135	9	203	105	135	3	29	15	6669	0	0.2031111717224121	95000	42.65888237953186	79523	16.29157894736842	
8.452690341996599e+26	135.0	3.642	47.618	24.63	11.933902219072207	190	1499	135	9	203	105	135	3	29	15	6721	0	0.23449015617370605	95500	42.893372535705566	79938	16.295287958115182	
6.708208915181262e+37	135.0	3.664	48.256	24.96	11.933902219072207	191	1499	135	9	203	105	135	3	29	15	6771	0	0.1874866485595703	96000	43.08085918426514	80353	16.29895833333333	
3.488569565668273e+24	135.0	3.502	43.558	22.53	11.933902219072207	192	1499	135	9	203	105	135	3	29	15	6806	0	0.15623950958251953	96500	43.237098693847656	80780	16.29015544041451	
1.6444924542965938e+19	135.0	3.518	44.022	22.77	11.930465412401148	193	1499	135	9	203	105	135	3	29	15	6844	0	0.21873688697814941	97000	43.455835580825806	81200	16.288659793814432	
8.105216078737084e+22	135.0	3.638	47.502	24.57	11.926314247244227	194	1499	135	9	203	105	135	3	29	15	6887	0	0.1874849796295166	97500	43.64332056045532	81617	16.290256410256404	
7.48044568115327e+30	135.0	3.704	49.416	25.56	11.926314247244227	195	1499	135	9	203	105	135	3	29	15	6939	0	0.17186379432678223	98000	43.815184354782104	82027	16.29897959183674	
1.4907215592391547e+20	135.0	3.708	49.532	25.62	11.926314247244227	196	1499	135	9	203	105	135	3	29	15	6992	0	0.2187364101409912	98500	44.033920764923096	82444	16.300507614213203	
3.876032764390352e+26	135.0	3.77	51.33	26.55	11.926314247244227	197	1499	135	11	261	135	135	3	29	15	7058	0	0.20311951637268066	99000	44.237040281295776	82844	16.319191919191923	
8.493974832153872e+26	135.0	3.752	50.808	26.28	11.926314247244227	198	1499	135	9	203	105	135	3	29	15	7113	0	0.23435163497924805	99500	44.471391916275024	83246	16.33567839195979	
8.881517608395859e+39	135.0	3.586	45.994	23.79	11.926314247244227	199	1499	135	9	203	105	135	3	29	15	7154	0	0.18748760223388672	100000	44.65887951850891	83665	16.334999999999994	
6.8958713664051855e+22	135.0	3.512	43.848	22.68	11.926314247244227	200	1499	135	9	203	105	135	3	29	15	7188	0	0.1718606948852539	100500	44.830740213394165	84091	16.3273631840796	
3.735592135505474e+28	135.0	3.488	43.152	22.32	11.926314247244227	201	1499	135	9	203	105	135	3	29	15	7225	0	0.2031111717224121	101000	45.03385138511658	84519	16.317821782178214	
1.2181549139616829e+29	135.0	3.616	46.864	24.24	11.926314247244227	202	1499	135	9	203	105	135	3	29	15	7266	0	0.2031099796295166	101500	45.236961364746094	84945	16.310344827586206	
3.115991040121357e+40	135.0	3.74	50.46	26.1	11.926314247244227	203	1499	135	9	203	105	135	3	29	15	7316	0	0.234358549118042	102000	45.471319913864136	85366	16.307843137254906	
1.3931995730146163e+28	135.0	3.59	46.11	23.85	11.926314247244227	204	1499	135	9	203	105	135	3	29	15	7356	0	0.18748784065246582	102500	45.6588077545166	85793	16.29951219512195	
3.7949472019253618e+34	135.0	3.608	46.632	24.12	11.926314247244227	205	1499	135	9	203	105	135	3	29	15	7402	0	0.2187361717224121	103000	45.877543926239014	86212	16.299029126213597	
1.9751635288618988e+20	135.0	3.546	44.834	23.19	11.926314247244227	206	1499	135	9	203	105	135	3	29	15	7436	0	0.2031106948852539	103500	46.08065462112427	86641	16.28888888888889	
4.904388092164266e+32	135.0	3.572	45.588	23.58	11.926314247244227	207	1499	135	9	203	105	135	3	29	15	7473	0	0.2031111717224121	104000	46.28376579284668	87059	16.289423076923086	
1.540130401012155e+20	135.0	3.592	46.168	23.88	11.926314247244227	208	1499	135	9	203	105	135	3	29	15	7514	0	0.18748831748962402	104500	46.471254110336304	87478	16.288995215311004	
1.4535016421238497e+22	135.0	3.598	46.342	23.97	11.926314247244227	209	1499	135	9	203	105	135	3	29	15	7555	0	0.23435711860656738	105000	46.70561122894287	87907	16.279047619047617	
2.2321061433760114e+30	135.0	3.666	48.314	24.99	11.926314247244227	210	1499	135	9	203	105	135	3	29	15	7602	0	0.2343595027923584	105500	46.93997073173523	88333	16.272037914691936	
5.319138734488716e+24	135.0	3.556	45.124	23.34	11.926314247244227	211	1499	135	9	203	105	135	3	29	15	7638	0	0.2187364101409912	106000	47.15870714187622	88758	16.266037735849054	
5.610277547460854e+28	135.0	3.684	48.836	25.26	11.926314247244227	212	1499	135	9	203	105	135	3	29	15	7684	0	0.15623784065246582	106500	47.31494498252869	89172	16.270422535211267	
4.985452192179358e+32	135.0	3.576	45.704	23.64	11.926314247244227	213	1499	135	9	203	105	135	3	29	15	7730	0	0.18748807907104492	107000	47.50243306159973	89598	16.263551401869165	
1.4675398906343348e+35	135.0	3.652	47.908	24.78	11.926300390869924	214	1499	135	9	203	105	135	3	29	15	7773	0	0.2187349796295166	107500	47.72116804122925	90010	16.269767441860466	
1.0819941630802253e+39	135.0	3.588	46.052	23.82	11.926300262570006	215	1499	135	9	203	105	135	3	29	15	7819	0	0.187485933303833	108000	47.90865397453308	90426	16.272222222222226	
104119283306.66257	135.0	3.672	48.488	25.08	11.926300262570006	216	1499	135	9	203	105	135	3	29	15	7869	0	0.18748712539672852	108500	48.09614109992981	90843	16.27373271889401	
2.8213809686287707e+22	135.0	3.528	44.312	22.92	11.926300262570006	217	1499	135	9	203	105	135	3	29	15	7899	0	0.2168562412261963	109000	48.312997341156006	91273	16.26330275229357	
5.531674399031259e+38	135.0	3.83	53.07	27.45	11.926300262570006	218	1499	135	9	203	105	135	3	29	15	7960	0	0.15623903274536133	109500	48.46923637390137	91678	16.275799086757985	
1.748318072303944e+27	135.0	3.668	48.372	25.02	11.926300262570006	219	1499	135	9	203	105	135	3	29	15	8003	0	0.2187354564666748	110000	48.68797183036804	92093	16.27909090909091	
7.113527934370839e+30	135.0	3.594	46.226	23.91	11.924536325775689	220	1499	135	9	203	105	135	3	29	15	8037	0	0.21873712539672852	110500	48.90670895576477	92527	16.265158371040727	
7.498083919680009e+38	135.0	3.748	50.692	26.22	11.924536325775689	221	1499	135	9	203	105	135	3	29	15	8087	0	0.2343578338623047	111000	49.141066789627075	92938	16.272072072072078	
1.077800013869284e+42	135.0	3.672	48.488	25.08	11.924536325775689	222	1499	135	9	203	105	135	3	29	15	8127	0	0.17186212539672852	111500	49.312928915023804	93365	16.264573991031398	
3.746709678785429e+34	135.0	3.668	48.372	25.02	11.924536325775689	223	1499	135	9	203	105	135	3	29	15	8172	0	0.21874594688415527	112000	49.53167486190796	93791	16.25803571428571	
1.3281808213372042e+28	135.0	3.706	49.474	25.59	11.924536325775689	224	1499	135	9	203	105	135	3	29	15	8221	0	0.18747615814208984	112500	49.71915102005005	94212	16.256	
5.702762785769102e+38	135.0	3.544	44.776	23.16	11.924536325775689	225	1499	135	9	203	105	135	3	29	15	8256	0	0.17186379432678223	113000	49.89101481437683	94642	16.246017699115043	
3.1581975361865466e+40	135.0	3.598	46.342	23.97	11.924536325775689	226	1499	135	9	203	105	135	3	29	15	8297	0	0.18748807907104492	113500	50.078502893447876	95071	16.237004405286342	
5.81640494035133e+36	135.0	3.81	52.49	27.15	11.924536325775689	227	1499	135	9	203	105	135	3	29	15	8352	0	0.1874864101409912	114000	50.26598930358887	95496	16.23157894736842	
8.361043125974475e+18	135.0	3.788	51.852	26.82	11.924536325775689	228	1499	135	9	203	105	135	3	29	15	8400	0	0.2187366485595703	114500	50.48472595214844	95917	16.229694323144102	
1.5656948479510693e+28	135.0	3.668	48.372	25.02	11.924536325775689	229	1499	135	9	203	105	135	3	29	15	8442	0	0.2031097412109375	115000	50.687835693359375	96344	16.22260869565217	
1.433822165229148e+29	135.0	3.656	48.024	24.84	11.924536325775689	230	1499	135	9	203	105	135	3	29	15	8482	0	0.15623927116394043	115500	50.844074964523315	96766	16.219913419913425	
1.2765058160376545e+27	135.0	3.698	49.242	25.47	11.924536325775689	231	1499	135	9	203	105	135	3	29	15	8538	0	0.2187354564666748	116000	51.06281042098999	97180	16.22413793103449	
1.7228723856868498e+22	135.0	3.614	46.806	24.21	11.924536325775689	232	1499	135	9	203	105	135	3	29	15	8590	0	0.20311260223388672	116500	51.26592302322388	97588	16.233476394849788	
1.8876932730734633e+29	135.0	3.57	45.53	23.55	11.924518099310914	233	1499	135	9	203	105	135	3	29	15	8627	0	0.21873211860656738	117000	51.484655141830444	98014	16.22735042735043	
7.848577631289628e+29	135.0	3.528	44.312	22.92	11.924518099310914	234	1499	135	9	203	105	135	3	29	15	8660	0	0.20311236381530762	117500	51.68776750564575	98437	16.223829787234052	
2.5533884570759047e+22	135.0	3.7	49.3	25.5	11.924518099310914	235	1499	135	9	203	105	135	3	29	15	8709	0	0.2031102180480957	118000	51.89087772369385	98858	16.222033898305085	
6.401626584248022e+21	135.0	3.554	45.066	23.31	11.924518099310914	236	1499	135	9	203	105	135	3	29	15	8750	0	0.15636062622070312	118500	52.04723834991455	99276	16.222784810126583	
8.734169235779341e+24	135.0	3.624	47.096	24.36	11.924518099310914	237	1499	135	9	203	105	135	3	29	15	8796	0	0.1874856948852539	119000	52.234724044799805	99700	16.218487394957975	
4.455965348348604e+34	135.0	3.67	48.43	25.05	11.924518099310914	238	1499	135	9	203	105	135	3	29	15	8852	0	0.2187340259552002	119500	52.453458070755005	100107	16.228451882845178	
2.035700397887972e+30	135.0	3.69	49.01	25.35	11.924518099310914	239	1499	135	9	203	105	135	3	29	15	8900	0	0.2031106948852539	120000	52.65656876564026	100528	16.226666666666674	
1.724636902499634e+30	135.0	3.644	47.676	24.66	11.924518099310914	240	1499	135	9	203	105	135	3	29	15	8939	0	0.17186331748962402	120500	52.82843208312988	100962	16.214107883817434	
5.098485448760873e+39	135.0	3.824	52.896	27.36	11.924518099310914	241	1499	135	9	203	105	135	3	29	15	9005	0	0.2031114101409912	121000	53.031543493270874	101361	16.230578512396704	
4.7555399934143415e+22	135.0	3.616	46.864	24.24	11.924518099310914	242	1499	135	9	203	105	135	3	29	15	9051	0	0.2343597412109375	121500	53.26590323448181	101783	16.22798353909465	
1.8868223066761638e+30	135.0	3.548	44.892	23.22	11.924518099310914	243	1499	135	9	203	105	135	3	29	15	9088	0	0.15623807907104492	122000	53.422141313552856	102204	16.226229508196724	
5.437484899683732e+28	135.0	3.602	46.458	24.03	11.924518099310914	244	1499	135	9	203	105	135	3	29	15	9131	0	0.2187361717224121	122500	53.64087748527527	102626	16.223673469387762	
23042763735279.98	135.0	3.572	45.588	23.58	11.924518099310914	245	1499	135	9	203	105	135	3	29	15	9185	0	0.2031097412109375	123000	53.843987226486206	103032	16.234146341463415	
3.634499978549399e+29	135.0	3.45	42.05	21.75	11.924518099310914	246	1499	135	9	203	105	135	3	29	15	9228	0	0.20311307907104492	123500	54.04710030555725	103450	16.234817813765176	
2.9523620030396234e+30	135.0	3.544	44.776	23.16	11.924518099310914	247	1499	135	9	203	105	135	3	29	15	9253	0	0.218733549118042	124000	54.26583385467529	103881	16.224999999999994	
35023733522882.418	135.0	3.624	47.096	24.36	11.924518099310914	248	1499	135	9	203	105	135	3	29	15	9300	0	0.2187364101409912	124500	54.484570264816284	104297	16.22730923694779	
1.1884660437464624e+38	135.0	3.652	47.908	24.78	11.924518099310914	249	1499	135	9	203	105	135	3	29	15	9354	0	0.2187333106994629	125000	54.70330357551575	104702	16.2384	
38203739599020.625	135.0	3.72	49.88	25.8	11.924518099310914	250	1499	135	9	203	105	135	3	29	15	9404	0	0.2031114101409912	125500	54.90641498565674	105124	16.235856573705178	
101223443846659.31	135.0	3.67	48.43	25.05	11.924518099310914	251	1499	135	9	203	105	135	3	29	15	9452	0	0.2187352180480957	126000	55.125150203704834	105536	16.24126984126984	
3.560655641567582e+29	135.0	3.548	44.892	23.22	11.924518099310914	252	1499	135	9	203	105	135	3	29	15	9489	0	0.17186474800109863	126500	55.29701495170593	105956	16.240316205533603	
5.731986448813816e+20	135.0	3.538	44.602	23.07	11.924518099310914	253	1499	135	9	203	105	135	3	29	15	9526	0	0.17186331748962402	127000	55.46887826919556	106376	16.23937007874015	
7.007338655129184e+28	135.0	3.548	44.892	23.22	11.924518099310914	254	1499	135	9	203	105	135	3	29	15	9563	0	0.2187354564666748	127500	55.68761372566223	106797	16.23764705882354	
5.189486394102329e+20	135.0	3.548	44.892	23.22	11.924518099310914	255	1499	135	9	203	105	135	3	29	15	9591	0	0.14061355590820312	128000	55.828227281570435	107242	16.217187499999994	
1.473264961882935e+31	135.0	3.672	48.488	25.08	11.924518099310914	256	1499	135	9	203	105	135	3	29	15	9645	0	0.2031106948852539	128500	56.03133797645569	107646	16.22879377431906	
4871036574002.924	135.0	3.552	45.008	23.28	11.924518099310914	257	1499	135	9	203	105	135	3	29	15	9678	0	0.18748712539672852	129000	56.21882510185242	108071	16.224031007751933	
2.920535374800055e+22	135.0	3.514	43.906	22.71	11.924518099310914	258	1499	135	9	203	105	135	3	29	15	9710	0	0.18748760223388672	129500	56.406312704086304	108495	16.22007722007723	
1.7009782233678933e+39	135.0	3.564	45.356	23.46	11.924518099310914	259	1499	135	9	203	105	135	3	29	15	9752	0	0.1874864101409912	130000	56.593799114227295	108921	16.214615384615385	
2.546261309104427e+44	135.0	3.634	47.386	24.51	11.924518099310914	260	1499	135	9	203	105	135	3	29	15	9793	0	0.17186498641967773	130500	56.76566410064697	109346	16.209961685823757	
7.0963188485060224e+28	135.0	3.558	45.182	23.37	11.924517932095535	261	1499	135	9	203	105	135	3	29	15	9836	0	0.17186379432678223	131000	56.937527894973755	109767	16.20839694656489	
7.578083748686203e+26	135.0	3.48	42.92	22.2	11.924517932095535	262	1499	135	9	203	105	135	3	29	15	9876	0	0.2031104564666748	131500	57.14063835144043	110194	16.20228136882129	
3.4583306503259787e+40	135.0	3.458	42.282	21.87	11.924517932095535	263	1499	135	9	203	105	135	3	29	15	9910	0	0.2031111717224121	132000	57.34374952316284	110618	16.198484848484853	
1.6633788137253704e+29	135.0	3.562	45.298	23.43	11.924517932095535	264	1499	135	9	203	105	135	3	29	15	9952	0	0.2343606948852539	132500	57.578110218048096	111041	16.19547169811321	
1445882764.5469728	135.0	3.434	41.586	21.51	11.924517932095535	265	1499	135	9	203	105	135	3	29	15	9981	0	0.1874854564666748	133000	57.76559567451477	111476	16.183458646616543	
1.8681331635856935e+21	135.0	3.458	42.282	21.87	11.924517932095535	266	1499	135	9	203	105	135	3	29	15	10026	0	0.2187354564666748	133500	57.984331130981445	111897	16.182022471910102	
7.204898500982887e+35	135.0	3.68	48.72	25.2	11.924517932095535	267	1499	135	9	203	105	135	3	29	15	10080	0	0.17186260223388672	134000	58.15619373321533	112299	16.194776119402988	
2.0741689491937844e+20	135.0	3.668	48.372	25.02	11.924517932095535	268	1499	135	9	203	105	135	3	29	15	10126	0	0.24998235702514648	134500	58.40617609024048	112714	16.197769516728627	
1.3391712666979912e+26	135.0	3.646	47.734	24.69	11.924517932095535	269	1499	135	9	203	105	135	3	29	15	10173	0	0.17186617851257324	135000	58.57804226875305	113130	16.200000000000003	
801151283.0856948	135.0	3.598	46.342	23.97	11.924517932095535	270	1499	135	9	203	105	135	3	29	15	10214	0	0.23435616493225098	135500	58.8123984336853	113565	16.188191881918826	
2.143579409724769e+22	135.0	3.752	50.808	26.28	11.924517932095535	271	1499	135	9	203	105	135	3	29	15	10270	0	0.2187342643737793	136000	59.03113269805908	113978	16.192647058823525	
2.2055850537782383e+22	135.0	3.68	48.72	25.2	11.924517932095535	272	1499	135	9	203	105	135	3	29	15	10319	0	0.2343602180480957	136500	59.26549291610718	114390	16.197802197802204	
2.130129384616488e+34	135.0	3.854	53.766	27.81	11.924517932095535	273	1499	135	9	203	105	135	3	29	15	10391	0	0.23436284065246582	137000	59.499855756759644	114793	16.20948905109489	
2.1556322110940775e+33	135.0	3.742	50.518	26.13	11.924517932095535	274	1499	135	9	203	105	135	3	29	15	10451	0	0.24998235702514648	137500	59.74983811378479	115204	16.21527272727272	
2.249969256353046e+18	135.0	3.764	51.156	26.46	11.924517932095535	275	1499	135	9	203	105	135	3	29	15	10527	0	0.21873164176940918	138000	59.9685697555542	115589	16.23985507246377	
383501642231.98987	135.0	3.672	48.488	25.08	11.924517932095535	276	1499	135	9	203	105	135	3	29	15	10580	0	0.2031106948852539	138500	60.17168045043945	116004	16.242599277978343	
5.210133661503167e+28	135.0	3.62	46.98	24.3	11.924517932095535	277	1499	135	9	203	105	135	3	29	15	10626	0	0.20311212539672852	139000	60.37479257583618	116417	16.246762589928053	
511161517.4043602	135.0	3.588	46.052	23.82	11.924517932095535	278	1499	135	9	203	105	135	3	29	15	10669	0	0.2187330722808838	139500	60.593525648117065	116834	16.248028673835123	
3.464678791877872e+33	135.0	3.702	49.358	25.53	11.923125970179774	279	1499	135	9	203	105	135	3	29	15	10724	0	0.18748784065246582	140000	60.78101348876953	117243	16.254999999999995	
6.442879552615547e+29	135.0	3.634	47.386	24.51	11.923125970179774	280	1499	135	9	203	105	135	3	29	15	10776	0	0.2187352180480957	140500	60.99974870681763	117654	16.26049822064057	
1.1765469193316883e+30	135.0	3.512	43.848	22.68	11.923125970179774	281	1499	135	9	203	105	135	3	29	15	10812	0	0.15624165534973145	141000	61.15599036216736	118074	16.259574468085106	
9.742184542412846e+35	135.0	3.434	41.586	21.51	11.923125970179774	282	1499	135	9	203	105	135	3	29	15	10843	0	0.2031090259552002	141500	61.35909938812256	118505	16.250883392226143	
9.572133342430785e+29	135.0	3.516	43.964	22.74	11.923125970179774	283	1499	135	9	203	105	135	3	29	15	10878	0	0.203110933303833	142000	61.56221032142639	118940	16.239436619718305	
1.9596200673500424e+18	135.0	3.432	41.528	21.48	11.923125970179774	284	1499	135	9	203	105	135	3	29	15	10916	0	0.1874866485595703	142500	61.74969696998596	119356	16.24140350877194	
5950308013.508955	135.0	3.462	42.398	21.93	11.923125970179774	285	1499	135	9	203	105	135	3	29	15	10958	0	0.2187349796295166	143000	61.96843194961548	119770	16.244755244755254	
1190858041282.5415	135.0	3.358	39.382	20.37	11.923125970179774	286	1499	135	9	203	105	135	3	29	15	10988	0	0.20311546325683594	143500	62.171547412872314	120194	16.241114982578395	
1.3409315899680565e+22	135.0	3.422	41.238	21.33	11.923125970179774	287	1499	135	9	203	105	135	3	29	15	11011	0	0.171858549118042	144000	62.343405961990356	120627	16.231250000000003	
3.3345079879309273e+22	135.0	3.432	41.528	21.48	11.923125970179774	288	1499	135	11	261	135	135	3	29	15	11038	0	0.2031116485595703	144500	62.54651761054993	121062	16.220069204152253	
1.479382990914571e+23	135.0	3.526	44.254	22.89	11.923125970179774	289	1499	135	9	203	105	135	3	29	15	11093	0	0.203110933303833	145000	62.74962854385376	121454	16.238620689655164	
816303925.6271458	135.0	3.342	38.918	20.13	11.923125970179774	290	1499	135	9	203	105	135	3	29	15	11121	0	0.17186260223388672	145500	62.92149114608765	121868	16.24192439862543	
1.7161352286127046e+28	135.0	3.47	42.63	22.05	11.923125970179774	291	1499	135	11	261	135	135	3	29	15	11158	0	0.17186403274536133	146000	63.09335517883301	122294	16.236986301369853	
1.1806069138626507e+30	135.0	3.54	44.66	23.1	11.923125970179774	292	1499	135	11	261	135	135	3	29	15	11193	0	0.17186379432678223	146500	63.26521897315979	122718	16.2334470989761	
3.895638104956127e+26	135.0	3.576	45.704	23.64	11.923125970179774	293	1499	135	9	203	105	135	3	29	15	11238	0	0.187485933303833	147000	63.45270490646362	123135	16.234693877551024	
1107000860.3183281	135.0	3.618	46.922	24.27	11.923125970179774	294	1499	135	9	203	105	135	3	29	15	11287	0	0.2343592643737793	147500	63.6870641708374	123550	16.237288135593218	
1.3699762277073792e+30	135.0	3.63	47.27	24.45	11.923125970179774	295	1499	135	9	203	105	135	3	29	15	11329	0	0.18748712539672852	148000	63.87455129623413	123970	16.236486486486484	
1.6430602900017644e+29	135.0	3.436	41.644	21.54	11.923125970179774	296	1499	135	9	203	105	135	3	29	15	11357	0	0.18748736381530762	148500	64.06203866004944	124400	16.22895622895622	
1.455666720617511e+22	135.0	3.476	42.804	22.14	11.923125970179774	297	1499	135	9	203	105	135	3	29	15	11394	0	0.2031114101409912	149000	64.26515007019043	124814	16.23221476510068	
1.3850924945940108e+22	135.0	3.47	42.63	22.05	11.923125970179774	298	1499	135	9	203	105	135	3	29	15	11433	0	0.1874866485595703	149500	64.45263671875	125221	16.240133779264212	
3.8973007768318956e+30	135.0	3.308	37.932	19.62	11.923125970179774	299	1499	135	9	203	105	135	3	29	15	11452	0	0.18748879432678223	150000	64.64012551307678	125661	16.226	
7243645946305932.0	135.0	3.386	40.194	20.79	11.923125970179774	300	1499	135	9	203	105	135	3	29	15	11477	0	0.17186212539672852	150500	64.81198763847351	126083	16.223920265780734	
1181654984.8915296	135.0	3.612	46.748	24.18	11.923125970179774	301	1499	135	9	203	105	135	3	29	15	11525	0	0.2343590259552002	151000	65.04634666442871	126496	16.22781456953642	
1.0275234428304889e+26	135.0	3.626	47.154	24.39	11.923125970179774	302	1499	135	9	203	105	135	3	29	15	11570	0	0.203110933303833	151500	65.24945759773254	126920	16.22442244224422	
6.873030446745566e+27	135.0	3.63	47.27	24.45	11.923125970179774	303	1499	135	9	203	105	135	3	29	15	11609	0	0.17186284065246582	152000	65.42132043838501	127348	16.218421052631584	
5.328832796737297e+26	135.0	3.648	47.792	24.72	11.923125970179774	304	1499	135	9	203	105	135	3	29	15	11656	0	0.2343597412109375	152500	65.65568017959595	127765	16.219672131147547	
6.601778199016328e+30	135.0	3.77	51.33	26.55	11.923125970179774	305	1499	135	9	203	105	135	3	29	15	11705	0	0.2343592643737793	153000	65.89003944396973	128186	16.21830065359478	
9.05531059596132e+19	135.0	3.622	47.038	24.33	11.923125970179774	306	1499	135	9	203	105	135	3	29	15	11741	0	0.2343578338623047	153500	66.12439727783203	128617	16.210423452768737	
5.963890686366963e+17	135.0	3.646	47.734	24.69	11.923125970179774	307	1499	135	9	203	105	135	3	29	15	11782	0	0.18748760223388672	154000	66.31188488006592	129043	16.205844155844147	
1.277193139990054e+22	135.0	3.594	46.226	23.91	11.923125970179774	308	1499	135	9	203	105	135	3	29	15	11827	0	0.2499837875366211	154500	66.56186866760254	129449	16.21423948220064	
3.4266915305729913e+22	135.0	3.58	45.82	23.7	11.923125970179774	309	1499	135	9	203	105	135	3	29	15	11861	0	0.2187337875366211	155000	66.78060245513916	129872	16.2116129032258	
2.1396382165636953e+36	135.0	3.578	45.762	23.67	11.923125970179774	310	1499	135	9	203	105	135	3	29	15	11891	0	0.18748831748962402	155500	66.96809077262878	130305	16.20257234726688	
1.0145233217782955e+17	135.0	3.628	47.212	24.42	11.923125970179774	311	1499	135	9	203	105	135	3	29	15	11935	0	0.17186236381530762	156000	67.13995313644409	130736	16.194871794871787	
3.3580922751317577e+25	135.0	3.748	50.692	26.22	11.923125970179774	312	1499	135	9	203	105	135	3	29	15	11994	0	0.2187349796295166	156500	67.35868811607361	131149	16.198722044728427	
5.333819468791223e+23	135.0	3.766	51.214	26.49	11.923125970179774	313	1499	135	9	203	105	135	3	29	15	12046	0	0.18748831748962402	157000	67.54617643356323	131571	16.1968152866242	
2.358242418481289e+21	135.0	3.76	51.04	26.4	11.923125970179774	314	1499	135	9	203	105	135	3	29	15	12102	0	0.2187345027923584	157500	67.76491093635559	131985	16.200000000000003	
3.363526066837038e+30	135.0	3.87	54.23	28.05	11.923125970179774	315	1499	135	9	203	105	135	3	29	15	12160	0	0.2343580722808838	158000	67.99926900863647	132391	16.20822784810126	
1.1989169474669604e+26	135.0	3.672	48.488	25.08	11.923125970179774	316	1499	135	9	203	105	135	3	29	15	12205	0	0.2187356948852539	158500	68.21800470352173	132816	16.204416403785487	
1.826385001183864e+20	135.0	3.626	47.154	24.39	11.923125970179774	317	1499	135	9	203	105	135	3	29	15	12249	0	0.2031106948852539	159000	68.42111539840698	133243	16.19937106918239	
4.638197680315279e+35	135.0	3.656	48.024	24.84	11.923125970179774	318	1499	135	9	203	105	135	3	29	15	12297	0	0.2187349796295166	159500	68.6398503780365	133656	16.203134796238245	
1.3814992732481271e+22	135.0	3.66	48.14	24.9	11.923125955686515	319	1499	135	9	203	105	135	3	29	15	12344	0	0.1693575382232666	160000	68.80920791625977	134072	16.205	
8.306162342524646e+31	135.0	3.684	48.836	25.26	11.923125955686515	320	1499	135	9	203	105	135	3	29	15	12401	0	0.17186379432678223	160500	68.98107171058655	134483	16.20996884735203	
2.4554989286421345e+23	135.0	3.762	51.098	26.43	11.923125955686515	321	1499	135	9	203	105	135	3	29	15	12453	0	0.2031111717224121	161000	69.18418288230896	134904	16.208695652173915	
1.4508773666813287e+33	135.0	3.916	55.564	28.74	11.923125955686515	322	1499	135	9	203	105	135	3	29	15	12527	0	0.2031102180480957	161500	69.38729310035706	135307	16.218575851393197	
1.6852674254364825e+35	135.0	3.9	55.1	28.5	11.923125955686515	323	1499	135	9	203	105	135	3	29	15	12593	0	0.2656080722808838	162000	69.65290117263794	135715	16.225308641975317	
3.1068133716586624e+24	135.0	3.762	51.098	26.43	11.923125955686515	324	1499	135	9	203	105	135	3	29	15	12645	0	0.218733549118042	162500	69.87163472175598	136127	16.229538461538468	
1.698269296703519e+20	135.0	3.648	47.792	24.72	11.923125955686515	325	1499	135	9	203	105	135	3	29	15	12695	0	0.17186379432678223	163000	70.04349851608276	136548	16.228220858895696	
6.496077894244472e+31	135.0	3.62	46.98	24.3	11.923125955686515	326	1499	135	9	203	105	135	3	29	15	12746	0	0.17186355590820312	163500	70.21536207199097	136964	16.229969418960238	
1.1148661541054342e+30	135.0	3.614	46.806	24.21	11.923125955686515	327	1499	135	9	203	105	135	3	29	15	12783	0	0.18762469291687012	164000	70.40298676490784	137393	16.223780487804873	
358789653605550.4	135.0	3.756	50.924	26.34	11.923125955686515	328	1499	135	9	203	105	135	3	29	15	12847	0	0.17186212539672852	164500	70.57484889030457	137797	16.232826747720367	
4.0675784776289506e+29	135.0	3.572	45.588	23.58	11.923125955686515	329	1499	135	9	203	105	135	3	29	15	12889	0	0.18748760223388672	165000	70.76233649253845	138218	16.231515151515154	
4.42885454126911e+16	135.0	3.482	42.978	22.23	11.923125955686515	330	1499	135	9	203	105	135	3	29	15	12930	0	0.20311331748962402	165500	70.96544981002808	138633	16.233836858006043	
1.681498845711847e+26	135.0	3.468	42.572	22.02	11.923125955686515	331	1499	135	9	203	105	135	3	29	15	12971	0	0.17186260223388672	166000	71.13731241226196	139065	16.22590361445782	
5.978444818323716e+22	135.0	3.486	43.094	22.29	11.923125955686515	332	1499	135	9	203	105	135	3	29	15	13012	0	0.2031104564666748	166500	71.34042286872864	139483	16.22642642642643	
1.5948502566664666e+37	135.0	3.472	42.688	22.08	11.923125955686515	333	1499	135	9	203	105	135	3	29	15	13047	0	0.187485933303833	167000	71.52790880203247	139907	16.223353293413183	
1.4197474290636732e+40	135.0	3.554	45.066	23.31	11.923125955686515	334	1499	135	9	203	105	135	3	29	15	13079	0	0.2343599796295166	167500	71.76226878166199	140340	16.21492537313432	
2.3277978590049003e+36	135.0	3.652	47.908	24.78	11.923125955686515	335	1499	135	9	203	105	135	3	29	15	13131	0	0.2031095027923584	168000	71.96537828445435	140740	16.226190476190467	
4.487920294347069e+16	135.0	3.66	48.14	24.9	11.923125955686515	336	1499	135	9	203	105	135	3	29	15	13178	0	0.17186379432678223	168500	72.13724207878113	141152	16.23026706231454	
4.358748523269867e+25	135.0	3.672	48.488	25.08	11.923125955686515	337	1499	135	9	203	105	135	3	29	15	13233	0	0.20311188697814941	169000	72.34035396575928	141568	16.231952662721895	
7.324592401336865e+42	135.0	3.38	40.02	20.7	11.923125955686515	338	1499	135	9	203	105	135	3	29	15	13259	0	0.17186403274536133	169500	72.51221799850464	142003	16.22241887905605	
4.505435885005341e+24	135.0	3.468	42.572	22.02	11.923125955686515	339	1499	135	9	203	105	135	3	29	15	13294	0	0.17186284065246582	170000	72.6840808391571	142430	16.21764705882353	
1.1146316168845096e+31	135.0	3.368	39.672	20.52	11.923125955686515	340	1499	135	9	203	105	135	3	29	15	13320	0	0.2187345027923584	170500	72.90281534194946	142845	16.219941348973606	
8.884157704110132e+39	135.0	3.554	45.066	23.31	11.923125955686515	341	1499	135	9	203	105	135	3	29	15	13348	0	0.20311427116394043	171000	73.1059296131134	143276	16.212865497076024	
5.77989774250755e+20	135.0	3.514	43.906	22.71	11.923125955686515	342	1499	135	9	203	105	135	3	29	15	13389	0	0.1718595027923584	171500	73.27778911590576	143694	16.2134110787172	
7.4477664801990995e+25	135.0	3.62	46.98	24.3	11.923125955686515	343	1499	135	9	203	105	135	3	29	15	13427	0	0.250093936920166	172000	73.52788305282593	144121	16.20872093023256	
1.7897533289444736e+33	135.0	3.67	48.43	25.05	11.923125955686515	344	1499	135	9	203	105	135	3	29	15	13469	0	0.1874849796295166	172500	73.71536803245544	144547	16.20463768115941	
1.5783080046886204e+35	135.0	3.656	48.024	24.84	11.923125955686515	345	1499	135	9	203	105	135	3	29	15	13515	0	0.23187828063964844	173000	73.94724631309509	144969	16.202890173410395	
4.697384913348154e+26	135.0	3.642	47.618	24.63	11.923125955686515	346	1499	135	9	203	105	135	3	29	15	13558	0	0.2343592643737793	173500	74.18160557746887	145400	16.195965417867427	
1.2475062706569525e+17	135.0	3.776	51.504	26.64	11.923125955686515	347	1499	135	9	203	105	135	3	29	15	13617	0	0.21873903274536133	174000	74.40034461021423	145812	16.200000000000003	
2.1129041338663985e+32	135.0	3.706	49.474	25.59	11.923125955686515	348	1499	135	11	261	135	135	3	29	15	13672	0	0.1718606948852539	174500	74.57220530509949	146218	16.20744985673352	
1.1426191704396582e+30	135.0	3.662	48.198	24.93	11.923125955686515	349	1499	135	9	203	105	135	3	29	15	13727	0	0.1874852180480957	175000	74.75969052314758	146622	16.215999999999994	
1.64470920880082e+34	135.0	3.636	47.444	24.54	11.923125955686515	350	1499	135	9	203	105	135	3	29	15	13779	0	0.18748807907104492	175500	74.94717860221863	147025	16.225071225071233	
9.4518513157646e+22	135.0	3.644	47.676	24.66	11.92312395827552	351	1499	135	9	203	105	135	3	29	15	13812	0	0.2187342643737793	176000	75.16591286659241	147468	16.211363636363643	
1.1287903663134361e+23	135.0	3.668	48.372	25.02	11.92312395827552	352	1499	135	9	203	105	135	3	29	15	13857	0	0.17186427116394043	176500	75.33777713775635	147898	16.20509915014165	
3.678531390135824e+30	135.0	3.786	51.794	26.79	11.92312395827552	353	1499	135	9	203	105	135	3	29	15	13912	0	0.1874861717224121	177000	75.52526330947876	148314	16.206779661016952	
2.2832628503047518e+36	135.0	3.686	48.894	25.29	11.92312395827552	354	1499	135	9	203	105	135	3	29	15	13958	0	0.20311236381530762	177500	75.72837567329407	148741	16.202253521126764	
3.258829835289072e+19	135.0	3.946	56.434	29.19	11.92312395827552	355	1499	135	9	203	105	135	3	29	15	14025	0	0.2187356948852539	178000	75.94711136817932	149152	16.20674157303371	
1.0981323492586722e+23	135.0	3.848	53.592	27.72	11.92312395827552	356	1499	135	9	203	105	135	3	29	15	14086	0	0.2187340259552002	178500	76.16584539413452	149571	16.20672268907562	
2.5781622498383012e+39	135.0	4.034	58.986	30.51	11.92312395827552	357	1499	135	9	203	105	135	3	29	15	14164	0	0.24998188018798828	179000	76.41582727432251	149967	16.2195530726257	
1.8488466156678595e+23	135.0	3.934	56.086	29.01	11.92312395827552	358	1499	135	9	203	105	135	3	29	15	14243	0	0.2343583106994629	179500	76.65018558502197	150373	16.226740947075214	
1.1663224069741623e+37	135.0	3.99	57.71	29.85	11.92312395827552	359	1499	135	9	203	105	135	3	29	15	14317	0	0.20311260223388672	180000	76.85329818725586	150776	16.235555555555564	
4.746306316369227e+22	135.0	3.84	53.36	27.6	11.923123618949175	360	1499	135	9	203	105	135	3	29	15	14386	0	0.2187333106994629	180500	77.07203149795532	151183	16.242105263157896	
1.862332024807318e+29	135.0	3.856	53.824	27.84	11.923123618949175	361	1499	135	9	203	105	135	3	29	15	14443	0	0.24999356269836426	181000	77.32202506065369	151599	16.24364640883978	
2.5479103845221094e+18	135.0	3.814	52.606	27.21	11.923123618949175	362	1499	135	9	203	105	135	3	29	15	14508	0	0.23435211181640625	181500	77.55637717247009	152011	16.247382920110198	
7.292709850926203e+29	135.0	3.738	50.402	26.07	11.923123618949175	363	1499	135	9	203	105	135	3	29	15	14576	0	0.1874837875366211	182000	77.74386096000671	152418	16.253846153846155	
5.409098642534072e+25	135.0	3.702	49.358	25.53	11.923123618949175	364	1499	135	9	203	105	135	3	29	15	14635	0	0.2187352180480957	182500	77.96259617805481	152822	16.261917808219167	
4.8205964183656546e+32	135.0	3.684	48.836	25.26	11.923123618949175	365	1499	135	9	203	105	135	3	29	15	14700	0	0.2343592643737793	183000	78.19695544242859	153230	16.267759562841533	
2.5378884002025947e+34	135.0	3.66	48.14	24.9	11.923123618949175	366	1499	135	9	203	105	135	3	29	15	14756	0	0.218733549118042	183500	78.41568899154663	153639	16.273024523160757	
9.576446608347686e+27	135.0	3.636	47.444	24.54	11.923123618949175	367	1499	135	9	203	105	135	3	29	15	14813	0	0.17186498641967773	184000	78.58755397796631	154050	16.27717391304347	
8.702672336741703e+31	135.0	3.708	49.532	25.62	11.923123618949175	368	1499	135	9	203	105	135	3	29	15	14863	0	0.24998164176940918	184500	78.83753561973572	154470	16.276422764227632	
8.79799012940973e+22	135.0	3.736	50.344	26.04	11.923123618949175	369	1499	135	9	203	105	135	3	29	15	14918	0	0.2187356948852539	185000	79.05627131462097	154883	16.27945945945946	
4.216657620950227e+40	135.0	3.752	50.808	26.28	11.923123618949175	370	1499	135	9	203	105	135	3	29	15	14977	0	0.2343587875366211	185500	79.29063010215759	155297	16.281940700808633	
5.65765410220592e+34	135.0	3.766	51.214	26.49	11.923123618949175	371	1499	135	9	203	105	135	3	29	15	15041	0	0.15636014938354492	186000	79.44699025154114	155712	16.283870967741933	
2.310869426142665e+25	135.0	3.666	48.314	24.99	11.923123618949175	372	1499	135	9	203	105	135	3	29	15	15091	0	0.2187354564666748	186500	79.66572570800781	156127	16.285790884718494	
4.407962539909609e+34	135.0	3.672	48.488	25.08	11.923123618949175	373	1499	135	9	203	105	135	3	29	15	15137	0	0.1874864101409912	187000	79.8532121181488	156547	16.28502673796791	
1.170563878866807e+23	135.0	3.544	44.776	23.16	11.923123618949175	374	1499	135	9	203	105	135	3	29	15	15176	0	0.17186427116394043	187500	80.02507638931274	156970	16.28266666666667	
5.11018028459644e+30	135.0	3.56	45.24	23.4	11.923123618949175	375	1499	135	9	203	105	135	3	29	15	15220	0	0.18748688697814941	188000	80.2125632762909	157385	16.28457446808511	
1.6122281718787633e+29	135.0	3.618	46.922	24.27	11.923123618949175	376	1499	135	9	203	105	135	3	29	15	15262	0	0.2187347412109375	188500	80.43129801750183	157809	16.28169761273209	
884365899625.552	135.0	3.672	48.488	25.08	11.923123618949175	377	1499	135	9	203	105	135	3	29	15	15300	0	0.20311188697814941	189000	80.63440990447998	158232	16.27936507936508	
2.6248694062843198e+25	135.0	3.654	47.966	24.81	11.923123618949175	378	1499	135	9	203	105	135	3	29	15	15348	0	0.2187340259552002	189500	80.85314393043518	158655	16.277044854881268	
7.303431865829599e+41	135.0	3.766	51.214	26.49	11.923123618949175	379	1499	135	11	261	135	135	3	29	15	15403	0	0.2343590259552002	190000	81.08750295639038	159067	16.280526315789473	
1.9920046106048616e+23	135.0	3.676	48.604	25.14	11.923123618949175	380	1499	135	9	203	105	135	3	29	15	15451	0	0.17186307907104492	190500	81.25936603546143	159499	16.273490813648294	
9.637127240873845e+25	135.0	3.732	50.228	25.98	11.923123618949175	381	1499	135	9	203	105	135	3	29	15	15504	0	0.20311212539672852	191000	81.46247816085815	159919	16.272774869109952	
2.6790361136790973e+17	135.0	3.83	53.07	27.45	11.923123618949175	382	1499	135	9	203	105	135	3	29	15	15569	0	0.2343580722808838	191500	81.69683623313904	160325	16.27937336814621	
1.1160590992502372e+35	135.0	3.726	50.054	25.89	11.923123618949175	383	1499	135	9	203	105	135	3	29	15	15626	0	0.2343602180480957	192000	81.93119645118713	160734	16.284374999999997	
1.732219958477931e+39	135.0	3.652	47.908	24.78	11.923123618949175	384	1499	135	9	203	105	135	3	29	15	15671	0	0.2343592643737793	192500	82.16555571556091	161150	16.285714285714278	
1.1673574846956066e+28	135.0	3.648	47.792	24.72	11.923123618949175	385	1499	135	9	203	105	135	3	29	15	15719	0	0.2031106948852539	193000	82.36866641044617	161565	16.28756476683938	
2.145152496973518e+35	135.0	3.586	45.994	23.79	11.923123618949175	386	1499	135	9	203	105	135	3	29	15	15758	0	0.2031106948852539	193500	82.57177710533142	161997	16.28062015503876	
1.1211091383787423e+35	135.0	3.7	49.3	25.5	11.923123618949175	387	1499	135	11	261	135	135	3	29	15	15817	0	0.17186594009399414	194000	82.74364304542542	162399	16.289175257731955	
1.5167413695138528e+30	135.0	3.64	47.56	24.6	11.923123618949175	388	1499	135	9	203	105	135	3	29	15	15859	0	0.2031087875366211	194500	82.94675183296204	162820	16.2879177377892	
8.154646958200193e+43	135.0	3.59	46.11	23.85	11.923123618949175	389	1499	135	9	203	105	135	3	29	15	15909	0	0.2187347412109375	195000	83.16548657417297	163235	16.289743589743594	
5.225738259451681e+28	135.0	3.654	47.966	24.81	11.923123618949175	390	1499	135	9	203	105	135	3	29	15	15963	0	0.17186307907104492	195500	83.33734965324402	163650	16.291560102301787	
1.0629251971735757e+36	135.0	3.544	44.776	23.16	11.923123618949175	391	1499	135	9	203	105	135	3	29	15	16003	0	0.18748712539672852	196000	83.52483677864075	164068	16.291836734693874	
6.781714041629084e+29	135.0	3.752	50.808	26.28	11.923123618949175	392	1499	135	9	203	105	135	3	29	15	16062	0	0.2187352180480957	196500	83.74357199668884	164482	16.294147582697207	
5.501810764170058e+22	135.0	3.644	47.676	24.66	11.923123618949175	393	1499	135	9	203	105	135	3	29	15	16112	0	0.20311188697814941	197000	83.94668388366699	164901	16.293908629441617	
1.318872044720413e+23	135.0	3.524	44.196	22.86	11.923123618949175	394	1499	135	9	203	105	135	3	29	15	16152	0	0.23435735702514648	197500	84.18104124069214	165320	16.293670886075944	
5.654905984021645e+16	135.0	3.558	45.182	23.37	11.923123618949175	395	1499	135	9	203	105	135	3	29	15	16192	0	0.17186498641967773	198000	84.35290622711182	165737	16.29444444444445	
2.698150077805613e+34	135.0	3.646	47.734	24.69	11.923123618949175	396	1499	135	9	203	105	135	3	29	15	16237	0	0.17186307907104492	198500	84.52476930618286	166155	16.294710327455917	
2.534999730276739e+30	135.0	3.506	43.674	22.59	11.923123618949175	397	1499	135	9	203	105	135	3	29	15	16279	0	0.2031114101409912	199000	84.72788071632385	166572	16.295477386934678	
30247270175.238354	135.0	3.412	40.948	21.18	11.923123618949175	398	1499	135	9	203	105	135	3	29	15	16315	0	0.14061403274536133	199500	84.86849474906921	166994	16.293734335839588	
2.1160431431003124e+40	135.0	3.524	44.196	22.86	11.923123618949175	399	1499	135	9	203	105	135	3	29	15	16354	0	0.15624022483825684	200000	85.02473497390747	167426	16.286999999999992	
7.115198989811916e+34	135.0	3.732	50.228	25.98	11.923123618949175	400	1499	135	9	203	105	135	3	29	15	16408	0	0.2187352180480957	200500	85.24347019195557	167830	16.29426433915212	
18919350157.5809	135.0	3.666	48.314	24.99	11.923123618949175	401	1499	135	9	203	105	135	3	29	15	16452	0	0.17186236381530762	201000	85.41533255577087	168256	16.29054726368159	
1.5096741275416105e+35	135.0	3.758	50.982	26.37	11.923123618949175	402	1499	135	9	203	105	135	3	29	15	16512	0	0.203110933303833	201500	85.6184434890747	168668	16.293796526054592	
2.7691914752478116e+24	135.0	3.772	51.388	26.58	11.922867309990513	403	1499	135	9	203	105	135	3	29	15	16571	0	0.18748807907104492	202000	85.80593156814575	169086	16.2940594059406	
6.935575914487141e+26	135.0	3.804	52.316	27.06	11.922867309990513	404	1499	135	11	261	135	135	3	29	15	16625	0	0.2031106948852539	202500	86.009042263031	169501	16.295802469135793	
1.3016782102211452e+32	135.0	3.872	54.288	28.08	11.922867309990513	405	1499	135	9	203	105	135	3	29	15	16682	0	0.17186284065246582	203000	86.18090510368347	169919	16.296059113300487	
4.504870950573897e+28	135.0	3.742	50.518	26.13	11.922867309990513	406	1499	135	9	203	105	135	3	29	15	16734	0	0.2031114101409912	203500	86.38401651382446	170332	16.2987714987715	
1.8420480909753203e+19	135.0	3.602	46.458	24.03	11.922867309990513	407	1499	135	9	203	105	135	3	29	15	16785	0	0.2187352180480957	204000	86.60275173187256	170751	16.298529411764704	
3.0635804804247405e+17	135.0	3.508	43.732	22.62	11.922867309990513	408	1499	135	9	203	105	135	3	29	15	16821	0	0.2343587875366211	204500	86.83711051940918	171177	16.29486552567238	
5.372198197534219e+21	135.0	3.564	45.356	23.46	11.922867309990513	409	1499	135	9	203	105	135	3	29	15	16855	0	0.2031104564666748	205000	87.04022097587585	171610	16.28780487804879	
2.026398153258466e+27	135.0	3.536	44.544	23.04	11.922867309990513	410	1499	135	9	203	105	135	3	29	15	16889	0	0.17186355590820312	205500	87.21208453178406	172046	16.279318734793193	
4130200464.604563	135.0	3.716	49.764	25.74	11.922867309990513	411	1499	135	9	203	105	135	3	29	15	16939	0	0.2031106948852539	206000	87.41519522666931	172455	16.283980582524265	
7.967829185761543e+29	135.0	3.562	45.298	23.43	11.922867309990513	412	1499	135	9	203	105	135	3	29	15	16972	0	0.18748712539672852	206500	87.60268235206604	172896	16.273123486682806	
1.0554011474824958e+40	135.0	3.672	48.488	25.08	11.922867309990513	413	1499	135	9	203	105	135	3	29	15	17029	0	0.2031114101409912	207000	87.80579376220703	173310	16.27536231884058	
339337940336.07715	135.0	3.59	46.11	23.85	11.922867309990513	414	1499	135	9	203	105	135	3	29	15	17069	0	0.2031116485595703	207500	88.0089054107666	173736	16.271807228915662	
9.141629982636184e+18	135.0	3.574	45.646	23.61	11.922867309990513	415	1499	135	9	203	105	135	3	29	15	17116	0	0.2187356948852539	208000	88.22764110565186	174155	16.271634615384613	
16090092625.476116	135.0	3.636	47.444	24.54	11.922867309990513	416	1499	135	9	203	105	135	3	29	15	17170	0	0.2343592643737793	208500	88.46200037002563	174573	16.27194244604317	
1.55003743464751e+18	135.0	3.626	47.154	24.39	11.922867309990513	417	1499	135	9	203	105	135	3	29	15	17213	0	0.15636944770812988	209000	88.61836981773376	174996	16.269856459330143	
1466782444.6735406	135.0	3.476	42.804	22.14	11.922867309990513	418	1499	135	9	203	105	135	3	29	15	17243	0	0.2031104564666748	209500	88.82148027420044	175427	16.263961813842485	
4.2811596871049693e+40	135.0	3.538	44.602	23.07	11.922867309990513	419	1499	135	9	203	105	135	3	29	15	17281	0	0.2031106948852539	210000	89.0245909690857	175858	16.258095238095237	
2.811843994102458e+34	135.0	3.71	49.59	25.65	11.922867309990513	420	1499	135	9	203	105	135	3	29	15	17330	0	0.203110933303833	210500	89.22770190238953	176275	16.258907363420434	
1827753127.8273742	135.0	3.562	45.298	23.43	11.922867309990513	421	1499	135	9	203	105	135	3	29	15	17371	0	0.18748784065246582	211000	89.41518974304199	176700	16.25592417061611	
7.332835820895522e+37	135.0	3.452	42.108	21.78	11.922867309990513	422	1499	135	9	203	105	135	3	29	15	17403	0	0.1874866485595703	211500	89.60267639160156	177132	16.249645390070924	
5.785714330615116e+17	135.0	3.506	43.674	22.59	11.922867309990513	423	1499	135	9	203	105	135	3	29	15	17442	0	0.18748760223388672	212000	89.79016399383545	177555	16.24764150943396	
6.554339139543994e+33	135.0	3.42	41.18	21.3	11.922867309990513	424	1499	135	9	203	105	135	3	29	15	17470	0	0.17186427116394043	212500	89.96202826499939	177978	16.245647058823536	
3.18066652659454e+25	135.0	3.358	39.382	20.37	11.922867309990513	425	1499	135	9	203	105	135	3	29	15	17496	0	0.17186355590820312	213000	90.13389182090759	178404	16.242253521126756	
8.936632797348105e+34	135.0	3.366	39.614	20.49	11.922867309990513	426	1499	135	9	203	105	135	3	29	15	17518	0	0.2031092643737793	213500	90.33700108528137	178829	16.23934426229509	
1.1561657120301532e+29	135.0	3.404	40.716	21.06	11.922867309990513	427	1499	135	9	203	105	135	3	29	15	17544	0	0.20311331748962402	214000	90.540114402771	179254	16.236448598130835	
1.8947374090148414e+35	135.0	3.396	40.484	20.94	11.922867309990513	428	1499	135	9	203	105	135	3	29	15	17570	0	0.2031104564666748	214500	90.74322485923767	179686	16.230303030303034	
6.894112414053453e+18	135.0	3.45	42.05	21.75	11.922867309990513	429	1499	135	9	203	105	135	3	29	15	17597	0	0.15623784065246582	215000	90.89946269989014	180106	16.22976744186046	
1.7158022470993741e+28	135.0	3.452	42.108	21.78	11.922867309990513	430	1499	135	9	203	105	135	3	29	15	17625	0	0.2187352180480957	215500	91.11819791793823	180533	16.225986078886308	
6.956735278469271e+19	135.0	3.49	43.21	22.35	11.922867309990513	431	1499	135	9	203	105	135	3	29	15	17663	0	0.18748950958251953	216000	91.30568742752075	180958	16.22314814814814	
1.5394845130735995e+18	135.0	3.604	46.516	24.06	11.922867309990513	432	1499	135	9	203	105	135	3	29	15	17704	0	0.21873211860656738	216500	91.52441954612732	181374	16.22448036951502	
1.1073766368391272e+22	135.0	3.548	44.892	23.22	11.922867309990513	433	1499	135	9	203	105	135	3	29	15	17743	0	0.18748688697814941	217000	91.71190643310547	181793	16.22442396313363	
1.7858353084030496e+31	135.0	3.692	49.068	25.38	11.922867309990513	434	1499	135	9	203	105	135	3	29	15	17785	0	0.2031114101409912	217500	91.91501784324646	182216	16.22252873563218	
8.634124400296712e+21	135.0	3.77	51.33	26.55	11.922867309990513	435	1499	135	9	203	105	135	3	29	15	17846	0	0.17186307907104492	218000	92.0868809223175	182628	16.225688073394494	
1.8448067106938076e+29	135.0	3.618	46.922	24.27	11.922867309990513	436	1499	135	9	203	105	135	3	29	15	17890	0	0.2343583106994629	218500	92.32123923301697	183050	16.224256292906176	
3.318946473851672e+26	135.0	3.608	46.632	24.12	11.922867309990513	437	1499	135	9	203	105	135	3	29	15	17935	0	0.20311331748962402	219000	92.52435255050659	183469	16.224200913242	
4.416852233594756e+17	135.0	3.646	47.734	24.69	11.922867309990513	438	1499	135	9	203	105	135	3	29	15	17991	0	0.2031106948852539	219500	92.72746324539185	183865	16.234624145785887	
9.89983856332282e+31	135.0	3.586	45.994	23.79	11.922867309990513	439	1499	135	9	203	105	135	3	29	15	18032	0	0.20311307907104492	220000	92.93057632446289	184290	16.231818181818184	
9.77422057885889e+25	135.0	3.702	49.358	25.53	11.922867309990513	440	1499	135	9	203	105	135	3	29	15	18097	0	0.28122949600219727	220500	93.21180582046509	184696	16.237641723356006	
1.8725652232885033e+29	135.0	3.728	50.112	25.92	11.922867309990513	441	1499	135	9	203	105	135	3	29	15	18144	0	0.2187345027923584	221000	93.43054032325745	185119	16.235746606334843	
1.2635644542080899e+29	135.0	3.608	46.632	24.12	11.922867309990513	442	1499	135	9	203	105	135	3	29	15	18185	0	0.2031111717224121	221500	93.63365149497986	185544	16.232957110609476	
1.2407924507206825e+35	135.0	3.724	49.996	25.86	11.922867309990513	443	1499	135	9	203	105	135	3	29	15	18239	0	0.18748807907104492	222000	93.8211395740509	185953	16.237387387387386	
3.779670650007984e+35	135.0	3.588	46.052	23.82	11.922867309990513	444	1499	135	9	203	105	135	3	29	15	18278	0	0.218733549118042	222500	94.03987312316895	186369	16.23865168539325	
4.324547407438599e+34	135.0	3.646	47.734	24.69	11.915080581792548	445	1499	135	9	203	105	135	3	29	15	18323	0	0.2031106948852539	223000	94.2429838180542	186782	16.24125560538117	
5.741722186453924e+30	135.0	3.614	46.806	24.21	11.915080581792548	446	1499	135	9	203	105	135	3	29	15	18366	0	0.23455262184143066	223500	94.47753643989563	187202	16.240715883668898	
1.3912848983211734e+29	135.0	3.676	48.604	25.14	11.915080581792548	447	1499	135	9	203	105	135	3	29	15	18418	0	0.20311832427978516	224000	94.68065476417542	187624	16.239285714285714	
3.1881442824818545e+31	135.0	3.704	49.416	25.56	11.915080581792548	448	1499	135	9	203	105	135	3	29	15	18470	0	0.2343616485595703	224500	94.91501641273499	188045	16.23830734966593	
1.5467191675040538e+39	135.0	3.786	51.794	26.79	11.915080581792548	449	1499	135	9	203	105	135	3	29	15	18531	0	0.21872568130493164	225000	95.13374209403992	188462	16.239111111111114	
7.957474832755495e+33	135.0	3.694	49.126	25.41	11.915080581792548	450	1499	135	9	203	105	135	3	29	15	18585	0	0.1874866485595703	225500	95.32122874259949	188878	16.240354767184044	
1.3977084231714333e+36	135.0	3.714	49.706	25.71	11.915080581792548	451	1499	135	9	203	105	135	3	29	15	18629	0	0.18748688697814941	226000	95.50871562957764	189315	16.232300884955748	
5.1694836385977415e+35	135.0	3.816	52.664	27.24	11.915080581792548	452	1499	135	9	203	105	135	3	29	15	18681	0	0.2031111717224121	226500	95.71182680130005	189738	16.23046357615894	
8.802459760265594e+32	135.0	3.882	54.578	28.23	11.915080581792548	453	1499	135	9	203	105	135	3	29	15	18739	0	0.2343597412109375	227000	95.94618654251099	190159	16.229515418502203	
8.857353805382516e+40	135.0	3.878	54.462	28.17	11.915080581792548	454	1499	135	9	203	105	135	3	29	15	18808	0	0.2343580722808838	227500	96.18054461479187	190565	16.235164835164838	
5.7656944703140155e+22	135.0	3.902	55.158	28.53	11.915080581792548	455	1499	135	11	261	135	135	3	29	15	18875	0	0.15624046325683594	228000	96.3367850780487	190963	16.244298245614033	
1.0902993204196563e+34	135.0	3.596	46.284	23.94	11.915080581792548	456	1499	135	9	203	105	135	3	29	15	18916	0	0.17186188697814941	228500	96.50864696502686	191397	16.237636761487963	
1.0016051706335889e+23	135.0	3.692	49.068	25.38	11.915080581792548	457	1499	135	9	203	105	135	3	29	15	18973	0	0.2187356948852539	229000	96.72738265991211	191811	16.23973799126638	
3.430700071985274e+34	135.0	3.728	50.112	25.92	11.915080581792548	458	1499	135	9	203	105	135	3	29	15	19026	0	0.2187352180480957	229500	96.9461178779602	192218	16.244880174291936	
6.498230215299506e+31	135.0	3.666	48.314	24.99	11.915080378911966	459	1499	135	9	203	105	135	3	29	15	19074	0	0.17186450958251953	230000	97.11798238754272	192639	16.24391304347826	
2.2971902629434666e+28	135.0	3.726	50.054	25.89	11.915080378911966	460	1499	135	9	203	105	135	3	29	15	19129	0	0.23435735702514648	230500	97.35233974456787	193045	16.249457700650765	
2.816128248270474e+30	135.0	3.73	50.17	25.95	11.915080378911966	461	1499	135	9	203	105	135	3	29	15	19184	0	0.2008664608001709	231000	97.55320620536804	193458	16.251948051948048	
2.3342557941019654e+24	135.0	3.608	46.632	24.12	11.915080378911966	462	1499	135	9	203	105	135	3	29	15	19226	0	0.2187345027923584	231500	97.7719407081604	193879	16.250971922246222	
2.3520929865805952e+29	135.0	3.714	49.706	25.71	11.915080378911966	463	1499	135	9	203	105	135	3	29	15	19279	0	0.2187364101409912	232000	97.99067711830139	194302	16.249137931034483	
5.831580422552856e+29	135.0	3.556	45.124	23.34	11.915080378911966	464	1499	135	9	203	105	135	3	29	15	19327	0	0.2031104564666748	232500	98.19378757476807	194719	16.24989247311828	
3.6772655161150116e+24	135.0	3.594	46.226	23.91	11.915080378911966	465	1499	135	9	203	105	135	3	29	15	19378	0	0.24998188018798828	233000	98.44376945495605	195128	16.25407725321888	
7.554463287897786e+16	135.0	3.614	46.806	24.21	11.915080378911966	466	1499	135	9	203	105	135	3	29	15	19414	0	0.17186379432678223	233500	98.61563324928284	195568	16.244967880085653	
9.078841523863129e+43	135.0	3.746	50.634	26.19	11.915080378911966	467	1499	135	9	203	105	135	3	29	15	19465	0	0.2499833106994629	234000	98.8656165599823	195989	16.244017094017096	
1.0933245678016024e+27	135.0	3.688	48.952	25.32	11.915080378911966	468	1499	135	9	203	105	135	3	29	15	19515	0	0.17186307907104492	234500	99.03747963905334	196411	16.242643923240934	
5.041015499328081e+35	135.0	3.74	50.46	26.1	11.915080378911966	469	1499	135	9	203	105	135	3	29	15	19574	0	0.2499833106994629	235000	99.28746294975281	196826	16.244255319148934	
1.0457497508432236e+16	135.0	3.776	51.504	26.64	11.915080378911966	470	1499	135	9	203	105	135	3	29	15	19622	0	0.2187354564666748	235500	99.50619840621948	197245	16.24416135881104	
9.161269451234892e+25	135.0	3.636	47.444	24.54	11.915080378911966	471	1499	135	9	203	105	135	3	29	15	19664	0	0.2343580722808838	236000	99.74055647850037	197672	16.240677966101686	
4.060702910509113e+19	135.0	3.596	46.284	23.94	11.915080378911966	472	1499	135	9	203	105	135	3	29	15	19706	0	0.2031114101409912	236500	99.94366788864136	198096	16.238477801268502	
1.1287723595371566e+40	135.0	3.676	48.604	25.14	11.915080378911966	473	1499	135	9	203	105	135	3	29	15	19759	0	0.14061546325683594	237000	100.0842833518982	198515	16.23839662447257	
7.977481241699928e+33	135.0	3.566	45.414	23.49	11.915080378911966	474	1499	135	9	203	105	135	3	29	15	19807	0	0.2031111717224121	237500	100.2873945236206	198926	16.241684210526316	
8.300097183680764e+35	135.0	3.502	43.558	22.53	11.915080378911966	475	1499	135	9	203	105	135	3	29	15	19852	0	0.18748712539672852	238000	100.47488164901733	199346	16.241176470588243	
1.1143282819387721e+30	135.0	3.614	46.806	24.21	11.915080378911966	476	1499	135	9	203	105	135	3	29	15	19902	0	0.2031116485595703	238500	100.6779932975769	199760	16.243186582809216	
3.612938846233477e+22	135.0	3.534	44.486	23.01	11.915080378911966	477	1499	135	9	203	105	135	3	29	15	19943	0	0.2031095027923584	239000	100.88110280036926	200171	16.246443514644355	
1.2026697444262344e+32	135.0	3.524	44.196	22.86	11.915080378911966	478	1499	135	9	203	105	135	3	29	15	19987	0	0.17186355590820312	239500	101.05296635627747	200593	16.245093945720242	
5.773821396969117e+28	135.0	3.45	42.05	21.75	11.915080378911966	479	1499	135	9	203	105	135	3	29	15	20017	0	0.18748736381530762	240000	101.24045372009277	201025	16.23958333333333	
6141958772889099.0	135.0	3.592	46.168	23.88	11.915080378911966	480	1499	135	9	203	105	135	3	29	15	20069	0	0.2031114101409912	240500	101.44356513023376	201438	16.241995841995845	
4.2571989965613775e+29	135.0	3.536	44.544	23.04	11.915080378911966	481	1499	135	9	203	105	135	3	29	15	20113	0	0.18748760223388672	241000	101.63105273246765	201858	16.24149377593362	
5.863028953229688e+27	135.0	3.532	44.428	22.98	11.915080378911966	482	1499	135	9	203	105	135	3	29	15	20165	0	0.17199015617370605	241500	101.80304288864136	202267	16.245548654244303	
4.045626353696668e+29	135.0	3.498	43.442	22.47	11.915080378911966	483	1499	135	9	203	105	135	3	29	15	20203	0	0.20311236381530762	242000	102.00615525245667	202686	16.245454545454535	
2.9207614539745393e+41	135.0	3.644	47.676	24.66	11.915080378911966	484	1499	135	9	203	105	135	3	29	15	20251	0	0.17186236381530762	242500	102.17801761627197	203098	16.24824742268042	
5.609231580378845e+18	135.0	3.654	47.966	24.81	11.915080378911966	485	1499	135	9	203	105	135	3	29	15	20305	0	0.2031111717224121	243000	102.38112878799438	203498	16.2559670781893	
237188321620148.44	135.0	3.552	45.008	23.28	11.915080378911966	486	1499	135	9	203	105	135	3	29	15	20338	0	0.17186284065246582	243500	102.55299162864685	203927	16.251745379876795	
4.891247215268573e+35	135.0	3.582	45.878	23.73	11.915080378911966	487	1499	135	9	203	105	135	3	29	15	20378	0	0.15623879432678223	244000	102.70923042297363	204346	16.251639344262287	
9.873118233240419e+25	135.0	3.586	45.994	23.79	11.915080378911966	488	1499	135	9	203	105	135	3	29	15	20430	0	0.17186379432678223	244500	102.88109421730042	204759	16.253987730061354	
7.96491656294444e+36	135.0	3.638	47.502	24.57	11.915080378911966	489	1499	135	9	203	105	135	3	29	15	20478	0	0.2343595027923584	245000	103.11545372009277	205177	16.254285714285714	
3.060752840238351e+19	135.0	3.678	48.662	25.17	11.915080378911966	490	1499	135	9	203	105	135	3	29	15	20539	0	0.20414996147155762	245500	103.31960368156433	205581	16.26028513238289	
451476037327600.0	135.0	3.54	44.66	23.1	11.915080378911966	491	1499	135	9	203	105	135	3	29	15	20576	0	0.2031102180480957	246000	103.52271389961243	206002	16.259349593495926	
4.075627159528511e+21	135.0	3.56	45.24	23.4	11.915080378911966	492	1499	135	9	203	105	135	3	29	15	20627	0	0.15623950958251953	246500	103.67895340919495	206422	16.25882352941177	
9.286545495618184e+30	135.0	3.596	46.284	23.94	11.915080378911966	493	1499	135	9	203	105	135	3	29	15	20674	0	0.2187352180480957	247000	103.89768862724304	206841	16.258704453441297	
1.0408267256214835e+23	135.0	3.556	45.124	23.34	11.915080378911966	494	1499	135	9	203	105	135	3	29	15	20726	0	0.2187356948852539	247500	104.1164243221283	207255	16.260606060606065	
7.263964286989975e+35	135.0	3.672	48.488	25.08	11.915080378911966	495	1499	135	9	203	105	135	3	29	15	20779	0	0.18748736381530762	248000	104.3039116859436	207670	16.26209677419355	
1.0325995688199815e+29	135.0	3.602	46.458	24.03	11.915080378911966	496	1499	135	9	203	105	135	3	29	15	20828	0	0.2187347412109375	248500	104.52264642715454	208090	16.261569416498986	
11339908909735.812	135.0	3.572	45.588	23.58	11.915080378911966	497	1499	135	9	203	105	135	3	29	15	20881	0	0.2187352180480957	249000	104.74138164520264	208501	16.26465863453815	
1.8017823569940424e+38	135.0	3.704	49.416	25.56	11.915080378911966	498	1499	135	9	203	105	135	3	29	15	20930	0	0.2031111717224121	249500	104.94449281692505	208919	16.26492985971943	
273488822566168.16	135.0	3.712	49.648	25.68	11.915080378911966	499	1499	135	9	203	105	135	3	29	15	20987	0	0.18748688697814941	250000	105.1319797039032	209339	16.264399999999995	
6.303155010950739e+28	135.0	3.774	51.446	26.61	11.915080378911966	500	1499	135	9	203	105	135	3	29	15	21043	0	0.2187356948852539	250500	105.35071539878845	209738	16.27225548902196	
4.081673708037602e+36	135.0	3.678	48.662	25.17	11.915080378911966	501	1499	135	9	203	105	135	3	29	15	21091	0	0.17187261581420898	251000	105.52258801460266	210166	16.268525896414346	
4.727482991836971e+30	135.0	3.822	52.838	27.33	11.915080378911966	502	1499	135	9	203	105	135	3	29	15	21144	0	0.23434877395629883	251500	105.75693678855896	210588	16.267196819085484	
5429655672925.311	135.0	3.804	52.316	27.06	11.915080378911966	503	1499	135	9	203	105	135	3	29	15	21202	0	0.2031111717224121	252000	105.96004796028137	211004	16.26825396825396	
4.995424021721251e+39	135.0	3.78	51.62	26.7	11.915080378911966	504	1499	135	9	203	105	135	3	29	15	21259	0	0.2343602180480957	252500	106.19440817832947	211414	16.271683168316827	
9.755102276339405e+22	135.0	3.892	54.868	28.38	11.915080378911966	505	1499	135	9	203	105	135	3	29	15	21311	0	0.218733549118042	253000	106.41314172744751	211836	16.270355731225294	
1.345115014618781e+29	135.0	3.694	49.126	25.41	11.915080378911966	506	1499	135	9	203	105	135	3	29	15	21360	0	0.2031114101409912	253500	106.6162531375885	212244	16.27455621301776	
6.78989847805856e+29	135.0	3.716	49.764	25.74	11.915080378911966	507	1499	135	9	203	105	135	3	29	15	21403	0	0.18748712539672852	254000	106.80374026298523	212665	16.27362204724409	
2.9813719387017533e+24	135.0	3.798	52.142	26.97	11.915080378911966	508	1499	135	9	203	105	135	3	29	15	21457	0	0.18748784065246582	254500	106.9912281036377	213079	16.275442043222	
4.2387109148228975e+25	135.0	3.75	50.75	26.25	11.915080378911966	509	1499	135	9	203	105	135	3	29	15	21512	0	0.2343602180480957	255000	107.22558832168579	213478	16.28313725490196	
2.607846305861523e+36	135.0	3.644	47.676	24.66	11.915080378911966	510	1499	135	9	203	105	135	3	29	15	21555	0	0.1874864101409912	255500	107.41307473182678	213906	16.27945205479452	
2148237720.8045125	135.0	3.596	46.284	23.94	11.915080378911966	511	1499	135	9	203	105	135	3	29	15	21593	0	0.2031104564666748	256000	107.61618518829346	214327	16.278515624999997	
5.619444453572356e+22	135.0	3.732	50.228	25.98	11.915080378911966	512	1499	135	9	203	105	135	3	29	15	21644	0	0.17186427116394043	256500	107.7880494594574	214742	16.279922027290453	
3.00230296006864e+25	135.0	3.608	46.632	24.12	11.915080378911966	513	1499	135	9	203	105	135	3	29	15	21677	0	0.1874849796295166	257000	107.97553443908691	215166	16.277821011673154	
1.355230447033594e+28	135.0	3.526	44.254	22.89	11.915080378910982	514	1499	135	9	203	105	135	3	29	15	21718	0	0.15623974800109863	257500	108.13177418708801	215590	16.275728155339806	
9.882790841028181e+16	135.0	3.446	41.934	21.69	11.915080378910982	515	1499	135	9	203	105	135	3	29	15	21748	0	0.2187349796295166	258000	108.35050916671753	216014	16.273643410852713	
9.781000919616542e+26	135.0	3.522	44.138	22.83	11.915080378910982	516	1499	135	9	203	105	135	3	29	15	21796	0	0.18748712539672852	258500	108.53799629211426	216423	16.277369439071563	
5.676814239028378e+17	135.0	3.44	41.76	21.6	11.915080378910982	517	1499	135	9	203	105	135	3	29	15	21826	0	0.20311355590820312	259000	108.74110984802246	216850	16.27413127413128	
1205888784378479.5	135.0	3.516	43.964	22.74	11.915080378910982	518	1499	135	9	203	105	135	3	29	15	21857	0	0.2031092643737793	259500	108.94421911239624	217286	16.26743737957611	
6.735106613969994e+25	135.0	3.586	45.994	23.79	11.915080378910982	519	1499	135	9	203	105	135	3	29	15	21907	0	0.2343597412109375	260000	109.17857885360718	217694	16.271538461538455	
1.6488404037030878e+28	135.0	3.526	44.254	22.89	11.915080378910982	520	1499	135	9	203	105	135	3	29	15	21943	0	0.17186236381530762	260500	109.35044121742249	218119	16.269097888675617	
9.858824963686538e+37	135.0	3.672	48.488	25.08	11.915080378910982	521	1499	135	9	203	105	135	3	29	15	21995	0	0.2031116485595703	261000	109.55355286598206	218535	16.270114942528735	
3.2501976132124293e+36	135.0	3.508	43.732	22.62	11.915080378910982	522	1499	135	9	203	105	135	3	29	15	22029	0	0.17186212539672852	261500	109.72541499137878	218962	16.266921606118544	
26186854225559.113	135.0	3.516	43.964	22.74	11.915080378910982	523	1499	135	9	203	105	135	3	29	15	22064	0	0.218735933303833	262000	109.94415092468262	219388	16.264122137404584	
2.6610396171454454e+24	135.0	3.554	45.066	23.31	11.915080378910982	524	1499	135	9	203	105	135	3	29	15	22107	0	0.234358549118042	262500	110.17850947380066	219803	16.265523809523813	
8.083545584180068e+20	135.0	3.566	45.414	23.49	11.915080378910982	525	1499	135	9	203	105	135	3	29	15	22147	0	0.15624070167541504	263000	110.33475017547607	220222	16.265399239543726	
1.0383771256139308e+25	135.0	3.548	44.892	23.22	11.915080378910982	526	1499	135	9	203	105	135	3	29	15	22179	0	0.2031092643737793	263500	110.53785943984985	220662	16.257305502846293	
8.01042540631529e+36	135.0	3.798	52.142	26.97	11.915080378910982	527	1499	135	11	261	135	135	3	29	15	22237	0	0.2031114101409912	264000	110.74097084999084	221083	16.256439393939388	
4.002065134398976e+28	135.0	3.72	49.88	25.8	11.915080378910982	528	1499	135	11	261	135	135	3	29	15	22302	0	0.21886396408081055	264500	110.95983481407166	221487	16.26200378071833	
1.0803418003848514e+39	135.0	3.632	47.328	24.48	11.915080378910982	529	1499	135	9	203	105	135	3	29	15	22355	0	0.2187345027923584	265000	111.17856931686401	221900	16.26415094339623	
1.9551408313773367e+19	135.0	3.624	47.096	24.36	11.915080378910982	530	1499	135	9	203	105	135	3	29	15	22396	0	0.17186307907104492	265500	111.35043239593506	222324	16.262146892655366	
8.325620704118819e+27	135.0	3.728	50.112	25.92	11.915080378910982	531	1499	135	9	203	105	135	3	29	15	22451	0	0.15624094009399414	266000	111.50667333602905	222743	16.262030075187965	
1.2398997272277451e+30	135.0	3.732	50.228	25.98	11.915080378910982	532	1499	135	9	203	105	135	3	29	15	22514	0	0.2031092643737793	266500	111.70978260040283	223140	16.270168855534706	
3.656313018191221e+27	135.0	3.694	49.126	25.41	11.915080378910982	533	1499	135	9	203	105	135	3	29	15	22568	0	0.2187356948852539	267000	111.92851829528809	223554	16.27191011235955	
4.995139246935637e+37	135.0	3.782	51.678	26.73	11.915080378910982	534	1499	135	9	203	105	135	3	29	15	22625	0	0.14061570167541504	267500	112.0691339969635	223964	16.27514018691589	
7.793745810676996e+26	135.0	3.862	53.998	27.93	11.915080378910982	535	1499	135	9	203	105	135	3	29	15	22693	0	0.17186450958251953	268000	112.24099850654602	224357	16.28470149253731	
2.453452117399995e+38	135.0	3.718	49.822	25.77	11.915080378910982	536	1499	135	9	203	105	135	3	29	15	22745	0	0.15623927116394043	268500	112.39723777770996	224770	16.286778398510236	
2081229038.379869	135.0	3.544	44.776	23.16	11.915080378910982	537	1499	135	9	203	105	135	3	29	15	22784	0	0.2031102180480957	269000	112.60034799575806	225196	16.28401486988848	
5.53362445752615e+38	135.0	3.63	47.27	24.45	11.915080378910982	538	1499	135	9	203	105	135	3	29	15	22827	0	0.2343602180480957	269500	112.83470821380615	225617	16.28311688311689	
2.2486565960213778e+44	135.0	3.516	43.964	22.74	11.915080378910982	539	1499	135	9	203	105	135	3	29	15	22866	0	0.1718614101409912	270000	113.00656962394714	226032	16.284444444444446	
14200569910.45947	135.0	3.77	51.33	26.55	11.915080378910982	540	1499	135	9	203	105	135	3	29	15	22926	0	0.2187342643737793	270500	113.22530388832092	226439	16.288724584103505	
1.1729634445993333e+19	135.0	3.674	48.546	25.11	11.915080378906072	541	1499	135	9	203	105	135	3	29	15	22985	0	0.2187361717224121	271000	113.44404006004333	226850	16.291512915129147	
9.803213901483571e+18	135.0	3.688	48.952	25.32	11.915080378906072	542	1499	135	9	203	105	135	3	29	15	23028	0	0.15623950958251953	271500	113.60027956962585	227265	16.292817679558013	
1.3840360431696555e+41	135.0	3.616	46.864	24.24	11.915080378906072	543	1499	135	9	203	105	135	3	29	15	23077	0	0.1874866485595703	272000	113.78776621818542	227683	16.293014705882356	
1.1589155959155123e+30	135.0	3.476	42.804	22.14	11.915080378906072	544	1499	135	9	203	105	135	3	29	15	23106	0	0.2031106948852539	272500	113.99087691307068	228110	16.289908256880736	
243203216672710.66	135.0	3.536	44.544	23.04	11.915080378906072	545	1499	135	9	203	105	135	3	29	15	23146	0	0.17186331748962402	273000	114.1627402305603	228533	16.288278388278385	
9.148468239509309e+18	135.0	3.57	45.53	23.55	11.915080378906072	546	1499	135	9	203	105	135	3	29	15	23189	0	0.2343587875366211	273500	114.39709901809692	228947	16.289945155393042	
1.3451086956586556e+38	135.0	3.514	43.906	22.71	11.915080378906072	547	1499	135	9	203	105	135	3	29	15	23230	0	0.20311212539672852	274000	114.60021114349365	229359	16.292335766423363	
4.410006417993913e+26	135.0	3.508	43.732	22.62	11.915080378906072	548	1499	135	9	203	105	135	3	29	15	23265	0	0.17186284065246582	274500	114.77207398414612	229789	16.288160291438984	
1.2304159396097464e+28	135.0	3.524	44.196	22.86	11.915080378906072	549	1499	135	9	203	105	135	3	29	15	23308	0	0.18748712539672852	275000	114.95956110954285	230197	16.292	
6.3265741760617766e+29	135.0	3.498	43.442	22.47	11.915080378906072	550	1499	135	9	203	105	135	3	29	15	23343	0	0.17186403274536133	275500	115.13142514228821	230621	16.290018148820323	
1383375736.7271116	135.0	3.512	43.848	22.68	11.915080378906072	551	1499	135	9	203	105	135	3	29	15	23374	0	0.18749046325683594	276000	115.31891560554504	231039	16.290217391304353	
2.3044918882785974e+28	135.0	3.572	45.588	23.58	11.915080378906072	552	1499	135	9	203	105	135	3	29	15	23416	0	0.21873116493225098	276500	115.5376467704773	231464	16.2878842676311	
7.016936149742415e+26	135.0	3.53	44.37	22.95	11.915080378906072	553	1499	135	9	203	105	135	3	29	15	23455	0	0.2343592643737793	277000	115.77200603485107	231874	16.29097472924188	
3146055541.8188157	135.0	3.506	43.674	22.59	11.915080378906072	554	1499	135	9	203	105	135	3	29	15	23496	0	0.1874866485595703	277500	115.95949268341064	232292	16.29117117117117	
3.692746620828921e+26	135.0	3.46	42.34	21.9	11.915080378906072	555	1499	135	9	203	105	135	3	29	15	23541	0	0.1990659236907959	278000	116.15855860710144	232697	16.296043165467623	
7.671719271216519e+27	135.0	3.562	45.298	23.43	11.915080378906072	556	1499	135	9	203	105	135	3	29	15	23589	0	0.2031099796295166	278500	116.36166858673096	233108	16.29874326750449	
18874933377423.59	135.0	3.468	42.572	22.02	11.915080378906072	557	1499	135	9	203	105	135	3	29	15	23626	0	0.2031114101409912	279000	116.56477999687195	233528	16.298207885304663	
4.779387616139245e+38	135.0	3.604	46.516	24.06	11.915080378906072	558	1499	135	9	203	105	135	3	29	15	23682	0	0.14061641693115234	279500	116.7053964138031	233944	16.29910554561718	
402417033631.483	135.0	3.598	46.342	23.97	11.915080378906072	559	1499	135	9	203	105	135	3	29	15	23728	0	0.2343580722808838	280000	116.93975448608398	234352	16.302857142857135	
3.767231025878519e+20	135.0	3.598	46.342	23.97	11.915080378906072	560	1499	135	9	203	105	135	3	29	15	23767	0	0.2187349796295166	280500	117.1584894657135	234785	16.297682709447415	
1.2982440087151927e+25	135.0	3.532	44.428	22.98	11.915080378906072	561	1499	135	9	203	105	135	3	29	15	23809	0	0.20311355590820312	281000	117.3616030216217	235205	16.29715302491104	
563845526669.3651	135.0	3.704	49.416	25.56	11.915080378906072	562	1499	135	9	203	105	135	3	29	15	23851	0	0.1874866485595703	281500	117.54908967018127	235630	16.294849023090592	
1.241787466275349e+38	135.0	3.64	47.56	24.6	11.915080378906072	563	1499	135	9	203	105	135	3	29	15	23908	0	0.2031106948852539	282000	117.75220036506653	236033	16.300354609929073	
1.0250771166254366e+27	135.0	3.704	49.416	25.56	11.915080378906072	564	1499	135	9	203	105	135	3	29	15	23961	0	0.2031097412109375	282500	117.95531010627747	236439	16.30477876106194	
4.197956625144757e+39	135.0	3.472	42.688	22.08	11.915080378906072	565	1499	135	9	203	105	135	3	29	15	23998	0	0.2187347412109375	283000	118.1740448474884	236862	16.30318021201414	
6.120001217297713e+16	135.0	3.58	45.82	23.7	11.915080378906072	566	1499	135	9	203	105	135	3	29	15	24046	0	0.20311260223388672	283500	118.37715744972229	237266	16.308289241622575	
15070751611296.068	135.0	3.422	41.238	21.33	11.915080378906072	567	1499	135	9	203	105	135	3	29	15	24087	0	0.14061379432678223	284000	118.51777124404907	237691	16.305985915492954	
4.243686504692549e+39	135.0	3.554	45.066	23.31	11.915080378906072	568	1499	135	9	203	105	135	3	29	15	24129	0	0.2031116485595703	284500	118.72088289260864	238110	16.305799648506152	
1.2156485348464307e+17	135.0	3.528	44.312	22.92	11.915080378906072	569	1499	135	9	203	105	135	3	29	15	24172	0	0.1874864101409912	285000	118.90836930274963	238533	16.304210526315785	
1.358052817213815e+25	135.0	3.478	42.862	22.17	11.915080378906072	570	1499	135	9	203	105	135	3	29	15	24200	0	0.17186355590820312	285500	119.08023285865784	238963	16.30017513134851	
1.5439605125209238e+29	135.0	3.62	46.98	24.3	11.915080378906072	571	1499	135	9	203	105	135	3	29	15	24243	0	0.1874866485595703	286000	119.26771950721741	239384	16.2993006993007	
6.577820154977974e+29	135.0	3.706	49.474	25.59	11.915080378906072	572	1499	135	9	203	105	135	3	29	15	24284	0	0.17186498641967773	286500	119.43958449363708	239811	16.296335078534028	
5.017717777880247e+39	135.0	3.782	51.678	26.73	11.915080378906072	573	1499	135	9	203	105	135	3	29	15	24343	0	0.2187345027923584	287000	119.65831899642944	240218	16.300348432055742	
4.340365097471936e+39	135.0	3.778	51.562	26.67	11.915080378906072	574	1499	135	9	203	105	135	3	29	15	24410	0	0.2187354564666748	287500	119.87705445289612	240617	16.307130434782607	
1.30508321700395e+24	135.0	3.736	50.344	26.04	11.915080378906072	575	1499	135	9	203	105	135	3	29	15	24475	0	0.20323538780212402	288000	120.08028984069824	241022	16.311805555555566	
1.5815410774390594e+19	135.0	3.672	48.488	25.08	11.915080378906072	576	1499	135	9	203	105	135	3	29	15	24523	0	0.20311212539672852	288500	120.28340196609497	241441	16.311611785095323	
3.201582041629057e+17	135.0	3.652	47.908	24.78	11.915080378906072	577	1499	135	9	203	105	135	3	29	15	24571	0	0.21873927116394043	289000	120.50214123725891	241855	16.313148788927336	
1.7879556401754583e+36	135.0	3.54	44.66	23.1	11.915080378906072	578	1499	135	9	203	105	135	3	29	15	24615	0	0.1874830722808838	289500	120.6896243095398	242273	16.313298791018994	
1.082752168856397e+38	135.0	3.598	46.342	23.97	11.915080378906072	579	1499	135	9	203	105	135	3	29	15	24654	0	0.1874852180480957	290000	120.87710952758789	242690	16.313793103448276	
2.1041444963378728e+36	135.0	3.572	45.588	23.58	11.915080378906072	580	1499	135	9	203	105	135	3	29	15	24701	0	0.2187352180480957	290500	121.09584474563599	243095	16.318416523235797	
2.9408522877640077e+19	135.0	3.622	47.038	24.33	11.915080378906072	581	1499	135	9	203	105	135	3	29	15	24743	0	0.2656083106994629	291000	121.36145305633545	243508	16.320274914089353	
1.6148392711137221e+35	135.0	3.604	46.516	24.06	11.915080378906072	582	1499	135	9	203	105	135	3	29	15	24792	0	0.203110933303833	291500	121.56456398963928	243921	16.3221269296741	
1.3895252433238403e+19	135.0	3.566	45.414	23.49	11.915080378906072	583	1499	135	11	261	135	135	3	29	15	24837	0	0.20338702201843262	292000	121.76795101165771	244345	16.320205479452056	
2.2345104605956137e+37	135.0	3.7	49.3	25.5	11.915080378906072	584	1499	135	9	203	105	135	3	29	15	24879	0	0.2031104564666748	292500	121.97106146812439	244776	16.315897435897426	
8.47244279472732e+38	135.0	3.754	50.866	26.31	11.915080378906072	585	1499	135	9	203	105	135	3	29	15	24923	0	0.2343595027923584	293000	122.20542097091675	245196	16.31535836177474	
1.5301295616282696e+37	135.0	3.662	48.198	24.93	11.915080378906072	586	1499	135	9	203	105	135	3	29	15	24964	0	0.203110933303833	293500	122.40853190422058	245627	16.311073253833058	
1.7465659282737942e+20	135.0	3.538	44.602	23.07	11.915080378906072	587	1499	135	9	203	105	135	3	29	15	25008	0	0.18748831748962402	294000	122.5960202217102	246045	16.31122448979592	
1.763251837416591e+30	135.0	3.626	47.154	24.39	11.915080378906072	588	1499	135	9	203	105	135	3	29	15	25060	0	0.14061737060546875	294500	122.73663759231567	246460	16.312393887945674	
6.454666610798181e+33	135.0	3.624	47.096	24.36	11.915080378906072	589	1499	135	9	203	105	135	3	29	15	25097	0	0.2031116485595703	295000	122.93974924087524	246886	16.309830508474576	
1.6557602379097296e+40	135.0	3.688	48.952	25.32	11.915080378906072	590	1499	135	9	203	105	135	3	29	15	25146	0	0.1874845027923584	295500	123.1272337436676	247306	16.309306260575298	
1.4777232505041026e+39	135.0	3.74	50.46	26.1	11.915080378906072	591	1499	135	9	203	105	135	3	29	15	25194	0	0.24998164176940918	296000	123.37721538543701	247729	16.307770270270268	
3.4594030905077503e+37	135.0	3.634	47.386	24.51	11.915080378906072	592	1499	135	9	203	105	135	3	29	15	25242	0	0.18748712539672852	296500	123.56470251083374	248141	16.30994940978077	
3602362557128998.5	135.0	3.696	49.184	25.44	11.915080378906072	593	1499	135	9	203	105	135	3	29	15	25291	0	0.2187337875366211	297000	123.78343629837036	248559	16.310101010101008	
1.800463064641023e+38	135.0	3.66	48.14	24.9	11.915080378906072	594	1499	135	9	203	105	135	3	29	15	25332	0	0.17186546325683594	297500	123.9553017616272	248972	16.311932773109234	
5.4393025715233875e+17	135.0	3.632	47.328	24.48	11.915080378906072	595	1499	135	9	203	105	135	3	29	15	25379	0	0.187485933303833	298000	124.14278769493103	249394	16.310738255033556	
9.781829387814567e+31	135.0	3.642	47.618	24.63	11.915080378906072	596	1499	135	9	203	105	135	3	29	15	25422	0	0.18748784065246582	298500	124.3302755355835	249815	16.30988274706867	
9.018519503181317e+40	135.0	3.68	48.72	25.2	11.915080378906072	597	1499	135	9	203	105	135	3	29	15	25459	0	0.17186260223388672	299000	124.50213813781738	250250	16.304347826086953	
8.209224756959548e+30	135.0	3.618	46.922	24.27	11.915080378906072	598	1499	135	9	203	105	135	3	29	15	25507	0	0.218735933303833	299500	124.72087407112122	250673	16.30283806343907	
3.819089610130114e+38	135.0	3.634	47.386	24.51	11.915080378906072	599	1499	135	9	203	105	135	3	29	15	25550	0	0.2031102180480957	300000	124.92398428916931	251089	16.303666666666672	
1.4766274563346602e+23	135.0	3.568	45.472	23.52	11.915080378906072	600	1499	135	9	203	105	135	3	29	15	25585	0	0.2187352180480957	300500	125.14271950721741	251510	16.30282861896839	
6.613010618701306e+18	135.0	3.688	48.952	25.32	11.915080378906072	601	1499	135	9	203	105	135	3	29	15	25644	0	0.2187345027923584	301000	125.36145401000977	251917	16.306644518272435	
2091328158.7849772	135.0	3.534	44.486	23.01	11.915080378906072	602	1499	135	9	203	105	135	3	29	15	25682	0	0.2343597412109375	301500	125.5958137512207	252344	16.303814262023224	
5.2878651624420725e+38	135.0	3.452	42.108	21.78	11.915080378906072	603	1499	135	9	203	105	135	3	29	15	25714	0	0.2031106948852539	302000	125.79892444610596	252766	16.302649006622516	
4.5440048384154885e+21	135.0	3.436	41.644	21.54	11.915080378906072	604	1499	135	9	203	105	135	3	29	15	25748	0	0.2031106948852539	302500	126.00203514099121	253200	16.297520661157023	
1.0351134029659923e+17	135.0	3.378	39.962	20.67	11.915080378906072	605	1499	135	9	203	105	135	3	29	15	25783	0	0.2031111717224121	303000	126.20514631271362	253624	16.2957095709571	
8.397111664297115e+18	135.0	3.47	42.63	22.05	11.915080378906072	606	1499	135	9	203	105	135	3	29	15	25819	0	0.18748831748962402	303500	126.39263463020325	254059	16.29028006589786	
3.2366658435141367e+38	135.0	3.736	50.344	26.04	11.915080378906072	607	1499	135	9	203	105	135	3	29	15	25873	0	0.1874864101409912	304000	126.58012104034424	254474	16.291447368421046	
3.099158418123887e+20	135.0	3.784	51.736	26.76	11.915080378906072	608	1499	135	9	203	105	135	3	29	15	25926	0	0.2343595027923584	304500	126.8144805431366	254893	16.291297208538595	
9.434737535102022e+27	135.0	3.634	47.386	24.51	11.915080378906072	609	1499	135	9	203	105	135	3	29	15	25972	0	0.1874861717224121	305000	127.00196671485901	255306	16.293114754098355	
1.7328688875446709e+25	135.0	3.786	51.794	26.79	11.915080378896256	610	1499	135	9	203	105	135	3	29	15	26037	0	0.2343590259552002	305500	127.23632574081421	255706	16.299181669394443	
1.9366227550557867e+28	135.0	3.584	45.936	23.76	11.915080378896256	611	1499	135	9	203	105	135	3	29	15	26075	0	0.18748927116394043	306000	127.42381501197815	256128	16.298039215686273	
1.0993261843783414e+36	135.0	3.644	47.676	24.66	11.915080378896256	612	1499	135	11	261	135	135	3	29	15	26116	0	0.2031090259552002	306500	127.62692403793335	256552	16.29624796084829	
2.0199840694947532e+21	135.0	3.662	48.198	24.93	11.915080378896256	613	1499	135	11	261	135	135	3	29	15	26155	0	0.234358549118042	307000	127.86128258705139	256984	16.291856677524436	
9.087668157715668e+28	135.0	3.692	49.068	25.38	11.915080378896256	614	1499	135	9	203	105	135	3	29	15	26206	0	0.2187347412109375	307500	128.08001732826233	257405	16.291056910569097	
4.885090876262304e+39	135.0	3.74	50.46	26.1	11.915080378896256	615	1499	135	11	261	135	135	3	29	15	26253	0	0.218735933303833	308000	128.29875326156616	257823	16.291233766233773	
1.7099960383783077e+33	135.0	3.622	47.038	24.33	11.915080378896256	616	1499	135	9	203	105	135	3	29	15	26294	0	0.18748879432678223	308500	128.48624205589294	258253	16.287520259319294	
8.748348250145172e+41	135.0	3.614	46.806	24.21	11.915080378896256	617	1499	135	11	261	135	135	3	29	15	26328	0	0.187485933303833	309000	128.67372798919678	258681	16.28446601941748	
7653963093132.027	135.0	3.544	44.776	23.16	11.915080378896256	618	1499	135	9	203	105	135	3	29	15	26370	0	0.20311260223388672	309500	128.87684059143066	259103	16.283360258481423	
1.0256661042231584e+38	135.0	3.528	44.312	22.92	11.915080378896256	619	1499	135	9	203	105	135	3	29	15	26400	0	0.1874861717224121	310000	129.06432676315308	259535	16.279032258064518	
6.545672220021981e+19	135.0	3.662	48.198	24.93	11.915080378896256	620	1499	135	9	203	105	135	3	29	15	26447	0	0.18749022483825684	310500	129.25181698799133	259947	16.281159420289853	
6.196928182847859e+22	135.0	3.526	44.254	22.89	11.915080378896256	621	1499	135	9	203	105	135	3	29	15	26484	0	0.1718606948852539	311000	129.4236776828766	260372	16.27909967845659	
3.0318950893101862e+37	135.0	3.588	46.052	23.82	11.915080378896256	622	1499	135	9	203	105	135	3	29	15	26523	0	0.20311450958251953	311500	129.6267921924591	260783	16.281540930979133	
3.2905313725490226e+26	135.0	3.56	45.24	23.4	11.915080378896256	623	1499	135	11	261	135	135	3	29	15	26565	0	0.23435544967651367	312000	129.86114764213562	261195	16.28365384615384	
4.6967527052514726e+27	135.0	3.624	47.096	24.36	11.915080378896256	624	1499	135	9	203	105	135	3	29	15	26607	0	0.2343590259552002	312500	130.09550666809082	261611	16.284480000000002	
5.5799324694223716e+35	135.0	3.526	44.254	22.89	11.915080378896256	625	1499	135	11	261	135	135	3	29	15	26643	0	0.2343587875366211	313000	130.32986545562744	262036	16.282428115015975	
18159094689.07722	135.0	3.596	46.284	23.94	11.915080378896256	626	1499	135	9	203	105	135	3	29	15	26681	0	0.1874854564666748	313500	130.51735091209412	262458	16.281339712918665	
1.0858639092327515e+25	135.0	3.548	44.892	23.22	11.915080378896256	627	1499	135	9	203	105	135	3	29	15	26720	0	0.18748807907104492	314000	130.70483899116516	262879	16.28057324840765	
2.1152302592348205e+36	135.0	3.48	42.92	22.2	11.915080378896256	628	1499	135	9	203	105	135	3	29	15	26754	0	0.2031106948852539	314500	130.90794968605042	263296	16.281081081081084	
1.4488770128980902e+32	135.0	3.56	45.24	23.4	11.915080378896256	629	1499	135	9	203	105	135	3	29	15	26788	0	0.18748712539672852	315000	131.09543681144714	263721	16.279047619047617	
1.7663401911520618e+39	135.0	3.526	44.254	22.89	11.915080378896256	630	1499	135	9	203	105	135	3	29	15	26837	0	0.203110933303833	315500	131.29854774475098	264138	16.279556259904922	
6.518900653923276e+31	135.0	3.618	46.922	24.27	11.915080378896256	631	1499	135	9	203	105	135	3	29	15	26890	0	0.20311260223388672	316000	131.50166034698486	264528	16.288607594936707	
1.2310227008631616e+28	135.0	3.598	46.342	23.97	11.915080378896256	632	1499	135	9	203	105	135	3	29	15	26927	0	0.18748688697814941	316500	131.689147233963	264959	16.284676145339645	
5.961109100576707e+39	135.0	3.656	48.024	24.84	11.915080378896256	633	1499	135	9	203	105	135	3	29	15	26970	0	0.2031111717224121	317000	131.89225840568542	265382	16.2832807570978	
3.3453463161333926e+46	135.0	3.706	49.474	25.59	11.915080378896256	634	1499	135	9	203	105	135	3	29	15	27023	0	0.234358549118042	317500	132.12661695480347	265800	16.283464566929126	
7.155738790809369e+36	135.0	3.674	48.546	25.11	11.915080378896256	635	1499	135	9	203	105	135	3	29	15	27077	0	0.2187337875366211	318000	132.3453507423401	266201	16.288993710691827	
3.883653590513698e+23	135.0	3.622	47.038	24.33	11.915080378896256	636	1499	135	9	203	105	135	3	29	15	27132	0	0.15624046325683594	318500	132.50159120559692	266603	16.294191522762944	
531829562585.9809	135.0	3.526	44.254	22.89	11.915080378896256	637	1499	135	9	203	105	135	3	29	15	27170	0	0.17186236381530762	319000	132.67345356941223	267030	16.291536050156736	
129209942328.79286	135.0	3.536	44.544	23.04	11.915080378896256	638	1499	135	9	203	105	135	3	29	15	27209	0	0.2187347412109375	319500	132.89218831062317	267445	16.292644757433493	
6.61647682614752e+27	135.0	3.582	45.878	23.73	11.915080378896256	639	1499	135	9	203	105	135	3	29	15	27246	0	0.2343590259552002	320000	133.12654733657837	267879	16.2878125	
9.385163511594695e+44	135.0	3.674	48.546	25.11	11.915080378896256	640	1499	135	9	203	105	135	3	29	15	27291	0	0.20311284065246582	320500	133.32966017723083	268309	16.28424336973478	
4.14595980341544e+26	135.0	3.726	50.054	25.89	11.915080378896256	641	1499	135	9	203	105	135	3	29	15	27338	0	0.218733549118042	321000	133.54839372634888	268728	16.284112149532717	
1.9705164101687702e+44	135.0	3.68	48.72	25.2	11.915080378896256	642	1499	135	9	203	105	135	3	29	15	27386	0	0.18748784065246582	321500	133.73588156700134	269148	16.283670295489898	
6.566304626583144e+30	135.0	3.69	49.01	25.35	11.915080378896256	643	1499	135	9	203	105	135	3	29	15	27433	0	0.18748736381530762	322000	133.92336893081665	269561	16.28540372670807	
1500464997519530.2	135.0	3.65	47.85	24.75	11.915080378896256	644	1499	135	9	203	105	135	3	29	15	27482	0	0.2187337875366211	322500	134.14210271835327	269973	16.28744186046511	
6.2226409590353595e+44	135.0	3.622	47.038	24.33	11.915080378896256	645	1499	135	9	203	105	135	3	29	15	27522	0	0.1718735694885254	323000	134.3139762878418	270403	16.283900928792576	
1.1060968351726052e+29	135.0	3.65	47.85	24.75	11.915080378896256	646	1499	135	9	203	105	135	3	29	15	27567	0	0.21872687339782715	323500	134.53270316123962	270826	16.282534775888706	
1.694207081493496e+40	135.0	3.564	45.356	23.46	11.915080378896256	647	1499	135	9	203	105	135	3	29	15	27610	0	0.1853957176208496	324000	134.71809887886047	271256	16.279012345679007	
3.3174927050630796e+39	135.0	3.66	48.14	24.9	11.915080378896256	648	1499	135	9	203	105	135	3	29	15	27662	0	0.15624070167541504	324500	134.8743395805359	271673	16.27950693374423	
6.585333660425585e+36	135.0	3.55	44.95	23.25	11.915080378896256	649	1499	135	9	203	105	135	3	29	15	27704	0	0.17186307907104492	325000	135.04620265960693	272084	16.28184615384616	
4.74022024704798e+22	135.0	3.572	45.588	23.58	11.915080378896256	650	1499	135	9	203	105	135	3	29	15	27753	0	0.2343590259552002	325500	135.28056168556213	272497	16.28356374807987	
1.4502705571455478e+24	135.0	3.492	43.268	22.38	11.915080378896256	651	1499	135	9	203	105	135	3	29	15	27790	0	0.2343590259552002	326000	135.51492071151733	272929	16.279447852760725	
2.32931700131412e+40	135.0	3.532	44.428	22.98	11.915080378896256	652	1499	135	9	203	105	135	3	29	15	27835	0	0.18748736381530762	326500	135.70240807533264	273345	16.280245022970902	
4220803258955063.5	135.0	3.57	45.53	23.55	11.915080378896256	653	1499	135	9	203	105	135	3	29	15	27885	0	0.17186212539672852	327000	135.87427020072937	273763	16.280428134556573	
6.374396740338215e+34	135.0	3.506	43.674	22.59	11.915080378896256	654	1499	135	9	203	105	135	3	29	15	27926	0	0.17186379432678223	327500	136.04613399505615	274182	16.280305343511444	
7.386879749766522e+34	135.0	3.622	47.038	24.33	11.915080378896256	655	1499	135	9	203	105	135	3	29	15	27979	0	0.1874861717224121	328000	136.23362016677856	274580	16.286585365853654	
2.2838690285219846e+32	135.0	3.49	43.21	22.35	11.915080378896256	656	1499	135	9	203	105	135	3	29	15	28016	0	0.18748712539672852	328500	136.4211072921753	275006	16.284322678843225	
2.3915552214210485e+20	135.0	3.454	42.166	21.81	11.915080378896256	657	1499	135	9	203	105	135	3	29	15	28048	0	0.2031114101409912	329000	136.62421870231628	275428	16.28328267477204	
2.107142859862655e+34	135.0	3.63	47.27	24.45	11.915080378896256	658	1499	135	9	203	105	135	3	29	15	28101	0	0.2343587875366211	329500	136.8585774898529	275842	16.284673748103188	
4.790132463305761e+41	135.0	3.596	46.284	23.94	11.915080378896256	659	1499	135	9	203	105	135	3	29	15	28139	0	0.18748784065246582	330000	137.04606533050537	276272	16.28121212121212	
1.1609888641518084e+37	135.0	3.692	49.068	25.38	11.915080378896256	660	1499	135	11	261	135	135	3	29	15	28191	0	0.23436236381530762	330500	137.28042769432068	276689	16.281694402420584	
1853019696772987.5	135.0	3.57	45.53	23.55	11.915080378896256	661	1499	135	11	261	135	135	3	29	15	28228	0	0.21873092651367188	331000	137.49915862083435	277119	16.278247734138972	
1.0645433102772635e+39	135.0	3.524	44.196	22.86	11.915080378896256	662	1499	135	9	203	105	135	3	29	15	28264	0	0.20311331748962402	331500	137.70227193832397	277548	16.275113122171945	
6.447342946656284e+25	135.0	3.56	45.24	23.4	11.915080378896256	663	1499	135	9	203	105	135	3	29	15	28304	0	0.1874864101409912	332000	137.88975834846497	277961	16.276807228915658	
9.91820199132785e+39	135.0	3.486	43.094	22.29	11.915080378896256	664	1499	135	9	203	105	135	3	29	15	28346	0	0.2031111717224121	332500	138.09286952018738	278379	16.27699248120301	
2.8963375491589727e+24	135.0	3.518	44.022	22.77	11.915080378896256	665	1499	135	9	203	105	135	3	29	15	28394	0	0.17186284065246582	333000	138.26473236083984	278790	16.27927927927928	
4.711015513914184e+39	135.0	3.526	44.254	22.89	11.915080378896256	666	1499	135	9	203	105	135	3	29	15	28424	0	0.15623879432678223	333500	138.42097115516663	279220	16.275862068965523	
8.18253455457604e+40	135.0	3.622	47.038	24.33	11.915080378896256	667	1499	135	9	203	105	135	3	29	15	28468	0	0.2031104564666748	334000	138.6240816116333	279636	16.27664670658683	
1.3849445670238442e+43	135.0	3.522	44.138	22.83	11.915080378896256	668	1499	135	9	203	105	135	3	29	15	28500	0	0.20311236381530762	334500	138.8271939754486	280065	16.27354260089686	
1.0600039387309881e+31	135.0	3.626	47.154	24.39	11.915080378896256	669	1499	135	9	203	105	135	3	29	15	28544	0	0.12499070167541504	335000	138.95218467712402	280487	16.272537313432835	
1.6099719010265585e+18	135.0	3.768	51.272	26.52	11.915080378896256	670	1499	135	9	203	105	135	3	29	15	28603	0	0.2343597412109375	335500	139.18654441833496	280893	16.276304023845015	
6.043278894566954e+38	135.0	3.586	45.994	23.79	11.915080378896256	671	1499	135	9	203	105	135	3	29	15	28641	0	0.2031114101409912	336000	139.38965582847595	281320	16.27380952380952	
2.117611220749765e+38	135.0	3.554	45.066	23.31	11.915080378896256	672	1499	135	9	203	105	135	3	29	15	28676	0	0.18748712539672852	336500	139.57714295387268	281749	16.270728083209505	
7.073770633609667e+36	135.0	3.714	49.706	25.71	11.915080378896256	673	1499	135	11	261	135	135	3	29	15	28720	0	0.1874866485595703	337000	139.76462960243225	282169	16.270326409495553	
4.206513224249527e+28	135.0	3.72	49.88	25.8	11.915080378896256	674	1499	135	9	203	105	135	3	29	15	28777	0	0.20311212539672852	337500	139.96774172782898	282577	16.273481481481483	
4.262644814905602e+23	135.0	3.622	47.038	24.33	11.915080378896256	675	1499	135	9	203	105	135	3	29	15	28814	0	0.1718614101409912	338000	140.13960313796997	283007	16.270118343195264	
2.769965572386895e+28	135.0	3.68	48.72	25.2	11.915080378896256	676	1499	135	11	261	135	135	3	29	15	28865	0	0.15624022483825684	338500	140.29584336280823	283417	16.27267355982275	
5.208159045521182e+22	135.0	3.584	45.936	23.76	11.915080378896256	677	1499	135	9	203	105	135	3	29	15	28913	0	0.2031102180480957	339000	140.49895358085632	283833	16.273451327433634	
3.949159896171175e+19	135.0	3.634	47.386	24.51	11.915080378896256	678	1499	135	9	203	105	135	3	29	15	28957	0	0.17186546325683594	339500	140.67081904411316	284257	16.271870397643596	
7.661969963775008e+35	135.0	3.598	46.342	23.97	11.915080378896256	679	1499	135	9	203	105	135	3	29	15	28998	0	0.1874856948852539	340000	140.8583047389984	284675	16.272058823529406	
3.100173445224221e+23	135.0	3.658	48.082	24.87	11.915080378896256	680	1499	135	9	203	105	135	3	29	15	29044	0	0.2343587875366211	340500	141.09266352653503	285102	16.26960352422907	
3.127313329120932e+40	135.0	3.64	47.56	24.6	11.915080378896256	681	1499	135	9	203	105	135	3	29	15	29088	0	0.2343597412109375	341000	141.32702326774597	285530	16.266862170087975	
8.585158175493984e+23	135.0	3.734	50.286	26.01	11.915080378896256	682	1499	135	9	203	105	135	3	29	15	29138	0	0.187485933303833	341500	141.5145092010498	285955	16.265007320644216	
1.3467555880809943e+19	135.0	3.696	49.184	25.44	11.915080378896256	683	1499	135	9	203	105	135	3	29	15	29195	0	0.18748784065246582	342000	141.70199704170227	286371	16.265789473684208	
3.516625211755951e+32	135.0	3.686	48.894	25.29	11.915080378896256	684	1499	135	11	261	135	135	3	29	15	29255	0	0.18748712539672852	342500	141.889484167099	286780	16.268613138686135	
5265463021714303.0	135.0	3.81	52.49	27.15	11.915080378896256	685	1499	135	11	261	135	135	3	29	15	29317	0	0.2499828338623047	343000	142.1394670009613	287175	16.275510204081627	
5.103958542488111e+32	135.0	3.614	46.806	24.21	11.915080378896256	686	1499	135	9	203	105	135	3	29	15	29353	0	0.18748807907104492	343500	142.32695508003235	287595	16.275109170305683	
9.929515951094548e+24	135.0	3.55	44.95	23.25	11.915080378896256	687	1499	135	9	203	105	135	3	29	15	29400	0	0.17186260223388672	344000	142.49881768226624	288010	16.276162790697683	
2.0829443179664678e+29	135.0	3.44	41.76	21.6	11.915080378896256	688	1499	135	9	203	105	135	3	29	15	29432	0	0.17186236381530762	344500	142.67068004608154	288439	16.27314949201741	
9.085731110007999e+26	135.0	3.452	42.108	21.78	11.915080378896256	689	1499	135	9	203	105	135	3	29	15	29469	0	0.20311260223388672	345000	142.87379264831543	288872	16.268985507246384	
1.1593511641291913e+25	135.0	3.532	44.428	22.98	11.915080378896256	690	1499	135	9	203	105	135	3	29	15	29507	0	0.1874856948852539	345500	143.06127834320068	289292	16.268596237337192	
1.0011490816833137e+29	135.0	3.596	46.284	23.94	11.915080378896256	691	1499	135	9	203	105	135	3	29	15	29550	0	0.15623974800109863	346000	143.21751809120178	289709	16.269075144508676	
7.914624184313168e+32	135.0	3.574	45.646	23.61	11.915080378896256	692	1499	135	9	203	105	135	3	29	15	29592	0	0.24998235702514648	346500	143.46750044822693	290140	16.265512265512257	
1.6163027224774884e+36	135.0	3.602	46.458	24.03	11.915080378896256	693	1499	135	9	203	105	135	3	29	15	29630	0	0.218735933303833	347000	143.68623638153076	290565	16.263688760806915	
1246896061006.6636	135.0	3.62	46.98	24.3	11.915080378896256	694	1499	135	9	203	105	135	3	29	15	29673	0	0.2187352180480957	347500	143.90497159957886	290983	16.263884892086338	
1.6911649573127948e+38	135.0	3.652	47.908	24.78	11.519568602674907	695	1499	135	9	203	105	135	3	29	15	29711	0	0.2343592643737793	348000	144.13933086395264	291419	16.258908045977023	
4.397355660492519e+42	135.0	3.572	45.588	23.58	11.519568602674907	696	1499	135	9	203	105	135	3	29	15	29756	0	0.23435735702514648	348500	144.37368822097778	291837	16.259110473457667	
8.108862081761134e+32	135.0	3.478	42.862	22.17	11.519568602674907	697	1499	135	9	203	105	135	3	29	15	29789	0	0.20311307907104492	349000	144.57680130004883	292264	16.256733524355298	
45752145176.65903	135.0	3.628	47.212	24.42	11.519568602674907	698	1499	135	9	203	105	135	3	29	15	29837	0	0.2031102180480957	349500	144.77991151809692	292688	16.255221745350497	
3.95565373213228e+25	135.0	3.686	48.894	25.29	11.519568602674907	699	1499	135	9	203	105	135	3	29	15	29893	0	0.203110933303833	350000	144.98302245140076	293102	16.256571428571434	
1.3123595518422784e+27	135.0	3.724	49.996	25.86	11.519568602674907	700	1499	135	9	203	105	135	3	29	15	29949	0	0.2343583106994629	350500	145.21738076210022	293515	16.258202567760335	
7.578633688757238e+36	135.0	3.842	53.418	27.63	11.519568602674907	701	1499	135	9	203	105	135	3	29	15	30005	0	0.2656087875366211	351000	145.48298954963684	293935	16.257834757834758	
1860675792764.9153	135.0	3.798	52.142	26.97	11.519568602674907	702	1499	135	9	203	105	135	3	29	15	30061	0	0.2187349796295166	351500	145.70172452926636	294358	16.25661450924609	
7.365388941721382e+36	135.0	3.614	46.806	24.21	11.519568602674907	703	1499	135	9	203	105	135	3	29	15	30104	0	0.2187330722808838	352000	145.92045760154724	294777	16.256534090909085	
4.150080125463768e+19	135.0	3.686	48.894	25.29	11.519568602674907	704	1499	135	9	203	105	135	3	29	15	30156	0	0.14061594009399414	352500	146.06107354164124	295197	16.25617021276595	
7.676534472828235e+33	135.0	3.594	46.226	23.91	11.519568602674907	705	1499	135	9	203	105	135	3	29	15	30194	0	0.2187345027923584	353000	146.2798080444336	295634	16.250991501416436	
2.227214298634053e+36	135.0	3.594	46.226	23.91	11.519568602674907	706	1499	135	9	203	105	135	3	29	15	30235	0	0.18447160720825195	353500	146.46427965164185	296055	16.250353606789247	
4.367382191203742e+38	135.0	3.672	48.488	25.08	11.519568602674907	707	1499	135	9	203	105	135	3	29	15	30290	0	0.18748807907104492	354000	146.6517677307129	296468	16.25197740112995	
4.789335602173125e+31	135.0	3.714	49.706	25.71	11.519568602674907	708	1499	135	9	203	105	135	3	29	15	30341	0	0.2031116485595703	354500	146.85487937927246	296880	16.253878702397742	
2.9662539615890643e+34	135.0	3.658	48.082	24.87	11.519568602674907	709	1499	135	9	203	105	135	3	29	15	30393	0	0.18748736381530762	355000	147.04236674308777	297292	16.25577464788732	
4.794712740250095e+38	135.0	3.644	47.676	24.66	11.519568602674907	710	1499	135	9	203	105	135	3	29	15	30436	0	0.1874864101409912	355500	147.22985315322876	297715	16.254571026722928	
3.835505602630226e+24	135.0	3.744	50.576	26.16	11.519568602674907	711	1499	135	9	203	105	135	3	29	15	30496	0	0.2187345027923584	356000	147.44858765602112	298123	16.257584269662914	
4.17374117547662e+35	135.0	3.762	51.098	26.43	11.519568602674907	712	1499	135	9	203	105	135	3	29	15	30544	0	0.203110933303833	356500	147.65169858932495	298551	16.254978962131844	
1.758469328818332e+39	135.0	3.75	50.75	26.25	10.661563570839274	713	1499	135	9	203	105	135	3	29	15	30601	0	0.2656073570251465	357000	147.9173059463501	298969	16.25518207282913	
2.7503745370462276e+36	135.0	3.58	45.82	23.7	10.661563570839274	714	1499	135	9	203	105	135	3	29	15	30635	0	0.2343587875366211	357500	148.15166473388672	299396	16.252867132867138	
5.781715950170949e+36	135.0	3.64	47.56	24.6	10.661563570839274	715	1499	135	9	203	105	135	3	29	15	30677	0	0.17186474800109863	358000	148.32352948188782	299813	16.253351955307267	
8.929182409485445e+31	135.0	3.442	41.818	21.63	10.661563570839274	716	1499	135	9	203	105	135	3	29	15	30708	0	0.1718616485595703	358500	148.4953911304474	300231	16.253556485355645	
4.523696340418311e+37	135.0	3.472	42.688	22.08	10.661563570839274	717	1499	135	9	203	105	135	3	29	15	30753	0	0.2187349796295166	359000	148.7141261100769	300646	16.254596100278548	
4.3285597200143294e+38	135.0	3.626	47.154	24.39	10.661563570839274	718	1499	135	9	203	105	135	3	29	15	30804	0	0.2031104564666748	359500	148.91723656654358	301053	16.257858136300413	
4.2699025341230376e+38	135.0	3.632	47.328	24.48	10.661563570839274	719	1499	135	9	203	105	135	3	29	15	30848	0	0.2031111717224121	360000	149.120347738266	301472	16.257777777777775	
9.369752410333617e+28	135.0	3.74	50.46	26.1	10.661563570839274	720	1499	135	11	261	135	135	3	29	15	30896	0	0.15623927116394043	360500	149.27658700942993	301888	16.25852981969487	
1.436744735227357e+41	135.0	3.632	47.328	24.48	10.661563570839274	721	1499	135	9	203	105	135	3	29	15	30944	0	0.2031106948852539	361000	149.47969770431519	302307	16.258448753462602	
498230519487.44336	135.0	3.792	51.968	26.88	10.661563570839274	722	1499	135	9	203	105	135	3	29	15	30997	0	0.20311260223388672	361500	149.68281030654907	302727	16.25809128630705	
6.935166472754206e+20	135.0	3.802	52.258	27.03	10.661563570839274	723	1499	135	9	203	105	135	3	29	15	31059	0	0.18748712539672852	362000	149.8702974319458	303127	16.263259668508283	
2.7858367716960613e+28	135.0	3.642	47.618	24.63	10.661563570839274	724	1499	135	9	203	105	135	3	29	15	31114	0	0.15624117851257324	362500	150.02653861045837	303539	16.265103448275866	
2958942129057.5786	135.0	3.588	46.052	23.82	10.661563570839274	725	1499	135	9	203	105	135	3	29	15	31157	0	0.18748688697814941	363000	150.21402549743652	303955	16.26584022038567	
1.3511748594918512e+24	135.0	3.608	46.632	24.12	10.661563570839274	726	1499	135	9	203	105	135	3	29	15	31208	0	0.187485933303833	363500	150.40151143074036	304370	16.266850068775796	
2350385787077.3574	135.0	3.622	47.038	24.33	10.661563570839274	727	1499	135	9	203	105	135	3	29	15	31257	0	0.234360933303833	364000	150.6358723640442	304782	16.268681318681317	
4.3788806209609196e+33	135.0	3.614	46.806	24.21	10.661563570839274	728	1499	135	9	203	105	135	3	29	15	31315	0	0.1874842643737793	364500	150.82335662841797	305197	16.269684499314124	
4.803221683502991e+35	135.0	3.79	51.91	26.85	10.661563570839274	729	1499	135	9	203	105	135	3	29	15	31386	0	0.18748855590820312	365000	151.01084518432617	305588	16.2772602739726	
4.995115445553434e+40	135.0	3.778	51.562	26.67	10.661563570839274	730	1499	135	9	203	105	135	3	29	15	31443	0	0.23435759544372559	365500	151.2452027797699	306000	16.279069767441854	
1.036272967290652e+41	135.0	3.82	52.78	27.3	10.661563570839274	731	1499	135	9	203	105	135	3	29	15	31502	0	0.17186379432678223	366000	151.41706657409668	306410	16.28142076502732	
1.2182785847901695e+25	135.0	3.752	50.808	26.28	10.661563570839274	732	1499	135	9	203	105	135	3	29	15	31558	0	0.19987225532531738	366500	151.616938829422	306821	16.28349249658936	
8.052882547850331e+34	135.0	3.784	51.736	26.76	10.661563570839274	733	1499	135	9	203	105	135	3	29	15	31617	0	0.18748688697814941	367000	151.80442571640015	307224	16.28773841961852	
4.640059236184645e+35	135.0	3.674	48.546	25.11	10.661563570839274	734	1499	135	9	203	105	135	3	29	15	31673	0	0.1874856948852539	367500	151.9919114112854	307636	16.289523809523814	
7.281030266926115e+35	135.0	3.614	46.806	24.21	10.661563570839274	735	1499	135	9	203	105	135	3	29	15	31711	0	0.218735933303833	368000	152.21064734458923	308064	16.28695652173913	
2.8087941585831505e+40	135.0	3.588	46.052	23.82	10.661563570839274	736	1499	135	9	203	105	135	3	29	15	31755	0	0.2187342643737793	368500	152.429381608963	308483	16.286838534599724	
5.267317656746245e+44	135.0	3.606	46.574	24.09	10.661563570839274	737	1499	135	9	203	105	135	3	29	15	31800	0	0.18748688697814941	369000	152.61686849594116	308911	16.28428184281843	
9.033403387090117e+19	135.0	3.574	45.646	23.61	10.661563570839274	738	1499	135	9	203	105	135	3	29	15	31848	0	0.2187354564666748	369500	152.83560395240784	309327	16.284979702300404	
4.983914214920052e+39	135.0	3.772	51.388	26.58	10.661563570839274	739	1499	135	9	203	105	135	3	29	15	31904	0	0.234358549118042	370000	153.06996250152588	309745	16.285135135135135	
1682127628255165.8	135.0	3.696	49.184	25.44	10.661563570839274	740	1499	135	9	203	105	135	3	29	15	31957	0	0.2187347412109375	370500	153.28869724273682	310166	16.284480431848863	
7.663718842570858e+23	135.0	3.764	51.156	26.46	10.661563570839274	741	1499	135	9	203	105	135	3	29	15	32024	0	0.2031114101409912	371000	153.4918086528778	310585	16.28436657681941	
5.940537915721908e+30	135.0	3.802	52.258	27.03	9.144337877983832	742	1499	135	9	203	105	135	3	29	15	32087	0	0.2499840259552002	371500	153.741792678833	310988	16.288559892328408	
1.0272580747698685e+39	135.0	3.706	49.474	25.59	9.144337877983832	743	1499	135	9	203	105	135	3	29	15	32141	0	0.2343599796295166	372000	153.97615265846252	311403	16.28951612903225	
1.1995507239851737e+34	135.0	3.786	51.794	26.79	9.144337877983832	744	1499	135	9	203	105	135	3	29	15	32205	0	0.23435759544372559	372500	154.21051025390625	311811	16.292348993288584	
1.363381573781651e+24	135.0	3.754	50.866	26.31	9.144337877983832	745	1499	135	9	203	105	135	3	29	15	32270	0	0.218735933303833	373000	154.42924618721008	312215	16.29624664879357	
1.4063793531515475e+28	135.0	3.772	51.388	26.58	9.144337877983832	746	1499	135	9	203	105	135	3	29	15	32330	0	0.15623831748962402	373500	154.5854845046997	312633	16.29638554216868	
4.439500234342682e+42	135.0	3.732	50.228	25.98	9.144337877983832	747	1499	135	9	203	105	135	3	29	15	32376	0	0.2031111717224121	374000	154.78859567642212	313045	16.298128342245988	
6.390432028866096e+30	135.0	3.716	49.764	25.74	9.144337877983832	748	1499	135	9	203	105	135	3	29	15	32426	0	0.2031106948852539	374500	154.99170637130737	313457	16.29986648865153	
5728857659426630.0	135.0	3.676	48.604	25.14	9.144337877983832	749	1499	135	9	203	105	135	3	29	15	32481	0	0.20311188697814941	375000	155.19481825828552	313866	16.30239999999999	
940057096133.2533	135.0	3.678	48.662	25.17	9.144337877983832	750	1499	135	9	203	105	135	3	29	15	32529	0	0.15623807907104492	375500	155.35105633735657	314277	16.30439414114514	
2.5347290053010578e+39	135.0	3.662	48.198	24.93	9.144337877983832	751	1499	135	9	203	105	135	3	29	15	32578	0	0.21874451637268066	376000	155.56980085372925	314699	16.30345744680851	
5.158053096286555e+26	135.0	3.644	47.676	24.66	9.144337877983832	752	1499	135	9	203	105	135	3	29	15	32637	0	0.23434996604919434	376500	155.80415081977844	315108	16.305976095617524	
7.375748609747765e+35	135.0	3.574	45.646	23.61	9.144337877983832	753	1499	135	9	203	105	135	3	29	15	32679	0	0.17186260223388672	377000	155.97601342201233	315535	16.303713527851457	
4.9285814232849217e+39	135.0	3.688	48.952	25.32	9.05932226333865	754	1499	135	9	203	105	135	3	29	15	32730	0	0.18748807907104492	377500	156.16350150108337	315950	16.30463576158941	
8.414690970632602e+35	135.0	3.586	45.994	23.79	9.05932226333865	755	1499	135	9	203	105	135	3	29	15	32784	0	0.15623903274536133	378000	156.31974053382874	316358	16.30740740740741	
7.527216269849253e+35	135.0	3.664	48.256	24.96	9.05932226333865	756	1499	135	9	203	105	135	3	29	15	32841	0	0.14061689376831055	378500	156.46035742759705	316760	16.311756935270807	
7.953137779099585e+17	135.0	3.678	48.662	25.17	9.05932226333865	757	1499	135	9	203	105	135	3	29	15	32890	0	0.2187337875366211	379000	156.67909121513367	317173	16.3131926121372	
2.9061559512993797e+24	135.0	3.588	46.052	23.82	9.05932226333865	758	1499	135	9	203	105	135	3	29	15	32945	0	0.2187342643737793	379500	156.89782547950745	317588	16.314097496706196	
7.862300542062128e+20	135.0	3.558	45.182	23.37	9.05932226333865	759	1499	135	9	203	105	135	3	29	15	32991	0	0.17186379432678223	380000	157.06968927383423	318006	16.31421052631579	
5859029720049038.0	135.0	3.606	46.574	24.09	9.05932226333865	760	1499	135	9	203	105	135	3	29	15	33042	0	0.15623998641967773	380500	157.2259292602539	318420	16.315374507227332	
1503589310598.3396	135.0	3.596	46.284	23.94	9.05932226333865	761	1499	135	9	203	105	135	3	29	15	33094	0	0.187485933303833	381000	157.41341519355774	318837	16.315748031496057	
1.9983354645708682e+27	135.0	3.636	47.444	24.54	9.05932226333865	762	1499	135	9	203	105	135	3	29	15	33150	0	0.2031114101409912	381500	157.61652660369873	319240	16.31979030144167	
68509920410540.91	135.0	3.626	47.154	24.39	9.05932226333865	763	1499	135	9	203	105	135	3	29	15	33206	0	0.17186331748962402	382000	157.78838992118835	319650	16.32198952879581	
6967164161457930.0	135.0	3.558	45.182	23.37	9.05932226333865	764	1499	135	9	203	105	135	3	29	15	33253	0	0.2187366485595703	382500	158.00712656974792	320065	16.32287581699346	
2.7760514378337757e+24	135.0	3.53	44.37	22.95	9.05932226333865	765	1499	135	9	203	105	135	3	29	15	33293	0	0.2031111717224121	383000	158.21023774147034	320488	16.32167101827676	
2.814449345961728e+24	135.0	3.566	45.414	23.49	9.05932226333865	766	1499	135	9	203	105	135	3	29	15	33340	0	0.2031097412109375	383500	158.41334748268127	320895	16.324641460234673	
1.37500000847e+34	135.0	3.56	45.24	23.4	9.05932226333865	767	1499	135	9	203	105	135	3	29	15	33391	0	0.2031114101409912	384000	158.61645889282227	321310	16.32552083333333	
1194271376.7418237	135.0	3.59	46.11	23.85	9.05932226333865	768	1499	135	9	203	105	135	3	29	15	33440	0	0.2187337875366211	384500	158.8351926803589	321713	16.3295188556567	
7.99304180521343e+19	135.0	3.596	46.284	23.94	8.754271390747812	769	1499	135	11	261	135	135	3	29	15	33484	0	0.2031111717224121	385000	159.0383038520813	322128	16.330389610389602	
1.1441565223219126e+46	135.0	3.6	46.4	24.0	8.754271390747812	770	1499	135	9	203	105	135	3	29	15	33525	0	0.2031111717224121	385500	159.2414150238037	322549	16.329701686121922	
1.4068845139561128e+45	135.0	3.638	47.502	24.57	8.754271390747812	771	1499	135	9	203	105	135	3	29	15	33586	0	0.17186307907104492	386000	159.41327810287476	322951	16.333937823834205	
7.268904025848427e+42	135.0	3.718	49.822	25.77	8.754271390747812	772	1499	135	9	203	105	135	3	29	15	33642	0	0.18748736381530762	386500	159.60076546669006	323363	16.335575679172052	
2397382217.996016	135.0	3.584	45.936	23.76	8.754271390747812	773	1499	135	9	203	105	135	3	29	15	33686	0	0.18748760223388672	387000	159.78825306892395	323777	16.336692506459954	
1.0303372361060287e+40	135.0	3.602	46.458	24.03	8.754271390747812	774	1499	135	9	203	105	135	3	29	15	33742	0	0.17186379432678223	387500	159.96011686325073	324183	16.33987096774193	
1.0351076309641864e+21	135.0	3.542	44.718	23.13	8.754271390747812	775	1499	135	9	203	105	135	3	29	15	33793	0	0.17186379432678223	388000	160.13198065757751	324585	16.344072164948457	
4.2415254245041536e+17	135.0	3.386	40.194	20.79	8.754271390747812	776	1499	135	9	203	105	135	3	29	15	33825	0	0.2343583106994629	388500	160.36633896827698	324996	16.345945945945957	
3.040008301889081e+20	135.0	3.51	43.79	22.65	8.754271390747812	777	1499	135	9	203	105	135	3	29	15	33868	0	0.2031104564666748	389000	160.56944942474365	325409	16.347300771208225	
4.351700299239065e+39	135.0	3.538	44.602	23.07	8.754271390747812	778	1499	135	9	203	105	135	3	29	15	33913	0	0.17186403274536133	389500	160.741313457489	325822	16.34865211810012	
1234176224.862448	135.0	3.422	41.238	21.33	8.754271390747812	779	1499	135	9	203	105	135	3	29	15	33952	0	0.14061474800109863	390000	160.8819282054901	326230	16.351282051282055	
17317654391007.9	135.0	3.456	42.224	21.84	8.412380324485303	780	1499	135	9	203	105	135	3	29	15	33982	0	0.2343587875366211	390500	161.11628699302673	326666	16.346734955185667	
7.728044705763146e+25	135.0	3.58	45.82	23.7	8.412380324485303	781	1499	135	9	203	105	135	3	29	15	34029	0	0.17186379432678223	391000	161.28815078735352	327081	16.347570332480814	
1.334061720106525e+24	135.0	3.624	47.096	24.36	8.412380324485303	782	1499	135	11	261	135	135	3	29	15	34080	0	0.2343590259552002	391500	161.52250981330872	327481	16.352234993614303	
5145934051.05124	135.0	3.532	44.428	22.98	8.412380324485303	783	1499	135	11	261	135	135	3	29	15	34124	0	0.1874864101409912	392000	161.7099962234497	327897	16.352806122448982	
15785056586.331957	135.0	3.424	41.296	21.36	8.412380324485303	784	1499	135	9	203	105	135	3	29	15	34169	0	0.12499332427978516	392500	161.8349895477295	328300	16.356687898089177	
4.245525644475896e+32	135.0	3.342	38.918	20.13	8.412380324485303	785	1499	135	9	203	105	135	3	29	15	34201	0	0.1874854564666748	393000	162.02247500419617	328720	16.356234096692106	
4.6988174272655086e+39	135.0	3.446	41.934	21.69	8.412380324485303	786	1499	135	9	203	105	135	3	29	15	34230	0	0.18748688697814941	393500	162.20996189117432	329148	16.353748411689963	
1.9380063487694324e+19	135.0	3.508	43.732	22.62	8.412380324485303	787	1499	135	9	203	105	135	3	29	15	34277	0	0.218735933303833	394000	162.42869782447815	329546	16.35888324873096	
636869269024.5326	135.0	3.492	43.268	22.38	8.412380324485303	788	1499	135	9	203	105	135	3	29	15	34318	0	0.17186307907104492	394500	162.6005609035492	329957	16.36070975918885	
6.84014534403005e+17	135.0	3.49	43.21	22.35	8.412380324485303	789	1499	135	9	203	105	135	3	29	15	34359	0	0.2187345027923584	395000	162.81929540634155	330372	16.361518987341768	
7707676666662.351	135.0	3.42	41.18	21.3	8.412380324485303	790	1499	135	9	203	105	135	3	29	15	34395	0	0.2031111717224121	395500	163.02240657806396	330790	16.361567635903924	
1.622979250187649e+32	135.0	3.516	43.964	22.74	8.412380324485303	791	1499	135	9	203	105	135	3	29	15	34433	0	0.18748736381530762	396000	163.20989394187927	331204	16.362626262626264	
3.5690414371018126e+22	135.0	3.496	43.384	22.44	8.412380324485303	792	1499	135	9	203	105	135	3	29	15	34467	0	0.200331449508667	396500	163.41022539138794	331641	16.357881462799497	
1.6314883038584177e+29	135.0	3.464	42.456	21.96	8.412380324485303	793	1499	135	9	203	105	135	3	29	15	34504	0	0.17186999320983887	397000	163.58209538459778	332059	16.357934508816115	
3.659403573835169e+48	135.0	3.578	45.762	23.67	8.412380324485303	794	1499	135	9	203	105	135	3	29	15	34550	0	0.21872854232788086	397500	163.80082392692566	332475	16.35849056603773	
1.6285292985887737e+33	135.0	3.408	40.832	21.12	8.412380324485303	795	1499	135	9	203	105	135	3	29	15	34577	0	0.17186474800109863	398000	163.97268867492676	332907	16.355025125628146	
4125386387887.558	135.0	3.556	45.124	23.34	8.412380324485303	796	1499	135	9	203	105	135	3	29	15	34615	0	0.1874864101409912	398500	164.16017508506775	333325	16.35508155583439	
1.3552682936316177e+27	135.0	3.586	45.994	23.79	8.412380324485303	797	1499	135	9	203	105	135	3	29	15	34665	0	0.17186284065246582	399000	164.33203792572021	333737	16.356641604010022	
8.90961933442835e+35	135.0	3.718	49.822	25.77	8.412380324485303	798	1499	135	9	203	105	135	3	29	15	34730	0	0.2031111717224121	399500	164.53514909744263	334146	16.358948685857328	
1.0421929765578137e+24	135.0	3.648	47.792	24.72	8.412380324485303	799	1499	135	9	203	105	135	3	29	15	34785	0	0.17186379432678223	400000	164.7070128917694	334557	16.360749999999996	
8.9068191186303e+27	135.0	3.568	45.472	23.52	8.412380324485303	800	1499	135	9	203	105	135	3	29	15	34843	0	0.1874864101409912	400500	164.8944993019104	334951	16.366791510611733	
9.28150324901877e+17	135.0	3.532	44.428	22.98	8.412380324485303	801	1499	135	9	203	105	135	3	29	15	34896	0	0.2031114101409912	401000	165.0976107120514	335366	16.367581047381535	
7.598398509768172e+36	135.0	3.558	45.182	23.37	8.313703876841778	802	1499	135	9	203	105	135	3	29	15	34944	0	0.2187356948852539	401500	165.31634640693665	335784	16.36762141967621	
1.4636865654018708e+33	135.0	3.524	44.196	22.86	8.313703876841778	803	1499	135	9	203	105	135	3	29	15	34983	0	0.15623950958251953	402000	165.47258591651917	336199	16.368407960199008	
4.055455239274656e+27	135.0	3.566	45.414	23.49	8.313703876841778	804	1499	135	9	203	105	135	3	29	15	35032	0	0.17186307907104492	402500	165.6444489955902	336610	16.37018633540373	
1.0655632195512109e+28	135.0	3.67	48.43	25.05	8.313703876841778	805	1499	135	9	203	105	135	3	29	15	35097	0	0.18748736381530762	403000	165.83193635940552	337008	16.375186104218358	
2.4371052905995054e+26	135.0	3.544	44.776	23.16	8.313703876841778	806	1499	135	9	203	105	135	3	29	15	35142	0	0.2187345027923584	403500	166.05067086219788	337431	16.373977695167284	
9.405133234952262e+30	135.0	3.606	46.574	24.09	8.313703876841778	807	1499	135	9	203	105	135	3	29	15	35193	0	0.2187342643737793	404000	166.26940512657166	337838	16.376732673267327	
3.3478067534975455e+34	135.0	3.566	45.414	23.49	8.313703876841778	808	1499	135	9	203	105	135	3	29	15	35246	0	0.2343599796295166	404500	166.50376510620117	338242	16.380222496909767	
6.270737137536131e+39	135.0	3.628	47.212	24.42	8.313703876841778	809	1499	135	11	261	135	135	3	29	15	35306	0	0.18748736381530762	405000	166.69125247001648	338644	16.3841975308642	
5.85916562604093e+33	135.0	3.422	41.238	21.33	8.313703876841778	810	1499	135	9	203	105	135	3	29	15	35350	0	0.2031104564666748	405500	166.89436292648315	339053	16.38643649815043	
1.6500510752267987e+21	135.0	3.456	42.224	21.84	8.313703876841778	811	1499	135	9	203	105	135	3	29	15	35395	0	0.15623950958251953	406000	167.05060243606567	339472	16.386206896551727	
7570233782.459662	135.0	3.426	41.354	21.39	8.313703876841778	812	1499	135	9	203	105	135	3	29	15	35434	0	0.2031116485595703	406500	167.25371408462524	339887	16.386961869618702	
6.132301538632615e+36	135.0	3.428	41.412	21.42	8.313703876841778	813	1499	135	9	203	105	135	3	29	15	35470	0	0.14061570167541504	407000	167.39432978630066	340302	16.387714987714986	
1.2829091165649116e+22	135.0	3.44	41.76	21.6	8.313703876841778	814	1499	135	9	203	105	135	3	29	15	35509	0	0.17186212539672852	407500	167.5661919116974	340734	16.384294478527607	
3.0262156547848266e+19	135.0	3.556	45.124	23.34	8.313703876841778	815	1499	135	9	203	105	135	3	29	15	35553	0	0.18748784065246582	408000	167.75367975234985	341141	16.387009803921572	
1.2706806048883546e+18	135.0	3.386	40.194	20.79	8.313703876841778	816	1499	135	9	203	105	135	3	29	15	35588	0	0.2187349796295166	408500	167.97241473197937	341563	16.38604651162791	
1.2043010779250332e+20	135.0	3.394	40.426	20.91	8.313703876841778	817	1499	135	9	203	105	135	3	29	15	35624	0	0.2187352180480957	409000	168.19114995002747	341985	16.385085574572116	
1.2680042470413444e+36	135.0	3.332	38.628	19.98	8.313703876841778	818	1499	135	9	203	105	135	3	29	15	35646	0	0.18748760223388672	409500	168.37863755226135	342426	16.379487179487185	
4.9822065049092024e+36	135.0	3.418	41.122	21.27	8.313703876841778	819	1499	135	9	203	105	135	3	29	15	35690	0	0.15624022483825684	410000	168.5348777770996	342841	16.380243902439034	
1.3654836993109963e+24	135.0	3.4	40.6	21.0	8.313703876841778	820	1499	135	9	203	105	135	3	29	15	35723	0	0.2004833221435547	410500	168.73536109924316	343254	16.381485992691836	
7.876845108278635e+38	135.0	3.424	41.296	21.36	8.313703876841778	821	1499	135	9	203	105	135	3	29	15	35768	0	0.2187347412109375	411000	168.9540958404541	343671	16.381751824817513	
7.378374353129756e+21	135.0	3.49	43.21	22.35	8.313703876841778	822	1499	135	9	203	105	135	3	29	15	35810	0	0.2031114101409912	411500	169.1572072505951	344093	16.38080194410692	
5.905997326979551e+26	135.0	3.384	40.136	20.76	8.313703876841778	823	1499	135	9	203	105	135	3	29	15	35838	0	0.17186188697814941	412000	169.32906913757324	344507	16.38179611650486	
4.293064930737658e+34	135.0	3.434	41.586	21.51	8.313703876841778	824	1499	135	9	203	105	135	3	29	15	35879	0	0.18748736381530762	412500	169.51655650138855	344916	16.384	
43755720832335.99	135.0	3.488	43.152	22.32	8.313703876841778	825	1499	135	9	203	105	135	3	29	15	35919	0	0.2031111717224121	413000	169.71966767311096	345323	16.3866828087167	
2.233452451352344e+34	135.0	3.53	44.37	22.95	8.313703876841778	826	1499	135	9	203	105	135	3	29	15	35971	0	0.2187364101409912	413500	169.93840408325195	345733	16.38863361547763	
6.024822323452548e+44	135.0	3.476	42.804	22.14	8.313703876841778	827	1499	135	9	203	105	135	3	29	15	36013	0	0.2187340259552002	414000	170.15713810920715	346137	16.39202898550724	
1.1294608771369193e+29	135.0	3.594	46.226	23.91	8.313703876841778	828	1499	135	9	203	105	135	3	29	15	36067	0	0.2187342643737793	414500	170.37587237358093	346537	16.396381182147167	
3.0091505620976025e+24	135.0	3.608	46.632	24.12	8.313703876841778	829	1499	135	9	203	105	135	3	29	15	36123	0	0.18748784065246582	415000	170.5633602142334	346944	16.399036144578318	
1.5447531759656656e+28	135.0	3.422	41.238	21.33	8.313703876841778	830	1499	135	9	203	105	135	3	29	15	36158	0	0.18748688697814941	415500	170.75084710121155	347360	16.399518652226234	
1.944915094497136e+17	135.0	3.452	42.108	21.78	8.221240277702691	831	1499	135	9	203	105	135	3	29	15	36203	0	0.18748712539672852	416000	170.93833422660828	347771	16.401201923076925	
2.985388534928941e+29	135.0	3.484	43.036	22.26	8.221240277702691	832	1499	135	9	203	105	135	3	29	15	36245	0	0.18748950958251953	416500	171.1258237361908	348185	16.402160864345745	
1.2916550379803842e+21	135.0	3.588	46.052	23.82	8.221240277702691	833	1499	135	9	203	105	135	3	29	15	36301	0	0.21873259544372559	417000	171.34455633163452	348578	16.40815347721822	
4.293618738564941e+40	135.0	3.376	39.904	20.64	8.221240277702691	834	1499	135	9	203	105	135	3	29	15	36345	0	0.2187366485595703	417500	171.5632929801941	348983	16.411257485029935	
9.358549899274267e+36	135.0	3.426	41.354	21.39	8.221240277702691	835	1499	135	9	203	105	135	3	29	15	36387	0	0.2187356948852539	418000	171.78202867507935	349394	16.412918660287076	
1.410947369639105e+30	135.0	3.48	42.92	22.2	8.221240277702691	836	1499	135	9	203	105	135	3	29	15	36433	0	0.24998259544372559	418500	172.03201127052307	349813	16.41266427718041	
1.3205991907206976e+18	135.0	3.456	42.224	21.84	8.221240277702691	837	1499	135	9	203	105	135	3	29	15	36463	0	0.1718616485595703	419000	172.20387291908264	350248	16.408591885441524	
2.428872001299429e+26	135.0	3.414	41.006	21.21	8.221240277702691	838	1499	135	9	203	105	135	3	29	15	36502	0	0.20311260223388672	419500	172.40698552131653	350664	16.409058402860538	
2.9300339039558643e+27	135.0	3.398	40.542	20.97	8.221240277702691	839	1499	135	9	203	105	135	3	29	15	36531	0	0.2031097412109375	420000	172.61009526252747	351087	16.40785714285714	
2.034147424619145e+23	135.0	3.458	42.282	21.87	8.221240277702691	840	1499	135	9	203	105	135	3	29	15	36562	0	0.23436284065246582	420500	172.84445810317993	351510	16.406658739595713	
6.559362608641056e+23	135.0	3.482	42.978	22.23	8.221240277702691	841	1499	135	9	203	105	135	3	29	15	36609	0	0.20310688018798828	421000	173.04756498336792	351906	16.411876484560565	
5.124091320994089e+32	135.0	3.432	41.528	21.48	7.5561538458373025	842	1499	135	9	203	105	135	3	29	15	36641	0	0.18748855590820312	421500	173.23505353927612	352328	16.41091340450771	
9.103092548331896e+35	135.0	3.51	43.79	22.65	7.5561538458373025	843	1499	135	9	203	105	135	3	29	15	36681	0	0.21874356269836426	422000	173.4537971019745	352744	16.41137440758294	
5.7234026677296364e+26	135.0	3.538	44.602	23.07	7.5561538458373025	844	1499	135	9	203	105	135	3	29	15	36724	0	0.15622878074645996	422500	173.61002588272095	353159	16.412071005917156	
8.588106860727464e+24	135.0	3.486	43.094	22.29	7.5561538458373025	845	1499	135	9	203	105	135	3	29	15	36767	0	0.18748807907104492	423000	173.797513961792	353572	16.41323877068558	
6.129793902375298e+22	135.0	3.612	46.748	24.18	7.513102273580909	846	1499	135	9	203	105	135	3	29	15	36818	0	0.2343583106994629	423500	174.03187227249146	353977	16.416292798110973	
52930606208543.695	135.0	3.514	43.906	22.71	7.513102273580909	847	1499	135	9	203	105	135	3	29	15	36860	0	0.20311212539672852	424000	174.23498439788818	354397	16.41580188679245	
3127215434.395339	135.0	3.654	47.966	24.81	7.513102273580909	848	1499	135	9	203	105	135	3	29	15	36908	0	0.2031095027923584	424500	174.43809390068054	354811	16.416725559481748	
5.627709562198079e+28	135.0	3.472	42.688	22.08	7.513102273580909	849	1499	135	9	203	105	135	3	29	15	36954	0	0.20311212539672852	425000	174.64120602607727	355220	16.418823529411767	
3.778664137184813e+26	135.0	3.452	42.108	21.78	7.513102273580909	850	1499	135	9	203	105	135	3	29	15	36990	0	0.18748807907104492	425500	174.82869410514832	355631	16.420446533490008	
1.308719128069322e+26	135.0	3.472	42.688	22.08	7.513102273580909	851	1499	135	9	203	105	135	3	29	15	37033	0	0.15623855590820312	426000	174.98493266105652	356050	16.420187793427232	
687323484182.8352	135.0	3.578	45.762	23.67	7.513102273580909	852	1499	135	9	203	105	135	3	29	15	37078	0	0.2031114101409912	426500	175.1880440711975	356470	16.419695193434933	
9.89948023680615e+32	135.0	3.522	44.138	22.83	7.46150935019504	853	1499	135	9	203	105	135	3	29	15	37122	0	0.23187017440795898	427000	175.41991424560547	356887	16.419906323185003	
640327291609.489	135.0	3.606	46.574	24.09	6.791140129898501	854	1499	135	9	203	105	135	3	29	15	37169	0	0.20311236381530762	427500	175.62302660942078	357306	16.419649122807016	
4.0943372632371727e+36	135.0	3.606	46.574	24.09	6.791140129898501	855	1499	135	11	261	135	135	3	29	15	37214	0	0.17186284065246582	428000	175.79488945007324	357729	16.418457943925233	
6.55241082025962e+19	135.0	3.642	47.618	24.63	6.791140129898501	856	1499	135	9	203	105	135	3	29	15	37268	0	0.2187347412109375	428500	176.01362419128418	358134	16.421470245040837	
1.0253195827047983e+40	135.0	3.672	48.488	25.08	6.791140129898501	857	1499	135	9	203	105	135	3	29	15	37325	0	0.17186284065246582	429000	176.18548703193665	358533	16.42587412587413	
1.1524800136986315e+33	135.0	3.48	42.92	22.2	6.791140129898501	858	1499	135	9	203	105	135	3	29	15	37362	0	0.15624094009399414	429500	176.34172797203064	358958	16.424214202561117	
4.029507632016424e+25	135.0	3.564	45.356	23.46	6.791140129898501	859	1499	135	9	203	105	135	3	29	15	37403	0	0.2187333106994629	430000	176.5604612827301	359380	16.42325581395349	
2.439055929087111e+20	135.0	3.576	45.704	23.64	6.791140129898501	860	1499	135	9	203	105	135	3	29	15	37454	0	0.2656071186065674	430500	176.82606840133667	359798	16.42322880371661	
1.8363070609260388e+18	135.0	3.698	49.242	25.47	6.791140129898501	861	1499	135	9	203	105	135	3	29	15	37505	0	0.2343587875366211	431000	177.0604271888733	360212	16.42412993039443	
8.547868519673684e+38	135.0	3.714	49.706	25.71	6.791140129898501	862	1499	135	9	203	105	135	3	29	15	37564	0	0.2031114101409912	431500	177.26353859901428	360615	16.427578215527234	
2.096806445547851e+35	135.0	3.742	50.518	26.13	6.791140129898501	863	1499	135	9	203	105	135	3	29	15	37626	0	0.2187345027923584	432000	177.48227310180664	361022	16.430092592592587	
3085925567.405269	135.0	3.584	45.936	23.76	6.791140129898501	864	1499	135	9	203	105	135	3	29	15	37664	0	0.15624022483825684	432500	177.6385133266449	361453	16.42705202312139	
1.601176272328856e+27	135.0	3.656	48.024	24.84	6.791140129898501	865	1499	135	9	203	105	135	3	29	15	37718	0	0.2031111717224121	433000	177.8416244983673	361860	16.429561200923786	
1.695761373768925e+35	135.0	3.578	45.762	23.67	6.791140129898501	866	1499	135	9	203	105	135	3	29	15	37763	0	0.2031104564666748	433500	178.04473495483398	362273	16.430680507497115	
3.658889977788635e+34	135.0	3.456	42.224	21.84	6.791140129898501	867	1499	135	9	203	105	135	3	29	15	37798	0	0.20311594009399414	434000	178.24785089492798	362689	16.431105990783408	
45305335179779.79	135.0	3.446	41.934	21.69	6.791140129898501	868	1499	135	9	203	105	135	3	29	15	37829	0	0.20310735702514648	434500	178.45095825195312	363119	16.428308400460296	
5.593017398111854e+26	135.0	3.438	41.702	21.57	6.791140129898501	869	1499	135	9	203	105	135	3	29	15	37859	0	0.21873736381530762	435000	178.66969561576843	363541	16.427356321839085	
33333088060.97156	135.0	3.6	46.4	24.0	6.791140129898501	870	1499	135	9	203	105	135	3	29	15	37902	0	0.15624189376831055	435500	178.82593750953674	363956	16.42801377726751	
7.081249811759859e+30	135.0	3.638	47.502	24.57	6.791140129898501	871	1499	135	9	203	105	135	3	29	15	37946	0	0.2031078338623047	436000	179.02904534339905	364372	16.42844036697248	
1.6002444109616188e+27	135.0	3.63	47.27	24.45	6.791140129898501	872	1499	135	9	203	105	135	3	29	15	37994	0	0.2187333106994629	436500	179.2477786540985	364787	16.4290950744559	
401362038955.90875	135.0	3.71	49.59	25.65	6.791140129898501	873	1499	135	9	203	105	135	3	29	15	38048	0	0.21893715858459473	437000	179.4667158126831	365194	16.431578947368422	
4.790166543359409e+39	135.0	3.548	44.892	23.22	6.723570980334454	874	1499	135	9	203	105	135	3	29	15	38086	0	0.2187354564666748	437500	179.68545126914978	365603	16.4336	
3.1655781851405055e+37	135.0	3.492	43.268	22.38	6.723570980334454	875	1499	135	9	203	105	135	3	29	15	38125	0	0.1718730926513672	438000	179.85732436180115	366017	16.43447488584475	
1044907734978.3987	135.0	3.544	44.776	23.16	6.674407380315418	876	1499	135	11	261	135	135	3	29	15	38160	0	0.21872448921203613	438500	180.07604885101318	366438	16.433751425313574	
1.2597775937521813e+30	135.0	3.482	42.978	22.23	6.674407380315418	877	1499	135	11	261	135	135	3	29	15	38192	0	0.1874864101409912	439000	180.26353526115417	366865	16.431662870159457	
2.9671068556354622e+25	135.0	3.446	41.934	21.69	6.674407380315418	878	1499	135	9	203	105	135	3	29	15	38219	0	0.21637463569641113	439500	180.4799098968506	367301	16.427531285551765	
1.9632777883017756e+25	135.0	3.548	44.892	23.22	6.674407380315418	879	1499	135	9	203	105	135	3	29	15	38251	0	0.18748760223388672	440000	180.66739749908447	367732	16.424545454545452	
5.687014291937487e+40	135.0	3.59	46.11	23.85	6.674407380315418	880	1499	135	9	203	105	135	3	29	15	38291	0	0.2031106948852539	440500	180.87050819396973	368148	16.4249716231555	
1.1050079942308982e+37	135.0	3.542	44.718	23.13	6.674407380315418	881	1499	135	9	203	105	135	3	29	15	38328	0	0.18748831748962402	441000	181.05799651145935	368566	16.424943310657596	
7.191853045548401e+23	135.0	3.556	45.124	23.34	6.674407380315418	882	1499	135	9	203	105	135	3	29	15	38377	0	0.20310759544372559	441500	181.26110410690308	368984	16.424915062287653	
3.98478294094804e+19	135.0	3.664	48.256	24.96	6.674407380315418	883	1499	135	9	203	105	135	3	29	15	38428	0	0.21873760223388672	442000	181.47984170913696	369393	16.426923076923075	
2.809657961776424e+39	135.0	3.486	43.094	22.29	6.674407380315418	884	1499	135	9	203	105	135	3	29	15	38472	0	0.2031097412109375	442500	181.6829514503479	369815	16.42598870056497	
1.1935949734945141e+17	135.0	3.53	44.37	22.95	6.674407380315418	885	1499	135	9	203	105	135	3	29	15	38512	0	0.2031111717224121	443000	181.8860626220703	370231	16.42641083521444	
1.821745768031978e+38	135.0	3.53	44.37	22.95	6.674407380315418	886	1499	135	9	203	105	135	3	29	15	38555	0	0.2343578338623047	443500	182.12042045593262	370642	16.427959413754223	
1024566862.1932796	135.0	3.42	41.18	21.3	6.674407380315418	887	1499	135	9	203	105	135	3	29	15	38593	0	0.17186379432678223	444000	182.2922842502594	371065	16.4268018018018	
1.9068266521116513e+26	135.0	3.538	44.602	23.07	6.674407380315418	888	1499	135	9	203	105	135	3	29	15	38635	0	0.2187354564666748	444500	182.51101970672607	371484	16.42654668166479	
2.024365813449025e+35	135.0	3.482	42.978	22.23	6.674407380315418	889	1499	135	9	203	105	135	3	29	15	38675	0	0.14061474800109863	445000	182.65163445472717	371905	16.425842696629218	
1.2582847177585509e+29	135.0	3.45	42.05	21.75	6.674407380315418	890	1499	135	9	203	105	135	3	29	15	38716	0	0.218735933303833	445500	182.870370388031	372328	16.42469135802469	
4.278535065228807e+16	135.0	3.51	43.79	22.65	6.674407380315418	891	1499	135	9	203	105	135	3	29	15	38760	0	0.1874864101409912	446000	183.057856798172	372741	16.42578475336323	
7.515024229074892e+27	135.0	3.588	46.052	23.82	6.674407380315418	892	1499	135	9	203	105	135	3	29	15	38807	0	0.17186236381530762	446500	183.2297191619873	373157	16.42620380739082	
5180212536934.342	135.0	3.494	43.326	22.41	6.674407380315418	893	1499	135	9	203	105	135	3	29	15	38851	0	0.17186522483825684	447000	183.40158438682556	373581	16.424832214765104	
1.301078998433423e+25	135.0	3.636	47.444	24.54	6.674407380315418	894	1499	135	9	203	105	135	3	29	15	38913	0	0.24998188018798828	447500	183.65156626701355	373982	16.428603351955303	
1256488920.3095202	135.0	3.63	47.27	24.45	6.674407380315418	895	1499	135	11	261	135	135	3	29	15	38967	0	0.15623903274536133	448000	183.8078052997589	374388	16.43124999999999	
1.1957109847477099e+27	135.0	3.63	47.27	24.45	6.674407380315418	896	1499	135	9	203	105	135	3	29	15	39037	0	0.2343583106994629	448500	184.04216361045837	374780	16.43701226309922	
4.995142965917663e+39	135.0	3.602	46.458	24.03	6.674407380315418	897	1499	135	9	203	105	135	3	29	15	39094	0	0.218735933303833	449000	184.2608995437622	375184	16.440089086859686	
1.2363215812972003e+35	135.0	3.546	44.834	23.19	6.674407380315418	898	1499	135	9	203	105	135	3	29	15	39150	0	0.18748688697814941	449500	184.44838643074036	375594	16.441824249165734	
5.509875255164081e+21	135.0	3.698	49.242	25.47	6.674407380315418	899	1499	135	9	203	105	135	3	29	15	39217	0	0.234358549118042	450000	184.6827449798584	375993	16.445999999999998	
1.1596313714581812e+30	135.0	3.554	45.066	23.31	6.653899989833637	900	1499	135	9	203	105	135	3	29	15	39277	0	0.1874866485595703	450500	184.87023162841797	376392	16.450166481687006	
1.6656483578081038e+19	135.0	3.582	45.878	23.73	6.653899989833637	901	1499	135	9	203	105	135	3	29	15	39342	0	0.18748784065246582	451000	185.05771946907043	376788	16.454988913525497	
2095058484725683.8	135.0	3.596	46.284	23.94	6.653899989833637	902	1499	135	9	203	105	135	3	29	15	39388	0	0.18749451637268066	451500	185.24521398544312	377198	16.456699889258033	
1.4682895424952666e+18	135.0	3.614	46.806	24.21	6.653899989833637	903	1499	135	9	203	105	135	3	29	15	39436	0	0.23435211181640625	452000	185.47956609725952	377621	16.45553097345133	
1.1890969268231973e+29	135.0	3.684	48.836	25.26	6.653899989833637	904	1499	135	9	203	105	135	3	29	15	39499	0	0.2187352180480957	452500	185.69830131530762	378008	16.46232044198895	
3.8955694879261114e+27	135.0	3.536	44.544	23.04	6.479084813353336	905	1499	135	9	203	105	135	3	29	15	39543	0	0.17186284065246582	453000	185.87016415596008	378422	16.463134657836648	
578096516717.1989	135.0	3.594	46.226	23.91	6.479084813353336	906	1499	135	9	203	105	135	3	29	15	39596	0	0.17186284065246582	453500	186.04202699661255	378833	16.464608599779496	
1.4227980321948266e+16	135.0	3.68	48.72	25.2	6.479084813353336	907	1499	135	9	203	105	135	3	29	15	39658	0	0.18748784065246582	454000	186.22951483726501	379240	16.466960352422916	
5.688758952544393e+37	135.0	3.624	47.096	24.36	6.457616780166696	908	1499	135	9	203	105	135	3	29	15	39713	0	0.18748855590820312	454500	186.41700339317322	379646	16.46952695269526	
3.4412416888606643e+36	135.0	3.49	43.21	22.35	6.457616780166696	909	1499	135	9	203	105	135	3	29	15	39763	0	0.2031092643737793	455000	186.620112657547	380051	16.472307692307695	
1.1470170246106215e+32	135.0	3.522	44.138	22.83	6.457616780166696	910	1499	135	9	203	105	135	3	29	15	39808	0	0.2031114101409912	455500	186.823224067688	380463	16.4735455543359	
1.4036236493493675e+21	135.0	3.542	44.718	23.13	6.457616780166696	911	1499	135	9	203	105	135	3	29	15	39852	0	0.18749046325683594	456000	187.01071453094482	380860	16.478070175438603	
6.510393863886494e+29	135.0	3.532	44.428	22.98	6.457616780166696	912	1499	135	9	203	105	135	3	29	15	39903	0	0.1874833106994629	456500	187.1981978416443	381274	16.47886089813801	
7.067108021873734e+39	135.0	3.744	50.576	26.16	6.457616780166696	913	1499	135	9	203	105	135	3	29	15	39969	0	0.2343595027923584	457000	187.43255734443665	381670	16.4835886214442	
5.548081388626236e+21	135.0	3.668	48.372	25.02	6.457616780166696	914	1499	135	9	203	105	135	3	29	15	40030	0	0.17186427116394043	457500	187.6044216156006	382082	16.484808743169395	
7.03102310990422e+25	135.0	3.632	47.328	24.48	6.457616780166696	915	1499	135	9	203	105	135	3	29	15	40091	0	0.2187340259552002	458000	187.8231556415558	382480	16.489082969432317	
5.127332790767545e+28	135.0	3.638	47.502	24.57	6.457616780166696	916	1499	135	9	203	105	135	3	29	15	40139	0	0.18748688697814941	458500	188.01064252853394	382902	16.488113413304248	
5.366725035843608e+41	135.0	3.606	46.574	24.09	6.457616780166696	917	1499	135	9	203	105	135	3	29	15	40193	0	0.17186331748962402	459000	188.18250584602356	383320	16.488017429193903	
2.5997752826702323e+17	135.0	3.626	47.154	24.39	6.457616780166696	918	1499	135	9	203	105	135	3	29	15	40247	0	0.2187349796295166	459500	188.40124082565308	383731	16.48944504896626	
1.2786265799013827e+18	135.0	3.526	44.254	22.89	6.457616780166696	919	1499	135	9	203	105	135	3	29	15	40291	0	0.21873688697814941	460000	188.61997771263123	384149	16.489347826086956	
1.186204573875621e+31	135.0	3.616	46.864	24.24	6.457616780166696	920	1499	135	9	203	105	135	3	29	15	40338	0	0.234358549118042	460500	188.85433626174927	384566	16.489467969598266	
8.603669761474938e+28	135.0	3.678	48.662	25.17	6.457616780166696	921	1499	135	9	203	105	135	3	29	15	40386	0	0.2187333106994629	461000	189.07306957244873	384983	16.48958785249458	
1.5416430023112616e+24	135.0	3.646	47.734	24.69	6.457616780166696	922	1499	135	9	203	105	135	3	29	15	40442	0	0.17186355590820312	461500	189.24493312835693	385388	16.49230769230769	
2.6695349867856065e+20	135.0	3.588	46.052	23.82	6.457616780166696	923	1499	135	9	203	105	135	3	29	15	40484	0	0.203110933303833	462000	189.44804406166077	385810	16.491341991341983	
2.067913753258168e+38	135.0	3.702	49.358	25.53	6.457616780166696	924	1499	135	9	203	105	135	3	29	15	40547	0	0.20311188697814941	462500	189.65115594863892	386199	16.497513513513525	
3.148692109518015e+40	135.0	3.544	44.776	23.16	6.457616780166696	925	1499	135	9	203	105	135	3	29	15	40593	0	0.234358549118042	463000	189.88551449775696	386625	16.495680345572353	
5.818760943258709e+26	135.0	3.57	45.53	23.55	6.457616780166696	926	1499	135	9	203	105	135	3	29	15	40649	0	0.18749737739562988	463500	190.0730118751526	387033	16.49773462783172	
1.489012742484731e+29	135.0	3.498	43.442	22.47	6.457616780166696	927	1499	135	9	203	105	135	3	29	15	40694	0	0.20310139656066895	464000	190.27611327171326	387436	16.500862068965517	
4.025088343164276e+39	135.0	3.608	46.632	24.12	6.457616780166696	928	1499	135	11	261	135	135	3	29	15	40749	0	0.1874866485595703	464500	190.46359992027283	387837	16.504413347685684	
1787347079563438.0	135.0	3.48	42.92	22.2	6.457616780166696	929	1499	135	11	261	135	135	3	29	15	40789	0	0.18748688697814941	465000	190.65108680725098	388257	16.503870967741946	
7.227112168187215e+20	135.0	3.502	43.558	22.53	6.457616780166696	930	1499	135	9	203	105	135	3	29	15	40831	0	0.17186331748962402	465500	190.8229501247406	388670	16.504833512352306	
1.3867178036934006e+31	135.0	3.502	43.558	22.53	6.457616780166696	931	1499	135	9	203	105	135	3	29	15	40875	0	0.2187354564666748	466000	191.04168558120728	389087	16.50493562231759	
5.675946630053199e+19	135.0	3.428	41.412	21.42	6.457616780166696	932	1499	135	9	203	105	135	3	29	15	40915	0	0.2031116485595703	466500	191.24479722976685	389507	16.50439442658093	
1209714047.6190488	135.0	3.454	42.166	21.81	6.457616780166696	933	1499	135	9	203	105	135	3	29	15	40956	0	0.2031114101409912	467000	191.44790863990784	389920	16.505353319057818	
4.905156637460914e+17	135.0	3.474	42.746	22.11	6.457616780166696	934	1499	135	9	203	105	135	3	29	15	40994	0	0.17186188697814941	467500	191.619770526886	390342	16.504385026737964	
1.8628567876135428e+21	135.0	3.652	47.908	24.78	6.457616780166696	935	1499	135	9	203	105	135	3	29	15	41041	0	0.203110933303833	468000	191.82288146018982	390754	16.505555555555546	
4.8853236530941496e+39	135.0	3.544	44.776	23.16	6.457616780166696	936	1499	135	9	203	105	135	3	29	15	41088	0	0.2031111717224121	468500	192.02599263191223	391158	16.508431163287085	
1153644751.7092073	135.0	3.538	44.602	23.07	6.457616780166696	937	1499	135	9	203	105	135	3	29	15	41139	0	0.20311212539672852	469000	192.22910475730896	391561	16.511513859275055	
6.510906593188786e+32	135.0	3.468	42.572	22.02	6.457616780166696	938	1499	135	9	203	105	135	3	29	15	41181	0	0.17186284065246582	469500	192.40096759796143	391980	16.5111821086262	
4.814500483940825e+36	135.0	3.46	42.34	21.9	6.457616780166696	939	1499	135	9	203	105	135	3	29	15	41222	0	0.1874861717224121	470000	192.58845376968384	392404	16.509787234042548	
4.771170063309615e+39	135.0	3.452	42.108	21.78	6.457616780166696	940	1499	135	9	203	105	135	3	29	15	41258	0	0.17186403274536133	470500	192.7603178024292	392826	16.508820403825723	
1.3604351423196274e+32	135.0	3.49	43.21	22.35	6.457616780166696	941	1499	135	9	203	105	135	3	29	15	41298	0	0.2187345027923584	471000	192.97905230522156	393241	16.50934182590234	
1.67738378047814e+39	135.0	3.436	41.644	21.54	6.457616780166696	942	1499	135	9	203	105	135	3	29	15	41335	0	0.15623950958251953	471500	193.13529181480408	393650	16.511134676564154	
1.733811857014041e+38	135.0	3.462	42.398	21.93	6.457616780166696	943	1499	135	9	203	105	135	3	29	15	41375	0	0.17186403274536133	472000	193.30715584754944	394061	16.512500000000003	
1939774638.1105094	135.0	3.432	41.528	21.48	6.457616780166696	944	1499	135	9	203	105	135	3	29	15	41411	0	0.2656059265136719	472500	193.5727617740631	394478	16.512592592592597	
4.044394883317345e+16	135.0	3.378	39.962	20.67	6.457616780166696	945	1499	135	9	203	105	135	3	29	15	41446	0	0.15623927116394043	473000	193.72900104522705	394893	16.51310782241015	
4.31698193365598e+35	135.0	3.414	41.006	21.21	6.457616780166696	946	1499	135	9	203	105	135	3	29	15	41477	0	0.15624070167541504	473500	193.88524174690247	395319	16.51129883843717	
1.7576129010240217e+34	135.0	3.388	40.252	20.82	6.457616780166696	947	1499	135	9	203	105	135	3	29	15	41508	0	0.2187352180480957	474000	194.10397696495056	395749	16.508649789029533	
2.0598855634103915e+40	135.0	3.416	41.064	21.24	6.457616780166696	948	1499	135	9	203	105	135	3	29	15	41536	0	0.2031095027923584	474500	194.30708646774292	396174	16.507060063224444	
5.0954265883520125e+45	135.0	3.43	41.47	21.45	6.457616780166696	949	1499	135	9	203	105	135	3	29	15	41565	0	0.18748784065246582	475000	194.49457430839539	396609	16.503368421052627	
3.3554432155189262e+34	135.0	3.53	44.37	22.95	6.405762144359065	950	1499	135	9	203	105	135	3	29	15	41596	0	0.2187352180480957	475500	194.71330952644348	397028	16.503049421661416	
1.4384106382979093e+30	135.0	3.514	43.906	22.71	6.405762144359065	951	1499	135	9	203	105	135	3	29	15	41627	0	0.2187347412109375	476000	194.93204426765442	397454	16.50126050420168	
8.115006133565183e+25	135.0	3.466	42.514	21.99	6.405762144359065	952	1499	135	9	203	105	135	3	29	15	41663	0	0.18748712539672852	476500	195.11953139305115	397874	16.500734522560336	
2.3025331777120238e+18	135.0	3.534	44.486	23.01	6.405762144359065	953	1499	135	9	203	105	135	3	29	15	41706	0	0.18748760223388672	477000	195.30701899528503	398290	16.50104821802934	
2.2649254139418147e+24	135.0	3.546	44.834	23.19	6.385672531259231	954	1499	135	9	203	105	135	3	29	15	41747	0	0.1874866485595703	477500	195.4945056438446	398714	16.499685863874348	
2.1288244310540375e+38	135.0	3.6	46.4	24.0	6.385672531259231	955	1499	135	9	203	105	135	3	29	15	41802	0	0.2187342643737793	478000	195.71323990821838	399123	16.501464435146445	
5.169534874120905e+35	135.0	3.41	40.89	21.15	6.385672531259231	956	1499	135	9	203	105	135	3	29	15	41830	0	0.18748807907104492	478500	195.90072798728943	399558	16.49780564263324	
1113972659.6518252	135.0	3.392	40.368	20.88	6.385672531259231	957	1499	135	9	203	105	135	3	29	15	41864	0	0.12499284744262695	479000	196.02572083473206	399971	16.49874739039666	
3.7307638967297196e+27	135.0	3.422	41.238	21.33	6.385672531259231	958	1499	135	9	203	105	135	3	29	15	41897	0	0.1718614101409912	479500	196.19758224487305	400392	16.49801876955162	
3.396744910598031e+39	135.0	3.364	39.556	20.46	6.385672531259231	959	1499	135	9	203	105	135	3	29	15	41931	0	0.2031111717224121	480000	196.40069341659546	400805	16.498958333333334	
4.5429877673007385e+26	135.0	3.428	41.412	21.42	6.385672531259231	960	1499	135	9	203	105	135	3	29	15	41961	0	0.17186355590820312	480500	196.57255697250366	401238	16.495733610822057	
1.5302510769055792e+27	135.0	3.492	43.268	22.38	6.385672531259231	961	1499	135	9	203	105	135	3	29	15	41996	0	0.2031111717224121	481000	196.77566814422607	401668	16.493139293139293	
5.950195311349017e+33	135.0	3.496	43.384	22.44	6.385672531259231	962	1499	135	9	203	105	135	3	29	15	42038	0	0.14061594009399414	481500	196.91628408432007	402075	16.495327102803742	
3.6616283348626466e+23	135.0	3.476	42.804	22.14	6.385672531259231	963	1499	135	9	203	105	135	3	29	15	42074	0	0.2187337875366211	482000	197.1350178718567	402494	16.495020746887974	
9.56529768231359e+31	135.0	3.542	44.718	23.13	6.385672531259231	964	1499	135	9	203	105	135	3	29	15	42117	0	0.18748760223388672	482500	197.32250547409058	402906	16.49616580310881	
328092979368.2023	135.0	3.564	45.356	23.46	6.385672531259231	965	1499	135	9	203	105	135	3	29	15	42161	0	0.20311236381530762	483000	197.52561783790588	403325	16.495859213250526	
3.1227406960649892e+35	135.0	3.684	48.836	25.26	6.385672531259231	966	1499	135	9	203	105	135	3	29	15	42226	0	0.2187345027923584	483500	197.74435234069824	403720	16.500517063081702	
2.972417043774465e+42	135.0	3.536	44.544	23.04	6.385672531259231	967	1499	135	9	203	105	135	3	29	15	42269	0	0.2031106948852539	484000	197.9474630355835	404131	16.501859504132227	
8.293804866373848e+35	135.0	3.57	45.53	23.55	6.385672531259231	968	1499	135	9	203	105	135	3	29	15	42322	0	0.18748712539672852	484500	198.13495016098022	404545	16.502579979360164	
3.039057547290348e+20	135.0	3.618	46.922	24.27	6.385672531259231	969	1499	135	9	203	105	135	3	29	15	42375	0	0.15624022483825684	485000	198.29119038581848	404959	16.503298969072162	
4.415262621521983e+34	135.0	3.584	45.936	23.76	6.385672531259231	970	1499	135	9	203	105	135	3	29	15	42428	0	0.15623903274536133	485500	198.44742941856384	405369	16.504840370751808	
2.022381469116038e+28	135.0	3.522	44.138	22.83	6.385672531259231	971	1499	135	9	203	105	135	3	29	15	42475	0	0.12498998641967773	486000	198.57241940498352	405772	16.507818930041154	
7.700807557053145e+20	135.0	3.556	45.124	23.34	6.385672531259231	972	1499	135	11	261	135	135	3	29	15	42532	0	0.18748950958251953	486500	198.75990891456604	406174	16.510996916752305	
7.75134065283029e+26	135.0	3.452	42.108	21.78	6.385672531259231	973	1499	135	9	203	105	135	3	29	15	42580	0	0.171860933303833	487000	198.93176984786987	406573	16.514784394250512	
3.164196777177119e+39	135.0	3.43	41.47	21.45	6.385672531259231	974	1499	135	9	203	105	135	3	29	15	42623	0	0.20066070556640625	487500	199.13243055343628	406987	16.51548717948718	
2305538383.650484	135.0	3.42	41.18	21.3	6.385672531259231	975	1499	135	9	203	105	135	3	29	15	42654	0	0.17186260223388672	488000	199.30429315567017	407413	16.513729508196718	
635917991.1944933	135.0	3.436	41.644	21.54	6.385672531259231	976	1499	135	9	203	105	135	3	29	15	42703	0	0.17186379432678223	488500	199.47615694999695	407827	16.514431934493345	
8.336045756318791e+36	135.0	3.418	41.122	21.27	6.385672531259231	977	1499	135	9	203	105	135	3	29	15	42749	0	0.18748688697814941	489000	199.6636438369751	408235	16.516359918200408	
6.3538270088820065e+25	135.0	3.458	42.282	21.87	6.385672531259231	978	1499	135	9	203	105	135	3	29	15	42799	0	0.20311212539672852	489500	199.86675596237183	408628	16.52134831460674	
4.628472151149263e+37	135.0	3.454	42.166	21.81	6.385672531259231	979	1499	135	9	203	105	135	3	29	15	42834	0	0.218733549118042	490000	200.08548951148987	409060	16.518367346938774	
2.4664992000206688e+17	135.0	3.536	44.544	23.04	6.385672531259231	980	1499	135	9	203	105	135	3	29	15	42883	0	0.2031111717224121	490500	200.28860068321228	409472	16.51946992864424	
5.779445063779295e+36	135.0	3.522	44.138	22.83	6.385672531259231	981	1499	135	9	203	105	135	3	29	15	42929	0	0.2240750789642334	491000	200.5126757621765	409879	16.52158859470468	
3.42079868776868e+27	135.0	3.55	44.95	23.25	6.385672531259231	982	1499	135	9	203	105	135	3	29	15	42976	0	0.18748688697814941	491500	200.70016264915466	410284	16.524109867751775	
2.9070664414494807e+28	135.0	3.512	43.848	22.68	6.385672531259231	983	1499	135	9	203	105	135	3	29	15	43033	0	0.15623998641967773	492000	200.85640263557434	410683	16.527845528455288	
4.82139527312918e+34	135.0	3.458	42.282	21.87	6.385672531259231	984	1499	135	9	203	105	135	3	29	15	43074	0	0.2187356948852539	492500	201.0751383304596	411103	16.527309644670055	
1.2965460436857346e+30	135.0	3.498	43.442	22.47	6.385672531259231	985	1499	135	9	203	105	135	3	29	15	43125	0	0.2187354564666748	493000	201.29387378692627	411507	16.53002028397566	
5.829967444535891e+25	135.0	3.368	39.672	20.52	6.385672531259231	986	1499	135	9	203	105	135	3	29	15	43161	0	0.17186236381530762	493500	201.46573615074158	411927	16.529483282674775	
3.413752232600438e+23	135.0	3.516	43.964	22.74	6.385672531259231	987	1499	135	9	203	105	135	3	29	15	43212	0	0.2187356948852539	494000	201.68447184562683	412346	16.529149797570852	
3.7377042041782435e+30	135.0	3.598	46.342	23.97	6.385672531259231	988	1499	135	9	203	105	135	3	29	15	43270	0	0.2031099796295166	494500	201.88758182525635	412751	16.531648129423658	
5.0286195965387237e+33	135.0	3.456	42.224	21.84	6.385672531259231	989	1499	135	9	203	105	135	3	29	15	43326	0	0.18748807907104492	495000	202.0750699043274	413155	16.53434343434344	
3.4498831904980504e+36	135.0	3.512	43.848	22.68	6.385672531259231	990	1499	135	11	261	135	135	3	29	15	43375	0	0.15623903274536133	495500	202.23130893707275	413563	16.536226034308783	
4.907762266394134e+37	135.0	3.532	44.428	22.98	6.385672531259231	991	1499	135	9	203	105	135	3	29	15	43432	0	0.17186284065246582	496000	202.40317177772522	413952	16.541935483870972	
2.685601915616336e+28	135.0	3.514	43.906	22.71	6.385672531259231	992	1499	135	9	203	105	135	3	29	15	43486	0	0.20311236381530762	496500	202.60628414154053	414368	16.542195367573015	
504914814456.31866	135.0	3.658	48.082	24.87	6.385672531259231	993	1499	135	9	203	105	135	3	29	15	43554	0	0.234358549118042	497000	202.84064269065857	414754	16.548490945674047	
3.390213877349572e+20	135.0	3.408	40.832	21.12	6.385672531259231	994	1499	135	9	203	105	135	3	29	15	43598	0	0.18748760223388672	497500	203.02813029289246	415160	16.550753768844217	
6.525208478591693e+37	135.0	3.432	41.528	21.48	6.385672531259231	995	1499	135	9	203	105	135	3	29	15	43642	0	0.15758657455444336	498000	203.1857168674469	415575	16.551204819277103	
47218986847520.89	135.0	3.552	45.008	23.28	6.385672531259231	996	1499	135	9	203	105	135	3	29	15	43692	0	0.18748736381530762	498500	203.3732042312622	415971	16.5554663991976	
5.984387465344631e+45	135.0	3.498	43.442	22.47	6.385672531259231	997	1499	135	9	203	105	135	3	29	15	43740	0	0.17186331748962402	499000	203.54506754875183	416382	16.556713426853705	
4.3178176298507284e+40	135.0	3.568	45.472	23.52	6.385672531259231	998	1499	135	9	203	105	135	3	29	15	43797	0	0.14061570167541504	499500	203.68568325042725	416783	16.559959959959954	
3.032038777842398e+36	135.0	3.59	46.11	23.85	6.385672531259231	999	1499	135	9	203	105	135	3	29	15	43849	0	0.18748736381530762	500000	203.87317061424255	417190	16.561999999999998	
2158334913775.09	135.0	3.622	47.038	24.33	6.385672531259231	1000	1499	135	9	203	105	135	3	29	15	43919	0	0.2187352180480957	500500	204.09190583229065	417587	16.56603396603397	
