ave_fitness	ave_genome_length	ave_tree_depth	ave_tree_nodes	ave_used_codons	best_fitness	gen	invalids	max_genome_length	max_tree_depth	max_tree_nodes	max_used_codons	min_genome_length	min_tree_depth	min_tree_nodes	min_used_codons	runtime_error	time_adjust	time_taken	total_inds	total_time	unique_inds	unused_search	
6.750510399760783e+46	100.55	6.48	129.92	67.2	81.97558707449542	0	0	180	10	232	120	22	3	29	15	51	0	2.5154526233673096	100	2.5154526233673096	49	51.0	
5.0456736435905264e+26	51.44	3.9178082191780823	55.61643835616438	28.767123287671232	62.801992039024626	1	28	90	7.0	145.0	75.0	22	3.0	29.0	15.0	77	0	0.06249547004699707	200	2.5779480934143066	94	53.0	
1.6149650408416375e+31	56.58	3.5876288659793816	46.04123711340206	23.814432989690722	61.89218095322823	2	31	90	7.0	145.0	75.0	22	3.0	29.0	15.0	93	0	0.04687929153442383	300	2.6248273849487305	172	42.666666666666664	
1.241264241009684e+23	62.96	3.5760869565217392	45.70652173913044	23.641304347826086	59.775765849473736	3	40	90	7.0	145.0	75.0	22	3.0	29.0	15.0	104	0	0.03124070167541504	400	2.6560680866241455	245	38.74999999999999	
4.932000474194167e+31	67.99	3.6082474226804124	46.63917525773196	24.123711340206185	34.46696106994564	4	43	90	7.0	145.0	75.0	22	3.0	29.0	15.0	113	0	0.04687142372131348	500	2.702939510345459	328	34.39999999999999	
2.7077392582196544e+30	64.13	3.357894736842105	39.37894736842105	20.36842105263158	34.46696106994564	5	49	90	6.0	116.0	60.0	22	3.0	29.0	15.0	122	0	0.03124856948852539	600	2.7341880798339844	410	31.66666666666667	
1.3835486881850404e+24	68.91	3.3195876288659796	38.2680412371134	19.79381443298969	34.46696106994564	6	53	90	6.0	116.0	60.0	22	3.0	29.0	15.0	127	0	0.046871185302734375	700	2.7810592651367188	493	29.57142857142857	
7.851935718609072e+25	75.72	3.431578947368421	41.51578947368421	21.473684210526315	34.46696106994564	7	58	90	8.0	174.0	90.0	22	3.0	29.0	15.0	135	0	0.04687190055847168	800	2.8279311656951904	572	28.5	
13733816336.479866	72.32	3.4239130434782608	41.29347826086956	21.358695652173914	31.36366458562132	8	67	90	7.0	145.0	75.0	22	3.0	29.0	15.0	138	0	0.031247615814208984	900	2.8591787815093994	653	27.444444444444443	
8.846925475179098e+24	69.6	3.231578947368421	35.71578947368421	18.473684210526315	30.13322423501117	9	72	90	6.0	116.0	60.0	22	3.0	29.0	15.0	144	0	0.03124833106994629	1000	2.8904271125793457	735	26.5	
636117686868614.1	67.56	3.1515151515151514	33.39393939393939	17.272727272727273	29.084732274780784	10	74	90	4.0	58.0	30.0	22	3.0	29.0	15.0	149	0	0.04687190055847168	1100	2.9372990131378174	820	25.454545454545453	
7.621799872429251e+16	59.4	3.204301075268817	34.924731182795696	18.06451612903226	26.46917971366582	11	82	90	5.0	87.0	45.0	22	3.0	29.0	15.0	151	0	0.03124713897705078	1200	2.968546152114868	900	25.0	
6.106295549448385e+24	67.56	3.2527472527472527	36.32967032967033	18.791208791208792	26.46917971366582	12	92	90	5.0	87.0	45.0	22	3.0	29.0	15.0	153	0	0.031247615814208984	1300	2.999793767929077	981	24.538461538461547	
8.108526388964501e+40	77.76	3.3877551020408165	40.244897959183675	20.816326530612244	26.46917971366582	13	94	90	6.0	116.0	60.0	22	3.0	29.0	15.0	157	0	0.04687237739562988	1400	3.046666145324707	1065	23.92857142857143	
1.0967026847835754e+16	79.12	3.59	46.11	23.85	26.29606024541246	14	95	90	5	87	45	22	3	29	15	163	0	0.04687213897705078	1500	3.093538284301758	1156	22.933333333333323	
3.2211577952461935e+32	84.56	3.568421052631579	45.48421052631579	23.526315789473685	25.265303289788644	15	101	90	5.0	87.0	45.0	22	3.0	29.0	15.0	166	0	0.046871185302734375	1600	3.140409469604492	1244	22.25	
258196988.2879106	90.0	3.73	50.17	25.95	24.257374218965257	16	101	90	5	87	45	90	3	29	15	172	0	0.062496185302734375	1700	3.2029056549072266	1337	21.35294117647058	
2.2643368232633844e+19	90.0	3.66	48.14	24.9	24.257374218965257	17	101	90	6	116	60	90	3	29	15	176	0	0.031247615814208984	1800	3.2341532707214355	1431	20.5	
613058594.6960717	90.0	3.56	45.24	23.4	23.81003897830368	18	101	90	5	87	45	90	3	29	15	182	0	0.04687213897705078	1900	3.2810254096984863	1519	20.05263157894737	
6.829836510847669e+23	90.0	3.55	44.95	23.25	20.076598069969847	19	101	90	5	87	45	90	3	29	15	184	0	0.04687142372131348	2000	3.3278968334198	1615	19.25	
2.3995065901698472e+29	90.0	3.68	48.72	25.2	20.076598069969847	20	101	90	5	87	45	90	3	29	15	187	0	0.04687237739562988	2100	3.3747692108154297	1707	18.714285714285722	
1.9822094488208748e+16	90.0	3.55	44.95	23.25	20.076598069969847	21	101	90	5	87	45	90	3	29	15	192	0	0.046871185302734375	2200	3.421640396118164	1795	18.409090909090907	
2.5715200020610486e+25	90.0	3.66	48.14	24.9	20.076598069969847	22	101	90	6	116	60	90	3	29	15	195	0	0.031247615814208984	2300	3.452888011932373	1885	18.043478260869563	
5.915805373868841e+18	90.0	3.64	47.56	24.6	20.076598069969847	23	101	90	5	87	45	90	3	29	15	199	0	0.04687213897705078	2400	3.499760150909424	1978	17.58333333333333	
1.6557550798927299e+21	90.0	3.67	48.43	25.05	20.076598069969847	24	101	90	5	87	45	90	3	29	15	205	0	0.04687190055847168	2500	3.5466320514678955	2067	17.320000000000007	
8.149182916348637e+26	90.0	3.63	47.27	24.45	20.076598069969847	25	101	90	5	87	45	90	3	29	15	211	0	0.04687166213989258	2600	3.593503713607788	2157	17.038461538461533	
6.674503290696134e+30	90.0	3.64	47.56	24.6	20.076598069969847	26	101	90	6	116	60	90	3	29	15	217	0	0.04687190055847168	2700	3.6403756141662598	2244	16.888888888888886	
2.5640772959460408e+23	90.0	3.6	46.4	24.0	20.076598069969847	27	101	90	5	87	45	90	3	29	15	223	0	0.04687166213989258	2800	3.6872472763061523	2332	16.714285714285708	
2.6764752176452388e+16	90.0	3.58	45.82	23.7	20.076598069969847	28	101	90	5	87	45	90	3	29	15	228	0	0.06249570846557617	2900	3.7497429847717285	2423	16.448275862068968	
6.172955760426177e+25	90.0	3.4	40.6	21.0	20.076598069969847	29	101	90	6	116	60	90	3	29	15	235	0	0.015624761581420898	3000	3.7653677463531494	2507	16.433333333333337	
7.104630531160454e+20	90.0	3.47	42.63	22.05	17.61617070856649	30	101	90	6	116	60	90	3	29	15	240	0	0.04687094688415527	3100	3.8122386932373047	2597	16.225806451612897	
2.531563480417853e+32	90.0	3.55	44.95	23.25	16.776368333724808	31	101	90	5	87	45	90	3	29	15	247	0	0.04687213897705078	3200	3.8591108322143555	2689	15.96875	
5.157577523850742e+22	90.0	3.61	46.69	24.15	16.776368333724808	32	101	90	6	116	60	90	3	29	15	253	0	0.04687166213989258	3300	3.905982494354248	2775	15.909090909090907	
6.470633722570972e+22	90.0	3.52	44.08	22.8	16.776368333724808	33	101	90	6	116	60	90	3	29	15	256	0	0.04687166213989258	3400	3.9528541564941406	2866	15.705882352941174	
2.396860528080639e+35	90.0	3.63	47.27	24.45	16.776368333724808	34	101	90	6	116	60	90	3	29	15	261	0	0.04687190055847168	3500	3.9997260570526123	2953	15.62857142857142	
1.029165427727029e+40	90.0	3.7	49.3	25.5	16.776368333724808	35	101	90	5	87	45	90	3	29	15	268	0	0.04687190055847168	3600	4.046597957611084	3041	15.527777777777771	
2.0049346068278837e+28	90.0	3.72	49.88	25.8	16.776368333724808	36	101	90	5	87	45	90	3	29	15	274	0	0.06249547004699707	3700	4.109093427658081	3130	15.405405405405403	
6.936236718733768e+17	90.0	3.56	45.24	23.4	16.776368333724808	37	101	90	5	87	45	90	3	29	15	282	0	0.031248092651367188	3800	4.140341520309448	3218	15.31578947368422	
1.2248454969700328e+29	90.0	3.69	49.01	25.35	16.776368333724808	38	101	90	6	116	60	90	3	29	15	287	0	0.031247854232788086	3900	4.171589374542236	3309	15.153846153846146	
836980691.387186	90.0	3.8	52.2	27.0	16.776368333724808	39	101	90	6	116	60	90	3	29	15	292	0	0.04687142372131348	4000	4.21846079826355	3398	15.049999999999997	
10667073655389.188	90.0	3.71	49.59	25.65	16.776368333724808	40	101	90	6	116	60	90	3	29	15	303	0	0.04687190055847168	4100	4.2653326988220215	3482	15.073170731707322	
1.3429905435600813e+36	90.0	3.82	52.78	27.3	16.776368333724808	41	101	90	6	116	60	90	3	29	15	311	0	0.06249547004699707	4200	4.3278281688690186	3574	14.904761904761912	
8.128035599767476e+21	90.0	3.74	50.46	26.1	16.776368333724808	42	101	90	6	116	60	90	3	29	15	319	0	0.031247854232788086	4300	4.359076023101807	3659	14.906976744186053	
5.406052826086959e+23	90.0	3.69	49.01	25.35	16.776368333724808	43	101	90	5	87	45	90	3	29	15	328	0	0.04687213897705078	4400	4.405948162078857	3744	14.909090909090907	
1.4010035407611416e+30	90.0	3.76	51.04	26.4	16.776368333724808	44	101	90	5	87	45	90	3	29	15	335	0	0.031247854232788086	4500	4.4371960163116455	3834	14.799999999999997	
1.4114909900900745e+27	90.0	3.66	48.14	24.9	16.776368333724808	45	101	90	6	116	60	90	3	29	15	339	0	0.04687190055847168	4600	4.484067916870117	3925	14.673913043478265	
3.1394875941290964e+24	90.0	3.48	42.92	22.2	16.776368333724808	46	101	90	5	87	45	90	3	29	15	346	0	0.04687142372131348	4700	4.530939340591431	4011	14.659574468085097	
4.509209647745903e+30	90.0	3.48	42.92	22.2	16.776368333724808	47	101	90	5	87	45	90	3	29	15	352	0	0.031249046325683594	4800	4.562188386917114	4102	14.541666666666657	
3.530314289895288e+27	90.0	3.37	39.73	20.55	12.756884632473438	48	101	90	5	87	45	90	3	29	15	359	0	0.04687094688415527	4900	4.6090593338012695	4188	14.530612244897952	
2.3315866279368793e+23	90.0	3.49	43.21	22.35	12.756884632473438	49	101	90	5	87	45	90	3	29	15	366	0	0.031247854232788086	5000	4.640307188034058	4268	14.64	
185184878472.48602	90.0	3.55	44.95	23.25	12.756884632473438	50	101	90	6	116	60	90	3	29	15	369	0	0.04687166213989258	5100	4.68717885017395	4361	14.490196078431367	
2.5174284230946055e+30	90.0	3.76	51.04	26.4	12.756884632473438	51	101	90	6	116	60	90	3	29	15	373	0	0.03124833106994629	5200	4.7184271812438965	4455	14.32692307692308	
7.345472998139847e+30	90.0	3.57	45.53	23.55	12.756884632473438	52	101	90	5	87	45	90	3	29	15	377	0	0.031247854232788086	5300	4.749675035476685	4547	14.20754716981132	
1.2995582917992605e+27	90.0	3.58	45.82	23.7	12.756884632473438	53	101	90	5	87	45	90	3	29	15	382	0	0.04687142372131348	5400	4.796546459197998	4637	14.129629629629619	
13059460677676.908	90.0	3.44	41.76	21.6	12.756884632473438	54	101	90	5	87	45	90	3	29	15	383	0	0.04687166213989258	5500	4.843418121337891	4728	14.036363636363632	
8.728867042775962e+32	90.0	3.36	39.44	20.4	12.756884632473438	55	101	90	5	87	45	90	3	29	15	390	0	0.031248092651367188	5600	4.874666213989258	4816	14.0	
6.827280951187511e+27	90.0	3.26	36.54	18.9	12.756884632473438	56	101	90	5	87	45	90	3	29	15	393	0	0.04687142372131348	5700	4.921537637710571	4902	14.0	
6.744469310440239e+29	90.0	3.29	37.41	19.35	12.756884632473438	57	101	90	5	87	45	90	3	29	15	397	0	0.031247615814208984	5800	4.95278525352478	4988	14.0	
598761290.918001	90.0	3.28	37.12	19.2	12.756884632473438	58	101	90	5	87	45	90	3	29	15	403	0	0.04687213897705078	5900	4.999657392501831	5068	14.101694915254242	
5.184866133366871e+23	90.0	3.41	40.89	21.15	12.756884632473438	59	101	90	5	87	45	90	3	29	15	408	0	0.04687213897705078	6000	5.046529531478882	5157	14.049999999999997	
1.7508488569987565e+33	90.0	3.34	38.86	20.1	12.756884632473438	60	101	90	5	87	45	90	3	29	15	412	0	0.031247615814208984	6100	5.077777147293091	5246	14.0	
1.259354402646488e+25	90.0	3.29	37.41	19.35	12.756884632473438	61	101	90	5	87	45	90	3	29	15	416	0	0.04687213897705078	6200	5.124649286270142	5338	13.903225806451616	
1.7531181523558703e+19	90.0	3.3	37.7	19.5	12.756884632473438	62	101	90	6	116	60	90	3	29	15	422	0	0.031248092651367188	6300	5.155897378921509	5425	13.888888888888886	
5.136814977837216e+41	90.0	3.35	39.15	20.25	12.756884632473438	63	101	90	5	87	45	90	3	29	15	428	0	0.04687142372131348	6400	5.202768802642822	5510	13.90625	
1.1671730636470657e+41	90.0	3.24	35.96	18.6	12.756884632473438	64	101	90	5	87	45	90	3	29	15	429	0	0.031247615814208984	6500	5.234016418457031	5599	13.861538461538458	
9.836058999869669e+22	90.0	3.35	39.15	20.25	12.716836643383218	65	101	90	5	87	45	90	3	29	15	432	0	0.04687190055847168	6600	5.280888319015503	5685	13.863636363636374	
5.765294518992055e+17	90.0	3.42	41.18	21.3	12.716836643383218	66	101	90	5	87	45	90	3	29	15	437	0	0.031247615814208984	6700	5.312135934829712	5777	13.776119402985074	
2.5243779688410343e+28	90.0	3.46	42.34	21.9	12.716836643383218	67	101	90	5	87	45	90	3	29	15	442	0	0.046872615814208984	6800	5.359008550643921	5865	13.75	
1.894135097341049e+29	90.0	3.52	44.08	22.8	12.716836643383218	68	101	90	5	87	45	90	3	29	15	447	0	0.04687094688415527	6900	5.405879497528076	5954	13.710144927536234	
9581235166697.916	90.0	3.51	43.79	22.65	12.682455629189223	69	101	90	5	87	45	90	3	29	15	454	0	0.03124856948852539	7000	5.437128067016602	6044	13.657142857142858	
4.9353377566564674e+23	90.0	3.6	46.4	24.0	12.682455629189223	70	101	90	5	87	45	90	3	29	15	462	0	0.04687142372131348	7100	5.483999490737915	6131	13.647887323943664	
5.049779567848926e+25	90.0	3.52	44.08	22.8	12.682455629189223	71	101	90	5	87	45	90	3	29	15	471	0	0.04687142372131348	7200	5.5308709144592285	6213	13.708333333333329	
2.239370492854114e+38	90.0	3.61	46.69	24.15	12.682455629189223	72	101	90	6	116	60	90	3	29	15	475	0	0.04687213897705078	7300	5.577743053436279	6304	13.643835616438366	
6.0165656757108984e+26	90.0	3.54	44.66	23.1	12.656517099848278	73	101	90	5	87	45	90	3	29	15	481	0	0.031247615814208984	7400	5.608990669250488	6394	13.594594594594597	
3.674874039007838e+16	90.0	3.67	48.43	25.05	12.656517099848278	74	101	90	6	116	60	90	3	29	15	488	0	0.031248092651367188	7500	5.6402387619018555	6487	13.50666666666666	
6.96468010916763e+19	90.0	3.62	46.98	24.3	12.656517099848278	75	101	90	5	87	45	90	3	29	15	494	0	0.04687190055847168	7600	5.687110662460327	6575	13.48684210526315	
2.219331563039487e+40	90.0	3.72	49.88	25.8	12.656517099848278	76	101	90	6	116	60	90	3	29	15	502	0	0.04687166213989258	7700	5.73398232460022	6662	13.480519480519476	
2.444141009313729e+26	90.0	3.73	50.17	25.95	12.656517099848278	77	101	90	6	116	60	90	3	29	15	506	0	0.046872854232788086	7800	5.780855178833008	6753	13.42307692307692	
6.287279548351438e+20	90.0	3.66	48.14	24.9	12.656517099848278	78	101	90	6	116	60	90	3	29	15	511	0	0.04687070846557617	7900	5.827725887298584	6843	13.379746835443044	
6.364478531033039e+20	90.0	3.6	46.4	24.0	12.656517099848278	79	101	90	6	116	60	90	3	29	15	515	0	0.04687166213989258	8000	5.874597549438477	6933	13.337500000000006	
9.837304164213996e+18	90.0	3.76	51.04	26.4	12.656517099848278	80	101	90	6	116	60	90	3	29	15	522	0	0.04687213897705078	8100	5.921469688415527	7018	13.358024691358025	
1.807289185098236e+19	90.0	3.49	43.21	22.35	12.656517099848278	81	101	90	6	116	60	90	3	29	15	527	0	0.04687166213989258	8200	5.96834135055542	7109	13.304878048780495	
1.3451831595686292e+27	90.0	3.46	42.34	21.9	12.656517099848278	82	101	90	5	87	45	90	3	29	15	533	0	0.031248092651367188	8300	5.999589443206787	7195	13.313253012048193	
1.4372943765696542e+35	90.0	3.42	41.18	21.3	12.656517099848278	83	101	90	5	87	45	90	3	29	15	538	0	0.04687142372131348	8400	6.046460866928101	7284	13.285714285714292	
2.1832054284141764e+32	90.0	3.38	40.02	20.7	12.656517099848278	84	101	90	5	87	45	90	3	29	15	543	0	0.015624046325683594	8500	6.062084913253784	7369	13.305882352941182	
2.640000193361712e+43	90.0	3.44	41.76	21.6	12.633387417839801	85	101	90	5	87	45	90	3	29	15	548	0	0.031247854232788086	8600	6.093332767486572	7457	13.29069767441861	
1296676488596154.0	90.0	3.4	40.6	21.0	12.633387417839801	86	101	90	5	87	45	90	3	29	15	549	0	0.04687142372131348	8700	6.140204191207886	7552	13.195402298850581	
4.013386578221962e+35	90.0	3.43	41.47	21.45	12.633387417839801	87	101	90	6	116	60	90	3	29	15	556	0	0.031248807907104492	8800	6.17145299911499	7639	13.193181818181827	
7.971225992244525e+22	90.0	3.52	44.08	22.8	12.633387417839801	88	101	90	5	87	45	90	3	29	15	562	0	0.04687142372131348	8900	6.218324422836304	7729	13.157303370786522	
9.250683652146954e+23	90.0	3.51	43.79	22.65	12.633387417839801	89	101	90	5	87	45	90	3	29	15	574	0	0.04687190055847168	9000	6.265196323394775	7812	13.200000000000003	
1.8833166666851266e+31	90.0	3.52	44.08	22.8	12.633387417839801	90	101	90	6	116	60	90	3	29	15	579	0	0.04687166213989258	9100	6.312067985534668	7901	13.175824175824175	
6.222324929499903e+20	90.0	3.65	47.85	24.75	12.633387417839801	91	101	90	5	87	45	90	3	29	15	588	0	0.04687190055847168	9200	6.35893988609314	7988	13.173913043478251	
2.904903688464633e+27	90.0	3.4	40.6	21.0	12.633387417839801	92	101	90	5	87	45	90	3	29	15	596	0	0.031247854232788086	9300	6.390187740325928	8073	13.193548387096783	
7.9481939362232e+26	90.0	3.58	45.82	23.7	12.633387417839801	93	101	90	5	87	45	90	3	29	15	603	0	0.031247854232788086	9400	6.421435594558716	8158	13.212765957446805	
2.468987845304481e+16	90.0	3.65	47.85	24.75	12.633387417839801	94	101	90	6	116	60	90	3	29	15	610	0	0.062496185302734375	9500	6.48393177986145	8246	13.200000000000003	
2.4951884690579164e+18	90.0	3.64	47.56	24.6	12.633387417839801	95	101	90	5	87	45	90	3	29	15	613	0	0.04687166213989258	9600	6.530803442001343	8336	13.166666666666671	
2.7841517042059883e+38	90.0	3.66	48.14	24.9	12.633387417839801	96	101	90	6	116	60	90	3	29	15	619	0	0.04687142372131348	9700	6.577674865722656	8427	13.123711340206185	
3.2186942862120932e+16	90.0	3.63	47.27	24.45	12.633387417839801	97	101	90	5	87	45	90	3	29	15	624	0	0.04687190055847168	9800	6.624546766281128	8516	13.102040816326536	
1.639343219799444e+28	90.0	3.7	49.3	25.5	12.633387417839801	98	101	90	5	87	45	90	3	29	15	627	0	0.031248092651367188	9900	6.655794858932495	8610	13.030303030303031	
2154754507937.449	90.0	3.54	44.66	23.1	12.633387417839801	99	101	90	6	116	60	90	3	29	15	629	0	0.046871185302734375	10000	6.7026660442352295	8700	13.0	
5.2455459274497516e+19	90.0	3.45	42.05	21.75	12.633387417839801	100	101	90	5	87	45	90	3	29	15	632	0	0.031248092651367188	10100	6.733914136886597	8792	12.950495049504951	
4.648860252388914e+35	90.0	3.49	43.21	22.35	12.633387417839801	101	101	90	5	87	45	90	3	29	15	640	0	0.04687190055847168	10200	6.780786037445068	8880	12.941176470588232	
2.5272118732393924e+27	90.0	3.41	40.89	21.15	12.633387417839801	102	101	90	6	116	60	90	3	29	15	648	0	0.031247615814208984	10300	6.812033653259277	8966	12.951456310679603	
1.0643132168867478e+36	90.0	3.28	37.12	19.2	12.633387417839801	103	101	90	5	87	45	90	3	29	15	652	0	0.031248807907104492	10400	6.843282461166382	9059	12.894230769230774	
1.4347451411005435e+32	90.0	3.27	36.83	19.05	12.633387417839801	104	101	90	5	87	45	90	3	29	15	659	0	0.04687094688415527	10500	6.890153408050537	9143	12.923809523809524	
8.807398388374515e+18	90.0	3.23	35.67	18.45	12.633387417839801	105	101	90	5	87	45	90	3	29	15	669	0	0.015624284744262695	10600	6.9057776927948	9221	13.009433962264154	
3161729781744551.5	90.0	3.34	38.86	20.1	12.633387417839801	106	101	90	4	58	30	90	3	29	15	673	0	0.04687142372131348	10700	6.952649116516113	9311	12.981308411214954	
6.688096897667768e+30	90.0	3.34	38.86	20.1	12.633387417839801	107	101	90	6	116	60	90	3	29	15	677	0	0.04687190055847168	10800	6.999521017074585	9395	13.009259259259252	
1.0274781103343202e+21	90.0	3.41	40.89	21.15	12.633387417839801	108	101	90	5	87	45	90	3	29	15	685	0	0.031247854232788086	10900	7.030768871307373	9484	12.990825688073386	
3.027314781373305e+18	90.0	3.62	46.98	24.3	12.633387417839801	109	101	90	5	87	45	90	3	29	15	689	0	0.046871185302734375	11000	7.077640056610107	9574	12.963636363636368	
1.3792308170926504e+36	90.0	3.57	45.53	23.55	12.633387417839801	110	101	90	5	87	45	90	3	29	15	694	0	0.04687190055847168	11100	7.124511957168579	9665	12.927927927927925	
3.0703635503363707e+19	90.0	3.55	44.95	23.25	12.633387417839801	111	101	90	6	116	60	90	3	29	15	700	0	0.04687213897705078	11200	7.17138409614563	9750	12.94642857142857	
1.2687115691847027e+38	90.0	3.44	41.76	21.6	12.633387417839801	112	101	90	6	116	60	90	3	29	15	703	0	0.04687142372131348	11300	7.218255519866943	9837	12.946902654867259	
4.4245020873750094e+32	90.0	3.36	39.44	20.4	12.633387417839801	113	101	90	6	116	60	90	3	29	15	706	0	0.04687213897705078	11400	7.265127658843994	9931	12.885964912280699	
1066186498.1202245	90.0	3.3	37.7	19.5	12.633387417839801	114	101	90	5	87	45	90	3	29	15	712	0	0.031247854232788086	11500	7.296375513076782	10019	12.87826086956521	
3.2503534626704973e+25	90.0	3.29	37.41	19.35	12.633387417839801	115	101	90	5	87	45	90	3	29	15	719	0	0.04687166213989258	11600	7.343247175216675	10105	12.887931034482762	
3623165968649091.5	90.0	3.36	39.44	20.4	12.633387417839801	116	101	90	5	87	45	90	3	29	15	724	0	0.031248092651367188	11700	7.374495267868042	10190	12.90598290598291	
1.1478920766957396e+20	90.0	3.5	43.5	22.5	12.633387417839801	117	101	90	5	87	45	90	3	29	15	731	0	0.031247615814208984	11800	7.405742883682251	10278	12.898305084745772	
1.15538846188422e+20	90.0	3.48	42.92	22.2	12.633387417839801	118	101	90	6	116	60	90	3	29	15	734	0	0.046872615814208984	11900	7.45261549949646	10364	12.907563025210095	
4.452027754445577e+19	90.0	3.47	42.63	22.05	12.633387417839801	119	101	90	5	87	45	90	3	29	15	736	0	0.046871185302734375	12000	7.499486684799194	10459	12.841666666666669	
1.350338345581716e+25	90.0	3.32	38.28	19.8	12.633387417839801	120	101	90	5	87	45	90	3	29	15	737	0	0.04687190055847168	12100	7.546358585357666	10548	12.826446280991732	
2.97033708879985e+17	90.0	3.36	39.44	20.4	12.633387417839801	121	101	90	5	87	45	90	3	29	15	742	0	0.015623807907104492	12200	7.5619823932647705	10634	12.836065573770497	
37656876646588.16	90.0	3.43	41.47	21.45	12.633387417839801	122	101	90	6	116	60	90	3	29	15	746	0	0.04687190055847168	12300	7.608854293823242	10725	12.804878048780495	
2.4946526317173916e+19	90.0	3.45	42.05	21.75	12.633387417839801	123	101	90	6	116	60	90	3	29	15	752	0	0.04687142372131348	12400	7.655725717544556	10808	12.83870967741936	
4.6189779729493895e+38	90.0	3.53	44.37	22.95	12.633387417839801	124	101	90	6	116	60	90	3	29	15	755	0	0.04687309265136719	12500	7.702598810195923	10900	12.799999999999997	
22810690369723.51	90.0	3.26	36.54	18.9	12.633387417839801	125	101	90	6	116	60	90	3	29	15	758	0	0.03124713897705078	12600	7.733845949172974	10986	12.80952380952381	
8.51981326233234e+16	90.0	3.31	37.99	19.65	12.633387417839801	126	101	90	5	87	45	90	3	29	15	763	0	0.04687142372131348	12700	7.780717372894287	11070	12.834645669291334	
7737350984.555307	90.0	3.4	40.6	21.0	12.633387417839801	127	101	90	5	87	45	90	3	29	15	770	0	0.046872615814208984	12800	7.827589988708496	11160	12.8125	
9412850362289.398	90.0	3.6	46.4	24.0	12.633387417839801	128	101	90	6	116	60	90	3	29	15	773	0	0.031247615814208984	12900	7.858837604522705	11255	12.751937984496124	
2.873047262596228e+36	90.0	3.64	47.56	24.6	12.633387417839801	129	101	90	5	87	45	90	3	29	15	780	0	0.04687166213989258	13000	7.905709266662598	11342	12.753846153846155	
1.9640215402008624e+34	90.0	3.74	50.46	26.1	12.633387417839801	130	101	90	6	116	60	90	3	29	15	787	0	0.04687309265136719	13100	7.952582359313965	11430	12.748091603053439	
9.761303984673777e+40	90.0	3.72	49.88	25.8	12.633387417839801	131	101	90	6	116	60	90	3	29	15	795	0	0.04686999320983887	13200	7.999452352523804	11517	12.75	
6.728199299427756e+27	90.0	3.81	52.49	27.15	12.633387417839801	132	101	90	6	116	60	90	3	29	15	800	0	0.03124833106994629	13300	8.03070068359375	11609	12.714285714285708	
3.1011177638375934e+21	90.0	3.73	50.17	25.95	12.633387417839801	133	101	90	6	116	60	90	3	29	15	803	0	0.031247615814208984	13400	8.061948299407959	11703	12.664179104477611	
1.0131710816277376e+33	90.0	3.74	50.46	26.1	12.633387417839801	134	101	90	5	87	45	90	3	29	15	808	0	0.04687213897705078	13500	8.10882043838501	11795	12.629629629629633	
2.238728248075995e+28	90.0	3.77	51.33	26.55	12.633387417839801	135	101	90	5	87	45	90	3	29	15	809	0	0.04687309265136719	13600	8.155693531036377	11892	12.558823529411768	
3.919292750530999e+35	90.0	3.63	47.27	24.45	12.633387417839801	136	101	90	5	87	45	90	3	29	15	812	0	0.04687023162841797	13700	8.202563762664795	11982	12.540145985401466	
1.26201851323938e+24	90.0	3.55	44.95	23.25	12.633387417839801	137	101	90	5	87	45	90	3	29	15	818	0	0.031248092651367188	13800	8.233811855316162	12070	12.536231884057969	
1.3949635022465718e+31	90.0	3.43	41.47	21.45	12.633387417839801	138	101	90	6	116	60	90	3	29	15	823	0	0.04687690734863281	13900	8.280688762664795	12157	12.539568345323744	
2.368494207071912e+19	90.0	3.4	40.6	21.0	12.633387417839801	139	101	90	6	116	60	90	3	29	15	827	0	0.03124547004699707	14000	8.311934232711792	12252	12.485714285714295	
1632340758.1973078	90.0	3.34	38.86	20.1	12.633387417839801	140	101	90	5	87	45	90	3	29	15	832	0	0.04687142372131348	14100	8.358805656433105	12336	12.510638297872347	
1.1888601623992019e+23	90.0	3.25	36.25	18.75	12.633387417839801	141	101	90	5	87	45	90	3	29	15	835	0	0.031247854232788086	14200	8.390053510665894	12423	12.514084507042256	
2.672164948656148e+19	90.0	3.22	35.38	18.3	12.633387417839801	142	101	90	5	87	45	90	3	29	15	839	0	0.046869754791259766	14300	8.436923265457153	12511	12.510489510489506	
1.8440543344545032e+22	90.0	3.25	36.25	18.75	12.633387417839801	143	101	90	5	87	45	90	3	29	15	842	0	0.03125	14400	8.468173265457153	12599	12.506944444444443	
2.0053061228382445e+34	90.0	3.36	39.44	20.4	12.633387417839801	144	101	90	5	87	45	90	3	29	15	845	0	0.046869516372680664	14500	8.515042781829834	12691	12.475862068965512	
3.2224210604570024e+20	90.0	3.49	43.21	22.35	12.633387417839801	145	101	90	5	87	45	90	3	29	15	851	0	0.031247377395629883	14600	8.546290159225464	12783	12.445205479452056	
1.771310006974232e+39	90.0	3.53	44.37	22.95	12.633387417839801	146	101	90	5	87	45	90	3	29	15	853	0	0.04687213897705078	14700	8.593162298202515	12876	12.40816326530613	
2.3756621387351507e+20	90.0	3.54	44.66	23.1	12.633387417839801	147	101	90	5	87	45	90	3	29	15	858	0	0.031248092651367188	14800	8.624410390853882	12967	12.385135135135144	
6.347421736389644e+40	90.0	3.5	43.5	22.5	12.633387417839801	148	101	90	5	87	45	90	3	29	15	863	0	0.04687309265136719	14900	8.671283483505249	13058	12.362416107382543	
2.112360525761627e+35	90.0	3.47	42.63	22.05	12.633387417839801	149	101	90	6	116	60	90	3	29	15	867	0	0.04687070846557617	15000	8.718154191970825	13142	12.38666666666667	
6.930353445940535e+27	90.0	3.43	41.47	21.45	12.633387417839801	150	101	90	5	87	45	90	3	29	15	868	0	0.04687190055847168	15100	8.765026092529297	13236	12.344370860927157	
9.441217982054752e+18	90.0	3.47	42.63	22.05	12.633387417839801	151	101	90	5	87	45	90	3	29	15	869	0	0.04687094688415527	15200	8.811897039413452	13328	12.31578947368422	
7092246.139570454	90.0	3.42	41.18	21.3	12.633387417839801	152	101	90	5	87	45	90	3	29	15	873	0	0.03124856948852539	15300	8.843145608901978	13417	12.30718954248367	
2.103645818895331e+17	90.0	3.38	40.02	20.7	12.633387417839801	153	101	90	5	87	45	90	3	29	15	880	0	0.04687166213989258	15400	8.89001727104187	13501	12.331168831168824	
445400599848532.3	90.0	3.55	44.95	23.25	12.633387417839801	154	101	90	5	87	45	90	3	29	15	888	0	0.0468754768371582	15500	8.936892747879028	13587	12.34193548387097	
1519825832.274658	90.0	3.45	42.05	21.75	12.633387417839801	155	101	90	5	87	45	90	3	29	15	895	0	0.046868085861206055	15600	8.983760833740234	13673	12.352564102564102	
1.0119309443366365e+27	90.0	3.49	43.21	22.35	12.633387417839801	156	101	90	5	87	45	90	3	29	15	899	0	0.04687237739562988	15700	9.030633211135864	13764	12.331210191082803	
6.317437019204148e+32	90.0	3.39	40.31	20.85	12.633387417839801	157	101	90	5	87	45	90	3	29	15	903	0	0.06249499320983887	15800	9.093128204345703	13853	12.322784810126592	
8.253722495947572e+38	90.0	3.63	47.27	24.45	12.633387417839801	158	101	90	6	116	60	90	3	29	15	908	0	0.06249690055847168	15900	9.155625104904175	13943	12.308176100628927	
4.3292319178153295e+25	90.0	3.5	43.5	22.5	12.633387417839801	159	101	90	5	87	45	90	3	29	15	912	0	0.06249642372131348	16000	9.218121528625488	14034	12.287499999999994	
7.246856705672408e+22	90.0	3.53	44.37	22.95	12.633387417839801	160	101	90	5	87	45	90	3	29	15	921	0	0.06249570846557617	16100	9.280617237091064	14120	12.298136645962728	
4.051181092397388e+26	90.0	3.4	40.6	21.0	12.633387417839801	161	101	90	6	116	60	90	3	29	15	925	0	0.031249046325683594	16200	9.311866283416748	14213	12.26543209876543	
6.41321718019549e+20	90.0	3.39	40.31	20.85	12.633387417839801	162	101	90	5	87	45	90	3	29	15	934	0	0.031246423721313477	16300	9.343112707138062	14297	12.288343558282207	
2.1876476573277028e+20	90.0	3.34	38.86	20.1	12.633387417839801	163	101	90	5	87	45	90	3	29	15	942	0	0.031248092651367188	16400	9.374360799789429	14384	12.292682926829272	
2.2957080375580017e+20	90.0	3.41	40.89	21.15	12.633387417839801	164	101	90	5	87	45	90	3	29	15	945	0	0.031247615814208984	16500	9.405608415603638	14474	12.278787878787881	
8.063597993193081e+30	90.0	3.47	42.63	22.05	12.633387417839801	165	101	90	6	116	60	90	3	29	15	948	0	0.04687190055847168	16600	9.45248031616211	14565	12.259036144578317	
1638133.7439846266	90.0	3.28	37.12	19.2	12.633387417839801	166	101	90	5	87	45	90	3	29	15	953	0	0.031246185302734375	16700	9.483726501464844	14653	12.257485029940113	
7.068341051117745e+29	90.0	3.42	41.18	21.3	12.633387417839801	167	101	90	6	116	60	90	3	29	15	958	0	0.062499046325683594	16800	9.546225547790527	14743	12.24404761904762	
2.4561049544672926e+31	90.0	3.42	41.18	21.3	12.633387417839801	168	101	90	6	116	60	90	3	29	15	966	0	0.015624284744262695	16900	9.56184983253479	14831	12.242603550295854	
3.898998951447594e+31	90.0	3.29	37.41	19.35	12.633387417839801	169	101	90	6	116	60	90	3	29	15	970	0	0.046869516372680664	17000	9.60871934890747	14919	12.241176470588229	
1.3020879120879938e+27	90.0	3.32	38.28	19.8	12.633387417839801	170	101	90	5	87	45	90	3	29	15	980	0	0.01562356948852539	17100	9.624342918395996	15001	12.274853801169598	
1312296939302240.5	90.0	3.27	36.83	19.05	12.633387417839801	171	101	90	5	87	45	90	3	29	15	982	0	0.04687356948852539	17200	9.671216487884521	15087	12.284883720930225	
1369761811283180.0	90.0	3.3	37.7	19.5	12.633387417839801	172	101	90	6	116	60	90	3	29	15	986	0	0.031245946884155273	17300	9.702462434768677	15177	12.271676300578036	
2.2353376581847156e+22	90.0	3.26	36.54	18.9	12.633387417839801	173	101	90	5	87	45	90	3	29	15	989	0	0.031247377395629883	17400	9.733709812164307	15264	12.275862068965509	
1.1682162922031033e+36	90.0	3.25	36.25	18.75	12.633387417839801	174	101	90	5	87	45	90	3	29	15	996	0	0.03124833106994629	17500	9.764958143234253	15348	12.297142857142859	
3.228298048141801e+18	90.0	3.32	38.28	19.8	12.633387417839801	175	101	90	5	87	45	90	3	29	15	997	0	0.031247615814208984	17600	9.796205759048462	15442	12.261363636363626	
12073914447050.373	90.0	3.44	41.76	21.6	12.633387417839801	176	101	90	6	116	60	90	3	29	15	1000	0	0.04687094688415527	17700	9.843076705932617	15528	12.271186440677965	
6.225331535524218e+25	90.0	3.42	41.18	21.3	12.633387417839801	177	101	90	5	87	45	90	3	29	15	1001	0	0.046872615814208984	17800	9.889949321746826	15621	12.241573033707866	
2.140650966682106e+38	90.0	3.71	49.59	25.65	12.633387417839801	178	101	90	6	116	60	90	3	29	15	1007	0	0.046872615814208984	17900	9.936821937561035	15707	12.25139664804469	
7.36854913365127e+35	90.0	3.72	49.88	25.8	12.633387417839801	179	101	90	6	116	60	90	3	29	15	1013	0	0.031246423721313477	18000	9.968068361282349	15797	12.238888888888894	
3810998388200850.5	90.0	3.55	44.95	23.25	12.633387417839801	180	101	90	6	116	60	90	3	29	15	1018	0	0.046872854232788086	18100	10.014941215515137	15884	12.243093922651937	
2.324944167739319e+17	90.0	3.45	42.05	21.75	12.633387417839801	181	101	90	5	87	45	90	3	29	15	1022	0	0.046872615814208984	18200	10.061813831329346	15972	12.241758241758234	
1.3935645032115617e+18	90.0	3.46	42.34	21.9	12.633387417839801	182	101	90	6	116	60	90	3	29	15	1027	0	0.04687166213989258	18300	10.108685493469238	16060	12.240437158469945	
2.278116746096245e+18	90.0	3.41	40.89	21.15	12.633387417839801	183	101	90	5	87	45	90	3	29	15	1030	0	0.07811832427978516	18400	10.186803817749023	16153	12.211956521739125	
18121736010955.035	90.0	3.51	43.79	22.65	12.633387417839801	184	101	90	6	116	60	90	3	29	15	1038	0	0.04687237739562988	18500	10.233676195144653	16238	12.22702702702702	
5.689202807420475e+16	90.0	3.6	46.4	24.0	12.633387417839801	185	101	90	6	116	60	90	3	29	15	1044	0	0.06249570846557617	18600	10.29617190361023	16326	12.225806451612911	
8.8508468504531e+26	90.0	3.74	50.46	26.1	12.633387417839801	186	101	90	6	116	60	90	3	29	15	1048	0	0.03124856948852539	18700	10.327420473098755	16417	12.208556149732615	
9.862227846955413e+23	90.0	3.67	48.43	25.05	12.633387417839801	187	101	90	6	116	60	90	3	29	15	1054	0	0.04687190055847168	18800	10.374292373657227	16503	12.218085106382986	
7188592741041.197	90.0	3.67	48.43	25.05	12.633387417839801	188	101	90	5	87	45	90	3	29	15	1062	0	0.04687213897705078	18900	10.421164512634277	16590	12.222222222222229	
6.281860296292384e+26	90.0	3.74	50.46	26.1	12.633387417839801	189	101	90	6	116	60	90	3	29	15	1068	0	0.04686903953552246	19000	10.4680335521698	16680	12.210526315789465	
3.972377929788932e+33	90.0	3.65	47.85	24.75	12.633387417839801	190	101	90	6	116	60	90	3	29	15	1075	0	0.06249713897705078	19100	10.53053069114685	16767	12.214659685863865	
5.160604588815796e+40	90.0	3.36	39.44	20.4	12.633387417839801	191	101	90	6	116	60	90	3	29	15	1081	0	0.031247615814208984	19200	10.56177830696106	16859	12.192708333333329	
1.7326804123711348e+35	90.0	3.29	37.41	19.35	12.633387417839801	192	101	90	5	87	45	90	3	29	15	1085	0	0.04687237739562988	19300	10.60865068435669	16947	12.191709844559583	
7.759332834282311e+43	90.0	3.43	41.47	21.45	12.633387417839801	193	101	90	5	87	45	90	3	29	15	1094	0	0.04687142372131348	19400	10.655522108078003	17024	12.24742268041237	
3.6163838851004195e+19	90.0	3.28	37.12	19.2	12.633387417839801	194	101	90	6	116	60	90	3	29	15	1097	0	0.031247377395629883	19500	10.686769485473633	17113	12.241025641025644	
87366457.06880802	90.0	3.32	38.28	19.8	12.633387417839801	195	101	90	6	116	60	90	3	29	15	1100	0	0.04687237739562988	19600	10.733641862869263	17207	12.209183673469397	
73631218355.2483	90.0	3.37	39.73	20.55	12.633387417839801	196	101	90	5	87	45	90	3	29	15	1105	0	0.04687213897705078	19700	10.780514001846313	17296	12.203045685279193	
1.0931275819574477e+41	90.0	3.47	42.63	22.05	12.633387417839801	197	101	90	5	87	45	90	3	29	15	1112	0	0.04687213897705078	19800	10.827386140823364	17381	12.21717171717171	
1.765960574257705e+16	90.0	3.53	44.37	22.95	12.633387417839801	198	101	90	6	116	60	90	3	29	15	1121	0	0.04687047004699707	19900	10.874256610870361	17467	12.226130653266338	
7.221644187176784e+20	90.0	3.55	44.95	23.25	12.633387417839801	199	101	90	5	87	45	90	3	29	15	1132	0	0.031249046325683594	20000	10.905505657196045	17552	12.239999999999995	
4.1715268781121795e+29	90.0	3.49	43.21	22.35	12.633387417839801	200	101	90	5	87	45	90	3	29	15	1140	0	0.03124690055847168	20100	10.936752557754517	17638	12.24875621890547	
25482371882.34855	90.0	3.59	46.11	23.85	12.633387417839801	201	101	90	5	87	45	90	3	29	15	1147	0	0.03124713897705078	20200	10.967999696731567	17724	12.257425742574256	
9.754348790912997e+38	90.0	3.59	46.11	23.85	12.633387417839801	202	101	90	5	87	45	90	3	29	15	1159	0	0.062496185302734375	20300	11.030495882034302	17808	12.275862068965509	
9.529697016359068e+38	90.0	3.8	52.2	27.0	12.548504144796789	203	101	90	5	87	45	90	3	29	15	1169	0	0.04687166213989258	20400	11.077367544174194	17896	12.274509803921575	
1.3537553777586794e+19	90.0	3.8	52.2	27.0	12.548504144796789	204	101	90	6	116	60	90	3	29	15	1176	0	0.04687213897705078	20500	11.124239683151245	17983	12.278048780487808	
3.764748435563516e+17	90.0	3.85	53.65	27.75	12.548504144796789	205	101	90	6	116	60	90	3	29	15	1184	0	0.046871185302734375	20600	11.17111086845398	18072	12.271844660194176	
1.9028369883571256e+18	90.0	3.71	49.59	25.65	12.548504144796789	206	101	90	6	116	60	90	3	29	15	1195	0	0.04687333106994629	20700	11.217984199523926	18149	12.323671497584542	
5.881529215371941e+18	90.0	3.61	46.69	24.15	12.548504144796789	207	101	90	6	116	60	90	3	29	15	1197	0	0.04687070846557617	20800	11.264854907989502	18242	12.298076923076934	
5.095733644130229e+24	90.0	3.48	42.92	22.2	12.548504144796789	208	101	90	6	116	60	90	3	29	15	1204	0	0.04687190055847168	20900	11.311726808547974	18329	12.301435406698573	
7.823765585181556e+24	90.0	3.26	36.54	18.9	12.548504144796789	209	101	90	5	87	45	90	3	29	15	1209	0	0.031249046325683594	21000	11.342975854873657	18417	12.299999999999997	
2.301818638508457e+27	90.0	3.44	41.76	21.6	12.548504144796789	210	101	90	5	87	45	90	3	29	15	1217	0	0.04687309265136719	21100	11.389848947525024	18504	12.30331753554502	
9.415521678880376e+21	90.0	3.52	44.08	22.8	12.548504144796789	211	101	90	6	116	60	90	3	29	15	1221	0	0.03124523162841797	21200	11.421094179153442	18594	12.29245283018868	
3.5649051192990195e+25	90.0	3.45	42.05	21.75	12.548504144796789	212	101	90	6	116	60	90	3	29	15	1224	0	0.04687213897705078	21300	11.467966318130493	18684	12.281690140845072	
2.3753517922640338e+24	90.0	3.24	35.96	18.6	12.548504144796789	213	101	90	5	87	45	90	3	29	15	1226	0	0.015623092651367188	21400	11.48358941078186	18778	12.252336448598129	
3.764180355153331e+17	90.0	3.27	36.83	19.05	12.548504144796789	214	101	90	5	87	45	90	3	29	15	1229	0	0.06249547004699707	21500	11.546084880828857	18869	12.237209302325581	
2.467620202456775e+18	90.0	3.36	39.44	20.4	12.548504144796789	215	101	90	5	87	45	90	3	29	15	1231	0	0.04687237739562988	21600	11.592957258224487	18959	12.226851851851848	
7.321940192129081e+19	90.0	3.26	36.54	18.9	12.548504144796789	216	101	90	5	87	45	90	3	29	15	1235	0	0.03124713897705078	21700	11.624204397201538	19047	12.225806451612911	
2872540522.765972	90.0	3.34	38.86	20.1	12.548504144796789	217	101	90	6	116	60	90	3	29	15	1240	0	0.031248092651367188	21800	11.655452489852905	19135	12.224770642201833	
1407810295328.3105	90.0	3.29	37.41	19.35	12.548504144796789	218	101	90	5	87	45	90	3	29	15	1244	0	0.04687213897705078	21900	11.702324628829956	19228	12.200913242009136	
2.868401250000008e+29	90.0	3.43	41.47	21.45	12.548504144796789	219	101	90	5	87	45	90	3	29	15	1249	0	0.04687166213989258	22000	11.749196290969849	19319	12.186363636363637	
1.8822349330570036e+30	90.0	3.29	37.41	19.35	12.548504144796789	220	101	90	4	58	30	90	3	29	15	1252	0	0.015623331069946289	22100	11.764819622039795	19410	12.171945701357473	
1.7429695547782943e+33	90.0	3.27	36.83	19.05	12.548504144796789	221	101	90	4	58	30	90	3	29	15	1258	0	0.03124833106994629	22200	11.796067953109741	19496	12.180180180180173	
6.422351516983506e+18	90.0	3.25	36.25	18.75	12.548504144796789	222	101	90	5	87	45	90	3	29	15	1262	0	0.031247615814208984	22300	11.82731556892395	19583	12.18385650224215	
4666537734.447293	90.0	3.3	37.7	19.5	12.548504144796789	223	101	90	5	87	45	90	3	29	15	1274	0	0.031247615814208984	22400	11.85856318473816	19662	12.223214285714292	
5.532806406981206e+17	90.0	3.38	40.02	20.7	12.548504144796789	224	101	90	5	87	45	90	3	29	15	1280	0	0.03124856948852539	22500	11.889811754226685	19751	12.217777777777783	
2.3557769096082202e+36	90.0	3.43	41.47	21.45	12.548504144796789	225	101	90	5	87	45	90	3	29	15	1287	0	0.04687142372131348	22600	11.936683177947998	19838	12.221238938053105	
2.8995265803949096e+24	90.0	3.57	45.53	23.55	12.548504144796789	226	101	90	5	87	45	90	3	29	15	1296	0	0.04687166213989258	22700	11.98355484008789	19924	12.229074889867846	
1.931871966531328e+41	90.0	3.51	43.79	22.65	12.548504144796789	227	101	90	5	87	45	90	3	29	15	1307	0	0.031247854232788086	22800	12.014802694320679	20009	12.241228070175438	
8.071003271625382e+18	90.0	3.62	46.98	24.3	12.548504144796789	228	101	90	6	116	60	90	3	29	15	1316	0	0.046872854232788086	22900	12.061675548553467	20096	12.244541484716152	
3.6069661489945756e+33	90.0	3.51	43.79	22.65	12.548504144796789	229	101	90	5	87	45	90	3	29	15	1320	0	0.04687166213989258	23000	12.10854721069336	20185	12.23913043478261	
1.2050596258439276e+28	90.0	3.5	43.5	22.5	12.548504144796789	230	101	90	6	116	60	90	3	29	15	1323	0	0.03124713897705078	23100	12.13979434967041	20277	12.220779220779221	
1.274388485633956e+28	90.0	3.55	44.95	23.25	12.548504144796789	231	101	90	5	87	45	90	3	29	15	1328	0	0.04687356948852539	23200	12.186667919158936	20367	12.21120689655173	
5.02231460288812e+35	90.0	3.47	42.63	22.05	12.548504144796789	232	101	90	5	87	45	90	3	29	15	1336	0	0.04687023162841797	23300	12.233538150787354	20456	12.206008583690988	
4.981531516235393e+27	90.0	3.38	40.02	20.7	12.548504144796789	233	101	90	5	87	45	90	3	29	15	1339	0	0.04687237739562988	23400	12.280410528182983	20547	12.192307692307693	
5.853598385928098e+32	90.0	3.4	40.6	21.0	12.548504144796789	234	101	90	5	87	45	90	3	29	15	1342	0	0.04687142372131348	23500	12.327281951904297	20640	12.170212765957444	
6.347703451380239e+26	90.0	3.33	38.57	19.95	12.548504144796789	235	101	90	5	87	45	90	3	29	15	1348	0	0.0468745231628418	23600	12.374156475067139	20727	12.173728813559322	
9.811648936221715e+32	90.0	3.51	43.79	22.65	12.548504144796789	236	101	90	6	116	60	90	3	29	15	1355	0	0.06249427795410156	23700	12.43665075302124	20814	12.177215189873408	
9.360884983359619e+31	90.0	3.6	46.4	24.0	12.548504144796789	237	101	90	6	116	60	90	3	29	15	1365	0	0.031246185302734375	23800	12.467896938323975	20899	12.189075630252105	
1.9377511111111225e+33	90.0	3.48	42.92	22.2	12.548504144796789	238	101	90	5	87	45	90	3	29	15	1367	0	0.046871185302734375	23900	12.514768123626709	20990	12.175732217573227	
5.577240269213453e+19	90.0	3.55	44.95	23.25	12.548504144796789	239	101	90	5	87	45	90	3	29	15	1373	0	0.04687356948852539	24000	12.561641693115234	21079	12.170833333333334	
1.6494248843448093e+32	90.0	3.48	42.92	22.2	12.548504144796789	240	101	90	5	87	45	90	3	29	15	1379	0	0.046874046325683594	24100	12.608515739440918	21170	12.157676348547724	
2.2776808780154135e+22	90.0	3.51	43.79	22.65	12.548504144796789	241	101	90	5	87	45	90	3	29	15	1383	0	0.04687190055847168	24200	12.65538763999939	21263	12.13636363636364	
8.177011702932568e+37	90.0	3.55	44.95	23.25	12.548504144796789	242	101	90	6	116	60	90	3	29	15	1388	0	0.04687309265136719	24300	12.702260732650757	21353	12.127572016460903	
8.280043711739133e+40	90.0	3.6	46.4	24.0	12.548504144796789	243	101	90	5	87	45	90	3	29	15	1397	0	0.03124523162841797	24400	12.733505964279175	21440	12.131147540983605	
1.522890454225628e+37	90.0	3.67	48.43	25.05	12.548504144796789	244	101	90	5	87	45	90	3	29	15	1401	0	0.04687213897705078	24500	12.780378103256226	21532	12.114285714285714	
5.2065381122098354e+39	90.0	3.45	42.05	21.75	12.548504144796789	245	101	90	6	116	60	90	3	29	15	1406	0	0.03124690055847168	24600	12.811625003814697	21620	12.113821138211378	
5.798002076127731e+30	90.0	3.49	43.21	22.35	12.548504144796789	246	101	90	5	87	45	90	3	29	15	1414	0	0.046871185302734375	24700	12.858496189117432	21705	12.125506072874487	
1.474926024122727e+28	90.0	3.71	49.59	25.65	12.548504144796789	247	101	90	6	116	60	90	3	29	15	1425	0	0.03124690055847168	24800	12.889743089675903	21792	12.129032258064527	
1.6524731744795682e+29	90.0	3.6	46.4	24.0	12.548504144796789	248	101	90	5	87	45	90	3	29	15	1430	0	0.04687380790710449	24900	12.936616897583008	21879	12.132530120481931	
2.6857025851009338e+41	90.0	3.8	52.2	27.0	12.548504144796789	249	101	90	5	87	45	90	3	29	15	1439	0	0.04687094688415527	25000	12.983487844467163	21964	12.144000000000005	
4.606759350842738e+16	90.0	3.82	52.78	27.3	12.548504144796789	250	101	90	6	116	60	90	3	29	15	1451	0	0.04687070846557617	25100	13.03035855293274	22050	12.151394422310759	
8.576274238228437e+26	90.0	3.73	50.17	25.95	12.548504144796789	251	101	90	5	87	45	90	3	29	15	1456	0	0.04687166213989258	25200	13.077230215072632	22142	12.134920634920633	
9.612283706915457e+32	90.0	3.77	51.33	26.55	12.548504144796789	252	101	90	5	87	45	90	3	29	15	1461	0	0.031247615814208984	25300	13.10847783088684	22233	12.12252964426878	
4.793264929968277e+38	90.0	3.85	53.65	27.75	12.548504144796789	253	101	90	6	116	60	90	3	29	15	1468	0	0.06249833106994629	25400	13.170976161956787	22325	12.10629921259843	
6.866086456773268e+23	90.0	3.67	48.43	25.05	12.548504144796789	254	101	90	5	87	45	90	3	29	15	1471	0	0.04687023162841797	25500	13.217846393585205	22416	12.094117647058823	
6.82969111971988e+19	90.0	3.59	46.11	23.85	12.548504144796789	255	101	90	5	87	45	90	3	29	15	1475	0	0.04687190055847168	25600	13.264718294143677	22510	12.0703125	
9.708375875899558e+32	90.0	3.64	47.56	24.6	12.548504144796789	256	101	90	5	87	45	90	3	29	15	1481	0	0.04687190055847168	25700	13.311590194702148	22598	12.07003891050583	
1.7607085873177731e+37	90.0	3.61	46.69	24.15	12.548504144796789	257	101	90	6	116	60	90	3	29	15	1484	0	0.04687333106994629	25800	13.358463525772095	22693	12.042635658914719	
1.632659798651316e+34	90.0	3.47	42.63	22.05	12.548504144796789	258	101	90	5	87	45	90	3	29	15	1491	0	0.03124856948852539	25900	13.38971209526062	22782	12.038610038610045	
8.470876636776134e+33	90.0	3.58	45.82	23.7	12.548504144796789	259	101	90	6	116	60	90	3	29	15	1498	0	0.062493085861206055	26000	13.452205181121826	22869	12.042307692307702	
3.446217842816339e+39	90.0	3.62	46.98	24.3	12.548504144796789	260	101	90	6	116	60	90	3	29	15	1505	0	0.04687190055847168	26100	13.499077081680298	22956	12.045977011494259	
5.725558160492718e+30	90.0	3.56	45.24	23.4	12.548504144796789	261	101	90	6	116	60	90	3	29	15	1516	0	0.031248092651367188	26200	13.530325174331665	23040	12.061068702290072	
2.6865746495126026e+22	90.0	3.74	50.46	26.1	12.548504144796789	262	101	90	6	116	60	90	3	29	15	1527	0	0.04687142372131348	26300	13.577196598052979	23125	12.07224334600761	
3.178974255328418e+25	90.0	3.61	46.69	24.15	12.548504144796789	263	101	90	6	116	60	90	3	29	15	1534	0	0.04687190055847168	26400	13.62406849861145	23217	12.056818181818187	
2.5864128923147832e+41	90.0	3.41	40.89	21.15	12.548504144796789	264	101	90	6	116	60	90	3	29	15	1537	0	0.031248807907104492	26500	13.655317306518555	23305	12.05660377358491	
9.572234189773202e+16	90.0	3.36	39.44	20.4	12.548504144796789	265	101	90	5	87	45	90	3	29	15	1543	0	0.046871185302734375	26600	13.702188491821289	23394	12.05263157894737	
3.4853268080747256e+33	90.0	3.39	40.31	20.85	12.548504144796789	266	101	90	5	87	45	90	3	29	15	1550	0	0.04687166213989258	26700	13.749060153961182	23480	12.059925093632955	
1.0265960292634148e+26	90.0	3.24	35.96	18.6	12.548504144796789	267	101	90	6	116	60	90	3	29	15	1556	0	0.031247615814208984	26800	13.78030776977539	23567	12.06343283582089	
1.5888773156565e+18	90.0	3.28	37.12	19.2	12.548504144796789	268	101	90	5	87	45	90	3	29	15	1560	0	0.04687190055847168	26900	13.827179670333862	23652	12.074349442379187	
1495380983.265184	90.0	3.33	38.57	19.95	12.548504144796789	269	101	90	6	116	60	90	3	29	15	1568	0	0.031247377395629883	27000	13.858427047729492	23741	12.07037037037037	
3.565294369161473e+29	90.0	3.36	39.44	20.4	12.548504144796789	270	101	90	6	116	60	90	3	29	15	1574	0	0.04687213897705078	27100	13.905299186706543	23832	12.0590405904059	
2.260800483922625e+16	90.0	3.4	40.6	21.0	12.548504144796789	271	101	90	5	87	45	90	3	29	15	1579	0	0.04687142372131348	27200	13.952170610427856	23921	12.055147058823536	
1.3714310487109392e+36	90.0	3.45	42.05	21.75	12.548504144796789	272	101	90	6	116	60	90	3	29	15	1584	0	0.031247854232788086	27300	13.983418464660645	24005	12.069597069597066	
3.0321789082658674e+24	90.0	3.59	46.11	23.85	12.548504144796789	273	101	90	5	87	45	90	3	29	15	1592	0	0.04687213897705078	27400	14.030290603637695	24088	12.087591240875923	
1.8601214478013964e+36	90.0	3.59	46.11	23.85	12.548504144796789	274	101	90	5	87	45	90	3	29	15	1593	0	0.046871185302734375	27500	14.07716178894043	24182	12.065454545454543	
3.407594780208333e+35	90.0	3.53	44.37	22.95	12.548504144796789	275	101	90	5	87	45	90	3	29	15	1598	0	0.031248807907104492	27600	14.108410596847534	24273	12.054347826086953	
9.180696686434239e+25	90.0	3.62	46.98	24.3	12.548504144796789	276	101	90	5	87	45	90	3	29	15	1605	0	0.06249523162841797	27700	14.170905828475952	24359	12.061371841155236	
1.0488277954477758e+17	90.0	3.66	48.14	24.9	12.548504144796789	277	101	90	6	116	60	90	3	29	15	1611	0	0.046872615814208984	27800	14.217778444290161	24448	12.05755395683454	
2.2808696854431347e+18	90.0	3.68	48.72	25.2	12.548504144796789	278	101	90	6	116	60	90	3	29	15	1618	0	0.04687094688415527	27900	14.264649391174316	24534	12.064516129032256	
5.968419701169006e+24	90.0	3.87	54.23	28.05	12.548504144796789	279	101	90	6	116	60	90	3	29	15	1622	0	0.04687237739562988	28000	14.311521768569946	24626	12.050000000000011	
1.002494585397769e+33	90.0	3.84	53.36	27.6	12.548504144796789	280	101	90	6	116	60	90	3	29	15	1631	0	0.06249547004699707	28100	14.374017238616943	24713	12.053380782918154	
8.291248549797873e+30	90.0	3.64	47.56	24.6	12.548504144796789	281	101	90	6	116	60	90	3	29	15	1638	0	0.04687094688415527	28200	14.420888185501099	24800	12.056737588652481	
2.4242819606139876e+34	90.0	3.65	47.85	24.75	12.548504144796789	282	101	90	6	116	60	90	3	29	15	1646	0	0.046872615814208984	28300	14.467760801315308	24882	12.07773851590106	
5.135206850017105e+20	90.0	3.53	44.37	22.95	12.548504144796789	283	101	90	5	87	45	90	3	29	15	1655	0	0.04687166213989258	28400	14.5146324634552	24967	12.08802816901408	
8.31931148914618e+34	90.0	3.47	42.63	22.05	12.548504144796789	284	101	90	6	116	60	90	3	29	15	1664	0	0.04687237739562988	28500	14.56150484085083	25055	12.087719298245617	
4.235033200098143e+31	90.0	3.5	43.5	22.5	12.548504144796789	285	101	90	5	87	45	90	3	29	15	1670	0	0.04687190055847168	28600	14.608376741409302	25141	12.0944055944056	
1.4312706240370413e+40	90.0	3.56	45.24	23.4	12.548504144796789	286	101	90	6	116	60	90	3	29	15	1679	0	0.031247377395629883	28700	14.639624118804932	25223	12.114982578397218	
2.4815446753166412e+25	90.0	3.46	42.34	21.9	12.548504144796789	287	101	90	5	87	45	90	3	29	15	1685	0	0.04687237739562988	28800	14.686496496200562	25310	12.118055555555557	
4.5191541189122996e+36	90.0	3.36	39.44	20.4	12.548504144796789	288	101	90	5	87	45	90	3	29	15	1690	0	0.0312502384185791	28900	14.71774673461914	25399	12.114186851211073	
3.619019205892277e+17	90.0	3.43	41.47	21.45	12.548504144796789	289	101	90	6	116	60	90	3	29	15	1697	0	0.046869754791259766	29000	14.7646164894104	25484	12.124137931034483	
3.362448373707436e+40	90.0	3.3	37.7	19.5	12.548504144796789	290	101	90	6	116	60	90	3	29	15	1699	0	0.04687070846557617	29100	14.811487197875977	25572	12.123711340206185	
9.35659742937795e+27	90.0	3.26	36.54	18.9	12.548504144796789	291	101	90	5	87	45	90	3	29	15	1703	0	0.015625	29200	14.827112197875977	25664	12.109589041095887	
4.466123479247767e+33	90.0	3.31	37.99	19.65	12.548504144796789	292	101	90	5	87	45	90	3	29	15	1712	0	0.031247854232788086	29300	14.858360052108765	25747	12.12627986348123	
8.659021648313417e+30	90.0	3.4	40.6	21.0	12.548504144796789	293	101	90	5	87	45	90	3	29	15	1717	0	0.04687094688415527	29400	14.90523099899292	25835	12.125850340136054	
1.1952734281287227e+30	90.0	3.59	46.11	23.85	12.548504144796789	294	101	90	6	116	60	90	3	29	15	1725	0	0.04687142372131348	29500	14.952102422714233	25923	12.125423728813558	
1.4353868444848003e+29	90.0	3.63	47.27	24.45	12.548504144796789	295	101	90	5	87	45	90	3	29	15	1731	0	0.031247377395629883	29600	14.983349800109863	26010	12.128378378378386	
1.0292456680137313e+33	90.0	3.66	48.14	24.9	12.548504144796789	296	101	90	6	116	60	90	3	29	15	1742	0	0.031247854232788086	29700	15.014597654342651	26096	12.134680134680139	
2.897630690204158e+32	90.0	3.57	45.53	23.55	12.548504144796789	297	101	90	6	116	60	90	3	29	15	1751	0	0.06249642372131348	29800	15.077094078063965	26185	12.13087248322148	
6.533215615066645e+19	90.0	3.57	45.53	23.55	12.548504144796789	298	101	90	5	87	45	90	3	29	15	1761	0	0.04687190055847168	29900	15.123965978622437	26270	12.140468227424748	
2.364168228516324e+33	90.0	3.42	41.18	21.3	12.548504144796789	299	101	90	5	87	45	90	3	29	15	1766	0	0.031249046325683594	30000	15.15521502494812	26361	12.129999999999995	
5805021974374973.0	90.0	3.3	37.7	19.5	12.548504144796789	300	101	90	6	116	60	90	3	29	15	1772	0	0.03124690055847168	30100	15.186461925506592	26447	12.136212624584715	
1.0386309429029131e+31	90.0	3.26	36.54	18.9	12.548504144796789	301	101	90	5	87	45	90	3	29	15	1775	0	0.015624284744262695	30200	15.202086210250854	26538	12.125827814569533	
1.695735634611604e+22	90.0	3.24	35.96	18.6	12.548504144796789	302	101	90	5	87	45	90	3	29	15	1781	0	0.04687094688415527	30300	15.24895715713501	26627	12.122112211221122	
1.2437296987215166e+33	90.0	3.28	37.12	19.2	12.548504144796789	303	101	90	6	116	60	90	3	29	15	1786	0	0.046871185302734375	30400	15.295828342437744	26716	12.118421052631575	
3.380850989493399e+25	90.0	3.46	42.34	21.9	12.548504144796789	304	101	90	5	87	45	90	3	29	15	1788	0	0.04687190055847168	30500	15.342700242996216	26810	12.098360655737707	
6.136225981201357e+34	90.0	3.45	42.05	21.75	12.548504144796789	305	101	90	6	116	60	90	3	29	15	1792	0	0.04687213897705078	30600	15.389572381973267	26897	12.101307189542482	
4.0898525595730924e+30	90.0	3.38	40.02	20.7	12.548504144796789	306	101	90	5	87	45	90	3	29	15	1793	0	0.04687190055847168	30700	15.436444282531738	26990	12.08469055374593	
2.503932810272334e+33	90.0	3.42	41.18	21.3	12.548504144796789	307	101	90	5	87	45	90	3	29	15	1800	0	0.031247854232788086	30800	15.467692136764526	27078	12.08441558441558	
9.607239583837607e+28	90.0	3.36	39.44	20.4	12.548504144796789	308	101	90	6	116	60	90	3	29	15	1805	0	0.031249284744262695	30900	15.498941421508789	27167	12.080906148867314	
2.2730835067878445e+26	90.0	3.45	42.05	21.75	12.548504144796789	309	101	90	5	87	45	90	3	29	15	1814	0	0.04687094688415527	31000	15.545812368392944	27249	12.099999999999994	
7.781975359733264e+22	90.0	3.32	38.28	19.8	12.548504144796789	310	101	90	5	87	45	90	3	29	15	1819	0	0.04687237739562988	31100	15.592684745788574	27332	12.115755627009648	
21962632313.3906	90.0	3.31	37.99	19.65	12.548504144796789	311	101	90	5	87	45	90	3	29	15	1822	0	0.04687047004699707	31200	15.639555215835571	27423	12.105769230769226	
6.276466836738968e+29	90.0	3.51	43.79	22.65	12.548504144796789	312	101	90	6	116	60	90	3	29	15	1825	0	0.046875	31300	15.686430215835571	27516	12.089456869009581	
2.1439858449836065e+27	90.0	3.52	44.08	22.8	12.548504144796789	313	101	90	5	87	45	90	3	29	15	1835	0	0.04687070846557617	31400	15.733300924301147	27598	12.108280254777071	
5.057070555431244e+17	90.0	3.43	41.47	21.45	12.548504144796789	314	101	90	6	116	60	90	3	29	15	1842	0	0.04686927795410156	31500	15.780170202255249	27683	12.117460317460313	
3.0036024548327787e+28	90.0	3.52	44.08	22.8	12.548504144796789	315	101	90	5	87	45	90	3	29	15	1849	0	0.04687190055847168	31600	15.82704210281372	27768	12.12658227848101	
8.115832218998913e+28	90.0	3.47	42.63	22.05	12.548504144796789	316	101	90	6	116	60	90	3	29	15	1857	0	0.031248092651367188	31700	15.858290195465088	27853	12.135646687697161	
6.406990704927708e+17	90.0	3.49	43.21	22.35	12.548504144796789	317	101	90	6	116	60	90	3	29	15	1862	0	0.04687094688415527	31800	15.905161142349243	27942	12.132075471698116	
1.7647403690685956e+34	90.0	3.4	40.6	21.0	12.548504144796789	318	101	90	5	87	45	90	3	29	15	1866	0	0.031249523162841797	31900	15.936410665512085	28029	12.134796238244519	
5.417047545237487e+28	90.0	3.38	40.02	20.7	12.548504144796789	319	101	90	5	87	45	90	3	29	15	1870	0	0.04687047004699707	32000	15.983281135559082	28123	12.115624999999994	
7.22047641291758e+32	90.0	3.49	43.21	22.35	12.548504144796789	320	101	90	5	87	45	90	3	29	15	1875	0	0.04687213897705078	32100	16.030153274536133	28214	12.105919003115261	
2.527669716360894e+28	90.0	3.65	47.85	24.75	12.548504144796789	321	101	90	5	87	45	90	3	29	15	1879	0	0.04687166213989258	32200	16.077024936676025	28306	12.09316770186335	
1.2521495802434517e+34	90.0	3.73	50.17	25.95	12.548504144796789	322	101	90	6	116	60	90	3	29	15	1884	0	0.04687166213989258	32300	16.123896598815918	28398	12.080495356037147	
3.0458092586986045e+30	90.0	3.59	46.11	23.85	12.548504144796789	323	101	90	6	116	60	90	3	29	15	1887	0	0.04687142372131348	32400	16.17076802253723	28489	12.070987654320987	
7.860507579292882e+37	90.0	3.52	44.08	22.8	12.548504144796789	324	101	90	5	87	45	90	3	29	15	1890	0	0.031248807907104492	32500	16.202016830444336	28582	12.055384615384611	
3.3188288154481644e+31	90.0	3.66	48.14	24.9	12.548504144796789	325	101	90	5	87	45	90	3	29	15	1893	0	0.04687094688415527	32600	16.24888777732849	28668	12.061349693251529	
3.9420646260643896e+20	90.0	3.64	47.56	24.6	12.548504144796789	326	101	90	5	87	45	90	3	29	15	1902	0	0.046872854232788086	32700	16.29576063156128	28758	12.055045871559628	
8.363474462372281e+38	90.0	3.58	45.82	23.7	12.548504144796789	327	101	90	5	87	45	90	3	29	15	1910	0	0.03124713897705078	32800	16.32700777053833	28848	12.048780487804876	
600559461925.0001	90.0	3.54	44.66	23.1	12.548504144796789	328	101	90	6	116	60	90	3	29	15	1917	0	0.031247377395629883	32900	16.35825514793396	28937	12.04559270516718	
3104643406.7997766	90.0	3.68	48.72	25.2	12.548504144796789	329	101	90	6	116	60	90	3	29	15	1922	0	0.03124833106994629	33000	16.389503479003906	29028	12.036363636363632	
8.255081332648435e+34	90.0	3.52	44.08	22.8	12.548504144796789	330	101	90	5	87	45	90	3	29	15	1928	0	0.04687213897705078	33100	16.436375617980957	29113	12.045317220543808	
4.8805529558814456e+26	90.0	3.56	45.24	23.4	12.548504144796789	331	101	90	6	116	60	90	3	29	15	1932	0	0.04687166213989258	33200	16.48324728012085	29201	12.045180722891573	
9.708368421052636e+32	90.0	3.44	41.76	21.6	12.548504144796789	332	101	90	5	87	45	90	3	29	15	1938	0	0.04687190055847168	33300	16.53011918067932	29282	12.066066066066057	
72078260401492.27	90.0	3.31	37.99	19.65	12.548504144796789	333	101	90	5	87	45	90	3	29	15	1946	0	0.04687190055847168	33400	16.576991081237793	29371	12.062874251497007	
128590396142413.48	90.0	3.31	37.99	19.65	12.548504144796789	334	101	90	5	87	45	90	3	29	15	1949	0	0.031247377395629883	33500	16.608238458633423	29459	12.062686567164178	
1.102826341382378e+20	90.0	3.36	39.44	20.4	12.548504144796789	335	101	90	5	87	45	90	3	29	15	1955	0	0.03124833106994629	33600	16.63948678970337	29544	12.07142857142857	
3.6829964200172235e+27	90.0	3.35	39.15	20.25	12.548504144796789	336	101	90	5	87	45	90	3	29	15	1958	0	0.046871185302734375	33700	16.686357975006104	29633	12.068249258160236	
7.948936319934059e+27	90.0	3.35	39.15	20.25	12.548504144796789	337	101	90	5	87	45	90	3	29	15	1961	0	0.031248092651367188	33800	16.71760606765747	29720	12.071005917159766	
4.143448854273284e+21	90.0	3.24	35.96	18.6	12.548504144796789	338	101	90	5	87	45	90	3	29	15	1964	0	0.031247615814208984	33900	16.74885368347168	29808	12.070796460176993	
2.5308409115165577e+26	90.0	3.37	39.73	20.55	12.548504144796789	339	101	90	5	87	45	90	3	29	15	1965	0	0.046875	34000	16.79572868347168	29900	12.058823529411768	
1.2960080187767837e+27	90.0	3.55	44.95	23.25	12.548504144796789	340	101	90	6	116	60	90	3	29	15	1968	0	0.04686880111694336	34100	16.842597484588623	29990	12.05278592375366	
1.703950921453718e+27	90.0	3.61	46.69	24.15	12.548504144796789	341	101	90	6	116	60	90	3	29	15	1971	0	0.04687190055847168	34200	16.889469385147095	30077	12.055555555555557	
53204783160.344154	90.0	3.48	42.92	22.2	12.548504144796789	342	101	90	5	87	45	90	3	29	15	1978	0	0.04687190055847168	34300	16.936341285705566	30163	12.061224489795919	
305210497.2277401	90.0	3.3	37.7	19.5	12.548504144796789	343	101	90	5	87	45	90	3	29	15	1982	0	0.04687142372131348	34400	16.98321270942688	30253	12.055232558139537	
1.0002704870811774e+21	90.0	3.53	44.37	22.95	12.548504144796789	344	101	90	5	87	45	90	3	29	15	1985	0	0.04687213897705078	34500	17.03008484840393	30346	12.040579710144925	
6.815259218438659e+31	90.0	3.63	47.27	24.45	12.548504144796789	345	101	90	6	116	60	90	3	29	15	1988	0	0.04687142372131348	34600	17.076956272125244	30438	12.028901734104053	
2.3971227835441915e+25	90.0	3.36	39.44	20.4	12.548504144796789	346	101	90	5	87	45	90	3	29	15	1991	0	0.04687190055847168	34700	17.123828172683716	30530	12.017291066282425	
4.0063484672040197e+18	90.0	3.39	40.31	20.85	12.548504144796789	347	101	90	5	87	45	90	3	29	15	1996	0	0.04687213897705078	34800	17.170700311660767	30621	12.008620689655174	
1324162171.5088441	90.0	3.39	40.31	20.85	12.548504144796789	348	101	90	5	87	45	90	3	29	15	2005	0	0.031247615814208984	34900	17.201947927474976	30704	12.022922636103146	
1.0904255597819486e+16	90.0	3.27	36.83	19.05	12.548504144796789	349	101	90	5	87	45	90	3	29	15	2012	0	0.04687213897705078	35000	17.248820066452026	30793	12.019999999999996	
3.93272837343964e+18	90.0	3.31	37.99	19.65	12.548504144796789	350	101	90	5	87	45	90	3	29	15	2015	0	0.031247615814208984	35100	17.280067682266235	30884	12.011396011396016	
4.4748277023680316e+26	90.0	3.25	36.25	18.75	12.548504144796789	351	101	90	5	87	45	90	3	29	15	2024	0	0.03124833106994629	35200	17.31131601333618	30964	12.034090909090907	
4.5421184160039746e+33	90.0	3.3	37.7	19.5	12.548504144796789	352	101	90	5	87	45	90	3	29	15	2025	0	0.04687142372131348	35300	17.358187437057495	31046	12.050991501416433	
63531778708640.234	90.0	3.26	36.54	18.9	12.548504144796789	353	101	90	5	87	45	90	3	29	15	2029	0	0.031247615814208984	35400	17.389435052871704	31134	12.050847457627128	
5.717570366462434e+19	90.0	3.22	35.38	18.3	12.548504144796789	354	101	90	5	87	45	90	3	29	15	2031	0	0.04687190055847168	35500	17.436306953430176	31225	12.042253521126753	
1631959807.22961	90.0	3.28	37.12	19.2	12.548504144796789	355	101	90	5	87	45	90	3	29	15	2034	0	0.031247615814208984	35600	17.467554569244385	31311	12.047752808988761	
1093029.3454092047	90.0	3.25	36.25	18.75	12.548504144796789	356	101	90	5	87	45	90	3	29	15	2037	0	0.046872615814208984	35700	17.514427185058594	31400	12.044817927170868	
1.0753917863938336e+38	90.0	3.34	38.86	20.1	12.548504144796789	357	101	90	4	58	30	90	3	29	15	2041	0	0.04687190055847168	35800	17.561299085617065	31491	12.036312849162016	
1.366938273782214e+19	90.0	3.44	41.76	21.6	12.548504144796789	358	101	90	5	87	45	90	3	29	15	2047	0	0.04687166213989258	35900	17.608170747756958	31580	12.033426183844014	
3.810996950611543e+33	90.0	3.42	41.18	21.3	12.548504144796789	359	101	90	5	87	45	90	3	29	15	2052	0	0.03124713897705078	36000	17.63941788673401	31669	12.030555555555551	
318317914.8540156	90.0	3.4	40.6	21.0	12.548504144796789	360	101	90	5	87	45	90	3	29	15	2052	0	0.04687166213989258	36100	17.6862895488739	31763	12.013850415512465	
5.098802893186313e+23	90.0	3.44	41.76	21.6	12.548504144796789	361	101	90	6	116	60	90	3	29	15	2055	0	0.04687190055847168	36200	17.733161449432373	31850	12.016574585635368	
8.163589423469538e+27	90.0	3.39	40.31	20.85	12.548504144796789	362	101	90	5	87	45	90	3	29	15	2057	0	0.04687190055847168	36300	17.780033349990845	31943	12.00275482093663	
9.708368452013859e+32	90.0	3.4	40.6	21.0	12.548504144796789	363	101	90	6	116	60	90	3	29	15	2063	0	0.031247854232788086	36400	17.811281204223633	32034	11.99450549450549	
2.538790571930635e+39	90.0	3.44	41.76	21.6	12.548504144796789	364	101	90	5	87	45	90	3	29	15	2071	0	0.04687142372131348	36500	17.858152627944946	32116	12.010958904109586	
1.1944374020685972e+27	90.0	3.5	43.5	22.5	12.548504144796789	365	101	90	6	116	60	90	3	29	15	2074	0	0.031248092651367188	36600	17.889400720596313	32206	12.005464480874323	
3.828948242206845e+17	90.0	3.49	43.21	22.35	12.548504144796789	366	101	90	6	116	60	90	3	29	15	2077	0	0.04687213897705078	36700	17.936272859573364	32294	12.005449591280666	
6.062405036471364e+24	90.0	3.4	40.6	21.0	12.548504144796789	367	101	90	5	87	45	90	3	29	15	2085	0	0.031247615814208984	36800	17.967520475387573	32377	12.019021739130437	
9.607239591136327e+32	90.0	3.4	40.6	21.0	12.548504144796789	368	101	90	5	87	45	90	3	29	15	2090	0	0.04687213897705078	36900	18.014392614364624	32462	12.027100271002709	
2.8472415988310603e+29	90.0	3.49	43.21	22.35	12.548504144796789	369	101	90	5	87	45	90	3	29	15	2093	0	0.04687190055847168	37000	18.061264514923096	32554	12.016216216216208	
4.027166276361391e+27	90.0	3.48	42.92	22.2	12.548504144796789	370	101	90	6	116	60	90	3	29	15	2096	0	0.031247377395629883	37100	18.092511892318726	32641	12.018867924528294	
2.309954479719544e+25	90.0	3.59	46.11	23.85	12.548504144796789	371	101	90	6	116	60	90	3	29	15	2111	0	0.04687190055847168	37200	18.139383792877197	32722	12.037634408602145	
1.9402272519122477e+17	90.0	3.4	40.6	21.0	12.548504144796789	372	101	90	6	116	60	90	3	29	15	2118	0	0.031247854232788086	37300	18.170631647109985	32808	12.042895442359253	
4.730257723815371e+18	90.0	3.37	39.73	20.55	12.548504144796789	373	101	90	5	87	45	90	3	29	15	2123	0	0.031247854232788086	37400	18.201879501342773	32898	12.037433155080208	
1.089856779073074e+22	90.0	3.4	40.6	21.0	12.548504144796789	374	101	90	6	116	60	90	3	29	15	2127	0	0.04687190055847168	37500	18.248751401901245	32988	12.031999999999996	
3.159208601710756e+21	90.0	3.44	41.76	21.6	12.548504144796789	375	101	90	6	116	60	90	3	29	15	2131	0	0.046871185302734375	37600	18.29562258720398	33076	12.031914893617028	
2.665473423988764e+35	90.0	3.61	46.69	24.15	12.548504144796789	376	101	90	6	116	60	90	3	29	15	2133	0	0.04687309265136719	37700	18.342495679855347	33167	12.023872679045084	
1.611924601466667e+29	90.0	3.55	44.95	23.25	12.548504144796789	377	101	90	7	145	75	90	3	29	15	2138	0	0.04687142372131348	37800	18.38936710357666	33257	12.018518518518519	
9.417055769019228e+32	90.0	3.52	44.08	22.8	12.548504144796789	378	101	90	5	87	45	90	3	29	15	2141	0	0.04687142372131348	37900	18.436238527297974	33349	12.007915567282325	
2.6386814826431504e+16	90.0	3.55	44.95	23.25	12.548504144796789	379	101	90	5	87	45	90	3	29	15	2146	0	0.031248092651367188	38000	18.46748661994934	33437	12.007894736842104	
3183528564194.5083	90.0	3.45	42.05	21.75	12.548504144796789	380	101	90	5	87	45	90	3	29	15	2154	0	0.04687142372131348	38100	18.514358043670654	33526	12.00524934383202	
3.721074734464994e+26	90.0	3.36	39.44	20.4	12.548504144796789	381	101	90	6	116	60	90	3	29	15	2156	0	0.04687166213989258	38200	18.561229705810547	33618	11.994764397905755	
4.484221846956184e+23	90.0	3.38	40.02	20.7	12.548504144796789	382	101	90	5	87	45	90	3	29	15	2157	0	0.04687190055847168	38300	18.60810160636902	33708	11.98955613577023	
1.7793390307566847e+41	90.0	3.39	40.31	20.85	12.548504144796789	383	101	90	6	116	60	90	3	29	15	2162	0	0.031247854232788086	38400	18.639349460601807	33793	11.997395833333329	
1028025874.3187866	90.0	3.24	35.96	18.6	12.548504144796789	384	101	90	6	116	60	90	3	29	15	2167	0	0.031247854232788086	38500	18.670597314834595	33873	12.018181818181816	
2.9364758027772934e+24	90.0	3.24	35.96	18.6	12.548504144796789	385	101	90	5	87	45	90	3	29	15	2168	0	0.03124856948852539	38600	18.70184588432312	33960	12.020725388601036	
4.1106958789664855e+28	90.0	3.27	36.83	19.05	12.548504144796789	386	101	90	5	87	45	90	3	29	15	2172	0	0.04687094688415527	38700	18.748716831207275	34048	12.020671834625318	
3.4857978731033833e+19	90.0	3.39	40.31	20.85	12.548504144796789	387	101	90	5	87	45	90	3	29	15	2179	0	0.04687190055847168	38800	18.795588731765747	34134	12.025773195876283	
3.642343421472071e+17	90.0	3.43	41.47	21.45	12.548504144796789	388	101	90	6	116	60	90	3	29	15	2184	0	0.031247854232788086	38900	18.826836585998535	34221	12.02827763496144	
5.135040816396322e+25	90.0	3.32	38.28	19.8	12.548504144796789	389	101	90	5	87	45	90	3	29	15	2187	0	0.04687190055847168	39000	18.873708486557007	34315	12.012820512820511	
3.124953972740786e+23	90.0	3.39	40.31	20.85	12.548504144796789	390	101	90	5	87	45	90	3	29	15	2194	0	0.031247854232788086	39100	18.904956340789795	34403	12.012787723785166	
4.408603341878246e+16	90.0	3.36	39.44	20.4	12.548504144796789	391	101	90	5	87	45	90	3	29	15	2202	0	0.04687213897705078	39200	18.951828479766846	34489	12.017857142857153	
1096402628.3531296	90.0	3.3	37.7	19.5	12.548504144796789	392	101	90	5	87	45	90	3	29	15	2210	0	0.031247377395629883	39300	18.983075857162476	34573	12.027989821882954	
281061408.53997576	90.0	3.28	37.12	19.2	12.548504144796789	393	101	90	4	58	30	90	3	29	15	2215	0	0.04687190055847168	39400	19.029947757720947	34659	12.03299492385787	
1.4365235207447438e+33	90.0	3.35	39.15	20.25	12.548504144796789	394	101	90	5	87	45	90	3	29	15	2222	0	0.031248092651367188	39500	19.061195850372314	34745	12.037974683544306	
6302047700113454.0	90.0	3.44	41.76	21.6	12.548504144796789	395	101	90	6	116	60	90	3	29	15	2228	0	0.04687213897705078	39600	19.108067989349365	34834	12.035353535353536	
1.804433784317239e+16	90.0	3.47	42.63	22.05	12.548504144796789	396	101	90	5	87	45	90	3	29	15	2233	0	0.04687142372131348	39700	19.15493941307068	34919	12.042821158690174	
1.4181940356771963e+32	90.0	3.57	45.53	23.55	12.548504144796789	397	101	90	5	87	45	90	3	29	15	2242	0	0.031247615814208984	39800	19.186187028884888	35002	12.05527638190955	
1.6035338814298841e+19	90.0	3.6	46.4	24.0	12.548504144796789	398	101	90	5	87	45	90	3	29	15	2243	0	0.04687166213989258	39900	19.23305869102478	35099	12.03258145363408	
2588826877.039025	90.0	3.7	49.3	25.5	12.548504144796789	399	101	90	5	87	45	90	3	29	15	2253	0	0.04687213897705078	40000	19.27993083000183	35186	12.034999999999997	
7.288954908591079e+37	90.0	3.61	46.69	24.15	12.548504144796789	400	101	90	5	87	45	90	3	29	15	2261	0	0.04687237739562988	40100	19.32680320739746	35274	12.034912718204495	
1.1308371330176428e+18	90.0	3.69	49.01	25.35	12.548504144796789	401	101	90	5	87	45	90	3	29	15	2269	0	0.04687094688415527	40200	19.373674154281616	35363	12.03233830845771	
1.7607461777235786e+38	90.0	3.64	47.56	24.6	12.548504144796789	402	101	90	6	116	60	90	3	29	15	2278	0	0.04687190055847168	40300	19.420546054840088	35450	12.034739454094293	
3.734985762422411e+34	90.0	3.58	45.82	23.7	12.548504144796789	403	101	90	6	116	60	90	3	29	15	2282	0	0.04687190055847168	40400	19.46741795539856	35540	12.029702970297024	
1.8173502628871348e+16	90.0	3.59	46.11	23.85	12.548504144796789	404	101	90	6	116	60	90	3	29	15	2290	0	0.04687166213989258	40500	19.514289617538452	35628	12.029629629629639	
3.800274368059789e+25	90.0	3.57	45.53	23.55	12.548504144796789	405	101	90	5	87	45	90	3	29	15	2297	0	0.04687166213989258	40600	19.561161279678345	35714	12.034482758620697	
1.0070345653473273e+25	90.0	3.43	41.47	21.45	12.548504144796789	406	101	90	5	87	45	90	3	29	15	2304	0	0.031248092651367188	40700	19.592409372329712	35802	12.034398034398038	
1.9292180834520315e+37	90.0	3.51	43.79	22.65	12.548504144796789	407	101	90	5	87	45	90	3	29	15	2312	0	0.04687190055847168	40800	19.639281272888184	35889	12.036764705882348	
1.1330226633325129e+18	90.0	3.51	43.79	22.65	12.548504144796789	408	101	90	5	87	45	90	3	29	15	2318	0	0.04687166213989258	40900	19.686152935028076	35977	12.036674816625919	
2.0892257241017373e+36	90.0	3.53	44.37	22.95	12.548504144796789	409	101	90	5	87	45	90	3	29	15	2322	0	0.04687213897705078	41000	19.733025074005127	36067	12.03170731707317	
1.5239894507581873e+25	90.0	3.67	48.43	25.05	12.548504144796789	410	101	90	5	87	45	90	3	29	15	2331	0	0.04687142372131348	41100	19.77989649772644	36156	12.02919708029198	
1.08163148291384e+34	90.0	3.76	51.04	26.4	12.548504144796789	411	101	90	6	116	60	90	3	29	15	2335	0	0.04687190055847168	41200	19.826768398284912	36249	12.016990291262132	
1.7769930459323852e+24	90.0	3.74	50.46	26.1	12.548504144796789	412	101	90	6	116	60	90	3	29	15	2343	0	0.031247615814208984	41300	19.85801601409912	36335	12.021791767554475	
3.7185317329119813e+22	90.0	3.68	48.72	25.2	12.548504144796789	413	101	90	5	87	45	90	3	29	15	2352	0	0.062496185302734375	41400	19.920512199401855	36420	12.028985507246375	
1.5401181504892738e+46	90.0	3.66	48.14	24.9	12.548504144796789	414	101	90	6	116	60	90	3	29	15	2360	0	0.04687166213989258	41500	19.967383861541748	36508	12.028915662650604	
1.8654783406090657e+18	90.0	3.65	47.85	24.75	12.548504144796789	415	101	90	5	87	45	90	3	29	15	2369	0	0.04687142372131348	41600	20.01425528526306	36598	12.024038461538467	
5.4334248260547556e+29	90.0	3.63	47.27	24.45	12.548504144796789	416	101	90	6	116	60	90	3	29	15	2377	0	0.031247854232788086	41700	20.04550313949585	36685	12.026378896882491	
9.607277785313571e+24	90.0	3.6	46.4	24.0	12.548504144796789	417	101	90	5	87	45	90	3	29	15	2382	0	0.06249594688415527	41800	20.107999086380005	36774	12.023923444976077	
4.1233995123778615e+30	90.0	3.72	49.88	25.8	12.548504144796789	418	101	90	6	116	60	90	3	29	15	2384	0	0.04687142372131348	41900	20.15487051010132	36868	12.009546539379485	
1.4328763407591314e+37	90.0	3.6	46.4	24.0	12.548504144796789	419	101	90	6	116	60	90	3	29	15	2389	0	0.04687237739562988	42000	20.20174288749695	36960	12.0	
37784248881957.35	90.0	3.57	45.53	23.55	12.548504144796789	420	101	90	5	87	45	90	3	29	15	2400	0	0.031247854232788086	42100	20.232990741729736	37045	12.007125890736333	
2.708464913256722e+32	90.0	3.61	46.69	24.15	12.548504144796789	421	101	90	5	87	45	90	3	29	15	2406	0	0.046872615814208984	42200	20.279863357543945	37132	12.009478672985779	
8.817204589387905e+24	90.0	3.53	44.37	22.95	12.548504144796789	422	101	90	6	116	60	90	3	29	15	2414	0	0.04687094688415527	42300	20.3267343044281	37215	12.02127659574468	
6.683323337076133e+20	90.0	3.51	43.79	22.65	12.548504144796789	423	101	90	5	87	45	90	3	29	15	2417	0	0.031247615814208984	42400	20.35798192024231	37306	12.014150943396231	
2.9964034794252137e+24	90.0	3.46	42.34	21.9	12.548504144796789	424	101	90	5	87	45	90	3	29	15	2420	0	0.04687309265136719	42500	20.404855012893677	37399	12.002352941176468	
5017915195.326462	90.0	3.46	42.34	21.9	12.548504144796789	425	101	90	5	87	45	90	3	29	15	2424	0	0.04687070846557617	42600	20.451725721359253	37489	11.997652582159617	
3.844513895070044e+33	90.0	3.44	41.76	21.6	12.548504144796789	426	101	90	5	87	45	90	3	29	15	2430	0	0.04687166213989258	42700	20.498597383499146	37581	11.988290398126466	
9.508195876340714e+32	90.0	3.31	37.99	19.65	12.548504144796789	427	101	90	5	87	45	90	3	29	15	2434	0	0.031247854232788086	42800	20.529845237731934	37668	11.99065420560747	
2.397138916896183e+24	90.0	3.37	39.73	20.55	12.548504144796789	428	101	90	5	87	45	90	3	29	15	2437	0	0.04687166213989258	42900	20.576716899871826	37758	11.986013986013987	
1.6266811248449567e+18	90.0	3.35	39.15	20.25	12.548504144796789	429	101	90	5	87	45	90	3	29	15	2442	0	0.03124833106994629	43000	20.607965230941772	37843	11.993023255813952	
7.413269963645901e+35	90.0	3.42	41.18	21.3	12.548504144796789	430	101	90	5	87	45	90	3	29	15	2450	0	0.04687142372131348	43100	20.654836654663086	37931	11.993039443155453	
1956500774.959506	90.0	3.49	43.21	22.35	12.548504144796789	431	101	90	5	87	45	90	3	29	15	2452	0	0.04687237739562988	43200	20.701709032058716	38022	11.986111111111114	
7.869681226806662e+25	90.0	3.37	39.73	20.55	12.548504144796789	432	101	90	5	87	45	90	3	29	15	2458	0	0.031247615814208984	43300	20.732956647872925	38108	11.990762124711324	
4.490491565532666e+22	90.0	3.43	41.47	21.45	12.548504144796789	433	101	90	5	87	45	90	3	29	15	2464	0	0.04687142372131348	43400	20.77982807159424	38189	12.006912442396313	
4.715609218946172e+24	90.0	3.4	40.6	21.0	12.548504144796789	434	101	90	5	87	45	90	3	29	15	2470	0	0.04687142372131348	43500	20.82669949531555	38274	12.013793103448279	
7.065981104133824e+26	90.0	3.36	39.44	20.4	12.548504144796789	435	101	90	5	87	45	90	3	29	15	2475	0	0.031248807907104492	43600	20.857948303222656	38362	12.013761467889907	
4.95070177597155e+19	90.0	3.4	40.6	21.0	12.548504144796789	436	101	90	6	116	60	90	3	29	15	2480	0	0.04687142372131348	43700	20.90481972694397	38453	12.006864988558348	
9.944943533045065e+26	90.0	3.35	39.15	20.25	12.548504144796789	437	101	90	5	87	45	90	3	29	15	2484	0	0.046872615814208984	43800	20.95169234275818	38544	12.0	
5.127412021917044e+17	90.0	3.43	41.47	21.45	12.548504144796789	438	101	90	5	87	45	90	3	29	15	2491	0	0.04687094688415527	43900	20.998563289642334	38630	12.004555808656036	
9.416114655696403e+32	90.0	3.49	43.21	22.35	12.548504144796789	439	101	90	5	87	45	90	3	29	15	2494	0	0.046872615814208984	44000	21.045435905456543	38716	12.009090909090915	
2.4338943104606022e+23	90.0	3.53	44.37	22.95	12.548504144796789	440	101	90	6	116	60	90	3	29	15	2504	0	0.04687094688415527	44100	21.0923068523407	38799	12.020408163265301	
2.8450500172793763e+31	90.0	3.51	43.79	22.65	12.548504144796789	441	101	90	6	116	60	90	3	29	15	2508	0	0.031247854232788086	44200	21.123554706573486	38891	12.011312217194572	
7.230643870355142e+40	90.0	3.51	43.79	22.65	12.548504144796789	442	101	90	5	87	45	90	3	29	15	2513	0	0.04687166213989258	44300	21.17042636871338	38982	12.004514672686227	
1.0309077645013736e+27	90.0	3.85	53.65	27.75	12.548504144796789	443	101	90	6	116	60	90	3	29	15	2520	0	0.04687142372131348	44400	21.217297792434692	39071	12.002252252252248	
4.688467990064837e+28	90.0	3.73	50.17	25.95	12.548504144796789	444	101	90	6	116	60	90	3	29	15	2530	0	0.046872854232788086	44500	21.26417064666748	39153	12.01573033707865	
6.406664619143069e+40	90.0	3.7	49.3	25.5	12.548504144796789	445	101	90	5	87	45	90	3	29	15	2535	0	0.046871185302734375	44600	21.311041831970215	39243	12.011210762331842	
6.681341926456337e+36	90.0	3.6	46.4	24.0	12.548504144796789	446	101	90	5	87	45	90	3	29	15	2544	0	0.031247615814208984	44700	21.342289447784424	39324	12.02684563758389	
9.041114720823448e+29	90.0	3.69	49.01	25.35	12.548504144796789	447	101	90	6	116	60	90	3	29	15	2556	0	0.04687190055847168	44800	21.389161348342896	39406	12.04017857142857	
5.4460462043472776e+16	90.0	3.65	47.85	24.75	12.548504144796789	448	101	90	6	116	60	90	3	29	15	2561	0	0.04687190055847168	44900	21.436033248901367	39497	12.03340757238307	
2.0786119035759323e+40	90.0	3.65	47.85	24.75	12.548504144796789	449	101	90	5	87	45	90	3	29	15	2566	0	0.04687142372131348	45000	21.48290467262268	39590	12.022222222222226	
5.809235277600031e+29	90.0	3.42	41.18	21.3	12.548504144796789	450	101	90	5	87	45	90	3	29	15	2570	0	0.04687190055847168	45100	21.529776573181152	39680	12.017738359201772	
1.4155772200286615e+18	90.0	3.44	41.76	21.6	12.548504144796789	451	101	90	4	58	30	90	3	29	15	2575	0	0.031248807907104492	45200	21.561025381088257	39772	12.008849557522126	
7.55608809736493e+17	90.0	3.47	42.63	22.05	12.548504144796789	452	101	90	5	87	45	90	3	29	15	2580	0	0.03124713897705078	45300	21.592272520065308	39861	12.006622516556291	
3.0109974259278676e+21	90.0	3.43	41.47	21.45	12.548504144796789	453	101	90	5	87	45	90	3	29	15	2585	0	0.04687190055847168	45400	21.63914442062378	39949	12.006607929515425	
1.0009305820419418e+33	90.0	3.18	34.22	17.7	12.548504144796789	454	101	90	4	58	30	90	3	29	15	2591	0	0.04687190055847168	45500	21.68601632118225	40032	12.017582417582418	
9.965844645764696e+28	90.0	3.27	36.83	19.05	12.548504144796789	455	101	90	5	87	45	90	3	29	15	2596	0	0.031247854232788086	45600	21.71726417541504	40119	12.01973684210526	
1.0731720383062633e+35	90.0	3.23	35.67	18.45	12.548504144796789	456	101	90	5	87	45	90	3	29	15	2599	0	0.031247854232788086	45700	21.748512029647827	40205	12.02407002188184	
2.404664845664167e+26	90.0	3.25	36.25	18.75	12.548504144796789	457	101	90	5	87	45	90	3	29	15	2608	0	0.031248092651367188	45800	21.779760122299194	40291	12.028384279475972	
8.476743924957371e+40	90.0	3.37	39.73	20.55	12.548504144796789	458	101	90	5	87	45	90	3	29	15	2616	0	0.031247615814208984	45900	21.811007738113403	40376	12.03485838779956	
6.80410996656087e+21	90.0	3.48	42.92	22.2	12.548504144796789	459	101	90	6	116	60	90	3	29	15	2630	0	0.04687166213989258	46000	21.857879400253296	40458	12.047826086956519	
6.961632242377156e+36	90.0	3.49	43.21	22.35	12.548504144796789	460	101	90	5	87	45	90	3	29	15	2634	0	0.031247615814208984	46100	21.889127016067505	40546	12.047722342733195	
8.962837858658531e+32	90.0	3.52	44.08	22.8	12.548504144796789	461	101	90	5	87	45	90	3	29	15	2644	0	0.04687213897705078	46200	21.935999155044556	40630	12.056277056277054	
2619216195.54818	90.0	3.73	50.17	25.95	12.548504144796789	462	101	90	6	116	60	90	3	29	15	2654	0	0.04687190055847168	46300	21.982871055603027	40715	12.062634989200859	
1.4282878232148307e+32	90.0	3.56	45.24	23.4	12.548504144796789	463	101	90	5	87	45	90	3	29	15	2660	0	0.031247615814208984	46400	22.014118671417236	40801	12.066810344827587	
1.2873372352450324e+24	90.0	3.56	45.24	23.4	12.548504144796789	464	101	90	6	116	60	90	3	29	15	2669	0	0.04687190055847168	46500	22.060990571975708	40887	12.070967741935476	
2.100652813931911e+22	90.0	3.44	41.76	21.6	12.548504144796789	465	101	90	5	87	45	90	3	29	15	2674	0	0.04687166213989258	46600	22.1078622341156	40978	12.064377682403432	
4568527.7070686165	90.0	3.55	44.95	23.25	12.548504144796789	466	101	90	6	116	60	90	3	29	15	2679	0	0.04687190055847168	46700	22.154734134674072	41066	12.064239828693786	
5250711216905069.0	90.0	3.55	44.95	23.25	12.548504144796789	467	101	90	6	116	60	90	3	29	15	2683	0	0.04687166213989258	46800	22.201605796813965	41157	12.057692307692307	
1.1144453461617553e+29	90.0	3.49	43.21	22.35	12.548504144796789	468	101	90	5	87	45	90	3	29	15	2688	0	0.04687190055847168	46900	22.248477697372437	41246	12.055437100213211	
9.241718471386081e+18	90.0	3.5	43.5	22.5	12.548504144796789	469	101	90	6	116	60	90	3	29	15	2691	0	0.031247854232788086	47000	22.279725551605225	41336	12.051063829787239	
2.894753285380939e+34	90.0	3.54	44.66	23.1	12.548504144796789	470	101	90	5	87	45	90	3	29	15	2694	0	0.031247615814208984	47100	22.310973167419434	41428	12.042462845010618	
1589208394995255.2	90.0	3.63	47.27	24.45	12.548504144796789	471	101	90	6	116	60	90	3	29	15	2695	0	0.04687213897705078	47200	22.357845306396484	41521	12.031779661016955	
1.0807050532403067e+39	90.0	3.57	45.53	23.55	12.548504144796789	472	101	90	5	87	45	90	3	29	15	2702	0	0.04687142372131348	47300	22.404716730117798	41609	12.031712473572938	
1.24294131496405e+27	90.0	3.42	41.18	21.3	12.548504144796789	473	101	90	5	87	45	90	3	29	15	2709	0	0.03124833106994629	47400	22.435965061187744	41693	12.040084388185662	
3.976547717824341e+37	90.0	3.42	41.18	21.3	12.548504144796789	474	101	90	5	87	45	90	3	29	15	2715	0	0.04687166213989258	47500	22.482836723327637	41780	12.042105263157893	
6.721375570268091e+24	90.0	3.32	38.28	19.8	12.548504144796789	475	101	90	5	87	45	90	3	29	15	2719	0	0.031247615814208984	47600	22.514084339141846	41871	12.035714285714278	
2.314285084332493e+18	90.0	3.35	39.15	20.25	12.548504144796789	476	101	90	5	87	45	90	3	29	15	2724	0	0.031248092651367188	47700	22.545332431793213	41960	12.033542976939202	
2.4405007289828484e+34	90.0	3.48	42.92	22.2	12.548504144796789	477	101	90	6	116	60	90	3	29	15	2729	0	0.046872854232788086	47800	22.592205286026	42045	12.039748953974893	
8.47005612293779e+35	90.0	3.45	42.05	21.75	12.548504144796789	478	101	90	6	116	60	90	3	29	15	2732	0	0.04687047004699707	47900	22.639075756072998	42132	12.041753653444673	
8.905462294266746e+20	90.0	3.48	42.92	22.2	12.548504144796789	479	101	90	6	116	60	90	3	29	15	2738	0	0.046872615814208984	48000	22.685948371887207	42219	12.043750000000003	
2.0336072644959277e+24	90.0	3.5	43.5	22.5	12.548504144796789	480	101	90	6	116	60	90	3	29	15	2740	0	0.03124690055847168	48100	22.71719527244568	42313	12.031185031185032	
8.292534925374222e+29	90.0	3.47	42.63	22.05	12.548504144796789	481	101	90	5	87	45	90	3	29	15	2742	0	0.031249046325683594	48200	22.748444318771362	42407	12.018672199170126	
7.059974504593165e+35	90.0	3.6	46.4	24.0	12.548504144796789	482	101	90	6	116	60	90	3	29	15	2746	0	0.03124713897705078	48300	22.779691457748413	42499	12.010351966873714	
1.3511744418154737e+25	90.0	3.54	44.66	23.1	12.548504144796789	483	101	90	5	87	45	90	3	29	15	2747	0	0.04687190055847168	48400	22.826563358306885	42593	11.997933884297524	
1.353729036263676e+37	90.0	3.39	40.31	20.85	12.548504144796789	484	101	90	6	116	60	90	3	29	15	2751	0	0.03124713897705078	48500	22.857810497283936	42683	11.993814432989694	
1.2626576288671737e+38	90.0	3.45	42.05	21.75	12.548504144796789	485	101	90	5	87	45	90	3	29	15	2753	0	0.04687213897705078	48600	22.904682636260986	42776	11.983539094650212	
9.22488682108184e+36	90.0	3.45	42.05	21.75	12.548504144796789	486	101	90	5	87	45	90	3	29	15	2754	0	0.04687190055847168	48700	22.951554536819458	42869	11.973305954825463	
1.821894166010928e+30	90.0	3.44	41.76	21.6	12.548504144796789	487	101	90	5	87	45	90	3	29	15	2760	0	0.031247854232788086	48800	22.982802391052246	42959	11.969262295081975	
4.137966850013306e+36	90.0	3.43	41.47	21.45	12.548504144796789	488	101	90	5	87	45	90	3	29	15	2764	0	0.04687166213989258	48900	23.02967405319214	43047	11.969325153374228	
2.9981215182234165e+27	90.0	3.45	42.05	21.75	12.548504144796789	489	101	90	5	87	45	90	3	29	15	2767	0	0.04687213897705078	49000	23.07654619216919	43137	11.965306122448979	
7.201149869276489e+29	90.0	3.49	43.21	22.35	12.548504144796789	490	101	90	6	116	60	90	3	29	15	2773	0	0.04687166213989258	49100	23.123417854309082	43223	11.96945010183299	
1.2715897346959321e+36	90.0	3.49	43.21	22.35	12.548504144796789	491	101	90	5	87	45	90	3	29	15	2780	0	0.031247854232788086	49200	23.15466570854187	43311	11.96951219512195	
1.6507463697312614e+27	90.0	3.48	42.92	22.2	12.548504144796789	492	101	90	5	87	45	90	3	29	15	2784	0	0.031247615814208984	49300	23.18591332435608	43400	11.967545638945225	
4.9315947698705175e+35	90.0	3.72	49.88	25.8	12.548504144796789	493	101	90	5	87	45	90	3	29	15	2791	0	0.04687213897705078	49400	23.23278546333313	43490	11.963562753036442	
8.123606532841072e+36	90.0	3.7	49.3	25.5	12.548504144796789	494	101	90	5	87	45	90	3	29	15	2795	0	0.04687166213989258	49500	23.279657125473022	43581	11.957575757575754	
1.3431008018863201e+23	90.0	3.61	46.69	24.15	12.548504144796789	495	101	90	6	116	60	90	3	29	15	2800	0	0.04687142372131348	49600	23.326528549194336	43673	11.949596774193552	
3.4077374020764747e+31	90.0	3.55	44.95	23.25	12.548504144796789	496	101	90	6	116	60	90	3	29	15	2804	0	0.046872854232788086	49700	23.373401403427124	43759	11.953722334004027	
3.557720444659908e+39	90.0	3.43	41.47	21.45	12.548504144796789	497	101	90	6	116	60	90	3	29	15	2808	0	0.04687094688415527	49800	23.42027235031128	43840	11.967871485943775	
9.306013048390588e+27	90.0	3.54	44.66	23.1	12.548504144796789	498	101	90	6	116	60	90	3	29	15	2813	0	0.031248092651367188	49900	23.451520442962646	43928	11.967935871743478	
2.8811652031077475e+39	90.0	3.56	45.24	23.4	12.548504144796789	499	101	90	6	116	60	90	3	29	15	2820	0	0.04687166213989258	50000	23.49839210510254	44016	11.968000000000004	
3.4017126814786096e+23	90.0	3.61	46.69	24.15	12.548504144796789	500	101	90	6	116	60	90	3	29	15	2826	0	0.06249570846557617	50100	23.560887813568115	44104	11.968063872255485	
1.2948526947503987e+30	90.0	3.39	40.31	20.85	12.548504144796789	501	101	90	5	87	45	90	3	29	15	2832	0	0.031247854232788086	50200	23.592135667800903	44191	11.970119521912352	
1.0168151314653243e+33	90.0	3.33	38.57	19.95	12.548504144796789	502	101	90	5	87	45	90	3	29	15	2842	0	0.031247854232788086	50300	23.62338352203369	44273	11.982107355864812	
3.4483637448641856e+48	90.0	3.33	38.57	19.95	12.548504144796789	503	101	90	5	87	45	90	3	29	15	2844	0	0.03124833106994629	50400	23.654631853103638	44361	11.982142857142847	
1.1487457380915642e+26	90.0	3.44	41.76	21.6	12.548504144796789	504	101	90	5	87	45	90	3	29	15	2850	0	0.031247615814208984	50500	23.685879468917847	44449	11.982178217821783	
4.970465411866539e+27	90.0	3.37	39.73	20.55	12.548504144796789	505	101	90	5	87	45	90	3	29	15	2853	0	0.031247377395629883	50600	23.717126846313477	44538	11.980237154150203	
3.895008100000003e+38	90.0	3.46	42.34	21.9	12.548504144796789	506	101	90	5	87	45	90	3	29	15	2856	0	0.04687213897705078	50700	23.763998985290527	44627	11.978303747534511	
7.129862415524856e+28	90.0	3.46	42.34	21.9	12.548504144796789	507	101	90	5	87	45	90	3	29	15	2861	0	0.04687166213989258	50800	23.81087064743042	44716	11.976377952755897	
1.2213902410877793e+25	90.0	3.63	47.27	24.45	12.548504144796789	508	101	90	6	116	60	90	3	29	15	2866	0	0.04687190055847168	50900	23.85774254798889	44803	11.978388998035356	
1.1391302287950244e+37	90.0	3.56	45.24	23.4	12.548504144796789	509	101	90	5	87	45	90	3	29	15	2868	0	0.04687166213989258	51000	23.904614210128784	44895	11.970588235294116	
1.0240041884944846e+18	90.0	3.5	43.5	22.5	12.548504144796789	510	101	90	6	116	60	90	3	29	15	2873	0	0.04687190055847168	51100	23.951486110687256	44982	11.972602739726028	
3.97855998958719e+29	90.0	3.55	44.95	23.25	12.548504144796789	511	101	90	6	116	60	90	3	29	15	2881	0	0.031247615814208984	51200	23.982733726501465	45069	11.974609375	
8.379926202204644e+39	90.0	3.52	44.08	22.8	12.548504144796789	512	101	90	6	116	60	90	3	29	15	2889	0	0.04687190055847168	51300	24.029605627059937	45151	11.98635477582846	
6197168673989053.0	90.0	3.42	41.18	21.3	12.548504144796789	513	101	90	6	116	60	90	3	29	15	2898	0	0.04687213897705078	51400	24.076477766036987	45234	11.996108949416339	
2.6973873529867096e+41	90.0	3.48	42.92	22.2	12.548504144796789	514	101	90	7	145	75	90	3	29	15	2907	0	0.015624523162841797	51500	24.09210228919983	45320	12.0	
4.80624411041042e+25	90.0	3.41	40.89	21.15	12.548504144796789	515	101	90	6	116	60	90	3	29	15	2913	0	0.04687070846557617	51600	24.138972997665405	45412	11.992248062015506	
5.724465547944612e+32	90.0	3.46	42.34	21.9	12.548504144796789	516	101	90	6	116	60	90	3	29	15	2921	0	0.031248092651367188	51700	24.170221090316772	45499	11.994197292069629	
1.0164868297926486e+33	90.0	3.31	37.99	19.65	12.548504144796789	517	101	90	6	116	60	90	3	29	15	2928	0	0.031248092651367188	51800	24.20146918296814	45585	11.998069498069498	
1.8965282677275582e+27	90.0	3.22	35.38	18.3	12.548504144796789	518	101	90	6	116	60	90	3	29	15	2934	0	0.04687142372131348	51900	24.248340606689453	45670	12.0038535645472	
2.564422636049595e+29	90.0	3.32	38.28	19.8	12.548504144796789	519	101	90	6	116	60	90	3	29	15	2941	0	0.04687190055847168	52000	24.295212507247925	45755	12.009615384615387	
1.6806921061133886e+28	90.0	3.18	34.22	17.7	12.548504144796789	520	101	90	6	116	60	90	3	29	15	2946	0	0.031247854232788086	52100	24.326460361480713	45834	12.026871401151624	
1.6119818023882295e+25	90.0	3.27	36.83	19.05	12.548504144796789	521	101	90	6	116	60	90	3	29	15	2950	0	0.04687213897705078	52200	24.373332500457764	45922	12.026819923371647	
1463813115.9556458	90.0	3.35	39.15	20.25	12.548504144796789	522	101	90	6	116	60	90	3	29	15	2959	0	0.031247615814208984	52300	24.404580116271973	46005	12.03632887189292	
2.422295494142695e+33	90.0	3.3	37.7	19.5	12.548504144796789	523	101	90	6	116	60	90	3	29	15	2964	0	0.04687166213989258	52400	24.451451778411865	46094	12.034351145038173	
1.4854826668523518e+39	90.0	3.28	37.12	19.2	12.548504144796789	524	101	90	7	145	75	90	3	29	15	2969	0	0.04687142372131348	52500	24.49832320213318	46182	12.034285714285716	
379247794.6698154	90.0	3.22	35.38	18.3	12.548504144796789	525	101	90	5	87	45	90	3	29	15	2970	0	0.031249046325683594	52600	24.529572248458862	46273	12.02851711026615	
8.705749413630401e+29	90.0	3.26	36.54	18.9	12.548504144796789	526	101	90	5	87	45	90	3	29	15	2975	0	0.015623331069946289	52700	24.54519557952881	46361	12.02846299810247	
9.820462068608306e+21	90.0	3.27	36.83	19.05	12.548504144796789	527	101	90	5	87	45	90	3	29	15	2977	0	0.04687166213989258	52800	24.5920672416687	46449	12.028409090909093	
6.450074145526261e+29	90.0	3.37	39.73	20.55	12.548504144796789	528	101	90	6	116	60	90	3	29	15	2983	0	0.031247854232788086	52900	24.62331509590149	46532	12.037807183364833	
8.441025496972145e+19	90.0	3.3	37.7	19.5	12.548504144796789	529	101	90	5	87	45	90	3	29	15	2992	0	0.031247854232788086	53000	24.654562950134277	46618	12.041509433962261	
3.390894734284117e+35	90.0	3.41	40.89	21.15	12.548504144796789	530	101	90	6	116	60	90	3	29	15	2999	0	0.031247854232788086	53100	24.685810804367065	46706	12.041431261770242	
6.323684735392705e+23	90.0	3.51	43.79	22.65	12.548504144796789	531	101	90	6	116	60	90	3	29	15	3005	0	0.031247615814208984	53200	24.717058420181274	46794	12.041353383458642	
5.207322561855714e+30	90.0	3.45	42.05	21.75	12.548504144796789	532	101	90	5	87	45	90	3	29	15	3009	0	0.06249594688415527	53300	24.77955436706543	46887	12.031894934333948	
3.432603125783378e+33	90.0	3.36	39.44	20.4	12.548504144796789	533	101	90	5	87	45	90	3	29	15	3011	0	0.031247854232788086	53400	24.810802221298218	46980	12.022471910112358	
1.3087004947585334e+18	90.0	3.33	38.57	19.95	12.548504144796789	534	101	90	5	87	45	90	3	29	15	3013	0	0.031248092651367188	53500	24.842050313949585	47073	12.013084112149528	
3.1239100104833087e+24	90.0	3.31	37.99	19.65	12.548504144796789	535	101	90	6	116	60	90	3	29	15	3020	0	0.031247377395629883	53600	24.873297691345215	47158	12.018656716417908	
7.23493958600406e+29	90.0	3.45	42.05	21.75	12.548504144796789	536	101	90	6	116	60	90	3	29	15	3025	0	0.04687190055847168	53700	24.920169591903687	47247	12.016759776536318	
1.2643399681410185e+30	90.0	3.51	43.79	22.65	12.548502624138747	537	101	90	6	116	60	90	3	29	15	3029	0	0.04687190055847168	53800	24.967041492462158	47336	12.014869888475829	
1.2386586739701576e+27	90.0	3.41	40.89	21.15	12.548502624138747	538	101	90	5	87	45	90	3	29	15	3034	0	0.031247854232788086	53900	24.998289346694946	47428	12.00742115027829	
1.0292800465057043e+35	90.0	3.44	41.76	21.6	12.548502624138747	539	101	90	5	87	45	90	3	29	15	3038	0	0.031247854232788086	54000	25.029537200927734	47518	12.003703703703707	
2.2233081464962607e+26	90.0	3.46	42.34	21.9	12.548502624138747	540	101	90	6	116	60	90	3	29	15	3042	0	0.04687166213989258	54100	25.076408863067627	47608	12.0	
2.1625930676721654e+20	90.0	3.47	42.63	22.05	12.548502624138747	541	101	90	6	116	60	90	3	29	15	3047	0	0.04687356948852539	54200	25.123282432556152	47694	12.003690036900366	
3.299708042582055e+16	90.0	3.51	43.79	22.65	12.548502624138747	542	101	90	5	87	45	90	3	29	15	3051	0	0.04687023162841797	54300	25.17015266418457	47780	12.007366482504594	
126827077.9330456	90.0	3.5	43.5	22.5	12.548502624138747	543	101	90	6	116	60	90	3	29	15	3055	0	0.04687190055847168	54400	25.217024564743042	47866	12.01102941176471	
106115605.12161025	90.0	3.31	37.99	19.65	12.548502624138747	544	101	90	5	87	45	90	3	29	15	3059	0	0.04687142372131348	54500	25.263895988464355	47953	12.012844036697246	
1.0724974992677332e+30	90.0	3.48	42.92	22.2	12.548502624138747	545	101	90	6	116	60	90	3	29	15	3066	0	0.031247854232788086	54600	25.295143842697144	48038	12.018315018315022	
3.553351423489991e+38	90.0	3.57	45.53	23.55	12.548502624138747	546	101	90	6	116	60	90	3	29	15	3070	0	0.03124833106994629	54700	25.32639217376709	48126	12.018281535648995	
1.2991206436723536e+25	90.0	3.49	43.21	22.35	12.548502624138747	547	101	90	5	87	45	90	3	29	15	3079	0	0.04687142372131348	54800	25.373263597488403	48213	12.020072992700719	
7.40254634828233e+35	90.0	3.59	46.11	23.85	12.548502624138747	548	101	90	5	87	45	90	3	29	15	3082	0	0.04687190055847168	54900	25.420135498046875	48307	12.009107468123858	
5.300372898993554e+37	90.0	3.67	48.43	25.05	12.548502624138747	549	101	90	6	116	60	90	3	29	15	3085	0	0.04687166213989258	55000	25.467007160186768	48400	12.0	
1.2694848102793189e+22	90.0	3.69	49.01	25.35	12.548502624138747	550	101	90	6	116	60	90	3	29	15	3093	0	0.04687237739562988	55100	25.513879537582397	48482	12.010889292195998	
5.4107979737344e+33	90.0	3.63	47.27	24.45	12.548502624138747	551	101	90	6	116	60	90	3	29	15	3098	0	0.031247377395629883	55200	25.545126914978027	48574	12.003623188405797	
5.246833777794344e+33	90.0	3.68	48.72	25.2	12.548502624138747	552	101	90	6	116	60	90	3	29	15	3100	0	0.04687237739562988	55300	25.591999292373657	48668	11.992766726943941	
1.3542299753850183e+40	90.0	3.78	51.62	26.7	12.548502624138747	553	101	90	6	116	60	90	3	29	15	3104	0	0.031247854232788086	55400	25.623247146606445	48757	11.99097472924187	
2.2542443986594124e+27	90.0	3.69	49.01	25.35	12.548502624138747	554	101	90	6	116	60	90	3	29	15	3113	0	0.031247377395629883	55500	25.654494524002075	48844	11.992792792792798	
9.137792466523466e+16	90.0	3.74	50.46	26.1	12.548502624138747	555	101	90	6	116	60	90	3	29	15	3120	0	0.031248092651367188	55600	25.685742616653442	48931	11.99460431654677	
1.0137622914976142e+20	90.0	3.55	44.95	23.25	12.548502624138747	556	101	90	6	116	60	90	3	29	15	3125	0	0.04687142372131348	55700	25.732614040374756	49019	11.99461400359067	
1.2775842615251968e+20	90.0	3.47	42.63	22.05	12.548502624138747	557	101	90	6	116	60	90	3	29	15	3132	0	0.031247854232788086	55800	25.763861894607544	49102	12.003584229390682	
692436196.8857712	90.0	3.52	44.08	22.8	12.548502624138747	558	101	90	5	87	45	90	3	29	15	3137	0	0.04687213897705078	55900	25.810734033584595	49191	12.001788908765647	
5.522084614965022e+19	90.0	3.47	42.63	22.05	12.548502624138747	559	101	90	6	116	60	90	3	29	15	3141	0	0.031247615814208984	56000	25.841981649398804	49280	12.0	
7.091074441943033e+19	90.0	3.59	46.11	23.85	12.548502624138747	560	101	90	5	87	45	90	3	29	15	3145	0	0.04687190055847168	56100	25.888853549957275	49372	11.992869875222809	
1.074415149248708e+20	90.0	3.65	47.85	24.75	12.548502624138747	561	101	90	6	116	60	90	3	29	15	3152	0	0.03124833106994629	56200	25.92010188102722	49456	12.0	
1.8217890147891165e+24	90.0	3.44	41.76	21.6	12.548502624138747	562	101	90	6	116	60	90	3	29	15	3159	0	0.04687142372131348	56300	25.966973304748535	49545	11.99822380106572	
1.0487416938031212e+18	90.0	3.45	42.05	21.75	12.548502624138747	563	101	90	6	116	60	90	3	29	15	3164	0	0.04688096046447754	56400	26.013854265213013	49633	11.998226950354606	
1.4532965196615032e+32	90.0	3.63	47.27	24.45	12.548502624138747	564	101	90	5	87	45	90	3	29	15	3170	0	0.04686260223388672	56500	26.0607168674469	49718	12.00353982300885	
6.550620716208019e+18	90.0	3.83	53.07	27.45	12.545435858805138	565	101	90	6	116	60	90	3	29	15	3178	0	0.04687166213989258	56600	26.107588529586792	49806	12.003533568904587	
3.6752488932849574e+26	90.0	3.73	50.17	25.95	12.545435858805138	566	101	90	6	116	60	90	3	29	15	3185	0	0.04687166213989258	56700	26.154460191726685	49896	12.0	
1.851998340997016e+37	90.0	3.74	50.46	26.1	12.545435858805138	567	101	90	6	116	60	90	3	29	15	3194	0	0.031247377395629883	56800	26.185707569122314	49980	12.00704225352112	
1.6135507712936487e+37	90.0	3.81	52.49	27.15	12.545435858805138	568	101	90	6	116	60	90	3	29	15	3202	0	0.06249642372131348	56900	26.248203992843628	50066	12.010544815465735	
4.8638367348749935e+19	90.0	3.89	54.81	28.35	12.545435858805138	569	101	90	5	87	45	90	3	29	15	3205	0	0.031247615814208984	57000	26.279451608657837	50159	12.001754385964915	
5.634175170084277e+17	90.0	3.86	53.94	27.9	12.545435858805138	570	101	90	6	116	60	90	3	29	15	3214	0	0.04687213897705078	57100	26.326323747634888	50247	12.001751313485116	
4.301146685727816e+33	90.0	3.93	55.97	28.95	12.545435858805138	571	101	90	6	116	60	90	3	29	15	3221	0	0.04687166213989258	57200	26.37319540977478	50338	11.996503496503493	
2.233018554008052e+37	90.0	3.85	53.65	27.75	12.545435858805138	572	101	90	5	87	45	90	3	29	15	3229	0	0.04687190055847168	57300	26.420067310333252	50429	11.991273996509605	
7.888791261781413e+36	90.0	3.92	55.68	28.8	12.545435858805138	573	101	90	6	116	60	90	3	29	15	3237	0	0.06249570846557617	57400	26.482563018798828	50519	11.987804878048777	
49608103556299.516	90.0	3.96	56.84	29.4	12.545435858805138	574	101	90	6	116	60	90	3	29	15	3247	0	0.04687213897705078	57500	26.52943515777588	50609	11.98434782608696	
1096932495957.2817	90.0	3.92	55.68	28.8	12.545435858805138	575	101	90	6	116	60	90	3	29	15	3255	0	0.04687166213989258	57600	26.57630681991577	50700	11.979166666666657	
6.021673919938671e+36	90.0	3.86	53.94	27.9	12.545435858805138	576	101	90	6	116	60	90	3	29	15	3263	0	0.06249547004699707	57700	26.63880228996277	50787	11.98093587521663	
8.313635099681453e+17	90.0	3.68	48.72	25.2	12.545435858805138	577	101	90	6	116	60	90	3	29	15	3271	0	0.04687142372131348	57800	26.685673713684082	50874	11.982698961937714	
1.0995837092159652e+22	90.0	3.62	46.98	24.3	12.545435858805138	578	101	90	6	116	60	90	3	29	15	3276	0	0.04687166213989258	57900	26.732545375823975	50962	11.982728842832472	
1.1553705083529892e+24	90.0	3.76	51.04	26.4	12.545435858805138	579	101	90	6	116	60	90	3	29	15	3285	0	0.04687166213989258	58000	26.779417037963867	51050	11.982758620689665	
9.54585243150865e+35	90.0	3.52	44.08	22.8	12.545435858805138	580	101	90	5	87	45	90	3	29	15	3293	0	0.04687213897705078	58100	26.826289176940918	51136	11.986230636833056	
2.938775557959184e+27	90.0	3.49	43.21	22.35	12.545435858805138	581	101	90	5	87	45	90	3	29	15	3296	0	0.031247854232788086	58200	26.857537031173706	51228	11.979381443298962	
2.0132608695872545e+19	90.0	3.49	43.21	22.35	12.545435858805138	582	101	90	5	87	45	90	3	29	15	3305	0	0.04687190055847168	58300	26.904408931732178	51315	11.981132075471706	
3.156797118154706e+34	90.0	3.61	46.69	24.15	12.545435858805138	583	101	90	5	87	45	90	3	29	15	3313	0	0.031248092651367188	58400	26.935657024383545	51402	11.982876712328775	
1.0377659381504268e+39	90.0	3.45	42.05	21.75	12.545435858805138	584	101	90	5	87	45	90	3	29	15	3317	0	0.04687166213989258	58500	26.982528686523438	51493	11.977777777777774	
8.234698623746814e+31	90.0	3.45	42.05	21.75	12.545435858805138	585	101	90	5	87	45	90	3	29	15	3327	0	0.04687213897705078	58600	27.02940082550049	51578	11.982935153583611	
4.612293269493813e+19	90.0	3.58	45.82	23.7	12.545435858805138	586	101	90	5	87	45	90	3	29	15	3333	0	0.04687166213989258	58700	27.07627248764038	51665	11.984667802385005	
2.613238269038628e+36	90.0	3.57	45.53	23.55	12.545435858805138	587	101	90	5	87	45	90	3	29	15	3334	0	0.04687166213989258	58800	27.123144149780273	51753	11.984693877551024	
1.3636164430830863e+23	90.0	3.55	44.95	23.25	12.545435858805138	588	101	90	5	87	45	90	3	29	15	3338	0	0.031247854232788086	58900	27.15439200401306	51847	11.974533106960948	
5505092821088.359	90.0	3.7	49.3	25.5	12.545435858805138	589	101	90	6	116	60	90	3	29	15	3346	0	0.04687166213989258	59000	27.201263666152954	51933	11.977966101694918	
9.687502208753326e+31	90.0	3.73	50.17	25.95	12.545435858805138	590	101	90	5	87	45	90	3	29	15	3351	0	0.06249594688415527	59100	27.26375961303711	52024	11.972927241962765	
5.166057056933397e+36	90.0	3.59	46.11	23.85	12.545435858805138	591	101	90	5	87	45	90	3	29	15	3354	0	0.031247615814208984	59200	27.29500722885132	52115	11.967905405405403	
1809061837.9627068	90.0	3.47	42.63	22.05	12.545435858805138	592	101	90	5	87	45	90	3	29	15	3358	0	0.04687166213989258	59300	27.34187889099121	52207	11.961214165261381	
1.1058687149370955e+17	90.0	3.55	44.95	23.25	12.545435858805138	593	101	90	5	87	45	90	3	29	15	3361	0	0.03124833106994629	59400	27.373127222061157	52299	11.954545454545453	
8.47177077077613e+34	90.0	3.59	46.11	23.85	12.545435858805138	594	101	90	6	116	60	90	3	29	15	3365	0	0.04687142372131348	59500	27.41999864578247	52389	11.951260504201684	
3622578779565851.0	90.0	3.55	44.95	23.25	12.545435858805138	595	101	90	5	87	45	90	3	29	15	3369	0	0.06249594688415527	59600	27.482494592666626	52483	11.941275167785236	
5.416385521052651e+27	90.0	3.63	47.27	24.45	12.545435858805138	596	101	90	5	87	45	90	3	29	15	3375	0	0.04687166213989258	59700	27.52936625480652	52568	11.94639865996649	
1.9953008867307136e+30	90.0	3.61	46.69	24.15	12.545435858805138	597	101	90	5	87	45	90	3	29	15	3382	0	0.04687213897705078	59800	27.57623839378357	52654	11.949832775919731	
2.7371876956622738e+41	90.0	3.58	45.82	23.7	12.545435858805138	598	101	90	6	116	60	90	3	29	15	3390	0	0.04687142372131348	59900	27.623109817504883	52741	11.951585976627712	
5.246473536516189e+27	90.0	3.55	44.95	23.25	12.545435858805138	599	101	90	6	116	60	90	3	29	15	3396	0	0.031247854232788086	60000	27.65435767173767	52829	11.951666666666668	
1.4510767121490334e+29	90.0	3.65	47.85	24.75	12.545435858805138	600	101	90	6	116	60	90	3	29	15	3402	0	0.031248092651367188	60100	27.685605764389038	52919	11.94841930116472	
1.7868256039863733e+34	90.0	3.65	47.85	24.75	12.545435858805138	601	101	90	6	116	60	90	3	29	15	3409	0	0.031247615814208984	60200	27.716853380203247	53010	11.943521594684384	
1.2682346550582576e+33	90.0	3.71	49.59	25.65	12.545435858805138	602	101	90	5	87	45	90	3	29	15	3413	0	0.06249570846557617	60300	27.779349088668823	53103	11.93532338308458	
2.0894733542092353e+24	90.0	3.77	51.33	26.55	12.545435858805138	603	101	90	5	87	45	90	3	29	15	3422	0	0.031248092651367188	60400	27.81059718132019	53191	11.935430463576154	
9.953892557989708e+38	90.0	3.9	55.1	28.5	12.545435858805138	604	101	90	6	116	60	90	3	29	15	3426	0	0.06249570846557617	60500	27.873092889785767	53282	11.930578512396693	
1.8256695652199065e+39	90.0	3.76	51.04	26.4	12.545435858805138	605	101	90	6	116	60	90	3	29	15	3435	0	0.031248092651367188	60600	27.904340982437134	53368	11.93399339933994	
2.701868658510693e+40	90.0	3.68	48.72	25.2	12.545435858805138	606	101	90	6	116	60	90	3	29	15	3442	0	0.046871185302734375	60700	27.951212167739868	53457	11.932454695222404	
1.8320514744495475e+22	90.0	3.65	47.85	24.75	12.545435858805138	607	101	90	6	116	60	90	3	29	15	3446	0	0.04687213897705078	60800	27.99808430671692	53547	11.929276315789465	
2.5192781797150185e+23	90.0	3.43	41.47	21.45	12.545435858805138	608	101	90	6	116	60	90	3	29	15	3459	0	0.04687190055847168	60900	28.04495620727539	53620	11.954022988505756	
5.017600000000073e+39	90.0	3.39	40.31	20.85	12.545435858805138	609	101	90	5	87	45	90	3	29	15	3462	0	0.04687142372131348	61000	28.091827630996704	53703	11.962295081967213	
2.384159303942959e+32	90.0	3.35	39.15	20.25	12.545435858805138	610	101	90	5	87	45	90	3	29	15	3467	0	0.031248092651367188	61100	28.12307572364807	53789	11.965630114566281	
2.617464765488691e+30	90.0	3.4	40.6	21.0	12.545435858805138	611	101	90	6	116	60	90	3	29	15	3473	0	0.031247615814208984	61200	28.15432333946228	53878	11.964052287581694	
2.898810779007863e+40	90.0	3.31	37.99	19.65	12.545435858805138	612	101	90	5	87	45	90	3	29	15	3482	0	0.031248092651367188	61300	28.185571432113647	53961	11.972267536704734	
1.7300774630095014e+27	90.0	3.32	38.28	19.8	12.545435858805138	613	101	90	6	116	60	90	3	29	15	3484	0	0.03124833106994629	61400	28.216819763183594	54054	11.964169381107496	
4.69225578705988e+28	90.0	3.5	43.5	22.5	12.545435858805138	614	101	90	6	116	60	90	3	29	15	3494	0	0.04687142372131348	61500	28.263691186904907	54136	11.973983739837408	
1.834399915689668e+35	90.0	3.35	39.15	20.25	12.545435858805138	615	101	90	5	87	45	90	3	29	15	3499	0	0.04687166213989258	61600	28.3105628490448	54223	11.975649350649348	
1.9094846843826573e+19	90.0	3.24	35.96	18.6	12.545435858805138	616	101	90	5	87	45	90	3	29	15	3503	0	0.031247854232788086	61700	28.341810703277588	54314	11.970826580226898	
20486662716775.883	90.0	3.47	42.63	22.05	12.545435858805138	617	101	90	5	87	45	90	3	29	15	3507	0	0.04687166213989258	61800	28.38868236541748	54404	11.967637540453083	
1548571678.372125	90.0	3.41	40.89	21.15	12.545435858805138	618	101	90	6	116	60	90	3	29	15	3507	0	0.031247854232788086	61900	28.41993021965027	54497	11.959612277867521	
1.98647395153943e+20	90.0	3.38	40.02	20.7	12.545435858805138	619	101	90	5	87	45	90	3	29	15	3510	0	0.04687213897705078	62000	28.46680235862732	54588	11.954838709677418	
8.34925584086745e+21	90.0	3.35	39.15	20.25	12.545435858805138	620	101	90	5	87	45	90	3	29	15	3516	0	0.04687190055847168	62100	28.51367425918579	54678	11.951690821256037	
1.1743680133137338e+37	90.0	3.37	39.73	20.55	12.545435858805138	621	101	90	5	87	45	90	3	29	15	3519	0	0.031247615814208984	62200	28.544921875	54764	11.954983922829584	
9832765304.1563	90.0	3.21	35.09	18.15	12.545435858805138	622	101	90	5	87	45	90	3	29	15	3521	0	0.03124833106994629	62300	28.576170206069946	54853	11.953451043338674	
1.949726832456488e+22	90.0	3.34	38.86	20.1	12.545435858805138	623	101	90	5	87	45	90	3	29	15	3527	0	0.046871185302734375	62400	28.62304139137268	54941	11.953525641025635	
3.0699825000004224e+22	90.0	3.37	39.73	20.55	12.545435858805138	624	101	90	6	116	60	90	3	29	15	3532	0	0.04687237739562988	62500	28.66991376876831	55026	11.958399999999997	
2040114831.51338	90.0	3.48	42.92	22.2	12.545435858805138	625	101	90	6	116	60	90	3	29	15	3537	0	0.03124856948852539	62600	28.701162338256836	55113	11.960063897763575	
4.0008798716572064e+33	90.0	3.53	44.37	22.95	12.545435858805138	626	101	90	6	116	60	90	3	29	15	3545	0	0.04687047004699707	62700	28.748032808303833	55198	11.964912280701753	
2.098409845697448e+29	90.0	3.55	44.95	23.25	12.545435858805138	627	101	90	6	116	60	90	3	29	15	3554	0	0.04687166213989258	62800	28.794904470443726	55284	11.968152866242036	
1.1395299806422066e+26	90.0	3.42	41.18	21.3	12.545435858805138	628	101	90	6	116	60	90	3	29	15	3565	0	0.031248092651367188	62900	28.826152563095093	55364	11.980922098569152	
1075237590.912784	90.0	3.49	43.21	22.35	12.545435858805138	629	101	90	6	116	60	90	3	29	15	3573	0	0.04687190055847168	63000	28.873024463653564	55451	11.98253968253968	
1.7864285235604512e+17	90.0	3.62	46.98	24.3	12.545435858805138	630	101	90	5	87	45	90	3	29	15	3580	0	0.04687190055847168	63100	28.919896364212036	55539	11.98256735340729	
1.3613556277218295e+30	90.0	3.58	45.82	23.7	12.545435858805138	631	101	90	6	116	60	90	3	29	15	3590	0	0.031247377395629883	63200	28.951143741607666	55624	11.987341772151893	
2.2004507606379958e+17	90.0	3.61	46.69	24.15	12.545435858805138	632	101	90	5	87	45	90	3	29	15	3602	0	0.04687213897705078	63300	28.998015880584717	55707	11.99526066350711	
2.941276614503923e+19	90.0	3.71	49.59	25.65	12.545435858805138	633	101	90	6	116	60	90	3	29	15	3609	0	0.04687190055847168	63400	29.04488778114319	55798	11.99053627760253	
2.996991653335295e+29	90.0	3.85	53.65	27.75	12.545435858805138	634	101	90	6	116	60	90	3	29	15	3617	0	0.04687190055847168	63500	29.09175968170166	55889	11.985826771653535	
1.4425734477796898e+37	90.0	3.7	49.3	25.5	12.545435858805138	635	101	90	6	116	60	90	3	29	15	3629	0	0.04687166213989258	63600	29.138631343841553	55973	11.992138364779876	
2.9572892632733194e+22	90.0	3.73	50.17	25.95	12.545435858805138	636	101	90	6	116	60	90	3	29	15	3635	0	0.06249570846557617	63700	29.20112705230713	56062	11.990580847723706	
6.257022772247215e+31	90.0	3.66	48.14	24.9	12.545435858805138	637	101	90	6	116	60	90	3	29	15	3647	0	0.04687166213989258	63800	29.24799871444702	56145	11.998432601880879	
5.8210939135429845e+25	90.0	3.63	47.27	24.45	12.545435858805138	638	101	90	6	116	60	90	3	29	15	3654	0	0.031247854232788086	63900	29.27924656867981	56234	11.996870109546165	
18161399535.995796	90.0	3.48	42.92	22.2	12.545435858805138	639	101	90	5	87	45	90	3	29	15	3659	0	0.04687190055847168	64000	29.32611846923828	56316	12.006249999999994	
7.313321397823852e+38	90.0	3.45	42.05	21.75	12.545435858805138	640	101	90	6	116	60	90	3	29	15	3664	0	0.04687166213989258	64100	29.372990131378174	56407	12.00156006240249	
1.1106515957446975e+27	90.0	3.56	45.24	23.4	12.545435858805138	641	101	90	5	87	45	90	3	29	15	3671	0	0.031247615814208984	64200	29.404237747192383	56491	12.007788161993773	
9.08115152189963e+33	90.0	3.54	44.66	23.1	12.545435858805138	642	101	90	6	116	60	90	3	29	15	3679	0	0.04687237739562988	64300	29.451110124588013	56579	12.007776049766719	
5.845462449087031e+40	90.0	3.75	50.75	26.25	12.545435858805138	643	101	90	6	116	60	90	3	29	15	3683	0	0.04687142372131348	64400	29.497981548309326	56671	12.00155279503106	
1.1652383116856e+26	90.0	3.67	48.43	25.05	12.545435858805138	644	101	90	6	116	60	90	3	29	15	3692	0	0.031248092651367188	64500	29.529229640960693	56758	12.0031007751938	
7.354129218302046e+28	90.0	3.73	50.17	25.95	12.545435858805138	645	101	90	6	116	60	90	3	29	15	3697	0	0.03124713897705078	64600	29.560476779937744	56848	12.0	
4.23598449889795e+28	90.0	3.68	48.72	25.2	12.545435858805138	646	101	90	6	116	60	90	3	29	15	3704	0	0.04687237739562988	64700	29.607349157333374	56938	11.996908809891806	
62938975761182.266	90.0	3.56	45.24	23.4	12.545435858805138	647	101	90	5	87	45	90	3	29	15	3710	0	0.03124833106994629	64800	29.63859748840332	57024	12.0	
1.1073607731258069e+23	90.0	3.56	45.24	23.4	12.545435858805138	648	101	90	6	116	60	90	3	29	15	3716	0	0.031247615814208984	64900	29.66984510421753	57110	12.003081664098616	
2.4046406996400015e+41	90.0	3.78	51.62	26.7	12.545435858805138	649	101	90	6	116	60	90	3	29	15	3726	0	0.062496185302734375	65000	29.732341289520264	57195	12.00769230769231	
1.1753254162260158e+38	90.0	3.72	49.88	25.8	12.545435858805138	650	101	90	6	116	60	90	3	29	15	3736	0	0.046871185302734375	65100	29.779212474822998	57282	12.009216589861751	
1.5595556867607141e+31	90.0	3.94	56.26	29.1	12.545435858805138	651	101	90	6	116	60	90	3	29	15	3745	0	0.04687190055847168	65200	29.82608437538147	57366	12.015337423312886	
5.895223025820302e+39	90.0	3.72	49.88	25.8	12.545435858805138	652	101	90	6	116	60	90	3	29	15	3751	0	0.04687142372131348	65300	29.872955799102783	57454	12.015313935681476	
6.834650109172463e+30	90.0	3.49	43.21	22.35	12.545435858805138	653	101	90	5	87	45	90	3	29	15	3758	0	0.04687190055847168	65400	29.919827699661255	57540	12.018348623853214	
7.181179490672831e+18	90.0	3.27	36.83	19.05	12.545435858805138	654	101	90	6	116	60	90	3	29	15	3763	0	0.031247615814208984	65500	29.951075315475464	57628	12.018320610687027	
2.124824159839853e+32	90.0	3.36	39.44	20.4	12.545435858805138	655	101	90	6	116	60	90	3	29	15	3771	0	0.04687166213989258	65600	29.997946977615356	57709	12.028963414634148	
112373798108894.55	90.0	3.48	42.92	22.2	12.545435858805138	656	101	90	6	116	60	90	3	29	15	3781	0	0.03124856948852539	65700	30.029195547103882	57793	12.035007610350078	
2.034043767186571e+25	90.0	3.48	42.92	22.2	12.545435858805138	657	101	90	6	116	60	90	3	29	15	3790	0	0.04687166213989258	65800	30.076067209243774	57880	12.036474164133736	
8.796572076679269e+27	90.0	3.41	40.89	21.15	12.545435858805138	658	101	90	6	116	60	90	3	29	15	3798	0	0.04687190055847168	65900	30.122939109802246	57966	12.039453717754185	
14091588473040.4	90.0	3.37	39.73	20.55	12.545435858805138	659	101	90	5	87	45	90	3	29	15	3803	0	0.031247377395629883	66000	30.154186487197876	58053	12.040909090909096	
4.915735094817073e+28	90.0	3.44	41.76	21.6	12.545435858805138	660	101	90	6	116	60	90	3	29	15	3807	0	0.04687166213989258	66100	30.20105814933777	58138	12.04538577912254	
5.320022125070118e+30	90.0	3.13	32.77	16.95	12.545435858805138	661	101	90	5	87	45	90	3	29	15	3812	0	0.03124833106994629	66200	30.232306480407715	58225	12.046827794561935	
1.0471853477975731e+24	90.0	3.16	33.64	17.4	12.545435858805138	662	101	90	5	87	45	90	3	29	15	3815	0	0.031247854232788086	66300	30.263554334640503	58314	12.045248868778273	
4.8616358321539516e+26	90.0	3.24	35.96	18.6	12.545435858805138	663	101	90	5	87	45	90	3	29	15	3823	0	0.04687190055847168	66400	30.310426235198975	58398	12.051204819277103	
3.53463983079269e+21	90.0	3.19	34.51	17.85	12.545435858805138	664	101	90	5	87	45	90	3	29	15	3827	0	0.031247854232788086	66500	30.341674089431763	58482	12.05714285714285	
5315683063897.293	90.0	3.24	35.96	18.6	12.545435858805138	665	101	90	6	116	60	90	3	29	15	3835	0	0.031247615814208984	66600	30.37292170524597	58569	12.058558558558559	
4.839820059083328e+24	90.0	3.32	38.28	19.8	12.545435858805138	666	101	90	5	87	45	90	3	29	15	3841	0	0.03124833106994629	66700	30.404170036315918	58655	12.061469265367322	
7.235288609259507e+39	90.0	3.27	36.83	19.05	12.545435858805138	667	101	90	5	87	45	90	3	29	15	3844	0	0.04687142372131348	66800	30.45104146003723	58741	12.064371257485035	
1.1747464129302561e+30	90.0	3.35	39.15	20.25	12.545435858805138	668	101	90	6	116	60	90	3	29	15	3850	0	0.04687166213989258	66900	30.497913122177124	58830	12.062780269058294	
3.201035587248072e+26	90.0	3.4	40.6	21.0	12.545435858805138	669	101	90	6	116	60	90	3	29	15	3855	0	0.031248092651367188	67000	30.52916121482849	58919	12.06119402985074	
7.984282912249341e+25	90.0	3.34	38.86	20.1	12.545435858805138	670	101	90	5	87	45	90	3	29	15	3861	0	0.04687213897705078	67100	30.576033353805542	59005	12.064083457526081	
9.723131443414124e+24	90.0	3.48	42.92	22.2	12.545435858805138	671	101	90	6	116	60	90	3	29	15	3865	0	0.04687142372131348	67200	30.622904777526855	59093	12.063988095238102	
2.1994534724378213e+27	90.0	3.43	41.47	21.45	12.545435858805138	672	101	90	5	87	45	90	3	29	15	3867	0	0.031247854232788086	67300	30.654152631759644	59182	12.062407132243678	
2.4055286263754666e+17	90.0	3.43	41.47	21.45	12.545435858805138	673	101	90	6	116	60	90	3	29	15	3870	0	0.031247854232788086	67400	30.68540048599243	59273	12.05786350148368	
1.2561077129283725e+19	90.0	3.43	41.47	21.45	12.545435858805138	674	101	90	5	87	45	90	3	29	15	3874	0	0.04687166213989258	67500	30.732272148132324	59361	12.057777777777773	
4.941740006465046e+20	90.0	3.57	45.53	23.55	12.545435858805138	675	101	90	5	87	45	90	3	29	15	3881	0	0.04687190055847168	67600	30.779144048690796	59448	12.059171597633139	
9.824588723527752e+34	90.0	3.69	49.01	25.35	12.545435858805138	676	101	90	5	87	45	90	3	29	15	3886	0	0.031248092651367188	67700	30.810392141342163	59536	12.059084194977842	
1.3908873957921051e+26	90.0	3.63	47.27	24.45	12.545435858805138	677	101	90	6	116	60	90	3	29	15	3889	0	0.04687190055847168	67800	30.857264041900635	59631	12.048672566371678	
4.629626354166678e+29	90.0	3.75	50.75	26.25	12.545435858805138	678	101	90	6	116	60	90	3	29	15	3894	0	0.04687142372131348	67900	30.90413546562195	59724	12.041237113402062	
228178648972958.03	90.0	3.59	46.11	23.85	12.545435858805138	679	101	90	6	116	60	90	3	29	15	3901	0	0.031247854232788086	68000	30.935383319854736	59812	12.041176470588226	
1.1310108124579336e+23	90.0	3.6	46.4	24.0	12.545435858805138	680	101	90	6	116	60	90	3	29	15	3907	0	0.031247854232788086	68100	30.966631174087524	59903	12.036710719530106	
7.569775510483455e+45	90.0	3.52	44.08	22.8	12.545435858805138	681	101	90	6	116	60	90	3	29	15	3916	0	0.04687190055847168	68200	31.013503074645996	59989	12.039589442815242	
2.4901808551639084e+29	90.0	3.51	43.79	22.65	12.545435858805138	682	101	90	6	116	60	90	3	29	15	3922	0	0.04687166213989258	68300	31.06037473678589	60077	12.03953147877013	
270062000.34375435	90.0	3.57	45.53	23.55	12.545435858805138	683	101	90	5	87	45	90	3	29	15	3930	0	0.04687213897705078	68400	31.10724687576294	60164	12.040935672514621	
2.19305317555179e+25	90.0	3.53	44.37	22.95	12.545435858805138	684	101	90	5	87	45	90	3	29	15	3937	0	0.031247377395629883	68500	31.13849425315857	60254	12.037956204379569	
1.018679922721016e+23	90.0	3.44	41.76	21.6	12.545435858805138	685	101	90	5	87	45	90	3	29	15	3940	0	0.031247854232788086	68600	31.169742107391357	60348	12.029154518950435	
2.132426338345623e+25	90.0	3.59	46.11	23.85	12.545435858805138	686	101	90	5	87	45	90	3	29	15	3946	0	0.04687190055847168	68700	31.21661400794983	60436	12.02911208151383	
1.4733594149260413e+26	90.0	3.68	48.72	25.2	12.545435858805138	687	101	90	6	116	60	90	3	29	15	3952	0	0.04687190055847168	68800	31.2634859085083	60527	12.02470930232559	
842590819.2911174	90.0	3.73	50.17	25.95	12.545435858805138	688	101	90	5	87	45	90	3	29	15	3959	0	0.03124713897705078	68900	31.29473304748535	60610	12.03193033381713	
5992829662911156.0	90.0	3.63	47.27	24.45	12.545435858805138	689	101	90	6	116	60	90	3	29	15	3964	0	0.046872615814208984	69000	31.34160566329956	60701	12.027536231884056	
6.746419099897516e+27	90.0	3.67	48.43	25.05	12.545435858805138	690	101	90	6	116	60	90	3	29	15	3971	0	0.031247854232788086	69100	31.37285351753235	60790	12.0260492040521	
1.5147474867066447e+20	90.0	3.53	44.37	22.95	12.545435858805138	691	101	90	5	87	45	90	3	29	15	3981	0	0.01562356948852539	69200	31.388477087020874	60873	12.03323699421965	
125672170087395.27	90.0	3.28	37.12	19.2	12.545435858805138	692	101	90	5	87	45	90	3	29	15	3987	0	0.04687213897705078	69300	31.435349225997925	60958	12.03751803751804	
1.3651256678104428e+16	90.0	3.24	35.96	18.6	12.545435858805138	693	101	90	5	87	45	90	3	29	15	3994	0	0.03124833106994629	69400	31.46659755706787	61042	12.043227665706041	
8.853996945059135e+28	90.0	3.2	34.8	18.0	12.545435858805138	694	101	90	6	116	60	90	3	29	15	3998	0	0.04687142372131348	69500	31.513468980789185	61130	12.043165467625911	
3.155999650520704e+27	90.0	3.22	35.38	18.3	12.545435858805138	695	101	90	5	87	45	90	3	29	15	4004	0	0.031247854232788086	69600	31.544716835021973	61218	12.043103448275858	
3.13007247530954e+18	90.0	3.12	32.48	16.8	12.545435858805138	696	101	90	4	58	30	90	3	29	15	4008	0	0.031248092651367188	69700	31.57596492767334	61304	12.045911047345768	
1.3471299358461483e+29	90.0	3.27	36.83	19.05	12.545435858805138	697	101	90	5	87	45	90	3	29	15	4013	0	0.046871185302734375	69800	31.622836112976074	61382	12.06017191977078	
3.513840000001054e+32	90.0	3.31	37.99	19.65	12.545435858805138	698	101	90	5	87	45	90	3	29	15	4018	0	0.031247854232788086	69900	31.654083967208862	61470	12.060085836909877	
131750986933612.62	90.0	3.3	37.7	19.5	12.545435858805138	699	101	90	5	87	45	90	3	29	15	4020	0	0.031247854232788086	70000	31.68533182144165	61556	12.06285714285714	
984701195.6665068	90.0	3.18	34.22	17.7	12.545435858805138	700	101	90	5	87	45	90	3	29	15	4026	0	0.04687166213989258	70100	31.732203483581543	61644	12.062767475035656	
7.400548360099874e+18	90.0	3.23	35.67	18.45	12.545435858805138	701	101	90	5	87	45	90	3	29	15	4028	0	0.03124833106994629	70200	31.76345181465149	61733	12.061253561253565	
1.991612903231069e+19	90.0	3.29	37.41	19.35	12.545435858805138	702	101	90	5	87	45	90	3	29	15	4036	0	0.031247615814208984	70300	31.7946994304657	61820	12.062588904694167	
3.444516215437605e+17	90.0	3.34	38.86	20.1	12.545435858805138	703	101	90	5	87	45	90	3	29	15	4041	0	0.04687190055847168	70400	31.84157133102417	61911	12.05823863636364	
1891857448533451.5	90.0	3.4	40.6	21.0	12.545435858805138	704	101	90	5	87	45	90	3	29	15	4048	0	0.04687166213989258	70500	31.888442993164062	61996	12.062411347517738	
9189395819974.68	90.0	3.36	39.44	20.4	12.545435858805138	705	101	90	5	87	45	90	3	29	15	4054	0	0.04687166213989258	70600	31.935314655303955	62081	12.066572237960344	
4100365842453852.0	90.0	3.48	42.92	22.2	12.545435858805138	706	101	90	5	87	45	90	3	29	15	4059	0	0.031248092651367188	70700	31.966562747955322	62172	12.062234794908065	
4.0598280117076803e+30	90.0	3.63	47.27	24.45	12.545435858805138	707	101	90	5	87	45	90	3	29	15	4065	0	0.031247615814208984	70800	31.99781036376953	62259	12.063559322033896	
665373258.4954542	90.0	3.57	45.53	23.55	12.545435858805138	708	101	90	5	87	45	90	3	29	15	4072	0	0.03124833106994629	70900	32.02905869483948	62348	12.0620592383639	
1.438013896466082e+30	90.0	3.55	44.95	23.25	12.545435858805138	709	101	90	6	116	60	90	3	29	15	4081	0	0.031247615814208984	71000	32.06030631065369	62436	12.061971830985925	
317328070.3273498	90.0	3.4	40.6	21.0	12.545435858805138	710	101	90	5	87	45	90	3	29	15	4085	0	0.031247615814208984	71100	32.091553926467896	62526	12.059071729957807	
1.55873455113638e+26	90.0	3.45	42.05	21.75	12.545435858805138	711	101	90	5	87	45	90	3	29	15	4087	0	0.04687190055847168	71200	32.13842582702637	62617	12.05477528089888	
4.876144462238389e+40	90.0	3.56	45.24	23.4	12.545435858805138	712	101	90	5	87	45	90	3	29	15	4095	0	0.04687237739562988	71300	32.185298204422	62704	12.056100981767187	
2.4943044463516212e+25	90.0	3.63	47.27	24.45	12.545435858805138	713	101	90	5	87	45	90	3	29	15	4106	0	0.046871185302734375	71400	32.23216938972473	62786	12.06442577030812	
1.1860203697302872e+41	90.0	3.48	42.92	22.2	12.545435858805138	714	101	90	5	87	45	90	3	29	15	4110	0	0.04687166213989258	71500	32.279041051864624	62873	12.065734265734264	
2202391360.647383	90.0	3.43	41.47	21.45	12.545435858805138	715	101	90	5	87	45	90	3	29	15	4113	0	0.04687213897705078	71600	32.325913190841675	62966	12.058659217877093	
8.386874300010704e+19	90.0	3.43	41.47	21.45	12.545435858805138	716	101	90	5	87	45	90	3	29	15	4118	0	0.03124856948852539	71700	32.3571617603302	63055	12.057182705718276	
3.918508936400369e+38	90.0	3.37	39.73	20.55	12.545435858805138	717	101	90	5	87	45	90	3	29	15	4121	0	0.031247377395629883	71800	32.38840913772583	63146	12.052924791086355	
1.302607058866563e+24	90.0	3.5	43.5	22.5	12.545435858805138	718	101	90	5	87	45	90	3	29	15	4122	0	0.04687142372131348	71900	32.435280561447144	63243	12.040333796940189	
1.1119368861189626e+24	90.0	3.48	42.92	22.2	12.545435858805138	719	101	90	5	87	45	90	3	29	15	4126	0	0.031247854232788086	72000	32.46652841567993	63330	12.041666666666657	
3.046506675399109e+26	90.0	3.49	43.21	22.35	12.545435858805138	720	101	90	6	116	60	90	3	29	15	4131	0	0.031247854232788086	72100	32.49777626991272	63421	12.037447988904304	
5.097008887454404e+24	90.0	3.35	39.15	20.25	12.494005981706998	721	101	90	6	116	60	90	3	29	15	4137	0	0.04687166213989258	72200	32.54464793205261	63506	12.041551246537395	
1.56356240246349e+30	90.0	3.21	35.09	18.15	12.494005981706998	722	101	90	5	87	45	90	3	29	15	4142	0	0.03124856948852539	72300	32.57589650154114	63593	12.042876901798067	
4.205994868251326e+30	90.0	3.41	40.89	21.15	12.494005981706998	723	101	90	5	87	45	90	3	29	15	4148	0	0.031247377395629883	72400	32.60714387893677	63681	12.042817679558013	
6.211527703832434e+38	90.0	3.48	42.92	22.2	12.494005981706998	724	101	90	6	116	60	90	3	29	15	4153	0	0.04687190055847168	72500	32.65401577949524	63768	12.044137931034484	
1.5360000000070347e+23	90.0	3.38	40.02	20.7	12.465919570981477	725	101	90	5	87	45	90	3	29	15	4154	0	0.015624046325683594	72600	32.66963982582092	63858	12.04132231404958	
8.618549792752523e+20	90.0	3.41	40.89	21.15	12.465919570981477	726	101	90	5	87	45	90	3	29	15	4159	0	0.04687166213989258	72700	32.716511487960815	63942	12.046767537826682	
1.6003343175292733e+17	90.0	3.46	42.34	21.9	12.465919570981477	727	101	90	5	87	45	90	3	29	15	4160	0	0.04687166213989258	72800	32.76338315010071	64035	12.039835164835168	
94686444.04262987	90.0	3.43	41.47	21.45	12.465919570981477	728	101	90	5	87	45	90	3	29	15	4164	0	0.031247615814208984	72900	32.79463076591492	64124	12.03840877914952	
1.2375000000137013e+25	90.0	3.54	44.66	23.1	12.465919570981477	729	101	90	5	87	45	90	3	29	15	4169	0	0.03124833106994629	73000	32.82587909698486	64209	12.042465753424665	
1.3900527597611013e+34	90.0	3.53	44.37	22.95	12.465919570981477	730	101	90	5	87	45	90	3	29	15	4175	0	0.046871185302734375	73100	32.8727502822876	64297	12.042407660738718	
2.7621176927938007e+19	90.0	3.52	44.08	22.8	12.465919570981477	731	101	90	5	87	45	90	3	29	15	4181	0	0.04687213897705078	73200	32.91962242126465	64385	12.042349726775953	
1.8101531226966031e+25	90.0	3.38	40.02	20.7	12.465919570981477	732	101	90	5	87	45	90	3	29	15	4183	0	0.031247854232788086	73300	32.95087027549744	64474	12.040927694406548	
3.586977040823738e+26	90.0	3.38	40.02	20.7	12.465919570981477	733	101	90	5	87	45	90	3	29	15	4186	0	0.04687190055847168	73400	32.99774217605591	64567	12.034059945504083	
2.550250896335259e+38	90.0	3.44	41.76	21.6	12.465919570981477	734	101	90	5	87	45	90	3	29	15	4190	0	0.04687166213989258	73500	33.0446138381958	64659	12.02857142857144	
9.966970091733724e+40	90.0	3.54	44.66	23.1	12.465919570981477	735	101	90	5	87	45	90	3	29	15	4195	0	0.031247854232788086	73600	33.07586169242859	64751	12.023097826086953	
4.244266733491111e+34	90.0	3.56	45.24	23.4	12.465919570981477	736	101	90	5	87	45	90	3	29	15	4202	0	0.04687190055847168	73700	33.12273359298706	64833	12.031207598371779	
1.8855107600934623e+25	90.0	3.43	41.47	21.45	12.465919570981477	737	101	90	5	87	45	90	3	29	15	4208	0	0.031247854232788086	73800	33.15398144721985	64920	12.03252032520325	
1.122496331675422e+38	90.0	3.35	39.15	20.25	12.465919570981477	738	101	90	4	58	30	90	3	29	15	4217	0	0.04687190055847168	73900	33.20085334777832	65005	12.036535859269279	
1.15845756785857e+35	90.0	3.4	40.6	21.0	12.465919570981477	739	101	90	5	87	45	90	3	29	15	4223	0	0.04687142372131348	74000	33.247724771499634	65092	12.037837837837841	
3.9312062371291066e+23	90.0	3.33	38.57	19.95	12.465919570981477	740	101	90	5	87	45	90	3	29	15	4228	0	0.031247854232788086	74100	33.27897262573242	65182	12.035087719298247	
1.984592655634706e+29	90.0	3.34	38.86	20.1	12.465919570981477	741	101	90	5	87	45	90	3	29	15	4233	0	0.03124833106994629	74200	33.31022095680237	65269	12.03638814016172	
1.8797814940732716e+22	90.0	3.41	40.89	21.15	12.465919570981477	742	101	90	5	87	45	90	3	29	15	4238	0	0.04687166213989258	74300	33.35709261894226	65356	12.037685060565266	
1.2629045576205171e+21	90.0	3.45	42.05	21.75	12.465919570981477	743	101	90	5	87	45	90	3	29	15	4242	0	0.04687237739562988	74400	33.40396499633789	65449	12.030913978494624	
8.575003344251784e+31	90.0	3.34	38.86	20.1	12.465919570981477	744	101	90	5	87	45	90	3	29	15	4247	0	0.046871185302734375	74500	33.450836181640625	65535	12.033557046979865	
8.575000011833999e+25	90.0	3.37	39.73	20.55	12.465919570981477	745	101	90	5	87	45	90	3	29	15	4252	0	0.031248807907104492	74600	33.48208498954773	65623	12.03351206434317	
2.757651773857327e+19	90.0	3.51	43.79	22.65	12.465919570981477	746	101	90	6	116	60	90	3	29	15	4257	0	0.04687094688415527	74700	33.528955936431885	65714	12.029451137884877	
6.09538092961241e+36	90.0	3.51	43.79	22.65	12.465919570981477	747	101	90	5	87	45	90	3	29	15	4265	0	0.04687213897705078	74800	33.575828075408936	65802	12.029411764705884	
1.6358083125445502e+23	90.0	3.44	41.76	21.6	12.465919570981477	748	101	90	5	87	45	90	3	29	15	4274	0	0.04687166213989258	74900	33.62269973754883	65885	12.036048064085449	
3.5819212688542535e+28	90.0	3.5	43.5	22.5	12.465919570981477	749	101	90	6	116	60	90	3	29	15	4280	0	0.031247854232788086	75000	33.653947591781616	65972	12.037333333333336	
1.0115600855228104e+28	90.0	3.55	44.95	23.25	12.465919570981477	750	101	90	5	87	45	90	3	29	15	4281	0	0.031247377395629883	75100	33.685194969177246	66066	12.029294274300923	
1.758566004457267e+30	90.0	3.63	47.27	24.45	12.465919570981477	751	101	90	5	87	45	90	3	29	15	4286	0	0.04687237739562988	75200	33.732067346572876	66152	12.031914893617028	
4.0690880933149264e+32	90.0	3.64	47.56	24.6	12.465919570981477	752	101	90	6	116	60	90	3	29	15	4293	0	0.04687142372131348	75300	33.77893877029419	66240	12.031872509960166	
551851903.6907309	90.0	3.57	45.53	23.55	12.465919570981477	753	101	90	5	87	45	90	3	29	15	4299	0	0.031248092651367188	75400	33.81018686294556	66323	12.038461538461547	
107138812788038.55	90.0	3.51	43.79	22.65	12.465919570981477	754	101	90	5	87	45	90	3	29	15	4300	0	0.04687142372131348	75500	33.85705828666687	66419	12.027814569536417	
8.836314741495375e+35	90.0	3.57	45.53	23.55	12.465919570981477	755	101	90	6	116	60	90	3	29	15	4312	0	0.04687213897705078	75600	33.90393042564392	66502	12.034391534391531	
1.7365140992129844e+30	90.0	3.47	42.63	22.05	12.465919570981477	756	101	90	6	116	60	90	3	29	15	4323	0	0.04687142372131348	75700	33.950801849365234	66586	12.039630118890358	
7.157861161855545e+32	90.0	3.58	45.82	23.7	12.465919570981477	757	101	90	6	116	60	90	3	29	15	4328	0	0.04687190055847168	75800	33.997673749923706	66676	12.036939313984178	
2.294404800187677e+37	90.0	3.44	41.76	21.6	12.465919570981477	758	101	90	5	87	45	90	3	29	15	4333	0	0.031247854232788086	75900	34.028921604156494	66762	12.039525691699609	
1.992787034560582e+34	90.0	3.61	46.69	24.15	12.465919570981477	759	101	90	6	116	60	90	3	29	15	4338	0	0.046872615814208984	76000	34.0757942199707	66851	12.038157894736841	
9.04824987190446e+28	90.0	3.35	39.15	20.25	12.465919570981477	760	101	90	6	116	60	90	3	29	15	4346	0	0.03124690055847168	76100	34.107041120529175	66934	12.044678055190545	
6.481027667416771e+34	90.0	3.34	38.86	20.1	12.465919570981477	761	101	90	5	87	45	90	3	29	15	4352	0	0.03124833106994629	76200	34.13828945159912	67022	12.044619422572183	
2.8185434354058213e+29	90.0	3.28	37.12	19.2	12.465919570981477	762	101	90	5	87	45	90	3	29	15	4358	0	0.031247854232788086	76300	34.16953730583191	67106	12.049803407601573	
5.794644808808787e+29	90.0	3.31	37.99	19.65	12.465919570981477	763	101	90	5	87	45	90	3	29	15	4363	0	0.031248092651367188	76400	34.200785398483276	67196	12.047120418848166	
271887833.7239823	90.0	3.47	42.63	22.05	12.465919570981477	764	101	90	6	116	60	90	3	29	15	4369	0	0.046871185302734375	76500	34.24765658378601	67280	12.052287581699346	
504936417.32459784	90.0	3.29	37.41	19.35	12.465919570981477	765	101	90	5	87	45	90	3	29	15	4372	0	0.031247615814208984	76600	34.27890419960022	67362	12.06005221932115	
865902989.1308861	90.0	3.45	42.05	21.75	12.465919570981477	766	101	90	5	87	45	90	3	29	15	4378	0	0.04687237739562988	76700	34.32577657699585	67448	12.062581486310293	
1233994282403474.8	90.0	3.46	42.34	21.9	12.465919570981477	767	101	90	5	87	45	90	3	29	15	4380	0	0.04687213897705078	76800	34.3726487159729	67540	12.057291666666671	
1.7515789474041786e+25	90.0	3.52	44.08	22.8	12.465919570981477	768	101	90	6	116	60	90	3	29	15	4386	0	0.04687237739562988	76900	34.41952109336853	67627	12.058517555266576	
9.290392135085194e+19	90.0	3.73	50.17	25.95	12.465919570981477	769	101	90	6	116	60	90	3	29	15	4387	0	0.03124690055847168	77000	34.450767993927	67721	12.050649350649351	
1.8346836968812092e+36	90.0	3.62	46.98	24.3	12.465919570981477	770	101	90	6	116	60	90	3	29	15	4393	0	0.046874046325683594	77100	34.497642040252686	67812	12.04669260700389	
5.143185811479011e+19	90.0	3.73	50.17	25.95	12.465919570981477	771	101	90	5	87	45	90	3	29	15	4397	0	0.04686999320983887	77200	34.544512033462524	67901	12.045336787564764	
1344089826571057.8	90.0	3.87	54.23	28.05	12.465919570981477	772	101	90	6	116	60	90	3	29	15	4400	0	0.06249523162841797	77300	34.60700726509094	67992	12.041397153945667	
5.821586027226538e+23	90.0	3.97	57.13	29.55	12.465919570981477	773	101	90	6	116	60	90	3	29	15	4410	0	0.04688215255737305	77400	34.653889417648315	68077	12.045219638242898	
3.098325566596309e+28	90.0	3.79	51.91	26.85	12.465919570981477	774	101	90	6	116	60	90	3	29	15	4416	0	0.04686141014099121	77500	34.70075082778931	68165	12.045161290322582	
3.2061118566495833e+38	90.0	3.66	48.14	24.9	12.465919570981477	775	101	90	6	116	60	90	3	29	15	4422	0	0.0468754768371582	77600	34.747626304626465	68254	12.043814432989691	
4.370815082958411e+40	90.0	3.8	52.2	27.0	12.465919570981477	776	101	90	6	116	60	90	3	29	15	4430	0	0.031245946884155273	77700	34.77887225151062	68342	12.043758043758046	
1.2763937565995388e+40	90.0	3.83	53.07	27.45	12.465919570981477	777	101	90	5	87	45	90	3	29	15	4441	0	0.046875	77800	34.82574725151062	68429	12.044987146529564	
3.9461147879983996e+41	90.0	3.76	51.04	26.4	12.465919570981477	778	101	90	5	87	45	90	3	29	15	4446	0	0.06249189376831055	77900	34.88823914527893	68523	12.03722721437741	
1.6516129034945964e+25	90.0	3.89	54.81	28.35	12.465919570981477	779	101	90	6	116	60	90	3	29	15	4454	0	0.04687356948852539	78000	34.935112714767456	68613	12.034615384615392	
4.124653328832119e+45	90.0	3.77	51.33	26.55	12.465919570981477	780	101	90	6	116	60	90	3	29	15	4467	0	0.04687047004699707	78100	34.98198318481445	68698	12.038412291933426	
2.4759723534531493e+40	90.0	3.83	53.07	27.45	12.465919570981477	781	101	90	6	116	60	90	3	29	15	4481	0	0.046871185302734375	78200	35.02885437011719	68780	12.046035805626602	
1.0080465946677675e+32	90.0	3.57	45.53	23.55	12.465919570981477	782	101	90	6	116	60	90	3	29	15	4489	0	0.046871185302734375	78300	35.07572555541992	68867	12.047254150702429	
2.446509805926036e+23	90.0	3.3	37.7	19.5	12.465919570981477	783	101	90	6	116	60	90	3	29	15	4497	0	0.031248807907104492	78400	35.106974363327026	68953	12.049744897959187	
3.306883338857376e+25	90.0	3.25	36.25	18.75	12.465919570981477	784	101	90	6	116	60	90	3	29	15	4508	0	0.04687309265136719	78500	35.153847455978394	69036	12.056050955414008	
4.9372570951967165e+31	90.0	3.22	35.38	18.3	12.465919570981477	785	101	90	5	87	45	90	3	29	15	4512	0	0.031246662139892578	78600	35.185094118118286	69127	12.052162849872772	
1.1052823666812663e+27	90.0	3.21	35.09	18.15	12.465919570981477	786	101	90	6	116	60	90	3	29	15	4518	0	0.04687094688415527	78700	35.23196506500244	69214	12.053367217280808	
4.679569892507864e+25	90.0	3.22	35.38	18.3	12.465919570981477	787	101	90	6	116	60	90	3	29	15	4526	0	0.015625	78800	35.24759006500244	69302	12.053299492385776	
3.2987491079442365e+37	90.0	3.35	39.15	20.25	12.465919570981477	788	101	90	6	116	60	90	3	29	15	4537	0	0.04687047004699707	78900	35.29446053504944	69381	12.06463878326997	
6.723875678261131e+40	90.0	3.45	42.05	21.75	12.465919570981477	789	101	90	6	116	60	90	3	29	15	4539	0	0.031248807907104492	79000	35.32570934295654	69472	12.060759493670886	
4.055655300519173e+17	90.0	3.55	44.95	23.25	12.465919570981477	790	101	90	5	87	45	90	3	29	15	4543	0	0.04687142372131348	79100	35.372580766677856	69562	12.058154235145395	
3.643479642085391e+25	90.0	3.64	47.56	24.6	12.465919570981477	791	101	90	5	87	45	90	3	29	15	4552	0	0.04687213897705078	79200	35.41945290565491	69645	12.064393939393938	
6.071809500241931e+23	90.0	3.49	43.21	22.35	12.465919570981477	792	101	90	6	116	60	90	3	29	15	4554	0	0.04687190055847168	79300	35.46632480621338	69737	12.05926860025221	
8.382145377917678e+32	90.0	3.35	39.15	20.25	12.465919570981477	793	101	90	6	116	60	90	3	29	15	4559	0	0.03124856948852539	79400	35.497573375701904	69828	12.05541561712846	
5.977241789172463e+27	90.0	3.3	37.7	19.5	12.465919570981477	794	101	90	5	87	45	90	3	29	15	4562	0	0.03124713897705078	79500	35.528820514678955	69922	12.047798742138355	
1.0342814567013375e+32	90.0	3.26	36.54	18.9	12.465919570981477	795	101	90	5	87	45	90	3	29	15	4565	0	0.04687142372131348	79600	35.57569193840027	70011	12.0464824120603	
6.13894736843519e+25	90.0	3.45	42.05	21.75	12.465919570981477	796	101	90	5	87	45	90	3	29	15	4571	0	0.031247377395629883	79700	35.6069393157959	70101	12.043914680050179	
1087128749144084.5	90.0	3.55	44.95	23.25	12.465919570981477	797	101	90	6	116	60	90	3	29	15	4573	0	0.062496185302734375	79800	35.66943550109863	70195	12.036340852130323	
4.060666512389882e+25	90.0	3.75	50.75	26.25	12.465919570981477	798	101	90	6	116	60	90	3	29	15	4581	0	0.04687166213989258	79900	35.716307163238525	70285	12.033792240300372	
2.4386429939743067e+30	90.0	3.69	49.01	25.35	12.465919570981477	799	101	90	5	87	45	90	3	29	15	4584	0	0.04687213897705078	80000	35.763179302215576	70379	12.026250000000005	
5.3169595689109e+27	90.0	3.77	51.33	26.55	12.465919570981477	800	101	90	6	116	60	90	3	29	15	4590	0	0.04687213897705078	80100	35.81005144119263	70465	12.028714107365786	
6.017308715363273e+26	90.0	3.9	55.1	28.5	12.465919570981477	801	101	90	6	116	60	90	3	29	15	4598	0	0.04687190055847168	80200	35.8569233417511	70554	12.027431421446394	
3.598511170213387e+38	90.0	3.79	51.91	26.85	12.465919570981477	802	101	90	5	87	45	90	3	29	15	4605	0	0.04687094688415527	80300	35.903794288635254	70644	12.024906600249068	
8.82105230618408e+24	90.0	3.66	48.14	24.9	12.465919570981477	803	101	90	6	116	60	90	3	29	15	4611	0	0.04687213897705078	80400	35.950666427612305	70732	12.024875621890558	
9.376565624082655e+34	90.0	3.59	46.11	23.85	12.465919570981477	804	101	90	5	87	45	90	3	29	15	4613	0	0.031248092651367188	80500	35.98191452026367	70827	12.016149068322974	
9.179632200324565e+32	90.0	3.54	44.66	23.1	12.465919570981477	805	101	90	6	116	60	90	3	29	15	4620	0	0.03124713897705078	80600	36.01316165924072	70917	12.0136476426799	
1.3193940217394956e+42	90.0	3.5	43.5	22.5	12.465919570981477	806	101	90	6	116	60	90	3	29	15	4629	0	0.04687213897705078	80700	36.06003379821777	71003	12.016109045848822	
1.06016479983672e+17	90.0	3.28	37.12	19.2	12.465919570981477	807	101	90	5	87	45	90	3	29	15	4634	0	0.03124856948852539	80800	36.0912823677063	71092	12.014851485148512	
8.482961435452872e+16	90.0	3.4	40.6	21.0	12.465919570981477	808	101	90	5	87	45	90	3	29	15	4636	0	0.04687070846557617	80900	36.138153076171875	71181	12.013597033374538	
5.49508165319434e+18	90.0	3.33	38.57	19.95	12.465919570981477	809	101	90	5	87	45	90	3	29	15	4641	0	0.03124856948852539	81000	36.1694016456604	71270	12.012345679012356	
3.160739343771801e+40	90.0	3.42	41.18	21.3	12.465919570981477	810	101	90	6	116	60	90	3	29	15	4644	0	0.04687094688415527	81100	36.216272592544556	71360	12.00986436498151	
3.68640000003572e+29	90.0	3.62	46.98	24.3	12.465919570981477	811	101	90	6	116	60	90	3	29	15	4649	0	0.046872854232788086	81200	36.263145446777344	71453	12.003694581280783	
1.3373244575112969e+34	90.0	3.75	50.75	26.25	12.465919570981477	812	101	90	5	87	45	90	3	29	15	4655	0	0.04687070846557617	81300	36.31001615524292	71541	12.003690036900366	
7.398204839844432e+27	90.0	3.59	46.11	23.85	12.465919570981477	813	101	90	6	116	60	90	3	29	15	4657	0	0.04687190055847168	81400	36.35688805580139	71632	12.0	
2.2169072165317245e+31	90.0	3.8	52.2	27.0	12.465919570981477	814	101	90	6	116	60	90	3	29	15	4661	0	0.04687237739562988	81500	36.40376043319702	71727	11.99141104294479	
8.757446808597435e+25	90.0	3.73	50.17	25.95	12.465919570981477	815	101	90	5	87	45	90	3	29	15	4668	0	0.046871185302734375	81600	36.450631618499756	71817	11.98897058823529	
6.481924235917851e+33	90.0	3.65	47.85	24.75	12.465919570981477	816	101	90	6	116	60	90	3	29	15	4671	0	0.04687356948852539	81700	36.49750518798828	71908	11.985312117503057	
7.291069712532594e+26	90.0	3.69	49.01	25.35	12.465919570981477	817	101	90	5	87	45	90	3	29	15	4679	0	0.04687142372131348	81800	36.544376611709595	71993	11.988997555012233	
2.212849924079257e+21	90.0	3.74	50.46	26.1	12.465919570981477	818	101	90	6	116	60	90	3	29	15	4684	0	0.046872615814208984	81900	36.591249227523804	72085	11.984126984126988	
2.2600145948902357e+30	90.0	3.56	45.24	23.4	12.465919570981477	819	101	90	6	116	60	90	3	29	15	4689	0	0.04686999320983887	82000	36.63811922073364	72174	11.982926829268294	
2.3080648074008552e+26	90.0	3.57	45.53	23.55	12.465919570981477	820	101	90	5	87	45	90	3	29	15	4696	0	0.04687333106994629	82100	36.68499255180359	72263	11.98172959805116	
1.3989061244865398e+34	90.0	3.67	48.43	25.05	12.465919570981477	821	101	90	5	87	45	90	3	29	15	4699	0	0.031247854232788086	82200	36.71624040603638	72357	11.97445255474453	
2.4020409375061232e+27	90.0	3.5	43.5	22.5	12.465919570981477	822	101	90	5	87	45	90	3	29	15	4706	0	0.03124833106994629	82300	36.74748873710632	72447	11.972053462940451	
2.2146412699849226e+38	90.0	3.49	43.21	22.35	12.465919570981477	823	101	90	5	87	45	90	3	29	15	4711	0	0.04687047004699707	82400	36.79435920715332	72537	11.969660194174764	
4.966767780211684e+25	90.0	3.4	40.6	21.0	12.465919570981477	824	101	90	5	87	45	90	3	29	15	4714	0	0.031248092651367188	82500	36.82560729980469	72628	11.966060606060609	
1.0241115450569203e+29	90.0	3.39	40.31	20.85	12.465919570981477	825	101	90	5	87	45	90	3	29	15	4716	0	0.03124690055847168	82600	36.85685420036316	72718	11.963680387409198	
9.723818632317733e+16	90.0	3.49	43.21	22.35	12.465919570981477	826	101	90	6	116	60	90	3	29	15	4721	0	0.046871185302734375	82700	36.903725385665894	72806	11.96372430471584	
4.300403228001796e+33	90.0	3.55	44.95	23.25	12.465919570981477	827	101	90	5	87	45	90	3	29	15	4729	0	0.04687190055847168	82800	36.950597286224365	72896	11.961352657004838	
6.243178407117385e+24	90.0	3.46	42.34	21.9	12.465919570981477	828	101	90	5	87	45	90	3	29	15	4734	0	0.06249737739562988	82900	37.013094663619995	72984	11.961399276236435	
2.2075284210729133e+30	90.0	3.53	44.37	22.95	12.465919570981477	829	101	90	6	116	60	90	3	29	15	4740	0	0.03124713897705078	83000	37.044341802597046	73071	11.962650602409639	
2.187000000001327e+28	90.0	3.52	44.08	22.8	12.465919570981477	830	101	90	6	116	60	90	3	29	15	4741	0	0.04687142372131348	83100	37.09121322631836	73168	11.951865222623354	
2.94619017291961e+19	90.0	3.52	44.08	22.8	12.465919570981477	831	101	90	5	87	45	90	3	29	15	4748	0	0.046872615814208984	83200	37.13808584213257	73256	11.95192307692308	
1.034802156262992e+35	90.0	3.45	42.05	21.75	12.465919570981477	832	101	90	5	87	45	90	3	29	15	4754	0	0.06249570846557617	83300	37.200581550598145	73342	11.954381752701082	
1.2462582499083905e+41	90.0	3.59	46.11	23.85	12.465919570981477	833	101	90	5	87	45	90	3	29	15	4758	0	0.04687166213989258	83400	37.24745321273804	73433	11.950839328537171	
1.02995834027719e+21	90.0	3.62	46.98	24.3	12.465919570981477	834	101	90	6	116	60	90	3	29	15	4762	0	0.04687094688415527	83500	37.29432415962219	73523	11.948502994011974	
4.671406321727421e+34	90.0	3.61	46.69	24.15	12.465919570981477	835	101	90	5	87	45	90	3	29	15	4763	0	0.04687190055847168	83600	37.341196060180664	73617	11.941387559808618	
9.333333333399835e+24	90.0	3.57	45.53	23.55	12.465919570981477	836	101	90	5	87	45	90	3	29	15	4768	0	0.04687190055847168	83700	37.388067960739136	73709	11.936678614097971	
1.5125553462609802e+43	90.0	3.45	42.05	21.75	12.465919570981477	837	101	90	5	87	45	90	3	29	15	4773	0	0.031247615814208984	83800	37.419315576553345	73795	11.939140811455857	
1.4353398521040688e+42	90.0	3.55	44.95	23.25	12.465919570981477	838	101	90	5	87	45	90	3	29	15	4779	0	0.046872615814208984	83900	37.466188192367554	73888	11.933253873659126	
1.896638992270397e+37	90.0	3.62	46.98	24.3	12.465919570981477	839	101	90	5	87	45	90	3	29	15	4788	0	0.04687142372131348	84000	37.51305961608887	73973	11.93690476190477	
6.189913184439188e+25	90.0	3.72	49.88	25.8	12.465919570981477	840	101	90	6	116	60	90	3	29	15	4799	0	0.03124833106994629	84100	37.54430794715881	74059	11.939357907253267	
7.409690721689903e+24	90.0	3.55	44.95	23.25	12.465919570981477	841	101	90	5	87	45	90	3	29	15	4803	0	0.046871185302734375	84200	37.59117913246155	74149	11.937054631828985	
5.117486674658225e+40	90.0	3.38	40.02	20.7	12.465919570981477	842	101	90	5	87	45	90	3	29	15	4809	0	0.031249284744262695	84300	37.62242841720581	74239	11.934756820877809	
6.643297252631564e+40	90.0	3.35	39.15	20.25	12.465919570981477	843	101	90	5	87	45	90	3	29	15	4814	0	0.031246662139892578	84400	37.6536750793457	74332	11.928909952606631	
1.7114788128286908e+36	90.0	3.36	39.44	20.4	12.465919570981477	844	101	90	5	87	45	90	3	29	15	4818	0	0.031247615814208984	84500	37.68492269515991	74424	11.924260355029588	
3.9753500000252405e+25	90.0	3.31	37.99	19.65	12.465919570981477	845	101	90	5	87	45	90	3	29	15	4823	0	0.04687213897705078	84600	37.73179483413696	74512	11.924349881796687	
2.25709692793774e+36	90.0	3.37	39.73	20.55	12.465919570981477	846	101	90	5	87	45	90	3	29	15	4830	0	0.031249284744262695	84700	37.763044118881226	74594	11.931523022432117	
6.362483274377182e+31	90.0	3.39	40.31	20.85	12.465919570981477	847	101	90	5	87	45	90	3	29	15	4836	0	0.046869516372680664	84800	37.809913635253906	74684	11.929245283018858	
1.4137166006300955e+20	90.0	3.54	44.66	23.1	12.465919570981477	848	101	90	5	87	45	90	3	29	15	4844	0	0.04687166213989258	84900	37.8567852973938	74770	11.93168433451119	
5.113735939646226e+36	90.0	3.32	38.28	19.8	12.465919570981477	849	101	90	5	87	45	90	3	29	15	4848	0	0.031247615814208984	85000	37.88803291320801	74860	11.929411764705875	
3.981964591888759e+40	90.0	3.27	36.83	19.05	12.465919570981477	850	101	90	5	87	45	90	3	29	15	4850	0	0.04687237739562988	85100	37.93490529060364	74952	11.924794359576978	
1.015593062522823e+20	90.0	3.27	36.83	19.05	12.465919570981477	851	101	90	6	116	60	90	3	29	15	4855	0	0.03124856948852539	85200	37.96615386009216	75037	11.928403755868544	
1.3277257852968429e+38	90.0	3.23	35.67	18.45	12.465919570981477	852	101	90	5	87	45	90	3	29	15	4861	0	0.031246423721313477	85300	37.99740028381348	75122	11.932004689331762	
1.6902798337333335e+40	90.0	3.25	36.25	18.75	12.465919570981477	853	101	90	4	58	30	90	3	29	15	4866	0	0.031248092651367188	85400	38.028648376464844	75213	11.92857142857143	
2.0345989732433393e+40	90.0	3.18	34.22	17.7	12.465919570981477	854	101	90	5	87	45	90	3	29	15	4872	0	0.031248807907104492	85500	38.05989718437195	75293	11.93801169590644	
1.0455361179474998e+20	90.0	3.17	33.93	17.55	12.465919570981477	855	101	90	5	87	45	90	3	29	15	4877	0	0.04687094688415527	85600	38.1067681312561	75378	11.941588785046733	
1.3520575999999997e+29	90.0	3.29	37.41	19.35	12.465919570981477	856	101	90	5	87	45	90	3	29	15	4878	0	0.04687237739562988	85700	38.15364050865173	75464	11.943990665110846	
5.85532043012223e+17	90.0	3.33	38.57	19.95	12.465919570981477	857	101	90	5	87	45	90	3	29	15	4885	0	0.031247615814208984	85800	38.18488812446594	75546	11.951048951048946	
548896163196766.75	90.0	3.45	42.05	21.75	12.465919570981477	858	101	90	5	87	45	90	3	29	15	4888	0	0.03124833106994629	85900	38.21613645553589	75637	11.94761350407451	
3.403591920360829e+35	90.0	3.39	40.31	20.85	12.465919570981477	859	101	90	5	87	45	90	3	29	15	4892	0	0.04687142372131348	86000	38.2630078792572	75730	11.941860465116278	
8.728853627766094e+33	90.0	3.24	35.96	18.6	12.465919570981477	860	101	90	5	87	45	90	3	29	15	4899	0	0.04687142372131348	86100	38.309879302978516	75817	11.943089430894304	
1.9695461500000014e+24	90.0	3.28	37.12	19.2	12.465919570981477	861	101	90	5	87	45	90	3	29	15	4900	0	0.031247615814208984	86200	38.341126918792725	75905	11.943155452436187	
4.552592769626266e+39	90.0	3.33	38.57	19.95	12.465919570981477	862	101	90	5	87	45	90	3	29	15	4903	0	0.046872615814208984	86300	38.387999534606934	75992	11.944380069524925	
2.449856144448938e+36	90.0	3.27	36.83	19.05	12.465919570981477	863	101	90	5	87	45	90	3	29	15	4908	0	0.04687094688415527	86400	38.43487048149109	76079	11.945601851851848	
7.144200165510839e+28	90.0	3.25	36.25	18.75	12.465919570981477	864	101	90	5	87	45	90	3	29	15	4911	0	0.031247615814208984	86500	38.4661180973053	76167	11.945664739884393	
2750734808415.4375	90.0	3.25	36.25	18.75	12.465919570981477	865	101	90	5	87	45	90	3	29	15	4916	0	0.03124856948852539	86600	38.49736666679382	76252	11.94919168591224	
7.144206071632693e+30	90.0	3.26	36.54	18.9	12.465919570981477	866	101	90	5	87	45	90	3	29	15	4919	0	0.031248092651367188	86700	38.52861475944519	76341	11.948096885813158	
4296920556.368216	90.0	3.17	33.93	17.55	12.465919570981477	867	101	90	5	87	45	90	3	29	15	4926	0	0.046872854232788086	86800	38.57548761367798	76429	11.948156682027658	
7.713666366480549e+30	90.0	3.26	36.54	18.9	12.465919570981477	868	101	90	5	87	45	90	3	29	15	4930	0	0.03124713897705078	86900	38.60673475265503	76519	11.945914844649025	
3.029145029900497e+39	90.0	3.28	37.12	19.2	12.465919570981477	869	101	90	5	87	45	90	3	29	15	4937	0	0.04687166213989258	87000	38.65360641479492	76607	11.945977011494264	
2.81514447474749e+42	90.0	3.39	40.31	20.85	12.465919570981477	870	101	90	5	87	45	90	3	29	15	4939	0	0.04687166213989258	87100	38.700478076934814	76701	11.939150401836969	
1614141183.1006324	90.0	3.28	37.12	19.2	12.465919570981477	871	101	90	5	87	45	90	3	29	15	4944	0	0.0312504768371582	87200	38.73172855377197	76791	11.936926605504581	
6.635385263157896e+30	90.0	3.37	39.73	20.55	12.465919570981477	872	101	90	5	87	45	90	3	29	15	4950	0	0.03124690055847168	87300	38.762975454330444	76881	11.93470790378008	
3.0086597938169924e+29	90.0	3.24	35.96	18.6	12.465919570981477	873	101	90	5	87	45	90	3	29	15	4954	0	0.031246423721313477	87400	38.79422187805176	76964	11.940503432494282	
3.368477098694835e+26	90.0	3.36	39.44	20.4	12.465919570981477	874	101	90	5	87	45	90	3	29	15	4960	0	0.03124833106994629	87500	38.825470209121704	77049	11.944000000000003	
2.613296842115016e+21	90.0	3.39	40.31	20.85	12.465919570981477	875	101	90	5	87	45	90	3	29	15	4966	0	0.03124713897705078	87600	38.856717348098755	77140	11.94063926940639	
2.113907244817757e+17	90.0	3.51	43.79	22.65	12.465919570981477	876	101	90	5	87	45	90	3	29	15	4970	0	0.03124856948852539	87700	38.88796591758728	77229	11.93956670467503	
1351902900.3404703	90.0	3.48	42.92	22.2	12.465919570981477	877	101	90	5	87	45	90	3	29	15	4977	0	0.046872615814208984	87800	38.93483853340149	77313	11.944191343963553	
3.1093926931427834e+17	90.0	3.36	39.44	20.4	12.465919570981477	878	101	90	5	87	45	90	3	29	15	4979	0	0.04687047004699707	87900	38.981709003448486	77402	11.943117178612056	
3.8506211142292997e+25	90.0	3.47	42.63	22.05	12.465919570981477	879	101	90	6	116	60	90	3	29	15	4983	0	0.031247854232788086	88000	39.012956857681274	77488	11.945454545454552	
1.4253097696486495e+26	90.0	3.44	41.76	21.6	12.465919570981477	880	101	90	5	87	45	90	3	29	15	4992	0	0.04687166213989258	88100	39.05982851982117	77574	11.947786606129398	
4.10307272919484e+26	90.0	3.38	40.02	20.7	12.465919570981477	881	101	90	5	87	45	90	3	29	15	4997	0	0.04687166213989258	88200	39.10670018196106	77664	11.945578231292515	
2.206985896340477e+26	90.0	3.56	45.24	23.4	12.465919570981477	882	101	90	5	87	45	90	3	29	15	5006	0	0.04687142372131348	88300	39.15357160568237	77750	11.94790486976217	
189818159970.99988	90.0	3.54	44.66	23.1	12.465919570981477	883	101	90	5	87	45	90	3	29	15	5011	0	0.04687166213989258	88400	39.200443267822266	77836	11.950226244343881	
2.534052618076031e+21	90.0	3.41	40.89	21.15	12.465919570981477	884	101	90	5	87	45	90	3	29	15	5019	0	0.06249666213989258	88500	39.26293992996216	77925	11.949152542372872	
1.5432389394438543e+37	90.0	3.44	41.76	21.6	12.465919570981477	885	101	90	5	87	45	90	3	29	15	5026	0	0.03124713897705078	88600	39.29418706893921	78011	11.951467268623034	
1.9556854702526826e+39	90.0	3.31	37.99	19.65	12.465919570981477	886	101	90	5	87	45	90	3	29	15	5032	0	0.04687166213989258	88700	39.3410587310791	78096	11.954904171364149	
122351900440539.48	90.0	3.38	40.02	20.7	12.465919570981477	887	101	90	5	87	45	90	3	29	15	5039	0	0.031248092651367188	88800	39.37230682373047	78184	11.954954954954957	
80736840157.82785	90.0	3.35	39.15	20.25	12.465919570981477	888	101	90	5	87	45	90	3	29	15	5042	0	0.03124856948852539	88900	39.403555393218994	78276	11.950506186726656	
5.561037178698469e+25	90.0	3.39	40.31	20.85	12.465919570981477	889	101	90	5	87	45	90	3	29	15	5049	0	0.031248092651367188	89000	39.43480348587036	78362	11.952808988764048	
177856507.33599567	90.0	3.4	40.6	21.0	12.465919570981477	890	101	90	5	87	45	90	3	29	15	5059	0	0.046872615814208984	89100	39.48167610168457	78443	11.960718294051631	
5955059563.247925	90.0	3.33	38.57	19.95	12.465919570981477	891	101	90	5	87	45	90	3	29	15	5062	0	0.04687047004699707	89200	39.52854657173157	78531	11.960762331838566	
7.92576010831959e+25	90.0	3.34	38.86	20.1	12.465919570981477	892	101	90	6	116	60	90	3	29	15	5063	0	0.031246423721313477	89300	39.55979299545288	78619	11.960806270996642	
898230046.9168029	90.0	3.28	37.12	19.2	12.465919570981477	893	101	90	5	87	45	90	3	29	15	5065	0	0.04687237739562988	89400	39.60666537284851	78708	11.959731543624159	
3.746231273259327e+39	90.0	3.34	38.86	20.1	12.465919570981477	894	101	90	5	87	45	90	3	29	15	5071	0	0.031247615814208984	89500	39.63791298866272	78796	11.959776536312845	
3.828090029809013e+39	90.0	3.52	44.08	22.8	12.465919570981477	895	101	90	5	87	45	90	3	29	15	5076	0	0.046872854232788086	89600	39.68478584289551	78887	11.956473214285708	
5.42283074417354e+21	90.0	3.58	45.82	23.7	12.465919570981477	896	101	90	5	87	45	90	3	29	15	5081	0	0.0312504768371582	89700	39.716036319732666	78974	11.957636566332212	
1047018797.1190374	90.0	3.62	46.98	24.3	12.465919570981477	897	101	90	6	116	60	90	3	29	15	5085	0	0.046868324279785156	89800	39.76290464401245	79070	11.948775055679278	
1.6142438384663458e+24	90.0	3.53	44.37	22.95	12.465919570981477	898	101	90	5	87	45	90	3	29	15	5087	0	0.04687166213989258	89900	39.809776306152344	79162	11.944382647385993	
6.083093986867528e+26	90.0	3.5	43.5	22.5	12.465919570981477	899	101	90	6	116	60	90	3	29	15	5093	0	0.04687190055847168	90000	39.856648206710815	79250	11.944444444444443	
1.5051825572998291e+26	90.0	3.5	43.5	22.5	12.465919570981477	900	101	90	6	116	60	90	3	29	15	5101	0	0.04687190055847168	90100	39.90352010726929	79336	11.946725860155382	
8.018129675607721e+22	90.0	3.7	49.3	25.5	12.465919570981477	901	101	90	5	87	45	90	3	29	15	5109	0	0.04687142372131348	90200	39.9503915309906	79423	11.947893569844794	
1.687912523811057e+25	90.0	3.77	51.33	26.55	12.465919570981477	902	101	90	5	87	45	90	3	29	15	5119	0	0.04687190055847168	90300	39.99726343154907	79510	11.949058693244737	
2.693331417234236e+22	90.0	3.8	52.2	27.0	12.465919570981477	903	101	90	5	87	45	90	3	29	15	5123	0	0.06249570846557617	90400	40.05975914001465	79603	11.943584070796462	
1.5701176993299898e+30	90.0	3.89	54.81	28.35	12.465919570981477	904	101	90	6	116	60	90	3	29	15	5125	0	0.04687213897705078	90500	40.1066312789917	79699	11.934806629834256	
1.2293149521354646e+29	90.0	3.74	50.46	26.1	12.465919570981477	905	101	90	5	87	45	90	3	29	15	5130	0	0.03124713897705078	90600	40.13787841796875	79790	11.93156732891832	
200383282469513.47	90.0	3.8	52.2	27.0	12.465919570981477	906	101	90	6	116	60	90	3	29	15	5138	0	0.04687213897705078	90700	40.1847505569458	79880	11.929437706725466	
24646710401.305298	90.0	3.71	49.59	25.65	12.465919570981477	907	101	90	5	87	45	90	3	29	15	5148	0	0.04687190055847168	90800	40.23162245750427	79965	11.932819383259911	
3.6880119252752814e+25	90.0	3.69	49.01	25.35	12.465919570981477	908	101	90	6	116	60	90	3	29	15	5159	0	0.04687190055847168	90900	40.278494358062744	80050	11.93619361936193	
4.8829044575385705e+37	90.0	3.57	45.53	23.55	12.465919570981477	909	101	90	6	116	60	90	3	29	15	5166	0	0.04687213897705078	91000	40.325366497039795	80139	11.93516483516484	
1.855918447352305e+29	90.0	3.68	48.72	25.2	12.465919570981477	910	101	90	5	87	45	90	3	29	15	5178	0	0.04687094688415527	91100	40.37223744392395	80222	11.940724478594959	
8.201257324897009e+33	90.0	3.65	47.85	24.75	12.465919570981477	911	101	90	5	87	45	90	3	29	15	5184	0	0.03124856948852539	91200	40.403486013412476	80313	11.9375	
1.3629622109591349e+32	90.0	3.65	47.85	24.75	12.465919570981477	912	101	90	6	116	60	90	3	29	15	5190	0	0.06249570846557617	91300	40.46598172187805	80402	11.936473165388833	
1.8643967824431182e+25	90.0	3.69	49.01	25.35	12.465919570981477	913	101	90	5	87	45	90	3	29	15	5193	0	0.06249570846557617	91400	40.52847743034363	80493	11.933260393873084	
1.0795623761370975e+36	90.0	3.66	48.14	24.9	12.465919570981477	914	101	90	5	87	45	90	3	29	15	5200	0	0.031247854232788086	91500	40.559725284576416	80579	11.935519125683058	
366502141503.3174	90.0	3.45	42.05	21.75	12.465919570981477	915	101	90	6	116	60	90	3	29	15	5209	0	0.04687142372131348	91600	40.60659670829773	80662	11.941048034934497	
9.926230289002654e+40	90.0	3.59	46.11	23.85	12.465919570981477	916	101	90	6	116	60	90	3	29	15	5213	0	0.031247615814208984	91700	40.63784432411194	80754	11.936750272628132	
1.7242711801232233e+35	90.0	3.55	44.95	23.25	12.465919570981477	917	101	90	6	116	60	90	3	29	15	5217	0	0.046872854232788086	91800	40.68471717834473	80842	11.936819172113289	
4.7055231796317976e+30	90.0	3.41	40.89	21.15	12.465919570981477	918	101	90	5	87	45	90	3	29	15	5220	0	0.046871185302734375	91900	40.73158836364746	80927	11.940152339499448	
1.303030374491356e+24	90.0	3.36	39.44	20.4	12.465919570981477	919	101	90	5	87	45	90	3	29	15	5225	0	0.031249523162841797	92000	40.7628378868103	81013	11.942391304347822	
1.8140646264518734e+34	90.0	3.36	39.44	20.4	12.465919570981477	920	101	90	6	116	60	90	3	29	15	5227	0	0.04687094688415527	92100	40.80970883369446	81102	11.941368078175898	
1.5731658163267042e+27	90.0	3.36	39.44	20.4	12.465919570981477	921	101	90	5	87	45	90	3	29	15	5230	0	0.03124713897705078	92200	40.84095597267151	81192	11.939262472885034	
1.5684180179453574e+25	90.0	3.34	38.86	20.1	12.465919570981477	922	101	90	5	87	45	90	3	29	15	5233	0	0.031247854232788086	92300	40.8722038269043	81280	11.939328277356438	
7.661418959066992e+30	90.0	3.29	37.41	19.35	12.465919570981477	923	101	90	5	87	45	90	3	29	15	5239	0	0.031247854232788086	92400	40.903451681137085	81365	11.942640692640694	
1.3409197145395993e+40	90.0	3.29	37.41	19.35	12.465919570981477	924	101	90	5	87	45	90	3	29	15	5241	0	0.04687166213989258	92500	40.95032334327698	81453	11.942702702702704	
848069084.6126794	90.0	3.36	39.44	20.4	12.465919570981477	925	101	90	5	87	45	90	3	29	15	5250	0	0.015624284744262695	92600	40.96594762802124	81531	11.9535637149028	
1.6035913324793787e+20	90.0	3.4	40.6	21.0	12.465919570981477	926	101	90	5	87	45	90	3	29	15	5254	0	0.031247854232788086	92700	40.99719548225403	81622	11.950377562028052	
1.6879120879223447e+25	90.0	3.5	43.5	22.5	12.465919570981477	927	101	90	5	87	45	90	3	29	15	5264	0	0.04687213897705078	92800	41.04406762123108	81708	11.952586206896555	
13438744303283.879	90.0	3.4	40.6	21.0	12.465919570981477	928	101	90	5	87	45	90	3	29	15	5268	0	0.031247377395629883	92900	41.07531499862671	81797	11.951560818083962	
264232213.8403412	90.0	3.32	38.28	19.8	12.465919570981477	929	101	90	6	116	60	90	3	29	15	5269	0	0.031247854232788086	93000	41.1065628528595	81890	11.946236559139791	
1.757560738635694e+30	90.0	3.46	42.34	21.9	12.465919570981477	930	101	90	5	87	45	90	3	29	15	5275	0	0.04687142372131348	93100	41.15343427658081	81978	11.946294307196553	
4873784487.242719	90.0	3.58	45.82	23.7	12.465919570981477	931	101	90	5	87	45	90	3	29	15	5282	0	0.031247854232788086	93200	41.1846821308136	82065	11.947424892703864	
1.6860215087636704e+17	90.0	3.7	49.3	25.5	12.465919570981477	932	101	90	5	87	45	90	3	29	15	5290	0	0.04687190055847168	93300	41.23155403137207	82155	11.945337620578783	
4.4550701860860184e+16	90.0	3.63	47.27	24.45	12.465919570981477	933	101	90	5	87	45	90	3	29	15	5297	0	0.04687190055847168	93400	41.27842593193054	82246	11.942184154175578	
3456006120118596.5	90.0	3.56	45.24	23.4	12.465919570981477	934	101	90	6	116	60	90	3	29	15	5302	0	0.031247854232788086	93500	41.30967378616333	82337	11.939037433155079	
1.4849203174724324e+45	90.0	3.57	45.53	23.55	12.465919570981477	935	101	90	6	116	60	90	3	29	15	5311	0	0.04687237739562988	93600	41.35654616355896	82422	11.942307692307693	
1.4646521688641205e+33	90.0	3.54	44.66	23.1	12.465919570981477	936	101	90	6	116	60	90	3	29	15	5317	0	0.04687166213989258	93700	41.40341782569885	82513	11.939167556029886	
7.87174320841112e+31	90.0	3.39	40.31	20.85	12.465919570981477	937	101	90	6	116	60	90	3	29	15	5320	0	0.04687142372131348	93800	41.450289249420166	82603	11.937100213219622	
1.0599644790930452e+29	90.0	3.61	46.69	24.15	12.465919570981477	938	101	90	6	116	60	90	3	29	15	5328	0	0.04687142372131348	93900	41.49716067314148	82688	11.940362087326946	
1.6666666668210972e+25	90.0	3.54	44.66	23.1	12.465919570981477	939	101	90	5	87	45	90	3	29	15	5333	0	0.031248092651367188	94000	41.52840876579285	82778	11.938297872340428	
48516330146940.97	90.0	3.54	44.66	23.1	12.465919570981477	940	101	90	6	116	60	90	3	29	15	5340	0	0.06249594688415527	94100	41.590904712677	82865	11.9394261424017	
6.899942252838272e+32	90.0	3.57	45.53	23.55	12.465919570981477	941	101	90	5	87	45	90	3	29	15	5345	0	0.04687142372131348	94200	41.637776136398315	82958	11.934182590233547	
7.622842570655144e+23	90.0	3.62	46.98	24.3	12.465919570981477	942	101	90	6	116	60	90	3	29	15	5353	0	0.031247854232788086	94300	41.6690239906311	83048	11.932131495227992	
8.473471812639108e+39	90.0	3.7	49.3	25.5	12.465919570981477	943	101	90	6	116	60	90	3	29	15	5360	0	0.04687237739562988	94400	41.71589636802673	83135	11.933262711864415	
3.278322730794264e+34	90.0	3.59	46.11	23.85	12.465919570981477	944	101	90	6	116	60	90	3	29	15	5369	0	0.046872854232788086	94500	41.76276922225952	83222	11.934391534391537	
1.3340236226828132e+27	90.0	3.6	46.4	24.0	12.465919570981477	945	101	90	5	87	45	90	3	29	15	5375	0	0.015623092651367188	94600	41.77839231491089	83312	11.93234672304439	
3.88477900990585e+26	90.0	3.41	40.89	21.15	12.465919570981477	946	101	90	5	87	45	90	3	29	15	5378	0	0.031247377395629883	94700	41.80963969230652	83400	11.932418162618802	
3.2706969078878164e+29	90.0	3.55	44.95	23.25	12.465919570981477	947	101	90	5	87	45	90	3	29	15	5384	0	0.031247854232788086	94800	41.84088754653931	83488	11.932489451476798	
27439915924354.45	90.0	3.54	44.66	23.1	12.465919570981477	948	101	90	5	87	45	90	3	29	15	5389	0	0.04687166213989258	94900	41.8877592086792	83580	11.92834562697577	
7.988277266336282e+28	90.0	3.56	45.24	23.4	12.465919570981477	949	101	90	5	87	45	90	3	29	15	5395	0	0.031248092651367188	95000	41.919007301330566	83670	11.92631578947369	
2.077435232119824e+29	90.0	3.63	47.27	24.45	12.465919570981477	950	101	90	6	116	60	90	3	29	15	5399	0	0.03124713897705078	95100	41.95025444030762	83761	11.923238696109365	
4.222680418439544e+28	90.0	3.57	45.53	23.55	12.465919570981477	951	101	90	5	87	45	90	3	29	15	5403	0	0.031248807907104492	95200	41.98150324821472	83849	11.923319327731093	
1.4963930580021762e+26	90.0	3.82	52.78	27.3	12.465919570981477	952	101	90	5	87	45	90	3	29	15	5414	0	0.06249523162841797	95300	42.04399847984314	83937	11.923399790136415	
1.5685316337361645e+28	90.0	3.92	55.68	28.8	12.465919570981477	953	101	90	6	116	60	90	3	29	15	5417	0	0.04687190055847168	95400	42.09087038040161	84034	11.914046121593287	
1.3627404069763732e+29	90.0	3.88	54.52	28.2	12.465919570981477	954	101	90	6	116	60	90	3	29	15	5425	0	0.06249570846557617	95500	42.15336608886719	84123	11.913089005235605	
3.862706840316428e+27	90.0	3.84	53.36	27.6	12.465919570981477	955	101	90	5	87	45	90	3	29	15	5429	0	0.04687213897705078	95600	42.20023822784424	84218	11.905857740585773	
9.100262829562164e+33	90.0	3.86	53.94	27.9	12.465919570981477	956	101	90	6	116	60	90	3	29	15	5436	0	0.04687142372131348	95700	42.24710965156555	84307	11.904911180773254	
8.151112390662535e+31	90.0	3.75	50.75	26.25	12.465919570981477	957	101	90	6	116	60	90	3	29	15	5440	0	0.031248092651367188	95800	42.27835774421692	84401	11.898747390396665	
4.652418724803413e+26	90.0	3.67	48.43	25.05	12.465919570981477	958	101	90	6	116	60	90	3	29	15	5444	0	0.04687142372131348	95900	42.32522916793823	84494	11.893639207507817	
2.0911388975356924e+35	90.0	3.77	51.33	26.55	12.465919570981477	959	101	90	5	87	45	90	3	29	15	5454	0	0.04687190055847168	96000	42.372101068496704	84583	11.892708333333331	
1.7469235520582495e+25	90.0	3.67	48.43	25.05	12.465919570981477	960	101	90	5	87	45	90	3	29	15	5462	0	0.04687190055847168	96100	42.418972969055176	84671	11.892819979188346	
7.653033836831895e+35	90.0	3.56	45.24	23.4	12.465919570981477	961	101	90	5	87	45	90	3	29	15	5466	0	0.04687190055847168	96200	42.46584486961365	84761	11.890852390852388	
1.7258457218257826e+25	90.0	3.56	45.24	23.4	12.465919570981477	962	101	90	6	116	60	90	3	29	15	5478	0	0.04687142372131348	96300	42.51271629333496	84843	11.89719626168224	
5.691922884244322e+39	90.0	3.57	45.53	23.55	12.465919570981477	963	101	90	6	116	60	90	3	29	15	5487	0	0.04687237739562988	96400	42.55958867073059	84927	11.901452282157678	
2.0014117179606256e+24	90.0	3.59	46.11	23.85	12.465919570981477	964	101	90	5	87	45	90	3	29	15	5497	0	0.046871185302734375	96500	42.606459856033325	85011	11.905699481865284	
1.8701300249999997e+35	90.0	3.54	44.66	23.1	12.465919570981477	965	101	90	5	87	45	90	3	29	15	5502	0	0.031247615814208984	96600	42.637707471847534	85100	11.904761904761912	
3.852656699392291e+26	90.0	3.47	42.63	22.05	12.465919570981477	966	101	90	5	87	45	90	3	29	15	5509	0	0.04687213897705078	96700	42.684579610824585	85185	11.907962771458116	
2.386715340304245e+39	90.0	3.43	41.47	21.45	12.465919570981477	967	101	90	5	87	45	90	3	29	15	5515	0	0.04687190055847168	96800	42.73145151138306	85273	11.908057851239676	
7.060154995621797e+21	90.0	3.35	39.15	20.25	12.465919570981477	968	101	90	4	58	30	90	3	29	15	5520	0	0.031248807907104492	96900	42.76270031929016	85361	11.908152734778128	
8.273975157295903e+32	90.0	3.28	37.12	19.2	12.465919570981477	969	101	90	5	87	45	90	3	29	15	5529	0	0.04687070846557617	97000	42.80957102775574	85443	11.914432989690724	
1.0096031731646646e+25	90.0	3.37	39.73	20.55	12.465919570981477	970	101	90	5	87	45	90	3	29	15	5533	0	0.031248807907104492	97100	42.84081983566284	85529	11.916580844490227	
1.3867338709916947e+26	90.0	3.41	40.89	21.15	12.465919570981477	971	101	90	5	87	45	90	3	29	15	5541	0	0.031247377395629883	97200	42.87206721305847	85616	11.91769547325103	
2.3415733171274236e+19	90.0	3.44	41.76	21.6	12.465919570981477	972	101	90	5	87	45	90	3	29	15	5549	0	0.04687166213989258	97300	42.918938875198364	85701	11.920863309352512	
1351848179855.9512	90.0	3.48	42.92	22.2	12.465919570981477	973	101	90	5	87	45	90	3	29	15	5555	0	0.03124833106994629	97400	42.95018720626831	85790	11.919917864476375	
4.652561110458157e+26	90.0	3.56	45.24	23.4	12.465919570981477	974	101	90	5	87	45	90	3	29	15	5562	0	0.04687166213989258	97500	42.9970588684082	85877	11.921025641025636	
1.2504748462584105e+30	90.0	3.51	43.79	22.65	12.465919570981477	975	101	90	5	87	45	90	3	29	15	5567	0	0.04687166213989258	97600	43.043930530548096	85969	11.917008196721312	
8.457068820048595e+25	90.0	3.61	46.69	24.15	12.465919570981477	976	101	90	5	87	45	90	3	29	15	5572	0	0.031247854232788086	97700	43.075178384780884	86062	11.911975435005118	
9.228585616551523e+25	90.0	3.54	44.66	23.1	12.465919570981477	977	101	90	6	116	60	90	3	29	15	5577	0	0.04687213897705078	97800	43.122050523757935	86148	11.91411042944786	
1.818159267471648e+22	90.0	3.55	44.95	23.25	12.465919570981477	978	101	90	6	116	60	90	3	29	15	5583	0	0.04687643051147461	97900	43.16892695426941	86234	11.916241062308472	
1.2662445862755871e+28	90.0	3.55	44.95	23.25	12.465919570981477	979	101	90	5	87	45	90	3	29	15	5594	0	0.04686760902404785	98000	43.21579456329346	86319	11.919387755102036	
2.0419994303688832e+28	90.0	3.45	42.05	21.75	12.465919570981477	980	101	90	5	87	45	90	3	29	15	5603	0	0.03124856948852539	98100	43.24704313278198	86398	11.928644240570847	
6.331066237631437e+24	90.0	3.33	38.57	19.95	12.465919570981477	981	101	90	5	87	45	90	3	29	15	5607	0	0.04687142372131348	98200	43.293914556503296	86487	11.92769857433808	
374805960318908.8	90.0	3.46	42.34	21.9	12.465919570981477	982	101	90	5	87	45	90	3	29	15	5622	0	0.03125	98300	43.325164556503296	86564	11.938962360122076	
9.048791612221216e+36	90.0	3.33	38.57	19.95	12.465919570981477	983	101	90	5	87	45	90	3	29	15	5628	0	0.04687047004699707	98400	43.37203502655029	86654	11.9369918699187	
6.168505664333464e+25	90.0	3.42	41.18	21.3	12.465919570981477	984	101	90	5	87	45	90	3	29	15	5633	0	0.03124690055847168	98500	43.403281927108765	86743	11.936040609137052	
6.05321185828891e+17	90.0	3.38	40.02	20.7	12.465919570981477	985	101	90	6	116	60	90	3	29	15	5642	0	0.046871185302734375	98600	43.4501531124115	86821	11.946247464503045	
6.067124842317313e+39	90.0	3.35	39.15	20.25	12.465919570981477	986	101	90	5	87	45	90	3	29	15	5645	0	0.031248807907104492	98700	43.4814019203186	86911	11.944275582573454	
1.6750397130340945e+25	90.0	3.55	44.95	23.25	12.465919570981477	987	101	90	5	87	45	90	3	29	15	5654	0	0.031247854232788086	98800	43.51264977455139	86995	11.948380566801617	
2.1770305144651956e+28	90.0	3.39	40.31	20.85	12.465919570981477	988	101	90	5	87	45	90	3	29	15	5659	0	0.04687094688415527	98900	43.55952072143555	87080	11.951466127401417	
1.844147729740934e+17	90.0	3.59	46.11	23.85	12.465919570981477	989	101	90	6	116	60	90	3	29	15	5665	0	0.031247615814208984	99000	43.590768337249756	87169	11.950505050505058	
2.876544110443087e+33	90.0	3.52	44.08	22.8	12.465919570981477	990	101	90	5	87	45	90	3	29	15	5671	0	0.04687190055847168	99100	43.63764023780823	87257	11.950554994954587	
6.831631430609385e+18	90.0	3.53	44.37	22.95	12.465919570981477	991	101	90	6	116	60	90	3	29	15	5675	0	0.031247854232788086	99200	43.668888092041016	87346	11.949596774193552	
8.723954056851753e+26	90.0	3.49	43.21	22.35	12.465919570981477	992	101	90	5	87	45	90	3	29	15	5685	0	0.046872615814208984	99300	43.715760707855225	87429	11.954682779456192	
4.8559130291182294e+26	90.0	3.46	42.34	21.9	12.465919570981477	993	101	90	5	87	45	90	3	29	15	5693	0	0.06249547004699707	99400	43.77825617790222	87517	11.954728370221318	
1.7205793076386576e+27	90.0	3.27	36.83	19.05	12.465919570981477	994	101	90	5	87	45	90	3	29	15	5696	0	0.031247377395629883	99500	43.80950355529785	87606	11.953768844221102	
1.2648185167036697e+35	90.0	3.25	36.25	18.75	12.465919570981477	995	101	90	5	87	45	90	3	29	15	5702	0	0.04687166213989258	99600	43.856375217437744	87694	11.95381526104417	
5.4685817845603795e+17	90.0	3.35	39.15	20.25	12.465919570981477	996	101	90	5	87	45	90	3	29	15	5709	0	0.015624046325683594	99700	43.87199926376343	87779	11.956870611835498	
1.295574963483648e+26	90.0	3.39	40.31	20.85	12.465919570981477	997	101	90	5	87	45	90	3	29	15	5716	0	0.04687213897705078	99800	43.91887140274048	87865	11.958917835671343	
1.8100922632374086e+23	90.0	3.46	42.34	21.9	12.465919570981477	998	101	90	5	87	45	90	3	29	15	5724	0	0.04687190055847168	99900	43.96574330329895	87951	11.96096096096096	
1.849650608815659e+31	90.0	3.56	45.24	23.4	12.465919570981477	999	101	90	5	87	45	90	3	29	15	5728	0	0.031248092651367188	100000	43.99699139595032	88040	11.960000000000008	
6.889331022045441e+29	90.0	3.5	43.5	22.5	12.465919570981477	1000	101	90	6	116	60	90	3	29	15	5733	0	0.04687166213989258	100100	44.04386305809021	88132	11.956043956043956	
