ave_fitness	ave_genome_length	ave_tree_depth	ave_tree_nodes	ave_used_codons	best_fitness	gen	invalids	max_genome_length	max_tree_depth	max_tree_nodes	max_used_codons	min_genome_length	min_tree_depth	min_tree_nodes	min_used_codons	runtime_error	time_adjust	time_taken	total_inds	total_time	unique_inds	unused_search	
2.582232888837691e+43	100.774	6.49	130.21	67.35	59.0880095838623	0	0	180	10	232	120	22	3	29	15	312	0	6.624546051025391	500	6.624546051025391	188	62.4	
5.04207129980468e+34	51.576	3.9157608695652173	55.557065217391305	28.73641304347826	59.0880095838623	1	133	90	8.0	174.0	90.0	22	3.0	29.0	15.0	441	0	0.32810211181640625	1000	6.952648162841797	305	69.5	
1.5296892749300499e+40	55.5	3.552808988764045	45.0314606741573	23.292134831460675	59.0880095838623	2	188	90	8.0	174.0	90.0	22	3.0	29.0	15.0	495	0	0.203110933303833	1500	7.15575909614563	366	75.6	
2.620235294132805e+35	56.098	3.2468879668049793	36.1597510373444	18.703319502074688	59.0880095838623	3	207	90	8.0	174.0	90.0	22	3.0	29.0	15.0	518	0	0.18748807907104492	2000	7.343247175216675	407	79.65	
4.1984066942084004e+24	56.016	3.108829568788501	32.15605749486653	16.632443531827516	59.0880095838623	4	221	90	8.0	174.0	90.0	22	3.0	29.0	15.0	525	0	0.15623950958251953	2500	7.499486684799194	421	83.16	
2.4296727272834465e+35	56.05	3.0402414486921527	30.167002012072434	15.603621730382294	59.0880095838623	5	224	90	5.0	87.0	45.0	22	3.0	29.0	15.0	528	0	0.12499046325683594	3000	7.62447714805603	430	85.66666666666667	
65.33592869529029	59.538	3.002	29.058	15.03	59.0880095838623	6	224	90	4	58	30	22	3	29	15	528	0	0.12499165534973145	3500	7.749468803405762	430	87.71428571428571	
61.019710485086506	60.032	3.012	29.348	15.18	59.0880095838623	7	224	90	6	116	60	22	3	29	15	531	0	0.12499141693115234	4000	7.874460220336914	430	89.25	
59.92338773599016	60.298	3.002	29.058	15.03	59.0880095838623	8	224	90	4	58	30	22	3	29	15	531	0	0.14061546325683594	4500	8.01507568359375	430	90.44444444444444	
59.8399049204793	59.92	3.002	29.058	15.03	59.0880095838623	9	224	90	4	58	30	22	3	29	15	531	0	0.09374308586120605	5000	8.108818769454956	430	91.4	
59.8399049204793	62.594	3.002	29.058	15.03	59.0880095838623	10	224	90	4	58	30	22	3	29	15	532	0	0.10936760902404785	5500	8.218186378479004	430	92.18181818181819	
59.8399049204793	62.954	3.002	29.058	15.03	59.0880095838623	11	224	90	4	58	30	22	3	29	15	532	0	0.09374403953552246	6000	8.311930418014526	430	92.83333333333333	
59.8399049204793	61.144	3.002	29.058	15.03	59.0880095838623	12	224	90	4	58	30	22	3	29	15	532	0	0.10936689376831055	6500	8.421297311782837	430	93.38461538461539	
59.839898869056476	62.46	3.006	29.174	15.09	59.0880095838623	13	224	90	4	58	30	22	3	29	15	535	0	0.12499165534973145	7000	8.546288967132568	430	93.85714285714286	
59.839898869056476	64.07	3.006	29.174	15.09	59.0880095838623	14	224	90	4	58	30	22	3	29	15	538	0	0.15624260902404785	7500	8.702531576156616	430	94.26666666666667	
59.8399049204793	60.956	3.002	29.058	15.03	59.0880095838623	15	224	90	4	58	30	22	3	29	15	539	0	0.10936474800109863	8000	8.811896324157715	430	94.625	
59.839901900831435	61.71	3.008	29.232	15.12	59.0880095838623	16	224	90	6	116	60	22	3	29	15	541	0	0.15624046325683594	8500	8.96813678741455	430	94.94117647058823	
59.83988041959667	61.382	3.0180722891566263	29.52409638554217	15.271084337349398	59.0880095838623	17	226	90	6.0	116.0	60.0	22	3.0	29.0	15.0	548	0	0.15623998641967773	9000	9.124376773834229	430	95.22222222222223	
59.8399049204793	62.79	3.002	29.058	15.03	59.0880095838623	18	227	90	4	58	30	22	3	29	15	548	0	0.09374165534973145	9500	9.21811842918396	430	95.47368421052632	
59.8399049204793	61.718	3.002	29.058	15.03	59.0880095838623	19	227	90	4	58	30	22	3	29	15	548	0	0.10936713218688965	10000	9.32748556137085	430	95.7	
59.8399049204793	62.63	3.002	29.058	15.03	59.0880095838623	20	227	90	4	58	30	22	3	29	15	548	0	0.12499165534973145	10500	9.452477216720581	430	95.9047619047619	
59.839901900831435	61.984	3.004	29.116	15.06	59.0880095838623	21	227	90	4	58	30	22	3	29	15	550	0	0.14061546325683594	11000	9.593092679977417	430	96.0909090909091	
59.8399049204793	61.574	3.002	29.058	15.03	59.0880095838623	22	227	90	4	58	30	22	3	29	15	550	0	0.14061594009399414	11500	9.733708620071411	430	96.26086956521739	
59.8399049204793	62.578	3.002	29.058	15.03	59.0880095838623	23	227	90	4	58	30	22	3	29	15	551	0	0.12499070167541504	12000	9.858699321746826	430	96.41666666666667	
59.8399049204793	64.826	3.002	29.058	15.03	59.0880095838623	24	227	90	4	58	30	22	3	29	15	551	0	0.10936832427978516	12500	9.968067646026611	430	96.56	
59.8399049204793	60.81	3.002	29.058	15.03	59.0880095838623	25	227	90	4	58	30	22	3	29	15	551	0	0.07811903953552246	13000	10.046186685562134	430	96.6923076923077	
59.8399049204793	61.446	3.002	29.058	15.03	59.0880095838623	26	227	90	4	58	30	22	3	29	15	551	0	0.12499189376831055	13500	10.171178579330444	430	96.81481481481481	
59.839898869056476	60.5	3.006	29.174	15.09	59.0880095838623	27	227	90	4	58	30	22	3	29	15	554	0	0.12499094009399414	14000	10.296169519424438	430	96.92857142857143	
59.839901900831435	61.63	3.004	29.116	15.06	59.0880095838623	28	227	90	4	58	30	22	3	29	15	556	0	0.14061546325683594	14500	10.436784982681274	430	97.03448275862068	
59.839901900831435	60.532	3.004	29.116	15.06	59.0880095838623	29	228	90	4	58	30	22	3	29	15	557	0	0.10936737060546875	15000	10.546152353286743	430	97.13333333333334	
59.839898869056476	60.84	3.006	29.174	15.09	59.0880095838623	30	228	90	4	58	30	22	3	29	15	560	0	0.15623927116394043	15500	10.702391624450684	430	97.2258064516129	
59.8399049204793	62.762	3.002	29.058	15.03	59.0880095838623	31	228	90	4	58	30	22	3	29	15	561	0	0.12499141693115234	16000	10.827383041381836	430	97.3125	
59.839898869056476	62.71	3.006	29.174	15.09	59.0880095838623	32	228	90	4	58	30	22	3	29	15	564	0	0.17186379432678223	16500	10.999246835708618	430	97.39393939393939	
59.839898869056476	62.396	3.008	29.232	15.12	59.0880095838623	33	228	90	5	87	45	22	3	29	15	567	0	0.14061522483825684	17000	11.139862060546875	430	97.47058823529412	
59.8399049204793	63.616	3.002	29.058	15.03	59.0880095838623	34	228	90	4	58	30	22	3	29	15	567	0	0.15623903274536133	17500	11.296101093292236	430	97.54285714285714	
59.839901900831435	63.572	3.006	29.174	15.09	59.0880095838623	35	228	90	5	87	45	22	3	29	15	569	0	0.17186307907104492	18000	11.467964172363281	430	97.61111111111111	
59.8399049204793	61.494	3.002	29.058	15.03	59.0880095838623	36	228	90	4	58	30	22	3	29	15	569	0	0.14061522483825684	18500	11.608579397201538	430	97.67567567567568	
59.839898869056476	62.642	3.012	29.348	15.18	59.0880095838623	37	228	90	7	145	75	22	3	29	15	572	0	0.15623950958251953	19000	11.764818906784058	430	97.73684210526315	
59.839901900831435	62.788	3.004	29.116	15.06	59.0880095838623	38	228	90	4	58	30	22	3	29	15	574	0	0.14061594009399414	19500	11.905434846878052	430	97.7948717948718	
59.8399049204793	62.626	3.002	29.058	15.03	59.0880095838623	39	228	90	4	58	30	22	3	29	15	574	0	0.15623927116394043	20000	12.061674118041992	430	97.85	
59.839898869056476	61.778	3.006	29.174	15.09	59.0880095838623	40	229	90	4	58	30	22	3	29	15	576	0	0.10936808586120605	20500	12.171042203903198	430	97.90243902439025	
59.8399049204793	59.76	3.002	29.058	15.03	59.0880095838623	41	229	90	4	58	30	22	3	29	15	576	0	0.14061450958251953	21000	12.311656713485718	430	97.95238095238095	
59.839901900831435	59.336	3.002004008016032	29.05811623246493	15.030060120240481	59.0880095838623	42	230	90	4.0	58.0	30.0	22	3.0	29.0	15.0	577	0	0.17186331748962402	21500	12.483520030975342	430	98.0	
59.839901900831435	61.066	3.006	29.174	15.09	59.0880095838623	43	230	90	5	87	45	22	3	29	15	579	0	0.07811951637268066	22000	12.561639547348022	430	98.04545454545455	
59.8399049204793	59.856	3.002	29.058	15.03	59.0880095838623	44	230	90	4	58	30	22	3	29	15	580	0	0.14061546325683594	22500	12.702255010604858	430	98.08888888888889	
59.839895825081214	57.53	3.006012024048096	29.17434869739479	15.090180360721442	59.0880095838623	45	231	90	4.0	58.0	30.0	22	3.0	29.0	15.0	583	0	0.14061617851257324	23000	12.842871189117432	430	98.1304347826087	
59.83989276883186	57.114	3.01	29.29	15.15	59.0880095838623	46	231	90	4	58	30	22	3	29	15	588	0	0.17186212539672852	23500	13.01473331451416	430	98.17021276595744	
59.8399049204793	56.724	3.002	29.058	15.03	59.0880095838623	47	231	90	4	58	30	22	3	29	15	589	0	0.14061546325683594	24000	13.155348777770996	430	98.20833333333333	
59.8399049204793	56.95	3.002	29.058	15.03	59.0880095838623	48	231	90	4	58	30	22	3	29	15	590	0	0.12499165534973145	24500	13.280340433120728	430	98.24489795918367	
59.839895825081214	57.264	3.006012024048096	29.17434869739479	15.090180360721442	59.0880095838623	49	232	90	4.0	58.0	30.0	22	3.0	29.0	15.0	593	0	0.14061522483825684	25000	13.420955657958984	430	98.28	
59.8399049204793	57.932	3.002	29.058	15.03	59.0880095838623	50	232	90	4	58	30	22	3	29	15	593	0	0.12499117851257324	25500	13.545946836471558	430	98.31372549019608	
59.8399049204793	58.966	3.002	29.058	15.03	59.0880095838623	51	232	90	4	58	30	22	3	29	15	593	0	0.14061546325683594	26000	13.686562299728394	430	98.34615384615384	
59.83989276883186	60.484	3.016	29.464	15.24	59.0880095838623	52	232	90	6	116	60	22	3	29	15	598	0	0.15623927116394043	26500	13.842801570892334	430	98.37735849056604	
59.839901900831435	59.622	3.004	29.116	15.06	59.0880095838623	53	232	90	4	58	30	22	3	29	15	600	0	0.12499189376831055	27000	13.967793464660645	430	98.4074074074074	
59.83989276883186	59.316	3.016	29.464	15.24	59.0880095838623	54	232	90	7	145	75	45	3	29	15	605	0	0.15623903274536133	27500	14.124032497406006	430	98.43636363636364	
59.8399049204793	60.798	3.002	29.058	15.03	59.0880095838623	55	232	90	4	58	30	45	3	29	15	605	0	0.14061546325683594	28000	14.264647960662842	430	98.46428571428571	
59.839895825081214	59.302	3.02	29.58	15.3	59.0880095838623	56	232	90	7	145	75	45	3	29	15	609	0	0.15623927116394043	28500	14.420887231826782	430	98.49122807017544	
59.8399049204793	59.166	3.002	29.058	15.03	59.0880095838623	57	232	90	4	58	30	45	3	29	15	609	0	0.14061570167541504	29000	14.561502933502197	430	98.51724137931035	
59.8399049204793	60.114	3.002	29.058	15.03	59.0880095838623	58	232	90	4	58	30	45	3	29	15	609	0	0.17186331748962402	29500	14.733366250991821	430	98.54237288135593	
59.839901900831435	58.272	3.004	29.116	15.06	59.0880095838623	59	232	90	4	58	30	45	3	29	15	611	0	0.15623879432678223	30000	14.889605045318604	430	98.56666666666666	
59.8399049204793	59.026	3.002	29.058	15.03	59.0880095838623	60	232	90	4	58	30	45	3	29	15	611	0	0.14061522483825684	30500	15.03022027015686	430	98.59016393442623	
59.839898869056476	57.502	3.006	29.174	15.09	59.0880095838623	61	232	90	4	58	30	45	3	29	15	614	0	0.12499189376831055	31000	15.155212163925171	430	98.61290322580645	
59.8399049204793	59.872	3.002	29.058	15.03	59.0880095838623	62	232	90	4	58	30	45	3	29	15	615	0	0.10936713218688965	31500	15.26457929611206	430	98.63492063492063	
59.839898869056476	58.524	3.006	29.174	15.09	59.0880095838623	63	232	90	4	58	30	45	3	29	15	618	0	0.10936784744262695	32000	15.373947143554688	430	98.65625	
59.8399049204793	56.714	3.002	29.058	15.03	59.0880095838623	64	232	90	4	58	30	45	3	29	15	618	0	0.17186307907104492	32500	15.545810222625732	430	98.67692307692307	
59.839898869056476	57.026	3.006	29.174	15.09	59.0880095838623	65	232	90	4	58	30	45	3	29	15	621	0	0.09374356269836426	33000	15.639553785324097	430	98.6969696969697	
59.8399049204793	56.874	3.002	29.058	15.03	59.0880095838623	66	232	90	4	58	30	45	3	29	15	621	0	0.15623903274536133	33500	15.795792818069458	430	98.71641791044776	
59.8399049204793	56.712	3.002	29.058	15.03	59.0880095838623	67	232	90	4	58	30	45	3	29	15	622	0	0.15623998641967773	34000	15.952032804489136	430	98.73529411764706	
59.8399049204793	55.056	3.002	29.058	15.03	59.0880095838623	68	232	90	4	58	30	45	3	29	15	623	0	0.12499070167541504	34500	16.07702350616455	430	98.7536231884058	
59.839898869056476	56.632	3.01	29.29	15.15	59.0880095838623	69	232	90	5	87	45	45	3	29	15	626	0	0.14061594009399414	35000	16.217639446258545	430	98.77142857142857	
59.8399049204793	55.544	3.002	29.058	15.03	59.0880095838623	70	232	90	4	58	30	45	3	29	15	627	0	0.15623927116394043	35500	16.373878717422485	430	98.78873239436619	
59.839901900831435	54.566	3.004	29.116	15.06	59.0880095838623	71	232	90	4	58	30	45	3	29	15	629	0	0.14061570167541504	36000	16.5144944190979	430	98.80555555555556	
59.839895825081214	55.182	3.01	29.29	15.15	59.0880095838623	72	232	90	5	87	45	45	3	29	15	633	0	0.14061594009399414	36500	16.655110359191895	430	98.82191780821918	
59.8399049204793	55.544	3.002	29.058	15.03	59.0880095838623	73	232	90	4	58	30	45	3	29	15	634	0	0.14061498641967773	37000	16.795725345611572	430	98.83783783783784	
59.8399049204793	54.97	3.002	29.058	15.03	59.0880095838623	74	232	90	4	58	30	45	3	29	15	635	0	0.07812023162841797	37500	16.87384557723999	430	98.85333333333334	
59.839898869056476	55.68	3.006	29.174	15.09	59.0880095838623	75	232	90	4	58	30	45	3	29	15	638	0	0.12499046325683594	38000	16.998836040496826	430	98.86842105263158	
59.8399049204793	55.542	3.002	29.058	15.03	59.0880095838623	76	232	90	4	58	30	45	3	29	15	638	0	0.15623903274536133	38500	17.155075073242188	430	98.88311688311688	
59.8399049204793	54.33	3.002	29.058	15.03	59.0880095838623	77	232	90	4	58	30	45	3	29	15	639	0	0.10936784744262695	39000	17.264442920684814	430	98.8974358974359	
59.839895825081214	55.074	3.014	29.406	15.21	59.0880095838623	78	232	90	6	116	60	45	3	29	15	643	0	0.14061546325683594	39500	17.40505838394165	430	98.9113924050633	
59.83988352569233	54.33	3.022	29.638	15.33	59.0880095838623	79	232	90	5	87	45	45	3	29	15	651	0	0.12499260902404785	40000	17.5300509929657	430	98.925	
59.839898869056476	55.61	3.008	29.232	15.12	59.0880095838623	80	232	90	5	87	45	45	3	29	15	654	0	0.17186212539672852	40500	17.701913118362427	430	98.93827160493827	
59.83988661921271	55.512	3.018	29.522	15.27	59.0880095838623	81	232	90	5	87	45	45	3	29	15	661	0	0.12499094009399414	41000	17.82690405845642	430	98.95121951219512	
59.839898869056476	55.798	3.01	29.29	15.15	59.0880095838623	82	232	90	5	87	45	45	3	29	15	664	0	0.14061546325683594	41500	17.967519521713257	430	98.96385542168674	
59.839895825081214	56.132	3.01	29.29	15.15	59.0880095838623	83	232	90	5	87	45	45	3	29	15	668	0	0.15623927116394043	42000	18.123758792877197	430	98.97619047619048	
59.839901900831435	55.468	3.004	29.116	15.06	59.0880095838623	84	232	90	4	58	30	45	3	29	15	670	0	0.14061546325683594	42500	18.264374256134033	430	98.98823529411764	
59.8399049204793	55.688	3.002	29.058	15.03	59.0880095838623	85	232	90	4	58	30	45	3	29	15	670	0	0.15623927116394043	43000	18.420613527297974	430	99.0	
59.8399049204793	54.75	3.002	29.058	15.03	59.0880095838623	86	232	90	4	58	30	45	3	29	15	670	0	0.15623950958251953	43500	18.576853036880493	430	99.01149425287356	
59.839901900831435	54.752	3.004	29.116	15.06	59.0880095838623	87	232	90	4	58	30	45	3	29	15	672	0	0.12499356269836426	44000	18.701846599578857	430	99.02272727272727	
59.839895825081214	54.714	3.012	29.348	15.18	59.0880095838623	88	232	90	6	116	60	45	3	29	15	676	0	0.12498927116394043	44500	18.826835870742798	430	99.03370786516854	
59.839898869056476	55.116	3.006	29.174	15.09	59.0880095838623	89	232	90	4	58	30	45	3	29	15	679	0	0.17186355590820312	45000	18.998699426651	430	99.04444444444445	
59.8399049204793	54.482	3.002	29.058	15.03	59.0880095838623	90	232	90	4	58	30	45	3	29	15	679	0	0.15623903274536133	45500	19.154938459396362	430	99.05494505494505	
59.839901900831435	55.586	3.004	29.116	15.06	59.0880095838623	91	232	90	4	58	30	45	3	29	15	681	0	0.15623927116394043	46000	19.311177730560303	430	99.06521739130434	
59.83989276883186	54.382	3.01	29.29	15.15	59.0880095838623	92	232	90	4	58	30	45	3	29	15	686	0	0.15623903274536133	46500	19.467416763305664	430	99.0752688172043	
59.839898869056476	54.962	3.006	29.174	15.09	59.0880095838623	93	232	90	4	58	30	45	3	29	15	689	0	0.12499260902404785	47000	19.592409372329712	430	99.08510638297872	
59.839901900831435	53.706	3.004	29.116	15.06	59.0880095838623	94	232	90	4	58	30	45	3	29	15	691	0	0.14061474800109863	47500	19.73302412033081	430	99.09473684210526	
59.8399049204793	53.086	3.002	29.058	15.03	59.0880095838623	95	232	90	4	58	30	45	3	29	15	691	0	0.14061474800109863	48000	19.87363886833191	430	99.10416666666667	
59.8399049204793	53.22	3.002	29.058	15.03	59.0880095838623	96	232	90	4	58	30	45	3	29	15	691	0	0.10937213897705078	48500	19.98301100730896	430	99.11340206185567	
59.839898869056476	53.474	3.006	29.174	15.09	59.0880095838623	97	232	90	4	58	30	45	3	29	15	694	0	0.12499046325683594	49000	20.108001470565796	430	99.12244897959184	
59.8399049204793	53.298	3.002	29.058	15.03	59.0880095838623	98	232	90	4	58	30	45	3	29	15	695	0	0.12498927116394043	49500	20.232990741729736	430	99.13131313131314	
59.839901900831435	53.26	3.004	29.116	15.06	59.0880095838623	99	232	90	4	58	30	45	3	29	15	697	0	0.15623855590820312	50000	20.38922929763794	430	99.14	
59.839898869056476	54.326	3.006	29.174	15.09	59.0880095838623	100	232	90	4	58	30	45	3	29	15	700	0	0.12499284744262695	50500	20.514222145080566	430	99.14851485148515	
59.83989276883186	55.004	3.014	29.406	15.21	59.0880095838623	101	232	90	6	116	60	45	3	29	15	705	0	0.09374332427978516	51000	20.60796546936035	430	99.15686274509804	
59.8399049204793	53.848	3.002	29.058	15.03	59.0880095838623	102	232	90	4	58	30	45	3	29	15	706	0	0.12499117851257324	51500	20.732956647872925	430	99.16504854368932	
59.8399049204793	53.846	3.002	29.058	15.03	59.0880095838623	103	232	90	4	58	30	45	3	29	15	707	0	0.12499046325683594	52000	20.85794711112976	430	99.17307692307692	
59.83989276883186	53.572	3.016	29.464	15.24	59.0880095838623	104	232	90	7	145	75	45	3	29	15	712	0	0.14061522483825684	52500	20.998562335968018	430	99.18095238095238	
59.839901900831435	53.486	3.006	29.174	15.09	59.0880095838623	105	232	90	5	87	45	45	3	29	15	714	0	0.17186450958251953	53000	21.170426845550537	430	99.18867924528301	
59.8399049204793	53.8	3.002	29.058	15.03	59.0880095838623	106	232	90	4	58	30	45	3	29	15	715	0	0.15623831748962402	53500	21.32666516304016	430	99.19626168224299	
59.8399049204793	53.066	3.002	29.058	15.03	59.0880095838623	107	232	90	4	58	30	45	3	29	15	716	0	0.10936832427978516	54000	21.436033487319946	430	99.20370370370371	
59.83988970023403	52.708	3.014	29.406	15.21	59.0880095838623	108	232	90	5	87	45	45	3	29	15	722	0	0.14061498641967773	54500	21.576648473739624	430	99.21100917431193	
59.839901900831435	52.426	3.008	29.232	15.12	59.0880095838623	109	232	90	6	116	60	45	3	29	15	724	0	0.1874864101409912	55000	21.764134883880615	430	99.21818181818182	
59.8399049204793	52.302	3.002	29.058	15.03	59.0880095838623	110	232	90	4	58	30	45	3	29	15	724	0	0.09374499320983887	55500	21.857879877090454	430	99.22522522522523	
59.8399049204793	52.322	3.002	29.058	15.03	59.0880095838623	111	232	90	4	58	30	45	3	29	15	724	0	0.14061427116394043	56000	21.998494148254395	430	99.23214285714286	
59.839901900831435	52.432	3.004	29.116	15.06	59.0880095838623	112	232	90	4	58	30	45	3	29	15	726	0	0.15624022483825684	56500	22.15473437309265	430	99.23893805309734	
59.839901900831435	53.734	3.004	29.116	15.06	59.0880095838623	113	232	90	4	58	30	45	3	29	15	728	0	0.15623927116394043	57000	22.310973644256592	430	99.24561403508773	
59.8399049204793	54.698	3.002	29.058	15.03	59.0880095838623	114	232	90	4	58	30	45	3	29	15	729	0	0.09374356269836426	57500	22.404717206954956	430	99.25217391304348	
59.8399049204793	55.324	3.002	29.058	15.03	59.0880095838623	115	232	90	4	58	30	45	3	29	15	730	0	0.09374284744262695	58000	22.498460054397583	430	99.25862068965517	
59.8399049204793	55.236	3.002	29.058	15.03	59.0880095838623	116	232	90	4	58	30	45	3	29	15	731	0	0.10936737060546875	58500	22.60782742500305	430	99.26495726495726	
59.839901900831435	55.796	3.004	29.116	15.06	59.0880095838623	117	232	90	4	58	30	45	3	29	15	733	0	0.10936808586120605	59000	22.717195510864258	430	99.27118644067797	
59.839901900831435	56.792	3.004	29.116	15.06	59.0880095838623	118	232	90	4	58	30	45	3	29	15	735	0	0.12499046325683594	59500	22.842185974121094	430	99.27731092436974	
59.8399049204793	58.098	3.002	29.058	15.03	59.0880095838623	119	232	90	4	58	30	45	3	29	15	735	0	0.14061546325683594	60000	22.98280143737793	430	99.28333333333333	
59.839901900831435	58.262	3.004	29.116	15.06	59.0880095838623	120	232	90	4	58	30	45	3	29	15	737	0	0.14061689376831055	60500	23.12341833114624	430	99.2892561983471	
59.83988970023403	56.78	3.012	29.348	15.18	59.0880095838623	121	232	90	4	58	30	45	3	29	15	743	0	0.12498998641967773	61000	23.248408317565918	430	99.29508196721312	
59.8399049204793	56.844	3.002	29.058	15.03	59.0880095838623	122	232	90	4	58	30	45	3	29	15	743	0	0.15623950958251953	61500	23.404647827148438	430	99.30081300813008	
59.839901900831435	57.596	3.004	29.116	15.06	59.0880095838623	123	232	90	4	58	30	45	3	29	15	745	0	0.17186450958251953	62000	23.576512336730957	430	99.30645161290323	
59.8399049204793	57.994	3.002	29.058	15.03	59.0880095838623	124	232	90	4	58	30	45	3	29	15	745	0	0.14061379432678223	62500	23.71712613105774	430	99.312	
59.839898869056476	58.546	3.006	29.174	15.09	59.0880095838623	125	232	90	4	58	30	45	3	29	15	748	0	0.10936737060546875	63000	23.826493501663208	430	99.31746031746032	
59.839901900831435	58.72	3.004	29.116	15.06	59.0880095838623	126	232	90	4	58	30	45	3	29	15	750	0	0.15623974800109863	63500	23.982733249664307	430	99.32283464566929	
59.8399049204793	58.374	3.002	29.058	15.03	59.0880095838623	127	232	90	4	58	30	45	3	29	15	751	0	0.17186355590820312	64000	24.15459680557251	430	99.328125	
59.839895825081214	58.63	3.012	29.348	15.18	59.0880095838623	128	232	90	5	87	45	45	3	29	15	755	0	0.15623855590820312	64500	24.310835361480713	430	99.33333333333333	
59.839901900831435	58.156	3.004	29.116	15.06	59.0880095838623	129	232	90	4	58	30	45	3	29	15	757	0	0.15623950958251953	65000	24.467074871063232	430	99.33846153846154	
59.8399049204793	57.18	3.002	29.058	15.03	59.0880095838623	130	232	90	4	58	30	45	3	29	15	758	0	0.12499260902404785	65500	24.59206748008728	430	99.34351145038168	
59.8399049204793	55.712	3.002	29.058	15.03	59.0880095838623	131	232	90	4	58	30	45	3	29	15	759	0	0.12499046325683594	66000	24.717057943344116	430	99.34848484848484	
59.8399049204793	56.122	3.002	29.058	15.03	59.0880095838623	132	232	90	4	58	30	45	3	29	15	760	0	0.15624070167541504	66500	24.87329864501953	430	99.35338345864662	
59.839901900831435	53.674	3.004	29.116	15.06	59.0880095838623	133	232	90	4	58	30	45	3	29	15	762	0	0.10936594009399414	67000	24.982664585113525	430	99.35820895522389	
59.839901900831435	52.836	3.004	29.116	15.06	59.0880095838623	134	232	90	4	58	30	45	3	29	15	764	0	0.17186331748962402	67500	25.15452790260315	430	99.36296296296297	
59.8399049204793	55.826	3.002	29.058	15.03	59.0880095838623	135	232	90	4	58	30	45	3	29	15	765	0	0.15623950958251953	68000	25.31076741218567	430	99.36764705882354	
59.839898869056476	53.818	3.006	29.174	15.09	59.0880095838623	136	232	90	4	58	30	45	3	29	15	768	0	0.12499141693115234	68500	25.43575882911682	430	99.37226277372262	
59.83988661921271	54.13	3.024	29.696	15.36	59.0880095838623	137	232	90	7	145	75	45	3	29	15	775	0	0.10936713218688965	69000	25.54512596130371	430	99.3768115942029	
59.8399049204793	53.64	3.002	29.058	15.03	59.0880095838623	138	232	90	4	58	30	45	3	29	15	775	0	0.15623950958251953	69500	25.70136547088623	430	99.38129496402878	
59.839898869056476	53.59	3.006	29.174	15.09	59.0880095838623	139	232	90	4	58	30	45	3	29	15	778	0	0.14061546325683594	70000	25.841980934143066	430	99.38571428571429	
59.8399049204793	53.38	3.002	29.058	15.03	59.0880095838623	140	232	90	4	58	30	45	3	29	15	778	0	0.09374380111694336	70500	25.93572473526001	430	99.39007092198581	
59.8399049204793	52.762	3.002	29.058	15.03	59.0880095838623	141	232	90	4	58	30	45	3	29	15	778	0	0.10936808586120605	71000	26.045092821121216	430	99.3943661971831	
59.8399049204793	53.34	3.002	29.058	15.03	59.0880095838623	142	232	90	4	58	30	45	3	29	15	778	0	0.09374332427978516	71500	26.138836145401	430	99.3986013986014	
59.8399049204793	54.112	3.002	29.058	15.03	59.0880095838623	143	232	90	4	58	30	45	3	29	15	779	0	0.12499094009399414	72000	26.263827085494995	430	99.40277777777777	
59.839901900831435	54.564	3.004	29.116	15.06	59.0880095838623	144	232	90	4	58	30	45	3	29	15	781	0	0.15623927116394043	72500	26.420066356658936	430	99.40689655172413	
59.839901900831435	55.196	3.004	29.116	15.06	59.0880095838623	145	232	90	4	58	30	45	3	29	15	783	0	0.12499284744262695	73000	26.545059204101562	430	99.41095890410959	
59.839898869056476	54.172	3.006	29.174	15.09	59.0880095838623	146	232	90	4	58	30	45	3	29	15	786	0	0.10936617851257324	73500	26.654425382614136	430	99.41496598639456	
59.839895825081214	53.408	3.008	29.232	15.12	59.0880095838623	147	232	90	4	58	30	45	3	29	15	790	0	0.09374380111694336	74000	26.74816918373108	430	99.41891891891892	
59.8399049204793	54.534	3.002	29.058	15.03	59.0880095838623	148	232	90	4	58	30	45	3	29	15	791	0	0.09374332427978516	74500	26.841912508010864	430	99.42281879194631	
59.839895825081214	53.536	3.01	29.29	15.15	59.0880095838623	149	232	90	5	87	45	45	3	29	15	795	0	0.10936760902404785	75000	26.951280117034912	430	99.42666666666666	
59.8399049204793	53.532	3.002	29.058	15.03	59.0880095838623	150	232	90	4	58	30	45	3	29	15	796	0	0.17186331748962402	75500	27.123143434524536	430	99.43046357615894	
59.839895825081214	54.08	3.014	29.406	15.21	59.0880095838623	151	232	90	7	145	75	45	3	29	15	800	0	0.15623927116394043	76000	27.279382705688477	430	99.4342105263158	
59.83988661921271	54.444	3.02	29.58	15.3	59.0880095838623	152	232	90	7	145	75	45	3	29	15	807	0	0.10936760902404785	76500	27.388750314712524	430	99.43790849673202	
59.839901900831435	55.61	3.004	29.116	15.06	59.0880095838623	153	232	90	4	58	30	45	3	29	15	809	0	0.15623903274536133	77000	27.544989347457886	430	99.44155844155844	
59.839874169371505	55.108	3.026	29.754	15.39	59.0880095838623	154	232	90	5	87	45	45	3	29	15	820	0	0.10936760902404785	77500	27.654356956481934	430	99.44516129032257	
59.8399049204793	54.598	3.002	29.058	15.03	59.0880095838623	155	232	90	4	58	30	45	3	29	15	821	0	0.14061546325683594	78000	27.79497241973877	430	99.44871794871794	
59.8399049204793	54.688	3.002	29.058	15.03	59.0880095838623	156	232	90	4	58	30	45	3	29	15	822	0	0.14061546325683594	78500	27.935587882995605	430	99.45222929936305	
59.8399049204793	56.216	3.002	29.058	15.03	59.0880095838623	157	232	90	4	58	30	45	3	29	15	822	0	0.14061546325683594	79000	28.07620334625244	430	99.45569620253164	
59.8399049204793	57.734	3.002	29.058	15.03	59.0880095838623	158	232	90	4	58	30	45	3	29	15	822	0	0.15624260902404785	79500	28.23244595527649	430	99.45911949685535	
59.8399049204793	57.962	3.002	29.058	15.03	59.0880095838623	159	232	90	4	58	30	45	3	29	15	823	0	0.15623712539672852	80000	28.388683080673218	430	99.4625	
59.83988661921271	57.742	3.028	29.812	15.42	59.0880095838623	160	232	90	7	145	75	45	3	29	15	830	0	0.10936617851257324	80500	28.49804925918579	430	99.46583850931677	
59.839901900831435	55.862	3.004	29.116	15.06	59.0880095838623	161	232	90	4	58	30	45	3	29	15	832	0	0.10936760902404785	81000	28.60741686820984	430	99.46913580246914	
59.8399049204793	55.382	3.002	29.058	15.03	59.0880095838623	162	232	90	4	58	30	45	3	29	15	832	0	0.09374356269836426	81500	28.701160430908203	430	99.47239263803681	
59.839901900831435	56.042	3.004	29.116	15.06	59.0880095838623	163	232	90	4	58	30	45	3	29	15	834	0	0.14061546325683594	82000	28.84177589416504	430	99.47560975609755	
59.839898869056476	54.854	3.006	29.174	15.09	59.0880095838623	164	232	90	4	58	30	45	3	29	15	837	0	0.14061546325683594	82500	28.982391357421875	430	99.47878787878788	
59.83989276883186	53.464	3.01	29.29	15.15	59.0880095838623	165	232	90	4	58	30	45	3	29	15	842	0	0.12499189376831055	83000	29.107383251190186	430	99.48192771084338	
59.8399049204793	54.542	3.002	29.058	15.03	59.0880095838623	166	232	90	4	58	30	45	3	29	15	843	0	0.14061498641967773	83500	29.247998237609863	430	99.48502994011976	
59.8399049204793	54.358	3.002	29.058	15.03	59.0880095838623	167	232	90	4	58	30	45	3	29	15	844	0	0.12499141693115234	84000	29.372989654541016	430	99.48809523809524	
59.839895825081214	53.77	3.008	29.232	15.12	59.0880095838623	168	232	90	4	58	30	45	3	29	15	848	0	0.15623903274536133	84500	29.529228687286377	430	99.49112426035504	
59.8399049204793	53.144	3.002	29.058	15.03	59.0880095838623	169	232	90	4	58	30	45	3	29	15	849	0	0.10936737060546875	85000	29.638596057891846	430	99.49411764705883	
59.8399049204793	52.464	3.002	29.058	15.03	59.0880095838623	170	232	90	4	58	30	45	3	29	15	849	0	0.12499165534973145	85500	29.763587713241577	430	99.49707602339181	
59.8399049204793	50.858	3.002	29.058	15.03	59.0880095838623	171	232	90	4	58	30	45	3	29	15	849	0	0.14061546325683594	86000	29.904203176498413	430	99.5	
59.839901900831435	50.77	3.004	29.116	15.06	59.0880095838623	172	232	90	4	58	30	45	3	29	15	851	0	0.15623950958251953	86500	30.060442686080933	430	99.5028901734104	
59.839895825081214	50.506	3.008	29.232	15.12	59.0880095838623	173	232	90	4	58	30	45	3	29	15	855	0	0.15623903274536133	87000	30.216681718826294	430	99.50574712643679	
59.8399049204793	50.414	3.002	29.058	15.03	59.0880095838623	174	232	90	4	58	30	45	3	29	15	856	0	0.14061570167541504	87500	30.35729742050171	430	99.50857142857143	
59.839898869056476	51.482	3.012	29.348	15.18	59.0880095838623	175	232	90	7	145	75	45	3	29	15	859	0	0.15623927116394043	88000	30.51353669166565	430	99.51136363636364	
59.839895825081214	50.978	3.008	29.232	15.12	59.0880095838623	176	232	90	4	58	30	45	3	29	15	863	0	0.15623879432678223	88500	30.66977548599243	430	99.51412429378531	
59.8399049204793	50.496	3.002	29.058	15.03	59.0880095838623	177	232	90	4	58	30	45	3	29	15	864	0	0.15623974800109863	89000	30.82601523399353	430	99.51685393258427	
59.83988970023403	50.844	3.012	29.348	15.18	59.0880095838623	178	232	90	4	58	30	45	3	29	15	870	0	0.14061617851257324	89500	30.966631412506104	430	99.5195530726257	
59.8399049204793	50.71	3.002	29.058	15.03	59.0880095838623	179	232	90	4	58	30	45	3	29	15	871	0	0.14061474800109863	90000	31.107246160507202	430	99.52222222222223	
59.839895825081214	49.538	3.008	29.232	15.12	59.0880095838623	180	232	90	4	58	30	45	3	29	15	875	0	0.17186284065246582	90500	31.279109001159668	430	99.52486187845304	
59.8399049204793	49.994	3.002	29.058	15.03	59.0880095838623	181	232	90	4	58	30	45	3	29	15	875	0	0.12499165534973145	91000	31.4041006565094	430	99.52747252747253	
59.8399049204793	49.416	3.002	29.058	15.03	59.0880095838623	182	232	90	4	58	30	45	3	29	15	876	0	0.12499260902404785	91500	31.529093265533447	430	99.53005464480874	
59.839898869056476	49.594	3.006	29.174	15.09	59.0880095838623	183	232	90	4	58	30	45	3	29	15	879	0	0.14061427116394043	92000	31.669707536697388	430	99.53260869565217	
59.839901900831435	49.73	3.008	29.232	15.12	59.0880095838623	184	232	90	6	116	60	45	3	29	15	881	0	0.10936760902404785	92500	31.779075145721436	430	99.53513513513514	
59.839901900831435	49.018	3.004	29.116	15.06	59.0880095838623	185	232	90	4	58	30	45	3	29	15	883	0	0.12499141693115234	93000	31.904066562652588	430	99.53763440860214	
59.8399049204793	50.004	3.002	29.058	15.03	59.0880095838623	186	232	90	4	58	30	45	3	29	15	884	0	0.10936784744262695	93500	32.013434410095215	430	99.54010695187166	
59.8399049204793	49.596	3.002	29.058	15.03	59.0880095838623	187	232	90	4	58	30	45	3	29	15	884	0	0.14061546325683594	94000	32.15404987335205	430	99.54255319148936	
59.839877300848876	50.184	3.024	29.696	15.36	59.0880095838623	188	232	90	6	116	60	45	3	29	15	894	0	0.15623879432678223	94500	32.31028866767883	430	99.54497354497354	
59.8399049204793	50.272	3.002	29.058	15.03	59.0880095838623	189	232	90	4	58	30	45	3	29	15	895	0	0.1874866485595703	95000	32.4977753162384	430	99.54736842105264	
59.839901900831435	51.16	3.008	29.232	15.12	59.0880095838623	190	232	90	6	116	60	45	3	29	15	897	0	0.10936784744262695	95500	32.60714316368103	430	99.54973821989529	
59.8399049204793	51.382	3.002	29.058	15.03	59.0880095838623	191	232	90	4	58	30	45	3	29	15	898	0	0.10936760902404785	96000	32.71651077270508	430	99.55208333333333	
59.8399049204793	52.046	3.002	29.058	15.03	59.0880095838623	192	232	90	4	58	30	45	3	29	15	898	0	0.10936880111694336	96500	32.82587957382202	430	99.55440414507773	
59.839901900831435	54.072	3.01	29.29	15.15	59.0880095838623	193	232	90	7	145	75	45	3	29	15	900	0	0.14061355590820312	97000	32.966493129730225	430	99.55670103092784	
59.83989276883186	54.618	3.01	29.29	15.15	59.0880095838623	194	232	90	4	58	30	45	3	29	15	905	0	0.15623998641967773	97500	33.1227331161499	430	99.55897435897435	
59.839901900831435	54.134	3.004	29.116	15.06	59.0880095838623	195	232	90	4	58	30	45	3	29	15	907	0	0.17186307907104492	98000	33.29459619522095	430	99.56122448979592	
59.8399049204793	54.31	3.002	29.058	15.03	59.0880095838623	196	232	90	4	58	30	45	3	29	15	907	0	0.10936737060546875	98500	33.403963565826416	430	99.56345177664974	
59.8399049204793	53.594	3.002	29.058	15.03	59.0880095838623	197	232	90	4	58	30	45	3	29	15	908	0	0.14061522483825684	99000	33.54457879066467	430	99.56565656565657	
59.8399049204793	55.572	3.002	29.058	15.03	59.0880095838623	198	232	90	4	58	30	45	3	29	15	909	0	0.15623998641967773	99500	33.70081877708435	430	99.5678391959799	
59.8399049204793	55.904	3.002	29.058	15.03	59.0880095838623	199	232	90	4	58	30	45	3	29	15	909	0	0.15623927116394043	100000	33.85705804824829	430	99.57	
59.83989276883186	56.894	3.01	29.29	15.15	59.0880095838623	200	232	90	4	58	30	45	3	29	15	914	0	0.14061498641967773	100500	33.99767303466797	430	99.57213930348259	
59.8399049204793	58.064	3.002	29.058	15.03	59.0880095838623	201	232	90	4	58	30	45	3	29	15	915	0	0.14061570167541504	101000	34.138288736343384	430	99.57425742574257	
59.839898869056476	56.082	3.006	29.174	15.09	59.0880095838623	202	232	90	4	58	30	45	3	29	15	918	0	0.12499141693115234	101500	34.263280153274536	430	99.57635467980296	
59.8399049204793	57.206	3.002	29.058	15.03	59.0880095838623	203	232	90	4	58	30	45	3	29	15	918	0	0.10936737060546875	102000	34.372647523880005	430	99.57843137254902	
59.839898869056476	57.084	3.006	29.174	15.09	59.0880095838623	204	232	90	4	58	30	45	3	29	15	921	0	0.12499165534973145	102500	34.497639179229736	430	99.58048780487805	
59.839901900831435	56.14	3.01	29.29	15.15	59.0880095838623	205	232	90	7	145	75	45	3	29	15	923	0	0.14061522483825684	103000	34.63825440406799	430	99.58252427184466	
59.83989276883186	55.158	3.01	29.29	15.15	59.0880095838623	206	232	90	4	58	30	45	3	29	15	928	0	0.15623927116394043	103500	34.794493675231934	430	99.58454106280193	
59.8399049204793	56.286	3.002	29.058	15.03	59.0880095838623	207	232	90	4	58	30	45	3	29	15	928	0	0.14061546325683594	104000	34.93510913848877	430	99.58653846153847	
59.8399049204793	56.244	3.002	29.058	15.03	59.0880095838623	208	232	90	4	58	30	45	3	29	15	928	0	0.14061665534973145	104500	35.0757257938385	430	99.58851674641149	
59.8399049204793	56.65	3.002	29.058	15.03	59.0880095838623	209	232	90	4	58	30	45	3	29	15	928	0	0.10936594009399414	105000	35.185091733932495	430	99.5904761904762	
59.839898869056476	57.768	3.006	29.174	15.09	59.0880095838623	210	232	90	4	58	30	45	3	29	15	931	0	0.12499189376831055	105500	35.310083627700806	430	99.59241706161137	
59.83989276883186	59.566	3.016	29.464	15.24	59.0880095838623	211	232	90	7	145	75	45	3	29	15	936	0	0.12499141693115234	106000	35.43507504463196	430	99.59433962264151	
59.8399049204793	58.888	3.002	29.058	15.03	59.0880095838623	212	232	90	4	58	30	45	3	29	15	936	0	0.15623879432678223	106500	35.59131383895874	430	99.59624413145539	
59.8399049204793	59.656	3.002	29.058	15.03	59.0880095838623	213	232	90	4	58	30	45	3	29	15	936	0	0.14061570167541504	107000	35.731929540634155	430	99.5981308411215	
59.8399049204793	62.356	3.002	29.058	15.03	59.0880095838623	214	232	90	4	58	30	45	3	29	15	937	0	0.15623974800109863	107500	35.888169288635254	430	99.6	
59.83989276883186	61.458	3.022	29.638	15.33	59.0880095838623	215	232	90	7	145	75	45	3	29	15	942	0	0.10936713218688965	108000	35.997536420822144	430	99.60185185185185	
59.83988970023403	61.726	3.012	29.348	15.18	59.0880095838623	216	232	90	4	58	30	45	3	29	15	948	0	0.12499094009399414	108500	36.12252736091614	430	99.6036866359447	
59.839898869056476	61.462	3.012	29.348	15.18	59.0880095838623	217	232	90	7	145	75	45	3	29	15	951	0	0.10936760902404785	109000	36.231894969940186	430	99.60550458715596	
59.8399049204793	60.694	3.002	29.058	15.03	59.0880095838623	218	232	90	4	58	30	45	3	29	15	952	0	0.10936808586120605	109500	36.34126305580139	430	99.60730593607306	
59.839898869056476	63.712	3.012	29.348	15.18	59.0880095838623	219	232	90	7	145	75	45	3	29	15	955	0	0.17186260223388672	110000	36.51312565803528	430	99.60909090909091	
59.839895825081214	62.768	3.014	29.406	15.21	59.0880095838623	220	232	90	7	145	75	45	3	29	15	959	0	0.14061594009399414	110500	36.65374159812927	430	99.61085972850678	
59.8399049204793	64.39	3.002	29.058	15.03	59.0880095838623	221	232	90	4	58	30	45	3	29	15	959	0	0.14061522483825684	111000	36.79435682296753	430	99.61261261261261	
59.839901900831435	64.302	3.01	29.29	15.15	59.0880095838623	222	232	90	7	145	75	45	3	29	15	961	0	0.12499189376831055	111500	36.91934871673584	430	99.61434977578476	
59.8399049204793	64.344	3.002	29.058	15.03	59.0880095838623	223	232	90	4	58	30	45	3	29	15	961	0	0.14061522483825684	112000	37.0599639415741	430	99.61607142857143	
59.8399049204793	63.392	3.002	29.058	15.03	59.0880095838623	224	232	90	4	58	30	45	3	29	15	961	0	0.15624022483825684	112500	37.21620416641235	430	99.61777777777777	
59.8399049204793	63.028	3.002	29.058	15.03	59.0880095838623	225	232	90	4	58	30	45	3	29	15	962	0	0.14061450958251953	113000	37.35681867599487	430	99.61946902654867	
59.839901900831435	64.378	3.01	29.29	15.15	59.0880095838623	226	232	90	7	145	75	45	3	29	15	964	0	0.10936832427978516	113500	37.46618700027466	430	99.62114537444934	
59.839895825081214	62.35	3.008	29.232	15.12	59.0880095838623	227	232	90	4	58	30	45	3	29	15	968	0	0.14061427116394043	114000	37.6068012714386	430	99.62280701754386	
59.839898869056476	62.224	3.012	29.348	15.18	59.0880095838623	228	232	90	7	145	75	45	3	29	15	971	0	0.12499141693115234	114500	37.73179268836975	430	99.62445414847161	
59.839895825081214	61.944	3.008	29.232	15.12	59.0880095838623	229	232	90	4	58	30	45	3	29	15	975	0	0.15623998641967773	115000	37.88803267478943	430	99.62608695652175	
59.8399049204793	61.718	3.002	29.058	15.03	59.0880095838623	230	232	90	4	58	30	45	3	29	15	975	0	0.15623855590820312	115500	38.04427123069763	430	99.62770562770562	
59.839901900831435	63.21	3.01	29.29	15.15	59.0880095838623	231	232	90	7	145	75	45	3	29	15	977	0	0.10936737060546875	116000	38.1536386013031	430	99.62931034482759	
59.8399049204793	62.52	3.002	29.058	15.03	59.0880095838623	232	232	90	4	58	30	45	3	29	15	977	0	0.12499141693115234	116500	38.27863001823425	430	99.63090128755364	
59.839901900831435	60.942	3.004	29.116	15.06	59.0880095838623	233	232	90	4	58	30	45	3	29	15	979	0	0.15623927116394043	117000	38.43486928939819	430	99.63247863247864	
59.839898869056476	63.458	3.01	29.29	15.15	59.0880095838623	234	232	90	6	116	60	45	3	29	15	982	0	0.15623974800109863	117500	38.59110903739929	430	99.63404255319149	
59.839901900831435	65.026	3.01	29.29	15.15	59.0880095838623	235	232	90	7	145	75	45	3	29	15	984	0	0.12499165534973145	118000	38.71610069274902	430	99.63559322033899	
59.8399049204793	64.426	3.002	29.058	15.03	59.0880095838623	236	232	90	4	58	30	45	3	29	15	984	0	0.14061737060546875	118500	38.85671806335449	430	99.63713080168776	
59.839898869056476	63.642	3.006	29.174	15.09	59.0880095838623	237	232	90	4	58	30	45	3	29	15	987	0	0.14061403274536133	119000	38.99733209609985	430	99.63865546218487	
59.839901900831435	65.648	3.01	29.29	15.15	59.0880095838623	238	232	90	7	145	75	45	3	29	15	989	0	0.12499046325683594	119500	39.12232255935669	430	99.64016736401673	
59.8399049204793	65.656	3.002	29.058	15.03	59.0880095838623	239	232	90	4	58	30	45	3	29	15	989	0	0.17186307907104492	120000	39.294185638427734	430	99.64166666666667	
59.83988970023403	65.158	3.02	29.58	15.3	59.0880095838623	240	232	90	6	116	60	45	3	29	15	995	0	0.14061546325683594	120500	39.43480110168457	430	99.64315352697095	
59.8399049204793	64.208	3.002	29.058	15.03	59.0880095838623	241	232	90	4	58	30	45	3	29	15	996	0	0.10936880111694336	121000	39.544169902801514	430	99.64462809917356	
59.839901900831435	64.278	3.01	29.29	15.15	59.0880095838623	242	232	90	7	145	75	45	3	29	15	998	0	0.14061427116394043	121500	39.684784173965454	430	99.64609053497942	
59.8399049204793	62.632	3.002	29.058	15.03	59.0880095838623	243	232	90	4	58	30	45	3	29	15	999	0	0.14061498641967773	122000	39.82539916038513	430	99.64754098360656	
59.8399049204793	63.14	3.002	29.058	15.03	59.0880095838623	244	232	90	4	58	30	45	3	29	15	999	0	0.12499213218688965	122500	39.95039129257202	430	99.64897959183673	
59.8399049204793	63.592	3.002	29.058	15.03	59.0880095838623	245	232	90	4	58	30	45	3	29	15	1000	0	0.10936665534973145	123000	40.05975794792175	430	99.65040650406505	
59.839901900831435	61.474	3.01	29.29	15.15	59.0880095838623	246	232	90	7	145	75	45	3	29	15	1002	0	0.15624022483825684	123500	40.21599817276001	430	99.65182186234817	
59.839895825081214	62.018	3.014	29.406	15.21	59.0880095838623	247	232	90	7	145	75	45	3	29	15	1006	0	0.14061617851257324	124000	40.35661435127258	430	99.65322580645162	
59.839898869056476	61.376	3.012	29.348	15.18	59.0880095838623	248	232	90	7	145	75	45	3	29	15	1009	0	0.15623807907104492	124500	40.51285243034363	430	99.65461847389558	
59.839901900831435	61.738	3.004	29.116	15.06	59.0880095838623	249	232	90	4	58	30	45	3	29	15	1011	0	0.10937118530273438	125000	40.62222361564636	430	99.656	
59.839901900831435	61.09	3.008	29.232	15.12	59.0880095838623	250	232	90	6	116	60	45	3	29	15	1013	0	0.1406116485595703	125500	40.76283526420593	430	99.65737051792829	
59.839901900831435	60.134	3.004	29.116	15.06	59.0880095838623	251	232	90	4	58	30	45	3	29	15	1015	0	0.15623903274536133	126000	40.919074296951294	430	99.65873015873017	
59.8399049204793	60.954	3.002	29.058	15.03	59.0880095838623	252	232	90	4	58	30	45	3	29	15	1016	0	0.10936903953552246	126500	41.028443336486816	430	99.6600790513834	
59.8399049204793	63.376	3.002	29.058	15.03	59.0880095838623	253	232	90	4	58	30	45	3	29	15	1016	0	0.14061450958251953	127000	41.169057846069336	430	99.66141732283465	
59.839898869056476	62.618	3.006	29.174	15.09	59.0880095838623	254	232	90	4	58	30	45	3	29	15	1019	0	0.14061427116394043	127500	41.309672117233276	430	99.66274509803921	
59.8399049204793	62.876	3.002	29.058	15.03	59.0880095838623	255	232	90	4	58	30	45	3	29	15	1020	0	0.15623974800109863	128000	41.465911865234375	430	99.6640625	
59.8399049204793	62.42	3.002	29.058	15.03	59.0880095838623	256	232	90	4	58	30	45	3	29	15	1021	0	0.14061570167541504	128500	41.60652756690979	430	99.66536964980544	
59.8399049204793	61.702	3.002	29.058	15.03	59.0880095838623	257	232	90	4	58	30	45	3	29	15	1021	0	0.14061522483825684	129000	41.74714279174805	430	99.66666666666667	
59.8399049204793	62.268	3.002	29.058	15.03	59.0880095838623	258	232	90	4	58	30	45	3	29	15	1021	0	0.12499165534973145	129500	41.87213444709778	430	99.66795366795367	
59.8399049204793	64.772	3.002	29.058	15.03	59.0880095838623	259	232	90	4	58	30	45	3	29	15	1021	0	0.28123021125793457	130000	42.15336465835571	430	99.66923076923077	
59.839895825081214	64.862	3.012	29.348	15.18	59.0880095838623	260	232	90	6	116	60	45	3	29	15	1025	0	0.14061570167541504	130500	42.29398036003113	430	99.67049808429118	
59.8399049204793	65.98	3.002	29.058	15.03	59.0880095838623	261	232	90	4	58	30	45	3	29	15	1025	0	0.14061522483825684	131000	42.434595584869385	430	99.67175572519083	
59.8399049204793	66.648	3.002	29.058	15.03	59.0880095838623	262	232	90	4	58	30	45	3	29	15	1025	0	0.15624141693115234	131500	42.59083700180054	430	99.67300380228137	
59.83989276883186	67.446	3.018	29.522	15.27	59.0880095838623	263	232	90	6	116	60	45	3	29	15	1030	0	0.12498974800109863	132000	42.715826749801636	430	99.67424242424242	
59.839901900831435	67.098	3.004	29.116	15.06	59.0880095838623	264	232	90	4	58	30	45	3	29	15	1032	0	0.14061522483825684	132500	42.85644197463989	430	99.67547169811321	
59.839898869056476	65.794	3.012	29.348	15.18	59.0880095838623	265	232	90	7	145	75	45	3	29	15	1035	0	0.14061689376831055	133000	42.9970588684082	430	99.67669172932331	
59.8399049204793	64.866	3.002	29.058	15.03	59.0880095838623	266	232	90	4	58	30	45	3	29	15	1035	0	0.14061379432678223	133500	43.137672662734985	430	99.67790262172285	
59.83988661921271	64.198	3.028	29.812	15.42	59.0880095838623	267	232	90	7	145	75	45	3	29	15	1042	0	0.15624022483825684	134000	43.29391288757324	430	99.67910447761194	
59.8399049204793	64.92	3.002	29.058	15.03	59.0880095838623	268	232	90	4	58	30	45	3	29	15	1042	0	0.10936665534973145	134500	43.403279542922974	430	99.68029739776952	
59.8399049204793	65.112	3.002	29.058	15.03	59.0880095838623	269	232	90	4	58	30	45	3	29	15	1042	0	0.15623927116394043	135000	43.559518814086914	430	99.68148148148148	
59.83988970023403	63.314	3.024	29.696	15.36	59.0880095838623	270	232	90	7	145	75	45	3	29	15	1048	0	0.12499165534973145	135500	43.684510469436646	430	99.68265682656826	
59.839898869056476	64.934	3.01	29.29	15.15	59.0880095838623	271	232	90	6	116	60	45	3	29	15	1051	0	0.10936808586120605	136000	43.79387855529785	430	99.68382352941177	
59.8399049204793	64.772	3.002	29.058	15.03	59.0880095838623	272	232	90	4	58	30	45	3	29	15	1052	0	0.12499094009399414	136500	43.918869495391846	430	99.68498168498168	
59.8399049204793	65.536	3.002	29.058	15.03	59.0880095838623	273	232	90	4	58	30	45	3	29	15	1053	0	0.09374356269836426	137000	44.01261305809021	430	99.68613138686132	
59.8399049204793	64.01	3.002	29.058	15.03	59.0880095838623	274	232	90	4	58	30	45	3	29	15	1054	0	0.07811975479125977	137500	44.09073281288147	430	99.68727272727273	
59.839901900831435	64.082	3.004	29.116	15.06	59.0880095838623	275	232	90	4	58	30	45	3	29	15	1056	0	0.15623903274536133	138000	44.24697184562683	430	99.68840579710145	
59.839901900831435	63.09	3.004	29.116	15.06	59.0880095838623	276	232	90	4	58	30	45	3	29	15	1058	0	0.12499213218688965	138500	44.37196397781372	430	99.68953068592057	
59.839901900831435	65.11	3.01	29.29	15.15	59.0880095838623	277	232	90	7	145	75	45	3	29	15	1060	0	0.10936713218688965	139000	44.48133111000061	430	99.69064748201438	
59.8399049204793	65.212	3.002	29.058	15.03	59.0880095838623	278	232	90	4	58	30	45	3	29	15	1061	0	0.15623927116394043	139500	44.63757038116455	430	99.69175627240143	
59.839898869056476	64.398	3.012	29.348	15.18	59.0880095838623	279	232	90	7	145	75	45	3	29	15	1064	0	0.15623927116394043	140000	44.79380965232849	430	99.69285714285714	
59.839901900831435	64.274	3.008	29.232	15.12	59.0880095838623	280	232	90	6	116	60	45	3	29	15	1066	0	0.14061617851257324	140500	44.934425830841064	430	99.69395017793595	
59.839901900831435	65.11	3.008	29.232	15.12	59.0880095838623	281	232	90	6	116	60	45	3	29	15	1068	0	0.15623831748962402	141000	45.09066414833069	430	99.69503546099291	
59.8399049204793	66.488	3.002	29.058	15.03	59.0880095838623	282	232	90	4	58	30	45	3	29	15	1068	0	0.10936784744262695	141500	45.200031995773315	430	99.69611307420494	
59.8399049204793	65.402	3.002	29.058	15.03	59.0880095838623	283	232	90	4	58	30	45	3	29	15	1068	0	0.12499141693115234	142000	45.32502341270447	430	99.69718309859155	
59.839898869056476	64.118	3.006	29.174	15.09	59.0880095838623	284	232	90	4	58	30	45	3	29	15	1071	0	0.07811951637268066	142500	45.40314292907715	430	99.69824561403509	
59.839901900831435	63.006	3.004	29.116	15.06	59.0880095838623	285	232	90	4	58	30	45	3	29	15	1073	0	0.12499141693115234	143000	45.5281343460083	430	99.6993006993007	
59.8399049204793	62.048	3.002	29.058	15.03	59.0880095838623	286	232	90	4	58	30	45	3	29	15	1074	0	0.14061546325683594	143500	45.66874980926514	430	99.70034843205575	
59.839898869056476	62.522	3.012	29.348	15.18	59.0880095838623	287	232	90	7	145	75	45	3	29	15	1077	0	0.14061522483825684	144000	45.809365034103394	430	99.70138888888889	
59.839898869056476	62.57	3.012	29.348	15.18	59.0880095838623	288	232	90	7	145	75	45	3	29	15	1080	0	0.14061570167541504	144500	45.94998073577881	430	99.70242214532873	
59.83988970023403	64.318	3.028	29.812	15.42	59.0880095838623	289	232	90	7	145	75	45	3	29	15	1086	0	0.15624070167541504	145000	46.106221437454224	430	99.70344827586207	
59.83989276883186	64.78	3.014	29.406	15.21	59.0880095838623	290	232	90	6	116	60	45	3	29	15	1091	0	0.12498998641967773	145500	46.2312114238739	430	99.70446735395188	
59.8399049204793	65.446	3.002	29.058	15.03	59.0880095838623	291	232	90	4	58	30	45	3	29	15	1091	0	0.10936856269836426	146000	46.340579986572266	430	99.70547945205479	
59.839901900831435	64.888	3.004	29.116	15.06	59.0880095838623	292	232	90	4	58	30	45	3	29	15	1093	0	0.12499022483825684	146500	46.46557021141052	430	99.70648464163823	
59.83989276883186	64.57	3.022	29.638	15.33	59.0880095838623	293	232	90	7	145	75	45	3	29	15	1098	0	0.14061498641967773	147000	46.6061851978302	430	99.70748299319727	
59.8399049204793	64.114	3.002	29.058	15.03	59.0880095838623	294	232	90	4	58	30	45	3	29	15	1098	0	0.14061617851257324	147500	46.74680137634277	430	99.70847457627119	
59.839901900831435	63.252	3.004	29.116	15.06	59.0880095838623	295	232	90	4	58	30	45	3	29	15	1100	0	0.14061546325683594	148000	46.88741683959961	430	99.70945945945945	
59.839898869056476	66.312	3.01	29.29	15.15	59.0880095838623	296	232	90	6	116	60	45	3	29	15	1103	0	0.10936713218688965	148500	46.9967839717865	430	99.71043771043772	
59.839898869056476	67.854	3.012	29.348	15.18	59.0880095838623	297	232	90	7	145	75	45	3	29	15	1106	0	0.10936713218688965	149000	47.10615110397339	430	99.71140939597315	
59.839901900831435	68.282	3.004	29.116	15.06	59.0880095838623	298	232	90	4	58	30	45	3	29	15	1108	0	0.14061546325683594	149500	47.246766567230225	430	99.7123745819398	
59.83989276883186	66.27	3.022	29.638	15.33	59.0880095838623	299	232	90	7	145	75	45	3	29	15	1113	0	0.15623950958251953	150000	47.403006076812744	430	99.71333333333334	
59.8399049204793	66.932	3.002	29.058	15.03	59.0880095838623	300	232	90	4	58	30	45	3	29	15	1114	0	0.10936737060546875	150500	47.51237344741821	430	99.71428571428571	
59.8399049204793	64.556	3.002	29.058	15.03	59.0880095838623	301	232	90	4	58	30	45	3	29	15	1115	0	0.12499284744262695	151000	47.63736629486084	430	99.71523178807946	
59.839898869056476	63.188	3.01	29.29	15.15	59.0880095838623	302	232	90	6	116	60	45	3	29	15	1118	0	0.12499022483825684	151500	47.7623565196991	430	99.71617161716172	
59.83988661921271	62.738	3.024	29.696	15.36	59.0880095838623	303	232	90	7	145	75	45	3	29	15	1125	0	0.15623903274536133	152000	47.91859555244446	430	99.71710526315789	
59.8399049204793	61.95	3.002	29.058	15.03	59.0880095838623	304	232	90	4	58	30	45	3	29	15	1125	0	0.10936760902404785	152500	48.027963161468506	430	99.71803278688525	
59.83988352569233	61.484	3.032	29.928	15.48	59.0880095838623	305	232	90	7	145	75	45	3	29	15	1133	0	0.15623950958251953	153000	48.184202671051025	430	99.71895424836602	
59.83988970023403	59.742	3.034	29.986	15.51	59.0880095838623	306	232	90	7	145	75	45	3	29	15	1139	0	0.15623950958251953	153500	48.340442180633545	430	99.71986970684038	
59.839895825081214	59.852	3.008	29.232	15.12	59.0880095838623	307	232	90	4	58	30	45	3	29	15	1143	0	0.10936713218688965	154000	48.449809312820435	430	99.72077922077922	
59.839898869056476	60.212	3.01	29.29	15.15	59.0880095838623	308	232	90	6	116	60	45	3	29	15	1146	0	0.14061570167541504	154500	48.59042501449585	430	99.72168284789645	
59.83989276883186	60.872	3.016	29.464	15.24	59.0880095838623	309	232	90	7	145	75	45	3	29	15	1151	0	0.15623879432678223	155000	48.74666380882263	430	99.72258064516129	
59.839898869056476	60.636	3.012	29.348	15.18	59.0880095838623	310	232	90	7	145	75	45	3	29	15	1154	0	0.10936760902404785	155500	48.85603141784668	430	99.72347266881029	
59.839901900831435	60.14	3.01	29.29	15.15	59.0880095838623	311	232	90	7	145	75	45	3	29	15	1156	0	0.15624356269836426	156000	49.012274980545044	430	99.72435897435898	
59.839901900831435	60.668	3.004	29.116	15.06	59.0880095838623	312	232	90	4	58	30	45	3	29	15	1158	0	0.12498760223388672	156500	49.13726258277893	430	99.72523961661342	
59.839901900831435	60.884	3.01	29.29	15.15	59.0880095838623	313	232	90	7	145	75	45	3	29	15	1160	0	0.15623903274536133	157000	49.29350161552429	430	99.72611464968153	
59.8399049204793	60.094	3.002	29.058	15.03	59.0880095838623	314	232	90	4	58	30	45	3	29	15	1160	0	0.14061546325683594	157500	49.43411707878113	430	99.72698412698412	
59.839895825081214	59.488	3.018	29.522	15.27	59.0880095838623	315	232	90	7	145	75	45	3	29	15	1164	0	0.14061546325683594	158000	49.574732542037964	430	99.72784810126582	
59.839901900831435	59.176	3.01	29.29	15.15	59.0880095838623	316	232	90	7	145	75	45	3	29	15	1166	0	0.12499141693115234	158500	49.699723958969116	430	99.72870662460568	
59.8399049204793	58.844	3.002	29.058	15.03	59.0880095838623	317	232	90	4	58	30	45	3	29	15	1166	0	0.10936737060546875	159000	49.809091329574585	430	99.72955974842768	
59.8399049204793	58.398	3.002	29.058	15.03	59.0880095838623	318	232	90	4	58	30	45	3	29	15	1166	0	0.14061522483825684	159500	49.94970655441284	430	99.73040752351098	
59.8399049204793	59.108	3.002	29.058	15.03	59.0880095838623	319	232	90	4	58	30	45	3	29	15	1167	0	0.14061594009399414	160000	50.090322494506836	430	99.73125	
59.8399049204793	58.794	3.002	29.058	15.03	59.0880095838623	320	232	90	4	58	30	45	3	29	15	1167	0	0.12499117851257324	160500	50.21531367301941	430	99.73208722741433	
59.8399049204793	56.966	3.002	29.058	15.03	59.0880095838623	321	232	90	4	58	30	45	3	29	15	1167	0	0.12499117851257324	161000	50.34030485153198	430	99.73291925465838	
59.839898869056476	55.372	3.012	29.348	15.18	59.0880095838623	322	232	90	7	145	75	45	3	29	15	1170	0	0.12499141693115234	161500	50.465296268463135	430	99.73374613003097	
59.839895825081214	55.846	3.012	29.348	15.18	59.0880095838623	323	232	90	6	116	60	45	3	29	15	1174	0	0.12499165534973145	162000	50.590287923812866	430	99.73456790123457	
59.8399049204793	55.35	3.002	29.058	15.03	59.0880095838623	324	232	90	4	58	30	45	3	29	15	1174	0	0.14061570167541504	162500	50.73090362548828	430	99.73538461538462	
59.839898869056476	56.282	3.006	29.174	15.09	59.0880095838623	325	232	90	4	58	30	45	3	29	15	1177	0	0.14061498641967773	163000	50.87151861190796	430	99.7361963190184	
59.8399049204793	56.082	3.002	29.058	15.03	59.0880095838623	326	232	90	4	58	30	45	3	29	15	1177	0	0.12499260902404785	163500	50.99651122093201	430	99.73700305810398	
59.839901900831435	54.04	3.004	29.116	15.06	59.0880095838623	327	232	90	4	58	30	45	3	29	15	1179	0	0.12499141693115234	164000	51.12150263786316	430	99.73780487804878	
59.8399049204793	53.488	3.002	29.058	15.03	59.0880095838623	328	232	90	4	58	30	45	3	29	15	1180	0	0.10936665534973145	164500	51.23086929321289	430	99.73860182370821	
59.8399049204793	54.594	3.002	29.058	15.03	59.0880095838623	329	232	90	4	58	30	45	3	29	15	1180	0	0.09374332427978516	165000	51.324612617492676	430	99.73939393939393	
59.8399049204793	53.494	3.002	29.058	15.03	59.0880095838623	330	232	90	4	58	30	45	3	29	15	1180	0	0.14061689376831055	165500	51.465229511260986	430	99.74018126888218	
59.839895825081214	52.65	3.014	29.406	15.21	59.0880095838623	331	232	90	7	145	75	45	3	29	15	1184	0	0.14061403274536133	166000	51.60584354400635	430	99.74096385542168	
59.83989276883186	51.566	3.01	29.29	15.15	59.0880095838623	332	232	90	4	58	30	45	3	29	15	1189	0	0.14061522483825684	166500	51.746458768844604	430	99.74174174174175	
59.839901900831435	51.976	3.004	29.116	15.06	59.0880095838623	333	232	90	4	58	30	45	3	29	15	1191	0	0.14061522483825684	167000	51.88707399368286	430	99.74251497005989	
59.8399049204793	52.642	3.002	29.058	15.03	59.0880095838623	334	232	90	4	58	30	45	3	29	15	1191	0	0.12499260902404785	167500	52.01206660270691	430	99.74328358208955	
59.8399049204793	51.98	3.002	29.058	15.03	59.0880095838623	335	232	90	4	58	30	45	3	29	15	1191	0	0.12499094009399414	168000	52.1370575428009	430	99.74404761904762	
59.8399049204793	52.788	3.002	29.058	15.03	59.0880095838623	336	232	90	4	58	30	45	3	29	15	1191	0	0.15623927116394043	168500	52.293296813964844	430	99.74480712166172	
59.8399049204793	52.126	3.002	29.058	15.03	59.0880095838623	337	232	90	4	58	30	45	3	29	15	1192	0	0.14061546325683594	169000	52.43391227722168	430	99.74556213017752	
59.8399049204793	52.76	3.002	29.058	15.03	59.0880095838623	338	232	90	4	58	30	45	3	29	15	1193	0	0.10936737060546875	169500	52.54327964782715	430	99.74631268436578	
59.83988661921271	53.62	3.024	29.696	15.36	59.0880095838623	339	232	90	7	145	75	45	3	29	15	1200	0	0.15623903274536133	170000	52.69951868057251	430	99.74705882352941	
59.839901900831435	52.902	3.01	29.29	15.15	59.0880095838623	340	232	90	7	145	75	45	3	29	15	1202	0	0.12499141693115234	170500	52.82451009750366	430	99.74780058651027	
59.839898869056476	52.268	3.01	29.29	15.15	59.0880095838623	341	232	90	6	116	60	45	3	29	15	1205	0	0.14061522483825684	171000	52.96512532234192	430	99.74853801169591	
59.8399049204793	51.812	3.002	29.058	15.03	59.0880095838623	342	232	90	4	58	30	45	3	29	15	1206	0	0.10936784744262695	171500	53.074493169784546	430	99.74927113702624	
59.8399049204793	51.54	3.002	29.058	15.03	59.0880095838623	343	232	90	4	58	30	45	3	29	15	1207	0	0.17186331748962402	172000	53.24635648727417	430	99.75	
59.839901900831435	52.422	3.004	29.116	15.06	59.0880095838623	344	232	90	4	58	30	45	3	29	15	1209	0	0.15623998641967773	172500	53.40259647369385	430	99.75072463768116	
59.839901900831435	52.596	3.004	29.116	15.06	59.0880095838623	345	232	90	4	58	30	45	3	29	15	1211	0	0.12499046325683594	173000	53.527586936950684	430	99.7514450867052	
59.839898869056476	53.762	3.01	29.29	15.15	59.0880095838623	346	232	90	6	116	60	45	3	29	15	1214	0	0.14061546325683594	173500	53.66820240020752	430	99.7521613832853	
59.8399049204793	54.38	3.002	29.058	15.03	59.0880095838623	347	232	90	4	58	30	45	3	29	15	1214	0	0.10936737060546875	174000	53.77756977081299	430	99.75287356321839	
59.8399049204793	55.298	3.002	29.058	15.03	59.0880095838623	348	232	90	4	58	30	45	3	29	15	1214	0	0.14061570167541504	174500	53.9181854724884	430	99.75358166189112	
59.839901900831435	56.028	3.004	29.116	15.06	59.0880095838623	349	232	90	4	58	30	45	3	29	15	1216	0	0.14061570167541504	175000	54.05880117416382	430	99.75428571428571	
59.8399049204793	54.728	3.002	29.058	15.03	59.0880095838623	350	232	90	4	58	30	45	3	29	15	1217	0	0.15624022483825684	175500	54.215041399002075	430	99.75498575498575	
59.83989276883186	53.566	3.01	29.29	15.15	59.0880095838623	351	232	90	4	58	30	45	3	29	15	1222	0	0.15623807907104492	176000	54.37127947807312	430	99.75568181818181	
59.8399049204793	53.604	3.002	29.058	15.03	59.0880095838623	352	232	90	4	58	30	45	3	29	15	1222	0	0.14061522483825684	176500	54.51189470291138	430	99.75637393767705	
59.839901900831435	53.252	3.008	29.232	15.12	59.0880095838623	353	232	90	6	116	60	45	3	29	15	1224	0	0.14061546325683594	177000	54.65251016616821	430	99.75706214689265	
59.8399049204793	54.094	3.002	29.058	15.03	59.0880095838623	354	232	90	4	58	30	45	3	29	15	1224	0	0.10936737060546875	177500	54.76187753677368	430	99.75774647887324	
59.8399049204793	53.636	3.002	29.058	15.03	59.0880095838623	355	232	90	4	58	30	45	3	29	15	1225	0	0.15623950958251953	178000	54.9181170463562	430	99.75842696629213	
59.8399049204793	53.402	3.002	29.058	15.03	59.0880095838623	356	232	90	4	58	30	45	3	29	15	1225	0	0.10936737060546875	178500	55.02748441696167	430	99.75910364145658	
59.8399049204793	54.11	3.002	29.058	15.03	59.0880095838623	357	232	90	4	58	30	45	3	29	15	1226	0	0.15624094009399414	179000	55.183725357055664	430	99.75977653631286	
59.839898869056476	54.564	3.01	29.29	15.15	59.0880095838623	358	232	90	6	116	60	45	3	29	15	1229	0	0.15623784065246582	179500	55.33996319770813	430	99.76044568245125	
59.839898869056476	52.556	3.01	29.29	15.15	59.0880095838623	359	232	90	6	116	60	45	3	29	15	1232	0	0.14061474800109863	180000	55.48057794570923	430	99.7611111111111	
59.8399049204793	53.088	3.002	29.058	15.03	59.0880095838623	360	232	90	4	58	30	45	3	29	15	1232	0	0.09374403953552246	180500	55.57432198524475	430	99.76177285318559	
59.839898869056476	52.904	3.006	29.174	15.09	59.0880095838623	361	232	90	4	58	30	45	3	29	15	1235	0	0.10936737060546875	181000	55.68368935585022	430	99.76243093922652	
59.8399049204793	52.674	3.002	29.058	15.03	59.0880095838623	362	232	90	4	58	30	45	3	29	15	1235	0	0.12499189376831055	181500	55.80868124961853	430	99.76308539944904	
59.8399049204793	52.924	3.002	29.058	15.03	59.0880095838623	363	232	90	4	58	30	45	3	29	15	1236	0	0.15624022483825684	182000	55.96492147445679	430	99.76373626373626	
59.839901900831435	53.18	3.004	29.116	15.06	59.0880095838623	364	232	90	4	58	30	45	3	29	15	1238	0	0.15623807907104492	182500	56.12115955352783	430	99.76438356164384	
59.839901900831435	54.116	3.008	29.232	15.12	59.0880095838623	365	232	90	6	116	60	45	3	29	15	1240	0	0.12499141693115234	183000	56.246150970458984	430	99.76502732240438	
59.8399049204793	52.522	3.002	29.058	15.03	59.0880095838623	366	232	90	4	58	30	45	3	29	15	1240	0	0.14061546325683594	183500	56.38676643371582	430	99.76566757493188	
59.8399049204793	53.724	3.002	29.058	15.03	59.0880095838623	367	232	90	4	58	30	45	3	29	15	1240	0	0.14061522483825684	184000	56.52738165855408	430	99.7663043478261	
59.8399049204793	53.628	3.002	29.058	15.03	59.0880095838623	368	232	90	4	58	30	45	3	29	15	1241	0	0.14061546325683594	184500	56.66799712181091	430	99.76693766937669	
59.839901900831435	53.32	3.008	29.232	15.12	59.0880095838623	369	232	90	6	116	60	45	3	29	15	1243	0	0.14061665534973145	185000	56.808613777160645	430	99.76756756756757	
59.83988970023403	53.044	3.012	29.348	15.18	59.0880095838623	370	232	90	4	58	30	45	3	29	15	1249	0	0.12499046325683594	185500	56.93360424041748	430	99.76819407008087	
59.839898869056476	53.224	3.01	29.29	15.15	59.0880095838623	371	232	90	6	116	60	45	3	29	15	1252	0	0.12499117851257324	186000	57.058595418930054	430	99.76881720430107	
59.839898869056476	51.904	3.006	29.174	15.09	59.0880095838623	372	232	90	4	58	30	45	3	29	15	1255	0	0.15623927116394043	186500	57.214834690093994	430	99.76943699731903	
59.839901900831435	51.024	3.004	29.116	15.06	59.0880095838623	373	232	90	4	58	30	45	3	29	15	1257	0	0.15624070167541504	187000	57.37107539176941	430	99.77005347593582	
59.839901900831435	51.28	3.008	29.232	15.12	59.0880095838623	374	232	90	6	116	60	45	3	29	15	1259	0	0.15623807907104492	187500	57.527313470840454	430	99.77066666666667	
59.839895825081214	51.004	3.008	29.232	15.12	59.0880095838623	375	232	90	4	58	30	45	3	29	15	1263	0	0.14061570167541504	188000	57.66792917251587	430	99.77127659574468	
59.83988970023403	51.488	3.02	29.58	15.3	59.0880095838623	376	232	90	6	116	60	45	3	29	15	1269	0	0.12499117851257324	188500	57.79292035102844	430	99.77188328912467	
59.83989276883186	51.146	3.014	29.406	15.21	59.0880095838623	377	232	90	6	116	60	45	3	29	15	1274	0	0.14061522483825684	189000	57.9335355758667	430	99.77248677248677	
59.839901900831435	51.018	3.008	29.232	15.12	59.0880095838623	378	232	90	6	116	60	45	3	29	15	1276	0	0.15623950958251953	189500	58.08977508544922	430	99.7730870712401	
59.8399049204793	50.524	3.002	29.058	15.03	59.0880095838623	379	232	90	4	58	30	45	3	29	15	1277	0	0.17186284065246582	190000	58.261637926101685	430	99.77368421052631	
59.8399049204793	50.002	3.002	29.058	15.03	59.0880095838623	380	232	90	4	58	30	45	3	29	15	1278	0	0.12499189376831055	190500	58.386629819869995	430	99.77427821522309	
59.839898869056476	49.198	3.006	29.174	15.09	59.0880095838623	381	232	90	4	58	30	45	3	29	15	1281	0	0.15623927116394043	191000	58.542869091033936	430	99.77486910994764	
59.8399049204793	49.316	3.002	29.058	15.03	59.0880095838623	382	232	90	4	58	30	45	3	29	15	1281	0	0.14061498641967773	191500	58.68348407745361	430	99.77545691906005	
59.8399049204793	49.844	3.002	29.058	15.03	59.0880095838623	383	232	90	4	58	30	45	3	29	15	1282	0	0.14061546325683594	192000	58.82409954071045	430	99.77604166666667	
59.8399049204793	52.004	3.002	29.058	15.03	59.0880095838623	384	232	90	4	58	30	45	3	29	15	1282	0	0.10936760902404785	192500	58.9334671497345	430	99.77662337662338	
59.8399049204793	52.266	3.002	29.058	15.03	59.0880095838623	385	232	90	4	58	30	45	3	29	15	1282	0	0.12499141693115234	193000	59.05845856666565	430	99.77720207253886	
59.8399049204793	52.75	3.002	29.058	15.03	59.0880095838623	386	232	90	4	58	30	45	3	29	15	1283	0	0.14061570167541504	193500	59.199074268341064	430	99.77777777777777	
59.8399049204793	53.024	3.002	29.058	15.03	59.0880095838623	387	232	90	4	58	30	45	3	29	15	1283	0	0.15623903274536133	194000	59.355313301086426	430	99.77835051546391	
59.839901900831435	53.29	3.01	29.29	15.15	59.0880095838623	388	232	90	7	145	75	45	3	29	15	1285	0	0.15623950958251953	194500	59.511552810668945	430	99.7789203084833	
59.839895825081214	53.236	3.008	29.232	15.12	59.0880095838623	389	232	90	4	58	30	45	3	29	15	1289	0	0.15624046325683594	195000	59.66779327392578	430	99.77948717948718	
59.839898869056476	52.714	3.006	29.174	15.09	59.0880095838623	390	232	90	4	58	30	45	3	29	15	1292	0	0.12499165534973145	195500	59.79278492927551	430	99.78005115089515	
59.8399049204793	52.144	3.002	29.058	15.03	59.0880095838623	391	232	90	4	58	30	45	3	29	15	1292	0	0.15623784065246582	196000	59.94902276992798	430	99.78061224489795	
59.8399049204793	51.874	3.002	29.058	15.03	59.0880095838623	392	232	90	4	58	30	45	3	29	15	1292	0	0.14061546325683594	196500	60.089638233184814	430	99.78117048346056	
59.8399049204793	51.824	3.002	29.058	15.03	59.0880095838623	393	232	90	4	58	30	45	3	29	15	1292	0	0.14061546325683594	197000	60.23025369644165	430	99.78172588832487	
59.839901900831435	52.218	3.004	29.116	15.06	59.0880095838623	394	232	90	4	58	30	45	3	29	15	1294	0	0.14061522483825684	197500	60.37086892127991	430	99.78227848101265	
59.8399049204793	50.81	3.002	29.058	15.03	59.0880095838623	395	232	90	4	58	30	45	3	29	15	1294	0	0.14061522483825684	198000	60.511484146118164	430	99.78282828282828	
59.839901900831435	50.986	3.008	29.232	15.12	59.0880095838623	396	232	90	6	116	60	45	3	29	15	1296	0	0.10936760902404785	198500	60.62085175514221	430	99.78337531486146	
59.839898869056476	51.074	3.006	29.174	15.09	59.0880095838623	397	232	90	4	58	30	45	3	29	15	1299	0	0.12499165534973145	199000	60.74584341049194	430	99.78391959798995	
59.839895825081214	50.724	3.008	29.232	15.12	59.0880095838623	398	232	90	4	58	30	45	3	29	15	1303	0	0.10936737060546875	199500	60.85521078109741	430	99.7844611528822	
59.839895825081214	50.504	3.012	29.348	15.18	59.0880095838623	399	232	90	6	116	60	45	3	29	15	1307	0	0.12499165534973145	200000	60.980202436447144	430	99.785	
59.839895825081214	50.59	3.008	29.232	15.12	59.0880095838623	400	232	90	4	58	30	45	3	29	15	1311	0	0.1093740463256836	200500	61.08957648277283	430	99.785536159601	
59.839901900831435	51.34	3.004	29.116	15.06	59.0880095838623	401	232	90	4	58	30	45	3	29	15	1313	0	0.15623259544372559	201000	61.24580907821655	430	99.7860696517413	
59.83988352569233	52.49	3.02	29.58	15.3	59.0880095838623	402	232	90	6	116	60	45	3	29	15	1321	0	0.12499117851257324	201500	61.370800256729126	430	99.78660049627791	
59.839901900831435	52.674	3.008	29.232	15.12	59.0880095838623	403	232	90	6	116	60	45	3	29	15	1323	0	0.14061546325683594	202000	61.51141571998596	430	99.7871287128713	
59.839898869056476	51.434	3.01	29.29	15.15	59.0880095838623	404	232	90	6	116	60	45	3	29	15	1326	0	0.12499165534973145	202500	61.63640737533569	430	99.78765432098766	
59.8399049204793	51.474	3.002	29.058	15.03	59.0880095838623	405	232	90	4	58	30	45	3	29	15	1326	0	0.10936760902404785	203000	61.74577498435974	430	99.78817733990148	
59.839898869056476	51.694	3.01	29.29	15.15	59.0880095838623	406	232	90	6	116	60	45	3	29	15	1329	0	0.12499141693115234	203500	61.870766401290894	430	99.78869778869779	
59.839895825081214	51.872	3.012	29.348	15.18	59.0880095838623	407	232	90	6	116	60	45	3	29	15	1333	0	0.12499237060546875	204000	61.99575877189636	430	99.78921568627452	
59.839898869056476	52.004	3.01	29.29	15.15	59.0880095838623	408	232	90	6	116	60	45	3	29	15	1336	0	0.17186260223388672	204500	62.16762137413025	430	99.78973105134475	
59.8399049204793	52.266	3.002	29.058	15.03	59.0880095838623	409	232	90	4	58	30	45	3	29	15	1336	0	0.12499141693115234	205000	62.2926127910614	430	99.79024390243903	
59.83989276883186	51.564	3.01	29.29	15.15	59.0880095838623	410	232	90	4	58	30	45	3	29	15	1341	0	0.12499094009399414	205500	62.417603731155396	430	99.79075425790754	
59.839901900831435	52.486	3.004	29.116	15.06	59.0880095838623	411	232	90	4	58	30	45	3	29	15	1343	0	0.12499165534973145	206000	62.54259538650513	430	99.79126213592232	
59.839895825081214	52.356	3.008	29.232	15.12	59.0880095838623	412	232	90	4	58	30	45	3	29	15	1347	0	0.09374403953552246	206500	62.63633942604065	430	99.79176755447942	
59.8399049204793	52.092	3.002	29.058	15.03	59.0880095838623	413	232	90	4	58	30	45	3	29	15	1347	0	0.12499094009399414	207000	62.761330366134644	430	99.79227053140097	
59.839901900831435	51.958	3.004	29.116	15.06	59.0880095838623	414	232	90	4	58	30	45	3	29	15	1349	0	0.14061546325683594	207500	62.90194582939148	430	99.79277108433735	
59.839898869056476	52.924	3.006	29.174	15.09	59.0880095838623	415	232	90	4	58	30	45	3	29	15	1352	0	0.15623903274536133	208000	63.05818486213684	430	99.79326923076923	
59.839901900831435	53.278	3.004	29.116	15.06	59.0880095838623	416	232	90	4	58	30	45	3	29	15	1354	0	0.15623974800109863	208500	63.21442461013794	430	99.7937649880096	
59.839901900831435	53.012	3.004	29.116	15.06	59.0880095838623	417	232	90	4	58	30	45	3	29	15	1356	0	0.14061546325683594	209000	63.355040073394775	430	99.79425837320574	
59.8399049204793	52.834	3.002	29.058	15.03	59.0880095838623	418	232	90	4	58	30	45	3	29	15	1357	0	0.14061474800109863	209500	63.495654821395874	430	99.79474940334129	
59.8399049204793	53.186	3.002	29.058	15.03	59.0880095838623	419	232	90	4	58	30	45	3	29	15	1357	0	0.09374380111694336	210000	63.58939862251282	430	99.79523809523809	
59.839898869056476	53.152	3.006	29.174	15.09	59.0880095838623	420	232	90	4	58	30	45	3	29	15	1360	0	0.09374403953552246	210500	63.68314266204834	430	99.7957244655582	
59.8399049204793	53.512	3.002	29.058	15.03	59.0880095838623	421	232	90	4	58	30	45	3	29	15	1361	0	0.14061522483825684	211000	63.8237578868866	430	99.79620853080569	
59.8399049204793	53.464	3.002	29.058	15.03	59.0880095838623	422	232	90	4	58	30	45	3	29	15	1362	0	0.15623974800109863	211500	63.979997634887695	430	99.7966903073286	
59.8399049204793	54.386	3.002	29.058	15.03	59.0880095838623	423	232	90	4	58	30	45	3	29	15	1363	0	0.15624022483825684	212000	64.13623785972595	430	99.79716981132076	
59.8399049204793	55.51	3.002	29.058	15.03	59.0880095838623	424	232	90	4	58	30	45	3	29	15	1363	0	0.14061379432678223	212500	64.27685165405273	430	99.79764705882353	
59.83989276883186	56.178	3.018	29.522	15.27	59.0880095838623	425	232	90	6	116	60	45	3	29	15	1368	0	0.12499141693115234	213000	64.40184307098389	430	99.7981220657277	
59.8399049204793	56.9	3.002	29.058	15.03	59.0880095838623	426	232	90	4	58	30	45	3	29	15	1368	0	0.09374427795410156	213500	64.49558734893799	430	99.79859484777518	
59.83988970023403	56.964	3.024	29.696	15.36	59.0880095838623	427	232	90	6	116	60	45	3	29	15	1374	0	0.10936689376831055	214000	64.6049542427063	430	99.79906542056075	
59.8399049204793	57.408	3.002	29.058	15.03	59.0880095838623	428	232	90	4	58	30	45	3	29	15	1374	0	0.10936760902404785	214500	64.71432185173035	430	99.7995337995338	
59.839901900831435	56.432	3.01	29.29	15.15	59.0880095838623	429	232	90	7	145	75	45	3	29	15	1376	0	0.15623927116394043	215000	64.87056112289429	430	99.8	
59.839901900831435	57.334	3.008	29.232	15.12	59.0880095838623	430	232	90	6	116	60	45	3	29	15	1378	0	0.12499141693115234	215500	64.99555253982544	430	99.80046403712296	
59.8399049204793	57.224	3.002	29.058	15.03	59.0880095838623	431	232	90	4	58	30	45	3	29	15	1378	0	0.14061570167541504	216000	65.13616824150085	430	99.80092592592592	
59.8399049204793	56.528	3.002	29.058	15.03	59.0880095838623	432	232	90	4	58	30	45	3	29	15	1379	0	0.14061474800109863	216500	65.27678298950195	430	99.8013856812933	
59.83989276883186	55.916	3.018	29.522	15.27	59.0880095838623	433	232	90	6	116	60	45	3	29	15	1384	0	0.15623974800109863	217000	65.43302273750305	430	99.80184331797236	
59.8399049204793	57.692	3.002	29.058	15.03	59.0880095838623	434	232	90	4	58	30	45	3	29	15	1384	0	0.12499141693115234	217500	65.5580141544342	430	99.80229885057472	
59.8399049204793	56.75	3.002	29.058	15.03	59.0880095838623	435	232	90	4	58	30	45	3	29	15	1384	0	0.14061522483825684	218000	65.69862937927246	430	99.80275229357798	
59.8399049204793	56.982	3.002	29.058	15.03	59.0880095838623	436	232	90	4	58	30	45	3	29	15	1385	0	0.14061570167541504	218500	65.83924508094788	430	99.80320366132723	
59.839898869056476	56.8	3.014	29.406	15.21	59.0880095838623	437	232	90	6	116	60	45	3	29	15	1388	0	0.15623903274536133	219000	65.99548411369324	430	99.80365296803653	
59.8399049204793	55.954	3.002	29.058	15.03	59.0880095838623	438	232	90	4	58	30	45	3	29	15	1388	0	0.14061546325683594	219500	66.13609957695007	430	99.80410022779043	
59.839895825081214	54.676	3.008	29.232	15.12	59.0880095838623	439	232	90	4	58	30	45	3	29	15	1392	0	0.15623903274536133	220000	66.29233860969543	430	99.80454545454545	
59.8399049204793	53.934	3.002	29.058	15.03	59.0880095838623	440	232	90	4	58	30	45	3	29	15	1392	0	0.09374475479125977	220500	66.3860833644867	430	99.80498866213152	
59.839898869056476	54.8	3.01	29.29	15.15	59.0880095838623	441	232	90	6	116	60	45	3	29	15	1395	0	0.14061450958251953	221000	66.52669787406921	430	99.8054298642534	
59.839901900831435	54.268	3.004	29.116	15.06	59.0880095838623	442	232	90	4	58	30	45	3	29	15	1397	0	0.14061498641967773	221500	66.66731286048889	430	99.8058690744921	
59.8399049204793	53.838	3.002	29.058	15.03	59.0880095838623	443	232	90	4	58	30	45	3	29	15	1398	0	0.12499141693115234	222000	66.79230427742004	430	99.80630630630631	
59.839898869056476	53.254	3.006	29.174	15.09	59.0880095838623	444	232	90	4	58	30	45	3	29	15	1401	0	0.15623998641967773	222500	66.94854426383972	430	99.8067415730337	
59.83989276883186	54.916	3.02	29.58	15.3	59.0880095838623	445	232	90	7	145	75	45	3	29	15	1406	0	0.12499165534973145	223000	67.07353591918945	430	99.80717488789237	
59.8399049204793	55.348	3.002	29.058	15.03	59.0880095838623	446	232	90	4	58	30	45	3	29	15	1406	0	0.09374308586120605	223500	67.16727900505066	430	99.80760626398211	
59.839898869056476	53.706	3.01	29.29	15.15	59.0880095838623	447	232	90	6	116	60	45	3	29	15	1409	0	0.09374403953552246	224000	67.26102304458618	430	99.80803571428571	
59.8399049204793	53.486	3.002	29.058	15.03	59.0880095838623	448	232	90	4	58	30	45	3	29	15	1410	0	0.12499094009399414	224500	67.38601398468018	430	99.80846325167037	
59.839898869056476	53.802	3.006	29.174	15.09	59.0880095838623	449	232	90	4	58	30	45	3	29	15	1413	0	0.14061474800109863	225000	67.52662873268127	430	99.80888888888889	
59.839898869056476	54.664	3.01	29.29	15.15	59.0880095838623	450	232	90	6	116	60	45	3	29	15	1416	0	0.10937261581420898	225500	67.63600134849548	430	99.80931263858093	
59.8399049204793	53.952	3.002	29.058	15.03	59.0880095838623	451	232	90	4	58	30	45	3	29	15	1417	0	0.1406114101409912	226000	67.77661275863647	430	99.80973451327434	
59.839895825081214	56.398	3.012	29.348	15.18	59.0880095838623	452	232	90	6	116	60	45	3	29	15	1421	0	0.12499070167541504	226500	67.90160346031189	430	99.81015452538631	
59.8399049204793	56.092	3.002	29.058	15.03	59.0880095838623	453	232	90	4	58	30	45	3	29	15	1421	0	0.10936760902404785	227000	68.01097106933594	430	99.81057268722466	
59.8399049204793	56.11	3.002	29.058	15.03	59.0880095838623	454	232	90	4	58	30	45	3	29	15	1421	0	0.17186450958251953	227500	68.18283557891846	430	99.810989010989	
59.839901900831435	57.016	3.004	29.116	15.06	59.0880095838623	455	232	90	4	58	30	45	3	29	15	1423	0	0.12499046325683594	228000	68.3078260421753	430	99.81140350877193	
59.839895825081214	57.154	3.014	29.406	15.21	59.0880095838623	456	232	90	7	145	75	45	3	29	15	1427	0	0.14061522483825684	228500	68.44844126701355	430	99.81181619256017	
59.83988352569233	56.616	3.028	29.812	15.42	59.0880095838623	457	232	90	6	116	60	45	3	29	15	1435	0	0.17186331748962402	229000	68.62030458450317	430	99.8122270742358	
59.839898869056476	57.17	3.012	29.348	15.18	59.0880095838623	458	232	90	7	145	75	45	3	29	15	1438	0	0.17186689376831055	229500	68.79217147827148	430	99.81263616557735	
59.8399049204793	58.6	3.002	29.058	15.03	59.0880095838623	459	232	90	4	58	30	45	3	29	15	1439	0	0.17186379432678223	230000	68.96403527259827	430	99.81304347826087	
59.839898869056476	57.428	3.006	29.174	15.09	59.0880095838623	460	232	90	4	58	30	45	3	29	15	1442	0	0.15623760223388672	230500	69.12027287483215	430	99.81344902386117	
59.83989276883186	56.762	3.01	29.29	15.15	59.0880095838623	461	232	90	4	58	30	45	3	29	15	1447	0	0.17186284065246582	231000	69.29213571548462	430	99.81385281385282	
59.8399049204793	58.088	3.002	29.058	15.03	59.0880095838623	462	232	90	4	58	30	45	3	29	15	1448	0	0.15623903274536133	231500	69.44837474822998	430	99.81425485961122	
59.8399049204793	57.664	3.002	29.058	15.03	59.0880095838623	463	232	90	4	58	30	45	3	29	15	1448	0	0.10936880111694336	232000	69.55774354934692	430	99.8146551724138	
59.8399049204793	58.292	3.002	29.058	15.03	59.0880095838623	464	232	90	4	58	30	45	3	29	15	1448	0	0.2187354564666748	232500	69.7764790058136	430	99.81505376344086	
59.8399049204793	57.498	3.002	29.058	15.03	59.0880095838623	465	232	90	4	58	30	45	3	29	15	1448	0	0.14061403274536133	233000	69.91709303855896	430	99.81545064377683	
59.8399049204793	58.204	3.002	29.058	15.03	59.0880095838623	466	232	90	4	58	30	45	3	29	15	1448	0	0.10936641693115234	233500	70.02645945549011	430	99.81584582441114	
59.839898869056476	58.124	3.006	29.174	15.09	59.0880095838623	467	232	90	4	58	30	45	3	29	15	1451	0	0.14061570167541504	234000	70.16707515716553	430	99.81623931623932	
59.83989276883186	59.556	3.016	29.464	15.24	59.0880095838623	468	232	90	7	145	75	45	3	29	15	1456	0	0.14061450958251953	234500	70.30768966674805	430	99.81663113006397	
59.8399049204793	57.518	3.002	29.058	15.03	59.0880095838623	469	232	90	4	58	30	45	3	29	15	1457	0	0.10936784744262695	235000	70.41705751419067	430	99.81702127659574	
59.8399049204793	59.258	3.002	29.058	15.03	59.0880095838623	470	232	90	4	58	30	45	3	29	15	1457	0	0.14061546325683594	235500	70.55767297744751	430	99.81740976645435	
59.83988661921271	56.806	3.014	29.406	15.21	59.0880095838623	471	232	90	4	58	30	45	3	29	15	1464	0	0.17186355590820312	236000	70.72953653335571	430	99.8177966101695	
59.8399049204793	56.162	3.002	29.058	15.03	59.0880095838623	472	232	90	4	58	30	45	3	29	15	1464	0	0.15623903274536133	236500	70.88577556610107	430	99.81818181818181	
59.839895825081214	54.844	3.014	29.406	15.21	59.0880095838623	473	232	90	7	145	75	45	3	29	15	1468	0	0.15623879432678223	237000	71.04201436042786	430	99.81856540084388	
59.8399049204793	53.584	3.002	29.058	15.03	59.0880095838623	474	232	90	4	58	30	45	3	29	15	1468	0	0.14061546325683594	237500	71.18262982368469	430	99.81894736842105	
59.8399049204793	53.62	3.002	29.058	15.03	59.0880095838623	475	232	90	4	58	30	45	3	29	15	1468	0	0.14061498641967773	238000	71.32324481010437	430	99.81932773109244	
59.8399049204793	54.158	3.002	29.058	15.03	59.0880095838623	476	232	90	4	58	30	45	3	29	15	1468	0	0.14061617851257324	238500	71.46386098861694	430	99.81970649895179	
59.83989276883186	53.67	3.018	29.522	15.27	59.0880095838623	477	232	90	6	116	60	45	3	29	15	1473	0	0.14061522483825684	239000	71.6044762134552	430	99.82008368200837	
59.8399049204793	54.434	3.002	29.058	15.03	59.0880095838623	478	232	90	4	58	30	45	3	29	15	1474	0	0.17186403274536133	239500	71.77634024620056	430	99.8204592901879	
59.8399049204793	55.102	3.002	29.058	15.03	59.0880095838623	479	232	90	4	58	30	45	3	29	15	1474	0	0.15623855590820312	240000	71.93257880210876	430	99.82083333333334	
59.83988661921271	56.198	3.02	29.58	15.3	59.0880095838623	480	232	90	7	145	75	45	3	29	15	1481	0	0.12499189376831055	240500	72.05757069587708	430	99.82120582120582	
59.83988661921271	55.394	3.014	29.406	15.21	59.0880095838623	481	232	90	4	58	30	45	3	29	15	1488	0	0.15623879432678223	241000	72.21380949020386	430	99.82157676348548	
59.839901900831435	56.242	3.004	29.116	15.06	59.0880095838623	482	232	90	4	58	30	45	3	29	15	1490	0	0.14061594009399414	241500	72.35442543029785	430	99.82194616977226	
59.839901900831435	57.162	3.004	29.116	15.06	59.0880095838623	483	232	90	4	58	30	45	3	29	15	1492	0	0.09374499320983887	242000	72.44817042350769	430	99.82231404958678	
59.83989276883186	55.884	3.014	29.406	15.21	59.0880095838623	484	232	90	6	116	60	45	3	29	15	1497	0	0.10936737060546875	242500	72.55753779411316	430	99.82268041237113	
59.8399049204793	56.4	3.002	29.058	15.03	59.0880095838623	485	232	90	4	58	30	45	3	29	15	1497	0	0.15623712539672852	243000	72.71377491950989	430	99.82304526748972	
59.8399049204793	57.606	3.002	29.058	15.03	59.0880095838623	486	232	90	4	58	30	45	3	29	15	1497	0	0.17186260223388672	243500	72.88563752174377	430	99.82340862422998	
59.8399049204793	56.792	3.002	29.058	15.03	59.0880095838623	487	232	90	4	58	30	45	3	29	15	1497	0	0.14061594009399414	244000	73.02625346183777	430	99.82377049180327	
59.839898869056476	56.428	3.006	29.174	15.09	59.0880095838623	488	232	90	4	58	30	45	3	29	15	1500	0	0.12499141693115234	244500	73.15124487876892	430	99.8241308793456	
59.839895825081214	54.064	3.008	29.232	15.12	59.0880095838623	489	232	90	4	58	30	45	3	29	15	1504	0	0.14061522483825684	245000	73.29186010360718	430	99.82448979591837	
59.8399049204793	54.818	3.002	29.058	15.03	59.0880095838623	490	232	90	4	58	30	45	3	29	15	1505	0	0.15623927116394043	245500	73.44809937477112	430	99.82484725050917	
59.8399049204793	53.38	3.002	29.058	15.03	59.0880095838623	491	232	90	4	58	30	45	3	29	15	1505	0	0.14061617851257324	246000	73.58871555328369	430	99.82520325203252	
59.839898869056476	54.324	3.01	29.29	15.15	59.0880095838623	492	232	90	6	116	60	45	3	29	15	1508	0	0.15623807907104492	246500	73.74495363235474	430	99.82555780933063	
59.839895825081214	54.448	3.012	29.348	15.18	59.0880095838623	493	232	90	6	116	60	45	3	29	15	1512	0	0.15623950958251953	247000	73.90119314193726	430	99.82591093117409	
59.8399049204793	53.83	3.002	29.058	15.03	59.0880095838623	494	232	90	4	58	30	45	3	29	15	1513	0	0.15623950958251953	247500	74.05743265151978	430	99.82626262626263	
59.8399049204793	54.626	3.002	29.058	15.03	59.0880095838623	495	232	90	4	58	30	45	3	29	15	1513	0	0.12499189376831055	248000	74.18242454528809	430	99.82661290322581	
59.8399049204793	54.14	3.002	29.058	15.03	59.0880095838623	496	232	90	4	58	30	45	3	29	15	1513	0	0.12499094009399414	248500	74.30741548538208	430	99.82696177062374	
59.83989276883186	54.316	3.022	29.638	15.33	59.0880095838623	497	232	90	6	116	60	45	3	29	15	1518	0	0.14061546325683594	249000	74.44803094863892	430	99.8273092369478	
59.8399049204793	53.704	3.002	29.058	15.03	59.0880095838623	498	232	90	4	58	30	45	3	29	15	1518	0	0.14061546325683594	249500	74.58864641189575	430	99.82765531062124	
59.8399049204793	53.772	3.002	29.058	15.03	59.0880095838623	499	232	90	4	58	30	45	3	29	15	1519	0	0.15623903274536133	250000	74.74488544464111	430	99.828	
59.839898869056476	53.5	3.006	29.174	15.09	59.0880095838623	500	232	90	4	58	30	45	3	29	15	1522	0	0.09374356269836426	250500	74.83862900733948	430	99.82834331337325	
59.839901900831435	53.466	3.004	29.116	15.06	59.0880095838623	501	232	90	4	58	30	45	3	29	15	1524	0	0.14061546325683594	251000	74.97924447059631	430	99.82868525896414	
59.8399049204793	54.178	3.002	29.058	15.03	59.0880095838623	502	232	90	4	58	30	45	3	29	15	1525	0	0.14061498641967773	251500	75.11985945701599	430	99.82902584493041	
59.8399049204793	53.6	3.002	29.058	15.03	59.0880095838623	503	232	90	4	58	30	45	3	29	15	1525	0	0.12499189376831055	252000	75.2448513507843	430	99.82936507936508	
59.839898869056476	53.462	3.006	29.174	15.09	59.0880095838623	504	232	90	4	58	30	45	3	29	15	1528	0	0.14061713218688965	252500	75.38546848297119	430	99.82970297029703	
59.8399049204793	54.26	3.002	29.058	15.03	59.0880095838623	505	232	90	4	58	30	45	3	29	15	1528	0	0.17186832427978516	253000	75.55733680725098	430	99.8300395256917	
59.8399049204793	54.356	3.002	29.058	15.03	59.0880095838623	506	232	90	4	58	30	45	3	29	15	1528	0	0.1406092643737793	253500	75.69794607162476	430	99.83037475345168	
59.83989276883186	53.822	3.014	29.406	15.21	59.0880095838623	507	232	90	6	116	60	45	3	29	15	1533	0	0.15623855590820312	254000	75.85418462753296	430	99.83070866141732	
59.8399049204793	52.988	3.002	29.058	15.03	59.0880095838623	508	232	90	4	58	30	45	3	29	15	1533	0	0.14061594009399414	254500	75.99480056762695	430	99.83104125736739	
59.8399049204793	53.216	3.002	29.058	15.03	59.0880095838623	509	232	90	4	58	30	45	3	29	15	1533	0	0.15623855590820312	255000	76.15103912353516	430	99.8313725490196	
59.839901900831435	53.804	3.004	29.116	15.06	59.0880095838623	510	232	90	4	58	30	45	3	29	15	1535	0	0.12499189376831055	255500	76.27603101730347	430	99.83170254403132	
59.8399049204793	55.064	3.002	29.058	15.03	59.0880095838623	511	232	90	4	58	30	45	3	29	15	1536	0	0.15623903274536133	256000	76.43227005004883	430	99.83203125	
59.8399049204793	55.514	3.002	29.058	15.03	59.0880095838623	512	232	90	4	58	30	45	3	29	15	1536	0	0.17186355590820312	256500	76.60413360595703	430	99.83235867446393	
59.83989276883186	54.58	3.01	29.29	15.15	59.0880095838623	513	232	90	4	58	30	45	3	29	15	1541	0	0.14061522483825684	257000	76.74474883079529	430	99.83268482490273	
59.83988970023403	53.952	3.02	29.58	15.3	59.0880095838623	514	232	90	6	116	60	45	3	29	15	1547	0	0.15623927116394043	257500	76.90098810195923	430	99.83300970873786	
59.8399049204793	53.24	3.002	29.058	15.03	59.0880095838623	515	232	90	4	58	30	45	3	29	15	1548	0	0.15623950958251953	258000	77.05722761154175	430	99.83333333333333	
59.8399049204793	51.906	3.002	29.058	15.03	59.0880095838623	516	232	90	4	58	30	45	3	29	15	1549	0	0.15623950958251953	258500	77.21346712112427	430	99.83365570599614	
59.8399049204793	52.296	3.002	29.058	15.03	59.0880095838623	517	232	90	4	58	30	45	3	29	15	1549	0	0.12499070167541504	259000	77.33845782279968	430	99.83397683397683	
59.8399049204793	53.044	3.002	29.058	15.03	59.0880095838623	518	232	90	4	58	30	45	3	29	15	1549	0	0.15624570846557617	259500	77.49470353126526	430	99.83429672447014	
59.839901900831435	53.356	3.004	29.116	15.06	59.0880095838623	519	232	90	4	58	30	45	3	29	15	1551	0	0.1562333106994629	260000	77.65093684196472	430	99.83461538461539	
59.8399049204793	52.466	3.002	29.058	15.03	59.0880095838623	520	232	90	4	58	30	45	3	29	15	1551	0	0.09374356269836426	260500	77.74468040466309	430	99.83493282149712	
59.8399049204793	52.844	3.002	29.058	15.03	59.0880095838623	521	232	90	4	58	30	45	3	29	15	1552	0	0.10936760902404785	261000	77.85404801368713	430	99.83524904214559	
59.839901900831435	53.2	3.004	29.116	15.06	59.0880095838623	522	232	90	4	58	30	45	3	29	15	1554	0	0.17186331748962402	261500	78.02591133117676	430	99.83556405353728	
59.839895825081214	52.678	3.008	29.232	15.12	59.0880095838623	523	232	90	4	58	30	45	3	29	15	1558	0	0.15623927116394043	262000	78.1821506023407	430	99.83587786259542	
59.8399049204793	52.806	3.002	29.058	15.03	59.0880095838623	524	232	90	4	58	30	45	3	29	15	1558	0	0.14061546325683594	262500	78.32276606559753	430	99.83619047619048	
59.839901900831435	52.63	3.004	29.116	15.06	59.0880095838623	525	232	90	4	58	30	45	3	29	15	1560	0	0.10936808586120605	263000	78.43213415145874	430	99.83650190114068	
59.8399049204793	53.52	3.002	29.058	15.03	59.0880095838623	526	232	90	4	58	30	45	3	29	15	1560	0	0.14061474800109863	263500	78.57274889945984	430	99.83681214421253	
59.8399049204793	53.086	3.002	29.058	15.03	59.0880095838623	527	232	90	4	58	30	45	3	29	15	1560	0	0.09374356269836426	264000	78.6664924621582	430	99.83712121212122	
59.839898869056476	54.552	3.01	29.29	15.15	59.0880095838623	528	232	90	6	116	60	45	3	29	15	1563	0	0.15623950958251953	264500	78.82273197174072	430	99.8374291115312	
59.8399049204793	55.536	3.002	29.058	15.03	59.0880095838623	529	232	90	4	58	30	45	3	29	15	1563	0	0.12499094009399414	265000	78.94772291183472	430	99.8377358490566	
59.8399049204793	56.02	3.002	29.058	15.03	59.0880095838623	530	232	90	4	58	30	45	3	29	15	1564	0	0.14061570167541504	265500	79.08833861351013	430	99.83804143126177	
59.83988970023403	54.998	3.016	29.464	15.24	59.0880095838623	531	232	90	6	116	60	45	3	29	15	1570	0	0.15624308586120605	266000	79.24458169937134	430	99.83834586466165	
59.83988661921271	55.186	3.014	29.406	15.21	59.0880095838623	532	232	90	4	58	30	45	3	29	15	1577	0	0.12498807907104492	266500	79.36956977844238	430	99.83864915572232	
59.839901900831435	55.78	3.004	29.116	15.06	59.0880095838623	533	232	90	4	58	30	45	3	29	15	1579	0	0.15623879432678223	267000	79.52580857276917	430	99.83895131086142	
59.8399049204793	54.47	3.002	29.058	15.03	59.0880095838623	534	232	90	4	58	30	45	3	29	15	1580	0	0.10936760902404785	267500	79.63517618179321	430	99.8392523364486	
59.839895825081214	54.824	3.012	29.348	15.18	59.0880095838623	535	232	90	6	116	60	45	3	29	15	1584	0	0.12499141693115234	268000	79.76016759872437	430	99.83955223880596	
59.839895825081214	56.654	3.008	29.232	15.12	59.0880095838623	536	232	90	4	58	30	45	3	29	15	1588	0	0.15623927116394043	268500	79.9164068698883	430	99.83985102420857	
59.839898869056476	57.296	3.012	29.348	15.18	59.0880095838623	537	232	90	7	145	75	45	3	29	15	1591	0	0.15623903274536133	269000	80.07264590263367	430	99.84014869888476	
59.8399049204793	57.182	3.002	29.058	15.03	59.0880095838623	538	232	90	4	58	30	45	3	29	15	1591	0	0.14061570167541504	269500	80.21326160430908	430	99.8404452690167	
59.8399049204793	56.768	3.002	29.058	15.03	59.0880095838623	539	232	90	4	58	30	45	3	29	15	1591	0	0.10936760902404785	270000	80.32262921333313	430	99.84074074074074	
59.8399049204793	56.888	3.002	29.058	15.03	59.0880095838623	540	232	90	4	58	30	45	3	29	15	1592	0	0.12499141693115234	270500	80.44762063026428	430	99.84103512014788	
59.8399049204793	56.858	3.002	29.058	15.03	59.0880095838623	541	232	90	4	58	30	45	3	29	15	1593	0	0.12499189376831055	271000	80.57261252403259	430	99.84132841328413	
59.839895825081214	58.328	3.016	29.464	15.24	59.0880095838623	542	232	90	6	116	60	45	3	29	15	1597	0	0.17186260223388672	271500	80.74447512626648	430	99.84162062615101	
59.8399049204793	58.004	3.002	29.058	15.03	59.0880095838623	543	232	90	4	58	30	45	3	29	15	1598	0	0.12499165534973145	272000	80.86946678161621	430	99.84191176470588	
59.8399049204793	58.486	3.002	29.058	15.03	59.0880095838623	544	232	90	4	58	30	45	3	29	15	1598	0	0.09374308586120605	272500	80.96320986747742	430	99.84220183486238	
59.8399049204793	58.482	3.002	29.058	15.03	59.0880095838623	545	232	90	4	58	30	45	3	29	15	1598	0	0.14061546325683594	273000	81.10382533073425	430	99.84249084249085	
59.8399049204793	59.418	3.002	29.058	15.03	59.0880095838623	546	232	90	4	58	30	45	3	29	15	1599	0	0.14061570167541504	273500	81.24444103240967	430	99.84277879341865	
59.839898869056476	58.972	3.016	29.464	15.24	59.0880095838623	547	232	90	7	145	75	45	3	29	15	1602	0	0.15623998641967773	274000	81.40068101882935	430	99.84306569343066	
59.8399049204793	58.676	3.002	29.058	15.03	59.0880095838623	548	232	90	4	58	30	45	3	29	15	1602	0	0.10936689376831055	274500	81.51004791259766	430	99.84335154826958	
59.839901900831435	59.438	3.004	29.116	15.06	59.0880095838623	549	232	90	4	58	30	45	3	29	15	1604	0	0.2187352180480957	275000	81.72878313064575	430	99.84363636363636	
59.8399049204793	59.906	3.002	29.058	15.03	59.0880095838623	550	232	90	4	58	30	45	3	29	15	1605	0	0.14061617851257324	275500	81.86939930915833	430	99.84392014519057	
59.839901900831435	61.03	3.004	29.116	15.06	59.0880095838623	551	232	90	4	58	30	45	3	29	15	1607	0	0.15623807907104492	276000	82.02563738822937	430	99.84420289855072	
59.8399049204793	61.97	3.002	29.058	15.03	59.0880095838623	552	232	90	4	58	30	45	3	29	15	1608	0	0.12499189376831055	276500	82.15062928199768	430	99.84448462929475	
59.83989276883186	62.644	3.014	29.406	15.21	59.0880095838623	553	232	90	6	116	60	45	3	29	15	1613	0	0.14061498641967773	277000	82.29124426841736	430	99.84476534296029	
59.8399049204793	64.272	3.002	29.058	15.03	59.0880095838623	554	232	90	4	58	30	45	3	29	15	1614	0	0.10936880111694336	277500	82.4006130695343	430	99.84504504504504	
59.8399049204793	62.652	3.002	29.058	15.03	59.0880095838623	555	232	90	4	58	30	45	3	29	15	1614	0	0.09374332427978516	278000	82.49435639381409	430	99.84532374100719	
59.8399049204793	64.518	3.002	29.058	15.03	59.0880095838623	556	232	90	4	58	30	45	3	29	15	1614	0	0.12499070167541504	278500	82.6193470954895	430	99.84560143626571	
59.8399049204793	63.112	3.002	29.058	15.03	59.0880095838623	557	232	90	4	58	30	45	3	29	15	1614	0	0.12499165534973145	279000	82.74433875083923	430	99.84587813620071	
59.839901900831435	62.008	3.008	29.232	15.12	59.0880095838623	558	232	90	6	116	60	45	3	29	15	1616	0	0.12499213218688965	279500	82.86933088302612	430	99.84615384615384	
59.8399049204793	64.802	3.002	29.058	15.03	59.0880095838623	559	232	90	4	58	30	45	3	29	15	1616	0	0.14061427116394043	280000	83.00994515419006	430	99.84642857142858	
59.8399049204793	66.12	3.002	29.058	15.03	59.0880095838623	560	232	90	4	58	30	45	3	29	15	1617	0	0.10936737060546875	280500	83.11931252479553	430	99.84670231729055	
59.8399049204793	65.114	3.002	29.058	15.03	59.0880095838623	561	232	90	4	58	30	45	3	29	15	1617	0	0.12499165534973145	281000	83.24430418014526	430	99.84697508896797	
59.839895825081214	64.218	3.022	29.638	15.33	59.0880095838623	562	232	90	7	145	75	45	3	29	15	1621	0	0.10936737060546875	281500	83.35367155075073	430	99.84724689165186	
59.8399049204793	64.792	3.002	29.058	15.03	59.0880095838623	563	232	90	4	58	30	45	3	29	15	1621	0	0.12499165534973145	282000	83.47866320610046	430	99.84751773049645	
59.839898869056476	64.646	3.014	29.406	15.21	59.0880095838623	564	232	90	6	116	60	45	3	29	15	1624	0	0.15623998641967773	282500	83.63490319252014	430	99.84778761061946	
59.8399049204793	65.08	3.002	29.058	15.03	59.0880095838623	565	232	90	4	58	30	45	3	29	15	1625	0	0.14061427116394043	283000	83.77551746368408	430	99.84805653710248	
59.839901900831435	64.064	3.008	29.232	15.12	59.0880095838623	566	232	90	6	116	60	45	3	29	15	1627	0	0.14061594009399414	283500	83.91613340377808	430	99.84832451499118	
59.839895825081214	63.748	3.008	29.232	15.12	59.0880095838623	567	232	90	4	58	30	45	3	29	15	1631	0	0.12499141693115234	284000	84.04112482070923	430	99.84859154929578	
59.8399049204793	64.414	3.002	29.058	15.03	59.0880095838623	568	232	90	4	58	30	45	3	29	15	1631	0	0.10936760902404785	284500	84.15049242973328	430	99.84885764499121	
59.839901900831435	63.778	3.008	29.232	15.12	59.0880095838623	569	232	90	6	116	60	45	3	29	15	1633	0	0.14061522483825684	285000	84.29110765457153	430	99.84912280701755	
59.8399049204793	65.1	3.002	29.058	15.03	59.0880095838623	570	232	90	4	58	30	45	3	29	15	1633	0	0.12499117851257324	285500	84.4160988330841	430	99.8493870402802	
59.839895825081214	65.348	3.014	29.406	15.21	59.0880095838623	571	232	90	7	145	75	45	3	29	15	1637	0	0.15623950958251953	286000	84.57233834266663	430	99.84965034965035	
59.839898869056476	65.716	3.01	29.29	15.15	59.0880095838623	572	232	90	6	116	60	45	3	29	15	1640	0	0.14061546325683594	286500	84.71295380592346	430	99.84991273996509	
59.839895825081214	65.046	3.016	29.464	15.24	59.0880095838623	573	232	90	6	116	60	45	3	29	15	1644	0	0.14061522483825684	287000	84.85356903076172	430	99.85017421602788	
59.8399049204793	64.248	3.002	29.058	15.03	59.0880095838623	574	232	90	4	58	30	45	3	29	15	1645	0	0.15623927116394043	287500	85.00980830192566	430	99.8504347826087	
59.83988661921271	64.806	3.026	29.754	15.39	59.0880095838623	575	232	90	7	145	75	45	3	29	15	1652	0	0.14061522483825684	288000	85.15042352676392	430	99.85069444444444	
59.8399049204793	62.864	3.002	29.058	15.03	59.0880095838623	576	232	90	4	58	30	45	3	29	15	1652	0	0.17186379432678223	288500	85.3222873210907	430	99.85095320623917	
59.8399049204793	63.056	3.002	29.058	15.03	59.0880095838623	577	232	90	4	58	30	45	3	29	15	1653	0	0.12499117851257324	289000	85.44727849960327	430	99.85121107266436	
59.839898869056476	63.448	3.018	29.522	15.27	59.0880095838623	578	232	90	7	145	75	45	3	29	15	1656	0	0.15623927116394043	289500	85.60351777076721	430	99.85146804835924	
59.8399049204793	63.55	3.002	29.058	15.03	59.0880095838623	579	232	90	4	58	30	45	3	29	15	1657	0	0.12499165534973145	290000	85.72850942611694	430	99.85172413793103	
59.839895825081214	64.226	3.014	29.406	15.21	59.0880095838623	580	232	90	7	145	75	45	3	29	15	1661	0	0.10936808586120605	290500	85.83787751197815	430	99.85197934595524	
59.8399049204793	64.88	3.002	29.058	15.03	59.0880095838623	581	232	90	4	58	30	45	3	29	15	1662	0	0.20311212539672852	291000	86.04098963737488	430	99.85223367697594	
59.839895825081214	64.222	3.02	29.58	15.3	59.0880095838623	582	232	90	7	145	75	45	3	29	15	1666	0	0.15623831748962402	291500	86.1972279548645	430	99.85248713550601	
59.839901900831435	63.4	3.004	29.116	15.06	59.0880095838623	583	232	90	4	58	30	45	3	29	15	1668	0	0.12499117851257324	292000	86.32221913337708	430	99.8527397260274	
59.839898869056476	65.26	3.012	29.348	15.18	59.0880095838623	584	232	90	7	145	75	45	3	29	15	1671	0	0.15623879432678223	292500	86.47845792770386	430	99.85299145299145	
59.8399049204793	64.048	3.002	29.058	15.03	59.0880095838623	585	232	90	4	58	30	45	3	29	15	1672	0	0.15624046325683594	293000	86.6346983909607	430	99.8532423208191	
59.83988352569233	64.474	3.022	29.638	15.33	59.0880095838623	586	232	90	7	145	75	45	3	29	15	1680	0	0.18748784065246582	293500	86.82218623161316	430	99.85349233390119	
59.8399049204793	64.796	3.002	29.058	15.03	59.0880095838623	587	232	90	4	58	30	45	3	29	15	1681	0	0.15623831748962402	294000	86.97842454910278	430	99.85374149659864	
59.8399049204793	61.698	3.002	29.058	15.03	59.0880095838623	588	232	90	4	58	30	45	3	29	15	1681	0	0.15623855590820312	294500	87.13466310501099	430	99.85398981324279	
59.8399049204793	61.334	3.002	29.058	15.03	59.0880095838623	589	232	90	4	58	30	45	3	29	15	1681	0	0.15623998641967773	295000	87.29090309143066	430	99.8542372881356	
59.839898869056476	61.47	3.006	29.174	15.09	59.0880095838623	590	232	90	4	58	30	45	3	29	15	1684	0	0.17186403274536133	295500	87.46276712417603	430	99.85448392554991	
59.8399049204793	62.448	3.002	29.058	15.03	59.0880095838623	591	232	90	4	58	30	45	3	29	15	1684	0	0.14061403274536133	296000	87.60338115692139	430	99.85472972972973	
59.8399049204793	62.582	3.002	29.058	15.03	59.0880095838623	592	232	90	4	58	30	45	3	29	15	1684	0	0.15623974800109863	296500	87.75962090492249	430	99.85497470489038	
59.8399049204793	62.636	3.002	29.058	15.03	59.0880095838623	593	232	90	4	58	30	45	3	29	15	1685	0	0.17186307907104492	297000	87.93148398399353	430	99.85521885521885	
59.839898869056476	63.03	3.006	29.174	15.09	59.0880095838623	594	232	90	4	58	30	45	3	29	15	1688	0	0.15623998641967773	297500	88.08772397041321	430	99.85546218487394	
59.839901900831435	63.2	3.004	29.116	15.06	59.0880095838623	595	232	90	4	58	30	45	3	29	15	1690	0	0.15623855590820312	298000	88.24396252632141	430	99.85570469798658	
59.839898869056476	63.016	3.016	29.464	15.24	59.0880095838623	596	232	90	7	145	75	45	3	29	15	1693	0	0.15624094009399414	298500	88.4002034664154	430	99.85594639865997	
59.83988970023403	62.528	3.028	29.812	15.42	59.0880095838623	597	232	90	7	145	75	45	3	29	15	1699	0	0.14061331748962402	299000	88.54081678390503	430	99.8561872909699	
59.8399049204793	63.886	3.002	29.058	15.03	59.0880095838623	598	232	90	4	58	30	45	3	29	15	1700	0	0.14061594009399414	299500	88.68143272399902	430	99.85642737896494	
59.839901900831435	65.244	3.004	29.116	15.06	59.0880095838623	599	232	90	4	58	30	45	3	29	15	1702	0	0.14061617851257324	300000	88.8220489025116	430	99.85666666666667	
59.8399049204793	64.262	3.002	29.058	15.03	59.0880095838623	600	232	90	4	58	30	45	3	29	15	1703	0	0.15623855590820312	300500	88.9782874584198	430	99.85690515806988	
59.8399049204793	63.534	3.002	29.058	15.03	59.0880095838623	601	232	90	4	58	30	45	3	29	15	1704	0	0.17186403274536133	301000	89.15015149116516	430	99.85714285714286	
59.839895825081214	65.608	3.018	29.522	15.27	59.0880095838623	602	232	90	7	145	75	45	3	29	15	1708	0	0.17186403274536133	301500	89.32201552391052	430	99.85737976782752	
59.8399049204793	64.024	3.002	29.058	15.03	59.0880095838623	603	232	90	4	58	30	45	3	29	15	1709	0	0.14061522483825684	302000	89.46263074874878	430	99.85761589403974	
59.839898869056476	63.468	3.006	29.174	15.09	59.0880095838623	604	232	90	4	58	30	45	3	29	15	1712	0	0.17186260223388672	302500	89.63449335098267	430	99.85785123966942	
59.839901900831435	60.954	3.004	29.116	15.06	59.0880095838623	605	232	90	4	58	30	45	3	29	15	1714	0	0.17186522483825684	303000	89.80635857582092	430	99.85808580858085	
59.8399049204793	62.008	3.002	29.058	15.03	59.0880095838623	606	232	90	4	58	30	45	3	29	15	1715	0	0.15623927116394043	303500	89.96259784698486	430	99.85831960461284	
59.839895825081214	59.9	3.02	29.58	15.3	59.0880095838623	607	232	90	7	145	75	45	3	29	15	1719	0	0.1874852180480957	304000	90.15008306503296	430	99.85855263157895	
59.839901900831435	59.59	3.01	29.29	15.15	59.0880095838623	608	232	90	7	145	75	45	3	29	15	1721	0	0.14061689376831055	304500	90.29069995880127	430	99.85878489326765	
59.8399049204793	59.596	3.002	29.058	15.03	59.0880095838623	609	232	90	4	58	30	45	3	29	15	1721	0	0.17186236381530762	305000	90.46256232261658	430	99.85901639344263	
59.8399049204793	58.792	3.002	29.058	15.03	59.0880095838623	610	232	90	4	58	30	45	3	29	15	1721	0	0.10936927795410156	305500	90.57193160057068	430	99.85924713584288	
59.839895825081214	59.73	3.014	29.406	15.21	59.0880095838623	611	232	90	7	145	75	45	3	29	15	1725	0	0.17186188697814941	306000	90.74379348754883	430	99.859477124183	
59.8399049204793	59.278	3.002	29.058	15.03	59.0880095838623	612	232	90	4	58	30	45	3	29	15	1726	0	0.17186284065246582	306500	90.9156563282013	430	99.85970636215335	
59.839898869056476	59.888	3.012	29.348	15.18	59.0880095838623	613	232	90	7	145	75	45	3	29	15	1729	0	0.14061403274536133	307000	91.05627036094666	430	99.8599348534202	
59.8399049204793	60.668	3.002	29.058	15.03	59.0880095838623	614	232	90	4	58	30	45	3	29	15	1730	0	0.14061641693115234	307500	91.19688677787781	430	99.86016260162602	
59.839898869056476	60.346	3.012	29.348	15.18	59.0880095838623	615	232	90	7	145	75	45	3	29	15	1733	0	0.10936737060546875	308000	91.30625414848328	430	99.8603896103896	
59.839895825081214	60.388	3.008	29.232	15.12	59.0880095838623	616	232	90	4	58	30	45	3	29	15	1737	0	0.15623831748962402	308500	91.4624924659729	430	99.86061588330632	
59.839901900831435	61.37	3.004	29.116	15.06	59.0880095838623	617	232	90	4	58	30	45	3	29	15	1739	0	0.18748903274536133	309000	91.64998149871826	430	99.86084142394822	
59.839898869056476	61.328	3.016	29.464	15.24	59.0880095838623	618	232	90	7	145	75	45	3	29	15	1742	0	0.15623927116394043	309500	91.8062207698822	430	99.8610662358643	
59.839898869056476	61.276	3.006	29.174	15.09	59.0880095838623	619	232	90	4	58	30	45	3	29	15	1745	0	0.17186307907104492	310000	91.97808384895325	430	99.86129032258064	
59.83989276883186	62.508	3.016	29.464	15.24	59.0880095838623	620	232	90	7	145	75	45	3	29	15	1750	0	0.12499141693115234	310500	92.1030752658844	430	99.86151368760065	
59.839901900831435	63.806	3.004	29.116	15.06	59.0880095838623	621	232	90	4	58	30	45	3	29	15	1752	0	0.14061760902404785	311000	92.24369287490845	430	99.86173633440515	
59.839901900831435	63.308	3.004	29.116	15.06	59.0880095838623	622	232	90	4	58	30	45	3	29	15	1754	0	0.1874840259552002	311500	92.43117690086365	430	99.86195826645265	
59.839901900831435	61.864	3.01	29.29	15.15	59.0880095838623	623	232	90	7	145	75	45	3	29	15	1756	0	0.15623998641967773	312000	92.58741688728333	430	99.86217948717949	
59.8399049204793	61.066	3.002	29.058	15.03	59.0880095838623	624	232	90	4	58	30	45	3	29	15	1756	0	0.17186188697814941	312500	92.75927877426147	430	99.8624	
59.839901900831435	60.522	3.004	29.116	15.06	59.0880095838623	625	232	90	4	58	30	45	3	29	15	1758	0	0.15623950958251953	313000	92.915518283844	430	99.8626198083067	
59.8399049204793	61.452	3.002	29.058	15.03	59.0880095838623	626	232	90	4	58	30	45	3	29	15	1758	0	0.14061617851257324	313500	93.05613446235657	430	99.86283891547049	
59.8399049204793	61.046	3.002	29.058	15.03	59.0880095838623	627	232	90	4	58	30	45	3	29	15	1758	0	0.12499094009399414	314000	93.18112540245056	430	99.86305732484077	
59.8399049204793	60.5	3.002	29.058	15.03	59.0880095838623	628	232	90	4	58	30	45	3	29	15	1759	0	0.15623831748962402	314500	93.33736371994019	430	99.86327503974563	
59.83988041959667	62.15	3.03	29.87	15.45	59.0880095838623	629	232	90	7	145	75	45	3	29	15	1768	0	0.17186331748962402	315000	93.50922703742981	430	99.86349206349206	
59.839898869056476	61.386	3.006	29.174	15.09	59.0880095838623	630	232	90	4	58	30	45	3	29	15	1771	0	0.14061546325683594	315500	93.64984250068665	430	99.86370839936609	
59.839901900831435	59.27	3.004	29.116	15.06	59.0880095838623	631	232	90	4	58	30	45	3	29	15	1773	0	0.14061522483825684	316000	93.7904577255249	430	99.86392405063292	
59.8399049204793	57.75	3.002	29.058	15.03	59.0880095838623	632	232	90	4	58	30	45	3	29	15	1774	0	0.15623950958251953	316500	93.94669723510742	430	99.86413902053712	
59.8399049204793	57.294	3.002	29.058	15.03	59.0880095838623	633	232	90	4	58	30	45	3	29	15	1775	0	0.14061546325683594	317000	94.08731269836426	430	99.86435331230284	
59.839901900831435	56.528	3.004	29.116	15.06	59.0880095838623	634	232	90	4	58	30	45	3	29	15	1777	0	0.14061498641967773	317500	94.22792768478394	430	99.86456692913386	
59.83989276883186	54.77	3.022	29.638	15.33	59.0880095838623	635	232	90	7	145	75	45	3	29	15	1782	0	0.12499189376831055	318000	94.35291957855225	430	99.86477987421384	
59.839898869056476	53.674	3.006	29.174	15.09	59.0880095838623	636	232	90	4	58	30	45	3	29	15	1785	0	0.17186307907104492	318500	94.52478265762329	430	99.86499215070644	
59.8399049204793	54.61	3.002	29.058	15.03	59.0880095838623	637	232	90	4	58	30	45	3	29	15	1785	0	0.10936760902404785	319000	94.63415026664734	430	99.86520376175548	
59.839898869056476	55.102	3.006	29.174	15.09	59.0880095838623	638	232	90	4	58	30	45	3	29	15	1788	0	0.12499117851257324	319500	94.75914144515991	430	99.86541471048513	
59.839898869056476	54.346	3.016	29.464	15.24	59.0880095838623	639	232	90	7	145	75	45	3	29	15	1791	0	0.12499117851257324	320000	94.88413262367249	430	99.865625	
59.83989276883186	53.054	3.016	29.464	15.24	59.0880095838623	640	232	90	7	145	75	45	3	29	15	1796	0	0.09374403953552246	320500	94.97787666320801	430	99.86583463338533	
59.839901900831435	52.684	3.004	29.116	15.06	59.0880095838623	641	232	90	4	58	30	45	3	29	15	1798	0	0.15623998641967773	321000	95.13411664962769	430	99.86604361370716	
59.83989276883186	52.316	3.02	29.58	15.3	59.0880095838623	642	232	90	7	145	75	45	3	29	15	1803	0	0.14061474800109863	321500	95.27473139762878	430	99.86625194401245	
59.83989276883186	52.086	3.014	29.406	15.21	59.0880095838623	643	232	90	6	116	60	45	3	29	15	1808	0	0.12499117851257324	322000	95.39972257614136	430	99.86645962732919	
59.839901900831435	52.984	3.004	29.116	15.06	59.0880095838623	644	232	90	4	58	30	45	3	29	15	1810	0	0.14061546325683594	322500	95.5403380393982	430	99.86666666666666	
59.83988661921271	52.788	3.022	29.638	15.33	59.0880095838623	645	232	90	6	116	60	45	3	29	15	1817	0	0.12499141693115234	323000	95.66532945632935	430	99.86687306501548	
59.839895825081214	51.862	3.012	29.348	15.18	59.0880095838623	646	232	90	6	116	60	45	3	29	15	1821	0	0.12499165534973145	323500	95.79032111167908	430	99.86707882534776	
59.839877300848876	51.92	3.028	29.812	15.42	59.0880095838623	647	232	90	6	116	60	45	3	29	15	1831	0	0.15623903274536133	324000	95.94656014442444	430	99.86728395061728	
59.839895825081214	52.012	3.008	29.232	15.12	59.0880095838623	648	232	90	4	58	30	45	3	29	15	1835	0	0.12499165534973145	324500	96.07155179977417	430	99.86748844375963	
59.8399049204793	52.846	3.002	29.058	15.03	59.0880095838623	649	232	90	4	58	30	45	3	29	15	1836	0	0.14061498641967773	325000	96.21216678619385	430	99.86769230769231	
59.839901900831435	51.954	3.004	29.116	15.06	59.0880095838623	650	232	90	4	58	30	45	3	29	15	1838	0	0.14061665534973145	325500	96.35278344154358	430	99.8678955453149	
59.8399049204793	52.758	3.002	29.058	15.03	59.0880095838623	651	232	90	4	58	30	45	3	29	15	1839	0	0.15623855590820312	326000	96.50902199745178	430	99.8680981595092	
59.8399049204793	52.436	3.002	29.058	15.03	59.0880095838623	652	232	90	4	58	30	45	3	29	15	1839	0	0.12499332427978516	326500	96.63401532173157	430	99.86830015313936	
59.839895825081214	51.956	3.014	29.406	15.21	59.0880095838623	653	232	90	7	145	75	45	3	29	15	1843	0	0.14061403274536133	327000	96.77462935447693	430	99.86850152905198	
59.8399049204793	51.406	3.002	29.058	15.03	59.0880095838623	654	232	90	4	58	30	45	3	29	15	1844	0	0.09374380111694336	327500	96.86837315559387	430	99.86870229007634	
59.839898869056476	51.1	3.01	29.29	15.15	59.0880095838623	655	232	90	6	116	60	45	3	29	15	1847	0	0.15623831748962402	328000	97.0246114730835	430	99.8689024390244	
59.83989276883186	50.7	3.016	29.464	15.24	59.0880095838623	656	232	90	7	145	75	45	3	29	15	1852	0	0.12499308586120605	328500	97.1496045589447	430	99.86910197869102	
59.839898869056476	50.922	3.006	29.174	15.09	59.0880095838623	657	232	90	4	58	30	45	3	29	15	1855	0	0.15623760223388672	329000	97.30584216117859	430	99.8693009118541	
59.8399049204793	50.112	3.002	29.058	15.03	59.0880095838623	658	232	90	4	58	30	45	3	29	15	1855	0	0.14061570167541504	329500	97.446457862854	430	99.86949924127465	
59.8399049204793	49.802	3.002	29.058	15.03	59.0880095838623	659	232	90	4	58	30	45	3	29	15	1855	0	0.15623903274536133	330000	97.60269689559937	430	99.86969696969697	
59.839901900831435	49.896	3.004	29.116	15.06	59.0880095838623	660	232	90	4	58	30	45	3	29	15	1857	0	0.15623950958251953	330500	97.75893640518188	430	99.86989409984871	
59.83989276883186	50.508	3.014	29.406	15.21	59.0880095838623	661	232	90	6	116	60	45	3	29	15	1862	0	0.10936737060546875	331000	97.86830377578735	430	99.87009063444108	
59.839901900831435	49.886	3.004	29.116	15.06	59.0880095838623	662	232	90	4	58	30	45	3	29	15	1864	0	0.10936760902404785	331500	97.9776713848114	430	99.87028657616892	
59.8399049204793	49.93	3.002	29.058	15.03	59.0880095838623	663	232	90	4	58	30	45	3	29	15	1864	0	0.09374356269836426	332000	98.07141494750977	430	99.87048192771084	
59.839895825081214	50.238	3.008	29.232	15.12	59.0880095838623	664	232	90	4	58	30	45	3	29	15	1868	0	0.15623927116394043	332500	98.2276542186737	430	99.87067669172933	
59.83989276883186	51.338	3.014	29.406	15.21	59.0880095838623	665	232	90	6	116	60	45	3	29	15	1873	0	0.14061522483825684	333000	98.36826944351196	430	99.87087087087087	
59.8399049204793	51.562	3.002	29.058	15.03	59.0880095838623	666	232	90	4	58	30	45	3	29	15	1873	0	0.14061689376831055	333500	98.50888633728027	430	99.87106446776612	
59.839901900831435	51.436	3.004	29.116	15.06	59.0880095838623	667	232	90	4	58	30	45	3	29	15	1875	0	0.14061856269836426	334000	98.64950489997864	430	99.87125748502994	
59.8399049204793	51.608	3.002	29.058	15.03	59.0880095838623	668	232	90	4	58	30	45	3	29	15	1876	0	0.10936355590820312	334500	98.75886845588684	430	99.87144992526159	
59.8399049204793	51.164	3.002	29.058	15.03	59.0880095838623	669	232	90	4	58	30	45	3	29	15	1877	0	0.18748712539672852	335000	98.94635558128357	430	99.87164179104478	
59.8399049204793	51.31	3.002	29.058	15.03	59.0880095838623	670	232	90	4	58	30	45	3	29	15	1877	0	0.12499165534973145	335500	99.0713472366333	430	99.87183308494784	
59.83988352569233	51.364	3.024	29.696	15.36	59.0880095838623	671	232	90	6	116	60	45	3	29	15	1885	0	0.15623950958251953	336000	99.22758674621582	430	99.87202380952381	
59.8399049204793	50.966	3.002	29.058	15.03	59.0880095838623	672	232	90	4	58	30	45	3	29	15	1886	0	0.14061474800109863	336500	99.36820149421692	430	99.87221396731054	
59.839895825081214	50.092	3.008	29.232	15.12	59.0880095838623	673	232	90	4	58	30	45	3	29	15	1890	0	0.15623903274536133	337000	99.52444052696228	430	99.87240356083086	
59.8399049204793	48.934	3.002	29.058	15.03	59.0880095838623	674	232	90	4	58	30	45	3	29	15	1890	0	0.15623927116394043	337500	99.68067979812622	430	99.8725925925926	
59.839895825081214	48.41	3.008	29.232	15.12	59.0880095838623	675	232	90	4	58	30	45	3	29	15	1894	0	0.14061570167541504	338000	99.82129549980164	430	99.87278106508876	
59.839901900831435	48.718	3.004	29.116	15.06	59.0880095838623	676	232	90	4	58	30	45	3	29	15	1896	0	0.14061498641967773	338500	99.96191048622131	430	99.87296898079764	
59.8399049204793	48.312	3.002	29.058	15.03	59.0880095838623	677	232	90	4	58	30	45	3	29	15	1896	0	0.15623927116394043	339000	100.11814975738525	430	99.8731563421829	
59.8399049204793	49.194	3.002	29.058	15.03	59.0880095838623	678	232	90	4	58	30	45	3	29	15	1897	0	0.12499189376831055	339500	100.24314165115356	430	99.87334315169366	
59.83988661921271	49.858	3.014	29.406	15.21	59.0880095838623	679	232	90	4	58	30	45	3	29	15	1904	0	0.15623927116394043	340000	100.3993809223175	430	99.87352941176471	
59.8399049204793	51.728	3.002	29.058	15.03	59.0880095838623	680	232	90	4	58	30	45	3	29	15	1904	0	0.15623927116394043	340500	100.55562019348145	430	99.87371512481644	
59.8399049204793	52.046	3.002	29.058	15.03	59.0880095838623	681	232	90	4	58	30	45	3	29	15	1905	0	0.12499213218688965	341000	100.68061232566833	430	99.87390029325513	
59.839898869056476	51.966	3.006	29.174	15.09	59.0880095838623	682	232	90	4	58	30	45	3	29	15	1908	0	0.10936641693115234	341500	100.78997874259949	430	99.8740849194729	
59.8399049204793	51.878	3.002	29.058	15.03	59.0880095838623	683	232	90	4	58	30	45	3	29	15	1908	0	0.10936760902404785	342000	100.89934635162354	430	99.87426900584795	
59.83989276883186	52.458	3.01	29.29	15.15	59.0880095838623	684	232	90	4	58	30	45	3	29	15	1913	0	0.14061570167541504	342500	101.03996205329895	430	99.87445255474452	
59.839898869056476	53.692	3.012	29.348	15.18	59.0880095838623	685	232	90	7	145	75	45	3	29	15	1916	0	0.15623903274536133	343000	101.19620108604431	430	99.87463556851311	
59.8399049204793	53.284	3.002	29.058	15.03	59.0880095838623	686	232	90	4	58	30	45	3	29	15	1916	0	0.12499213218688965	343500	101.3211932182312	430	99.87481804949054	
59.8399049204793	53.55	3.002	29.058	15.03	59.0880095838623	687	232	90	4	58	30	45	3	29	15	1916	0	0.15623855590820312	344000	101.4774317741394	430	99.875	
59.839901900831435	52.58	3.004	29.116	15.06	59.0880095838623	688	232	90	4	58	30	45	3	29	15	1918	0	0.15623974800109863	344500	101.6336715221405	430	99.87518142235123	
59.8399049204793	52.358	3.002	29.058	15.03	59.0880095838623	689	232	90	4	58	30	45	3	29	15	1918	0	0.10936737060546875	345000	101.74303889274597	430	99.87536231884059	
59.8399049204793	51.96	3.002	29.058	15.03	59.0880095838623	690	232	90	4	58	30	45	3	29	15	1919	0	0.14061498641967773	345500	101.88365387916565	430	99.87554269175108	
59.8399049204793	52.752	3.002	29.058	15.03	59.0880095838623	691	232	90	4	58	30	45	3	29	15	1919	0	0.14061570167541504	346000	102.02426958084106	430	99.8757225433526	
59.839901900831435	52.004	3.004	29.116	15.06	59.0880095838623	692	232	90	4	58	30	45	3	29	15	1921	0	0.09374356269836426	346500	102.11801314353943	430	99.87590187590187	
59.839898869056476	51.876	3.006	29.174	15.09	59.0880095838623	693	232	90	4	58	30	45	3	29	15	1924	0	0.15623903274536133	347000	102.27425217628479	430	99.87608069164266	
59.8399049204793	51.504	3.002	29.058	15.03	59.0880095838623	694	232	90	4	58	30	45	3	29	15	1924	0	0.12499165534973145	347500	102.39924383163452	430	99.87625899280576	
59.839895825081214	51.422	3.012	29.348	15.18	59.0880095838623	695	232	90	6	116	60	45	3	29	15	1928	0	0.15623927116394043	348000	102.55548310279846	430	99.8764367816092	
59.839898869056476	50.976	3.006	29.174	15.09	59.0880095838623	696	232	90	4	58	30	45	3	29	15	1931	0	0.12499260902404785	348500	102.68047571182251	430	99.87661406025825	
59.8399049204793	50.748	3.002	29.058	15.03	59.0880095838623	697	232	90	4	58	30	45	3	29	15	1931	0	0.09374284744262695	349000	102.77421855926514	430	99.87679083094555	
59.839898869056476	50.96	3.006	29.174	15.09	59.0880095838623	698	232	90	4	58	30	45	3	29	15	1934	0	0.12499117851257324	349500	102.89920973777771	430	99.87696709585121	
59.839898869056476	50.512	3.006	29.174	15.09	59.0880095838623	699	232	90	4	58	30	45	3	29	15	1937	0	0.15623927116394043	350000	103.05544900894165	430	99.87714285714286	
59.839901900831435	50.638	3.004	29.116	15.06	59.0880095838623	700	232	90	4	58	30	45	3	29	15	1939	0	0.14061546325683594	350500	103.19606447219849	430	99.87731811697574	
59.839901900831435	50.908	3.004	29.116	15.06	59.0880095838623	701	232	90	4	58	30	45	3	29	15	1941	0	0.17186307907104492	351000	103.36792755126953	430	99.87749287749288	
59.8399049204793	51.7	3.002	29.058	15.03	59.0880095838623	702	232	90	4	58	30	45	3	29	15	1941	0	0.09374356269836426	351500	103.4616711139679	430	99.87766714082504	
59.839895825081214	52.05	3.008	29.232	15.12	59.0880095838623	703	232	90	4	58	30	45	3	29	15	1945	0	0.12499237060546875	352000	103.58666348457336	430	99.8778409090909	
59.8399049204793	51.568	3.002	29.058	15.03	59.0880095838623	704	232	90	4	58	30	45	3	29	15	1946	0	0.14061450958251953	352500	103.72727799415588	430	99.87801418439716	
59.839901900831435	51.522	3.004	29.116	15.06	59.0880095838623	705	232	90	4	58	30	45	3	29	15	1948	0	0.15624070167541504	353000	103.8835186958313	430	99.87818696883852	
59.839877300848876	50.9	3.032	29.928	15.48	59.0880095838623	706	232	90	6	116	60	45	3	29	15	1958	0	0.12499046325683594	353500	104.00850915908813	430	99.87835926449787	
59.8399049204793	51.256	3.002	29.058	15.03	59.0880095838623	707	232	90	4	58	30	45	3	29	15	1958	0	0.14061498641967773	354000	104.14912414550781	430	99.87853107344633	
59.8399049204793	51.71	3.002	29.058	15.03	59.0880095838623	708	232	90	4	58	30	45	3	29	15	1958	0	0.12499141693115234	354500	104.27411556243896	430	99.8787023977433	
59.839901900831435	51.886	3.004	29.116	15.06	59.0880095838623	709	232	90	4	58	30	45	3	29	15	1960	0	0.10936760902404785	355000	104.38348317146301	430	99.87887323943661	
59.8399049204793	51.414	3.002	29.058	15.03	59.0880095838623	710	232	90	4	58	30	45	3	29	15	1961	0	0.12499141693115234	355500	104.50847458839417	430	99.87904360056258	
59.8399049204793	51.838	3.002	29.058	15.03	59.0880095838623	711	232	90	4	58	30	45	3	29	15	1961	0	0.12499284744262695	356000	104.63346743583679	430	99.87921348314607	
59.8399049204793	51.922	3.002	29.058	15.03	59.0880095838623	712	232	90	4	58	30	45	3	29	15	1962	0	0.15623855590820312	356500	104.789705991745	430	99.87938288920056	
59.83987102508645	51.48	3.032	29.928	15.48	59.0880095838623	713	232	90	6	116	60	45	3	29	15	1974	0	0.12499094009399414	357000	104.91469693183899	430	99.8795518207283	
59.8399049204793	52.05	3.002	29.058	15.03	59.0880095838623	714	232	90	4	58	30	45	3	29	15	1974	0	0.12499117851257324	357500	105.03968811035156	430	99.87972027972027	
59.8399049204793	52.006	3.002	29.058	15.03	59.0880095838623	715	232	90	4	58	30	45	3	29	15	1974	0	0.15624046325683594	358000	105.1959285736084	430	99.87988826815642	
59.8399049204793	51.258	3.002	29.058	15.03	59.0880095838623	716	232	90	4	58	30	45	3	29	15	1975	0	0.14061427116394043	358500	105.33654284477234	430	99.88005578800558	
59.8399049204793	51.792	3.002	29.058	15.03	59.0880095838623	717	232	90	4	58	30	45	3	29	15	1975	0	0.12499189376831055	359000	105.46153473854065	430	99.88022284122563	
59.8399049204793	51.0	3.002	29.058	15.03	59.0880095838623	718	232	90	4	58	30	45	3	29	15	1976	0	0.10936760902404785	359500	105.5709023475647	430	99.88038942976355	
59.8399049204793	50.78	3.002	29.058	15.03	59.0880095838623	719	232	90	4	58	30	45	3	29	15	1976	0	0.10936689376831055	360000	105.68026924133301	430	99.88055555555556	
59.83989276883186	49.678	3.014	29.406	15.21	59.0880095838623	720	232	90	6	116	60	45	3	29	15	1981	0	0.17186355590820312	360500	105.85213279724121	430	99.88072122052705	
59.8399049204793	50.566	3.002	29.058	15.03	59.0880095838623	721	232	90	4	58	30	45	3	29	15	1981	0	0.14061522483825684	361000	105.99274802207947	430	99.8808864265928	
59.839895825081214	50.968	3.018	29.522	15.27	59.0880095838623	722	232	90	7	145	75	45	3	29	15	1985	0	0.14061546325683594	361500	106.1333634853363	430	99.88105117565698	
59.8399049204793	51.236	3.002	29.058	15.03	59.0880095838623	723	232	90	4	58	30	45	3	29	15	1986	0	0.15623903274536133	362000	106.28960251808167	430	99.88121546961327	
59.8399049204793	51.62	3.002	29.058	15.03	59.0880095838623	724	232	90	4	58	30	45	3	29	15	1987	0	0.14061546325683594	362500	106.4302179813385	430	99.88137931034483	
59.83988661921271	51.67	3.018	29.522	15.27	59.0880095838623	725	232	90	6	116	60	45	3	29	15	1994	0	0.14061570167541504	363000	106.57083368301392	430	99.88154269972452	
59.8399049204793	52.476	3.002	29.058	15.03	59.0880095838623	726	232	90	4	58	30	45	3	29	15	1994	0	0.09374332427978516	363500	106.6645770072937	430	99.88170563961485	
59.8399049204793	51.9	3.002	29.058	15.03	59.0880095838623	727	232	90	4	58	30	45	3	29	15	1994	0	0.15623927116394043	364000	106.82081627845764	430	99.88186813186813	
59.839898869056476	51.546	3.006	29.174	15.09	59.0880095838623	728	232	90	4	58	30	45	3	29	15	1997	0	0.15623950958251953	364500	106.97705578804016	430	99.88203017832647	
59.83988661921271	51.326	3.018	29.522	15.27	59.0880095838623	729	232	90	6	116	60	45	3	29	15	2004	0	0.12499165534973145	365000	107.10204744338989	430	99.88219178082191	
59.839898869056476	53.09	3.006	29.174	15.09	59.0880095838623	730	232	90	4	58	30	45	3	29	15	2007	0	0.15623903274536133	365500	107.25828647613525	430	99.88235294117646	
59.839895825081214	52.608	3.008	29.232	15.12	59.0880095838623	731	232	90	4	58	30	45	3	29	15	2011	0	0.12499141693115234	366000	107.3832778930664	430	99.88251366120218	
59.8399049204793	54.27	3.002	29.058	15.03	59.0880095838623	732	232	90	4	58	30	45	3	29	15	2011	0	0.15623950958251953	366500	107.53951740264893	430	99.88267394270123	
59.8399049204793	54.574	3.002	29.058	15.03	59.0880095838623	733	232	90	4	58	30	45	3	29	15	2011	0	0.12499165534973145	367000	107.66450905799866	430	99.88283378746594	
59.8399049204793	55.898	3.002	29.058	15.03	59.0880095838623	734	232	90	4	58	30	45	3	29	15	2012	0	0.10936713218688965	367500	107.77387619018555	430	99.8829931972789	
59.8399049204793	55.096	3.002	29.058	15.03	59.0880095838623	735	232	90	4	58	30	45	3	29	15	2013	0	0.15623927116394043	368000	107.93011546134949	430	99.88315217391305	
59.839901900831435	55.096	3.004	29.116	15.06	59.0880095838623	736	232	90	4	58	30	45	3	29	15	2015	0	0.14061522483825684	368500	108.07073068618774	430	99.88331071913161	
59.839895825081214	56.538	3.012	29.348	15.18	59.0880095838623	737	232	90	6	116	60	45	3	29	15	2019	0	0.12499189376831055	369000	108.19572257995605	430	99.88346883468834	
59.8399049204793	56.22	3.002	29.058	15.03	59.0880095838623	738	232	90	4	58	30	45	3	29	15	2019	0	0.12499237060546875	369500	108.32071495056152	430	99.88362652232748	
59.839895825081214	55.418	3.008	29.232	15.12	59.0880095838623	739	232	90	4	58	30	45	3	29	15	2023	0	0.14061450958251953	370000	108.46132946014404	430	99.88378378378378	
59.8399049204793	55.562	3.002	29.058	15.03	59.0880095838623	740	232	90	4	58	30	45	3	29	15	2024	0	0.15623903274536133	370500	108.6175684928894	430	99.88394062078272	
59.839901900831435	57.424	3.004	29.116	15.06	59.0880095838623	741	232	90	4	58	30	45	3	29	15	2026	0	0.14061522483825684	371000	108.75818371772766	430	99.88409703504043	
59.839898869056476	56.13	3.01	29.29	15.15	59.0880095838623	742	232	90	6	116	60	45	3	29	15	2029	0	0.10936760902404785	371500	108.86755132675171	430	99.8842530282638	
59.83989276883186	54.66	3.01	29.29	15.15	59.0880095838623	743	232	90	4	58	30	45	3	29	15	2034	0	0.15623950958251953	372000	109.02379083633423	430	99.88440860215054	
59.8399049204793	54.844	3.002	29.058	15.03	59.0880095838623	744	232	90	4	58	30	45	3	29	15	2034	0	0.12499117851257324	372500	109.1487820148468	430	99.88456375838926	
59.8399049204793	55.008	3.002	29.058	15.03	59.0880095838623	745	232	90	4	58	30	45	3	29	15	2034	0	0.14061546325683594	373000	109.28939747810364	430	99.88471849865952	
59.8399049204793	55.842	3.002	29.058	15.03	59.0880095838623	746	232	90	4	58	30	45	3	29	15	2035	0	0.10936760902404785	373500	109.39876508712769	430	99.88487282463186	
59.839898869056476	56.97	3.006	29.174	15.09	59.0880095838623	747	232	90	4	58	30	45	3	29	15	2038	0	0.15623927116394043	374000	109.55500435829163	430	99.88502673796792	
59.8399049204793	56.744	3.002	29.058	15.03	59.0880095838623	748	232	90	4	58	30	45	3	29	15	2039	0	0.10936832427978516	374500	109.66437268257141	430	99.88518024032042	
59.8399049204793	58.182	3.002	29.058	15.03	59.0880095838623	749	232	90	4	58	30	45	3	29	15	2039	0	0.15623831748962402	375000	109.82061100006104	430	99.88533333333334	
59.839895825081214	58.916	3.008	29.232	15.12	59.0880095838623	750	232	90	4	58	30	45	3	29	15	2043	0	0.09374833106994629	375500	109.91435933113098	430	99.88548601864181	
59.83989276883186	58.248	3.014	29.406	15.21	59.0880095838623	751	232	90	6	116	60	45	3	29	15	2048	0	0.12498688697814941	376000	110.03934621810913	430	99.88563829787235	
59.839898869056476	58.892	3.012	29.348	15.18	59.0880095838623	752	232	90	7	145	75	45	3	29	15	2051	0	0.12499141693115234	376500	110.16433763504028	430	99.88579017264276	
59.8399049204793	59.05	3.002	29.058	15.03	59.0880095838623	753	232	90	4	58	30	45	3	29	15	2051	0	0.12499141693115234	377000	110.28932905197144	430	99.88594164456234	
59.839898869056476	58.368	3.01	29.29	15.15	59.0880095838623	754	232	90	6	116	60	45	3	29	15	2054	0	0.15623950958251953	377500	110.44556856155396	430	99.88609271523178	
59.83988041959667	56.812	3.022	29.638	15.33	59.0880095838623	755	232	90	6	116	60	45	3	29	15	2063	0	0.15623903274536133	378000	110.60180759429932	430	99.8862433862434	
59.839901900831435	57.736	3.004	29.116	15.06	59.0880095838623	756	232	90	4	58	30	45	3	29	15	2065	0	0.14061546325683594	378500	110.74242305755615	430	99.88639365918098	
59.839901900831435	58.104	3.008	29.232	15.12	59.0880095838623	757	232	90	6	116	60	45	3	29	15	2067	0	0.12499165534973145	379000	110.86741471290588	430	99.88654353562005	
59.8399049204793	57.56	3.002	29.058	15.03	59.0880095838623	758	232	90	4	58	30	45	3	29	15	2067	0	0.17186307907104492	379500	111.03927779197693	430	99.8866930171278	
59.8399049204793	57.46	3.002	29.058	15.03	59.0880095838623	759	232	90	4	58	30	45	3	29	15	2067	0	0.14061546325683594	380000	111.17989325523376	430	99.88684210526316	
59.8399049204793	56.578	3.002	29.058	15.03	59.0880095838623	760	232	90	4	58	30	45	3	29	15	2067	0	0.17186307907104492	380500	111.35175633430481	430	99.88699080157687	
59.839901900831435	57.022	3.004	29.116	15.06	59.0880095838623	761	232	90	4	58	30	45	3	29	15	2069	0	0.14061546325683594	381000	111.49237179756165	430	99.88713910761155	
59.839901900831435	56.234	3.004	29.116	15.06	59.0880095838623	762	232	90	4	58	30	45	3	29	15	2071	0	0.12499213218688965	381500	111.61736392974854	430	99.88728702490171	
59.839901900831435	57.216	3.004	29.116	15.06	59.0880095838623	763	232	90	4	58	30	45	3	29	15	2073	0	0.14061522483825684	382000	111.75797915458679	430	99.88743455497382	
59.8399049204793	56.74	3.002	29.058	15.03	59.0880095838623	764	232	90	4	58	30	45	3	29	15	2073	0	0.12499094009399414	382500	111.88297009468079	430	99.8875816993464	
59.8399049204793	55.702	3.002	29.058	15.03	59.0880095838623	765	232	90	4	58	30	45	3	29	15	2074	0	0.14061546325683594	383000	112.02358555793762	430	99.88772845953002	
59.8399049204793	55.436	3.002	29.058	15.03	59.0880095838623	766	232	90	4	58	30	45	3	29	15	2074	0	0.14061522483825684	383500	112.16420078277588	430	99.88787483702738	
59.8399049204793	57.802	3.002	29.058	15.03	59.0880095838623	767	232	90	4	58	30	45	3	29	15	2075	0	0.15624141693115234	384000	112.32044219970703	430	99.88802083333333	
59.8399049204793	57.348	3.002	29.058	15.03	59.0880095838623	768	232	90	4	58	30	45	3	29	15	2076	0	0.12498950958251953	384500	112.44543170928955	430	99.88816644993499	
59.839901900831435	58.264	3.004	29.116	15.06	59.0880095838623	769	232	90	4	58	30	45	3	29	15	2078	0	0.10936760902404785	385000	112.5547993183136	430	99.88831168831169	
59.8399049204793	56.284	3.002	29.058	15.03	59.0880095838623	770	232	90	4	58	30	45	3	29	15	2078	0	0.15623974800109863	385500	112.7110390663147	430	99.88845654993514	
59.8399049204793	55.152	3.002	29.058	15.03	59.0880095838623	771	232	90	4	58	30	45	3	29	15	2079	0	0.12499117851257324	386000	112.83603024482727	430	99.88860103626943	
59.8399049204793	56.064	3.002	29.058	15.03	59.0880095838623	772	232	90	4	58	30	45	3	29	15	2079	0	0.15623903274536133	386500	112.99226927757263	430	99.88874514877102	
59.83988661921271	55.572	3.02	29.58	15.3	59.0880095838623	773	232	90	7	145	75	45	3	29	15	2086	0	0.12499141693115234	387000	113.11726069450378	430	99.88888888888889	
59.8399049204793	56.77	3.002	29.058	15.03	59.0880095838623	774	232	90	4	58	30	45	3	29	15	2086	0	0.10936784744262695	387500	113.22662854194641	430	99.88903225806452	
59.839901900831435	56.668	3.004	29.116	15.06	59.0880095838623	775	232	90	4	58	30	45	3	29	15	2088	0	0.14061522483825684	388000	113.36724376678467	430	99.88917525773196	
59.839901900831435	56.052	3.004	29.116	15.06	59.0880095838623	776	232	90	4	58	30	45	3	29	15	2090	0	0.15623903274536133	388500	113.52348279953003	430	99.8893178893179	
59.8399049204793	57.17	3.002	29.058	15.03	59.0880095838623	777	232	90	4	58	30	45	3	29	15	2091	0	0.15623974800109863	389000	113.67972254753113	430	99.88946015424165	
59.839901900831435	56.374	3.004	29.116	15.06	59.0880095838623	778	232	90	4	58	30	45	3	29	15	2093	0	0.12499117851257324	389500	113.8047137260437	430	99.88960205391528	
59.839901900831435	55.572	3.004	29.116	15.06	59.0880095838623	779	232	90	4	58	30	45	3	29	15	2095	0	0.10936784744262695	390000	113.91408157348633	430	99.88974358974359	
59.8399049204793	56.596	3.002	29.058	15.03	59.0880095838623	780	232	90	4	58	30	45	3	29	15	2095	0	0.10936713218688965	390500	114.02344870567322	430	99.8898847631242	
59.83989276883186	57.044	3.026	29.754	15.39	59.0880095838623	781	232	90	7	145	75	45	3	29	15	2100	0	0.14061546325683594	391000	114.16406416893005	430	99.89002557544757	
59.839901900831435	56.832	3.004	29.116	15.06	59.0880095838623	782	232	90	4	58	30	45	3	29	15	2102	0	0.12499189376831055	391500	114.28905606269836	430	99.89016602809706	
59.8399049204793	57.706	3.002	29.058	15.03	59.0880095838623	783	232	90	4	58	30	45	3	29	15	2102	0	0.12499094009399414	392000	114.41404700279236	430	99.89030612244898	
59.8399049204793	58.292	3.002	29.058	15.03	59.0880095838623	784	232	90	4	58	30	45	3	29	15	2102	0	0.12499117851257324	392500	114.53903818130493	430	99.89044585987261	
59.8399049204793	56.504	3.002	29.058	15.03	59.0880095838623	785	232	90	4	58	30	45	3	29	15	2102	0	0.14061570167541504	393000	114.67965388298035	430	99.89058524173028	
59.8399049204793	55.294	3.002	29.058	15.03	59.0880095838623	786	232	90	4	58	30	45	3	29	15	2102	0	0.15623903274536133	393500	114.83589291572571	430	99.89072426937739	
59.839901900831435	56.474	3.004	29.116	15.06	59.0880095838623	787	232	90	4	58	30	45	3	29	15	2104	0	0.14061594009399414	394000	114.9765088558197	430	99.89086294416244	
59.8399049204793	55.82	3.002	29.058	15.03	59.0880095838623	788	232	90	4	58	30	45	3	29	15	2104	0	0.10936737060546875	394500	115.08587622642517	430	99.89100126742713	
59.8399049204793	55.16	3.002	29.058	15.03	59.0880095838623	789	232	90	4	58	30	45	3	29	15	2104	0	0.12499141693115234	395000	115.21086764335632	430	99.89113924050633	
59.8399049204793	55.238	3.002	29.058	15.03	59.0880095838623	790	232	90	4	58	30	45	3	29	15	2105	0	0.14061498641967773	395500	115.351482629776	430	99.8912768647282	
59.8399049204793	53.13	3.002	29.058	15.03	59.0880095838623	791	232	90	4	58	30	45	3	29	15	2106	0	0.12499284744262695	396000	115.47647547721863	430	99.89141414141415	
59.8399049204793	52.682	3.002	29.058	15.03	59.0880095838623	792	232	90	4	58	30	45	3	29	15	2106	0	0.10936617851257324	396500	115.5858416557312	430	99.89155107187894	
59.8399049204793	51.558	3.002	29.058	15.03	59.0880095838623	793	232	90	4	58	30	45	3	29	15	2106	0	0.14061522483825684	397000	115.72645688056946	430	99.89168765743074	
59.8399049204793	50.666	3.002	29.058	15.03	59.0880095838623	794	232	90	4	58	30	45	3	29	15	2106	0	0.10936880111694336	397500	115.8358256816864	430	99.89182389937108	
59.839898869056476	51.51	3.006	29.174	15.09	59.0880095838623	795	232	90	4	58	30	45	3	29	15	2109	0	0.12499046325683594	398000	115.96081614494324	430	99.89195979899498	
59.8399049204793	51.594	3.002	29.058	15.03	59.0880095838623	796	232	90	4	58	30	45	3	29	15	2110	0	0.12499141693115234	398500	116.08580756187439	430	99.89209535759096	
59.8399049204793	51.894	3.002	29.058	15.03	59.0880095838623	797	232	90	4	58	30	45	3	29	15	2110	0	0.10936903953552246	399000	116.19517660140991	430	99.89223057644111	
59.839901900831435	51.77	3.004	29.116	15.06	59.0880095838623	798	232	90	4	58	30	45	3	29	15	2112	0	0.14061403274536133	399500	116.33579063415527	430	99.89236545682103	
59.8399049204793	50.97	3.002	29.058	15.03	59.0880095838623	799	232	90	4	58	30	45	3	29	15	2112	0	0.14061594009399414	400000	116.47640657424927	430	99.8925	
59.839898869056476	50.798	3.006	29.174	15.09	59.0880095838623	800	232	90	4	58	30	45	3	29	15	2115	0	0.15623879432678223	400500	116.63264536857605	430	99.89263420724095	
59.8399049204793	50.712	3.002	29.058	15.03	59.0880095838623	801	232	90	4	58	30	45	3	29	15	2115	0	0.10936760902404785	401000	116.7420129776001	430	99.8927680798005	
59.8399049204793	50.712	3.002	29.058	15.03	59.0880095838623	802	232	90	4	58	30	45	3	29	15	2115	0	0.12499165534973145	401500	116.86700463294983	430	99.89290161892902	
59.839895825081214	50.842	3.008	29.232	15.12	59.0880095838623	803	232	90	4	58	30	45	3	29	15	2119	0	0.10936713218688965	402000	116.97637176513672	430	99.89303482587064	
59.8399049204793	51.376	3.002	29.058	15.03	59.0880095838623	804	232	90	4	58	30	45	3	29	15	2120	0	0.17186355590820312	402500	117.14823532104492	430	99.89316770186335	
59.839898869056476	51.768	3.006	29.174	15.09	59.0880095838623	805	232	90	4	58	30	45	3	29	15	2123	0	0.17186379432678223	403000	117.3200991153717	430	99.89330024813896	
59.8399049204793	50.83	3.002	29.058	15.03	59.0880095838623	806	232	90	4	58	30	45	3	29	15	2123	0	0.15623879432678223	403500	117.47633790969849	430	99.89343246592317	
59.839898869056476	50.7	3.006	29.174	15.09	59.0880095838623	807	232	90	4	58	30	45	3	29	15	2126	0	0.15623903274536133	404000	117.63257694244385	430	99.89356435643565	
59.8399049204793	50.034	3.002	29.058	15.03	59.0880095838623	808	232	90	4	58	30	45	3	29	15	2127	0	0.14061522483825684	404500	117.7731921672821	430	99.89369592088998	
59.839898869056476	50.134	3.006	29.174	15.09	59.0880095838623	809	232	90	4	58	30	45	3	29	15	2130	0	0.10936784744262695	405000	117.88256001472473	430	99.89382716049383	
59.8399049204793	51.864	3.002	29.058	15.03	59.0880095838623	810	232	90	4	58	30	45	3	29	15	2130	0	0.12499117851257324	405500	118.0075511932373	430	99.89395807644883	
59.839898869056476	52.168	3.006	29.174	15.09	59.0880095838623	811	232	90	4	58	30	45	3	29	15	2133	0	0.14061546325683594	406000	118.14816665649414	430	99.89408866995073	
59.839898869056476	53.582	3.006	29.174	15.09	59.0880095838623	812	232	90	4	58	30	45	3	29	15	2136	0	0.14061570167541504	406500	118.28878235816956	430	99.89421894218943	
59.8399049204793	55.714	3.002	29.058	15.03	59.0880095838623	813	232	90	4	58	30	45	3	29	15	2136	0	0.15623974800109863	407000	118.44502210617065	430	99.8943488943489	
59.8399049204793	55.948	3.002	29.058	15.03	59.0880095838623	814	232	90	4	58	30	45	3	29	15	2137	0	0.15623855590820312	407500	118.60126066207886	430	99.89447852760736	
59.8399049204793	56.696	3.002	29.058	15.03	59.0880095838623	815	232	90	4	58	30	45	3	29	15	2138	0	0.14061522483825684	408000	118.74187588691711	430	99.89460784313725	
59.8399049204793	57.056	3.002	29.058	15.03	59.0880095838623	816	232	90	4	58	30	45	3	29	15	2139	0	0.17186355590820312	408500	118.91373944282532	430	99.89473684210526	
59.8399049204793	56.604	3.002	29.058	15.03	59.0880095838623	817	232	90	4	58	30	45	3	29	15	2139	0	0.12499117851257324	409000	119.03873062133789	430	99.89486552567237	
59.839901900831435	55.46	3.004	29.116	15.06	59.0880095838623	818	232	90	4	58	30	45	3	29	15	2141	0	0.12499213218688965	409500	119.16372275352478	430	99.89499389499389	
59.839901900831435	55.374	3.008	29.232	15.12	59.0880095838623	819	232	90	6	116	60	45	3	29	15	2143	0	0.12499070167541504	410000	119.2887134552002	430	99.89512195121951	
59.8399049204793	54.152	3.002	29.058	15.03	59.0880095838623	820	232	90	4	58	30	45	3	29	15	2144	0	0.12499141693115234	410500	119.41370487213135	430	99.8952496954933	
59.8399049204793	54.474	3.002	29.058	15.03	59.0880095838623	821	232	90	4	58	30	45	3	29	15	2144	0	0.12499189376831055	411000	119.53869676589966	430	99.89537712895377	
59.839895825081214	53.308	3.012	29.348	15.18	59.0880095838623	822	232	90	6	116	60	45	3	29	15	2148	0	0.14061522483825684	411500	119.67931199073792	430	99.8955042527339	
59.839901900831435	52.634	3.004	29.116	15.06	59.0880095838623	823	232	90	4	58	30	45	3	29	15	2150	0	0.14061498641967773	412000	119.81992697715759	430	99.89563106796116	
59.839895825081214	51.812	3.008	29.232	15.12	59.0880095838623	824	232	90	4	58	30	45	3	29	15	2154	0	0.15623950958251953	412500	119.97616648674011	430	99.89575757575757	
59.8399049204793	51.816	3.002	29.058	15.03	59.0880095838623	825	232	90	4	58	30	45	3	29	15	2154	0	0.12499189376831055	413000	120.10115838050842	430	99.8958837772397	
59.839901900831435	51.06	3.008	29.232	15.12	59.0880095838623	826	232	90	6	116	60	45	3	29	15	2156	0	0.12499117851257324	413500	120.226149559021	430	99.89600967351875	
59.83988352569233	50.266	3.016	29.464	15.24	59.0880095838623	827	232	90	4	58	30	45	3	29	15	2164	0	0.14061641693115234	414000	120.36676597595215	430	99.89613526570048	
59.8399049204793	50.986	3.002	29.058	15.03	59.0880095838623	828	232	90	4	58	30	45	3	29	15	2165	0	0.15623831748962402	414500	120.52300429344177	430	99.8962605548854	
59.8399049204793	50.638	3.002	29.058	15.03	59.0880095838623	829	232	90	4	58	30	45	3	29	15	2166	0	0.12499165534973145	415000	120.6479959487915	430	99.89638554216867	
59.8399049204793	51.356	3.002	29.058	15.03	59.0880095838623	830	232	90	4	58	30	45	3	29	15	2166	0	0.10936713218688965	415500	120.7573630809784	430	99.8965102286402	
59.8399049204793	51.126	3.002	29.058	15.03	59.0880095838623	831	232	90	4	58	30	45	3	29	15	2167	0	0.10936760902404785	416000	120.86673069000244	430	99.89663461538461	
59.8399049204793	49.698	3.002	29.058	15.03	59.0880095838623	832	232	90	4	58	30	45	3	29	15	2168	0	0.14061522483825684	416500	121.0073459148407	430	99.8967587034814	
59.8399049204793	49.39	3.002	29.058	15.03	59.0880095838623	833	232	90	4	58	30	45	3	29	15	2168	0	0.15623927116394043	417000	121.16358518600464	430	99.8968824940048	
59.8399049204793	48.81	3.002	29.058	15.03	59.0880095838623	834	232	90	4	58	30	45	3	29	15	2169	0	0.10936737060546875	417500	121.27295255661011	430	99.89700598802395	
59.8399049204793	48.184	3.002	29.058	15.03	59.0880095838623	835	232	90	4	58	30	45	3	29	15	2169	0	0.14061546325683594	418000	121.41356801986694	430	99.89712918660287	
59.8399049204793	47.784	3.002	29.058	15.03	59.0880095838623	836	232	90	4	58	30	45	3	29	15	2170	0	0.14061570167541504	418500	121.55418372154236	430	99.89725209080048	
59.83989276883186	47.738	3.01	29.29	15.15	59.0880095838623	837	232	90	4	58	30	45	3	29	15	2175	0	0.09374499320983887	419000	121.6479287147522	430	99.89737470167064	
59.8399049204793	48.534	3.002	29.058	15.03	59.0880095838623	838	232	90	4	58	30	45	3	29	15	2175	0	0.17186284065246582	419500	121.81979155540466	430	99.89749702026222	
59.8399049204793	49.072	3.002	29.058	15.03	59.0880095838623	839	232	90	4	58	30	45	3	29	15	2176	0	0.15623855590820312	420000	121.97603011131287	430	99.89761904761905	
59.839898869056476	48.77	3.006	29.174	15.09	59.0880095838623	840	232	90	4	58	30	45	3	29	15	2179	0	0.09374403953552246	420500	122.06977415084839	430	99.89774078478003	
59.83988970023403	48.324	3.012	29.348	15.18	59.0880095838623	841	232	90	4	58	30	45	3	29	15	2185	0	0.14061427116394043	421000	122.21038842201233	430	99.8978622327791	
59.8399049204793	48.626	3.002	29.058	15.03	59.0880095838623	842	232	90	4	58	30	45	3	29	15	2185	0	0.17186355590820312	421500	122.38225197792053	430	99.89798339264532	
59.8399049204793	48.59	3.002	29.058	15.03	59.0880095838623	843	232	90	4	58	30	45	3	29	15	2185	0	0.09374356269836426	422000	122.4759955406189	430	99.89810426540285	
59.839901900831435	49.658	3.004	29.116	15.06	59.0880095838623	844	232	90	4	58	30	45	3	29	15	2187	0	0.14061546325683594	422500	122.61661100387573	430	99.89822485207101	
59.839898869056476	50.948	3.006	29.174	15.09	59.0880095838623	845	232	90	4	58	30	45	3	29	15	2190	0	0.12499284744262695	423000	122.74160385131836	430	99.89834515366431	
59.83989276883186	52.472	3.014	29.406	15.21	59.0880095838623	846	232	90	6	116	60	45	3	29	15	2195	0	0.14061546325683594	423500	122.8822193145752	430	99.89846517119244	
59.839898869056476	51.806	3.006	29.174	15.09	59.0880095838623	847	232	90	4	58	30	45	3	29	15	2198	0	0.14061403274536133	424000	123.02283334732056	430	99.89858490566037	
59.83988661921271	52.242	3.014	29.406	15.21	59.0880095838623	848	232	90	4	58	30	45	3	29	15	2205	0	0.15624022483825684	424500	123.17907357215881	430	99.89870435806831	
59.8399049204793	51.754	3.002	29.058	15.03	59.0880095838623	849	232	90	4	58	30	45	3	29	15	2206	0	0.17186212539672852	425000	123.35093569755554	430	99.89882352941177	
59.839898869056476	51.792	3.012	29.348	15.18	59.0880095838623	850	232	90	7	145	75	45	3	29	15	2209	0	0.15623927116394043	425500	123.50717496871948	430	99.89894242068155	
59.8399049204793	49.92	3.002	29.058	15.03	59.0880095838623	851	232	90	4	58	30	45	3	29	15	2210	0	0.10936737060546875	426000	123.61654233932495	430	99.89906103286386	
59.8399049204793	49.342	3.002	29.058	15.03	59.0880095838623	852	232	90	4	58	30	45	3	29	15	2211	0	0.15623927116394043	426500	123.77278161048889	430	99.89917936694022	
59.839901900831435	49.88	3.01	29.29	15.15	59.0880095838623	853	232	90	7	145	75	45	3	29	15	2213	0	0.12499189376831055	427000	123.8977735042572	430	99.89929742388759	
59.8399049204793	50.374	3.002	29.058	15.03	59.0880095838623	854	232	90	4	58	30	45	3	29	15	2213	0	0.15623903274536133	427500	124.05401253700256	430	99.89941520467836	
59.8399049204793	50.814	3.002	29.058	15.03	59.0880095838623	855	232	90	4	58	30	45	3	29	15	2214	0	0.14061522483825684	428000	124.19462776184082	430	99.89953271028037	
59.839898869056476	50.272	3.006	29.174	15.09	59.0880095838623	856	232	90	4	58	30	45	3	29	15	2217	0	0.12499189376831055	428500	124.31961965560913	430	99.89964994165695	
59.83989276883186	51.472	3.016	29.464	15.24	59.0880095838623	857	232	90	7	145	75	45	3	29	15	2222	0	0.17186284065246582	429000	124.4914824962616	430	99.8997668997669	
59.83989276883186	52.298	3.01	29.29	15.15	59.0880095838623	858	232	90	4	58	30	45	3	29	15	2227	0	0.17186331748962402	429500	124.66334581375122	430	99.89988358556461	
59.8399049204793	52.476	3.002	29.058	15.03	59.0880095838623	859	232	90	4	58	30	45	3	29	15	2228	0	0.14061546325683594	430000	124.80396127700806	430	99.9	
59.839901900831435	52.262	3.004	29.116	15.06	59.0880095838623	860	232	90	4	58	30	45	3	29	15	2230	0	0.15623950958251953	430500	124.96020078659058	430	99.90011614401858	
59.839901900831435	51.316	3.004	29.116	15.06	59.0880095838623	861	232	90	4	58	30	45	3	29	15	2232	0	0.12499165534973145	431000	125.08519244194031	430	99.90023201856148	
59.83988970023403	52.724	3.024	29.696	15.36	59.0880095838623	862	232	90	6	116	60	45	3	29	15	2238	0	0.12499094009399414	431500	125.2101833820343	430	99.90034762456547	
59.839895825081214	53.316	3.012	29.348	15.18	59.0880095838623	863	232	90	6	116	60	45	3	29	15	2242	0	0.14061570167541504	432000	125.35079908370972	430	99.90046296296296	
59.839895825081214	52.91	3.016	29.464	15.24	59.0880095838623	864	232	90	6	116	60	45	3	29	15	2246	0	0.15623903274536133	432500	125.50703811645508	430	99.90057803468208	
59.83988970023403	52.808	3.016	29.464	15.24	59.0880095838623	865	232	90	6	116	60	45	3	29	15	2252	0	0.10936784744262695	433000	125.6164059638977	430	99.90069284064666	
59.839901900831435	53.204	3.004	29.116	15.06	59.0880095838623	866	232	90	4	58	30	45	3	29	15	2254	0	0.12499117851257324	433500	125.74139714241028	430	99.90080738177625	
59.8399049204793	53.812	3.002	29.058	15.03	59.0880095838623	867	232	90	4	58	30	45	3	29	15	2255	0	0.14061546325683594	434000	125.88201260566711	430	99.90092165898618	
59.8399049204793	54.644	3.002	29.058	15.03	59.0880095838623	868	232	90	4	58	30	45	3	29	15	2256	0	0.14061522483825684	434500	126.02262783050537	430	99.90103567318758	
59.8399049204793	52.8	3.002	29.058	15.03	59.0880095838623	869	232	90	4	58	30	45	3	29	15	2256	0	0.14061570167541504	435000	126.16324353218079	430	99.90114942528736	
59.839895825081214	50.824	3.008	29.232	15.12	59.0880095838623	870	232	90	4	58	30	45	3	29	15	2260	0	0.14061522483825684	435500	126.30385875701904	430	99.90126291618829	
59.839898869056476	50.028	3.006	29.174	15.09	59.0880095838623	871	232	90	4	58	30	45	3	29	15	2263	0	0.15623950958251953	436000	126.46009826660156	430	99.90137614678899	
59.839901900831435	50.862	3.004	29.116	15.06	59.0880095838623	872	232	90	4	58	30	45	3	29	15	2265	0	0.12499141693115234	436500	126.58508968353271	430	99.90148911798396	
59.839901900831435	50.772	3.004	29.116	15.06	59.0880095838623	873	232	90	4	58	30	45	3	29	15	2267	0	0.15623903274536133	437000	126.74132871627808	430	99.90160183066362	
59.8399049204793	51.652	3.002	29.058	15.03	59.0880095838623	874	232	90	4	58	30	45	3	29	15	2267	0	0.2031114101409912	437500	126.94444012641907	430	99.90171428571429	
59.839901900831435	52.092	3.004	29.116	15.06	59.0880095838623	875	232	90	4	58	30	45	3	29	15	2269	0	0.10936713218688965	438000	127.05380725860596	430	99.90182648401826	
59.83988970023403	53.302	3.016	29.464	15.24	59.0880095838623	876	232	90	6	116	60	45	3	29	15	2275	0	0.17186307907104492	438500	127.225670337677	430	99.90193842645382	
59.839901900831435	53.828	3.004	29.116	15.06	59.0880095838623	877	232	90	4	58	30	45	3	29	15	2277	0	0.15624022483825684	439000	127.38191056251526	430	99.90205011389521	
59.839895825081214	54.052	3.012	29.348	15.18	59.0880095838623	878	232	90	6	116	60	45	3	29	15	2281	0	0.12499165534973145	439500	127.50690221786499	430	99.90216154721274	
59.8399049204793	54.192	3.002	29.058	15.03	59.0880095838623	879	232	90	4	58	30	45	3	29	15	2282	0	0.14061450958251953	440000	127.64751672744751	430	99.90227272727273	
59.8399049204793	53.618	3.002	29.058	15.03	59.0880095838623	880	232	90	4	58	30	45	3	29	15	2282	0	0.15623927116394043	440500	127.80375599861145	430	99.90238365493757	
59.8399049204793	53.306	3.002	29.058	15.03	59.0880095838623	881	232	90	4	58	30	45	3	29	15	2283	0	0.10936760902404785	441000	127.9131236076355	430	99.90249433106575	
59.8399049204793	52.242	3.002	29.058	15.03	59.0880095838623	882	232	90	4	58	30	45	3	29	15	2284	0	0.09374356269836426	441500	128.00686717033386	430	99.90260475651189	
59.839901900831435	52.632	3.008	29.232	15.12	59.0880095838623	883	232	90	6	116	60	45	3	29	15	2286	0	0.14061546325683594	442000	128.1474826335907	430	99.9027149321267	
59.8399049204793	52.362	3.002	29.058	15.03	59.0880095838623	884	232	90	4	58	30	45	3	29	15	2286	0	0.15623903274536133	442500	128.30372166633606	430	99.90282485875706	
59.8399049204793	52.982	3.002	29.058	15.03	59.0880095838623	885	232	90	4	58	30	45	3	29	15	2287	0	0.09374499320983887	443000	128.3974666595459	430	99.90293453724605	
59.8399049204793	52.896	3.002	29.058	15.03	59.0880095838623	886	232	90	4	58	30	45	3	29	15	2287	0	0.10936641693115234	443500	128.50683307647705	430	99.90304396843293	
59.8399049204793	53.646	3.002	29.058	15.03	59.0880095838623	887	232	90	4	58	30	45	3	29	15	2287	0	0.14061522483825684	444000	128.6474483013153	430	99.90315315315316	
59.8399049204793	52.358	3.002	29.058	15.03	59.0880095838623	888	232	90	4	58	30	45	3	29	15	2287	0	0.14061522483825684	444500	128.78806352615356	430	99.90326209223846	
59.8399049204793	52.452	3.002	29.058	15.03	59.0880095838623	889	232	90	4	58	30	45	3	29	15	2287	0	0.15623927116394043	445000	128.9443027973175	430	99.90337078651686	
59.839895825081214	51.7	3.012	29.348	15.18	59.0880095838623	890	232	90	6	116	60	45	3	29	15	2291	0	0.14061975479125977	445500	129.08492255210876	430	99.90347923681257	
59.839895825081214	51.254	3.008	29.232	15.12	59.0880095838623	891	232	90	4	58	30	45	3	29	15	2295	0	0.1562352180480957	446000	129.24115777015686	430	99.9035874439462	
59.839898869056476	50.948	3.006	29.174	15.09	59.0880095838623	892	232	90	4	58	30	45	3	29	15	2298	0	0.15623927116394043	446500	129.3973970413208	430	99.9036954087346	
59.8399049204793	50.902	3.002	29.058	15.03	59.0880095838623	893	232	90	4	58	30	45	3	29	15	2299	0	0.12499141693115234	447000	129.52238845825195	430	99.90380313199105	
59.839901900831435	50.286	3.004	29.116	15.06	59.0880095838623	894	232	90	4	58	30	45	3	29	15	2301	0	0.10936784744262695	447500	129.63175630569458	430	99.90391061452515	
59.83989276883186	50.2	3.01	29.29	15.15	59.0880095838623	895	232	90	4	58	30	45	3	29	15	2306	0	0.15623903274536133	448000	129.78799533843994	430	99.90401785714286	
59.839895825081214	50.46	3.008	29.232	15.12	59.0880095838623	896	232	90	4	58	30	45	3	29	15	2310	0	0.14061546325683594	448500	129.92861080169678	430	99.9041248606466	
59.8399049204793	51.032	3.002	29.058	15.03	59.0880095838623	897	232	90	4	58	30	45	3	29	15	2311	0	0.10936737060546875	449000	130.03797817230225	430	99.9042316258352	
59.8399049204793	51.348	3.002	29.058	15.03	59.0880095838623	898	232	90	4	58	30	45	3	29	15	2311	0	0.15623927116394043	449500	130.1942174434662	430	99.90433815350389	
59.839901900831435	52.27	3.004	29.116	15.06	59.0880095838623	899	232	90	4	58	30	45	3	29	15	2313	0	0.12499141693115234	450000	130.31920886039734	430	99.90444444444445	
59.8399049204793	51.3	3.002	29.058	15.03	59.0880095838623	900	232	90	4	58	30	45	3	29	15	2313	0	0.10936760902404785	450500	130.4285764694214	430	99.90455049944507	
59.839901900831435	51.258	3.004	29.116	15.06	59.0880095838623	901	232	90	4	58	30	45	3	29	15	2315	0	0.10936760902404785	451000	130.53794407844543	430	99.90465631929047	
59.839901900831435	52.592	3.004	29.116	15.06	59.0880095838623	902	232	90	4	58	30	45	3	29	15	2317	0	0.10936760902404785	451500	130.64731168746948	430	99.9047619047619	
59.839901900831435	52.224	3.004	29.116	15.06	59.0880095838623	903	232	90	4	58	30	45	3	29	15	2319	0	0.12499141693115234	452000	130.77230310440063	430	99.90486725663717	
59.839898869056476	53.866	3.006	29.174	15.09	59.0880095838623	904	232	90	4	58	30	45	3	29	15	2322	0	0.10936784744262695	452500	130.88167095184326	430	99.9049723756906	
59.83989276883186	54.01	3.01	29.29	15.15	59.0880095838623	905	232	90	4	58	30	45	3	29	15	2327	0	0.15623879432678223	453000	131.03790974617004	430	99.90507726269315	
59.839901900831435	54.984	3.008	29.232	15.12	59.0880095838623	906	232	90	6	116	60	45	3	29	15	2329	0	0.17186355590820312	453500	131.20977330207825	430	99.90518191841235	
59.8399049204793	56.488	3.002	29.058	15.03	59.0880095838623	907	232	90	4	58	30	45	3	29	15	2330	0	0.10936737060546875	454000	131.31914067268372	430	99.90528634361233	
59.839898869056476	55.89	3.006	29.174	15.09	59.0880095838623	908	232	90	4	58	30	45	3	29	15	2333	0	0.14061498641967773	454500	131.4597556591034	430	99.90539053905391	
59.8399049204793	57.014	3.002	29.058	15.03	59.0880095838623	909	232	90	4	58	30	45	3	29	15	2333	0	0.12499189376831055	455000	131.5847475528717	430	99.9054945054945	
59.839898869056476	57.104	3.006	29.174	15.09	59.0880095838623	910	232	90	4	58	30	45	3	29	15	2336	0	0.14061546325683594	455500	131.72536301612854	430	99.90559824368826	
59.839898869056476	56.206	3.006	29.174	15.09	59.0880095838623	911	232	90	4	58	30	45	3	29	15	2339	0	0.14061713218688965	456000	131.86598014831543	430	99.90570175438596	
59.8399049204793	55.404	3.002	29.058	15.03	59.0880095838623	912	232	90	4	58	30	45	3	29	15	2339	0	0.12498950958251953	456500	131.99096965789795	430	99.90580503833516	
59.8399049204793	55.522	3.002	29.058	15.03	59.0880095838623	913	232	90	4	58	30	45	3	29	15	2339	0	0.10936713218688965	457000	132.10033679008484	430	99.90590809628009	
59.8399049204793	55.966	3.002	29.058	15.03	59.0880095838623	914	232	90	4	58	30	45	3	29	15	2339	0	0.12499165534973145	457500	132.22532844543457	430	99.90601092896175	
59.839901900831435	57.208	3.008	29.232	15.12	59.0880095838623	915	232	90	6	116	60	45	3	29	15	2341	0	0.12499165534973145	458000	132.3503201007843	430	99.9061135371179	
59.8399049204793	56.634	3.002	29.058	15.03	59.0880095838623	916	232	90	4	58	30	45	3	29	15	2342	0	0.12499260902404785	458500	132.47531270980835	430	99.9062159214831	
59.839895825081214	55.122	3.012	29.348	15.18	59.0880095838623	917	232	90	6	116	60	45	3	29	15	2346	0	0.15623831748962402	459000	132.63155102729797	430	99.90631808278867	
59.839895825081214	56.31	3.008	29.232	15.12	59.0880095838623	918	232	90	4	58	30	45	3	29	15	2350	0	0.14061498641967773	459500	132.77216601371765	430	99.90642002176278	
59.8399049204793	56.706	3.002	29.058	15.03	59.0880095838623	919	232	90	4	58	30	45	3	29	15	2351	0	0.14061570167541504	460000	132.91278171539307	430	99.90652173913044	
59.839898869056476	55.034	3.01	29.29	15.15	59.0880095838623	920	232	90	6	116	60	45	3	29	15	2354	0	0.12499117851257324	460500	133.03777289390564	430	99.90662323561347	
59.83988352569233	55.52	3.016	29.464	15.24	59.0880095838623	921	232	90	4	58	30	45	3	29	15	2362	0	0.12499165534973145	461000	133.16276454925537	430	99.90672451193059	
59.83989276883186	56.046	3.018	29.522	15.27	59.0880095838623	922	232	90	6	116	60	45	3	29	15	2367	0	0.10936760902404785	461500	133.27213215827942	430	99.9068255687974	
59.839895825081214	54.77	3.012	29.348	15.18	59.0880095838623	923	232	90	6	116	60	45	3	29	15	2371	0	0.10936737060546875	462000	133.3814995288849	430	99.9069264069264	
59.839901900831435	55.694	3.008	29.232	15.12	59.0880095838623	924	232	90	6	116	60	45	3	29	15	2373	0	0.10936784744262695	462500	133.49086737632751	430	99.90702702702703	
59.839898869056476	54.86	3.006	29.174	15.09	59.0880095838623	925	232	90	4	58	30	45	3	29	15	2376	0	0.15623879432678223	463000	133.6471061706543	430	99.90712742980561	
59.83989276883186	54.86	3.018	29.522	15.27	59.0880095838623	926	232	90	6	116	60	45	3	29	15	2381	0	0.17186355590820312	463500	133.8189697265625	430	99.90722761596548	
59.839895825081214	55.87	3.012	29.348	15.18	59.0880095838623	927	232	90	6	116	60	45	3	29	15	2385	0	0.15623927116394043	464000	133.97520899772644	430	99.90732758620689	
59.839901900831435	56.358	3.004	29.116	15.06	59.0880095838623	928	232	90	4	58	30	45	3	29	15	2387	0	0.14061522483825684	464500	134.1158242225647	430	99.90742734122712	
59.8399049204793	57.376	3.002	29.058	15.03	59.0880095838623	929	232	90	4	58	30	45	3	29	15	2387	0	0.09374356269836426	465000	134.20956778526306	430	99.90752688172043	
59.8399049204793	56.9	3.002	29.058	15.03	59.0880095838623	930	232	90	4	58	30	45	3	29	15	2387	0	0.10936760902404785	465500	134.3189353942871	430	99.90762620837809	
59.83988970023403	56.28	3.02	29.58	15.3	59.0880095838623	931	232	90	6	116	60	45	3	29	15	2393	0	0.07811975479125977	466000	134.39705514907837	430	99.9077253218884	
59.839895825081214	56.064	3.012	29.348	15.18	59.0880095838623	932	232	90	6	116	60	45	3	29	15	2397	0	0.12499165534973145	466500	134.5220468044281	430	99.90782422293677	
59.8399049204793	56.814	3.002	29.058	15.03	59.0880095838623	933	232	90	4	58	30	45	3	29	15	2397	0	0.14061617851257324	467000	134.66266298294067	430	99.90792291220556	
59.839898869056476	56.854	3.01	29.29	15.15	59.0880095838623	934	232	90	6	116	60	45	3	29	15	2400	0	0.10936832427978516	467500	134.77203130722046	430	99.90802139037433	
59.839898869056476	57.74	3.006	29.174	15.09	59.0880095838623	935	232	90	4	58	30	45	3	29	15	2403	0	0.10936546325683594	468000	134.8813967704773	430	99.90811965811966	
59.83988661921271	57.422	3.028	29.812	15.42	59.0880095838623	936	232	90	7	145	75	45	3	29	15	2410	0	0.14061641693115234	468500	135.02201318740845	430	99.90821771611526	
59.839895825081214	56.582	3.012	29.348	15.18	59.0880095838623	937	232	90	6	116	60	45	3	29	15	2414	0	0.14061427116394043	469000	135.1626274585724	430	99.90831556503198	
59.839901900831435	56.442	3.008	29.232	15.12	59.0880095838623	938	232	90	6	116	60	45	3	29	15	2416	0	0.14061546325683594	469500	135.30324292182922	430	99.90841320553781	
59.839901900831435	57.322	3.004	29.116	15.06	59.0880095838623	939	232	90	4	58	30	45	3	29	15	2418	0	0.12499165534973145	470000	135.42823457717896	430	99.90851063829787	
59.839901900831435	58.116	3.004	29.116	15.06	59.0880095838623	940	232	90	4	58	30	45	3	29	15	2420	0	0.09374356269836426	470500	135.52197813987732	430	99.9086078639745	
59.839901900831435	58.602	3.004	29.116	15.06	59.0880095838623	941	232	90	4	58	30	45	3	29	15	2422	0	0.12499117851257324	471000	135.6469693183899	430	99.90870488322717	
59.839901900831435	60.204	3.004	29.116	15.06	59.0880095838623	942	232	90	4	58	30	45	3	29	15	2424	0	0.15623950958251953	471500	135.8032088279724	430	99.90880169671262	
59.8399049204793	58.658	3.002	29.058	15.03	59.0880095838623	943	232	90	4	58	30	45	3	29	15	2424	0	0.14061522483825684	472000	135.94382405281067	430	99.90889830508475	
59.83989276883186	58.384	3.01	29.29	15.15	59.0880095838623	944	232	90	4	58	30	45	3	29	15	2429	0	0.14061570167541504	472500	136.08443975448608	430	99.90899470899471	
59.8399049204793	57.41	3.002	29.058	15.03	59.0880095838623	945	232	90	4	58	30	45	3	29	15	2430	0	0.15623903274536133	473000	136.24067878723145	430	99.9090909090909	
59.83988970023403	57.894	3.012	29.348	15.18	59.0880095838623	946	232	90	4	58	30	45	3	29	15	2436	0	0.12499165534973145	473500	136.36567044258118	430	99.909186906019	
59.8399049204793	58.512	3.002	29.058	15.03	59.0880095838623	947	232	90	4	58	30	45	3	29	15	2436	0	0.10936760902404785	474000	136.47503805160522	430	99.90928270042194	
59.839901900831435	57.812	3.004	29.116	15.06	59.0880095838623	948	232	90	4	58	30	45	3	29	15	2438	0	0.15623903274536133	474500	136.6312770843506	430	99.90937829293993	
59.83988661921271	57.158	3.014	29.406	15.21	59.0880095838623	949	232	90	4	58	30	45	3	29	15	2445	0	0.14061570167541504	475000	136.771892786026	430	99.90947368421052	
59.839901900831435	57.402	3.004	29.116	15.06	59.0880095838623	950	232	90	4	58	30	45	3	29	15	2447	0	0.12499260902404785	475500	136.89688539505005	430	99.90956887486855	
59.83988970023403	56.64	3.012	29.348	15.18	59.0880095838623	951	232	90	4	58	30	45	3	29	15	2453	0	0.14061379432678223	476000	137.03749918937683	430	99.90966386554622	
59.839901900831435	56.082	3.004	29.116	15.06	59.0880095838623	952	232	90	4	58	30	45	3	29	15	2455	0	0.09374427795410156	476500	137.13124346733093	430	99.90975865687304	
59.8399049204793	56.228	3.002	29.058	15.03	59.0880095838623	953	232	90	4	58	30	45	3	29	15	2456	0	0.10936713218688965	477000	137.24061059951782	430	99.90985324947589	
59.83989276883186	56.444	3.01	29.29	15.15	59.0880095838623	954	232	90	4	58	30	45	3	29	15	2461	0	0.17186331748962402	477500	137.41247391700745	430	99.90994764397905	
59.839898869056476	57.022	3.006	29.174	15.09	59.0880095838623	955	232	90	4	58	30	45	3	29	15	2464	0	0.10936713218688965	478000	137.52184104919434	430	99.91004184100419	
59.8399049204793	57.964	3.002	29.058	15.03	59.0880095838623	956	232	90	4	58	30	45	3	29	15	2464	0	0.10936999320983887	478500	137.63121104240417	430	99.91013584117033	
59.8399049204793	57.61	3.002	29.058	15.03	59.0880095838623	957	232	90	4	58	30	45	3	29	15	2464	0	0.12498974800109863	479000	137.75620079040527	430	99.91022964509395	
59.8399049204793	57.96	3.002	29.058	15.03	59.0880095838623	958	232	90	4	58	30	45	3	29	15	2464	0	0.14061474800109863	479500	137.89681553840637	430	99.91032325338895	
59.839898869056476	57.448	3.006	29.174	15.09	59.0880095838623	959	232	90	4	58	30	45	3	29	15	2467	0	0.2031111717224121	480000	138.09992671012878	430	99.91041666666666	
59.8399049204793	56.746	3.002	29.058	15.03	59.0880095838623	960	232	90	4	58	30	45	3	29	15	2467	0	0.14061546325683594	480500	138.24054217338562	430	99.9105098855359	
59.8399049204793	57.56	3.002	29.058	15.03	59.0880095838623	961	232	90	4	58	30	45	3	29	15	2468	0	0.14061546325683594	481000	138.38115763664246	430	99.9106029106029	
59.83988970023403	57.03	3.022	29.638	15.33	59.0880095838623	962	232	90	7	145	75	45	3	29	15	2474	0	0.09374308586120605	481500	138.47490072250366	430	99.91069574247145	
59.8399049204793	57.57	3.002	29.058	15.03	59.0880095838623	963	232	90	4	58	30	45	3	29	15	2474	0	0.10936856269836426	482000	138.58426928520203	430	99.91078838174273	
59.8399049204793	58.196	3.002	29.058	15.03	59.0880095838623	964	232	90	4	58	30	45	3	29	15	2475	0	0.12499070167541504	482500	138.70925998687744	430	99.91088082901554	
59.8399049204793	59.116	3.002	29.058	15.03	59.0880095838623	965	232	90	4	58	30	45	3	29	15	2475	0	0.14061570167541504	483000	138.84987568855286	430	99.91097308488612	
59.8399049204793	58.27	3.002	29.058	15.03	59.0880095838623	966	232	90	4	58	30	45	3	29	15	2476	0	0.15623903274536133	483500	139.00611472129822	430	99.9110651499483	
59.8399049204793	56.418	3.002	29.058	15.03	59.0880095838623	967	232	90	4	58	30	45	3	29	15	2477	0	0.15623950958251953	484000	139.16235423088074	430	99.91115702479338	
59.8399049204793	57.972	3.002	29.058	15.03	59.0880095838623	968	232	90	4	58	30	45	3	29	15	2477	0	0.12499141693115234	484500	139.2873456478119	430	99.91124871001033	
59.8399049204793	58.546	3.002	29.058	15.03	59.0880095838623	969	232	90	4	58	30	45	3	29	15	2477	0	0.17186427116394043	485000	139.45920991897583	430	99.91134020618557	
59.8399049204793	57.124	3.002	29.058	15.03	59.0880095838623	970	232	90	4	58	30	45	3	29	15	2478	0	0.14061450958251953	485500	139.59982442855835	430	99.9114315139032	
59.839895825081214	57.476	3.018	29.522	15.27	59.0880095838623	971	232	90	7	145	75	45	3	29	15	2482	0	0.15623903274536133	486000	139.7560634613037	430	99.91152263374485	
59.839895825081214	56.846	3.012	29.348	15.18	59.0880095838623	972	232	90	6	116	60	45	3	29	15	2486	0	0.14061546325683594	486500	139.89667892456055	430	99.91161356628983	
59.8399049204793	57.116	3.002	29.058	15.03	59.0880095838623	973	232	90	4	58	30	45	3	29	15	2486	0	0.14061522483825684	487000	140.0372941493988	430	99.91170431211499	
59.83988970023403	57.346	3.012	29.348	15.18	59.0880095838623	974	232	90	4	58	30	45	3	29	15	2492	0	0.14061522483825684	487500	140.17790937423706	430	99.91179487179487	
59.8399049204793	58.052	3.002	29.058	15.03	59.0880095838623	975	232	90	4	58	30	45	3	29	15	2492	0	0.10936903953552246	488000	140.28727841377258	430	99.91188524590164	
59.839901900831435	58.83	3.004	29.116	15.06	59.0880095838623	976	232	90	4	58	30	45	3	29	15	2494	0	0.14061403274536133	488500	140.42789244651794	430	99.91197543500512	
59.839898869056476	58.688	3.006	29.174	15.09	59.0880095838623	977	232	90	4	58	30	45	3	29	15	2497	0	0.10936760902404785	489000	140.537260055542	430	99.9120654396728	
59.8399049204793	58.878	3.002	29.058	15.03	59.0880095838623	978	232	90	4	58	30	45	3	29	15	2498	0	0.17186284065246582	489500	140.70912289619446	430	99.91215526046987	
59.8399049204793	60.032	3.002	29.058	15.03	59.0880095838623	979	232	90	4	58	30	45	3	29	15	2499	0	0.10936784744262695	490000	140.81849074363708	430	99.91224489795918	
59.8399049204793	59.588	3.002	29.058	15.03	59.0880095838623	980	232	90	4	58	30	45	3	29	15	2500	0	0.15624070167541504	490500	140.9747314453125	430	99.91233435270132	
59.83989276883186	58.36	3.014	29.406	15.21	59.0880095838623	981	232	90	6	116	60	45	3	29	15	2505	0	0.15623807907104492	491000	141.13096952438354	430	99.91242362525458	
59.8399049204793	59.036	3.002	29.058	15.03	59.0880095838623	982	232	90	4	58	30	45	3	29	15	2506	0	0.14062118530273438	491500	141.27159070968628	430	99.91251271617497	
59.839901900831435	57.532	3.01	29.29	15.15	59.0880095838623	983	232	90	7	145	75	45	3	29	15	2508	0	0.1406097412109375	492000	141.41220045089722	430	99.91260162601625	
59.839895825081214	58.738	3.008	29.232	15.12	59.0880095838623	984	232	90	4	58	30	45	3	29	15	2512	0	0.14061474800109863	492500	141.55281519889832	430	99.91269035532994	
59.8399049204793	58.568	3.002	29.058	15.03	59.0880095838623	985	232	90	4	58	30	45	3	29	15	2513	0	0.14061594009399414	493000	141.6934311389923	430	99.91277890466532	
59.8399049204793	59.286	3.002	29.058	15.03	59.0880095838623	986	232	90	4	58	30	45	3	29	15	2513	0	0.12499141693115234	493500	141.81842255592346	430	99.91286727456941	
59.839898869056476	59.144	3.006	29.174	15.09	59.0880095838623	987	232	90	4	58	30	45	3	29	15	2516	0	0.14061522483825684	494000	141.95903778076172	430	99.91295546558705	
59.8399049204793	58.224	3.002	29.058	15.03	59.0880095838623	988	232	90	4	58	30	45	3	29	15	2517	0	0.15623950958251953	494500	142.11527729034424	430	99.91304347826087	
59.839898869056476	57.008	3.006	29.174	15.09	59.0880095838623	989	232	90	4	58	30	45	3	29	15	2520	0	0.15623903274536133	495000	142.2715163230896	430	99.91313131313132	
59.8399049204793	55.684	3.002	29.058	15.03	59.0880095838623	990	232	90	4	58	30	45	3	29	15	2520	0	0.10936784744262695	495500	142.38088417053223	430	99.91321897073664	
59.8399049204793	54.54	3.002	29.058	15.03	59.0880095838623	991	232	90	4	58	30	45	3	29	15	2520	0	0.12499213218688965	496000	142.50587630271912	430	99.9133064516129	
59.839898869056476	55.788	3.012	29.348	15.18	59.0880095838623	992	232	90	7	145	75	45	3	29	15	2523	0	0.15623855590820312	496500	142.66211485862732	430	99.91339375629406	
59.8399049204793	54.8	3.002	29.058	15.03	59.0880095838623	993	232	90	4	58	30	45	3	29	15	2523	0	0.12499141693115234	497000	142.78710627555847	430	99.91348088531187	
59.839895825081214	55.242	3.008	29.232	15.12	59.0880095838623	994	232	90	4	58	30	45	3	29	15	2527	0	0.14061522483825684	497500	142.92772150039673	430	99.91356783919598	
59.8399049204793	54.708	3.002	29.058	15.03	59.0880095838623	995	232	90	4	58	30	45	3	29	15	2528	0	0.10936784744262695	498000	143.03708934783936	430	99.9136546184739	
59.8399049204793	55.446	3.002	29.058	15.03	59.0880095838623	996	232	90	4	58	30	45	3	29	15	2528	0	0.14061522483825684	498500	143.1777045726776	430	99.91374122367101	
59.8399049204793	54.742	3.002	29.058	15.03	59.0880095838623	997	232	90	4	58	30	45	3	29	15	2529	0	0.12499141693115234	499000	143.30269598960876	430	99.91382765531063	
59.839898869056476	56.076	3.006	29.174	15.09	59.0880095838623	998	232	90	4	58	30	45	3	29	15	2532	0	0.12499141693115234	499500	143.42768740653992	430	99.91391391391392	
59.8399049204793	55.97	3.002	29.058	15.03	59.0880095838623	999	232	90	4	58	30	45	3	29	15	2532	0	0.10936760902404785	500000	143.53705501556396	430	99.914	
59.8399049204793	55.098	3.002	29.058	15.03	59.0880095838623	1000	232	90	4	58	30	45	3	29	15	2532	0	0.12499117851257324	500500	143.66204619407654	430	99.91408591408592	
