ave_fitness	ave_genome_length	ave_tree_depth	ave_tree_nodes	ave_used_codons	best_fitness	gen	invalids	max_genome_length	max_tree_depth	max_tree_nodes	max_used_codons	min_genome_length	min_tree_depth	min_tree_nodes	min_used_codons	runtime_error	time_adjust	time_taken	total_inds	total_time	unique_inds	unused_search	
1.0971533333166563e+36	100.33	6.47	129.63	67.05	2.472239660544038	0	0	180	10	232	120	22	3	29	15	64	0	2.296717643737793	100	2.296717643737793	36	64.0	
3.918791660021554e+25	36.72	3.7222222222222223	49.94444444444444	25.833333333333332	2.3646267315442846	1	29	45	5.0	87.0	45.0	22	3.0	29.0	15.0	86	0	0.06249594688415527	200	2.3592135906219482	79	60.5	
1.562503130244907e+31	37.41	3.2	34.8	18.0	2.3646267315442846	2	35	45	5.0	87.0	45.0	22	3.0	29.0	15.0	88	0	0.03124856948852539	300	2.3904621601104736	148	50.666666666666664	
2.377198718401611e+18	42.93	3.2	34.8	18.0	2.3646267315442846	3	35	45	5	87	45	22	3	29	15	91	0	0.03124713897705078	400	2.4217092990875244	209	47.75	
1.4580000776551254e+25	42.7	3.1	31.9	16.5	2.3644783034805283	4	35	45	5	87	45	22	3	29	15	92	0	0.031249046325683594	500	2.452958345413208	278	44.39999999999999	
210.83872793252397	43.62	3.02	29.58	15.3	2.3644783034805283	5	35	45	4	58	30	22	3	29	15	93	0	0.031247615814208984	600	2.484205961227417	338	43.666666666666664	
7.912900055127658e+17	45.0	3.05	30.45	15.75	2.3635348741861386	6	35	45	5	87	45	45	3	29	15	94	0	0.04687237739562988	700	2.531078338623047	404	42.285714285714285	
1.5531020108957317e+18	45.0	3.07	31.03	16.05	2.3623164876418454	7	35	45	5	87	45	45	3	29	15	95	0	0.03124713897705078	800	2.5623254776000977	467	41.625	
1.4533517591566623e+18	45.0	3.1	31.9	16.5	2.351358466861826	8	36	45	5	87	45	45	3	29	15	97	0	0.031247854232788086	900	2.5935733318328857	528	41.333333333333336	
7.569514128000158e+38	45.0	3.19	34.51	17.85	2.3490593572832563	9	36	45	5	87	45	45	3	29	15	98	0	0.031247854232788086	1000	2.624821186065674	598	40.2	
1.2941364853632755e+17	45.0	3.26	36.54	18.9	2.3479383018359594	10	36	45	5	87	45	45	3	29	15	98	0	0.031247377395629883	1100	2.6560685634613037	674	38.727272727272734	
774171942439.4403	45.0	3.21	35.09	18.15	2.3476550766008564	11	37	45	4	58	30	45	3	29	15	98	0	0.031247854232788086	1200	2.687316417694092	741	38.24999999999999	
1.5016628505364818e+18	45.0	3.21	35.09	18.15	2.332856967107467	12	37	45	4	58	30	45	3	29	15	100	0	0.04687213897705078	1300	2.7341885566711426	807	37.92307692307693	
6428.407484535858	45.0	3.17	33.93	17.55	2.332856967107467	13	37	45	4	58	30	45	3	29	15	100	0	0.031247854232788086	1400	2.7654364109039307	876	37.42857142857143	
5.4000000012689995e+23	45.0	3.05	30.45	15.75	2.332856967107467	14	37	45	4	58	30	45	3	29	15	101	0	0.031247377395629883	1500	2.7966837882995605	935	37.66666666666667	
103.91665194870046	45.0	3.09	31.61	16.35	2.332856967107467	15	37	45	4	58	30	45	3	29	15	101	0	0.031247854232788086	1600	2.8279316425323486	997	37.68749999999999	
252.7581757877228	45.0	3.17	33.93	17.55	2.325012157763594	16	37	45	4	58	30	45	3	29	15	102	0	0.031247377395629883	1700	2.8591790199279785	1064	37.411764705882355	
2.9160000000000497e+25	45.0	3.34	38.86	20.1	2.321792645568472	17	37	45	5	87	45	45	3	29	15	103	0	0.031250715255737305	1800	2.890429735183716	1138	36.77777777777778	
3.379247428017854e+34	45.0	3.6	46.4	24.0	2.301616123440308	18	37	45	5	87	45	45	3	29	15	106	0	0.04687047004699707	1900	2.937300205230713	1213	36.1578947368421	
2.9755102040816833e+25	45.0	3.75	50.75	26.25	2.288405448049351	19	37	45	5	87	45	45	3	29	15	109	0	0.04687237739562988	2000	2.9841725826263428	1295	35.25	
8.407485877773195e+38	45.0	3.89	54.81	28.35	2.288356577659107	20	37	45	5	87	45	45	3	29	15	114	0	0.04687309265136719	2100	3.03104567527771	1381	34.23809523809524	
1.3304176842596301e+38	45.0	3.93	55.97	28.95	2.2857224060205703	21	37	45	5	87	45	45	3	29	15	118	0	0.04687094688415527	2200	3.0779166221618652	1471	33.13636363636364	
7.49887079311043e+27	45.0	3.98	57.42	29.7	2.2857224060205703	22	37	45	5	87	45	45	3	29	15	123	0	0.06249427795410156	2300	3.140410900115967	1557	32.30434782608695	
7.438775520926982e+25	45.0	4.02	58.58	30.3	2.2857224058595946	23	37	45	5	87	45	45	3	29	15	126	0	0.03124856948852539	2400	3.171659469604492	1644	31.5	
2.888268147456086e+28	45.0	4.01	58.29	30.15	2.2857224047934537	24	37	45	5	87	45	45	3	29	15	131	0	0.04687142372131348	2500	3.2185308933258057	1733	30.679999999999993	
5.357859702214069e+27	45.0	3.99	57.71	29.85	2.2857224047934537	25	37	45	5	87	45	45	3	29	15	139	0	0.06249547004699707	2600	3.2810263633728027	1820	30.0	
6.8958701948940695e+25	45.0	3.99	57.71	29.85	2.2857224047934537	26	37	45	5	87	45	45	3	29	15	143	0	0.06249547004699707	2700	3.3435218334198	1910	29.259259259259267	
1.7446468728812953e+38	45.0	4.01	58.29	30.15	2.2857224047934537	27	37	45	5	87	45	45	3	29	15	149	0	0.04687309265136719	2800	3.390394926071167	1995	28.75	
6.81030075333619e+25	45.0	3.99	57.71	29.85	2.2857224047934537	28	37	45	5	87	45	45	3	29	15	152	0	0.046869754791259766	2900	3.4372646808624268	2083	28.172413793103445	
1.5677419438307004e+25	45.0	3.94	56.26	29.1	2.283739609410687	29	37	45	5	87	45	45	3	29	15	160	0	0.031249284744262695	3000	3.4685139656066895	2172	27.60000000000001	
5.337459017598228e+25	45.0	4.01	58.29	30.15	2.283739609410687	30	37	45	5	87	45	45	3	29	15	166	0	0.046872615814208984	3100	3.5153865814208984	2256	27.225806451612897	
6.119013227909003e+28	45.0	3.98	57.42	29.7	2.283739609410687	31	37	45	5	87	45	45	3	29	15	171	0	0.031246662139892578	3200	3.546633243560791	2348	26.625	
3.5786960553060845e+28	45.0	4.03	58.87	30.45	2.283739609410687	32	37	45	5	87	45	45	3	29	15	176	0	0.04687309265136719	3300	3.593506336212158	2434	26.24242424242425	
9.752633936845124e+25	45.0	3.99	57.71	29.85	2.2826004535739415	33	37	45	5	87	45	45	3	29	15	182	0	0.062494516372680664	3400	3.656000852584839	2525	25.735294117647058	
1.0194661794108814e+26	45.0	4.04	59.16	30.6	2.2826004535739415	34	37	45	5	87	45	45	3	29	15	187	0	0.06249547004699707	3500	3.718496322631836	2613	25.34285714285714	
1.5548717072808238e+34	45.0	4.0	58.0	30.0	2.28256887770337	35	37	45	5	87	45	45	3	29	15	196	0	0.04687213897705078	3600	3.7653684616088867	2697	25.08333333333333	
7.80606429772847e+33	45.0	4.01	58.29	30.15	2.28256887770337	36	37	45	5	87	45	45	3	29	15	197	0	0.06249523162841797	3700	3.8278636932373047	2789	24.621621621621628	
9.406451658958613e+25	45.0	4.05	59.45	30.75	2.28256887770337	37	37	45	5	87	45	45	3	29	15	205	0	0.04687190055847168	3800	3.8747355937957764	2877	24.28947368421052	
2.626625242263428e+26	45.0	4.0	58.0	30.0	2.2825688776966087	38	37	45	5	87	45	45	3	29	15	213	0	0.04687142372131348	3900	3.92160701751709	2961	24.07692307692308	
1.5032924449130567e+25	45.0	3.96	56.84	29.4	2.2825688776966087	39	37	45	5	87	45	45	3	29	15	217	0	0.06249713897705078	4000	3.9841041564941406	3050	23.75	
2.5947514937277668e+26	45.0	3.99	57.71	29.85	2.2825688776966087	40	37	45	5	87	45	45	3	29	15	221	0	0.03124713897705078	4100	4.015351295471191	3139	23.4390243902439	
9.112500004167598e+25	45.0	4.04	59.16	30.6	2.2825688776966087	41	37	45	5	87	45	45	3	29	15	226	0	0.06249547004699707	4200	4.0778467655181885	3227	23.16666666666667	
2.975510204081984e+25	45.0	4.02	58.58	30.3	2.2825688776966087	42	37	45	5	87	45	45	3	29	15	229	0	0.04687190055847168	4300	4.12471866607666	3319	22.813953488372093	
6.5087018353337166e+25	45.0	3.95	56.55	29.25	2.2825688776966087	43	37	45	5	87	45	45	3	29	15	237	0	0.06249547004699707	4400	4.187214136123657	3408	22.545454545454547	
7.840004094507865e+25	45.0	4.02	58.58	30.3	2.2825688776966087	44	37	45	5	87	45	45	3	29	15	245	0	0.04687309265136719	4500	4.234087228775024	3495	22.333333333333343	
9.423763049909294e+25	45.0	4.01	58.29	30.15	2.2825688776966087	45	37	45	5	87	45	45	3	29	15	252	0	0.04687070846557617	4600	4.280957937240601	3584	22.086956521739125	
7.75706210968108e+25	45.0	4.05	59.45	30.75	2.2825688776966087	46	37	45	5	87	45	45	3	29	15	259	0	0.04687333106994629	4700	4.327831268310547	3670	21.914893617021278	
2.9454545454546085e+25	45.0	4.0	58.0	30.0	2.2825688776937114	47	37	45	5	87	45	45	3	29	15	261	0	0.04686999320983887	4800	4.374701261520386	3766	21.54166666666667	
3.0694736947979965e+25	45.0	3.98	57.42	29.7	2.282568877693068	48	37	45	5	87	45	45	3	29	15	267	0	0.046875	4900	4.421576261520386	3855	21.326530612244895	
1.4727272727273788e+26	45.0	4.07	60.03	31.05	2.282568877693068	49	37	45	5	87	45	45	3	29	15	269	0	0.04687023162841797	5000	4.468446493148804	3945	21.099999999999994	
1.0631401999337668e+26	45.0	4.03	58.87	30.45	2.282568877693068	50	37	45	5	87	45	45	3	29	15	274	0	0.062494516372680664	5100	4.530941009521484	4034	20.90196078431373	
7.830172224188093e+25	45.0	3.99	57.71	29.85	2.282568877693068	51	37	45	5	87	45	45	3	29	15	282	0	0.03125953674316406	5200	4.562200546264648	4117	20.82692307692308	
3.1060142915293993e+25	45.0	3.93	55.97	28.95	2.282568877693068	52	37	45	5	87	45	45	3	29	15	289	0	0.04686141014099121	5300	4.60906195640564	4197	20.811320754716974	
1.7761438094202116e+24	45.0	3.99	57.71	29.85	2.2819990618712365	53	37	45	5	87	45	45	3	29	15	296	0	0.04687094688415527	5400	4.655932903289795	4283	20.68518518518519	
7.438775510204209e+25	45.0	4.01	58.29	30.15	2.2819990618712365	54	37	45	5	87	45	45	3	29	15	299	0	0.046872615814208984	5500	4.702805519104004	4378	20.39999999999999	
6.012371134020767e+25	45.0	3.99	57.71	29.85	2.2819990618712365	55	37	45	5	87	45	45	3	29	15	303	0	0.04687094688415527	5600	4.749676465988159	4473	20.125	
2.1388805107208474e+32	45.0	4.04	59.16	30.6	2.2819990618712365	56	37	45	5	87	45	45	3	29	15	307	0	0.031248807907104492	5700	4.780925273895264	4563	19.94736842105263	
7.755319148936312e+25	45.0	3.98	57.42	29.7	2.2819990618712365	57	37	45	5	87	45	45	3	29	15	314	0	0.04687190055847168	5800	4.827797174453735	4651	19.810344827586206	
1.7022649657222104e+26	45.0	4.06	59.74	30.9	2.2819990618712365	58	37	45	5	87	45	45	3	29	15	318	0	0.06249403953552246	5900	4.890291213989258	4739	19.677966101694906	
2.9979591422235495e+25	45.0	3.93	55.97	28.95	2.281999061523817	59	37	45	5	87	45	45	3	29	15	322	0	0.04687380790710449	6000	4.937165021896362	4828	19.53333333333333	
5.739073165747755e+27	45.0	3.99	57.71	29.85	2.281999061523817	60	37	45	5	87	45	45	3	29	15	325	0	0.04687047004699707	6100	4.984035491943359	4916	19.40983606557377	
7.555879334523825e+37	45.0	3.94	56.26	29.1	2.281999061523817	61	37	45	5	87	45	45	3	29	15	330	0	0.046871185302734375	6200	5.030906677246094	5005	19.274193548387103	
7.3636366070143665e+25	45.0	4.03	58.87	30.45	2.281999061523817	62	37	45	5	87	45	45	3	29	15	332	0	0.03124856948852539	6300	5.062155246734619	5095	19.126984126984127	
2.1485630643887955e+28	45.0	4.03	58.87	30.45	2.281999061523312	63	37	45	5	87	45	45	3	29	15	338	0	0.031249523162841797	6400	5.093404769897461	5184	19.0	
7.593750175856577e+25	45.0	4.02	58.58	30.3	2.281999061523312	64	37	45	5	87	45	45	3	29	15	343	0	0.031247854232788086	6500	5.124652624130249	5269	18.93846153846154	
3.0694738737659757e+25	45.0	4.0	58.0	30.0	2.281999061523312	65	37	45	5	87	45	45	3	29	15	349	0	0.04687023162841797	6600	5.171522855758667	5354	18.87878787878789	
1.126902140813826e+26	45.0	4.01	58.29	30.15	2.281999061523312	66	37	45	5	87	45	45	3	29	15	354	0	0.04687070846557617	6700	5.218393564224243	5443	18.761194029850742	
3.0061855670113356e+25	45.0	3.96	56.84	29.4	2.281999061523312	67	37	45	5	87	45	45	3	29	15	358	0	0.04687380790710449	6800	5.265267372131348	5525	18.75	
8.358856819412377e+25	45.0	3.93	55.97	28.95	2.281999061523312	68	37	45	5	87	45	45	3	29	15	361	0	0.046869516372680664	6900	5.312136888504028	5614	18.637681159420296	
9.306382978731433e+25	45.0	4.0	58.0	30.0	2.281999061523312	69	37	45	5	87	45	45	3	29	15	368	0	0.06249570846557617	7000	5.3746325969696045	5700	18.57142857142857	
1.872222635081765e+26	45.0	4.02	58.58	30.3	2.281999061523312	70	37	45	5	87	45	45	3	29	15	375	0	0.04687213897705078	7100	5.421504735946655	5786	18.50704225352112	
6.138947470302432e+25	45.0	4.0	58.0	30.0	2.2819990615226393	71	37	45	5	87	45	45	3	29	15	381	0	0.06249809265136719	7200	5.4840028285980225	5874	18.41666666666667	
6.074997035526499e+25	45.0	3.97	57.13	29.55	2.2819990615226393	72	37	45	5	87	45	45	3	29	15	386	0	0.062494516372680664	7300	5.546497344970703	5963	18.31506849315069	
4.78602681487188e+25	45.0	3.96	56.84	29.4	2.2819990615226393	73	37	45	5	87	45	45	3	29	15	392	0	0.062494754791259766	7400	5.608992099761963	6046	18.297297297297305	
1.0530019171486497e+26	45.0	3.98	57.42	29.7	2.2819990615226393	74	37	45	5	87	45	45	3	29	15	396	0	0.04687309265136719	7500	5.65586519241333	6137	18.173333333333332	
2.0269277638982797e+36	45.0	3.99	57.71	29.85	2.2819990615226393	75	37	45	5	87	45	45	3	29	15	404	0	0.06249523162841797	7600	5.718360424041748	6226	18.078947368421055	
1.0743157894793849e+26	45.0	4.05	59.45	30.75	2.2819990615226393	76	37	45	5	87	45	45	3	29	15	410	0	0.04687070846557617	7700	5.765231132507324	6312	18.025974025974023	
4.5211990236583e+36	45.0	3.98	57.42	29.7	2.2819990615226393	77	37	45	5	87	45	45	3	29	15	414	0	0.06249809265136719	7800	5.827729225158691	6402	17.92307692307692	
3.0375000144450956e+25	45.0	4.0	58.0	30.0	2.2819990615226393	78	37	45	5	87	45	45	3	29	15	419	0	0.031249046325683594	7900	5.858978271484375	6485	17.911392405063282	
1.1215384621408698e+26	45.0	3.96	56.84	29.4	2.2819990615226393	79	37	45	5	87	45	45	3	29	15	429	0	0.06249189376831055	8000	5.9214701652526855	6565	17.9375	
6.4087912208391e+25	45.0	4.02	58.58	30.3	2.2819990615226393	80	37	45	5	87	45	45	3	29	15	439	0	0.062496185302734375	8100	5.98396635055542	6646	17.95061728395062	
6.78931170095497e+36	45.0	4.05	59.45	30.75	2.2819990615226393	81	37	45	5	87	45	45	3	29	15	447	0	0.04687166213989258	8200	6.0308380126953125	6731	17.91463414634147	
6.552808988764157e+25	45.0	4.06	59.74	30.9	2.2819990615226393	82	37	45	5	87	45	45	3	29	15	459	0	0.04687356948852539	8300	6.077711582183838	6812	17.92771084337349	
6.2709677419359455e+25	45.0	4.02	58.58	30.3	2.2819990615226393	83	37	45	5	87	45	45	3	29	15	467	0	0.04687142372131348	8400	6.124583005905151	6900	17.85714285714286	
3.102127659574521e+25	45.0	3.98	57.42	29.7	2.2819990615226393	84	37	45	5	87	45	45	3	29	15	474	0	0.031247377395629883	8500	6.155830383300781	6988	17.788235294117655	
1.8494400475667404e+26	45.0	4.08	60.32	31.2	2.2819990615226393	85	37	45	5	87	45	45	3	29	15	484	0	0.06249427795410156	8600	6.218324661254883	7072	17.767441860465112	
7.838844179391271e+25	45.0	3.95	56.55	29.25	2.2819990615226393	86	37	45	5	87	45	45	3	29	15	492	0	0.04687333106994629	8700	6.265197992324829	7160	17.701149425287355	
5.088307339583702e+28	45.0	4.05	59.45	30.75	2.2535674084494604	87	37	45	5	87	45	45	3	29	15	499	0	0.04687094688415527	8800	6.312068939208984	7248	17.63636363636364	
1.4877551020454297e+25	45.0	3.99	57.71	29.85	2.2535674084494604	88	37	45	5	87	45	45	3	29	15	502	0	0.046871185302734375	8900	6.358940124511719	7339	17.539325842696627	
5.890909090909198e+25	45.0	3.98	57.42	29.7	2.2535674084494604	89	37	45	5	87	45	45	3	29	15	504	0	0.06249570846557617	9000	6.421435832977295	7425	17.5	
6.270967962626246e+25	45.0	3.98	57.42	29.7	2.2488439128253366	90	37	45	5	87	45	45	3	29	15	512	0	0.03124856948852539	9100	6.45268440246582	7506	17.516483516483518	
3.1021276595745374e+25	45.0	3.97	57.13	29.55	2.2488439128253366	91	37	45	5	87	45	45	3	29	15	519	0	0.031247854232788086	9200	6.483932256698608	7594	17.456521739130437	
2.3805143969204478e+29	45.0	3.95	56.55	29.25	2.2488439128253366	92	37	45	5	87	45	45	3	29	15	524	0	0.04687213897705078	9300	6.530804395675659	7681	17.408602150537632	
9.115042442891628e+25	45.0	4.01	58.29	30.15	2.236937526017367	93	37	45	5	87	45	45	3	29	15	529	0	0.04687166213989258	9400	6.577676057815552	7771	17.329787234042556	
4.60421051808346e+25	45.0	4.0	58.0	30.0	2.236937526017367	94	37	45	5	87	45	45	3	29	15	535	0	0.031248092651367188	9500	6.608924150466919	7859	17.273684210526312	
4.374000000001762e+25	45.0	3.99	57.71	29.85	2.1551693576785627	95	37	45	5	87	45	45	3	29	15	536	0	0.06249594688415527	9600	6.671420097351074	7950	17.1875	
3.169835220515901e+25	45.0	3.96	56.84	29.4	2.15516935767688	96	37	45	5	87	45	45	3	29	15	545	0	0.0468745231628418	9700	6.718294620513916	8037	17.144329896907223	
6.0750034949849e+25	45.0	4.02	58.58	30.3	2.1344665666605365	97	37	45	5	87	45	45	3	29	15	550	0	0.06249260902404785	9800	6.780787229537964	8125	17.09183673469387	
1.8083592797309158e+26	45.0	3.96	56.84	29.4	2.1344665666605365	98	37	45	5	87	45	45	3	29	15	556	0	0.06249547004699707	9900	6.843282699584961	8212	17.050505050505052	
4.70322580682425e+25	45.0	3.93	55.97	28.95	2.1137491094207475	99	37	45	5	87	45	45	3	29	15	564	0	0.04687190055847168	10000	6.890154600143433	8300	17.0	
9.112500000000156e+25	45.0	3.98	57.42	29.7	2.1137491094192984	100	37	45	5	87	45	45	3	29	15	569	0	0.04688119888305664	10100	6.937035799026489	8390	16.93069306930694	
35589281365014.48	45.0	4.01	58.29	30.15	2.1126035997213486	101	37	45	5	87	45	45	3	29	15	575	0	0.06248641014099121	10200	6.9995222091674805	8476	16.90196078431373	
1405038325722.6106	45.0	3.92	55.68	28.8	2.089974428160274	102	37	45	4	58	30	45	3	29	15	578	0	0.04687190055847168	10300	7.046394109725952	8567	16.825242718446603	
4.374000111884435e+25	45.0	3.99	57.71	29.85	2.089974428160274	103	37	45	5	87	45	45	3	29	15	579	0	0.046871185302734375	10400	7.0932652950286865	8660	16.730769230769226	
409840095.2216216	45.0	3.97	57.13	29.55	2.089974428160274	104	37	45	4	58	30	45	3	29	15	579	0	0.031248092651367188	10500	7.124513387680054	8758	16.590476190476195	
7.363636412832911e+25	45.0	3.96	56.84	29.4	2.089974428160274	105	37	45	5	87	45	45	3	29	15	581	0	0.031247615814208984	10600	7.155761003494263	8851	16.5	
4.418181818196857e+25	45.0	3.97	57.13	29.55	2.089974428160274	106	37	45	5	87	45	45	3	29	15	583	0	0.046875715255737305	10700	7.20263671875	8944	16.411214953271028	
2.9454545454592063e+25	45.0	3.97	57.13	29.55	2.0832245119444326	107	37	45	5	87	45	45	3	29	15	585	0	0.04686856269836426	10800	7.249505281448364	9038	16.31481481481481	
1.030909090909341e+26	45.0	4.01	58.29	30.15	2.0747540940075635	108	37	45	5	87	45	45	3	29	15	587	0	0.06249570846557617	10900	7.31200098991394	9133	16.211009174311926	
1.494777667963438e+27	45.0	4.03	58.87	30.45	2.0747540940075635	109	37	45	5	87	45	45	3	29	15	594	0	0.04687237739562988	11000	7.35887336730957	9221	16.172727272727272	
6.012371135133953e+25	45.0	3.96	56.84	29.4	2.0747540940075635	110	37	45	5	87	45	45	3	29	15	598	0	0.031246423721313477	11100	7.390119791030884	9311	16.117117117117118	
4.50927835073293e+25	45.0	3.99	57.71	29.85	2.0747540940075635	111	37	45	5	87	45	45	3	29	15	602	0	0.06249523162841797	11200	7.452615022659302	9398	16.089285714285722	
1.4580000001042233e+25	45.0	3.94	56.26	29.1	2.0685048067363625	112	37	45	5	87	45	45	3	29	15	602	0	0.04687333106994629	11300	7.499488353729248	9492	16.0	
5.832000000503162e+25	45.0	3.94	56.26	29.1	2.0685048067363625	113	37	45	5	87	45	45	3	29	15	603	0	0.04687142372131348	11400	7.5463597774505615	9584	15.929824561403507	
2.91600000000013e+25	45.0	4.0	58.0	30.0	2.05605904274316	114	37	45	5	87	45	45	3	29	15	604	0	0.04687213897705078	11500	7.593231916427612	9677	15.852173913043472	
7.290001076320508e+25	45.0	4.03	58.87	30.45	2.056059042596908	115	37	45	5	87	45	45	3	29	15	605	0	0.04687190055847168	11600	7.640103816986084	9769	15.784482758620683	
2.9160000000002356e+25	45.0	3.99	57.71	29.85	2.056059042596908	116	37	45	5	87	45	45	3	29	15	605	0	0.031246423721313477	11700	7.6713502407073975	9866	15.67521367521367	
2.945454545469334e+25	45.0	3.91	55.39	28.65	2.056059042596908	117	37	45	5	87	45	45	3	29	15	607	0	0.06249570846557617	11800	7.733845949172974	9959	15.601694915254242	
4.415515200572633e+25	45.0	3.94	56.26	29.1	2.056059042596908	118	37	45	5	87	45	45	3	29	15	607	0	0.04687213897705078	11900	7.780718088150024	10055	15.504201680672267	
7.519328170059613e+25	45.0	4.03	58.87	30.45	2.056059042596908	119	37	45	5	87	45	45	3	29	15	611	0	0.046872854232788086	12000	7.8275909423828125	10148	15.433333333333337	
1.9386000002323358e+26	45.0	4.03	58.87	30.45	2.056059042596908	120	37	45	5	87	45	45	3	29	15	612	0	0.04687023162841797	12100	7.8744611740112305	10238	15.388429752066116	
5.951020408175515e+25	45.0	4.02	58.58	30.3	2.056059042596908	121	37	45	5	87	45	45	3	29	15	615	0	0.06249570846557617	12200	7.936956882476807	10326	15.360655737704917	
1.4580000040446331e+25	45.0	3.95	56.55	29.25	2.056059042596908	122	37	45	5	87	45	45	3	29	15	616	0	0.04687166213989258	12300	7.983828544616699	10423	15.260162601626021	
8.836363637610188e+25	45.0	4.02	58.58	30.3	2.0560590425920333	123	37	45	5	87	45	45	3	29	15	618	0	0.06249594688415527	12400	8.046324491500854	10516	15.193548387096783	
4.689420351765445e+25	45.0	3.95	56.55	29.25	2.0560590425920333	124	37	45	5	87	45	45	3	29	15	620	0	0.04687213897705078	12500	8.093196630477905	10609	15.128	
4.418181818187156e+25	45.0	4.01	58.29	30.15	2.0560589971864163	125	37	45	5	87	45	45	3	29	15	622	0	0.04687142372131348	12600	8.140068054199219	10705	15.039682539682545	
2.9160000000007566e+25	45.0	3.99	57.71	29.85	2.0560589971864163	126	37	45	5	87	45	45	3	29	15	622	0	0.04687213897705078	12700	8.18694019317627	10797	14.98425196850394	
1.0208162133945068e+26	45.0	4.01	58.29	30.15	2.0560589971864163	127	37	45	5	87	45	45	3	29	15	623	0	0.06249547004699707	12800	8.249435663223267	10884	14.96875	
4.39775211017789e+25	45.0	3.99	57.71	29.85	2.052551180389039	128	37	45	5	87	45	45	3	29	15	623	0	0.046872854232788086	12900	8.296308517456055	10978	14.899224806201545	
6.327039083287443e+28	45.0	4.06	59.74	30.9	2.052551180285179	129	37	45	5	87	45	45	3	29	15	624	0	0.06249594688415527	13000	8.35880446434021	11071	14.83846153846153	
7.29000000028143e+25	45.0	3.97	57.13	29.55	2.052551180285179	130	37	45	5	87	45	45	3	29	15	625	0	0.04687023162841797	13100	8.405674695968628	11166	14.763358778625957	
1.4856198392522204e+32	45.0	4.03	58.87	30.45	2.052551180285179	131	37	45	5	87	45	45	3	29	15	626	0	0.04687237739562988	13200	8.452547073364258	11258	14.712121212121204	
5.832000000000146e+25	45.0	4.0	58.0	30.0	2.052551180285179	132	37	45	5	87	45	45	3	29	15	626	0	0.031247615814208984	13300	8.483794689178467	11349	14.669172932330838	
1.1664000000482405e+26	45.0	4.01	58.29	30.15	2.052551180285179	133	37	45	5	87	45	45	3	29	15	626	0	0.04687190055847168	13400	8.530666589736938	11441	14.619402985074629	
6.025650140105662e+25	45.0	4.02	58.58	30.3	2.052551180285179	134	37	45	5	87	45	45	3	29	15	630	0	0.031247854232788086	13500	8.561914443969727	11533	14.57037037037037	
2.4256846978167084e+28	45.0	3.99	57.71	29.85	2.052551180285179	135	37	45	5	87	45	45	3	29	15	631	0	0.04687166213989258	13600	8.60878610610962	11629	14.492647058823522	
2.9160000004787263e+25	45.0	4.0	58.0	30.0	2.052551180285179	136	37	45	5	87	45	45	3	29	15	632	0	0.062497615814208984	13700	8.671283721923828	11721	14.445255474452551	
5.832000000012915e+25	45.0	3.96	56.84	29.4	2.052551180285179	137	37	45	5	87	45	45	3	29	15	632	0	0.04687380790710449	13800	8.718157529830933	11817	14.369565217391298	
7.3636363642218315e+25	45.0	4.0	58.0	30.0	2.052551180285179	138	37	45	5	87	45	45	3	29	15	634	0	0.04686760902404785	13900	8.76502513885498	11910	14.316546762589937	
4.46772857142923e+28	45.0	3.9292929292929295	55.94949494949495	28.939393939393938	2.052551180285179	139	39	45	5.0	87.0	45.0	45	3.0	29.0	15.0	635	0	0.04687190055847168	14000	8.811897039413452	12001	14.278571428571425	
1.020600000001301e+26	45.0	4.05	59.45	30.75	2.052551180285179	140	39	45	5	87	45	45	3	29	15	635	0	0.04687213897705078	14100	8.858769178390503	12093	14.234042553191486	
1.4580034646913491e+25	45.0	3.98	57.42	29.7	2.052551180285179	141	39	45	5	87	45	45	3	29	15	636	0	0.046872854232788086	14200	8.905642032623291	12182	14.211267605633807	
5.832000000004885e+25	45.0	3.98	57.42	29.7	2.052551180285179	142	39	45	5	87	45	45	3	29	15	636	0	0.062494754791259766	14300	8.96813678741455	12270	14.1958041958042	
7.290000001158445e+25	45.0	4.0	58.0	30.0	2.052551180285179	143	39	45	5	87	45	45	3	29	15	637	0	0.04687166213989258	14400	9.015008449554443	12360	14.166666666666671	
5.89090909090924e+25	45.0	3.97	57.13	29.55	2.052551180285179	144	39	45	5	87	45	45	3	29	15	639	0	0.04687166213989258	14500	9.061880111694336	12449	14.144827586206901	
9.893100995296533e+19	45.0	3.94	56.26	29.1	2.052551180285179	145	39	45	4	58	30	45	3	29	15	639	0	0.04687356948852539	14600	9.108753681182861	12540	14.109589041095887	
8.748000009741715e+25	45.0	4.01	58.29	30.15	2.052551180285179	146	39	45	5	87	45	45	3	29	15	639	0	0.06249499320983887	14700	9.1712486743927	12633	14.061224489795919	
2.916000000012623e+25	45.0	3.99	57.71	29.85	2.052551180285179	147	39	45	5	87	45	45	3	29	15	639	0	0.04687070846557617	14800	9.218119382858276	12725	14.020270270270274	
4.1007684555605564e+32	45.0	3.99	57.71	29.85	2.052551180285179	148	39	45	5	87	45	45	3	29	15	642	0	0.06249570846557617	14900	9.280615091323853	12812	14.013422818791938	
50955003134684.07	45.0	3.9	55.1	28.5	2.052551180285179	149	39	45	4	58	30	45	3	29	15	642	0	0.046872615814208984	15000	9.327487707138062	12905	13.966666666666669	
7.290000000000138e+25	45.0	4.02	58.58	30.3	2.052551180285179	150	39	45	5	87	45	45	3	29	15	643	0	0.046871185302734375	15100	9.374358892440796	12995	13.94039735099338	
1.3472479852445185e+37	45.0	3.96	56.84	29.4	2.052551180285179	151	39	45	5	87	45	45	3	29	15	644	0	0.04687142372131348	15200	9.42123031616211	13084	13.921052631578945	
4.418181963205276e+25	45.0	3.98	57.42	29.7	2.052551180285179	152	39	45	5	87	45	45	3	29	15	646	0	0.04687237739562988	15300	9.46810269355774	13176	13.882352941176464	
5.081110320647273e+26	45.0	3.93	55.97	28.95	2.052551180285179	153	39	45	5	87	45	45	3	29	15	648	0	0.06249523162841797	15400	9.530597925186157	13268	13.84415584415585	
4.374000000000082e+25	45.0	3.97	57.13	29.55	2.052551180285179	154	39	45	5	87	45	45	3	29	15	648	0	0.0624995231628418	15500	9.593097448348999	13359	13.812903225806451	
4.5092783510077865e+25	45.0	3.93	55.97	28.95	2.052551180285179	155	39	45	5	87	45	45	3	29	15	652	0	0.04687309265136719	15600	9.639970541000366	13448	13.794871794871796	
1.610292566733213e+31	45.0	3.95	56.55	29.25	2.052551180285179	156	39	45	5	87	45	45	3	29	15	655	0	0.06249237060546875	15700	9.702462911605835	13539	13.764331210191088	
1.2024742268151591e+26	45.0	4.04	59.16	30.6	2.052551180285179	157	39	45	5	87	45	45	3	29	15	659	0	0.046871185302734375	15800	9.74933409690857	13630	13.734177215189874	
1.4580000006395279e+25	45.0	3.92	55.68	28.8	2.051344018658702	158	39	45	5	87	45	45	3	29	15	659	0	0.046874046325683594	15900	9.796208143234253	13723	13.691823899371073	
8.125999157882722e+32	45.0	4.01	58.29	30.15	2.051344018658702	159	39	45	5	87	45	45	3	29	15	661	0	0.06249427795410156	16000	9.858702421188354	13816	13.649999999999991	
4.418181818481572e+25	45.0	3.95	56.55	29.25	2.051344018658702	160	39	45	5	87	45	45	3	29	15	663	0	0.04687213897705078	16100	9.905574560165405	13908	13.614906832298132	
2.94576949350059e+25	45.0	3.98	57.42	29.7	2.051344018658702	161	39	45	5	87	45	45	3	29	15	665	0	0.06249642372131348	16200	9.968070983886719	14002	13.567901234567898	
8.836363653478587e+25	45.0	3.98	57.42	29.7	2.051344018658702	162	39	45	5	87	45	45	3	29	15	667	0	0.046869754791259766	16300	10.014940738677979	14094	13.533742331288352	
4.374000000010246e+25	45.0	3.95	56.55	29.25	2.051344018658702	163	39	45	5	87	45	45	3	29	15	668	0	0.06249570846557617	16400	10.077436447143555	14185	13.506097560975604	
5.832000000004874e+25	45.0	3.98	57.42	29.7	2.051344018658702	164	39	45	5	87	45	45	3	29	15	668	0	0.0468745231628418	16500	10.124310970306396	14278	13.466666666666669	
1.178181335935073e+26	45.0	4.05	59.45	30.75	2.051344018658702	165	39	45	5	87	45	45	3	29	15	670	0	0.04686927795410156	16600	10.171180248260498	14368	13.445783132530124	
2.9160000000001137e+25	45.0	4.0	58.0	30.0	2.051344018658702	166	39	45	5	87	45	45	3	29	15	670	0	0.06249547004699707	16700	10.233675718307495	14461	13.40718562874251	
5.83200000000351e+25	45.0	3.99	57.71	29.85	2.051344018658702	167	39	45	5	87	45	45	3	29	15	671	0	0.04687213897705078	16800	10.280547857284546	14553	13.375	
2.9160009891319693e+25	45.0	3.97	57.13	29.55	2.051344018658702	168	39	45	5	87	45	45	3	29	15	672	0	0.04687094688415527	16900	10.327418804168701	14644	13.349112426035504	
4.418181818192237e+25	45.0	3.92	55.68	28.8	2.051344018658702	169	39	45	5	87	45	45	3	29	15	674	0	0.04687190055847168	17000	10.374290704727173	14738	13.305882352941182	
3.9347644382560435e+17	45.0	3.9	55.1	28.5	2.051344018658702	170	39	45	4	58	30	45	3	29	15	674	0	0.04687309265136719	17100	10.42116379737854	14827	13.292397660818708	
1.1664000182871514e+26	45.0	4.03	58.87	30.45	2.051344018658702	171	39	45	5	87	45	45	3	29	15	674	0	0.04687213897705078	17200	10.46803593635559	14919	13.261627906976742	
5.832929715749003e+25	45.0	3.94	56.26	29.1	2.051344018658702	172	39	45	5	87	45	45	3	29	15	674	0	0.04687142372131348	17300	10.514907360076904	15009	13.242774566473997	
2.8556568569394038e+32	45.0	4.02	58.58	30.3	2.051344018658702	173	39	45	5	87	45	45	3	29	15	675	0	0.062494754791259766	17400	10.577402114868164	15102	13.206896551724128	
1.3122000054654586e+26	45.0	4.04	59.16	30.6	2.051344018658702	174	39	45	5	87	45	45	3	29	15	676	0	0.06249499320983887	17500	10.639897108078003	15195	13.171428571428564	
4.463265306122636e+25	45.0	4.01	58.29	30.15	2.051344018658702	175	39	45	5	87	45	45	3	29	15	679	0	0.04687190055847168	17600	10.686769008636475	15290	13.125	
7.020661430107472e+33	45.0	3.89	54.81	28.35	2.051344018658702	176	39	45	5	87	45	45	3	29	15	680	0	0.06249547004699707	17700	10.749264478683472	15382	13.09604519774011	
4.374000000000083e+25	45.0	3.95	56.55	29.25	2.051344018658702	177	39	45	5	87	45	45	3	29	15	681	0	0.031248092651367188	17800	10.780512571334839	15470	13.089887640449433	
5.832001457779461e+25	45.0	3.95	56.55	29.25	2.051344018658702	178	39	45	5	87	45	45	3	29	15	681	0	0.06249594688415527	17900	10.843008518218994	15563	13.055865921787714	
1.3122000000000225e+26	45.0	4.02	58.58	30.3	2.051344018658702	179	39	45	5	87	45	45	3	29	15	682	0	0.04687166213989258	18000	10.889880180358887	15653	13.038888888888891	
5.831999999995325e+25	45.0	3.96	56.84	29.4	2.051344018658702	180	39	45	5	87	45	45	3	29	15	683	0	0.04687142372131348	18100	10.9367516040802	15746	13.005524861878442	
2.9160000000001008e+25	45.0	3.95	56.55	29.25	2.051344018658702	181	39	45	5	87	45	45	3	29	15	683	0	0.031247854232788086	18200	10.967999458312988	15836	12.989010989010978	
5.951020408163392e+25	45.0	3.96	56.84	29.4	2.051344018658702	182	39	45	5	87	45	45	3	29	15	686	0	0.04687213897705078	18300	11.014871597290039	15925	12.978142076502735	
4.374000000003056e+25	45.0	3.94	56.26	29.1	2.051344018658702	183	39	45	5	87	45	45	3	29	15	686	0	0.04687190055847168	18400	11.06174349784851	16019	12.940217391304344	
7.363636363642993e+25	45.0	3.99	57.71	29.85	2.051344018658702	184	39	45	5	87	45	45	3	29	15	688	0	0.06249570846557617	18500	11.124239206314087	16113	12.902702702702712	
5.9510204247726915e+25	45.0	4.01	58.29	30.15	2.051344018658702	185	39	45	5	87	45	45	3	29	15	691	0	0.04687166213989258	18600	11.17111086845398	16201	12.897849462365599	
2.916000000000096e+25	45.0	3.93	55.97	28.95	2.051344018658702	186	39	45	5	87	45	45	3	29	15	692	0	0.046872615814208984	18700	11.217983484268188	16289	12.893048128342244	
8.74800000000015e+25	45.0	4.02	58.58	30.3	2.051344018652556	187	39	45	5	87	45	45	3	29	15	692	0	0.06249523162841797	18800	11.280478715896606	16386	12.840425531914889	
4.4181818182113945e+25	45.0	4.02	58.58	30.3	2.051344018652556	188	39	45	5	87	45	45	3	29	15	694	0	0.04687166213989258	18900	11.327350378036499	16475	12.830687830687822	
2.9454545459488583e+25	45.0	3.95	56.55	29.25	2.051269999760054	189	39	45	5	87	45	45	3	29	15	696	0	0.04687142372131348	19000	11.374221801757812	16560	12.842105263157904	
1.1664000000000252e+26	45.0	4.05	59.45	30.75	2.051269999760054	190	39	45	5	87	45	45	3	29	15	697	0	0.031247854232788086	19100	11.4054696559906	16654	12.806282722513089	
4.374000000519014e+25	45.0	3.94	56.26	29.1	2.051269999760054	191	39	45	5	87	45	45	3	29	15	697	0	0.03124856948852539	19200	11.436718225479126	16746	12.78125	
2.9160000022294164e+25	45.0	3.97	57.13	29.55	2.051269999760054	192	39	45	5	87	45	45	3	29	15	697	0	0.04687166213989258	19300	11.483589887619019	16840	12.746113989637308	
5.89090909275231e+25	45.0	4.0	58.0	30.0	2.051269998704085	193	39	45	5	87	45	45	3	29	15	699	0	0.06249523162841797	19400	11.546085119247437	16926	12.75257731958763	
4.550098598397249e+25	45.0	3.97	57.13	29.55	2.0512699986609095	194	39	45	5	87	45	45	3	29	15	699	0	0.04687166213989258	19500	11.592956781387329	17019	12.723076923076931	
7.363636363636489e+25	45.0	4.05	59.45	30.75	2.0512699986609095	195	39	45	5	87	45	45	3	29	15	701	0	0.04687166213989258	19600	11.639828443527222	17108	12.714285714285708	
7.373648077251246e+25	45.0	4.01	58.29	30.15	2.0512699986609095	196	39	45	5	87	45	45	3	29	15	703	0	0.06249594688415527	19700	11.702324390411377	17200	12.690355329949242	
2.91602223815653e+25	45.0	3.99	57.71	29.85	2.0512699986609095	197	39	45	5	87	45	45	3	29	15	703	0	0.04687190055847168	19800	11.749196290969849	17293	12.661616161616166	
8.747995285949156e+25	45.0	4.04	59.16	30.6	2.0512699986609095	198	39	45	5	87	45	45	3	29	15	703	0	0.046871185302734375	19900	11.796067476272583	17385	12.638190954773862	
7.2900000001217675e+25	45.0	4.02	58.58	30.3	2.0512699986609095	199	39	45	5	87	45	45	3	29	15	703	0	0.046872615814208984	20000	11.842940092086792	17484	12.579999999999998	
2.9172782924199712e+25	45.0	3.96	56.84	29.4	2.0512699986609095	200	39	45	5	87	45	45	3	29	15	704	0	0.062496185302734375	20100	11.905436277389526	17575	12.562189054726375	
4.463265306127576e+25	45.0	3.98	57.42	29.7	2.0512699986609095	201	39	45	5	87	45	45	3	29	15	707	0	0.04687166213989258	20200	11.952307939529419	17661	12.569306930693074	
7.29000477426297e+25	45.0	4.01	58.29	30.15	2.0512699986609095	202	39	45	5	87	45	45	3	29	15	707	0	0.04687190055847168	20300	11.99917984008789	17752	12.551724137931032	
2.916000000004825e+25	45.0	3.94	56.26	29.1	2.0512699986609095	203	39	45	5	87	45	45	3	29	15	707	0	0.06249499320983887	20400	12.06167483329773	17849	12.50490196078431	
1.166400000002624e+26	45.0	4.01	58.29	30.15	2.0512699986609095	204	39	45	5	87	45	45	3	29	15	708	0	0.04687213897705078	20500	12.10854697227478	17943	12.473170731707313	
2.9755102041014213e+25	45.0	3.89	54.81	28.35	2.0512699986609095	205	39	45	5	87	45	45	3	29	15	711	0	0.04687213897705078	20600	12.155419111251831	18032	12.46601941747572	
4.41818181819883e+25	45.0	3.93	55.97	28.95	2.0512699986609095	206	39	45	5	87	45	45	3	29	15	713	0	0.06249499320983887	20700	12.21791410446167	18122	12.45410628019323	
4.421742480050118e+25	45.0	3.97	57.13	29.55	2.0512699986609095	207	39	45	5	87	45	45	3	29	15	713	0	0.04687190055847168	20800	12.264786005020142	18214	12.432692307692307	
4.37400004571597e+25	45.0	3.97	57.13	29.55	2.0512699986609095	208	39	45	5	87	45	45	3	29	15	714	0	0.06249594688415527	20900	12.327281951904297	18305	12.41626794258373	
4.374477425918878e+25	45.0	3.99	57.71	29.85	2.0512699986609095	209	39	45	5	87	45	45	3	29	15	715	0	0.04687142372131348	21000	12.37415337562561	18395	12.404761904761912	
5.890909092332356e+25	45.0	4.03	58.87	30.45	2.0512699986609095	210	39	45	5	87	45	45	3	29	15	717	0	0.04687190055847168	21100	12.421025276184082	18485	12.39336492890996	
4.421742480010074e+25	45.0	3.97	57.13	29.55	2.0512699986609095	211	39	45	5	87	45	45	3	29	15	717	0	0.04687213897705078	21200	12.467897415161133	18573	12.39150943396227	
1.312199999999013e+26	45.0	4.01	58.29	30.15	2.0512699986609095	212	39	45	5	87	45	45	3	29	15	718	0	0.04687213897705078	21300	12.514769554138184	18664	12.375586854460096	
5.832000010415905e+25	45.0	3.98	57.42	29.7	2.0512699986609095	213	39	45	5	87	45	45	3	29	15	719	0	0.03124713897705078	21400	12.546016693115234	18754	12.36448598130842	
1.0309090909091657e+26	45.0	4.03	58.87	30.45	2.0512699986609095	214	39	45	5	87	45	45	3	29	15	721	0	0.031249046325683594	21500	12.577265739440918	18847	12.33953488372093	
2.9160000016870613e+25	45.0	3.95	56.55	29.25	2.0512699986609095	215	39	45	5	87	45	45	3	29	15	721	0	0.062494754791259766	21600	12.639760494232178	18938	12.324074074074076	
7.363636363636556e+25	45.0	4.03	58.87	30.45	2.0512699986609095	216	39	45	5	87	45	45	3	29	15	723	0	0.031247854232788086	21700	12.671008348464966	19032	12.294930875576043	
8.836363640063183e+25	45.0	4.04	59.16	30.6	2.0512699986609095	217	39	45	5	87	45	45	3	29	15	725	0	0.031248092651367188	21800	12.702256441116333	19119	12.298165137614674	
1.0206000000553967e+26	45.0	4.01	58.29	30.15	2.0512699986609095	218	39	45	5	87	45	45	3	29	15	726	0	0.06249523162841797	21900	12.764751672744751	19211	12.278538812785385	
2.916000000000373e+25	45.0	3.94	56.26	29.1	2.0512699986609095	219	39	45	5	87	45	45	3	29	15	726	0	0.06249570846557617	22000	12.827247381210327	19304	12.25454545454545	
2.9160000000199873e+25	45.0	3.97	57.13	29.55	2.0512699986609095	220	39	45	5	87	45	45	3	29	15	727	0	0.04687237739562988	22100	12.874119758605957	19398	12.226244343891395	
8.958914142576003e+32	45.0	3.94	56.26	29.1	2.051269998655975	221	39	45	5	87	45	45	3	29	15	727	0	0.046871185302734375	22200	12.920990943908691	19492	12.198198198198199	
1.0414305636593913e+26	45.0	4.04	59.16	30.6	2.051269998655975	222	39	45	5	87	45	45	3	29	15	730	0	0.06249570846557617	22300	12.983486652374268	19588	12.16143497757848	
5.83200000017406e+25	45.0	3.98	57.42	29.7	2.051269998655975	223	39	45	5	87	45	45	3	29	15	731	0	0.04687213897705078	22400	13.030358791351318	19684	12.125	
9.11250000001946e+25	45.0	4.02	58.58	30.3	2.051269998655975	224	39	45	5	87	45	45	3	29	15	736	0	0.06249547004699707	22500	13.092854261398315	19773	12.120000000000005	
1.3389795918391608e+26	45.0	4.07	60.03	31.05	2.051269998655975	225	39	45	5	87	45	45	3	29	15	739	0	0.04687190055847168	22600	13.139726161956787	19866	12.09734513274337	
7.438775510215249e+25	45.0	4.0	58.0	30.0	2.051269998655975	226	39	45	5	87	45	45	3	29	15	742	0	0.06249570846557617	22700	13.202221870422363	19959	12.074889867841406	
5.9510205504593775e+25	45.0	3.96	56.84	29.4	2.051269998655975	227	39	45	5	87	45	45	3	29	15	745	0	0.03124833106994629	22800	13.23347020149231	20050	12.061403508771932	
7.288621221693825e+27	45.0	4.01	58.29	30.15	2.051269998655975	228	39	45	5	87	45	45	3	29	15	747	0	0.06249499320983887	22900	13.295965194702148	20138	12.061135371179049	
4.463265306630882e+25	45.0	3.94	56.26	29.1	2.051269998655975	229	39	45	5	87	45	45	3	29	15	750	0	0.031247854232788086	23000	13.327213048934937	20231	12.039130434782606	
1.4580000000000749e+25	45.0	3.95	56.55	29.25	2.051269998655975	230	39	45	5	87	45	45	3	29	15	750	0	0.06249523162841797	23100	13.389708280563354	20319	12.038961038961034	
7.290000000000298e+25	45.0	3.99	57.71	29.85	2.051269998655975	231	39	45	5	87	45	45	3	29	15	750	0	0.046872854232788086	23200	13.436581134796143	20410	12.025862068965523	
7.290000000012734e+25	45.0	4.0	58.0	30.0	2.051269998655975	232	39	45	5	87	45	45	3	29	15	751	0	0.04687213897705078	23300	13.483453273773193	20501	12.012875536480678	
3.4547889287305947e+25	45.0	3.97	57.13	29.55	2.051269998655975	233	39	45	5	87	45	45	3	29	15	751	0	0.046871185302734375	23400	13.530324459075928	20595	11.987179487179489	
7.290000000000318e+25	45.0	3.97	57.13	29.55	2.051269998655975	234	39	45	5	87	45	45	3	29	15	752	0	0.04687190055847168	23500	13.5771963596344	20688	11.965957446808503	
1.458000000000207e+25	45.0	3.96	56.84	29.4	2.051269998655975	235	39	45	5	87	45	45	3	29	15	753	0	0.06249570846557617	23600	13.639692068099976	20781	11.944915254237287	
2.9303654444136016e+33	45.0	3.98	57.42	29.7	2.051269998655975	236	39	45	5	87	45	45	3	29	15	754	0	0.031247615814208984	23700	13.670939683914185	20877	11.911392405063296	
1.0309228653537599e+26	45.0	4.04	59.16	30.6	2.051269998655975	237	39	45	5	87	45	45	3	29	15	756	0	0.031248092651367188	23800	13.702187776565552	20965	11.911764705882348	
1.0206000000159719e+26	45.0	4.01	58.29	30.15	2.051269998655975	238	39	45	5	87	45	45	3	29	15	757	0	0.04687190055847168	23900	13.749059677124023	21057	11.895397489539747	
1.3432867760662923e+26	45.0	4.02	58.58	30.3	2.051269998655975	239	39	45	5	87	45	45	3	29	15	757	0	0.06249547004699707	24000	13.81155514717102	21151	11.870833333333337	
2.9604068546400062e+29	45.0	3.98	57.42	29.7	2.051269998655975	240	39	45	5	87	45	45	3	29	15	759	0	0.04687166213989258	24100	13.858426809310913	21242	11.858921161825734	
3.911975357958498e+31	45.0	4.04	59.16	30.6	2.051269998655975	241	39	45	5	87	45	45	3	29	15	760	0	0.04687190055847168	24200	13.905298709869385	21334	11.84297520661157	
4.374000000003387e+25	45.0	3.99	57.71	29.85	2.051269998655975	242	39	45	5	87	45	45	3	29	15	760	0	0.04687190055847168	24300	13.952170610427856	21430	11.810699588477362	
4.556250000009658e+25	45.0	4.04	59.16	30.6	2.05120181428472	243	39	45	5	87	45	45	3	29	15	765	0	0.04687213897705078	24400	13.999042749404907	21514	11.827868852459005	
1.3122000000015776e+26	45.0	4.06	59.74	30.9	2.05120181428472	244	39	45	5	87	45	45	3	29	15	765	0	0.031247377395629883	24500	14.030290126800537	21605	11.816326530612244	
1.1664000000980202e+26	45.0	4.0	58.0	30.0	2.05120181428472	245	39	45	5	87	45	45	3	29	15	765	0	0.04687213897705078	24600	14.077162265777588	21701	11.784552845528452	
2.975510204176073e+25	45.0	3.97	57.13	29.55	2.05120181428472	246	39	45	5	87	45	45	3	29	15	768	0	0.04687142372131348	24700	14.124033689498901	21785	11.801619433198383	
2.916000000011092e+25	45.0	3.93	55.97	28.95	2.05120181428472	247	39	45	5	87	45	45	3	29	15	768	0	0.06249666213989258	24800	14.186530351638794	21877	11.786290322580655	
1.236894412405996e+28	45.0	4.07	60.03	31.05	2.05120181428472	248	39	45	5	87	45	45	3	29	15	768	0	0.04687094688415527	24900	14.23340129852295	21971	11.763052208835347	
5.035132834028843e+37	45.0	4.04	59.16	30.6	2.05120181428472	249	39	45	5	87	45	45	3	29	15	769	0	0.04687190055847168	25000	14.280273199081421	22066	11.736000000000004	
5.833676699535192e+25	45.0	4.01	58.29	30.15	2.05120181428472	250	39	45	5	87	45	45	3	29	15	770	0	0.04687166213989258	25100	14.327144861221313	22162	11.705179282868528	
5.832000478012332e+25	45.0	3.98	57.42	29.7	2.05120181428472	251	39	45	5	87	45	45	3	29	15	771	0	0.04687237739562988	25200	14.374017238616943	22257	11.67857142857143	
4.374000000017327e+25	45.0	3.95	56.55	29.25	2.05120181428472	252	39	45	5	87	45	45	3	29	15	771	0	0.04687213897705078	25300	14.420889377593994	22351	11.656126482213438	
6.011401255064162e+34	45.0	3.99	57.71	29.85	2.05120181428472	253	39	45	5	87	45	45	3	29	15	772	0	0.04687094688415527	25400	14.46776032447815	22444	11.637795275590562	
4.3740000012169525e+25	45.0	3.99	57.71	29.85	2.05120181428472	254	39	45	5	87	45	45	3	29	15	773	0	0.046872854232788086	25500	14.514633178710938	22536	11.623529411764707	
2.9160000000002176e+25	45.0	3.95	56.55	29.25	2.05120181428472	255	39	45	5	87	45	45	3	29	15	774	0	0.031246662139892578	25600	14.54587984085083	22628	11.609375	
1.2583742249341745e+27	45.0	4.01	58.29	30.15	2.0512018142834836	256	39	45	5	87	45	45	3	29	15	776	0	0.04687213897705078	25700	14.59275197982788	22720	11.595330739299612	
2.9160000000496522e+25	45.0	3.95	56.55	29.25	2.0512018142834836	257	39	45	5	87	45	45	3	29	15	776	0	0.04687213897705078	25800	14.639624118804932	22816	11.565891472868216	
2.5164038016000073e+26	45.0	4.03	58.87	30.45	2.0512018142834836	258	39	45	5	87	45	45	3	29	15	777	0	0.062496185302734375	25900	14.702120304107666	22905	11.56370656370656	
1.4580000011638323e+25	45.0	3.98	57.42	29.7	2.0512018142834836	259	39	45	5	87	45	45	3	29	15	777	0	0.06249427795410156	26000	14.764614582061768	22998	11.546153846153857	
8.74800000000019e+25	45.0	4.03	58.87	30.45	2.0512018142834836	260	39	45	5	87	45	45	3	29	15	778	0	0.04687213897705078	26100	14.811486721038818	23087	11.544061302681996	
1.9953942608730466e+30	45.0	3.98	57.42	29.7	2.0512018142834836	261	39	45	5	87	45	45	3	29	15	779	0	0.01562356948852539	26200	14.827110290527344	23176	11.541984732824432	
4.418181818181922e+25	45.0	4.01	58.29	30.15	2.0512018142834836	262	39	45	5	87	45	45	3	29	15	781	0	0.062496185302734375	26300	14.889606475830078	23264	11.543726235741445	
1.8641100641979316e+26	45.0	4.01	58.29	30.15	2.0512018142834836	263	39	45	5	87	45	45	3	29	15	781	0	0.06249570846557617	26400	14.952102184295654	23355	11.534090909090907	
6.01237113402167e+25	45.0	3.96	56.84	29.4	2.0512018142834836	264	39	45	5	87	45	45	3	29	15	785	0	0.04687166213989258	26500	14.998973846435547	23443	11.53584905660378	
8.747037985987066e+25	45.0	4.0	58.0	30.0	2.0512018142834836	265	39	45	5	87	45	45	3	29	15	785	0	0.062496185302734375	26600	15.061470031738281	23538	11.511278195488714	
5.832000000005545e+25	45.0	3.93	55.97	28.95	2.0512018142834836	266	39	45	5	87	45	45	3	29	15	786	0	0.04687142372131348	26700	15.108341455459595	23629	11.50187265917603	
1.1948605803732126e+38	45.0	4.03	58.87	30.45	2.0512018142834836	267	39	45	5	87	45	45	3	29	15	787	0	0.04687190055847168	26800	15.155213356018066	23722	11.485074626865682	
4.463265308092422e+25	45.0	3.96	56.84	29.4	2.0512018142834836	268	39	45	5	87	45	45	3	29	15	790	0	0.04687166213989258	26900	15.202085018157959	23810	11.486988847583646	
5.832000000000178e+25	45.0	3.97	57.13	29.55	2.0512018142834836	269	39	45	5	87	45	45	3	29	15	791	0	0.04687166213989258	27000	15.248956680297852	23903	11.470370370370375	
6.516238246127144e+37	45.0	3.98	57.42	29.7	2.0512018142834836	270	39	45	5	87	45	45	3	29	15	792	0	0.06249666213989258	27100	15.311453342437744	23996	11.453874538745396	
7.290000000000125e+25	45.0	3.94	56.26	29.1	2.0512018142834836	271	39	45	5	87	45	45	3	29	15	793	0	0.046871185302734375	27200	15.358324527740479	24086	11.44852941176471	
8.748000000049011e+25	45.0	3.97	57.13	29.55	2.0512018142834836	272	39	45	5	87	45	45	3	29	15	793	0	0.04687142372131348	27300	15.405195951461792	24181	11.424908424908423	
2.223806023178388e+36	45.0	3.95	56.55	29.25	2.0512018142834836	273	39	45	5	87	45	45	3	29	15	794	0	0.031248092651367188	27400	15.43644404411316	24273	11.41240875912409	
5.832027259686951e+25	45.0	3.97	57.13	29.55	2.0512018142834836	274	39	45	5	87	45	45	3	29	15	795	0	0.06249570846557617	27500	15.498939752578735	24369	11.385454545454536	
7.29000000000492e+25	45.0	3.96	56.84	29.4	2.0512018142834836	275	39	45	5	87	45	45	3	29	15	795	0	0.031248807907104492	27600	15.53018856048584	24464	11.362318840579704	
1.4731198995250202e+25	45.0	3.95	56.55	29.25	2.0512018142834836	276	39	45	5	87	45	45	3	29	15	797	0	0.046871185302734375	27700	15.577059745788574	24557	11.346570397111904	
4.374000001458815e+25	45.0	3.94	56.26	29.1	2.0512018142834836	277	39	45	5	87	45	45	3	29	15	797	0	0.06249594688415527	27800	15.63955569267273	24649	11.334532374100718	
1.4877606565578644e+25	45.0	3.89	54.81	28.35	2.0512018142834836	278	39	45	5	87	45	45	3	29	15	800	0	0.031247854232788086	27900	15.670803546905518	24737	11.336917562724011	
5.8349566666973765e+25	45.0	3.95	56.55	29.25	2.0512018142834836	279	39	45	5	87	45	45	3	29	15	800	0	0.06249570846557617	28000	15.733299255371094	24828	11.328571428571436	
4.0507868904821835e+34	45.0	3.93	55.97	28.95	2.0511389840865295	280	39	45	5	87	45	45	3	29	15	802	0	0.06249499320983887	28100	15.795794248580933	24911	11.34875444839858	
4.3740000000038785e+25	45.0	3.92	55.68	28.8	2.0511389840865295	281	39	45	5	87	45	45	3	29	15	802	0	0.04687166213989258	28200	15.842665910720825	24998	11.354609929078023	
2.9160000000000505e+25	45.0	3.91	55.39	28.65	2.0511389840865295	282	39	45	5	87	45	45	3	29	15	802	0	0.04687190055847168	28300	15.889537811279297	25090	11.342756183745578	
7.29000000526344e+25	45.0	4.01	58.29	30.15	2.0225245827076264	283	39	45	5	87	45	45	3	29	15	802	0	0.04687213897705078	28400	15.936409950256348	25185	11.320422535211279	
5.4080808274727214e+25	45.0	4.01	58.29	30.15	2.0225245827076264	284	39	45	5	87	45	45	3	29	15	804	0	0.04687166213989258	28500	15.98328161239624	25281	11.294736842105266	
5.890909090924556e+25	45.0	4.0	58.0	30.0	2.0225245827076264	285	39	45	5	87	45	45	3	29	15	806	0	0.04687190055847168	28600	16.030153512954712	25368	11.300699300699307	
8.74800000003152e+25	45.0	4.0	58.0	30.0	2.0211681903157808	286	39	45	5	87	45	45	3	29	15	806	0	0.04687142372131348	28700	16.077024936676025	25468	11.261324041811847	
2.9755102040817344e+25	45.0	3.95	56.55	29.25	2.0211681903157808	287	39	45	5	87	45	45	3	29	15	809	0	0.06249642372131348	28800	16.13952136039734	25557	11.260416666666657	
1.1664000000762715e+26	45.0	4.03	58.87	30.45	2.0211681903157808	288	39	45	5	87	45	45	3	29	15	810	0	0.031247615814208984	28900	16.170768976211548	25651	11.24221453287197	
9.112500000089824e+25	45.0	4.06	59.74	30.9	2.0211681903157808	289	39	45	5	87	45	45	4	58	30	815	0	0.04687166213989258	29000	16.21764063835144	25742	11.234482758620686	
8.926530612245612e+25	45.0	4.03	58.87	30.45	2.0211681903157808	290	39	45	5	87	45	45	3	29	15	818	0	0.06249523162841797	29100	16.28013586997986	25833	11.226804123711347	
1.4877551025719824e+25	45.0	3.94	56.26	29.1	2.0202069575011126	291	39	45	5	87	45	45	3	29	15	821	0	0.04687237739562988	29200	16.32700824737549	25916	11.24657534246576	
323410032312473.5	45.0	3.9	55.1	28.5	1.9161919187440208	292	39	45	4	58	30	45	3	29	15	822	0	0.04687166213989258	29300	16.37387990951538	26008	11.23549488054607	
6.012394059860724e+25	45.0	3.96	56.84	29.4	1.9161919187440208	293	39	45	5	87	45	45	3	29	15	826	0	0.031247854232788086	29400	16.40512776374817	26096	11.23809523809524	
3.1695652173913584e+25	45.0	3.93	55.97	28.95	1.9161919187440208	294	39	45	5	87	45	45	3	29	15	835	0	0.04687166213989258	29500	16.45199942588806	26179	11.257627118644066	
8.284090925427125e+25	45.0	4.0	58.0	30.0	1.903229725530389	295	39	45	5	87	45	45	3	29	15	848	0	0.04687190055847168	29600	16.498871326446533	26260	11.28378378378379	
6.408791208791325e+25	45.0	4.02	58.58	30.3	1.903229725530389	296	39	45	5	87	45	45	3	29	15	858	0	0.06249570846557617	29700	16.56136703491211	26345	11.29629629629629	
4.860000000000099e+25	45.0	4.01	58.29	30.15	1.903229725530389	297	39	45	5	87	45	45	3	29	15	869	0	0.04687190055847168	29800	16.60823893547058	26423	11.332214765100673	
4.861066785077264e+25	45.0	3.98	57.42	29.7	1.8981199798308497	298	39	45	5	87	45	45	3	29	15	880	0	0.06249570846557617	29900	16.670734643936157	26507	11.34782608695653	
6.204255319149045e+25	45.0	3.99	57.71	29.85	1.898112972241799	299	39	45	5	87	45	45	3	29	15	887	0	0.04687166213989258	30000	16.71760630607605	26589	11.370000000000005	
4.653191489361781e+25	45.0	4.01	58.29	30.15	1.8932213099823805	300	39	45	5	87	45	45	3	29	15	894	0	0.04687190055847168	30100	16.76447820663452	26679	11.36544850498339	
8.667287234042695e+25	45.0	4.01	58.29	30.15	1.8930824147613527	301	39	45	5	87	45	45	3	29	15	901	0	0.04687166213989258	30200	16.811349868774414	26763	11.380794701986758	
4.653191489361781e+25	45.0	3.98	57.42	29.7	1.8908400278453934	302	39	45	5	87	45	45	3	29	15	908	0	0.04687190055847168	30300	16.858221769332886	26851	11.382838283828377	
4.8065934065934884e+25	45.0	3.99	57.71	29.85	1.8908400278453934	303	39	45	5	87	45	45	3	29	15	918	0	0.04687166213989258	30400	16.90509343147278	26934	11.401315789473685	
1.063125000000018e+26	45.0	4.02	58.58	30.3	1.8885382827405501	304	39	45	5	87	45	45	3	29	15	923	0	0.031248092651367188	30500	16.936341524124146	27025	11.393442622950829	
3.102127659574521e+25	45.0	4.01	58.29	30.15	1.8881784653220866	305	39	45	5	87	45	45	3	29	15	930	0	0.06249547004699707	30600	16.998836994171143	27110	11.40522875816994	
237425995.5731832	45.0	3.92	55.68	28.8	1.8881784653220866	306	39	45	4	58	30	45	3	29	15	933	0	0.04687237739562988	30700	17.045709371566772	27198	11.407166123778495	
8.92653061224505e+25	45.0	4.02	58.58	30.3	1.8881784653220866	307	39	45	5	87	45	45	3	29	15	936	0	0.031247377395629883	30800	17.076956748962402	27286	11.409090909090907	
5.890909090909191e+25	45.0	3.99	57.71	29.85	1.8881784653220866	308	39	45	5	87	45	45	3	29	15	938	0	0.06249570846557617	30900	17.13945245742798	27375	11.40776699029125	
7.755319149359287e+25	45.0	4.02	58.58	30.3	1.8881784653220866	309	39	45	5	87	45	45	3	29	15	945	0	0.04687142372131348	31000	17.186323881149292	27460	11.419354838709666	
4.860000000000083e+25	45.0	4.02	58.58	30.3	1.8881784653220866	310	39	45	5	87	45	45	3	29	15	956	0	0.031247854232788086	31100	17.21757173538208	27542	11.440514469453376	
4.556257683968188e+25	45.0	3.92	55.68	28.8	1.8881784653220866	311	39	45	5	87	45	45	3	29	15	961	0	0.04687333106994629	31200	17.264445066452026	27628	11.448717948717942	
3.1354838709677954e+25	45.0	3.99	57.71	29.85	1.8881784653220866	312	39	45	5	87	45	45	3	29	15	969	0	0.062494754791259766	31300	17.326939821243286	27713	11.46006389776359	
4.914606741573117e+25	45.0	4.0	58.0	30.0	1.8881784653220866	313	39	45	5	87	45	45	3	29	15	981	0	0.04687190055847168	31400	17.373811721801758	27791	11.49363057324841	
1.0055172413793274e+26	45.0	4.04	59.16	30.6	1.8881784653220866	314	39	45	5	87	45	45	3	29	15	995	0	0.04687142372131348	31500	17.42068314552307	27870	11.523809523809518	
3.1695652173919056e+25	45.0	4.0	58.0	30.0	1.8881784653220866	315	39	45	5	87	45	45	3	29	15	1004	0	0.06249523162841797	31600	17.48317837715149	27955	11.534810126582272	
3.1354838709786535e+25	45.0	3.99	57.71	29.85	1.8881784653220866	316	39	45	5	87	45	45	3	29	15	1012	0	0.04687213897705078	31700	17.53005051612854	28041	11.542586750788644	
4.8065934065934884e+25	45.0	3.98	57.42	29.7	1.8881784653220866	317	39	45	5	87	45	45	3	29	15	1022	0	0.031249284744262695	31800	17.561299800872803	28120	11.572327044025158	
2.417119549081333e+29	45.0	3.98	57.42	29.7	1.8881784653220866	318	39	45	5	87	45	45	3	29	15	1036	0	0.04687094688415527	31900	17.608170747756958	28201	11.595611285266457	
2.9455657527368247e+25	45.0	3.98	57.42	29.7	1.8881784653220866	319	39	45	5	87	45	45	3	29	15	1038	0	0.046871185302734375	32000	17.655041933059692	28295	11.578125	
6.287367406916609e+25	45.0	4.03	58.87	30.45	1.8881784653220866	320	39	45	5	87	45	45	3	29	15	1045	0	0.03124833106994629	32100	17.68629026412964	28382	11.582554517133957	
7.167638298213531e+27	45.0	4.01	58.29	30.15	1.8881784653220866	321	39	45	5	87	45	45	3	29	15	1052	0	0.04687094688415527	32200	17.733161211013794	28469	11.58695652173914	
1.2960000000000222e+26	45.0	4.01	58.29	30.15	1.8881784653220866	322	39	45	5	87	45	45	3	29	15	1063	0	0.062496185302734375	32300	17.79565739631653	28550	11.609907120743031	
5.5774736650661276e+29	45.0	3.99	57.71	29.85	1.8881784653220866	323	39	45	5	87	45	45	3	29	15	1078	0	0.04687213897705078	32400	17.84252953529358	28627	11.645061728395063	
9.112500000000156e+25	45.0	4.06	59.74	30.9	1.8881784653220866	324	39	45	5	87	45	45	3	29	15	1083	0	0.06249570846557617	32500	17.905025243759155	28715	11.646153846153851	
4.703225806451693e+25	45.0	3.97	57.13	29.55	1.8881784653220866	325	39	45	5	87	45	45	3	29	15	1091	0	0.031247615814208984	32600	17.936272859573364	28796	11.668711656441715	
6.7034482758621835e+25	45.0	4.01	58.29	30.15	1.8881784653220866	326	39	45	5	87	45	45	3	29	15	1105	0	0.04687166213989258	32700	17.983144521713257	28876	11.694189602446485	
1.2408510638298084e+26	45.0	4.0	58.0	30.0	1.8881784653220866	327	39	45	5	87	45	45	3	29	15	1112	0	0.031249046325683594	32800	18.01439356803894	28961	11.704268292682926	
7.593750000000129e+25	45.0	3.97	57.13	29.55	1.8881784653220866	328	39	45	5	87	45	45	3	29	15	1117	0	0.046871185302734375	32900	18.061264753341675	29035	11.747720364741639	
3.2764045031602086e+25	45.0	3.95	56.55	29.25	1.8881735770215953	329	39	45	5	87	45	45	3	29	15	1129	0	0.04687142372131348	33000	18.10813617706299	29110	11.787878787878796	
6.408791208791328e+25	45.0	3.96	56.84	29.4	1.8881735770215953	330	39	45	5	87	45	45	3	29	15	1139	0	0.031247854232788086	33100	18.139384031295776	29192	11.806646525679753	
1.6953488372093313e+25	45.0	3.94	56.26	29.1	1.8881735770215953	331	39	45	5	87	45	45	3	29	15	1154	0	0.04687190055847168	33200	18.186255931854248	29267	11.846385542168676	
8.106164156749008e+37	45.0	3.96	56.84	29.4	1.8881735770215953	332	39	45	5	87	45	45	3	29	15	1164	0	0.04687190055847168	33300	18.23312783241272	29343	11.882882882882882	
9.829213483146234e+25	45.0	3.98	57.42	29.7	1.8881731970776592	333	39	45	5	87	45	45	3	29	15	1176	0	0.04687166213989258	33400	18.279999494552612	29422	11.910179640718567	
4.914606741573117e+25	45.0	3.94	56.26	29.1	1.8881731970776592	334	39	45	5	87	45	45	3	29	15	1188	0	0.06249547004699707	33500	18.34249496459961	29505	11.925373134328353	
8.28409090909105e+25	45.0	4.02	58.58	30.3	1.8881731970776592	335	39	45	5	87	45	45	3	29	15	1201	0	0.04687190055847168	33600	18.38936686515808	29583	11.955357142857153	
4.970454545454631e+25	45.0	4.0	58.0	30.0	1.8881731970776592	336	39	45	5	87	45	45	3	29	15	1214	0	0.06249594688415527	33700	18.451862812042236	29666	11.970326409495541	
5.086046511627994e+25	45.0	3.99	57.71	29.85	1.8881730559650876	337	39	45	5	87	45	45	3	29	15	1229	0	0.031247615814208984	33800	18.483110427856445	29739	12.014792899408292	
7.515463917525983e+25	45.0	4.0	58.0	30.0	1.8881730559650876	338	39	45	5	87	45	45	3	29	15	1233	0	0.04687237739562988	33900	18.529982805252075	29825	12.020648967551622	
1.2277894736842316e+26	45.0	4.0	58.0	30.0	1.8881730559650876	339	39	45	5	87	45	45	3	29	15	1239	0	0.04687142372131348	34000	18.57685422897339	29910	12.029411764705884	
3.069473684210579e+25	45.0	3.97	57.13	29.55	1.8881730559650876	340	39	45	5	87	45	45	3	29	15	1245	0	0.04687190055847168	34100	18.62372612953186	29997	12.032258064516128	
1.2678260869919586e+26	45.0	4.05	59.45	30.75	1.8881730559650876	341	39	45	5	87	45	45	3	29	15	1254	0	0.03124833106994629	34200	18.654974460601807	30082	12.040935672514621	
1.1215384615384807e+26	45.0	4.01	58.29	30.15	1.8881730559650876	342	39	45	5	87	45	45	3	29	15	1264	0	0.04687094688415527	34300	18.701845407485962	30163	12.061224489795919	
1.5677419354838977e+25	45.0	3.97	57.13	29.55	1.8881730559650876	343	39	45	5	87	45	45	3	29	15	1272	0	0.04687166213989258	34400	18.748717069625854	30249	12.066860465116278	
9.306382978723563e+25	45.0	3.99	57.71	29.85	1.8881730559650876	344	39	45	5	87	45	45	3	29	15	1279	0	0.03124833106994629	34500	18.7799654006958	30334	12.075362318840575	
8.311171123958525e+35	45.0	3.94	56.26	29.1	1.8881730559650876	345	39	45	5	87	45	45	3	29	15	1286	0	0.06249570846557617	34600	18.842461109161377	30423	12.072254335260112	
7.673684210526447e+25	45.0	4.01	58.29	30.15	1.8881730559650876	346	39	45	5	87	45	45	3	29	15	1292	0	0.04687142372131348	34700	18.88933253288269	30507	12.0835734870317	
5.9510204146525184e+25	45.0	3.95	56.55	29.25	1.8881730559650876	347	39	45	5	87	45	45	3	29	15	1295	0	0.046872854232788086	34800	18.93620538711548	30598	12.074712643678168	
3.102160904266941e+25	45.0	3.94	56.26	29.1	1.8881730559650876	348	39	45	5	87	45	45	3	29	15	1302	0	0.06249499320983887	34900	18.998700380325317	30678	12.097421203438401	
4.653191489361781e+25	45.0	3.98	57.42	29.7	1.8881730559650876	349	39	45	5	87	45	45	3	29	15	1309	0	0.04687142372131348	35000	19.04557180404663	30762	12.108571428571423	
5.086046511628011e+25	45.0	4.01	58.29	30.15	1.8881730559650876	350	39	45	5	87	45	45	3	29	15	1324	0	0.06249570846557617	35100	19.108067512512207	30837	12.145299145299148	
3.102127992316752e+25	45.0	3.919191919191919	55.656565656565654	28.78787878787879	1.8881730559650876	351	40	45	5.0	87.0	45.0	45	3.0	29.0	15.0	1330	0	0.031249284744262695	35200	19.13931679725647	30922	12.153409090909093	
4.8065934065934884e+25	45.0	3.98	57.42	29.7	1.8881730559650876	352	40	45	5	87	45	45	3	29	15	1340	0	0.04687142372131348	35300	19.186188220977783	31006	12.164305949008508	
9.208421052631736e+25	45.0	4.03	58.87	30.45	1.8881730559650876	353	40	45	5	87	45	45	3	29	15	1346	0	0.04687213897705078	35400	19.233060359954834	31088	12.180790960451986	
5.951020408163367e+25	45.0	4.02	58.58	30.3	1.8881730559650876	354	40	45	5	87	45	45	3	29	15	1349	0	0.06249666213989258	35500	19.295557022094727	31175	12.183098591549296	
4.8065934065934884e+25	45.0	3.96	56.84	29.4	1.8881730559650876	355	40	45	5	87	45	45	3	29	15	1359	0	0.046869516372680664	35600	19.342426538467407	31257	12.199438202247194	
4.8065934065934884e+25	45.0	3.99	57.71	29.85	1.8881730559650876	356	40	45	5	87	45	45	3	29	15	1369	0	0.03125762939453125	35700	19.37368416786194	31337	12.221288515406158	
5.027586206896637e+25	45.0	4.03	58.87	30.45	1.8881730559650876	357	40	45	5	87	45	45	3	29	15	1383	0	0.04686260223388672	35800	19.420546770095825	31410	12.262569832402235	
1.0743157894737026e+26	45.0	4.01	58.29	30.15	1.8881730559650876	358	40	45	5	87	45	45	3	29	15	1389	0	0.046872854232788086	35900	19.467419624328613	31494	12.272980501392766	
1.4810988003290412e+36	45.0	4.01	58.29	30.15	1.8881730559650876	359	40	45	5	87	45	45	3	29	15	1407	0	0.04687047004699707	36000	19.51429009437561	31568	12.311111111111103	
1.4109677469408842e+26	45.0	4.02	58.58	30.3	1.8881730559650876	360	40	45	5	87	45	45	3	29	15	1415	0	0.031248092651367188	36100	19.545538187026978	31658	12.304709141274245	
1.0557803482364121e+30	45.0	4.01	58.29	30.15	1.8853278649028766	361	40	45	5	87	45	45	3	29	15	1423	0	0.06249570846557617	36200	19.608033895492554	31743	12.312154696132595	
1.7566265060241264e+25	45.0	3.94	56.26	29.1	1.8853278649028766	362	40	45	5	87	45	45	3	29	15	1441	0	0.06249547004699707	36300	19.67052936553955	31819	12.344352617079892	
9.39365067087951e+25	45.0	4.03	58.87	30.45	1.8853278649028766	363	40	45	5	87	45	45	3	29	15	1448	0	0.04687237739562988	36400	19.71740174293518	31903	12.354395604395606	
6.62727272727284e+25	45.0	3.99	57.71	29.85	1.8853278540482756	364	40	45	5	87	45	45	3	29	15	1461	0	0.046871185302734375	36500	19.764272928237915	31984	12.37260273972602	
9.761011235955075e+26	45.0	4.0	58.0	30.0	1.8853278540482756	365	40	45	5	87	45	45	3	29	15	1473	0	0.046871185302734375	36600	19.81114411354065	32060	12.404371584699462	
3.204395604432421e+25	45.0	4.01	58.29	30.15	1.8853278540482756	366	40	45	5	87	45	45	3	29	15	1483	0	0.046872615814208984	36700	19.85801672935486	32142	12.419618528610357	
7.673684210526447e+25	45.0	4.02	58.58	30.3	1.8853278540482756	367	40	45	5	87	45	45	3	29	15	1489	0	0.06249523162841797	36800	19.920511960983276	32226	12.429347826086953	
3.5560975609756702e+25	45.0	3.98	57.42	29.7	1.8853278540482756	368	40	45	5	87	45	45	3	29	15	1508	0	0.04687190055847168	36900	19.967383861541748	32295	12.479674796747958	
4.39040124840458e+32	45.0	4.05	59.45	30.75	1.8853278540482756	369	40	45	5	87	45	45	3	29	15	1525	0	0.06249570846557617	37000	20.029879570007324	32369	12.516216216216208	
8.576470648038875e+25	45.0	3.98	57.42	29.7	1.8845519239879285	370	40	45	5	87	45	45	3	29	15	1541	0	0.031247854232788086	37100	20.061127424240112	32446	12.544474393531004	
7.026506024096508e+25	45.0	3.95	56.55	29.25	1.8843246585651072	371	40	45	5	87	45	45	3	29	15	1559	0	0.04687213897705078	37200	20.107999563217163	32521	12.577956989247312	
8.215291079264132e+25	45.0	3.98	57.42	29.7	1.8843246574796488	372	40	45	5	87	45	45	3	29	15	1571	0	0.04687213897705078	37300	20.154871702194214	32603	12.592493297587126	
6.552808988764157e+25	45.0	3.94	56.26	29.1	1.8843246574796488	373	40	45	5	87	45	45	3	29	15	1583	0	0.04687142372131348	37400	20.201743125915527	32686	12.604278074866315	
1.6382022480981788e+25	45.0	3.92	55.68	28.8	1.8838641194652426	374	40	45	5	87	45	45	3	29	15	1595	0	0.04687142372131348	37500	20.24861454963684	32765	12.626666666666665	
5.145882352941264e+25	45.0	4.04	59.16	30.6	1.8838641194652426	375	40	45	5	87	45	45	3	29	15	1611	0	0.06250572204589844	37600	20.31112027168274	32841	12.656914893617028	
3.3517241379310917e+25	45.0	3.99	57.71	29.85	1.8838641194652426	376	40	45	5	87	45	45	3	29	15	1625	0	0.04686236381530762	37700	20.357982635498047	32922	12.673740053050395	
8.379310344827729e+25	45.0	4.03	58.87	30.45	1.8838641194652426	377	40	45	5	87	45	45	3	29	15	1639	0	0.06249523162841797	37800	20.420477867126465	33000	12.698412698412696	
3.2400000000000554e+25	45.0	3.98	57.42	29.7	1.883087885202314	378	40	45	5	87	45	45	3	29	15	1650	0	0.031247615814208984	37900	20.451725482940674	33077	12.725593667546178	
1.0055172413793274e+26	45.0	4.02	58.58	30.3	1.883087885202314	379	40	45	5	87	45	45	3	29	15	1664	0	0.04687190055847168	38000	20.498597383499146	33156	12.747368421052627	
9.112500000000162e+25	45.0	4.02	58.58	30.3	1.883087885202314	380	40	45	5	87	45	45	3	29	15	1685	0	0.04687309265136719	38100	20.545470476150513	33231	12.779527559055111	
6.552808988764157e+25	45.0	3.98	57.42	29.7	1.8823305224926077	381	40	45	5	87	45	45	3	29	15	1697	0	0.04687047004699707	38200	20.59234094619751	33313	12.79319371727749	
4.754347826087038e+25	45.0	4.0	58.0	30.0	1.8823305224926077	382	40	45	5	87	45	45	3	29	15	1706	0	0.04687237739562988	38300	20.63921332359314	33396	12.804177545691914	
3.3517241379310917e+25	45.0	3.99	57.71	29.85	1.8823305224926077	383	40	45	5	87	45	45	3	29	15	1720	0	0.031247854232788086	38400	20.670461177825928	33475	12.825520833333343	
6.781395348837325e+25	45.0	4.02	58.58	30.3	1.8823305224926077	384	40	45	5	87	45	45	3	29	15	1735	0	0.04687190055847168	38500	20.7173330783844	33554	12.846753246753252	
9.42609438216865e+28	45.0	3.96	56.84	29.4	1.8823305224926077	385	40	45	5	87	45	45	3	29	15	1747	0	0.04687166213989258	38600	20.764204740524292	33638	12.854922279792746	
3.1695652173913584e+25	45.0	3.97	57.13	29.55	1.8823305224926077	386	40	45	5	87	45	45	3	29	15	1756	0	0.04687166213989258	38700	20.811076402664185	33726	12.852713178294579	
4.860000000000083e+25	45.0	4.01	58.29	30.15	1.8823305224926077	387	40	45	5	87	45	45	3	29	15	1767	0	0.04687142372131348	38800	20.857947826385498	33808	12.86597938144331	
9.720000000000167e+25	45.0	4.0	58.0	30.0	1.8823305224926077	388	40	45	5	87	45	45	3	29	15	1778	0	0.04687213897705078	38900	20.90481996536255	33888	12.88431876606684	
9.306382978723563e+25	45.0	3.98	57.42	29.7	1.8823305224926077	389	40	45	5	87	45	45	3	29	15	1785	0	0.031248092651367188	39000	20.936068058013916	33973	12.889743589743588	
5.028578171774354e+25	45.0	3.91	55.39	28.65	1.8823305224926077	390	40	45	5	87	45	45	3	29	15	1799	0	0.06249523162841797	39100	20.998563289642334	34055	12.902813299232747	
1.159772727272747e+26	45.0	3.97	57.13	29.55	1.8823305224926077	391	40	45	5	87	45	45	3	29	15	1812	0	0.04687237739562988	39200	21.045435667037964	34134	12.923469387755105	
8.379310344827729e+25	45.0	4.02	58.58	30.3	1.8823305224926077	392	40	45	5	87	45	45	3	29	15	1826	0	0.06249547004699707	39300	21.10793113708496	34210	12.951653944020364	
1.7800915942618788e+28	45.0	4.01	58.29	30.15	1.8823305224926077	393	40	45	5	87	45	45	3	29	15	1849	0	0.04687190055847168	39400	21.154803037643433	34280	12.99492385786803	
6.781395348846706e+25	45.0	4.02	58.58	30.3	1.8823261477031765	394	40	45	5	87	45	45	3	29	15	1864	0	0.04687166213989258	39500	21.201674699783325	34360	13.012658227848107	
6.781395348837325e+25	45.0	4.01	58.29	30.15	1.8823261433690226	395	40	45	5	87	45	45	3	29	15	1879	0	0.031247615814208984	39600	21.232922315597534	34432	13.050505050505052	
6.942857142857261e+25	45.0	3.98	57.42	29.7	1.8823261433690226	396	40	45	5	87	45	45	3	29	15	1896	0	0.04687213897705078	39700	21.279794454574585	34507	13.080604534005033	
11421.923608369612	45.0	3.96	56.84	29.4	1.8823261433690226	397	40	45	5	87	45	45	3	29	15	1912	0	0.06249570846557617	39800	21.34229016304016	34590	13.090452261306524	
1.0857446808510823e+26	45.0	4.03	58.87	30.45	1.8823261433690226	398	40	45	5	87	45	45	3	29	15	1919	0	0.04687094688415527	39900	21.389161109924316	34679	13.08521303258145	
6.140579538592497e+25	45.0	3.99	57.71	29.85	1.8823261433690226	399	40	45	5	87	45	45	3	29	15	1925	0	0.04687237739562988	40000	21.436033487319946	34766	13.085000000000008	
3.3517241379310917e+25	45.0	3.97	57.13	29.55	1.8823261433690226	400	40	45	5	87	45	45	3	29	15	1939	0	0.06249594688415527	40100	21.4985294342041	34847	13.099750623441395	
6.783198328006739e+25	45.0	3.98	57.42	29.7	1.8823261433690226	401	40	45	5	87	45	45	3	29	15	1954	0	0.046872615814208984	40200	21.54540205001831	34924	13.124378109452735	
6.781395348837325e+25	45.0	3.99	57.71	29.85	1.8823261433690226	402	40	45	5	87	45	45	3	29	15	1969	0	0.03124713897705078	40300	21.57664918899536	35006	13.136476426799007	
3.204395604395659e+25	45.0	3.99	57.71	29.85	1.8823261433690226	403	40	45	5	87	45	45	3	29	15	1979	0	0.06249594688415527	40400	21.639145135879517	35090	13.143564356435647	
1.620000000000028e+25	45.0	3.91	55.39	28.65	1.8823261433690226	404	40	45	5	87	45	45	3	29	15	1990	0	0.04687213897705078	40500	21.686017274856567	35173	13.153086419753095	
6.408791208791318e+25	45.0	3.96	56.84	29.4	1.8823261433690226	405	40	45	5	87	45	45	3	29	15	2000	0	0.06249523162841797	40600	21.748512506484985	35254	13.167487684729068	
4.806593407986596e+25	45.0	3.96	56.84	29.4	1.8823261433337557	406	40	45	5	87	45	45	3	29	15	2010	0	0.04687213897705078	40700	21.795384645462036	35339	13.17199017199016	
4.9704545454546304e+25	45.0	3.97	57.13	29.55	1.8823261433337557	407	40	45	5	87	45	45	3	29	15	2023	0	0.04687190055847168	40800	21.842256546020508	35419	13.188725490196077	
1.3105617977528314e+26	45.0	4.05	59.45	30.75	1.8823261433337557	408	40	45	5	87	45	45	3	29	15	2035	0	0.04687166213989258	40900	21.8891282081604	35500	13.202933985330077	
154029400.6153077	45.0	3.98	57.42	29.7	1.8823261433337557	409	40	45	5	87	45	45	3	29	15	2043	0	0.04687333106994629	41000	21.936001539230347	35584	13.20975609756097	
4.754347826087038e+25	45.0	3.96	56.84	29.4	1.8823261433337557	410	40	45	5	87	45	45	3	29	15	2052	0	0.06249737739562988	41100	21.998498916625977	35665	13.223844282238446	
4.703225806451693e+25	45.0	4.01	58.29	30.15	1.8821828426978768	411	40	45	5	87	45	45	3	29	15	2060	0	0.04687190055847168	41200	22.04537081718445	35749	13.230582524271853	
3.102127659574521e+25	45.0	3.97	57.13	29.55	1.8821828426978768	412	40	45	5	87	45	45	3	29	15	2067	0	0.046871185302734375	41300	22.092242002487183	35837	13.227602905569	
8.010989010989147e+25	45.0	3.97	57.13	29.55	1.8821828426978768	413	40	45	5	87	45	45	3	29	15	2077	0	0.06249427795410156	41400	22.154736280441284	35920	13.236714975845416	
1.1467415730337275e+26	45.0	3.99	57.71	29.85	1.8821828426978768	414	40	45	5	87	45	45	3	29	15	2089	0	0.04687166213989258	41500	22.201607942581177	35999	13.255421686746999	
7.673684210526447e+25	45.0	4.01	58.29	30.15	1.8821828426978768	415	40	45	5	87	45	45	3	29	15	2095	0	0.04687166213989258	41600	22.24847960472107	36085	13.257211538461533	
4.0673496865248015e+27	45.0	4.01	58.29	30.15	1.8821828426978768	416	40	45	5	87	45	45	3	29	15	2103	0	0.04687213897705078	41700	22.29535174369812	36171	13.258992805755398	
1.0743157894737026e+26	45.0	3.99	57.71	29.85	1.8821828426674745	417	40	45	5	87	45	45	3	29	15	2109	0	0.062494754791259766	41800	22.35784649848938	36260	13.253588516746404	
1.2277894736842315e+26	45.0	4.06	59.74	30.9	1.8821828426674745	418	40	45	5	87	45	45	3	29	15	2115	0	0.06249737739562988	41900	22.42034387588501	36348	13.250596658711217	
5.951020408163367e+25	45.0	3.98	57.42	29.7	1.8821828426674745	419	40	45	5	87	45	45	3	29	15	2118	0	0.06249403953552246	42000	22.482837915420532	36440	13.23809523809524	
3.0694736842105787e+25	45.0	3.91	55.39	28.65	1.8821828426674745	420	40	45	5	87	45	45	3	29	15	2124	0	0.04687213897705078	42100	22.529710054397583	36526	13.239904988123513	
4.653191489361781e+25	45.0	4.01	58.29	30.15	1.8821828426674745	421	40	45	5	87	45	45	3	29	15	2131	0	0.062496185302734375	42200	22.592206239700317	36610	13.246445497630333	
5.832000000000099e+25	45.0	3.95	56.55	29.25	1.8821828426674745	422	40	45	5	87	45	45	3	29	15	2132	0	0.04687190055847168	42300	22.63907814025879	36703	13.231678486997637	
1.3668750000000233e+26	45.0	4.04	59.16	30.6	1.8821828426674745	423	40	45	5	87	45	45	3	29	15	2137	0	0.06249570846557617	42400	22.701573848724365	36788	13.235849056603783	
3.037500000000052e+25	45.0	3.99	57.71	29.85	1.8821828426674745	424	40	45	5	87	45	45	3	29	15	2142	0	0.04687190055847168	42500	22.748445749282837	36875	13.235294117647058	
7.6736842105273e+25	45.0	4.0	58.0	30.0	1.8821828426674745	425	40	45	5	87	45	45	3	29	15	2148	0	0.031247854232788086	42600	22.779693603515625	36958	13.24413145539907	
1.9003086101902523e+37	45.0	4.06	59.74	30.9	1.8821828426674745	426	40	45	5	87	45	45	4	58	30	2155	0	0.062494754791259766	42700	22.842188358306885	37046	13.241217798594846	
1.4880088917525665e+26	45.0	4.01	58.29	30.15	1.8821828426674745	427	40	45	5	87	45	45	3	29	15	2166	0	0.06249594688415527	42800	22.90468430519104	37130	13.247663551401871	
1.9586535630347253e+28	45.0	4.01	58.29	30.15	1.8821828426674745	428	40	45	5	87	45	45	3	29	15	2177	0	0.062496185302734375	42900	22.967180490493774	37212	13.258741258741253	
1.5677419354838978e+26	45.0	4.09	60.61	31.35	1.8821828426674745	429	40	45	5	87	45	45	3	29	15	2185	0	0.046871185302734375	43000	23.01405167579651	37297	13.262790697674419	
7.755319148936302e+25	45.0	4.04	59.16	30.6	1.8821828426674745	430	40	45	5	87	45	45	3	29	15	2192	0	0.04687166213989258	43100	23.0609233379364	37386	13.257540603248259	
1.3756601591729483e+28	45.0	4.0	58.0	30.0	1.8820870182144311	431	40	45	5	87	45	45	3	29	15	2200	0	0.06249499320983887	43200	23.12341833114624	37473	13.256944444444443	
1.0521649484536263e+26	45.0	4.06	59.74	30.9	1.8820870182144311	432	40	45	5	87	45	45	3	29	15	2204	0	0.04687237739562988	43300	23.17029070854187	37563	13.249422632794463	
4.509278350518542e+25	45.0	4.02	58.58	30.3	1.8820870182144311	433	40	45	5	87	45	45	3	29	15	2208	0	0.06249570846557617	43400	23.232786417007446	37651	13.24654377880185	
4.653191489361781e+25	45.0	3.98	57.42	29.7	1.8820869814075338	434	40	45	5	87	45	45	3	29	15	2215	0	0.046872854232788086	43500	23.279659271240234	37737	13.248275862068965	
3.2400000000000554e+25	45.0	3.96	56.84	29.4	1.8820869814075338	435	40	45	5	87	45	45	3	29	15	2226	0	0.04687023162841797	43600	23.326529502868652	37818	13.261467889908246	
6.270967741935591e+25	45.0	4.04	59.16	30.6	1.8820869814075338	436	40	45	5	87	45	45	3	29	15	2234	0	0.06249570846557617	43700	23.38902521133423	37897	13.279176201373005	
2.7124432613338754e+26	45.0	4.02	58.58	30.3	1.8820869814075338	437	40	45	5	87	45	45	3	29	15	2245	0	0.062496185302734375	43800	23.451521396636963	37977	13.294520547945211	
1.232375492654075e+30	45.0	3.99	57.71	29.85	1.8820473636957233	438	40	45	5	87	45	45	3	29	15	2259	0	0.04687213897705078	43900	23.498393535614014	38059	13.305239179954441	
1.6200000000000292e+25	45.0	3.95	56.55	29.25	1.8820473636957233	439	40	45	5	87	45	45	3	29	15	2270	0	0.04687094688415527	44000	23.54526448249817	38142	13.313636363636363	
3.2764044943820784e+25	45.0	3.94	56.26	29.1	1.8820473636957233	440	40	45	5	87	45	45	3	29	15	2282	0	0.04687237739562988	44100	23.5921368598938	38220	13.333333333333329	
9.899688817721641e+26	45.0	4.04	59.16	30.6	1.8820473636957233	441	40	45	5	87	45	45	3	29	15	2291	0	0.04687380790710449	44200	23.639010667800903	38302	13.343891402714931	
9.940909090909261e+25	45.0	4.03	58.87	30.45	1.8820473636957233	442	40	45	5	87	45	45	3	29	15	2304	0	0.04686927795410156	44300	23.685879945755005	38380	13.363431151241528	
2.221482595606724e+26	45.0	4.0	58.0	30.0	1.8820473636957233	443	40	45	5	87	45	45	3	29	15	2307	0	0.04687213897705078	44400	23.732752084732056	38466	13.36486486486487	
6.552808988764157e+25	45.0	4.01	58.29	30.15	1.8820473636957233	444	40	45	5	87	45	45	3	29	15	2319	0	0.06249594688415527	44500	23.79524803161621	38549	13.373033707865162	
4.55625000000827e+25	45.0	4.0	58.0	30.0	1.8660233402914128	445	40	45	5	87	45	45	3	29	15	2324	0	0.04687166213989258	44600	23.842119693756104	38633	13.378923766816143	
6.138947368421157e+25	45.0	4.0	58.0	30.0	1.8660233402914128	446	40	45	5	87	45	45	3	29	15	2330	0	0.046871185302734375	44700	23.888990879058838	38721	13.375838926174495	
4.9704545454546304e+25	45.0	3.99	57.71	29.85	1.856245783607676	447	40	45	5	87	45	45	3	29	15	2343	0	0.04687309265136719	44800	23.935863971710205	38800	13.392857142857139	
6.339130434782717e+25	45.0	3.97	57.13	29.55	1.133305209036522	448	40	45	5	87	45	45	3	29	15	2352	0	0.04687166213989258	44900	23.982735633850098	38882	13.403118040089083	
6.554604070134116e+25	45.0	3.98	57.42	29.7	1.133305209036522	449	40	45	5	87	45	45	3	29	15	2364	0	0.04687142372131348	45000	24.02960705757141	38959	13.424444444444447	
1.6758620689655459e+25	45.0	3.98	57.42	29.7	1.0694979062696583	450	40	45	5	87	45	45	3	29	15	2378	0	0.062496185302734375	45100	24.092103242874146	39034	13.450110864745014	
372.50297467223083	45.0	3.98	57.42	29.7	1.0694857292294497	451	40	45	4	58	30	45	3	29	15	2393	0	0.06249499320983887	45200	24.154598236083984	39112	13.469026548672574	
8.28409090909105e+25	45.0	3.99	57.71	29.85	0.8532373325850554	452	40	45	5	87	45	45	3	29	15	2406	0	0.04687333106994629	45300	24.20147156715393	39191	13.48565121412804	
5.086046511627994e+25	45.0	3.88	54.52	28.2	0.5889762279439437	453	40	45	5	87	45	45	3	29	15	2421	0	0.04687070846557617	45400	24.248342275619507	39265	13.513215859030836	
3.1354838709677954e+25	45.0	3.83	53.07	27.45	0.4823766311309014	454	40	45	5	87	45	45	3	29	15	2429	0	0.06249523162841797	45500	24.310837507247925	39344	13.529670329670324	
1.5347368421052893e+25	45.0	3.79	51.91	26.85	0.4823766311309014	455	40	45	5	87	45	45	3	29	15	2435	0	0.031249284744262695	45600	24.342086791992188	39427	13.537280701754383	
3.1021276595751253e+25	45.0	3.78	51.62	26.7	0.3256577100589106	456	40	45	5	87	45	45	3	29	15	2442	0	0.04687070846557617	45700	24.388957500457764	39506	13.553610503282272	
4.463265306122525e+25	45.0	3.72	49.88	25.8	0.3256577100589106	457	40	45	5	87	45	45	3	29	15	2445	0	0.046872615814208984	45800	24.435830116271973	39591	13.556768558951973	
4.703225806451693e+25	45.0	3.6	46.4	24.0	0.049118283230354394	458	40	45	5	87	45	45	3	29	15	2453	0	0.04687142372131348	45900	24.482701539993286	39672	13.5686274509804	
3.2400000000000554e+25	45.0	3.68	48.72	25.2	0.049118283230354394	459	40	45	5	87	45	45	3	29	15	2464	0	0.046871185302734375	46000	24.52957272529602	39746	13.595652173913038	
4.914606741573117e+25	45.0	3.77	51.33	26.55	0.04789262995198896	460	40	45	5	87	45	45	3	29	15	2476	0	0.04687142372131348	46100	24.576444149017334	39815	13.633405639913235	
8.100000000032747e+25	45.0	3.79	51.91	26.85	0.04789262995198896	461	40	45	5	87	45	45	3	29	15	2487	0	0.04687166213989258	46200	24.623315811157227	39892	13.653679653679646	
3.1354838709677954e+25	45.0	3.9	55.1	28.5	0.04789262995198896	462	40	45	5	87	45	45	3	29	15	2495	0	0.06249690055847168	46300	24.6858127117157	39969	13.673866090712735	
1.5847826086956792e+25	45.0	3.91	55.39	28.65	0.04789262995198896	463	40	45	5	87	45	45	3	29	15	2504	0	0.04687166213989258	46400	24.73268437385559	40047	13.691810344827587	
1.5847826086956792e+25	45.0	3.96	56.84	29.4	0.04789262995198896	464	40	45	5	87	45	45	3	29	15	2513	0	0.06249499320983887	46500	24.79517936706543	40131	13.696774193548393	
1.5677434724760933e+25	45.0	3.94	56.26	29.1	0.04789262995198896	465	40	45	5	87	45	45	3	29	15	2521	0	0.03124833106994629	46600	24.826427698135376	40212	13.708154506437765	
1.975862073522577e+26	45.0	4.0	58.0	30.0	0.04722225097251797	466	40	45	5	87	45	45	3	29	15	2535	0	0.06249594688415527	46700	24.88892364501953	40294	13.717344753747312	
3845181.2996233166	45.0	3.95	56.55	29.25	0.04722225097251797	467	40	45	4	58	30	45	3	29	15	2545	0	0.04687166213989258	46800	24.935795307159424	40377	13.724358974358978	
3.31363636363656e+25	45.0	4.02	58.58	30.3	0.04722225097251797	468	40	45	5	87	45	45	3	29	15	2558	0	0.031247615814208984	46900	24.967042922973633	40454	13.744136460554373	
276219556.8447665	45.0	3.96	56.84	29.4	0.04722225097251797	469	40	45	5	87	45	45	3	29	15	2569	0	0.0625	47000	25.029542922973633	40532	13.761702127659575	
3.2400007234842633e+25	45.0	3.93	55.97	28.95	0.04722225097251797	470	40	45	5	87	45	45	3	29	15	2580	0	0.031244277954101562	47100	25.060787200927734	40615	13.768577494692153	
4.4932052223570375e+27	45.0	4.0	58.0	30.0	0.04722225097251797	471	40	45	5	87	45	45	3	29	15	2596	0	0.06249427795410156	47200	25.123281478881836	40688	13.79661016949153	
6.408791208791318e+25	45.0	4.02	58.58	30.3	0.04722225097251797	472	40	45	5	87	45	45	3	29	15	2606	0	0.04687166213989258	47300	25.17015314102173	40769	13.807610993657505	
28495424.38077942	45.0	4.0	58.0	30.0	0.04722225097251797	473	40	45	5	87	45	45	3	29	15	2619	0	0.04687213897705078	47400	25.21702527999878	40849	13.820675105485236	
399.542385881549	45.0	4.0	58.0	30.0	0.04722225097251797	474	40	45	5	87	45	45	3	29	15	2629	0	0.04687190055847168	47500	25.26389718055725	40933	13.825263157894739	
3.2058235795284885e+25	45.0	3.96	56.84	29.4	0.04722225097251797	475	40	45	5	87	45	45	3	29	15	2639	0	0.04687094688415527	47600	25.310768127441406	41020	13.823529411764696	
2.965471587430509e+27	45.0	4.02	58.58	30.3	0.04722225097251797	476	40	45	5	87	45	45	3	29	15	2647	0	0.04687309265136719	47700	25.357641220092773	41104	13.828092243186589	
1.1597727273467653e+26	45.0	4.01	58.29	30.15	0.04722225097251797	477	40	45	5	87	45	45	3	29	15	2660	0	0.062494516372680664	47800	25.420135736465454	41185	13.838912133891213	
4.703225806451785e+25	45.0	3.97	57.13	29.55	0.04722225097251797	478	40	45	5	87	45	45	3	29	15	2668	0	0.04687166213989258	47900	25.467007398605347	41268	13.845511482254707	
9.892579960185259e+16	45.0	3.93	55.97	28.95	0.04722225097251797	479	40	45	4	58	30	45	3	29	15	2676	0	0.046872615814208984	48000	25.513880014419556	41350	13.854166666666671	
1.2761797852921387e+26	45.0	3.99	57.71	29.85	0.04722225097251797	480	40	45	5	87	45	45	3	29	15	2688	0	0.04687142372131348	48100	25.56075143814087	41434	13.858627858627855	
4.9704545454546304e+25	45.0	3.99	57.71	29.85	0.04722225097251797	481	40	45	5	87	45	45	3	29	15	2701	0	0.06249570846557617	48200	25.623247146606445	41513	13.873443983402495	
3.1354838709678065e+25	45.0	3.98	57.42	29.7	0.04722225097251797	482	40	45	5	87	45	45	3	29	15	2709	0	0.031248092651367188	48300	25.654495239257812	41602	13.867494824016575	
4.860000048431727e+25	45.0	3.93	55.97	28.95	0.04722225097251797	483	40	45	5	87	45	45	3	29	15	2720	0	0.04687213897705078	48400	25.701367378234863	41682	13.880165289256198	
4.556250028803759e+25	45.0	3.98	57.42	29.7	0.04722225097251797	484	40	45	5	87	45	45	3	29	15	2725	0	0.06249523162841797	48500	25.76386260986328	41764	13.888659793814426	
7.080000001588363e+25	45.0	3.99	57.71	29.85	0.04722225097251797	485	40	45	5	87	45	45	3	29	15	2736	0	0.04687166213989258	48600	25.810734272003174	41844	13.901234567901227	
1.2817249190739319e+26	45.0	4.05	59.45	30.75	0.04722225097251797	486	40	45	5	87	45	45	3	29	15	2748	0	0.06249570846557617	48700	25.87322998046875	41930	13.901437371663235	
3.3906976910928587e+25	45.0	4.01	58.29	30.15	0.04722225097251797	487	40	45	5	87	45	45	3	29	15	2763	0	0.06249547004699707	48800	25.935725450515747	42008	13.918032786885249	
6.62737155872235e+25	45.0	4.04	59.16	30.6	0.047146604219745245	488	40	45	5	87	45	45	3	29	15	2776	0	0.046872615814208984	48900	25.982598066329956	42088	13.930470347648267	
3.3136364828131413e+25	45.0	4.0	58.0	30.0	0.047146604219745245	489	40	45	5	87	45	45	3	29	15	2789	0	0.06249880790710449	49000	26.04509687423706	42161	13.957142857142856	
1.2856823595511436e+27	45.0	3.96	56.84	29.4	0.04686321794128105	490	40	45	5	87	45	45	3	29	15	2801	0	0.04687070846557617	49100	26.091967582702637	42242	13.967413441955188	
2.3057010521843533e+17	45.0	3.86	53.94	27.9	0.04686321794128105	491	40	45	5	87	45	45	3	29	15	2813	0	0.046869754791259766	49200	26.138837337493896	42317	13.989837398373979	
1.6382022471910392e+25	45.0	3.91	55.39	28.65	0.04686321794128105	492	40	45	5	87	45	45	3	29	15	2825	0	0.04687213897705078	49300	26.185709476470947	42398	14.0	
3.102127659574521e+25	45.0	3.89	54.81	28.35	0.04686321794128105	493	40	45	5	87	45	45	3	29	15	2832	0	0.04687190055847168	49400	26.23258137702942	42486	13.99595141700405	
9.940909090909261e+25	45.0	3.95	56.55	29.25	0.04686321794128105	494	40	45	5	87	45	45	3	29	15	2845	0	0.046871185302734375	49500	26.279452562332153	42559	14.022222222222226	
1.1093478260869755e+26	45.0	3.94	56.26	29.1	0.04686321794128105	495	40	45	5	87	45	45	3	29	15	2854	0	0.04687309265136719	49600	26.32632565498352	42645	14.022177419354847	
3.471428571428109e+25	45.0	3.97	57.13	29.55	0.04686321794128105	496	40	45	5	87	45	45	3	29	15	2871	0	0.031248092651367188	49700	26.357573747634888	42720	14.044265593561363	
3.204395604395659e+25	45.0	3.93	55.97	28.95	0.04686321794128105	497	40	45	5	87	45	45	3	29	15	2881	0	0.062496185302734375	49800	26.420069932937622	42804	14.04819277108433	
3.204395604395659e+25	45.0	3.92	55.68	28.8	0.04686321794128105	498	40	45	5	87	45	45	3	29	15	2891	0	0.04687023162841797	49900	26.46694016456604	42885	14.05811623246494	
1.5847826086956792e+25	45.0	3.99	57.71	29.85	0.04686321794128105	499	40	45	5	87	45	45	3	29	15	2900	0	0.04687237739562988	50000	26.51381254196167	42970	14.059999999999988	
3.1021794029025265e+25	45.0	3.94	56.26	29.1	0.04686321794128105	500	40	45	5	87	45	45	3	29	15	2907	0	0.046875	50100	26.56068754196167	43057	14.057884231536917	
1.5677419354838977e+25	45.0	3.92	55.68	28.8	0.04686321794128105	501	40	45	5	87	45	45	3	29	15	2915	0	0.06249499320983887	50200	26.62318253517151	43141	14.0617529880478	
6.204255319149042e+25	45.0	3.98	57.42	29.7	0.04672950117288425	502	40	45	5	87	45	45	3	29	15	2922	0	0.046871185302734375	50300	26.670053720474243	43225	14.065606361829026	
6.942857142857261e+25	45.0	4.02	58.58	30.3	0.04672950117288425	503	40	45	5	87	45	45	3	29	15	2939	0	0.04687237739562988	50400	26.716926097869873	43299	14.089285714285722	
8.379310344827738e+25	45.0	4.01	58.29	30.15	0.04672950117288425	504	40	45	5	87	45	45	3	29	15	2953	0	0.04687023162841797	50500	26.76379632949829	43379	14.100990099009906	
1.6382022472438488e+25	45.0	3.96	56.84	29.4	0.04672950117288425	505	40	45	5	87	45	45	3	29	15	2965	0	0.06249594688415527	50600	26.826292276382446	43450	14.130434782608688	
4.703225806451693e+25	45.0	3.95	56.55	29.25	0.04672950117288425	506	40	45	5	87	45	45	3	29	15	2973	0	0.04687070846557617	50700	26.873162984848022	43535	14.132149901380672	
6.270967741935591e+25	45.0	3.99	57.71	29.85	0.04672950117288425	507	40	45	5	87	45	45	3	29	15	2981	0	0.031247377395629883	50800	26.904410362243652	43621	14.131889763779526	
9.112500000002136e+25	45.0	4.0	58.0	30.0	0.04672950117288425	508	40	45	5	87	45	45	3	29	15	2986	0	0.09374356269836426	50900	26.998153924942017	43706	14.1335952848723	
2.1291213597802762e+32	45.0	4.02	58.58	30.3	0.04672950117288425	509	40	45	5	87	45	45	3	29	15	2996	0	0.04687190055847168	51000	27.04502582550049	43786	14.145098039215682	
6.480000000000111e+25	45.0	4.01	58.29	30.15	0.04672950117288425	510	40	45	5	87	45	45	3	29	15	3007	0	0.04687142372131348	51100	27.0918972492218	43864	14.160469667318992	
1.983296714640676e+26	45.0	3.93	55.97	28.95	0.046725217155684624	511	40	45	5	87	45	45	3	29	15	3017	0	0.04687237739562988	51200	27.13876962661743	43949	14.162109375	
8.191011235955196e+25	45.0	3.82	52.78	27.3	0.046725217155684624	512	40	45	5	87	45	45	3	29	15	3029	0	0.06249523162841797	51300	27.20126485824585	44025	14.181286549707607	
4.976170554568014e+25	45.0	3.88	54.52	28.2	0.046725217155684624	513	40	45	5	87	45	45	3	29	15	3042	0	0.04687166213989258	51400	27.248136520385742	44103	14.196498054474702	
1.6021978021978296e+25	45.0	3.89	54.81	28.35	0.046725217155684624	514	40	45	5	87	45	45	3	29	15	3052	0	0.046872854232788086	51500	27.29500937461853	44182	14.209708737864077	
6.270967741935591e+25	45.0	3.98	57.42	29.7	0.046725217155684624	515	40	45	5	87	45	45	3	29	15	3060	0	0.06249809265136719	51600	27.357507467269897	44268	14.20930232558139	
3.2764044943820784e+25	45.0	4.0	58.0	30.0	0.046725217155684624	516	40	45	5	87	45	45	3	29	15	3072	0	0.03124523162841797	51700	27.388752698898315	44348	14.220502901353953	
1.1340053618517527e+26	45.0	4.07	60.03	31.05	0.046725217155684624	517	40	45	5	87	45	45	3	29	15	3083	0	0.04687190055847168	51800	27.435624599456787	44435	14.218146718146713	
3.1354838709677954e+25	45.0	3.98	57.42	29.7	0.046725217155684624	518	40	45	5	87	45	45	3	29	15	3091	0	0.04687142372131348	51900	27.4824960231781	44523	14.213872832369944	
3.31363636363642e+25	45.0	3.97	57.13	29.55	0.046725217155684624	519	40	45	5	87	45	45	3	29	15	3104	0	0.06249570846557617	52000	27.544991731643677	44600	14.23076923076924	
8.191011236032825e+25	45.0	4.03	58.87	30.45	0.046725217155684624	520	40	45	5	87	45	45	3	29	15	3116	0	0.046872615814208984	52100	27.591864347457886	44685	14.232245681381954	
6.861176497342092e+25	45.0	3.97	57.13	29.55	0.046725217155684624	521	40	45	5	87	45	45	3	29	15	3132	0	0.031247615814208984	52200	27.623111963272095	44763	14.247126436781613	
8.284091251656946e+25	45.0	3.96	56.84	29.4	0.046725217155684624	522	40	45	5	87	45	45	3	29	15	3145	0	0.04687023162841797	52300	27.669982194900513	44842	14.26003824091778	
3.3517241379310917e+25	45.0	3.97	57.13	29.55	0.046725217155684624	523	40	45	5	87	45	45	3	29	15	3159	0	0.062496185302734375	52400	27.732478380203247	44918	14.278625954198475	
3.2764044943820784e+25	45.0	4.02	58.58	30.3	0.046725217155684624	524	40	45	5	87	45	45	3	29	15	3171	0	0.031247854232788086	52500	27.763726234436035	45001	14.283809523809524	
3.3517241379310917e+25	45.0	3.97	57.13	29.55	0.045985742485409285	525	40	45	5	87	45	45	3	29	15	3185	0	0.06249523162841797	52600	27.826221466064453	45075	14.306083650190118	
6.627272727273965e+25	45.0	3.94	56.26	29.1	0.045202567887880976	526	40	45	5	87	45	45	3	29	15	3198	0	0.046874046325683594	52700	27.873095512390137	45148	14.330170777988613	
1.6568220538185639e+25	45.0	3.95	56.55	29.25	0.045185410526378124	527	40	45	5	87	45	45	3	29	15	3211	0	0.046871185302734375	52800	27.91996669769287	45222	14.352272727272734	
5.836964649443499e+28	45.0	3.96	56.84	29.4	0.04510465537401667	528	40	45	5	87	45	45	3	29	15	3219	0	0.04687142372131348	52900	27.966838121414185	45303	14.361058601134218	
2.0704956322322884e+26	45.0	4.01	58.29	30.15	0.04510465537401667	529	40	45	5	87	45	45	3	29	15	3233	0	0.04687047004699707	53000	28.01370859146118	45384	14.369811320754721	
3.0696260210770576e+25	45.0	3.94	56.26	29.1	0.0450928202323101	530	40	45	5	87	45	45	3	29	15	3239	0	0.06249570846557617	53100	28.076204299926758	45464	14.380414312617702	
3.782923871069996e+27	45.0	3.92	55.68	28.8	0.0450928202323101	531	40	45	5	87	45	45	3	29	15	3247	0	0.04687333106994629	53200	28.123077630996704	45544	14.390977443609017	
1.4020791111578686e+27	45.0	4.0	58.0	30.0	0.0450928202323101	532	40	45	5	87	45	45	3	29	15	3258	0	0.04687166213989258	53300	28.169949293136597	45622	14.405253283302073	
4.9704545454546304e+25	45.0	3.97	57.13	29.55	0.0450928202323101	533	40	45	5	87	45	45	3	29	15	3271	0	0.06249427795410156	53400	28.2324435710907	45696	14.426966292134836	
3.1354838709677954e+25	45.0	4.0	58.0	30.0	0.0450928202323101	534	40	45	5	87	45	45	3	29	15	3279	0	0.0468747615814209	53500	28.27931833267212	45777	14.435514018691592	
4.703225806451693e+25	45.0	3.97	57.13	29.55	0.0450928202323101	535	40	45	5	87	45	45	3	29	15	3287	0	0.04687190055847168	53600	28.32619023323059	45863	14.434701492537314	
6.408791208791318e+25	45.0	4.02	58.58	30.3	0.0450928202323101	536	40	45	5	87	45	45	3	29	15	3297	0	0.06249427795410156	53700	28.388684511184692	45943	14.445065176908756	
6.074998731113404e+25	45.0	4.0	58.0	30.0	0.0450928202323101	537	40	45	5	87	45	45	3	29	15	3302	0	0.046871185302734375	53800	28.435555696487427	46028	14.446096654275095	
5.951020408163367e+25	45.0	3.98	57.42	29.7	0.0450928202323101	538	40	45	5	87	45	45	3	29	15	3305	0	0.06249642372131348	53900	28.49805212020874	46115	14.443413729128025	
9.406451612910806e+25	45.0	3.99	57.71	29.85	0.0450928202323101	539	40	45	5	87	45	45	3	29	15	3313	0	0.06249809265136719	54000	28.560550212860107	46198	14.44814814814815	
8.010989011205608e+25	45.0	3.98	57.42	29.7	0.045081361543092564	540	40	45	5	87	45	45	3	29	15	3323	0	0.046868324279785156	54100	28.607418537139893	46277	14.460258780036966	
6.204255293130234e+25	45.0	3.99	57.71	29.85	0.045081361543092564	541	40	45	5	87	45	45	3	29	15	3330	0	0.046872615814208984	54200	28.6542911529541	46359	14.466789667896677	
6.0750173451761505e+25	45.0	3.92	55.68	28.8	0.045081361543092564	542	40	45	5	87	45	45	3	29	15	3335	0	0.04687142372131348	54300	28.701162576675415	46440	14.475138121546962	
4.509278351153221e+25	45.0	3.93	55.97	28.95	0.045081361543092564	543	40	45	5	87	45	45	3	29	15	3339	0	0.06249570846557617	54400	28.76365828514099	46517	14.490808823529406	
7.923913043478396e+25	45.0	4.01	58.29	30.15	0.045081361543092564	544	40	45	5	87	45	45	3	29	15	3348	0	0.046872854232788086	54500	28.81053113937378	46603	14.489908256880739	
3.2043958454018635e+25	45.0	3.95	56.55	29.25	0.045081361543092564	545	40	45	5	87	45	45	3	29	15	3358	0	0.046871185302734375	54600	28.857402324676514	46685	14.496336996337007	
4.556249960073432e+25	45.0	3.92	55.68	28.8	0.045081361543092564	546	40	45	5	87	45	45	3	29	15	3363	0	0.031247615814208984	54700	28.888649940490723	46768	14.50091407678245	
9.406451612903386e+25	45.0	4.01	58.29	30.15	0.045081361543092564	547	40	45	5	87	45	45	3	29	15	3371	0	0.06249523162841797	54800	28.95114517211914	46851	14.50547445255475	
6.3391304347827804e+25	45.0	3.97	57.13	29.55	0.045081361543092564	548	40	45	5	87	45	45	3	29	15	3380	0	0.031247854232788086	54900	28.98239302635193	46929	14.51912568306011	
6.138947368421157e+25	45.0	3.98	57.42	29.7	0.045081361543092564	549	40	45	5	87	45	45	3	29	15	3386	0	0.04687356948852539	55000	29.029266595840454	47012	14.523636363636356	
4.509278350515541e+25	45.0	3.99	57.71	29.85	0.045081361543092564	550	40	45	5	87	45	45	3	29	15	3390	0	0.04687094688415527	55100	29.07613754272461	47102	14.515426497277673	
1.0414285714284846e+26	45.0	4.02	58.58	30.3	0.045081361543092564	551	40	45	5	87	45	45	3	29	15	3393	0	0.04687047004699707	55200	29.123008012771606	47187	14.516304347826093	
1.5677419354838977e+25	45.0	3.95	56.55	29.25	0.045081361543092564	552	40	45	5	87	45	45	3	29	15	3401	0	0.06249833106994629	55300	29.185506343841553	47270	14.520795660036171	
3.00618556701039e+25	45.0	3.94	56.26	29.1	0.045081361543092564	553	40	45	5	87	45	45	3	29	15	3405	0	0.04686999320983887	55400	29.23237633705139	47358	14.516245487364614	
544.0944656260315	45.0	3.91	55.39	28.65	0.045081361543092564	554	40	45	4	58	30	45	3	29	15	3412	0	0.03124856948852539	55500	29.263624906539917	47444	14.51531531531532	
3.0694736842105787e+25	45.0	4.0	58.0	30.0	0.045081361543092564	555	40	45	5	87	45	45	3	29	15	3418	0	0.06249523162841797	55600	29.326120138168335	47530	14.514388489208628	
1.2541935483871181e+26	45.0	4.06	59.74	30.9	0.045081361543092564	556	40	45	5	87	45	45	3	29	15	3426	0	0.031247377395629883	55700	29.357367515563965	47612	14.520646319569124	
6.270967741935591e+25	45.0	3.96	56.84	29.4	0.045081361543092564	557	40	45	5	87	45	45	3	29	15	3434	0	0.04687213897705078	55800	29.404239654541016	47697	14.521505376344095	
1.2541935483871181e+26	45.0	4.03	58.87	30.45	0.045081361543092564	558	40	45	5	87	45	45	3	29	15	3442	0	0.06249880790710449	55900	29.46673846244812	47782	14.522361359570652	
1.5847826086956792e+25	45.0	3.9	55.1	28.5	0.045081361543092564	559	40	45	5	87	45	45	3	29	15	3451	0	0.04687213897705078	56000	29.51361060142517	47864	14.528571428571425	
8.010989010989147e+25	45.0	3.96	56.84	29.4	0.045081361543092564	560	40	45	5	87	45	45	3	29	15	3461	0	0.04686713218688965	56100	29.56047773361206	47945	14.536541889483061	
3.3906976744186626e+25	45.0	3.99	57.71	29.85	0.045081361543092564	561	40	45	5	87	45	45	3	29	15	3476	0	0.04687213897705078	56200	29.60734987258911	48025	14.546263345195726	
6.408791220571537e+25	45.0	4.0	58.0	30.0	0.045081361543092564	562	40	45	5	87	45	45	3	29	15	3486	0	0.04687166213989258	56300	29.654221534729004	48107	14.552397868561286	
2.3744827586209435e+26	45.0	4.0	58.0	30.0	0.045081361543092564	563	40	45	5	87	45	45	3	29	15	3500	0	0.06249594688415527	56400	29.71671748161316	48188	14.560283687943269	
9.508695652174074e+25	45.0	3.97	57.13	29.55	0.045081361543092564	564	40	45	5	87	45	45	3	29	15	3509	0	0.06249523162841797	56500	29.779212713241577	48269	14.568141592920355	
6.707494252873678e+25	45.0	4.04	59.16	30.6	0.045081361543092564	565	40	45	5	87	45	45	3	29	15	3523	0	0.04687190055847168	56600	29.82608461380005	48348	14.579505300353361	
9.306382978723563e+25	45.0	4.03	58.87	30.45	0.045081361543092564	566	40	45	5	87	45	45	3	29	15	3530	0	0.04687213897705078	56700	29.8729567527771	48433	14.58024691358024	
4.754347826087038e+25	45.0	3.97	57.13	29.55	0.045081361543092564	567	40	45	5	87	45	45	3	29	15	3539	0	0.04687142372131348	56800	29.919828176498413	48517	14.582746478873247	
8.476744186046655e+25	45.0	3.96	56.84	29.4	0.045081361543092564	568	40	45	5	87	45	45	3	29	15	3554	0	0.04687309265136719	56900	29.96670126914978	48591	14.602811950790866	
3.171279413003969e+25	45.0	3.96	56.84	29.4	0.045081361543092564	569	40	45	5	87	45	45	3	29	15	3563	0	0.04687047004699707	57000	30.013571739196777	48674	14.60701754385964	
7.593750000000129e+25	45.0	3.94	56.26	29.1	0.045081361543092564	570	40	45	5	87	45	45	3	29	15	3568	0	0.04687166213989258	57100	30.06044340133667	48758	14.60945709281961	
6.408791208791318e+25	45.0	3.93	55.97	28.95	0.045081361543092564	571	40	45	5	87	45	45	3	29	15	3578	0	0.04687190055847168	57200	30.10731530189514	48840	14.615384615384613	
9.508695652174075e+25	45.0	3.99	57.71	29.85	0.045081361543092564	572	40	45	5	87	45	45	3	29	15	3587	0	0.04687309265136719	57300	30.15418839454651	48920	14.624781849912736	
7.923913043478396e+25	45.0	3.99	57.71	29.85	0.045081361543092564	573	40	45	5	87	45	45	3	29	15	3596	0	0.04687047004699707	57400	30.201058864593506	49004	14.62717770034844	
1.5677419354838977e+25	45.0	3.95	56.55	29.25	0.045081361543092564	574	40	45	5	87	45	45	3	29	15	3604	0	0.046872854232788086	57500	30.247931718826294	49086	14.63304347826086	
6.270967741935591e+25	45.0	3.95	56.55	29.25	0.045081361543092564	575	40	45	5	87	45	45	3	29	15	3612	0	0.06249547004699707	57600	30.31042718887329	49171	14.633680555555557	
4.604210526317676e+25	45.0	3.95	56.55	29.25	0.045081361543092564	576	40	45	5	87	45	45	3	29	15	3618	0	0.04687190055847168	57700	30.357299089431763	49254	14.63778162911612	
1.458003304806742e+26	45.0	3.96	56.84	29.4	0.045081361543092564	577	40	45	5	87	45	45	3	29	15	3631	0	0.04687213897705078	57800	30.404171228408813	49336	14.643598615916957	
3.0694736842105787e+25	45.0	3.97	57.13	29.55	0.045081361543092564	578	40	45	5	87	45	45	3	29	15	3637	0	0.04687190055847168	57900	30.451043128967285	49419	14.647668393782382	
1.5187500000010467e+25	45.0	3.91	55.39	28.65	0.045081361543092564	579	40	45	5	87	45	45	3	29	15	3642	0	0.04687047004699707	58000	30.497913599014282	49506	14.644827586206901	
1.6758620689655551e+25	45.0	3.97	57.13	29.55	0.045081361543092564	580	40	45	5	87	45	45	3	29	15	3656	0	0.06249642372131348	58100	30.560410022735596	49587	14.65232358003442	
4.8065934065934884e+25	45.0	3.99	57.71	29.85	0.045081361543092564	581	40	45	5	87	45	45	3	29	15	3666	0	0.062496185302734375	58200	30.62290620803833	49672	14.652920962199318	
4.653191489363722e+25	45.0	4.0	58.0	30.0	0.045081361543092564	582	40	45	5	87	45	45	3	29	15	3673	0	0.031246662139892578	58300	30.654152870178223	49752	14.662092624356774	
4.703225806451693e+25	45.0	3.96	56.84	29.4	0.045081361543092564	583	40	45	5	87	45	45	3	29	15	3681	0	0.06249737739562988	58400	30.716650247573853	49837	14.662671232876718	
9.018556701031082e+25	45.0	3.99	57.71	29.85	0.045081361543092564	584	40	45	5	87	45	45	3	29	15	3685	0	0.0468745231628418	58500	30.763524770736694	49923	14.661538461538456	
3.025736170212921e+26	45.0	4.02	58.58	30.3	0.045081361543092564	585	40	45	5	87	45	45	3	29	15	3692	0	0.04687070846557617	58600	30.81039547920227	50007	14.663822525597269	
6.0749934583930135e+25	45.0	3.99	57.71	29.85	0.045081361543092564	586	40	45	5	87	45	45	3	29	15	3697	0	0.046871185302734375	58700	30.857266664505005	50093	14.662691652470187	
4.754347826087038e+25	45.0	4.0	58.0	30.0	0.045081361543092564	587	40	45	5	87	45	45	3	29	15	3706	0	0.04687237739562988	58800	30.904139041900635	50170	14.676870748299322	
9.328040425042533e+26	45.0	4.06	59.74	30.9	0.045081361543092564	588	40	45	5	87	45	45	3	29	15	3713	0	0.06249499320983887	58900	30.966634035110474	50256	14.67572156196944	
4.703225806451693e+25	45.0	4.01	58.29	30.15	0.045081361543092564	589	40	45	5	87	45	45	3	29	15	3721	0	0.04687047004699707	59000	31.01350450515747	50338	14.681355932203388	
6.480000000000111e+25	45.0	4.02	58.58	30.3	0.045081361543092564	590	40	45	5	87	45	45	3	29	15	3732	0	0.04687023162841797	59100	31.06037473678589	50420	14.68697123519459	
3.2400000000000554e+25	45.0	3.97	57.13	29.55	0.045081361543092564	591	40	45	5	87	45	45	3	29	15	3743	0	0.04687356948852539	59200	31.107248306274414	50496	14.702702702702709	
3.102127659574521e+25	45.0	3.96	56.84	29.4	0.045081361543092564	592	40	45	5	87	45	45	3	29	15	3750	0	0.04687166213989258	59300	31.154119968414307	50579	14.706576728499158	
9.306382978686796e+25	45.0	4.03	58.87	30.45	0.045081361543092564	593	40	45	5	87	45	45	3	29	15	3757	0	0.046871185302734375	59400	31.20099115371704	50663	14.7087542087542	
6.339130434782717e+25	45.0	4.03	58.87	30.45	0.045081361543092564	594	40	45	5	87	45	45	3	29	15	3766	0	0.06249570846557617	59500	31.263486862182617	50747	14.7109243697479	
6.408791208791318e+25	45.0	4.01	58.29	30.15	0.045081361543092564	595	40	45	5	87	45	45	3	29	15	3776	0	0.062496185302734375	59600	31.32598304748535	50829	14.716442953020135	
6.552810101234953e+25	45.0	4.0	58.0	30.0	0.045081361543092564	596	40	45	5	87	45	45	3	29	15	3788	0	0.031248807907104492	59700	31.357231855392456	50904	14.733668341708537	
4.604210526315868e+25	45.0	3.94	56.26	29.1	0.045081361543092564	597	40	45	5	87	45	45	3	29	15	3794	0	0.04687070846557617	59800	31.404102563858032	50982	14.745819397993316	
6.204255319149042e+25	45.0	3.98	57.42	29.7	0.045081361543092564	598	40	45	5	87	45	45	3	29	15	3801	0	0.06249642372131348	59900	31.466598987579346	51062	14.754590984974953	
3.2043956049254635e+25	45.0	3.89	54.81	28.35	0.045081361543092564	599	40	45	5	87	45	45	3	29	15	3811	0	0.04687142372131348	60000	31.51347041130066	51140	14.766666666666666	
7.673684210526447e+25	45.0	4.01	58.29	30.15	0.045081361543092564	600	40	45	5	87	45	45	3	29	15	3817	0	0.07811903953552246	60100	31.59158945083618	51223	14.770382695507493	
7.593750000000129e+25	45.0	3.98	57.42	29.7	0.045081361543092564	601	40	45	5	87	45	45	3	29	15	3822	0	0.04687142372131348	60200	31.638460874557495	51308	14.770764119601338	
4.97045453508075e+25	45.0	3.95	56.55	29.25	0.045081361543092564	602	40	45	5	87	45	45	3	29	15	3835	0	0.06249642372131348	60300	31.70095729827881	51383	14.787728026533998	
1.6953488372093313e+25	45.0	3.95	56.55	29.25	0.045081361543092564	603	40	45	5	87	45	45	3	29	15	3850	0	0.062496185302734375	60400	31.763453483581543	51461	14.799668874172184	
1.6758620689655459e+25	45.0	3.93	55.97	28.95	0.045081361543092564	604	40	45	5	87	45	45	3	29	15	3864	0	0.062496185302734375	60500	31.825949668884277	51535	14.818181818181813	
6.408791208791318e+25	45.0	3.97	57.13	29.55	0.045081361543092564	605	40	45	5	87	45	45	3	29	15	3874	0	0.031246423721313477	60600	31.85719609260559	51612	14.831683168316829	
6.075000000000104e+25	45.0	4.0	58.0	30.0	0.045081361543092564	606	40	45	5	87	45	45	3	29	15	3879	0	0.04687190055847168	60700	31.904067993164062	51693	14.83855024711697	
4.8065934168475545e+25	45.0	4.01	58.29	30.15	0.045081361543092564	607	40	45	5	87	45	45	3	29	15	3889	0	0.06249547004699707	60800	31.96656346321106	51774	14.84539473684211	
5.207142868558568e+25	45.0	3.98	57.42	29.7	0.045081361543092564	608	40	45	5	87	45	45	3	29	15	3906	0	0.046872854232788086	60900	32.01343631744385	51847	14.865353037766823	
9.377419636161454e+25	45.0	3.94	56.26	29.1	0.045081361543092564	609	40	45	5	87	45	45	3	29	15	3914	0	0.04687166213989258	61000	32.06030797958374	51928	14.872131147540983	
1.3364686452155766e+36	45.0	3.92	55.68	28.8	0.045081361543092564	610	40	45	5	87	45	45	3	29	15	3922	0	0.06249499320983887	61100	32.12280297279358	52010	14.877250409165299	
4.9704545454546304e+25	45.0	4.01	58.29	30.15	0.045081361543092564	611	40	45	5	87	45	45	3	29	15	3935	0	0.04687094688415527	61200	32.169673919677734	52088	14.888888888888886	
9.613186813186977e+25	45.0	3.87	54.23	28.05	0.045081361543092564	612	40	45	5	87	45	45	3	29	15	3945	0	0.046872854232788086	61300	32.21654677391052	52172	14.890701468189235	
3.1695652173913584e+25	45.0	3.87	54.23	28.05	0.045081361543092564	613	40	45	5	87	45	45	3	29	15	3954	0	0.06249547004699707	61400	32.27904224395752	52254	14.895765472312704	
3.2764044943820784e+25	45.0	3.88	54.52	28.2	0.045081361543092564	614	40	45	5	87	45	45	3	29	15	3966	0	0.04687190055847168	61500	32.32591414451599	52329	14.912195121951228	
3.1695652173913584e+25	45.0	3.91	55.39	28.65	0.045081361543092564	615	40	45	5	87	45	45	3	29	15	3975	0	0.06249547004699707	61600	32.38840961456299	52401	14.933441558441558	
4.653191489361792e+25	45.0	3.93	55.97	28.95	0.045081361543092564	616	40	45	5	87	45	45	3	29	15	3982	0	0.04687142372131348	61700	32.4352810382843	52481	14.94165316045381	
6.339130434782717e+25	45.0	3.97	57.13	29.55	0.045081361543092564	617	40	45	5	87	45	45	3	29	15	3991	0	0.06249642372131348	61800	32.497777462005615	52557	14.956310679611647	
6.204255319149042e+25	45.0	3.96	56.84	29.4	0.045081361543092564	618	40	45	5	87	45	45	3	29	15	3998	0	0.06249594688415527	61900	32.56027340888977	52638	14.962843295638123	
4.374000000000075e+25	45.0	3.94	56.26	29.1	0.04506733357542939	619	40	45	5	87	45	45	3	29	15	3998	0	0.04687213897705078	62000	32.60714554786682	52723	14.962903225806457	
8.918229166680355e+25	45.0	3.95	56.55	29.25	0.04506733357542939	620	40	45	5	87	45	45	3	29	15	4003	0	0.046872615814208984	62100	32.65401816368103	52807	14.9645732689211	
6.012371134020721e+25	45.0	3.92	55.68	28.8	0.04506733357542939	621	40	45	5	87	45	45	3	29	15	4007	0	0.06249737739562988	62200	32.71651554107666	52889	14.969453376205792	
4.556250000000078e+25	45.0	3.95	56.55	29.25	0.04506733357542939	622	40	45	5	87	45	45	3	29	15	4012	0	0.04686903953552246	62300	32.76338458061218	52967	14.980738362760832	
1.1093433043478562e+26	45.0	3.96	56.84	29.4	0.04506733357542939	623	40	45	5	87	45	45	3	29	15	4021	0	0.04687190055847168	62400	32.810256481170654	53044	14.993589743589737	
3.037500000000052e+25	45.0	3.96	56.84	29.4	0.04506733357542939	624	40	45	5	87	45	45	3	29	15	4026	0	0.031252145767211914	62500	32.841508626937866	53133	14.987200000000001	
3.102127659844956e+25	45.0	3.98	57.42	29.7	0.04506733357542939	625	40	45	5	87	45	45	3	29	15	4033	0	0.06249189376831055	62600	32.90400052070618	53210	15.0	
6.078136527818837e+25	45.0	3.98	57.42	29.7	0.04506733357542939	626	40	45	5	87	45	45	3	29	15	4038	0	0.04687142372131348	62700	32.95087194442749	53294	15.001594896331738	
2.212797387762809e+37	45.0	4.0	58.0	30.0	0.04506733357542939	627	40	45	5	87	45	45	3	29	15	4041	0	0.04687142372131348	62800	32.997743368148804	53386	14.990445859872608	
4.123755640229321e+30	45.0	3.94	56.26	29.1	0.04506733357542939	628	40	45	5	87	45	45	3	29	15	4045	0	0.046872854232788086	62900	33.04461622238159	53470	14.992050874403816	
6.012371133837668e+25	45.0	4.01	58.29	30.15	0.04506733357542939	629	40	45	5	87	45	45	3	29	15	4049	0	0.06249499320983887	63000	33.10711121559143	53550	15.0	
2.2987756143507314e+33	45.0	4.05	59.45	30.75	0.04506733357542939	630	40	45	5	87	45	45	3	29	15	4052	0	0.06249523162841797	63100	33.16960644721985	53639	14.99366085578447	
6.138947388679686e+25	45.0	4.02	58.58	30.3	0.04506733357542939	631	40	45	5	87	45	45	3	29	15	4058	0	0.03124833106994629	63200	33.200854778289795	53726	14.990506329113927	
6.138947368421157e+25	45.0	3.99	57.71	29.85	0.04506733357542939	632	40	45	5	87	45	45	3	29	15	4064	0	0.04687237739562988	63300	33.247727155685425	53814	14.985781990521332	
1.1215384615384807e+26	45.0	4.05	59.45	30.75	0.04506733357542939	633	40	45	5	87	45	45	3	29	15	4074	0	0.07811856269836426	63400	33.32584571838379	53892	14.996845425867505	
1.5251938114007744e+25	45.0	3.94	56.26	29.1	0.04506733357542939	634	40	45	5	87	45	45	3	29	15	4076	0	0.062496185302734375	63500	33.38834190368652	53982	14.988976377952753	
6.075000000000104e+25	45.0	4.0	58.0	30.0	0.04506733357542939	635	40	45	5	87	45	45	3	29	15	4081	0	0.04687142372131348	63600	33.43521332740784	54067	14.98899371069183	
4.653191489361781e+25	45.0	3.97	57.13	29.55	0.04506733357542939	636	40	45	5	87	45	45	3	29	15	4088	0	0.031247854232788086	63700	33.466461181640625	54157	14.981161695447412	
1.0312500127920562e+37	45.0	3.99	57.71	29.85	0.04506733357542939	637	40	45	5	87	45	45	3	29	15	4093	0	0.06249594688415527	63800	33.52895712852478	54245	14.976489028213166	
4.556250000000078e+25	45.0	3.92	55.68	28.8	0.04506733357542939	638	40	45	5	87	45	45	3	29	15	4098	0	0.031248092651367188	63900	33.56020522117615	54331	14.974960876369323	
9.112500000004555e+25	45.0	4.01	58.29	30.15	0.04506733357542939	639	40	45	5	87	45	45	3	29	15	4103	0	0.04687142372131348	64000	33.60707664489746	54417	14.973437500000003	
4.50927837538152e+25	45.0	3.99	57.71	29.85	0.04506733357542939	640	40	45	5	87	45	45	3	29	15	4107	0	0.062496185302734375	64100	33.669572830200195	54502	14.973478939157573	
1.3668750000000233e+26	45.0	3.94	56.26	29.1	0.04506733357542939	641	40	45	5	87	45	45	3	29	15	4112	0	0.06249499320983887	64200	33.732067823410034	54586	14.975077881619939	
1.041030927835069e+26	45.0	3.9	55.1	28.5	0.04506733357542939	642	40	45	5	87	45	45	3	29	15	4116	0	0.04687190055847168	64300	33.778939723968506	54671	14.975116640746506	
1.518750000000026e+25	45.0	3.87	54.23	28.05	0.04506733357542939	643	40	45	5	87	45	45	3	29	15	4121	0	0.0468752384185791	64400	33.825814962387085	54757	14.973602484472053	
2.9454545454545956e+25	45.0	3.93	55.97	28.95	0.04506733357542939	644	40	45	5	87	45	45	3	29	15	4123	0	0.062491416931152344	64500	33.88830637931824	54850	14.961240310077514	
1.0414284859694056e+26	45.0	4.03	58.87	30.45	0.04506733357542939	645	40	45	5	87	45	45	3	29	15	4126	0	0.06249642372131348	64600	33.95080280303955	54942	14.95046439628483	
4.8065934065934884e+25	45.0	3.95	56.55	29.25	0.04506733357542939	646	40	45	5	87	45	45	3	29	15	4136	0	0.031248092651367188	64700	33.98205089569092	55026	14.952086553323028	
1.043478277891318e+35	45.0	3.89	54.81	28.35	0.04506733357542939	647	40	45	5	87	45	45	3	29	15	4145	0	0.04687309265136719	64800	34.028923988342285	55104	14.962962962962962	
4.556250000000078e+25	45.0	3.84	53.36	27.6	0.04506733357542939	648	40	45	5	87	45	45	3	29	15	4150	0	0.04687023162841797	64900	34.0757942199707	55188	14.964560862865952	
3.0694736842105787e+25	45.0	3.86	53.94	27.9	0.04506733357542939	649	40	45	5	87	45	45	3	29	15	4156	0	0.04687190055847168	65000	34.122666120529175	55275	14.961538461538453	
9.112500061666822e+25	45.0	4.0	58.0	30.0	0.04506733357542939	650	40	45	5	87	45	45	3	29	15	4161	0	0.062496185302734375	65100	34.18516230583191	55365	14.953917050691246	
1.2309715312783744e+38	45.0	3.93	55.97	28.95	0.04506733357542939	651	40	45	5	87	45	45	3	29	15	4166	0	0.06249499320983887	65200	34.24765729904175	55455	14.946319018404907	
7.438775510204209e+25	45.0	3.93	55.97	28.95	0.04506733357542939	652	40	45	5	87	45	45	3	29	15	4169	0	0.04687213897705078	65300	34.2945294380188	55545	14.938744257274124	
7.755319148936302e+25	45.0	3.99	57.71	29.85	0.04506733357542939	653	40	45	5	87	45	45	3	29	15	4176	0	0.03124690055847168	65400	34.32577633857727	55625	14.946483180428132	
3.2980144872551853e+25	45.0	3.9	55.1	28.5	0.04506733357542939	654	40	45	5	87	45	45	3	29	15	4185	0	0.04687213897705078	65500	34.37264847755432	55707	14.951145038167937	
7.673684210526453e+25	45.0	3.96	56.84	29.4	0.04506733357542939	655	40	45	5	87	45	45	3	29	15	4191	0	0.04687166213989258	65600	34.419520139694214	55789	14.955792682926827	
6.408791208789152e+25	45.0	3.94	56.26	29.1	0.04506733357542939	656	40	45	5	87	45	45	3	29	15	4201	0	0.04687213897705078	65700	34.466392278671265	55862	14.974124809741255	
3.037500000000052e+25	45.0	3.99	57.71	29.85	0.04506733357542939	657	40	45	5	87	45	45	3	29	15	4206	0	0.046872615814208984	65800	34.513264894485474	55948	14.972644376899694	
1.0857446808510823e+26	45.0	4.04	59.16	30.6	0.04506733357542939	658	40	45	5	87	45	45	3	29	15	4213	0	0.04687094688415527	65900	34.56013584136963	56031	14.975720789074359	
9.224045092637758e+25	45.0	4.0	58.0	30.0	0.04506733357542939	659	40	45	5	87	45	45	3	29	15	4219	0	0.04687166213989258	66000	34.60700750350952	56113	14.980303030303034	
1.838675911337276e+38	45.0	3.96	56.84	29.4	0.04506733357542939	660	40	45	5	87	45	45	3	29	15	4227	0	0.06249594688415527	66100	34.66950345039368	56191	14.990922844175486	
4.283019777304211e+25	45.0	3.81	52.49	27.15	0.04506733357542939	661	40	45	5	87	45	45	3	29	15	4230	0	0.06249547004699707	66200	34.731998920440674	56276	14.990936555891238	
4.556250000000067e+25	45.0	3.8	52.2	27.0	0.04506733357542939	662	40	45	5	87	45	45	3	29	15	4235	0	0.04687190055847168	66300	34.778870820999146	56354	15.00150829562594	
3.1354838732671503e+25	45.0	3.91	55.39	28.65	0.04506733357542939	663	40	45	5	87	45	45	3	29	15	4243	0	0.04687213897705078	66400	34.825742959976196	56435	15.007530120481931	
4.556250000000078e+25	45.0	3.98	57.42	29.7	0.04506733357542939	664	40	45	5	87	45	45	3	29	15	4248	0	0.03124713897705078	66500	34.85699009895325	56526	14.998496240601497	
4.604210526315915e+25	45.0	3.91	55.39	28.65	0.04506733357542939	665	40	45	5	87	45	45	3	29	15	4254	0	0.04687190055847168	66600	34.90386199951172	56614	14.993993993993996	
1.5510638297872605e+25	45.0	3.94	56.26	29.1	0.04506733357542939	666	40	45	5	87	45	45	3	29	15	4261	0	0.06249594688415527	66700	34.966357946395874	56699	14.994002998500761	
4.741501717302017e+25	45.0	3.96	56.84	29.4	0.04506733357542939	667	40	45	5	87	45	45	3	29	15	4267	0	0.062497854232788086	66800	35.02885580062866	56781	14.998502994011972	
1.7225383392995062e+27	45.0	3.99	57.71	29.85	0.04506733357542939	668	40	45	5	87	45	45	3	29	15	4271	0	0.04687190055847168	66900	35.075727701187134	56870	14.992526158445443	
68998.01387865031	45.0	3.93	55.97	28.95	0.04506733357542939	669	40	45	4	58	30	45	3	29	15	4276	0	0.06249380111694336	67000	35.13822150230408	56960	14.985074626865668	
2.9755102040816833e+25	45.0	3.87	54.23	28.05	0.04506733357542939	670	40	45	5	87	45	45	3	29	15	4279	0	0.04687142372131348	67100	35.18509292602539	57042	14.989567809239944	
4.703225806451707e+25	45.0	3.97	57.13	29.55	0.04506733357542939	671	40	45	5	87	45	45	3	29	15	4287	0	0.031248092651367188	67200	35.21634101867676	57124	14.99404761904762	
6.563964067324808e+25	45.0	3.92	55.68	28.8	0.04506733357542939	672	40	45	5	87	45	45	3	29	15	4293	0	0.046872615814208984	67300	35.26321363449097	57207	14.997028231797913	
3.1695652173913584e+25	45.0	3.86	53.94	27.9	0.04506733357542939	673	40	45	5	87	45	45	3	29	15	4302	0	0.04687094688415527	67400	35.31008458137512	57281	15.013353115727	
6.012371134020721e+25	45.0	3.93	55.97	28.95	0.04506733357542939	674	40	45	5	87	45	45	3	29	15	4306	0	0.06249547004699707	67500	35.37258005142212	57368	15.010370370370367	
1.503092783505841e+25	45.0	3.91	55.39	28.65	0.04506733357542939	675	40	45	5	87	45	45	3	29	15	4310	0	0.06249547004699707	67600	35.435075521469116	57454	15.008875739644964	
3.069473684212185e+25	45.0	3.82	52.78	27.3	0.04506733357542939	676	40	45	5	87	45	45	3	29	15	4316	0	0.04687213897705078	67700	35.48194766044617	57536	15.01329394387001	
8.198178644403756e+25	45.0	3.93	55.97	28.95	0.04506733357542939	677	40	45	5	87	45	45	3	29	15	4323	0	0.06249594688415527	67800	35.54444360733032	57615	15.0221238938053	
1.5677419354838966e+25	45.0	3.95	56.55	29.25	0.04506733357542939	678	40	45	5	87	45	45	3	29	15	4331	0	0.04687213897705078	67900	35.59131574630737	57701	15.020618556701024	
7.755319148943368e+25	45.0	3.98	57.42	29.7	0.04506733357542939	679	40	45	5	87	45	45	3	29	15	4338	0	0.04687166213989258	68000	35.638187408447266	57779	15.030882352941177	
4.604210526315804e+25	45.0	3.88	54.52	28.2	0.04506733357542939	680	40	45	5	87	45	45	3	29	15	4344	0	0.06249523162841797	68100	35.700682640075684	57863	15.032305433186494	
4.653191489361781e+25	45.0	3.87	54.23	28.05	0.04506733357542939	681	40	45	5	87	45	45	3	29	15	4351	0	0.04687190055847168	68200	35.747554540634155	57948	15.032258064516128	
4.556250000000078e+25	45.0	3.88	54.52	28.2	0.04506733357542939	682	40	45	5	87	45	45	3	29	15	4356	0	0.04687190055847168	68300	35.79442644119263	58032	15.033674963396777	
8.748000000000134e+25	45.0	3.95	56.55	29.25	0.04506733357542939	683	40	45	5	87	45	45	3	29	15	4357	0	0.06249594688415527	68400	35.85692238807678	58123	15.024853801169584	
9.018556701031082e+25	45.0	4.03	58.87	30.45	0.04506733357542939	684	40	45	5	87	45	45	3	29	15	4361	0	0.031247615814208984	68500	35.88817000389099	58208	15.024817518248184	
4.418181818181892e+25	45.0	3.92	55.68	28.8	0.04506733357542939	685	40	45	5	87	45	45	3	29	15	4363	0	0.06249570846557617	68600	35.95066571235657	58289	15.030612244897952	
7.673684210527307e+25	45.0	3.99	57.71	29.85	0.04506733357542939	686	40	45	5	87	45	45	3	29	15	4369	0	0.04687190055847168	68700	35.99753761291504	58378	15.024745269286754	
3.0061855670118983e+25	45.0	3.9	55.1	28.5	0.04506733357542939	687	40	45	5	87	45	45	3	29	15	4373	0	0.06249570846557617	68800	36.060033321380615	58462	15.026162790697668	
1.8851557686333683e+26	45.0	3.95	56.55	29.25	0.04506733357542939	688	40	45	5	87	45	45	3	29	15	4376	0	0.06249547004699707	68900	36.12252879142761	58550	15.021770682148045	
7.755319148936302e+25	45.0	3.97	57.13	29.55	0.04506733357542939	689	40	45	5	87	45	45	3	29	15	4383	0	0.06249594688415527	69000	36.18502473831177	58636	15.020289855072463	
7.438775510204209e+25	45.0	3.98	57.42	29.7	0.04506733357542939	690	40	45	5	87	45	45	3	29	15	4386	0	0.04687190055847168	69100	36.23189663887024	58724	15.015918958031833	
1.5847826086956792e+25	45.0	3.99	57.71	29.85	0.04506733357542939	691	40	45	5	87	45	45	3	29	15	4395	0	0.04687142372131348	69200	36.27876806259155	58808	15.017341040462426	
6.0749999998950405e+25	45.0	4.02	58.58	30.3	0.04506733357542939	692	40	45	5	87	45	45	3	29	15	4400	0	0.031247854232788086	69300	36.31001591682434	58895	15.014430014430019	
1.143790610081825e+26	45.0	4.01	58.29	30.15	0.04506733357542939	693	40	45	5	87	45	45	3	29	15	4404	0	0.04687237739562988	69400	36.35688829421997	58982	15.011527377521617	
7.363636383253458e+25	45.0	3.98	57.42	29.7	0.04506733357542939	694	40	45	5	87	45	45	3	29	15	4406	0	0.04687166213989258	69500	36.40375995635986	59068	15.010071942446046	
3.102127659574521e+25	45.0	3.94	56.26	29.1	0.04506733357542939	695	40	45	5	87	45	45	3	29	15	4413	0	0.06249594688415527	69600	36.46625590324402	59146	15.020114942528735	
3.2400000000000554e+25	45.0	4.0	58.0	30.0	0.04506733357542939	696	40	45	5	87	45	45	3	29	15	4424	0	0.046871185302734375	69700	36.51312708854675	59227	15.025824964132	
4.556250000000078e+25	45.0	4.0	58.0	30.0	0.04506733357542939	697	40	45	5	87	45	45	3	29	15	4429	0	0.06249570846557617	69800	36.57562279701233	59306	15.034383954154734	
4.703225806451696e+25	45.0	4.0	58.0	30.0	0.04506733357542939	698	40	45	5	87	45	45	3	29	15	4437	0	0.03124856948852539	69900	36.606871366500854	59394	15.030042918454939	
1.1093478260869755e+26	45.0	4.02	58.58	30.3	0.04506733357542939	699	40	45	5	87	45	45	3	29	15	4446	0	0.04687094688415527	70000	36.65374231338501	59473	15.03857142857143	
6.204255319149042e+25	45.0	4.03	58.87	30.45	0.04506733357542939	700	40	45	5	87	45	45	3	29	15	4453	0	0.06249594688415527	70100	36.716238260269165	59557	15.039942938659053	
4.754347826087038e+25	45.0	3.97	57.13	29.55	0.04506733357542939	701	40	45	5	87	45	45	3	29	15	4462	0	0.04687190055847168	70200	36.76311016082764	59637	15.047008547008545	
7.515463917525901e+25	45.0	4.02	58.58	30.3	0.04506733357542939	702	40	45	5	87	45	45	3	29	15	4466	0	0.04687190055847168	70300	36.80998206138611	59721	15.048364153627318	
6.012371133979813e+25	45.0	3.94	56.26	29.1	0.04506733357542939	703	40	45	5	87	45	45	3	29	15	4470	0	0.06249570846557617	70400	36.872477769851685	59803	15.052556818181813	
1.5347368421052893e+25	45.0	3.96	56.84	29.4	0.04506733357542939	704	40	45	5	87	45	45	3	29	15	4476	0	0.04687166213989258	70500	36.91934943199158	59885	15.056737588652481	
6.204255319149042e+25	45.0	3.97	57.13	29.55	0.04506733357542939	705	40	45	5	87	45	45	3	29	15	4483	0	0.06249547004699707	70600	36.981844902038574	59970	15.056657223796037	
6.012371134020721e+25	45.0	3.98	57.42	29.7	0.04506733357542939	706	40	45	5	87	45	45	3	29	15	4487	0	0.06249642372131348	70700	37.04434132575989	60052	15.060820367751063	
3.037500000000052e+25	45.0	3.98	57.42	29.7	0.04506733357542939	707	40	45	5	87	45	45	3	29	15	4492	0	0.031247615814208984	70800	37.0755889415741	60133	15.066384180790962	
4.703225806451693e+25	45.0	3.96	56.84	29.4	0.04506733357542939	708	40	45	5	87	45	45	3	29	15	4500	0	0.062496185302734375	70900	37.13808512687683	60211	15.07616361071932	
3.037500000000052e+25	45.0	3.93	55.97	28.95	0.04506733357542939	709	40	45	5	87	45	45	3	29	15	4505	0	0.046871185302734375	71000	37.184956312179565	60294	15.078873239436618	
1.5030927835051803e+25	45.0	3.97	57.13	29.55	0.04506733357542939	710	40	45	5	87	45	45	3	29	15	4509	0	0.062496185302734375	71100	37.2474524974823	60376	15.082981715893112	
3.117540765974352e+25	45.0	3.95	56.55	29.25	0.04506733357542939	711	40	45	5	87	45	45	3	29	15	4516	0	0.046871185302734375	71200	37.294323682785034	60462	15.081460674157299	
4.556250000000078e+25	45.0	3.93	55.97	28.95	0.04506733357542939	712	40	45	5	87	45	45	3	29	15	4521	0	0.06249547004699707	71300	37.35681915283203	60543	15.086956521739125	
2.4196743032967692e+39	45.0	4.01	58.29	30.15	0.04506733357542939	713	40	45	5	87	45	45	3	29	15	4531	0	0.04687237739562988	71400	37.40369153022766	60619	15.099439775910355	
6.012371134020721e+25	45.0	3.98	57.42	29.7	0.04506733357542939	714	40	45	5	87	45	45	3	29	15	4535	0	0.04687142372131348	71500	37.450562953948975	60695	15.11188811188812	
3.1775494194175526e+36	45.0	4.01	58.29	30.15	0.04506733357542939	715	40	45	5	87	45	45	3	29	15	4543	0	0.04687190055847168	71600	37.497434854507446	60777	15.115921787709496	
7.419016180407021e+25	45.0	3.98	57.42	29.7	0.04506733357542939	716	40	45	5	87	45	45	3	29	15	4546	0	0.046872615814208984	71700	37.544307470321655	60863	15.114365411436538	
3.2400000000000554e+25	45.0	3.98	57.42	29.7	0.04506733357542939	717	40	45	5	87	45	45	3	29	15	4557	0	0.046871185302734375	71800	37.59117865562439	60946	15.116991643454043	
6.408791208791318e+25	45.0	3.97	57.13	29.55	0.04506733357542939	718	40	45	5	87	45	45	3	29	15	4567	0	0.04687237739562988	71900	37.63805103302002	61024	15.126564673157162	
1.0521649484536263e+26	45.0	4.0	58.0	30.0	0.04506733357542939	719	40	45	5	87	45	45	3	29	15	4571	0	0.06249499320983887	72000	37.70054602622986	61106	15.13055555555556	
1.6200000000000275e+26	45.0	4.04	59.16	30.6	0.04506733357542939	720	40	45	5	87	45	45	3	29	15	4573	0	0.06249594688415527	72100	37.763041973114014	61197	15.122052704576973	
5.951020408163367e+25	45.0	3.96	56.84	29.4	0.04506733357542939	721	40	45	5	87	45	45	3	29	15	4576	0	0.06249547004699707	72200	37.82553744316101	61285	15.11772853185596	
5.951020409887448e+25	45.0	3.97	57.13	29.55	0.04506733357542939	722	40	45	5	87	45	45	3	29	15	4579	0	0.06249594688415527	72300	37.888033390045166	61377	15.107883817427378	
7.593750000000129e+25	45.0	4.01	58.29	30.15	0.04506733357542939	723	40	45	5	87	45	45	3	29	15	4584	0	0.04687166213989258	72400	37.93490505218506	61465	15.103591160221	
5.8320005900061185e+25	45.0	3.99	57.71	29.85	0.04506733357542939	724	40	45	5	87	45	45	3	29	15	4584	0	0.04687190055847168	72500	37.98177695274353	61560	15.0896551724138	
9.11250000000017e+25	45.0	4.02	58.58	30.3	0.04506733357542939	725	40	45	5	87	45	45	3	29	15	4589	0	0.04687166213989258	72600	38.02864861488342	61646	15.08815426997245	
7.755319148936305e+25	45.0	3.97	57.13	29.55	0.04506733357542939	726	40	45	5	87	45	45	3	29	15	4596	0	0.04687190055847168	72700	38.075520515441895	61734	15.08390646492434	
3.0061855670103607e+25	45.0	3.99	57.71	29.85	0.04506733357542939	727	40	45	5	87	45	45	3	29	15	4600	0	0.031247854232788086	72800	38.10676836967468	61822	15.079670329670321	
4.55625000000129e+25	45.0	3.99	57.71	29.85	0.04506733357542939	728	40	45	5	87	45	45	3	29	15	4605	0	0.06249547004699707	72900	38.16926383972168	61900	15.089163237311382	
1.668830526345338e+29	45.0	4.0	58.0	30.0	0.04506733357542939	729	40	45	5	87	45	45	3	29	15	4611	0	0.06249594688415527	73000	38.231759786605835	61986	15.087671232876716	
2.9755102040816833e+25	45.0	3.95	56.55	29.25	0.04506733357542939	730	40	45	5	87	45	45	3	29	15	4614	0	0.06249594688415527	73100	38.29425573348999	62072	15.086183310533514	
9.406451629943042e+25	45.0	4.02	58.58	30.3	0.04506733357542939	731	40	45	5	87	45	45	3	29	15	4622	0	0.04687142372131348	73200	38.341127157211304	62149	15.09699453551913	
7.5154639447492e+25	45.0	3.98	57.42	29.7	0.04506733357542939	732	40	45	5	87	45	45	3	29	15	4626	0	0.06249547004699707	73300	38.4036226272583	62235	15.09549795361528	
1.5030927839298255e+25	45.0	3.94	56.26	29.1	0.04506733357542939	733	40	45	5	87	45	45	3	29	15	4630	0	0.031248092651367188	73400	38.43487071990967	62316	15.10081743869209	
4.463265306122527e+25	45.0	3.99	57.71	29.85	0.04506733357542939	734	40	45	5	87	45	45	3	29	15	4633	0	0.04687237739562988	73500	38.4817430973053	62391	15.114285714285714	
5.890909090909191e+25	45.0	3.99	57.71	29.85	0.04506733357542939	735	40	45	5	87	45	45	3	29	15	4635	0	0.06249499320983887	73600	38.54423809051514	62475	15.115489130434781	
1.0309090908261644e+26	45.0	3.98	57.42	29.7	0.04506733357542939	736	40	45	5	87	45	45	3	29	15	4637	0	0.06249594688415527	73700	38.60673403739929	62563	15.111261872455913	
1.1664000000000199e+26	45.0	4.06	59.74	30.9	0.04506733357542939	737	40	45	5	87	45	45	3	29	15	4638	0	0.04687190055847168	73800	38.653605937957764	62655	15.101626016260155	
4.463265306122525e+25	45.0	3.91	55.39	28.65	0.04506733357542939	738	40	45	5	87	45	45	3	29	15	4641	0	0.04687166213989258	73900	38.700477600097656	62735	15.108254397834912	
1.2541935483871181e+26	45.0	4.07	60.03	31.05	0.04506733357542939	739	40	45	5	87	45	45	3	29	15	4649	0	0.04687190055847168	74000	38.74734950065613	62822	15.105405405405406	
1.2150000000000208e+26	45.0	4.07	60.03	31.05	0.04506733357542939	740	40	45	5	87	45	45	3	29	15	4654	0	0.06249547004699707	74100	38.809844970703125	62909	15.102564102564102	
6.075000000000104e+25	45.0	4.02	58.58	30.3	0.04506733357542939	741	40	45	5	87	45	45	3	29	15	4659	0	0.04687309265136719	74200	38.85671806335449	62995	15.101078167115901	
1.458000380160025e+25	45.0	3.94	56.26	29.1	0.04506733357542939	742	40	45	5	87	45	45	3	29	15	4659	0	0.04687070846557617	74300	38.90358877182007	63084	15.09555854643338	
3.204395604395659e+25	45.0	3.92	55.68	28.8	0.04506733357542939	743	40	45	5	87	45	45	3	29	15	4669	0	0.04687237739562988	74400	38.9504611492157	63156	15.112903225806448	
2.77612923314277e+33	45.0	3.97	57.13	29.55	0.04506733357542939	744	40	45	5	87	45	45	3	29	15	4682	0	0.06249523162841797	74500	39.012956380844116	63233	15.123489932885903	
4.703225806451693e+25	45.0	3.9	55.1	28.5	0.04506733357542939	745	40	45	5	87	45	45	3	29	15	4690	0	0.04687166213989258	74600	39.05982804298401	63318	15.123324396782849	
1.65681818181821e+25	45.0	3.92	55.68	28.8	0.04506733357542939	746	40	45	5	87	45	45	3	29	15	4703	0	0.04687333106994629	74700	39.106701374053955	63395	15.133868808567613	
6.138947368421157e+25	45.0	3.94	56.26	29.1	0.04506733357542939	747	40	45	5	87	45	45	3	29	15	4709	0	0.04687047004699707	74800	39.15357184410095	63480	15.133689839572199	
3.1695652173913584e+25	45.0	3.89	54.81	28.35	0.04506733357542939	748	40	45	5	87	45	45	3	29	15	4718	0	0.04687166213989258	74900	39.200443506240845	63558	15.142857142857153	
3.1354838709677954e+25	45.0	3.88	54.52	28.2	0.04506733357542939	749	40	45	5	87	45	45	3	29	15	4726	0	0.04687237739562988	75000	39.247315883636475	63634	15.154666666666671	
7.741067724022817e+32	45.0	3.93	55.97	28.95	0.04506733357542939	750	40	45	5	87	45	45	3	29	15	4737	0	0.06249547004699707	75100	39.30981135368347	63710	15.166444740346208	
8.626409419380266e+32	45.0	3.91	55.39	28.65	0.04506733357542939	751	40	45	5	87	45	45	3	29	15	4745	0	0.03124833106994629	75200	39.34105968475342	63787	15.176861702127667	
1.5347368421052893e+25	45.0	3.96	56.84	29.4	0.04506733357542939	752	40	45	5	87	45	45	3	29	15	4751	0	0.0312497615814209	75300	39.37230944633484	63867	15.18326693227091	
1.495534905199172e+33	45.0	3.97	57.13	29.55	0.04506733357542939	753	40	45	5	87	45	45	3	29	15	4756	0	0.06249380111694336	75400	39.43480324745178	63948	15.188328912466844	
4.71672909126541e+33	45.0	4.01	58.29	30.15	0.04506733357542939	754	40	45	5	87	45	45	3	29	15	4762	0	0.04687190055847168	75500	39.481675148010254	64026	15.197350993377484	
7.898301333411483e+30	45.0	4.01	58.29	30.15	0.04506733357542939	755	40	45	5	87	45	45	3	29	15	4764	0	0.06249499320983887	75600	39.54417014122009	64106	15.20370370370371	
2.511912659944813e+33	45.0	3.96	56.84	29.4	0.04506733357542939	756	40	45	5	87	45	45	3	29	15	4767	0	0.031248807907104492	75700	39.5754189491272	64194	15.199471598414789	
4.780095718111601e+33	45.0	3.95	56.55	29.25	0.04506733357542939	757	40	45	5	87	45	45	3	29	15	4770	0	0.06249427795410156	75800	39.6379132270813	64282	15.195250659630616	
2.9454545454545956e+25	45.0	3.94	56.26	29.1	0.04506733357542939	758	40	45	5	87	45	45	3	29	15	4772	0	0.04687213897705078	75900	39.68478536605835	64366	15.196310935441375	
1.4877551020408416e+25	45.0	3.93	55.97	28.95	0.04506733357542939	759	40	45	5	87	45	45	3	29	15	4775	0	0.0312504768371582	76000	39.71603584289551	64443	15.206578947368428	
5.890909090909191e+25	45.0	4.0	58.0	30.0	0.04506733357542939	760	40	45	5	87	45	45	3	29	15	4777	0	0.04687070846557617	76100	39.762906551361084	64520	15.216819973718785	
6.204255319149042e+25	45.0	4.01	58.29	30.15	0.04506733357542939	761	40	45	5	87	45	45	3	29	15	4784	0	0.06249833106994629	76200	39.82540488243103	64605	15.21653543307086	
3.2400000000000554e+25	45.0	3.96	56.84	29.4	0.04506733357542939	762	40	45	5	87	45	45	3	29	15	4795	0	0.04686927795410156	76300	39.87227416038513	64683	15.225425950196595	
4.604210526314321e+25	45.0	3.89	54.81	28.35	0.04506733357542939	763	40	45	5	87	45	45	3	29	15	4801	0	0.04687047004699707	76400	39.91914463043213	64763	15.231675392670155	
1.1098316356070454e+26	45.0	3.97	57.13	29.55	0.04506733357542939	764	40	45	5	87	45	45	3	29	15	4809	0	0.04687190055847168	76500	39.9660165309906	64842	15.239215686274505	
7.838709677419501e+25	45.0	3.96	56.84	29.4	0.04506733357542939	765	40	45	5	87	45	45	3	29	15	4817	0	0.06249690055847168	76600	40.02851343154907	64915	15.25456919060052	
7.755319148936302e+25	45.0	3.92	55.68	28.8	0.04506733357542939	766	40	45	5	87	45	45	3	29	15	4824	0	0.04687190055847168	76700	40.075385332107544	64986	15.27249022164277	
8.748000000523251e+25	45.0	3.87	54.23	28.05	0.04506733357542939	767	40	45	5	87	45	45	3	29	15	4825	0	0.04687142372131348	76800	40.12225675582886	65072	15.270833333333329	
7.515622268041675e+25	45.0	3.95	56.55	29.25	0.04506733357542939	768	40	45	5	87	45	45	3	29	15	4829	0	0.04687213897705078	76900	40.16912889480591	65157	15.270481144343307	
7.515463917525901e+25	45.0	3.97	57.13	29.55	0.04506733357542939	769	40	45	5	87	45	45	3	29	15	4833	0	0.04687142372131348	77000	40.21600031852722	65240	15.272727272727266	
4.604210526315868e+25	45.0	4.0	58.0	30.0	0.04506733357542939	770	40	45	5	87	45	45	3	29	15	4839	0	0.046872615814208984	77100	40.26287293434143	65323	15.274967574578469	
3.077601286944042e+31	45.0	4.03	58.87	30.45	0.04506733357542939	771	40	45	5	87	45	45	3	29	15	4842	0	0.06249642372131348	77200	40.325369358062744	65409	15.273316062176164	
3.1354838709677954e+25	45.0	3.95	56.55	29.25	0.04506733357542939	772	40	45	5	87	45	45	3	29	15	4850	0	0.046871185302734375	77300	40.37224054336548	65492	15.275549805950845	
6.138947368421157e+25	45.0	3.96	56.84	29.4	0.04506733357542939	773	40	45	5	87	45	45	3	29	15	4856	0	0.046872615814208984	77400	40.41911315917969	65575	15.277777777777786	
4.653191489361781e+25	45.0	3.94	56.26	29.1	0.04506733357542939	774	40	45	5	87	45	45	3	29	15	4863	0	0.06249356269836426	77500	40.48160672187805	65659	15.278709677419357	
3.1695652188044276e+25	45.0	3.87	54.23	28.05	0.04506733357542939	775	40	45	5	87	45	45	3	29	15	4872	0	0.06249642372131348	77600	40.544103145599365	65736	15.288659793814432	
250595.9848917668	45.0	3.81	52.49	27.15	0.04506733357542939	776	40	45	4	58	30	45	3	29	15	4875	0	0.031248092651367188	77700	40.57535123825073	65818	15.29214929214929	
4.556237916499549e+25	45.0	3.94	56.26	29.1	0.04506733357542939	777	40	45	5	87	45	45	3	29	15	4880	0	0.06249642372131348	77800	40.637847661972046	65903	15.291773778920302	
6.012371217525876e+25	45.0	3.97	57.13	29.55	0.04506733357542939	778	40	45	5	87	45	45	3	29	15	4884	0	0.06249403953552246	77900	40.70034170150757	65987	15.292682926829272	
1.4727272727272978e+25	45.0	3.97	57.13	29.55	0.04506733357542939	779	40	45	5	87	45	45	3	29	15	4886	0	0.06249570846557617	78000	40.762837409973145	66063	15.303846153846152	
4.463265306122525e+25	45.0	3.93	55.97	28.95	0.04506733357542939	780	40	45	5	87	45	45	3	29	15	4889	0	0.04687237739562988	78100	40.809709787368774	66141	15.312419974391801	
9.406451612903386e+25	45.0	3.91	55.39	28.65	0.04506733357542939	781	40	45	5	87	45	45	3	29	15	4897	0	0.04687237739562988	78200	40.856582164764404	66219	15.320971867007671	
1.0309090909091085e+26	45.0	3.94	56.26	29.1	0.04506733357542939	782	40	45	5	87	45	45	3	29	15	4899	0	0.04687070846557617	78300	40.90345287322998	66302	15.323116219667938	
1.518750000000026e+25	45.0	3.89	54.81	28.35	0.04506733357542939	783	40	45	5	87	45	45	3	29	15	4904	0	0.031248092651367188	78400	40.93470096588135	66383	15.32780612244899	
4.509278350515541e+25	45.0	3.97	57.13	29.55	0.04506733357542939	784	40	45	5	87	45	45	3	29	15	4908	0	0.06249594688415527	78500	40.9971969127655	66470	15.324840764331213	
4.509278448675285e+25	45.0	3.97	57.13	29.55	0.04506733357542939	785	40	45	5	87	45	45	3	29	15	4912	0	0.06249547004699707	78600	41.0596923828125	66554	15.32569974554707	
1.567741935483897e+25	45.0	3.97	57.13	29.55	0.04506733357542939	786	40	45	5	87	45	45	3	29	15	4920	0	0.04687070846557617	78700	41.106563091278076	66636	15.329097839898353	
7.774036376392159e+26	45.0	4.0	58.0	30.0	0.04506733357542939	787	40	45	5	87	45	45	3	29	15	4922	0	0.06249690055847168	78800	41.16905999183655	66721	15.328680203045693	
7.673684210526447e+25	45.0	4.01	58.29	30.15	0.04506733357542939	788	40	45	5	87	45	45	3	29	15	4928	0	0.04687309265136719	78900	41.215933084487915	66808	15.325728770595688	
7.593750000000129e+25	45.0	4.0	58.0	30.0	0.04506733357542939	789	40	45	5	87	45	45	3	29	15	4933	0	0.062496185302734375	79000	41.27842926979065	66889	15.330379746835447	
7.755319148936302e+25	45.0	4.02	58.58	30.3	0.04506733357542939	790	40	45	5	87	45	45	3	29	15	4940	0	0.046869516372680664	79100	41.32529878616333	66970	15.335018963337546	
1.0414285710660891e+26	45.0	4.0	58.0	30.0	0.04506733357542939	791	40	45	5	87	45	45	3	29	15	4943	0	0.06249642372131348	79200	41.387795209884644	67051	15.339646464646464	
9.613186813186977e+25	45.0	4.0	58.0	30.0	0.04506733357542939	792	40	45	5	87	45	45	3	29	15	4953	0	0.046871185302734375	79300	41.43466639518738	67130	15.346784363177804	
1.0414285714285892e+26	45.0	3.98	57.42	29.7	0.04506733357542939	793	40	45	5	87	45	45	3	29	15	4956	0	0.04687309265136719	79400	41.481539487838745	67215	15.346347607052905	
7.438775165387882e+25	45.0	4.0	58.0	30.0	0.04506733357542939	794	40	45	5	87	45	45	3	29	15	4959	0	0.04687070846557617	79500	41.52841019630432	67305	15.339622641509436	
3.1354838709677954e+25	45.0	3.97	57.13	29.55	0.04506733357542939	795	40	45	5	87	45	45	3	29	15	4967	0	0.04687094688415527	79600	41.57528114318848	67393	15.335427135678387	
6.2441489361827655e+25	45.0	3.98	57.42	29.7	0.04506733357542939	796	40	45	5	87	45	45	3	29	15	4974	0	0.062497615814208984	79700	41.637778759002686	67480	15.33249686323714	
3.0061855670128904e+25	45.0	3.9	55.1	28.5	0.04506733357542939	797	40	45	5	87	45	45	3	29	15	4978	0	0.06249380111694336	79800	41.70027256011963	67564	15.333333333333329	
8.976161941578373e+25	45.0	3.95	56.55	29.25	0.04506733357542939	798	40	45	5	87	45	45	3	29	15	4981	0	0.06249547004699707	79900	41.762768030166626	67648	15.334167709637043	
7.363636363636489e+25	45.0	3.96	56.84	29.4	0.04506733357542939	799	40	45	5	87	45	45	3	29	15	4983	0	0.046872615814208984	80000	41.809640645980835	67739	15.326250000000002	
7.838709677419489e+25	45.0	3.94	56.26	29.1	0.04506733357542939	800	40	45	5	87	45	45	3	29	15	4991	0	0.062497854232788086	80100	41.87213850021362	67818	15.333333333333329	
6.262905622636832e+25	45.0	3.96	56.84	29.4	0.04506733357542939	801	40	45	5	87	45	45	3	29	15	4997	0	0.06249427795410156	80200	41.934632778167725	67907	15.32793017456359	
7.755319148936302e+25	45.0	3.97	57.13	29.55	0.04506733357542939	802	40	45	5	87	45	45	3	29	15	5004	0	0.04687356948852539	80300	41.98150634765625	67990	15.330012453300128	
3.1182978731166487e+25	45.0	3.94	56.26	29.1	0.04506733357542939	803	40	45	5	87	45	45	3	29	15	5011	0	0.04686927795410156	80400	42.02837562561035	68067	15.339552238805965	
1.1200063699912607e+26	45.0	3.98	57.42	29.7	0.04506733357542939	804	40	45	5	87	45	45	3	29	15	5018	0	0.04687142372131348	80500	42.075247049331665	68147	15.345341614906843	
6.075000000000104e+25	45.0	3.95	56.55	29.25	0.04506733357542939	805	40	45	5	87	45	45	3	29	15	5023	0	0.06249737739562988	80600	42.137744426727295	68229	15.348635235732004	
7.673684210526447e+25	45.0	3.92	55.68	28.8	0.04506733357542939	806	40	45	5	87	45	45	3	29	15	5029	0	0.04687166213989258	80700	42.18461608886719	68310	15.353159851301115	
4.9146067415731705e+25	45.0	3.94	56.26	29.1	0.04506733357542939	807	40	45	5	87	45	45	3	29	15	5041	0	0.04687094688415527	80800	42.23148703575134	68387	15.36262376237623	
7.92391304337057e+25	45.0	3.89	54.81	28.35	0.04506733357542939	808	40	45	5	87	45	45	3	29	15	5050	0	0.04687237739562988	80900	42.27835941314697	68465	15.370828182941906	
8.284090909091081e+25	45.0	3.85	53.65	27.75	0.04506733357542939	809	40	45	5	87	45	45	3	29	15	5063	0	0.07812118530273438	81000	42.35648059844971	68537	15.386419753086429	
8.191011236019924e+25	45.0	3.93	55.97	28.95	0.04506733357542939	810	40	45	5	87	45	45	3	29	15	5075	0	0.046868324279785156	81100	42.40334892272949	68607	15.404438964241677	
9.829213483146234e+25	45.0	3.94	56.26	29.1	0.04506733357542939	811	40	45	5	87	45	45	3	29	15	5087	0	0.046872615814208984	81200	42.4502215385437	68688	15.408866995073893	
4.91460674157313e+25	45.0	3.91	55.39	28.65	0.04506733357542939	812	40	45	5	87	45	45	3	29	15	5099	0	0.04687333106994629	81300	42.49709486961365	68761	15.423124231242312	
3.903764152499256e+33	45.0	3.99	57.71	29.85	0.04506733357542939	813	40	45	5	87	45	45	3	29	15	5112	0	0.06249547004699707	81400	42.559590339660645	68840	15.429975429975428	
1.5847826086956792e+25	45.0	3.86	53.94	27.9	0.04506733357542939	814	40	45	5	87	45	45	3	29	15	5121	0	0.046872615814208984	81500	42.60646295547485	68919	15.436809815950923	
3.3517241379459605e+25	45.0	3.9	55.1	28.5	0.04506733357542939	815	40	45	5	87	45	45	3	29	15	5135	0	0.04687190055847168	81600	42.653334856033325	68994	15.44852941176471	
4.653191489361781e+25	45.0	3.92	55.68	28.8	0.04506733357542939	816	40	45	5	87	45	45	3	29	15	5142	0	0.04687213897705078	81700	42.700206995010376	69074	15.454100367197071	
6.408791208791318e+25	45.0	3.92	55.68	28.8	0.04506733357542939	817	40	45	5	87	45	45	3	29	15	5152	0	0.04687190055847168	81800	42.74707889556885	69157	15.455990220048903	
1.5677419354838977e+25	45.0	3.91	55.39	28.65	0.04506733357542939	818	40	45	5	87	45	45	3	29	15	5160	0	0.04687070846557617	81900	42.793949604034424	69244	15.452991452991455	
7.673684210526497e+25	45.0	3.97	57.13	29.55	0.04506733357542939	819	40	45	5	87	45	45	3	29	15	5166	0	0.04687213897705078	82000	42.840821743011475	69328	15.453658536585365	
3.1354838709677954e+25	45.0	3.92	55.68	28.8	0.04506733357542939	820	40	45	5	87	45	45	3	29	15	5174	0	0.04687166213989258	82100	42.88769340515137	69405	15.462850182704031	
4.703225806451693e+25	45.0	3.95	56.55	29.25	0.04506733357542939	821	40	45	5	87	45	45	3	29	15	5182	0	0.06249427795410156	82200	42.95018768310547	69484	15.469586374695865	
4.374000013793053e+25	45.0	3.93	55.97	28.95	0.04506733357542939	822	40	45	5	87	45	45	3	29	15	5183	0	0.04687166213989258	82300	42.99705934524536	69574	15.462940461725395	
6.214413814179609e+25	45.0	3.96	56.84	29.4	0.04506733357542939	823	40	45	5	87	45	45	3	29	15	5190	0	0.04687070846557617	82400	43.04393005371094	69661	15.459951456310677	
7.75531914889717e+25	45.0	3.99	57.71	29.85	0.04506733357542939	824	40	45	5	87	45	45	3	29	15	5197	0	0.04687690734863281	82500	43.09080696105957	69744	15.461818181818174	
1.052164948449834e+26	45.0	3.98	57.42	29.7	0.04506733357542939	825	40	45	5	87	45	45	3	29	15	5201	0	0.04686713218688965	82600	43.13767409324646	69829	15.461259079903144	
1.4877551020408416e+25	45.0	3.96	56.84	29.4	0.04506733357542939	826	40	45	5	87	45	45	3	29	15	5204	0	0.06249547004699707	82700	43.20016956329346	69921	15.452237001209184	
686868839145.9277	45.0	3.95	56.55	29.25	0.04506733357542939	827	40	45	4	58	30	45	3	29	15	5206	0	0.031249046325683594	82800	43.23141860961914	70010	15.446859903381636	
6.075000007676703e+25	45.0	3.96	56.84	29.4	0.04506733357542939	828	40	45	5	87	45	45	3	29	15	5211	0	0.06249499320983887	82900	43.29391360282898	70091	15.451145958986729	
1.5347368421052893e+25	45.0	3.92	55.68	28.8	0.04506733357542939	829	40	45	5	87	45	45	3	29	15	5217	0	0.04687213897705078	83000	43.34078574180603	70171	15.456626506024094	
7.515463917525901e+25	45.0	4.0	58.0	30.0	0.04506733357542939	830	40	45	5	87	45	45	3	29	15	5221	0	0.046871185302734375	83100	43.387656927108765	70254	15.458483754512628	
1.5510638297872604e+26	45.0	4.07	60.03	31.05	0.04506733357542939	831	40	45	5	87	45	45	3	29	15	5228	0	0.07811951637268066	83200	43.465776443481445	70335	15.462740384615387	
1.5510638297872605e+25	45.0	3.99	57.71	29.85	0.04506733357542939	832	40	45	5	87	45	45	3	29	15	5235	0	0.046872854232788086	83300	43.51264929771423	70419	15.46338535414165	
8.191011235955196e+25	45.0	4.02	58.58	30.3	0.04506733357542939	833	40	45	5	87	45	45	3	29	15	5247	0	0.031246423721313477	83400	43.54389572143555	70495	15.473621103117509	
9.262935388083852e+25	45.0	4.03	58.87	30.45	0.04506733357542939	834	40	45	5	87	45	45	3	29	15	5256	0	0.06249713897705078	83500	43.6063928604126	70579	15.47425149700598	
4.3557734933669795e+26	45.0	4.0	58.0	30.0	0.04506733357542939	835	40	45	5	87	45	45	3	29	15	5266	0	0.06249499320983887	83600	43.66888785362244	70658	15.480861244019138	
7.515463917424359e+25	45.0	3.99	57.71	29.85	0.04506733357542939	836	40	45	5	87	45	45	3	29	15	5270	0	0.04687142372131348	83700	43.71575927734375	70738	15.486260454002391	
4.463265306122525e+25	45.0	3.94	56.26	29.1	0.04506733357542939	837	40	45	5	87	45	45	3	29	15	5273	0	0.046872854232788086	83800	43.76263213157654	70817	15.492840095465397	
9.018556701031082e+25	45.0	4.0	58.0	30.0	0.04506733357542939	838	40	45	5	87	45	45	3	29	15	5277	0	0.04687094688415527	83900	43.80950307846069	70903	15.491060786650777	
1.063125000000018e+26	45.0	3.98	57.42	29.7	0.04506733357542939	839	40	45	5	87	45	45	3	29	15	5282	0	0.04687142372131348	84000	43.85637450218201	70989	15.489285714285714	
1.898427367971238e+32	45.0	3.95	56.55	29.25	0.04506733357542939	840	40	45	5	87	45	45	3	29	15	5294	0	0.046874284744262695	84100	43.90324878692627	71062	15.502972651605234	
1.5347368421052893e+25	45.0	3.9	55.1	28.5	0.04506733357542939	841	40	45	5	87	45	45	3	29	15	5300	0	0.046872854232788086	84200	43.95012164115906	71145	15.504750593824227	
3.037500000000052e+25	45.0	3.9	55.1	28.5	0.04506733357542939	842	40	45	5	87	45	45	3	29	15	5305	0	0.06249284744262695	84300	44.012614488601685	71219	15.517200474495851	
6.0750000001331835e+25	45.0	3.98	57.42	29.7	0.04506733357542939	843	40	45	5	87	45	45	3	29	15	5310	0	0.06249547004699707	84400	44.07510995864868	71299	15.522511848341239	
5.832000000000099e+25	45.0	3.96	56.84	29.4	0.04506733357542939	844	40	45	5	87	45	45	3	29	15	5311	0	0.06249570846557617	84500	44.13760566711426	71385	15.520710059171591	
1.1509350677817189e+29	45.0	4.01	58.29	30.15	0.04506733357542939	845	40	45	5	87	45	45	3	29	15	5316	0	0.06249690055847168	84600	44.20010256767273	71473	15.516548463356969	
1.4877486799053427e+25	45.0	3.95	56.55	29.25	0.04506733357542939	846	40	45	5	87	45	45	3	29	15	5319	0	0.062494516372680664	84700	44.26259708404541	71562	15.511216056670605	
4.556250000000044e+25	45.0	3.97	57.13	29.55	0.04506733357542939	847	40	45	5	87	45	45	3	29	15	5324	0	0.06249547004699707	84800	44.32509255409241	71647	15.51061320754718	
3.0694736842105787e+25	45.0	3.94	56.26	29.1	0.04506733357542939	848	40	45	5	87	45	45	3	29	15	5330	0	0.04687213897705078	84900	44.37196469306946	71726	15.517078916372213	
1.0857446808408672e+26	45.0	4.06	59.74	30.9	0.04506733357542939	849	40	45	5	87	45	45	3	29	15	5337	0	0.06249570846557617	85000	44.434460401535034	71807	15.521176470588244	
3.102127659574521e+25	45.0	3.96	56.84	29.4	0.04506733357542939	850	40	45	5	87	45	45	3	29	15	5344	0	0.046872854232788086	85100	44.48133325576782	71887	15.526439482961223	
7.515463917525879e+25	45.0	4.04	59.16	30.6	0.04506733357542939	851	40	45	5	87	45	45	3	29	15	5348	0	0.06249499320983887	85200	44.54382824897766	71975	15.522300469483568	
3.169565217120011e+25	45.0	3.97	57.13	29.55	0.04506733357542939	852	40	45	5	87	45	45	3	29	15	5357	0	0.04687142372131348	85300	44.590699672698975	72056	15.526377491207498	
1.5677419355903493e+25	45.0	3.93	55.97	28.95	0.04506733357542939	853	40	45	5	87	45	45	3	29	15	5365	0	0.031247377395629883	85400	44.621947050094604	72133	15.535128805620616	
4.509278350515541e+25	45.0	3.95	56.55	29.25	0.04506733357542939	854	40	45	5	87	45	45	3	29	15	5369	0	0.04687213897705078	85500	44.668819189071655	72217	15.535672514619876	
1.2149999999745207e+26	45.0	4.0	58.0	30.0	0.04506733357542939	855	40	45	5	87	45	45	3	29	15	5374	0	0.046872615814208984	85600	44.715691804885864	72292	15.546728971962622	
1.6021978021978296e+25	45.0	3.94	56.26	29.1	0.04506733357542939	856	40	45	5	87	45	45	3	29	15	5384	0	0.06249523162841797	85700	44.77818703651428	72369	15.555425904317389	
3.1695652173913584e+25	45.0	3.87	54.23	28.05	0.04506733357542939	857	40	45	5	87	45	45	3	29	15	5393	0	0.06249570846557617	85800	44.84068274497986	72448	15.561771561771565	
6.138947368421157e+25	45.0	3.91	55.39	28.65	0.04506733357542939	858	40	45	5	87	45	45	3	29	15	5399	0	0.06249570846557617	85900	44.903178453445435	72528	15.566938300349236	
1.5510638297882138e+25	45.0	3.86	53.94	27.9	0.04506733357542939	859	40	45	5	87	45	45	3	29	15	5406	0	0.04687213897705078	86000	44.950050592422485	72598	15.583720930232559	
4.463265306122525e+25	45.0	3.92	55.68	28.8	0.04506733357542939	860	40	45	5	87	45	45	3	29	15	5409	0	0.04687094688415527	86100	44.99692153930664	72682	15.584204413472705	
4.509278350515541e+25	45.0	3.99	57.71	29.85	0.04506733357542939	861	40	45	5	87	45	45	3	29	15	5413	0	0.04687213897705078	86200	45.04379367828369	72768	15.582366589327151	
7.673684197426868e+25	45.0	3.99	57.71	29.85	0.04506733357542939	862	40	45	5	87	45	45	3	29	15	5419	0	0.04687190055847168	86300	45.09066557884216	72850	15.585168018539974	
7.515463917525923e+25	45.0	3.99	57.71	29.85	0.04506733357542939	863	40	45	5	87	45	45	3	29	15	5423	0	0.06249594688415527	86400	45.15316152572632	72938	15.581018518518519	
4.604210526643263e+25	45.0	4.01	58.29	30.15	0.04506733357542939	864	40	45	5	87	45	45	3	29	15	5429	0	0.06249570846557617	86500	45.215657234191895	73022	15.581502890173411	
3.1353526518381158e+25	45.0	3.95	56.55	29.25	0.04506733357542939	865	40	45	5	87	45	45	3	29	15	5437	0	0.04687142372131348	86600	45.26252865791321	73103	15.58545034642033	
8.100000143644583e+25	45.0	3.98	57.42	29.7	0.04506733357542939	866	40	45	5	87	45	45	3	29	15	5448	0	0.062496185302734375	86700	45.32502484321594	73180	15.59400230680508	
9.5086956521633e+25	45.0	3.99	57.71	29.85	0.04506733357542939	867	40	45	5	87	45	45	3	29	15	5457	0	0.04687142372131348	86800	45.371896266937256	73265	15.593317972350235	
5.951020408163367e+25	45.0	3.98	57.42	29.7	0.04506733357542939	868	40	45	5	87	45	45	3	29	15	5460	0	0.04687190055847168	86900	45.41876816749573	73355	15.58688147295743	
1.0743157849489187e+26	45.0	4.01	58.29	30.15	0.04506733357542939	869	40	45	5	87	45	45	3	29	15	5466	0	0.03124713897705078	87000	45.45001530647278	73434	15.593103448275855	
1.6706250052312786e+26	45.0	4.06	59.74	30.9	0.04506733357542939	870	40	45	5	87	45	45	3	29	15	5471	0	0.04687356948852539	87100	45.496888875961304	73518	15.59357060849598	
3.27640454901744e+25	45.0	3.96	56.84	29.4	0.04506733357542939	871	40	45	5	87	45	45	3	29	15	5483	0	0.04687047004699707	87200	45.5437593460083	73591	15.606651376146786	
3.0694736939865054e+25	45.0	3.84	53.36	27.6	0.04506733357542939	872	40	45	5	87	45	45	3	29	15	5489	0	0.06249594688415527	87300	45.606255292892456	73669	15.613974799541808	
3.102127659574521e+25	45.0	3.91	55.39	28.65	0.04506733357542939	873	40	45	5	87	45	45	3	29	15	5496	0	0.04687213897705078	87400	45.65312743186951	73751	15.616704805491992	
7.673684210068341e+25	45.0	3.91	55.39	28.65	0.04506733357542939	874	40	45	5	87	45	45	3	29	15	5502	0	0.06249547004699707	87500	45.715622901916504	73829	15.62400000000001	
1.0989870967742192e+26	45.0	4.02	58.58	30.3	0.04506733357542939	875	40	45	5	87	45	45	3	29	15	5510	0	0.062496185302734375	87600	45.77811908721924	73904	15.634703196347033	
7.593750000000129e+25	45.0	3.98	57.42	29.7	0.04506733357542939	876	40	45	5	87	45	45	3	29	15	5515	0	0.06249499320983887	87700	45.84061408042908	73991	15.631698973774235	
6.138947368421157e+25	45.0	3.97	57.13	29.55	0.04506733357542939	877	40	45	5	87	45	45	3	29	15	5521	0	0.04687166213989258	87800	45.88748574256897	74072	15.635535307517074	
1.4877551020408416e+25	45.0	3.96	56.84	29.4	0.04506733357542939	878	40	45	5	87	45	45	3	29	15	5524	0	0.06249594688415527	87900	45.949981689453125	74152	15.640500568828202	
1.518750000000026e+25	45.0	3.98	57.42	29.7	0.04506733357542939	879	40	45	5	87	45	45	3	29	15	5529	0	0.031247854232788086	88000	45.98122954368591	74231	15.646590909090904	
4.653191489361781e+25	45.0	3.94	56.26	29.1	0.04506733357542939	880	40	45	5	87	45	45	3	29	15	5536	0	0.04687213897705078	88100	46.028101682662964	74311	15.651532349602732	
9.018556701031082e+25	45.0	4.01	58.29	30.15	0.04506733357542939	881	40	45	5	87	45	45	3	29	15	5540	0	0.06249547004699707	88200	46.09059715270996	74397	15.649659863945573	
9.112500000000156e+25	45.0	4.0	58.0	30.0	0.04506733357542939	882	40	45	5	87	45	45	3	29	15	5545	0	0.046871185302734375	88300	46.137468338012695	74482	15.648924122310305	
7.515463917525901e+25	45.0	4.01	58.29	30.15	0.04506733357542939	883	40	45	5	87	45	45	3	29	15	5549	0	0.04687237739562988	88400	46.184340715408325	74566	15.649321266968329	
7.593750000000129e+25	45.0	4.0	58.0	30.0	0.04506733357542939	884	40	45	5	87	45	45	3	29	15	5554	0	0.06249547004699707	88500	46.24683618545532	74642	15.65875706214689	
3.1695652173913584e+25	45.0	3.94	56.26	29.1	0.04506733357542939	885	40	45	5	87	45	45	3	29	15	5563	0	0.06249547004699707	88600	46.30933165550232	74713	15.673814898419863	
1.6200000000000237e+26	45.0	4.08	60.32	31.2	0.04506733357542939	886	40	45	5	87	45	45	3	29	15	5565	0	0.04687309265136719	88700	46.35620474815369	74795	15.67643742953777	
4.418181818181893e+25	45.0	3.96	56.84	29.4	0.04506733357542939	887	40	45	5	87	45	45	3	29	15	5567	0	0.03124713897705078	88800	46.38745188713074	74873	15.683558558558559	
5.890909090909191e+25	45.0	4.0	58.0	30.0	0.04506733357542939	888	40	45	5	87	45	45	3	29	15	5569	0	0.06249547004699707	88900	46.449947357177734	74956	15.68503937007874	
6.075000000000104e+25	45.0	3.99	57.71	29.85	0.04506733357542939	889	40	45	5	87	45	45	3	29	15	5574	0	0.04687190055847168	89000	46.496819257736206	75041	15.684269662921352	
8.388502865793288e+25	45.0	3.96	56.84	29.4	0.04506733357542939	890	40	45	5	87	45	45	3	29	15	5588	0	0.06249666213989258	89100	46.5593159198761	75119	15.691358024691354	
3.204395604395659e+25	45.0	3.93	55.97	28.95	0.04506733357542939	891	40	45	5	87	45	45	3	29	15	5598	0	0.04687047004699707	89200	46.606186389923096	75199	15.696188340807169	
4.8065934065934884e+25	45.0	3.99	57.71	29.85	0.04506733357542939	892	40	45	5	87	45	45	3	29	15	5608	0	0.06249737739562988	89300	46.668683767318726	75280	15.699888017917132	
6.204255319149042e+25	45.0	3.96	56.84	29.4	0.04506733357542939	893	40	45	5	87	45	45	3	29	15	5615	0	0.04687047004699707	89400	46.71555423736572	75361	15.703579418344518	
1.6021978021978298e+25	45.0	3.96	56.84	29.4	0.04506733357542939	894	40	45	5	87	45	45	3	29	15	5625	0	0.04687190055847168	89500	46.762426137924194	75440	15.709497206703915	
7.755319148936302e+25	45.0	3.97	57.13	29.55	0.04506733357542939	895	40	45	5	87	45	45	3	29	15	5632	0	0.06249570846557617	89600	46.82492184638977	75522	15.71205357142857	
6.012371134020721e+25	45.0	3.99	57.71	29.85	0.04506733357542939	896	40	45	5	87	45	45	3	29	15	5636	0	0.04687190055847168	89700	46.87179374694824	75603	15.715719063545151	
7.755319148936302e+25	45.0	4.0	58.0	30.0	0.04506733357542939	897	40	45	5	87	45	45	3	29	15	5643	0	0.04687142372131348	89800	46.918665170669556	75684	15.71937639198218	
1.7530440676434848e+32	45.0	4.01	58.29	30.15	0.04506733357542939	898	40	45	5	87	45	45	3	29	15	5652	0	0.04687190055847168	89900	46.96553707122803	75763	15.725250278086762	
7.838709677419489e+25	45.0	3.98	57.42	29.7	0.04506733357542939	899	40	45	5	87	45	45	3	29	15	5660	0	0.04687166213989258	90000	47.01240873336792	75844	15.72888888888889	
8.836363636363786e+25	45.0	3.95	56.55	29.25	0.04506733357542939	900	40	45	5	87	45	45	3	29	15	5662	0	0.062496185302734375	90100	47.074904918670654	75937	15.719200887902332	
5.890909090909191e+25	45.0	3.99	57.71	29.85	0.04506733357542939	901	40	45	5	87	45	45	3	29	15	5664	0	0.06249547004699707	90200	47.13740038871765	76030	15.709534368070948	
4.509278351075044e+25	45.0	3.92	55.68	28.8	0.04506733357542939	902	40	45	5	87	45	45	3	29	15	5668	0	0.06249547004699707	90300	47.19989585876465	76116	15.707641196013284	
3.102127659574521e+25	45.0	3.95	56.55	29.25	0.04506733357542939	903	40	45	5	87	45	45	3	29	15	5675	0	0.062496185302734375	90400	47.26239204406738	76200	15.707964601769902	
9.112500000000156e+25	45.0	3.95	56.55	29.25	0.04506733357542939	904	40	45	5	87	45	45	3	29	15	5680	0	0.06249547004699707	90500	47.32488751411438	76286	15.706077348066287	
2.9755102040816833e+25	45.0	3.99	57.71	29.85	0.04506733357542939	905	40	45	5	87	45	45	3	29	15	5683	0	0.04687213897705078	90600	47.37175965309143	76372	15.70419426048565	
7.838709677419489e+25	45.0	3.96	56.84	29.4	0.04506733357542939	906	40	45	5	87	45	45	3	29	15	5691	0	0.06249547004699707	90700	47.43425512313843	76442	15.71995589856671	
5.832000000245125e+25	45.0	3.95	56.55	29.25	0.04506733357542939	907	40	45	5	87	45	45	3	29	15	5692	0	0.04687237739562988	90800	47.48112750053406	76519	15.72797356828194	
7.290009400008584e+25	45.0	4.0	58.0	30.0	0.04506733357542939	908	40	45	5	87	45	45	3	29	15	5693	0	0.04687142372131348	90900	47.52799892425537	76600	15.731573157315736	
1.4580000000000248e+25	45.0	3.85	53.65	27.75	0.04506733357542939	909	40	45	5	87	45	45	3	29	15	5693	0	0.04687166213989258	91000	47.574870586395264	76682	15.734065934065939	
7.438775510204209e+25	45.0	3.93	55.97	28.95	0.04506733357542939	910	40	45	5	87	45	45	3	29	15	5696	0	0.06249570846557617	91100	47.63736629486084	76766	15.734357848518115	
2.4383582795698928e+28	45.0	3.94	56.26	29.1	0.04506733357542939	911	40	45	5	87	45	45	3	29	15	5704	0	0.04687190055847168	91200	47.68423819541931	76845	15.74013157894737	
1.063125000000018e+26	45.0	4.01	58.29	30.15	0.04506733357542939	912	40	45	5	87	45	45	3	29	15	5709	0	0.04687142372131348	91300	47.731109619140625	76929	15.74041621029572	
3.7573878571431563e+28	45.0	3.94	56.26	29.1	0.04506733357542939	913	40	45	5	87	45	45	3	29	15	5712	0	0.06249594688415527	91400	47.79360556602478	77016	15.737417943107218	
4.509278350515541e+25	45.0	3.87	54.23	28.05	0.04506733357542939	914	40	45	5	87	45	45	3	29	15	5716	0	0.06249547004699707	91500	47.85610103607178	77094	15.744262295081967	
1.2541935483871815e+26	45.0	3.94	56.26	29.1	0.04506733357542939	915	40	45	5	87	45	45	3	29	15	5724	0	0.062496185302734375	91600	47.91859722137451	77172	15.751091703056758	
4.556250001489046e+25	45.0	3.86	53.94	27.9	0.04506733357542939	916	40	45	5	87	45	45	3	29	15	5729	0	0.03124833106994629	91700	47.94984555244446	77257	15.750272628135221	
6.204255319149042e+25	45.0	3.95	56.55	29.25	0.04506733357542939	917	40	45	5	87	45	45	3	29	15	5736	0	0.06249547004699707	91800	48.012341022491455	77339	15.752723311546845	
4.754347826087035e+25	45.0	3.98	57.42	29.7	0.04506733357542939	918	40	45	5	87	45	45	3	29	15	5745	0	0.046872615814208984	91900	48.059213638305664	77424	15.751904243743198	
3.0694736842105787e+25	45.0	3.96	56.84	29.4	0.04506733357542939	919	40	45	5	87	45	45	3	29	15	5751	0	0.031246185302734375	92000	48.0904598236084	77513	15.74673913043479	
6.13894739378183e+25	45.0	4.0	58.0	30.0	0.04506733357542939	920	40	45	5	87	45	45	3	29	15	5757	0	0.06249642372131348	92100	48.15295624732971	77592	15.752442996742673	
4.91460674124278e+25	45.0	3.99	57.71	29.85	0.04506733357542939	921	40	45	5	87	45	45	3	29	15	5769	0	0.06249547004699707	92200	48.21545171737671	77668	15.761388286334054	
3.0694736842105787e+25	45.0	3.98	57.42	29.7	0.04506733357542939	922	40	45	5	87	45	45	3	29	15	5775	0	0.04687166213989258	92300	48.2623233795166	77745	15.769230769230774	
1.0414285714285892e+26	45.0	4.01	58.29	30.15	0.04506733357542939	923	40	45	5	87	45	45	3	29	15	5778	0	0.06249642372131348	92400	48.324819803237915	77822	15.777056277056275	
3.0694736842105787e+25	45.0	3.93	55.97	28.95	0.04506733357542939	924	40	45	5	87	45	45	3	29	15	5784	0	0.031247377395629883	92500	48.356067180633545	77901	15.782702702702693	
1.0309090909388056e+26	45.0	4.0	58.0	30.0	0.04506733357542939	925	40	45	5	87	45	45	3	29	15	5786	0	0.04687142372131348	92600	48.40293860435486	77986	15.781857451403894	
1.7824455383094417e+28	45.0	4.01	58.29	30.15	0.04506733357542939	926	40	45	5	87	45	45	3	29	15	5789	0	0.06249594688415527	92700	48.465434551239014	78073	15.778856526429337	
4.556250000000078e+25	45.0	4.0	58.0	30.0	0.04506733357542939	927	40	45	5	87	45	45	3	29	15	5794	0	0.06249547004699707	92800	48.52793002128601	78154	15.782327586206904	
1.7245161290322876e+26	45.0	4.06	59.74	30.9	0.04506733357542939	928	40	45	5	87	45	45	3	29	15	5802	0	0.06249594688415527	92900	48.590425968170166	78236	15.784714747039828	
4.604210526315868e+25	45.0	3.98	57.42	29.7	0.04506733357542939	929	40	45	5	87	45	45	3	29	15	5808	0	0.06249570846557617	93000	48.65292167663574	78320	15.784946236559136	
1.0857446808510823e+26	45.0	4.02	58.58	30.3	0.04506733357542939	930	40	45	5	87	45	45	3	29	15	5815	0	0.06249594688415527	93100	48.7154176235199	78405	15.784103114930176	
2.1315918370118005e+37	45.0	3.93	55.97	28.95	0.04506733357542939	931	40	45	5	87	45	45	3	29	15	5818	0	0.06249499320983887	93200	48.777912616729736	78491	15.782188841201716	
2.9454545454545956e+25	45.0	3.91	55.39	28.65	0.04506733357542939	932	40	45	5	87	45	45	3	29	15	5820	0	0.046872615814208984	93300	48.824785232543945	78575	15.78242229367632	
6.2753690349584204e+32	45.0	3.98	57.42	29.7	0.04506733357542939	933	40	45	5	87	45	45	3	29	15	5826	0	0.04687142372131348	93400	48.87165665626526	78654	15.788008565310491	
9.018556701031082e+25	45.0	4.03	58.87	30.45	0.04506733357542939	934	40	45	5	87	45	45	3	29	15	5830	0	0.06249594688415527	93500	48.934152603149414	78743	15.782887700534758	
5.236364667274439e+32	45.0	4.03	58.87	30.45	0.04506733357542939	935	40	45	5	87	45	45	3	29	15	5832	0	0.06249666213989258	93600	48.99664926528931	78833	15.776709401709397	
582551.1298476481	45.0	3.92	55.68	28.8	0.04506733357542939	936	40	45	4	58	30	45	3	29	15	5837	0	0.062494754791259766	93700	49.059144020080566	78920	15.773745997865532	
4.556250000000078e+25	45.0	3.99	57.71	29.85	0.04506733357542939	937	40	45	5	87	45	45	3	29	15	5842	0	0.06249570846557617	93800	49.12163972854614	79006	15.771855010660985	
1.5847826086956792e+25	45.0	3.96	56.84	29.4	0.04506733357542939	938	40	45	5	87	45	45	3	29	15	5851	0	0.04687166213989258	93900	49.168511390686035	79088	15.774227902023426	
6.138947377296146e+25	45.0	3.99	57.71	29.85	0.04506733357542939	939	40	45	5	87	45	45	3	29	15	5857	0	0.06249666213989258	94000	49.23100805282593	79174	15.772340425531922	
7.755319148936302e+25	45.0	3.99	57.71	29.85	0.04506733357542939	940	40	45	5	87	45	45	3	29	15	5864	0	0.04687094688415527	94100	49.27787899971008	79255	15.775770456960686	
4.754347818993797e+25	45.0	4.0	58.0	30.0	0.04506733357542939	941	40	45	5	87	45	45	3	29	15	5873	0	0.04687190055847168	94200	49.324750900268555	79332	15.783439490445858	
7.755274212766082e+25	45.0	4.01	58.29	30.15	0.04506733357542939	942	40	45	5	87	45	45	3	29	15	5880	0	0.06249547004699707	94300	49.38724637031555	79418	15.781548250265104	
4.653191489361781e+25	45.0	4.01	58.29	30.15	0.04506733357542939	943	40	45	5	87	45	45	3	29	15	5887	0	0.06249594688415527	94400	49.44974231719971	79501	15.782838983050851	
1.3970122413401265e+26	45.0	4.03	58.87	30.45	0.04506733357542939	944	40	45	5	87	45	45	3	29	15	5894	0	0.04687213897705078	94500	49.49661445617676	79585	15.783068783068785	
6.074854523205444e+25	45.0	3.94	56.26	29.1	0.04506733357542939	945	40	45	5	87	45	45	3	29	15	5899	0	0.04687142372131348	94600	49.54348587989807	79665	15.787526427061323	
1.4877551315092417e+25	45.0	3.95	56.55	29.25	0.04506733357542939	946	40	45	5	87	45	45	3	29	15	5902	0	0.06249570846557617	94700	49.60598158836365	79754	15.782470960929246	
7.75531914893518e+25	45.0	3.98	57.42	29.7	0.04506733357542939	947	40	45	5	87	45	45	3	29	15	5909	0	0.04687190055847168	94800	49.65285348892212	79837	15.783755274261608	
3.63312003731072e+25	45.0	3.98	57.42	29.7	0.04506733357542939	948	40	45	5	87	45	45	3	29	15	5912	0	0.04687142372131348	94900	49.69972491264343	79922	15.782929399367745	
1.0309090909091085e+26	45.0	3.98	57.42	29.7	0.04506733357542939	949	40	45	5	87	45	45	3	29	15	5914	0	0.031248092651367188	95000	49.7309730052948	80010	15.778947368421044	
6.408791208791318e+25	45.0	3.97	57.13	29.55	0.04506733357542939	950	40	45	5	87	45	45	3	29	15	5924	0	0.04687190055847168	95100	49.77784490585327	80087	15.786540483701373	
4.604063518189552e+25	45.0	3.99	57.71	29.85	0.04506733357542939	951	40	45	5	87	45	45	3	29	15	5930	0	0.06249547004699707	95200	49.84034037590027	80170	15.787815126050418	
4.604210529844989e+25	45.0	4.02	58.58	30.3	0.04506733357542939	952	40	45	5	87	45	45	3	29	15	5936	0	0.04687237739562988	95300	49.8872127532959	80258	15.783840503672607	
1044.4761991885214	45.0	3.93	55.97	28.95	0.04506733357542939	953	40	45	5	87	45	45	3	29	15	5940	0	0.031247377395629883	95400	49.91846013069153	80340	15.786163522012572	
1.5105382209618852e+31	45.0	3.98	57.42	29.7	0.04506733357542939	954	40	45	5	87	45	45	3	29	15	5945	0	0.06249594688415527	95500	49.980956077575684	80419	15.791623036649213	
2.9240534688757992e+32	45.0	3.96	56.84	29.4	0.04506733357542939	955	40	45	5	87	45	45	3	29	15	5948	0	0.06249547004699707	95600	50.04345154762268	80505	15.789748953974893	
1.3769900287298605e+28	45.0	3.96	56.84	29.4	0.04506733357542939	956	40	45	5	87	45	45	3	29	15	5951	0	0.04687190055847168	95700	50.09032344818115	80593	15.785788923719963	
4.653191489361781e+25	45.0	3.98	57.42	29.7	0.04506733357542939	957	40	45	5	87	45	45	3	29	15	5958	0	0.06249547004699707	95800	50.15281891822815	80676	15.787056367432157	
1.1902040816326733e+26	45.0	4.0	58.0	30.0	0.04506733357542939	958	40	45	5	87	45	45	3	29	15	5961	0	0.031248092651367188	95900	50.18406701087952	80768	15.778936392075082	
7.755319148936302e+25	45.0	4.03	58.87	30.45	0.04506733357542939	959	40	45	5	87	45	45	3	29	15	5968	0	0.04687190055847168	96000	50.23093891143799	80853	15.778125000000003	
1.1215384615384795e+26	45.0	4.01	58.29	30.15	0.04506733357542939	960	40	45	5	87	45	45	3	29	15	5978	0	0.04687142372131348	96100	50.2778103351593	80937	15.778355879292405	
1.5504019035837944e+31	45.0	4.0	58.0	30.0	0.04506733357542939	961	40	45	5	87	45	45	3	29	15	5982	0	0.04687166213989258	96200	50.324681997299194	81023	15.776507276507274	
9.018556701033615e+25	45.0	3.99	57.71	29.85	0.04506733357542939	962	40	45	5	87	45	45	3	29	15	5986	0	0.031248092651367188	96300	50.35593008995056	81114	15.769470404984418	
3.102127659574521e+25	45.0	3.93	55.97	28.95	0.04506733357542939	963	40	45	5	87	45	45	3	29	15	5993	0	0.04687309265136719	96400	50.40280318260193	81193	15.774896265560173	
4.653191489361781e+25	45.0	3.95	56.55	29.25	0.04506733357542939	964	40	45	5	87	45	45	3	29	15	6000	0	0.04687023162841797	96500	50.44967341423035	81273	15.77927461139896	
5.8909090672301e+25	45.0	3.99	57.71	29.85	0.04506733357542939	965	40	45	5	87	45	45	3	29	15	6002	0	0.04687213897705078	96600	50.4965455532074	81362	15.77432712215321	
4.509278350517132e+25	45.0	3.94	56.26	29.1	0.04506733357542939	966	40	45	5	87	45	45	3	29	15	6006	0	0.06249594688415527	96700	50.55904150009155	81447	15.773526370217155	
1.5247577935066687e+36	45.0	3.93	55.97	28.95	0.04506733357542939	967	40	45	5	87	45	45	3	29	15	6013	0	0.06249547004699707	96800	50.62153697013855	81528	15.776859504132233	
4.463264666280075e+25	45.0	3.94	56.26	29.1	0.04506733357542939	968	40	45	5	87	45	45	3	29	15	6016	0	0.04687237739562988	96900	50.66840934753418	81611	15.778121775025795	
7.309959969998581e+25	45.0	3.96	56.84	29.4	0.04506733357542939	969	40	45	5	87	45	45	3	29	15	6017	0	0.04687166213989258	97000	50.71528100967407	81694	15.779381443298973	
1.225719783095825e+26	45.0	4.0	58.0	30.0	0.04506733357542939	970	40	45	5	87	45	45	3	29	15	6023	0	0.04687166213989258	97100	50.762152671813965	81776	15.781668383110187	
4.860000000000083e+25	45.0	3.97	57.13	29.55	0.04506733357542939	971	40	45	5	87	45	45	3	29	15	6034	0	0.06249547004699707	97200	50.82464814186096	81851	15.791152263374485	
1.5677419354838977e+25	45.0	4.0	58.0	30.0	0.04506733357542939	972	40	45	5	87	45	45	3	29	15	6042	0	0.06249570846557617	97300	50.88714385032654	81933	15.793422404933196	
6.339130434782717e+25	45.0	4.0	58.0	30.0	0.04503955121022168	973	40	45	5	87	45	45	3	29	15	6051	0	0.06249594688415527	97400	50.94963979721069	82009	15.801848049281318	
9.112500000000156e+25	45.0	4.03	58.87	30.45	0.04503955121022168	974	40	45	5	87	45	45	3	29	15	6056	0	0.04687166213989258	97500	50.996511459350586	82093	15.80205128205128	
6.270967741935591e+25	45.0	3.96	56.84	29.4	0.04503955121022168	975	40	45	5	87	45	45	3	29	15	6064	0	0.04687190055847168	97600	51.04338335990906	82180	15.799180327868854	
1.6200000000000277e+25	45.0	3.96	56.84	29.4	0.04503955121022168	976	40	45	5	87	45	45	3	29	15	6075	0	0.04687142372131348	97700	51.09025478363037	82264	15.799385875127953	
6.012371134020721e+25	45.0	4.0	58.0	30.0	0.04503955121022168	977	40	45	5	87	45	45	3	29	15	6079	0	0.04687309265136719	97800	51.13712787628174	82354	15.793456032719831	
7.755319148936302e+25	45.0	3.99	57.71	29.85	0.04503955121022168	978	40	45	5	87	45	45	3	29	15	6086	0	0.06249499320983887	97900	51.19962286949158	82440	15.791624106230856	
8.191011235955196e+25	45.0	3.91	55.39	28.65	0.04503955121022168	979	40	45	5	87	45	45	3	29	15	6098	0	0.031248092651367188	98000	51.230870962142944	82518	15.79795918367347	
1.0102040946055104e+35	45.0	3.85	53.65	27.75	0.04503955121022168	980	40	45	5	87	45	45	3	29	15	6101	0	0.04687142372131348	98100	51.27774238586426	82598	15.802242609582066	
2.1875458250000285e+30	45.0	3.96	56.84	29.4	0.04503955121022168	981	40	45	5	87	45	45	3	29	15	6106	0	0.06249713897705078	98200	51.34023952484131	82685	15.799389002036662	
8.783132530120622e+25	45.0	3.94	56.26	29.1	0.04503955121022168	982	40	45	5	87	45	45	3	29	15	6124	0	0.06249403953552246	98300	51.40273356437683	82756	15.81281790437437	
3.3136363636367977e+25	45.0	3.92	55.68	28.8	0.04503955121022168	983	40	45	5	87	45	45	3	29	15	6137	0	0.04687190055847168	98400	51.4496054649353	82835	15.818089430894304	
6.204255319149042e+25	45.0	3.95	56.55	29.25	0.04503955121022168	984	40	45	5	87	45	45	3	29	15	6144	0	0.04687190055847168	98500	51.496477365493774	82915	15.82233502538071	
1.1597727272834418e+26	45.0	4.0	58.0	30.0	0.04503955121022168	985	40	45	5	87	45	45	3	29	15	6157	0	0.031247615814208984	98600	51.52772498130798	82988	15.833671399594323	
8.576470588235441e+25	45.0	3.99	57.71	29.85	0.04501485423652425	986	40	45	5	87	45	45	3	29	15	6173	0	0.07811975479125977	98700	51.60584473609924	83061	15.844984802431611	
5.145882352941264e+25	45.0	3.9	55.1	28.5	0.04497472615059755	987	40	45	5	87	45	45	3	29	15	6189	0	0.04687166213989258	98800	51.652716398239136	83136	15.854251012145752	
3.2400000000000554e+25	45.0	3.92	55.68	28.8	0.04497472615059755	988	40	45	5	87	45	45	3	29	15	6200	0	0.06249570846557617	98900	51.71521210670471	83212	15.862487360970675	
6.408791208791318e+25	45.0	4.01	58.29	30.15	0.04497472615059755	989	40	45	5	87	45	45	3	29	15	6210	0	0.06249594688415527	99000	51.77770805358887	83292	15.86666666666666	
3.2764044943820973e+25	45.0	3.97	57.13	29.55	0.04497472615059755	990	40	45	5	87	45	45	3	29	15	6222	0	0.04687190055847168	99100	51.82457995414734	83367	15.875882946518672	
6.204255319149042e+25	45.0	3.97	57.13	29.55	0.04497472615059755	991	40	45	5	87	45	45	3	29	15	6229	0	0.04687166213989258	99200	51.87145161628723	83448	15.879032258064512	
5.945574004378246e+25	45.0	3.98	57.42	29.7	0.04497472615059755	992	40	45	5	87	45	45	3	29	15	6239	0	0.06249570846557617	99300	51.93394732475281	83530	15.881168177240696	
6.270967742196002e+25	45.0	3.99	57.71	29.85	0.04497472615059755	993	40	45	5	87	45	45	3	29	15	6247	0	0.04687190055847168	99400	51.98081922531128	83618	15.877263581488933	
5.027586206896637e+25	45.0	3.96	56.84	29.4	0.04497472615059755	994	40	45	5	87	45	45	3	29	15	6261	0	0.046872615814208984	99500	52.02769184112549	83692	15.887437185929656	
6.339130434753851e+25	45.0	3.94	56.26	29.1	0.04497472615059755	995	40	45	5	87	45	45	3	29	15	6270	0	0.04687070846557617	99600	52.074562549591064	83777	15.886546184738961	
3.240046883546868e+25	45.0	3.96	56.84	29.4	0.04497472615059755	996	40	45	5	87	45	45	3	29	15	6281	0	0.04687166213989258	99700	52.12143421173096	83862	15.885656970912748	
6.204255319149042e+25	45.0	3.99	57.71	29.85	0.04497472615059755	997	40	45	5	87	45	45	3	29	15	6288	0	0.04687190055847168	99800	52.16830611228943	83949	15.88276553106212	
3.2400000000053146e+25	45.0	3.98	57.42	29.7	0.04497472615059755	998	40	45	5	87	45	45	3	29	15	6299	0	0.04687213897705078	99900	52.21517825126648	84031	15.884884884884883	
4.806593406561827e+25	45.0	4.02	58.58	30.3	0.04497472615059755	999	40	45	5	87	45	45	3	29	15	6309	0	0.04687142372131348	100000	52.26204967498779	84113	15.887	
8.100000000000137e+25	45.0	4.04	59.16	30.6	0.04497472615059755	1000	40	45	5	87	45	45	3	29	15	6320	0	0.062496185302734375	100100	52.32454586029053	84195	15.889110889110896	
